11 0.003443 0.496580 0.006886 0.008706
11 0.002660 0.217506 0.005321 0.007774
8 0.001721 0.325715 0.003443 0.005286
9 0.000782 0.266947 0.001565 0.002799
9 0.002191 0.264459 0.004382 0.004042
5 0.001095 0.297575 0.002191 0.004353
48 0.029890 0.310323 0.059781 0.044776
8 0.023787 0.503109 0.004382 0.003109
13 0.042879 0.100591 0.005008 0.006530
13 0.045540 0.109764 0.006573 0.004975
13 0.054304 0.112873 0.007199 0.004975
9 0.052113 0.118937 0.004695 0.004042
9 0.033490 0.176151 0.008138 0.016480
9 0.026761 0.177550 0.007199 0.011816
9 0.041628 0.177394 0.008764 0.015236
13 0.017684 0.167910 0.004695 0.007463
13 0.014241 0.175840 0.004695 0.007152
13 0.034116 0.194030 0.010016 0.014925
9 0.025665 0.230877 0.011894 0.005908
9 0.005321 0.254198 0.006260 0.005286
9 0.003756 0.258862 0.004382 0.003420
9 0.002660 0.261816 0.004695 0.003109
9 0.009390 0.246891 0.003756 0.002488
13 0.025509 0.238651 0.007199 0.005286
48 0.026604 0.260728 0.038185 0.032027
8 0.009546 0.271455 0.003443 0.004975
5 0.013928 0.274254 0.002817 0.004353
5 0.007355 0.276275 0.003443 0.005286
5 0.012050 0.273321 0.002817 0.004353
5 0.009546 0.278141 0.002817 0.004664
5 0.011737 0.279229 0.002817 0.004975
9 0.013928 0.280006 0.002817 0.005286
9 0.016432 0.280628 0.003443 0.005286
5 0.021127 0.277052 0.003443 0.005597
5 0.025196 0.279229 0.002817 0.004353
5 0.027700 0.279851 0.003443 0.004353
5 0.034429 0.282960 0.003130 0.004975
5 0.036776 0.284048 0.002817 0.004664
5 0.041628 0.285759 0.003130 0.004975
5 0.043818 0.286692 0.002504 0.004353
5 0.046009 0.287313 0.002504 0.004353
5 0.049296 0.275342 0.002817 0.004664
5 0.051487 0.276119 0.002191 0.004975
5 0.056338 0.279073 0.002504 0.004664
5 0.063850 0.282494 0.002504 0.004042
5 0.048357 0.288713 0.002817 0.004664
9 0.050861 0.289179 0.002817 0.005597
9 0.055399 0.291356 0.003130 0.005597
5 0.057903 0.292755 0.003130 0.004664
5 0.004225 0.290734 0.002817 0.004353
9 0.061033 0.325560 0.005008 0.007463
9 0.064476 0.317164 0.005008 0.008706
9 0.067449 0.308769 0.004695 0.006841
9 0.074804 0.291978 0.005008 0.007463
9 0.078091 0.283427 0.004695 0.007774
9 0.085603 0.266791 0.004695 0.007463
9 0.091080 0.253576 0.005008 0.007774
48 0.062911 0.264459 0.038185 0.030162
9 0.170266 0.405939 0.006260 0.004664
8 0.172300 0.398787 0.002817 0.004664
8 0.166041 0.396300 0.003443 0.005286
9 0.155399 0.417599 0.005321 0.003109
5 0.186541 0.432525 0.003130 0.003109
5 0.203286 0.441076 0.005321 0.003420
5 0.225039 0.446828 0.004382 0.003109
9 0.246479 0.448539 0.007825 0.005286
9 0.248983 0.464708 0.005321 0.004664
5 0.258998 0.488340 0.004069 0.004042
5 0.261502 0.489894 0.002817 0.004664
5 0.266667 0.491604 0.002504 0.004975
5 0.269014 0.493470 0.003443 0.004975
5 0.305008 0.490050 0.004695 0.003109
9 0.320814 0.462531 0.006260 0.002799
48 0.301565 0.460976 0.019092 0.018968
9 0.364945 0.484142 0.005008 0.003109
5 0.378873 0.484919 0.002817 0.004664
5 0.381847 0.486007 0.003756 0.003731
48 0.336620 0.471082 0.019718 0.013060
9 0.327543 0.499223 0.009077 0.009017
48 0.376995 0.510883 0.027230 0.028607
9 0.407668 0.537469 0.004695 0.003420
9 0.406729 0.540423 0.005321 0.003731
5 0.407981 0.499223 0.003443 0.005286
5 0.411581 0.499378 0.003756 0.004975
5 0.416432 0.497202 0.004695 0.003109
5 0.426291 0.483831 0.003130 0.004353
5 0.431142 0.486007 0.002817 0.003731
5 0.433333 0.486940 0.002817 0.004353
43 0.187793 0.413246 0.007512 0.010572
5 0.435211 0.488495 0.002191 0.003731
5 0.437872 0.489117 0.003130 0.005597
5 0.440532 0.490050 0.002817 0.004353
5 0.442723 0.490672 0.002817 0.004975
5 0.445070 0.491915 0.003130 0.005597
5 0.447418 0.493159 0.002817 0.004353
5 0.451800 0.494869 0.003443 0.004664
5 0.454147 0.495802 0.003130 0.004664
5 0.456495 0.496891 0.002817 0.005597
5 0.458842 0.497668 0.002504 0.005286
5 0.461033 0.498756 0.002504 0.004975
5 0.463224 0.499845 0.002504 0.004664
5 0.465258 0.500777 0.002817 0.004664
5 0.467919 0.501555 0.002504 0.004975
5 0.469953 0.503109 0.002191 0.003731
5 0.472613 0.503576 0.002504 0.004664
5 0.476995 0.506063 0.002504 0.004042
5 0.479186 0.507463 0.002504 0.004353
5 0.481690 0.507152 0.003130 0.004975
5 0.484038 0.508551 0.002817 0.004664
5 0.486385 0.509639 0.003130 0.005597
5 0.488732 0.511039 0.002817 0.004664
5 0.490767 0.511660 0.003130 0.004664
5 0.493271 0.511971 0.002504 0.004042
5 0.507668 0.511971 0.005008 0.003420
5 0.480438 0.538402 0.003130 0.005286
5 0.484977 0.540578 0.003443 0.004664
9 0.489202 0.543377 0.003756 0.005286
6 0.474022 0.543066 0.005321 0.009017
7 0.476213 0.549129 0.003443 0.005597
7 0.479499 0.549596 0.002504 0.005286
7 0.482942 0.550995 0.003130 0.004975
7 0.485133 0.553016 0.003130 0.005286
5 0.487637 0.553483 0.003130 0.005597
48 0.438341 0.527363 0.085446 0.060323
9 0.492175 0.505597 0.010955 0.006841
9 0.508294 0.522699 0.005008 0.007463
9 0.512833 0.523165 0.004695 0.007774
9 0.522379 0.528452 0.005634 0.010261
9 0.526291 0.528762 0.004695 0.008396
9 0.545540 0.525497 0.004382 0.003109
9 0.532081 0.550995 0.005008 0.003731
5 0.523944 0.550529 0.005008 0.003420
5 0.523318 0.553172 0.004382 0.002488
5 0.521909 0.555659 0.004069 0.003109
5 0.521283 0.558769 0.004069 0.003109
5 0.565415 0.545087 0.002817 0.003731
9 0.571205 0.541356 0.004382 0.007463
9 0.518779 0.565298 0.005321 0.003731
5 0.517214 0.567942 0.004695 0.003420
9 0.515493 0.569963 0.005008 0.003731
7 0.514085 0.572450 0.004695 0.003731
7 0.517684 0.584733 0.003756 0.004664
5 0.520188 0.585976 0.003130 0.004042
7 0.522535 0.587376 0.003443 0.004975
5 0.525352 0.588930 0.002817 0.003731
5 0.527543 0.590174 0.002817 0.003731
5 0.530203 0.591418 0.003130 0.004353
5 0.545696 0.587376 0.002191 0.003731
5 0.542253 0.595927 0.002817 0.004042
5 0.538654 0.569030 0.003756 0.002488
5 0.537715 0.572139 0.004382 0.002488
5 0.536776 0.574782 0.005008 0.002799
5 0.553052 0.569652 0.003130 0.004353
48 0.549296 0.560012 0.007512 0.008085
48 0.548200 0.567009 0.007199 0.008396
5 0.526291 0.601990 0.002191 0.003731
9 0.540532 0.605099 0.001878 0.004353
9 0.538811 0.613651 0.002817 0.004664
48 0.561972 0.594372 0.008451 0.010261
48 0.573865 0.623445 0.008451 0.008085
48 0.628951 0.586132 0.021596 0.017413
33 0.533177 0.629975 0.009077 0.021766
48 0.510016 0.596859 0.018466 0.014614
48 0.488263 0.585199 0.016275 0.011816
48 0.474022 0.579757 0.012833 0.012749
48 0.475900 0.558302 0.014085 0.012127
48 0.505477 0.559235 0.027543 0.035759
9 0.503286 0.481343 0.007512 0.011816
9 0.513772 0.489117 0.004695 0.008085
9 0.517684 0.490205 0.004382 0.007774
9 0.520970 0.492071 0.005321 0.007774
5 0.510955 0.576182 0.004695 0.003109
9 0.524413 0.494248 0.005947 0.007774
9 0.527856 0.495802 0.005321 0.007774
9 0.530516 0.498912 0.006260 0.010883
9 0.534272 0.499689 0.005634 0.008085
9 0.549452 0.507929 0.006573 0.004042
9 0.550704 0.504509 0.005947 0.004042
9 0.552426 0.497357 0.005008 0.003420
5 0.555086 0.491449 0.004695 0.004042
5 0.556182 0.487562 0.004382 0.003109
5 0.559468 0.481499 0.004695 0.003420
9 0.562441 0.475746 0.008138 0.005597
9 0.564006 0.471859 0.008138 0.005286
9 0.568858 0.461443 0.008451 0.005597
44 0.586541 0.462687 0.010016 0.006219
44 0.564476 0.518346 0.010329 0.005597
9 0.567136 0.515081 0.007512 0.005286
9 0.568858 0.511971 0.007825 0.005908
9 0.569171 0.508085 0.007825 0.006219
9 0.570892 0.504820 0.006886 0.004664
44 0.572926 0.497979 0.009703 0.005908
9 0.571361 0.501244 0.008451 0.004975
10 0.574178 0.494403 0.006573 0.003731
9 0.576682 0.491604 0.007825 0.005597
9 0.577934 0.488340 0.007825 0.004664
9 0.579030 0.485541 0.008138 0.004664
9 0.580751 0.482276 0.007825 0.004353
9 0.581377 0.478389 0.007199 0.005286
9 0.579499 0.509017 0.002817 0.004353
9 0.600313 0.467351 0.003130 0.007463
9 0.569953 0.438588 0.005634 0.003420
9 0.585916 0.442786 0.007512 0.004975
48 0.559155 0.537469 0.014710 0.015858
9 0.541784 0.536692 0.003130 0.004975
9 0.544757 0.538091 0.004069 0.005908
9 0.608294 0.665578 0.013459 0.008396
9 0.620814 0.671175 0.012833 0.008396
5 0.630203 0.680970 0.004695 0.003731
9 0.634742 0.678172 0.011894 0.008085
9 0.647574 0.684235 0.011894 0.008396
6 0.658372 0.694185 0.011581 0.007152
9 0.664006 0.691542 0.013459 0.008706
9 0.734742 0.719683 0.010955 0.006530
5 0.802973 0.756374 0.004695 0.003420
48 0.810016 0.662935 0.040063 0.049751
9 0.825196 0.696206 0.003443 0.004353
9 0.859155 0.622046 0.004382 0.007774
9 0.867449 0.617537 0.002817 0.004353
48 0.878247 0.622512 0.021909 0.018035
48 0.896870 0.627488 0.020970 0.018035
9 0.949296 0.685945 0.006260 0.004353
5 0.963224 0.692786 0.004069 0.003109
9 0.983568 0.672730 0.004695 0.004042
9 0.977778 0.670243 0.004382 0.003420
5 0.961033 0.690920 0.005321 0.004975
5 0.957277 0.689677 0.004695 0.004353
5 0.954304 0.688744 0.003756 0.003109
5 0.952113 0.687655 0.003756 0.003420
9 0.971362 0.681747 0.007825 0.005908
9 0.974335 0.683769 0.009390 0.006219
9 0.977308 0.686723 0.007825 0.005908
5 0.971049 0.696362 0.004069 0.003420
9 0.994366 0.634017 0.005634 0.006219
9 0.898122 0.547264 0.005321 0.004353
9 0.906729 0.566231 0.005008 0.003731
48 0.906729 0.560323 0.032551 0.017413
48 0.934585 0.572295 0.011894 0.013371
48 0.766980 0.594683 0.009077 0.010261
48 0.753678 0.617071 0.003756 0.005286
48 0.768232 0.622202 0.012833 0.011194
48 0.760250 0.619403 0.005008 0.005597
48 0.788576 0.581312 0.012207 0.013371
48 0.738341 0.485697 0.036933 0.060323
48 0.699531 0.486785 0.056338 0.029540
48 0.763537 0.513993 0.059155 0.035448
48 0.804069 0.516325 0.052582 0.073694
48 0.682786 0.462531 0.030360 0.046953
48 0.715493 0.451493 0.037559 0.019900
48 0.779343 0.477612 0.042567 0.019900
9 0.950861 0.456934 0.007512 0.004664
13 0.676369 0.392879 0.005008 0.007152
9 0.811894 0.335665 0.005008 0.007152
9 0.953208 0.336754 0.004695 0.005597
9 0.894836 0.402363 0.007512 0.008706
9 0.900313 0.403607 0.007825 0.008706
9 0.906573 0.405473 0.008451 0.009950
9 0.641002 0.725124 0.005008 0.003109
9 0.816432 0.818719 0.004069 0.003109
9 0.410485 0.646766 0.010329 0.006219
5 0.382316 0.609297 0.003443 0.002799
5 0.298592 0.599192 0.005008 0.003731
5 0.273083 0.584888 0.004695 0.003109
5 0.280908 0.605099 0.005321 0.002488
6 0.253834 0.573539 0.005634 0.012127
9 0.253678 0.659048 0.005321 0.007774
16 0.942254 0.523476 0.012833 0.006530
9 0.244444 0.660914 0.001878 0.002799
9 0.192019 0.769590 0.011581 0.006841
6 0.231142 0.805970 0.011581 0.006219
48 0.137872 0.846548 0.025352 0.023321
5 0.161033 0.857276 0.004695 0.003109
5 0.156182 0.862873 0.003756 0.003109
5 0.165728 0.859919 0.004069 0.002799
5 0.164163 0.862407 0.004695 0.003420
5 0.161659 0.866294 0.004069 0.003731
5 0.151800 0.873601 0.003756 0.002799
5 0.152895 0.875933 0.004069 0.001866
5 0.153365 0.878731 0.003756 0.002488
5 0.159311 0.876710 0.005008 0.002799
5 0.159937 0.878731 0.003130 0.001866
5 0.160407 0.881374 0.004695 0.002799
5 0.162285 0.888682 0.004695 0.003731
5 0.145696 0.896766 0.003443 0.002488
5 0.146479 0.899098 0.005634 0.002799
5 0.147731 0.903296 0.004382 0.002488
5 0.150078 0.910448 0.005947 0.003109
5 0.150861 0.912624 0.005008 0.002488
5 0.164632 0.895211 0.005008 0.003109
5 0.166510 0.899720 0.004382 0.002799
9 0.167919 0.906716 0.004695 0.003109
5 0.179343 0.901586 0.003756 0.002177
5 0.176995 0.892257 0.004069 0.002799
5 0.177152 0.894901 0.003756 0.002488
5 0.152582 0.918999 0.004069 0.002799
5 0.153052 0.921953 0.004382 0.003109
5 0.213928 0.838153 0.004695 0.002799
5 0.317058 0.877954 0.004382 0.002799
5 0.316432 0.875466 0.004382 0.002799
5 0.315806 0.873134 0.004382 0.001866
5 0.314085 0.866138 0.004695 0.002799
5 0.312520 0.861474 0.004695 0.003420
5 0.311894 0.858986 0.004695 0.002799
5 0.309859 0.852145 0.005008 0.002799
5 0.308920 0.849503 0.004382 0.002488
5 0.307668 0.845460 0.004382 0.002488
5 0.306886 0.842973 0.004695 0.002488
5 0.306260 0.840641 0.004695 0.002799
5 0.305164 0.838308 0.005008 0.003109
5 0.304382 0.836287 0.004695 0.002799
5 0.303912 0.834266 0.004382 0.002488
5 0.302973 0.832090 0.004382 0.002488
5 0.302660 0.829446 0.003756 0.002177
5 0.301721 0.827270 0.005008 0.002177
5 0.301095 0.825093 0.004382 0.002799
5 0.300469 0.822761 0.005008 0.003109
5 0.300313 0.820274 0.004069 0.001866
5 0.319092 0.837687 0.002191 0.004353
5 0.321440 0.844216 0.003130 0.004975
5 0.322692 0.849036 0.003130 0.004664
5 0.324883 0.854633 0.002504 0.004664
5 0.326291 0.859453 0.002191 0.003731
5 0.327543 0.864894 0.002817 0.004042
5 0.329264 0.870180 0.002504 0.004664
5 0.331299 0.875466 0.002817 0.004664
5 0.332394 0.880597 0.003130 0.005597
5 0.346635 0.899876 0.004695 0.003109
5 0.346009 0.897388 0.005321 0.003109
5 0.344601 0.892879 0.004382 0.002799
5 0.343349 0.888060 0.005008 0.003109
5 0.354147 0.885728 0.004069 0.002799
5 0.349452 0.869558 0.004695 0.003420
5 0.338811 0.871891 0.004695 0.002488
5 0.337872 0.869869 0.004695 0.002799
5 0.336933 0.867382 0.005947 0.003420
5 0.336307 0.864894 0.004695 0.002799
5 0.335681 0.863029 0.004695 0.002799
5 0.335211 0.860541 0.005634 0.002799
5 0.334585 0.858054 0.005008 0.002799
5 0.333646 0.856188 0.005008 0.002799
5 0.333333 0.853545 0.004382 0.002488
5 0.332238 0.851368 0.004695 0.002488
5 0.331768 0.849036 0.005008 0.002177
5 0.331142 0.846548 0.005008 0.002177
5 0.330360 0.844216 0.005321 0.003109
5 0.329577 0.842351 0.005008 0.002488
5 0.328795 0.840019 0.005321 0.003420
5 0.328326 0.837220 0.004382 0.002177
5 0.327700 0.835199 0.004382 0.001866
5 0.327074 0.832711 0.005008 0.002488
5 0.347731 0.865050 0.005008 0.003109
5 0.346166 0.860541 0.004382 0.002177
5 0.346166 0.858054 0.004382 0.002177
5 0.345383 0.855566 0.004695 0.002799
5 0.343975 0.851057 0.005008 0.002488
5 0.343662 0.848881 0.005008 0.002488
5 0.342567 0.846548 0.005321 0.002177
5 0.341941 0.844216 0.004069 0.003109
5 0.341158 0.841884 0.004382 0.002799
5 0.346322 0.840330 0.004695 0.002799
5 0.340689 0.839552 0.004695 0.002488
5 0.339750 0.837220 0.004695 0.002177
5 0.338967 0.835044 0.005008 0.002799
5 0.338654 0.832711 0.004382 0.001866
5 0.344914 0.833333 0.004382 0.003109
5 0.344131 0.830846 0.004695 0.002488
5 0.343036 0.828825 0.005008 0.002799
5 0.338028 0.830379 0.004382 0.002799
5 0.360250 0.848881 0.005008 0.003109
5 0.359624 0.843750 0.005008 0.002799
5 0.359468 0.839086 0.005321 0.003420
5 0.355869 0.829913 0.005634 0.002488
5 0.353521 0.825249 0.004695 0.003109
5 0.359468 0.823228 0.004695 0.002799
5 0.378091 0.827425 0.005008 0.003109
5 0.370266 0.820118 0.004382 0.002799
5 0.407042 0.823849 0.004069 0.002799
5 0.401252 0.805348 0.003130 0.001866
5 0.357746 0.814832 0.004382 0.003420
5 0.351956 0.816853 0.004695 0.002488
5 0.350861 0.814521 0.004382 0.002799
5 0.349922 0.812189 0.004382 0.002488
5 0.347887 0.805193 0.005321 0.002799
5 0.340063 0.817942 0.004695 0.002799
5 0.334272 0.819496 0.005008 0.002799
5 0.333803 0.816853 0.004695 0.003109
5 0.339437 0.815454 0.004069 0.002177
5 0.333177 0.814832 0.004695 0.002177
5 0.337872 0.811256 0.004069 0.002488
5 0.332864 0.812500 0.004695 0.002488
5 0.331925 0.810323 0.004695 0.003109
5 0.331142 0.807991 0.004382 0.002799
5 0.336463 0.806281 0.004382 0.002488
5 0.330516 0.805193 0.004382 0.002799
5 0.329577 0.803327 0.004382 0.002799
5 0.334898 0.801617 0.005634 0.003109
5 0.328482 0.798663 0.004695 0.002799
5 0.333646 0.797108 0.005008 0.002799
5 0.333646 0.794465 0.004382 0.001866
5 0.327074 0.794154 0.005008 0.002488
5 0.320657 0.812655 0.005321 0.002799
5 0.320188 0.810323 0.005008 0.003109
5 0.319092 0.808302 0.004069 0.002177
5 0.318936 0.805815 0.005008 0.002799
5 0.318153 0.803327 0.004695 0.002799
5 0.317684 0.801151 0.004382 0.002177
5 0.316901 0.798663 0.005321 0.002799
5 0.315649 0.794465 0.005321 0.002488
5 0.314710 0.791978 0.004695 0.002488
5 0.312989 0.784981 0.005008 0.002799
5 0.324257 0.784826 0.005008 0.002488
5 0.395305 0.784515 0.005008 0.003109
5 0.393271 0.777519 0.004695 0.002799
5 0.391236 0.770522 0.005008 0.002488
5 0.318779 0.766014 0.005321 0.002799
5 0.324257 0.764770 0.005008 0.003420
5 0.244601 0.828980 0.004695 0.003109
5 0.216275 0.823694 0.004382 0.002488
48 0.244757 0.876244 0.135211 0.118159
53 0.239124 0.765703 0.085133 0.055659
53 0.156808 0.790734 0.079499 0.053483
53 0.350704 0.785603 0.092332 0.076803
53 0.368858 0.846704 0.096088 0.095771
48 0.240376 0.700560 0.015023 0.021766
48 0.252269 0.725124 0.025039 0.036692
48 0.137246 0.825093 0.022848 0.022077
5 0.176213 0.528918 0.005634 0.003109
9 0.202504 0.516169 0.009390 0.004975
5 0.074178 0.520367 0.005008 0.002799
9 0.051017 0.516791 0.007512 0.004975
5 0.146948 0.385106 0.002817 0.002177
5 0.148513 0.381063 0.002817 0.002177
5 0.217527 0.428172 0.002504 0.003109
5 0.306260 0.333955 0.005321 0.003731
53 0.692332 0.511194 0.033177 0.019279
53 0.684351 0.518968 0.027230 0.016791
53 0.711111 0.530317 0.027543 0.017102
53 0.737559 0.541356 0.032238 0.015547
53 0.681534 0.529073 0.024100 0.013993
53 0.708138 0.539956 0.027856 0.018346
53 0.733020 0.550840 0.026291 0.015858
53 0.759781 0.562345 0.032238 0.018968
53 0.728482 0.388837 0.054147 0.047575
53 0.780751 0.411070 0.056651 0.052861
53 0.817527 0.424751 0.051330 0.051617
53 0.712989 0.412624 0.055086 0.044154
53 0.753052 0.430504 0.046322 0.039490
53 0.784194 0.442631 0.046635 0.040734
48 0.615962 0.599192 0.005008 0.004975
48 0.963067 0.616760 0.015649 0.015858
5 0.112520 0.231343 0.004695 0.006219
9 0.045853 0.057991 0.005947 0.008396
5 0.058372 0.039646 0.003443 0.004042
48 0.078404 0.023787 0.008451 0.009017
48 0.081221 0.017257 0.009077 0.009017
48 0.133020 0.034515 0.080125 0.049751
48 0.144131 0.016480 0.078560 0.032960
9 0.216745 0.099347 0.004069 0.007152
9 0.216745 0.111940 0.004695 0.008706
9 0.222066 0.101524 0.004069 0.007774
5 0.543662 0.197917 0.003130 0.004664
9 0.544914 0.185634 0.005634 0.008706
9 0.554930 0.170398 0.004382 0.007463
9 0.589045 0.086443 0.006260 0.010572
48 0.606260 0.078980 0.015023 0.018035
48 0.611581 0.064832 0.015023 0.017724
48 0.617840 0.050218 0.016901 0.020833
9 0.671518 0.047575 0.007825 0.005597
48 0.671049 0.069963 0.013146 0.009950
55 0.642097 0.092973 0.005321 0.004975
55 0.638498 0.091418 0.004382 0.004353
55 0.634898 0.090330 0.005321 0.004664
55 0.643505 0.089086 0.005634 0.005286
55 0.640219 0.087687 0.005321 0.004353
55 0.637089 0.086443 0.005947 0.005597
9 0.641784 0.072139 0.007825 0.011816
9 0.626917 0.089397 0.005008 0.007152
55 0.658529 0.094216 0.005634 0.009950
9 0.733803 0.086443 0.002817 0.004975
5 0.724570 0.106499 0.002504 0.004664
5 0.713146 0.101990 0.002817 0.003731
5 0.715649 0.103078 0.002817 0.004664
5 0.729734 0.108053 0.003443 0.005286
5 0.721753 0.105410 0.003756 0.005597
5 0.727230 0.106965 0.002817 0.004353
48 0.719718 0.116138 0.025352 0.022699
48 0.738498 0.104944 0.005947 0.005908
48 0.735524 0.111474 0.007512 0.008396
48 0.696401 0.178172 0.022535 0.018035
48 0.710955 0.150187 0.042254 0.047886
9 0.801721 0.133706 0.009077 0.008085
9 0.815649 0.146611 0.011268 0.009639
9 0.820344 0.151119 0.012520 0.008085
55 0.799687 0.157805 0.004382 0.004664
55 0.802817 0.156561 0.003756 0.004042
55 0.805947 0.156250 0.003756 0.004042
55 0.808451 0.157805 0.003756 0.004042
55 0.811111 0.159826 0.003443 0.003731
55 0.794836 0.168999 0.005321 0.004664
55 0.794523 0.173041 0.004695 0.004664
55 0.797027 0.176461 0.004695 0.004664
55 0.800313 0.177705 0.005008 0.005286
48 0.804695 0.166667 0.013146 0.015547
48 0.791549 0.142879 0.015023 0.018346
5 0.853208 0.188122 0.005008 0.003109
9 0.856495 0.177394 0.005947 0.007774
9 0.862754 0.178327 0.005321 0.009017
9 0.864789 0.183147 0.008764 0.013682
48 0.843506 0.187189 0.019405 0.034826
9 0.841941 0.166978 0.009390 0.006219
9 0.843975 0.163402 0.010329 0.005908
9 0.843662 0.158116 0.014085 0.008396
9 0.846635 0.155473 0.009390 0.005597
9 0.845853 0.150964 0.014085 0.007152
9 0.846948 0.147077 0.015023 0.006841
9 0.864632 0.152985 0.014710 0.006841
9 0.866980 0.149876 0.014397 0.008085
9 0.871049 0.146611 0.013146 0.006530
9 0.832551 0.134173 0.015023 0.007774
48 0.815649 0.118937 0.017527 0.010261
48 0.757903 0.119403 0.034116 0.050373
55 0.836150 0.062811 0.004695 0.004353
55 0.834742 0.060012 0.003756 0.003731
55 0.830829 0.058613 0.003443 0.003420
55 0.832238 0.062655 0.003756 0.004042
48 0.839124 0.077270 0.006886 0.008396
55 0.683099 0.004975 0.004069 0.004353
55 0.685290 0.001399 0.003443 0.002799
55 0.678560 0.019590 0.004382 0.004353
55 0.682003 0.020833 0.004382 0.003731
48 0.684507 0.014303 0.013146 0.011194
48 0.692958 0.008396 0.008138 0.008706
9 0.995775 0.800062 0.008451 0.005597
52 0.347418 0.107432 0.312363 0.211754
52 0.393584 0.264148 0.179969 0.104789
52 0.980125 0.288713 0.034742 0.196828
52 0.242567 0.255131 0.132081 0.080535
52 0.162441 0.173974 0.054460 0.075560
52 0.192958 0.332245 0.117371 0.073694
52 0.539750 0.342817 0.117371 0.091729
52 0.444757 0.334577 0.072613 0.046020
52 0.895775 0.696517 0.072613 0.067164
52 0.964006 0.746113 0.065102 0.055037
52 0.918936 0.486785 0.085759 0.064988
48 0.335837 0.449160 0.005634 0.007774
48 0.333020 0.455379 0.004382 0.004664
48 0.335211 0.460510 0.006886 0.004975
48 0.343662 0.463464 0.007512 0.005286
48 0.335994 0.465485 0.022848 0.011816
48 0.290141 0.450715 0.009390 0.009017
48 0.397809 0.488806 0.030047 0.031716
48 0.356808 0.508240 0.010016 0.008396
48 0.358685 0.518346 0.008764 0.008706
48 0.352269 0.513682 0.008451 0.008085
48 0.349139 0.518657 0.008451 0.008706
52 0.329264 0.486163 0.024413 0.013993
52 0.314710 0.500466 0.025352 0.017102
48 0.448670 0.504820 0.068545 0.034515
48 0.503756 0.520211 0.010329 0.013060
52 0.780908 0.243159 0.051956 0.049751
52 0.735211 0.234453 0.041315 0.064055
52 0.707042 0.248290 0.015023 0.037002
52 0.785915 0.284670 0.078873 0.032027
52 0.765571 0.318719 0.070110 0.036692
52 0.715493 0.284048 0.062598 0.035137
52 0.709390 0.313899 0.041628 0.025808
52 0.720188 0.332711 0.020031 0.012438
52 0.679812 0.310168 0.018153 0.019590
52 0.764319 0.345149 0.053208 0.016791
52 0.779656 0.358675 0.022535 0.010261
52 0.661815 0.226368 0.051643 0.035448
52 0.642567 0.270989 0.056338 0.055659
52 0.611737 0.225124 0.047261 0.034826
52 0.593271 0.263215 0.043505 0.041978
52 0.568858 0.224658 0.037872 0.035137
52 0.555712 0.255597 0.030986 0.027985
52 0.736150 0.194496 0.038811 0.016480
52 0.601408 0.185323 0.057277 0.042910
33 0.672300 0.185012 0.005634 0.004353
52 0.685446 0.194030 0.019405 0.018657
52 0.605477 0.144901 0.053521 0.037935
48 0.634116 0.108831 0.018779 0.011194
48 0.649452 0.095149 0.006886 0.011816
48 0.658216 0.068408 0.008138 0.006219
48 0.663537 0.096393 0.004382 0.006219
48 0.661033 0.102301 0.004382 0.006219
48 0.625352 0.095460 0.004382 0.004975
52 0.711894 0.027208 0.045383 0.053172
52 0.757746 0.028607 0.045696 0.055970
9 0.755556 0.073072 0.008138 0.006219
48 0.813459 0.059701 0.018779 0.010572
48 0.836463 0.083955 0.005321 0.004353
52 0.803130 0.025342 0.045696 0.047575
52 0.853834 0.024098 0.055712 0.048197
52 0.910016 0.024409 0.057903 0.043221
52 0.884038 0.071362 0.068545 0.049440
48 0.672926 0.403296 0.006886 0.008706
52 0.105634 0.332401 0.061033 0.076493
43 0.191549 0.514148 0.008764 0.007152
5 0.115806 0.285137 0.004382 0.002488
5 0.414554 0.546797 0.004695 0.002799
5 0.621596 0.321051 0.002504 0.003420
5 0.497653 0.584111 0.005008 0.003420
45 0.692332 0.214552 0.006886 0.009328
43 0.990141 0.597481 0.008451 0.008396
43 0.765102 0.721393 0.004069 0.008085
43 0.661972 0.348570 0.010016 0.006219
43 0.850235 0.318252 0.013459 0.007152
43 0.052113 0.123445 0.007199 0.004353
43 0.050078 0.127021 0.010642 0.007152
43 0.048200 0.130752 0.011268 0.007152
43 0.051956 0.142879 0.006886 0.010883
42 0.041002 0.123912 0.003756 0.005908
38 0.042410 0.236007 0.010329 0.005597
43 0.164476 0.248912 0.009077 0.010261
