52 0.000000 0.319185 0.000000 0.022699
48 0.144490 0.991138 0.078585 0.017724
55 0.685817 0.999067 0.003444 0.001866
52 0.854415 0.999689 0.055729 0.000622
43 0.360833 0.180504 0.004070 0.013993
5 0.130714 0.962220 0.003444 0.004664
5 0.108328 0.952581 0.005009 0.003420
51 0.172041 0.958800 0.033500 0.035759
51 0.194740 0.970927 0.030056 0.033893
48 0.175172 0.929726 0.011584 0.018035
48 0.129931 0.904540 0.012523 0.010572
9 0.113024 0.901119 0.006262 0.008706
5 0.121165 0.891325 0.003131 0.005286
5 0.128522 0.875622 0.003444 0.004975
5 0.176425 0.905317 0.003444 0.004042
5 0.173763 0.910448 0.002505 0.004353
33 0.213525 0.919932 0.006888 0.005908
48 0.147621 0.004820 0.013463 0.009639
43 0.221509 0.930193 0.009080 0.013371
43 0.187226 0.037780 0.006262 0.009639
16 0.164840 0.116915 0.004070 0.009950
38 0.182060 0.078514 0.007827 0.011505
5 0.385880 0.271611 0.003444 0.004042
9 0.542893 0.351835 0.008140 0.007152
9 0.896212 0.597481 0.012210 0.006530
9 0.472605 0.373756 0.008453 0.006219
9 0.474170 0.377332 0.008453 0.006530
9 0.575611 0.365827 0.008453 0.005908
9 0.707264 0.325249 0.005009 0.008706
42 0.312461 0.345771 0.004383 0.007463
43 0.319975 0.326959 0.004383 0.010261
43 0.313244 0.327114 0.005322 0.009328
16 0.327332 0.307991 0.007201 0.012749
8 0.694897 0.416822 0.007827 0.005286
14 0.428460 0.487096 0.007201 0.011505
43 0.679712 0.458489 0.011897 0.007152
16 0.557921 0.524254 0.008140 0.016169
43 0.462899 0.458644 0.005949 0.008706
39 0.252974 0.909515 0.011271 0.008706
48 0.214465 0.882463 0.012523 0.018035
48 0.238729 0.819341 0.092361 0.077736
5 0.245617 0.858831 0.004070 0.006219
39 0.324828 0.911070 0.007201 0.007463
39 0.340169 0.898632 0.007201 0.008085
9 0.282405 0.820118 0.010645 0.006530
5 0.338917 0.835044 0.002818 0.005908
8 0.186756 0.800995 0.008453 0.004975
7 0.188165 0.797264 0.005636 0.003109
8 0.190827 0.790112 0.007201 0.004975
8 0.189731 0.793843 0.007514 0.004975
8 0.216030 0.785448 0.006888 0.004353
8 0.214621 0.788713 0.006575 0.004664
8 0.212743 0.791978 0.007827 0.004975
8 0.211803 0.794932 0.007827 0.005908
9 0.207107 0.798663 0.011584 0.007152
8 0.205855 0.801772 0.007201 0.004664
8 0.206794 0.805348 0.008453 0.005597
8 0.203193 0.814055 0.008140 0.005597
48 0.166406 0.814988 0.010332 0.011816
16 0.224640 0.885883 0.009080 0.013060
43 0.268316 0.887904 0.007514 0.005908
43 0.270351 0.881219 0.014089 0.006841
43 0.320132 0.919310 0.012837 0.004664
48 0.313400 0.820585 0.007514 0.008085
48 0.308547 0.826959 0.007201 0.006530
9 0.179242 0.756530 0.003444 0.004975
48 0.234972 0.765547 0.009706 0.014303
48 0.279430 0.780317 0.004696 0.005286
8 0.236850 0.745025 0.004070 0.004975
48 0.193018 0.741915 0.005322 0.004975
48 0.253131 0.718128 0.010958 0.012749
48 0.250157 0.729478 0.005009 0.009328
48 0.223075 0.718750 0.048528 0.044465
48 0.214152 0.743626 0.038823 0.026430
9 0.204446 0.662624 0.011897 0.008085
6 0.214152 0.636816 0.012523 0.008085
9 0.211803 0.641325 0.010958 0.007774
9 0.209299 0.651119 0.009706 0.005597
6 0.209925 0.647077 0.010958 0.005597
9 0.380088 0.843595 0.006262 0.008085
6 0.639324 0.966729 0.003757 0.005597
42 0.463212 0.836132 0.003444 0.004975
42 0.476988 0.817320 0.005949 0.005908
42 0.466656 0.815454 0.006575 0.005908
9 0.223388 0.623290 0.008453 0.006530
9 0.224327 0.618937 0.008453 0.005908
9 0.223075 0.614117 0.007827 0.006841
9 0.225736 0.610230 0.008140 0.005286
42 0.220883 0.597015 0.005949 0.009328
9 0.230276 0.600124 0.007827 0.006841
9 0.231371 0.596393 0.008140 0.006841
8 0.233250 0.588619 0.004383 0.002488
8 0.234346 0.585821 0.007827 0.005597
8 0.236694 0.583022 0.007514 0.004353
9 0.237790 0.579602 0.006575 0.003731
48 0.299468 0.770211 0.009080 0.006841
48 0.245460 0.758551 0.005009 0.004664
48 0.285066 0.762438 0.005949 0.004975
38 0.286631 0.750933 0.025360 0.017413
5 0.773012 0.746735 0.004383 0.005286
9 0.760645 0.739739 0.006575 0.004353
42 0.833907 0.942009 0.007827 0.007774
43 0.837195 0.758706 0.010645 0.004975
48 0.183626 0.832556 0.010332 0.009017
48 0.177520 0.829291 0.006888 0.007463
57 0.379775 0.674285 0.008766 0.012749
57 0.376957 0.690454 0.011897 0.009639
48 0.333125 0.680348 0.010019 0.011816
7 0.279274 0.700560 0.006262 0.003731
48 0.278804 0.698383 0.067940 0.054726
48 0.262837 0.641014 0.014715 0.009639
8 0.275517 0.596548 0.005009 0.003420
8 0.271133 0.582245 0.005009 0.004664
48 0.265185 0.583178 0.005636 0.005908
48 0.256262 0.588775 0.009706 0.013371
9 0.255636 0.569963 0.004070 0.005597
48 0.283344 0.568719 0.018785 0.017413
48 0.285692 0.551617 0.015967 0.016169
48 0.305886 0.642413 0.072636 0.062811
48 0.292893 0.667289 0.064809 0.042289
48 0.319505 0.605099 0.066061 0.049129
48 0.387758 0.610696 0.008453 0.009950
48 0.372260 0.611785 0.008140 0.007774
48 0.395272 0.584577 0.012210 0.011194
48 0.390263 0.603700 0.007201 0.008396
48 0.343300 0.544776 0.061678 0.041045
48 0.335160 0.563122 0.057921 0.048507
43 0.415310 0.547264 0.008453 0.011816
48 0.347683 0.497979 0.045398 0.061878
48 0.378209 0.491294 0.033813 0.024876
48 0.379931 0.462376 0.069818 0.041667
48 0.390106 0.441387 0.062617 0.042600
48 0.412336 0.497046 0.019411 0.022699
9 0.415780 0.522233 0.007514 0.011505
8 0.319975 0.515392 0.005009 0.004664
4 0.327489 0.507774 0.005636 0.004353
8 0.331246 0.500777 0.005636 0.004042
8 0.333594 0.492382 0.007201 0.004664
8 0.332812 0.494092 0.005636 0.003731
8 0.333125 0.496424 0.005009 0.003420
5 0.336569 0.488961 0.005009 0.003420
4 0.342048 0.475280 0.005949 0.002799
8 0.341265 0.477612 0.005009 0.004353
8 0.339699 0.480099 0.005009 0.003731
4 0.338760 0.482743 0.005636 0.002799
4 0.337664 0.486318 0.005949 0.003731
8 0.340013 0.467040 0.005009 0.006219
8 0.314652 0.474192 0.006262 0.004975
48 0.248121 0.522699 0.007827 0.007463
8 0.258453 0.526897 0.007827 0.006530
9 0.262054 0.516014 0.008140 0.007152
9 0.264715 0.509950 0.008453 0.006841
9 0.265811 0.506996 0.008140 0.005286
9 0.267533 0.503887 0.009080 0.006530
9 0.267846 0.500777 0.007827 0.005908
9 0.275986 0.489117 0.009080 0.004975
43 0.441922 0.509795 0.006575 0.010883
9 0.273951 0.491604 0.008140 0.005597
9 0.271603 0.494714 0.008453 0.006219
9 0.269881 0.497668 0.007514 0.005908
9 0.279587 0.495336 0.005636 0.008706
53 0.332812 0.469683 0.030056 0.024565
53 0.317627 0.502798 0.032248 0.014925
53 0.322636 0.487562 0.033500 0.015547
53 0.314809 0.473570 0.006575 0.011194
53 0.311522 0.516169 0.026299 0.015547
53 0.301033 0.530939 0.024108 0.022077
53 0.302599 0.545398 0.012210 0.009328
6 0.317314 0.690143 0.004070 0.005286
53 0.232937 0.676772 0.013150 0.008396
53 0.224640 0.677861 0.002818 0.003109
53 0.236381 0.671331 0.007514 0.008085
53 0.230119 0.669310 0.004383 0.006530
53 0.226832 0.671020 0.001565 0.003109
53 0.225266 0.675062 0.001565 0.002488
53 0.234346 0.666511 0.003444 0.000933
53 0.230902 0.664956 0.004070 0.002177
53 0.233563 0.665578 0.001879 0.000933
53 0.241547 0.669932 0.002818 0.002799
48 0.262054 0.612873 0.038823 0.049751
48 0.243112 0.652052 0.025986 0.032960
4 0.200376 0.035292 0.003131 0.003420
42 0.205072 0.032183 0.006262 0.003420
42 0.892611 0.480721 0.004383 0.003731
48 0.223231 0.859764 0.006888 0.012438
48 0.230589 0.852301 0.012837 0.007463
48 0.189731 0.846393 0.006888 0.013682
48 0.176581 0.861163 0.008140 0.012749
48 0.208359 0.842040 0.007201 0.004975
48 0.200063 0.843284 0.005009 0.007463
48 0.201315 0.847481 0.007514 0.013993
48 0.200376 0.855099 0.006262 0.004975
48 0.182217 0.847637 0.006262 0.004975
57 0.151221 0.849969 0.005009 0.007152
57 0.177364 0.851213 0.005322 0.005908
46 0.181747 0.776119 0.010332 0.017413
46 0.267376 0.782805 0.006888 0.011505
57 0.319505 0.715952 0.004070 0.007774
57 0.322793 0.717195 0.004383 0.006530
48 0.402317 0.635106 0.008140 0.012749
48 0.579994 0.526586 0.010332 0.006530
42 0.229023 0.861785 0.003444 0.007774
43 0.237946 0.857121 0.005009 0.010883
39 0.430025 0.570118 0.004070 0.006530
39 0.541327 0.504353 0.004383 0.008085
43 0.539136 0.513060 0.003757 0.008706
57 0.543519 0.513215 0.004383 0.007774
57 0.535379 0.511816 0.003757 0.007463
13 0.818723 0.279384 0.005009 0.006530
13 0.820131 0.296486 0.004696 0.006530
48 0.210864 0.014459 0.009706 0.009017
48 0.217595 0.014459 0.004383 0.005908
48 0.177051 0.111318 0.004696 0.005597
57 0.422041 0.383551 0.007514 0.011505
57 0.427364 0.372357 0.007514 0.012749
13 0.438322 0.402674 0.005636 0.004975
57 0.437852 0.391947 0.005322 0.006530
57 0.440670 0.386039 0.004696 0.006530
48 0.439574 0.366449 0.004383 0.004664
48 0.654195 0.422730 0.012210 0.009017
48 0.652786 0.425529 0.013150 0.006530
57 0.701628 0.479633 0.007514 0.008396
57 0.697401 0.478389 0.004070 0.006530
57 0.708516 0.479011 0.006262 0.004664
43 0.454133 0.430504 0.010332 0.007774
43 0.372887 0.394123 0.006888 0.008396
43 0.376487 0.377488 0.007827 0.012438
57 0.524734 0.482898 0.004383 0.004975
57 0.526769 0.480410 0.005322 0.004353
46 0.567783 0.439677 0.007827 0.006219
57 0.560582 0.437034 0.006575 0.004664
43 0.620069 0.478389 0.015341 0.009639
57 0.556982 0.410914 0.005009 0.007152
57 0.559487 0.405006 0.004383 0.006530
57 0.547589 0.416978 0.004383 0.006841
57 0.545085 0.416356 0.005009 0.007463
57 0.542893 0.415112 0.004383 0.006841
57 0.537257 0.414335 0.006888 0.005286
57 0.529117 0.409826 0.014402 0.008706
13 0.819975 0.289801 0.004383 0.006219
13 0.819192 0.273321 0.004070 0.004975
9 0.273012 0.756841 0.006262 0.008085
48 0.283813 0.766169 0.006575 0.004353
55 0.379775 0.592351 0.008140 0.009950
55 0.386819 0.594061 0.009080 0.010261
48 0.142924 0.961132 0.037257 0.055348
53 0.117408 0.935945 0.009393 0.010572
53 0.112711 0.946517 0.007514 0.009950
53 0.106919 0.959422 0.012210 0.015858
48 0.133532 0.989428 0.053538 0.020522
51 0.374296 0.516480 0.034126 0.029229
48 0.703976 0.443252 0.012210 0.008396
48 0.702411 0.446517 0.012210 0.009328
48 0.700689 0.449471 0.012523 0.009017
48 0.698810 0.452736 0.011897 0.009328
48 0.297902 0.083022 0.007201 0.011194
52 0.121947 0.014614 0.014089 0.022388
52 0.137915 0.025031 0.017846 0.020211
52 0.178929 0.037469 0.064183 0.021455
52 0.191922 0.054882 0.029430 0.012749
52 0.190670 0.069030 0.018159 0.016791
52 0.106763 0.061101 0.040701 0.039490
52 0.090482 0.103856 0.033187 0.045398
52 0.134314 0.105255 0.054477 0.049440
52 0.082812 0.153607 0.048528 0.054104
52 0.128679 0.148787 0.043832 0.037624
52 0.123826 0.186723 0.034126 0.038868
52 0.069975 0.218439 0.073575 0.076182
52 0.115216 0.218284 0.017533 0.024254
52 0.017220 0.281872 0.032561 0.050684
52 0.067001 0.271300 0.067001 0.032027
52 0.024264 0.243159 0.019098 0.027985
52 0.060739 0.301928 0.053225 0.029229
52 0.016594 0.344994 0.033187 0.076803
52 0.050407 0.337842 0.033187 0.043221
52 0.044458 0.373601 0.021290 0.028296
52 0.016907 0.405006 0.031935 0.043843
52 0.040232 0.407338 0.015341 0.009950
52 0.039292 0.417755 0.012837 0.010883
52 0.015654 0.438277 0.030683 0.022699
52 0.011584 0.460821 0.023168 0.022388
52 0.007827 0.478856 0.015654 0.013682
52 0.004696 0.490205 0.009393 0.009639
52 0.265498 0.063899 0.050094 0.035137
52 0.261271 0.092817 0.040388 0.022699
52 0.259236 0.111785 0.033813 0.014614
52 0.221979 0.116294 0.038197 0.027363
52 0.274890 0.030939 0.065748 0.032027
7 0.371165 0.178949 0.002818 0.005286
5 0.376331 0.222792 0.002505 0.005286
9 0.348309 0.226990 0.005322 0.006219
9 0.344083 0.237873 0.008140 0.015547
52 0.362555 0.182214 0.008140 0.017413
52 0.359424 0.197295 0.015028 0.012749
52 0.355823 0.217506 0.022855 0.028296
52 0.349249 0.240516 0.029117 0.017724
52 0.341891 0.260106 0.030683 0.021455
52 0.365999 0.265081 0.017533 0.015236
52 0.329681 0.285292 0.025047 0.028918
52 0.363181 0.279229 0.011897 0.012438
52 0.334690 0.311878 0.035066 0.024254
52 0.309487 0.325560 0.015341 0.021144
52 0.330463 0.336132 0.025986 0.023632
52 0.305729 0.348414 0.022855 0.024565
52 0.328428 0.355099 0.021916 0.014303
52 0.321227 0.371269 0.018785 0.022388
9 0.370069 0.388993 0.005636 0.007463
9 0.362085 0.384795 0.005949 0.006530
52 0.471039 0.418066 0.056043 0.051928
52 0.433312 0.388837 0.046337 0.062500
52 0.391985 0.387127 0.036944 0.042910
52 0.363024 0.375777 0.019098 0.047575
16 0.340326 0.259328 0.009393 0.011816
43 0.404822 0.398476 0.010645 0.010883
52 0.348466 0.384795 0.010019 0.018346
52 0.391515 0.341573 0.037884 0.046331
52 0.429399 0.339086 0.038510 0.035759
52 0.467439 0.348881 0.037570 0.016791
52 0.479649 0.374223 0.046963 0.035137
52 0.541954 0.406872 0.050094 0.043843
52 0.507827 0.418532 0.018785 0.053483
52 0.548998 0.449471 0.064183 0.041356
52 0.589543 0.414646 0.045085 0.028296
52 0.608954 0.451026 0.056982 0.045087
52 0.665310 0.458022 0.056982 0.034204
52 0.713525 0.471548 0.040075 0.060634
52 0.661240 0.428949 0.048215 0.023943
48 0.629931 0.510106 0.005009 0.008396
48 0.635097 0.512904 0.005949 0.007152
5 0.621947 0.513682 0.005322 0.003109
5 0.601597 0.501555 0.002818 0.003109
48 0.573732 0.509950 0.022855 0.023010
52 0.456011 0.469216 0.056669 0.041667
52 0.455542 0.509173 0.056356 0.039490
52 0.451002 0.537935 0.047276 0.018035
52 0.524264 0.493315 0.034753 0.030162
52 0.553225 0.522077 0.065122 0.027985
52 0.564183 0.492693 0.045085 0.030162
52 0.620382 0.490361 0.063557 0.034826
52 0.613338 0.524254 0.050720 0.034826
52 0.617408 0.276586 0.041327 0.029540
52 0.716500 0.217973 0.056043 0.060945
52 0.712430 0.264303 0.044145 0.032338
16 0.553225 0.510106 0.009393 0.011505
52 0.722448 0.293688 0.036631 0.027052
48 0.528647 0.036225 0.005322 0.006530
52 0.486537 0.025808 0.080776 0.050995
52 0.487790 0.085354 0.082655 0.068719
52 0.507984 0.159049 0.123669 0.078047
52 0.594396 0.032805 0.134314 0.062500
52 0.592204 0.085976 0.124296 0.045087
52 0.721822 0.023321 0.120539 0.044154
52 0.695679 0.060634 0.068253 0.029851
52 0.903413 0.483364 0.035379 0.022699
52 0.748122 0.466418 0.028491 0.022388
52 0.891515 0.424596 0.029117 0.020833
52 0.892611 0.453825 0.025673 0.035759
52 0.867877 0.455535 0.023168 0.038557
52 0.836255 0.448849 0.040075 0.023943
52 0.940357 0.549907 0.032248 0.018968
52 0.940044 0.567320 0.033500 0.016480
52 0.965717 0.558458 0.017846 0.023010
52 0.987163 0.562034 0.024421 0.018968
52 0.909048 0.534515 0.030369 0.024254
52 0.909518 0.562189 0.030683 0.032338
52 0.887289 0.564521 0.013776 0.036381
52 0.901221 0.593750 0.037884 0.022699
52 0.335629 0.896922 0.051346 0.061878
52 0.390889 0.896766 0.058547 0.062811
52 0.456637 0.897077 0.072323 0.063433
52 0.469787 0.833178 0.044771 0.064366
52 0.417971 0.838153 0.058234 0.055037
52 0.372260 0.838308 0.033187 0.055970
52 0.330620 0.838619 0.050094 0.057836
52 0.336255 0.780784 0.026299 0.019279
48 0.354728 0.697761 0.006888 0.005597
57 0.362555 0.683613 0.008766 0.012749
57 0.376800 0.682836 0.006575 0.005597
52 0.380244 0.731343 0.042267 0.041667
43 0.467909 0.825715 0.011584 0.005908
48 0.660457 0.970616 0.033500 0.050684
55 0.686600 0.996580 0.003757 0.003731
55 0.688635 0.992382 0.002818 0.002799
52 0.875078 0.897855 0.036318 0.039490
52 0.870382 0.935168 0.030056 0.036381
52 0.844239 0.931903 0.021603 0.031095
52 0.833281 0.965330 0.042893 0.036381
52 0.921885 0.924129 0.024108 0.033582
52 0.952098 0.927861 0.038197 0.031716
52 0.954446 0.957090 0.031622 0.026741
52 0.917658 0.951026 0.030056 0.022077
52 0.935347 0.953825 0.004696 0.020211
52 0.925485 0.975591 0.023795 0.024565
52 0.946619 0.979167 0.020351 0.018657
52 0.864590 0.968750 0.019724 0.030784
52 0.822480 0.937655 0.021290 0.019590
52 0.843926 0.990983 0.060426 0.014925
52 0.897464 0.987562 0.032248 0.021766
52 0.918910 0.899565 0.014402 0.015547
52 0.939731 0.906250 0.011584 0.010883
52 0.930025 0.901586 0.007827 0.010883
52 0.810739 0.867848 0.048528 0.034826
52 0.787570 0.902363 0.052912 0.034204
52 0.773795 0.944496 0.046024 0.050062
52 0.804947 0.973570 0.015654 0.050995
52 0.773482 0.983831 0.044771 0.029229
52 0.728240 0.969061 0.043832 0.058769
52 0.693175 0.953203 0.026925 0.033893
52 0.794615 0.671020 0.063244 0.079602
52 0.758610 0.688277 0.010019 0.020833
52 0.801659 0.729167 0.039136 0.036692
52 0.842361 0.728545 0.042267 0.036070
52 0.844239 0.692942 0.035379 0.033271
52 0.876957 0.700404 0.030056 0.022077
52 0.870695 0.724347 0.013150 0.025808
52 0.888698 0.720149 0.022229 0.018035
52 0.902786 0.703203 0.020977 0.016480
52 0.839699 0.761194 0.036944 0.030473
52 0.877113 0.764148 0.038510 0.035137
52 0.870382 0.800840 0.053225 0.038868
52 0.861302 0.837687 0.051972 0.034826
52 0.911083 0.838308 0.048215 0.036070
52 0.952411 0.867848 0.094552 0.021766
52 0.966969 0.806903 0.064183 0.099502
52 0.915780 0.807214 0.036318 0.026119
52 0.925329 0.728078 0.049155 0.035137
52 0.974640 0.738340 0.048215 0.039490
52 0.937226 0.594216 0.035379 0.032338
52 0.841108 0.621580 0.029117 0.032960
52 0.534126 0.849503 0.086412 0.103234
52 0.614746 0.821673 0.067940 0.084266
52 0.603162 0.883395 0.049781 0.038557
52 0.548215 0.937034 0.111459 0.074316
52 0.551972 0.682058 0.080776 0.061256
52 0.519411 0.621424 0.041954 0.054415
52 0.456011 0.690143 0.108015 0.080535
52 0.565435 0.735075 0.110207 0.044776
52 0.421415 0.790578 0.048842 0.038868
52 0.490294 0.763837 0.039449 0.067475
52 0.545241 0.777985 0.071071 0.040423
52 0.615059 0.768190 0.068566 0.022699
52 0.654039 0.744092 0.067001 0.024254
52 0.665153 0.773787 0.032248 0.033893
52 0.418128 0.962531 0.148716 0.070585
52 0.293363 0.962220 0.102066 0.069963
52 0.740920 0.620025 0.046024 0.068408
52 0.631653 0.581157 0.090482 0.077736
52 0.729180 0.130442 0.070758 0.112873
52 0.742486 0.855255 0.061678 0.076803
52 0.717596 0.916511 0.081403 0.046953
38 0.330307 0.285914 0.005636 0.006530
43 0.945523 0.548041 0.008766 0.004664
43 0.888228 0.558302 0.010645 0.007152
16 0.452724 0.481499 0.008766 0.014614
43 0.257044 0.906095 0.007514 0.007463
43 0.246869 0.912003 0.007827 0.008085
39 0.235128 0.926461 0.006888 0.008396
43 0.284596 0.856810 0.010645 0.018346
16 0.278334 0.826493 0.006888 0.010572
43 0.261741 0.775187 0.007514 0.011194
38 0.255322 0.775497 0.009706 0.010572
16 0.243895 0.774098 0.012523 0.009017
43 0.255479 0.743937 0.006888 0.005286
43 0.447714 0.496113 0.005009 0.010883
43 0.315435 0.528296 0.007827 0.010572
5 0.715247 0.485386 0.005322 0.002488
43 0.330307 0.331779 0.008766 0.008706
43 0.248435 0.861940 0.005949 0.008706
42 0.472761 0.837220 0.003131 0.006530
43 0.317001 0.838619 0.007201 0.008085
39 0.269568 0.854322 0.008140 0.011505
38 0.206481 0.901430 0.032874 0.021144
43 0.187696 0.006996 0.008453 0.005908
43 0.153100 0.053638 0.017533 0.011505
9 0.291641 0.125622 0.004696 0.006219
43 0.397151 0.403607 0.010958 0.008706
43 0.384001 0.391169 0.014715 0.009950
43 0.366938 0.385417 0.008766 0.013993
45 0.392924 0.396766 0.008140 0.006219
43 0.384627 0.381841 0.019724 0.012438
9 0.357702 0.374689 0.008453 0.013682
38 0.374452 0.363806 0.015028 0.019279
39 0.700376 0.320274 0.006262 0.012438
