48 0.911795 0.117374 0.005872 0.005968
5 0.106076 0.262599 0.004851 0.005968
5 0.086673 0.262599 0.004851 0.003979
5 0.091652 0.257626 0.003574 0.004642
5 0.093056 0.254973 0.003829 0.003979
5 0.028849 0.264423 0.003574 0.002321
5 0.040848 0.249005 0.003574 0.005305
5 0.065994 0.233256 0.004340 0.004310
5 0.060888 0.236074 0.004340 0.004642
5 0.051825 0.229775 0.004595 0.003316
9 0.053485 0.226293 0.007914 0.003647
5 0.057314 0.219330 0.005872 0.004310
48 0.055782 0.211538 0.006382 0.007958
48 0.034720 0.313329 0.026551 0.023210
48 0.060123 0.268568 0.070717 0.083554
48 0.109778 0.187832 0.029615 0.032825
5 0.092545 0.208057 0.003829 0.003647
48 0.070717 0.096983 0.012765 0.013594
48 0.164794 0.101459 0.007404 0.007294
5 0.158284 0.106930 0.002553 0.003647
48 0.168879 0.320789 0.018637 0.016247
18 0.269466 0.506797 0.025785 0.008289
18 0.293720 0.510610 0.025785 0.007294
18 0.342864 0.516412 0.027572 0.006963
18 0.366224 0.518402 0.029359 0.006300
18 0.390477 0.520060 0.030380 0.006963
5 0.055017 0.742374 0.005361 0.002653
5 0.047485 0.723972 0.004595 0.002321
9 0.098417 0.721651 0.004851 0.002321
5 0.132882 0.738561 0.004340 0.002984
8 0.077100 0.743369 0.007659 0.003979
5 0.169135 0.737235 0.004851 0.002321
5 0.189048 0.716843 0.004851 0.002653
5 0.205004 0.715351 0.005106 0.002321
5 0.216365 0.733753 0.004851 0.002653
5 0.224151 0.729940 0.004595 0.002321
5 0.345800 0.718170 0.004851 0.003316
48 0.306357 0.738893 0.005617 0.004973
5 0.426730 0.680703 0.004851 0.002653
9 0.534338 0.658654 0.010212 0.004310
9 0.564080 0.653515 0.013020 0.004642
5 0.563058 0.675729 0.004340 0.002653
5 0.615905 0.651691 0.004340 0.002984
5 0.634414 0.641247 0.004595 0.002653
5 0.644498 0.642905 0.005361 0.002653
5 0.699387 0.651857 0.004851 0.002653
5 0.717896 0.655338 0.005106 0.002984
5 0.724789 0.631631 0.004595 0.002653
5 0.804953 0.618369 0.005617 0.002653
5 0.807250 0.613727 0.005106 0.003316
5 0.813633 0.619695 0.005617 0.003316
5 0.850140 0.611406 0.004085 0.002653
5 0.923283 0.612566 0.004340 0.002984
5 0.929538 0.615716 0.005617 0.003316
5 0.972938 0.605438 0.003574 0.002653
5 0.970258 0.590186 0.003829 0.002653
9 0.960046 0.588694 0.006382 0.003647
5 0.159689 0.715351 0.004851 0.002321
22 0.244192 0.502321 0.029359 0.008621
22 0.317973 0.513097 0.025785 0.008289
22 0.416390 0.522712 0.028083 0.006300
