48 0.657277 0.028296 0.156495 0.056592
48 0.505321 0.030628 0.103599 0.061256
48 0.207042 0.024720 0.230047 0.049440
2 0.289984 0.021611 0.070423 0.043221
2 0.271362 0.001088 0.045070 0.002177
48 0.898905 0.020833 0.054460 0.041667
5 0.749296 0.000311 0.005008 0.000622
5 0.749765 0.001399 0.004695 0.002799
48 0.007825 0.732121 0.015649 0.028296
6 0.000313 0.718905 0.000626 0.004975
6 0.000626 0.722481 0.001252 0.007774
10 0.002034 0.714863 0.004069 0.008085
10 0.001565 0.671020 0.003130 0.007463
48 0.033177 0.647699 0.066354 0.073383
10 0.000469 0.534515 0.000939 0.004975
57 0.001095 0.144901 0.002191 0.007463
57 0.002191 0.142257 0.004382 0.007774
10 0.000939 0.201648 0.001878 0.004042
10 0.001408 0.248756 0.002817 0.009950
10 0.005008 0.269123 0.010016 0.009639
10 0.002191 0.264148 0.004382 0.004042
48 0.033803 0.353856 0.067606 0.214552
10 0.001721 0.277208 0.003443 0.006530
48 0.072613 0.511039 0.145227 0.247201
48 0.057746 0.193874 0.115493 0.144590
57 0.004695 0.125311 0.009390 0.007463
10 0.056651 0.013526 0.006260 0.011505
10 0.009233 0.049751 0.004069 0.006219
48 0.107042 0.064055 0.071362 0.063433
5 0.140532 0.067631 0.003130 0.005286
5 0.138341 0.073539 0.003756 0.005286
5 0.149296 0.056592 0.004382 0.005597
5 0.134898 0.081623 0.004382 0.005286
14 0.132238 0.087998 0.004695 0.008085
5 0.127074 0.099658 0.003756 0.005908
5 0.125039 0.104789 0.003443 0.004975
10 0.091393 0.117537 0.011268 0.006841
5 0.122692 0.109297 0.003130 0.005286
5 0.120970 0.113651 0.003443 0.005286
5 0.133490 0.102767 0.003443 0.004664
10 0.149296 0.115516 0.006260 0.004664
5 0.182160 0.103078 0.003130 0.004664
5 0.147261 0.079447 0.003443 0.004664
5 0.150235 0.080068 0.003756 0.005286
5 0.152739 0.081934 0.003130 0.004664
5 0.155243 0.082711 0.003130 0.004975
5 0.157120 0.084111 0.003756 0.004664
5 0.161659 0.085510 0.003443 0.004975
5 0.151487 0.071362 0.005008 0.003420
5 0.152582 0.068563 0.005321 0.003420
5 0.155869 0.073228 0.005634 0.003420
5 0.161189 0.071984 0.005634 0.004042
5 0.166823 0.074005 0.004382 0.003109
5 0.170736 0.065299 0.002817 0.004975
5 0.159155 0.060945 0.003443 0.004975
5 0.156808 0.059857 0.003756 0.005286
5 0.153991 0.058613 0.003756 0.005286
53 0.161972 0.073694 0.037246 0.033582
48 0.161815 0.097326 0.016275 0.013060
48 0.156808 0.108986 0.037559 0.023321
48 0.159937 0.131841 0.023787 0.016791
5 0.157433 0.151741 0.004382 0.005597
5 0.123944 0.152674 0.005008 0.004353
5 0.127543 0.154851 0.005321 0.003731
10 0.107355 0.146611 0.006886 0.005286
10 0.099844 0.143190 0.005634 0.004042
5 0.140376 0.171953 0.004695 0.003731
10 0.153365 0.174596 0.005634 0.010261
10 0.140219 0.176461 0.010016 0.006530
10 0.121440 0.164801 0.011268 0.006841
10 0.121127 0.168843 0.008138 0.004353
10 0.117684 0.173041 0.010642 0.005908
5 0.118779 0.176306 0.005321 0.003731
5 0.116119 0.180348 0.005008 0.003109
5 0.114867 0.183302 0.005634 0.004042
57 0.134272 0.186878 0.011894 0.008085
13 0.136307 0.183769 0.007199 0.004975
57 0.130829 0.195429 0.013146 0.007774
57 0.128795 0.200560 0.012833 0.007463
57 0.127700 0.203358 0.013772 0.008085
10 0.106103 0.197917 0.011894 0.006530
10 0.106103 0.201493 0.008138 0.004975
10 0.103599 0.205379 0.011894 0.005908
10 0.100626 0.215174 0.006573 0.004975
57 0.121596 0.217662 0.012207 0.008085
10 0.092019 0.220927 0.006886 0.010883
10 0.086698 0.233675 0.006260 0.009639
5 0.093584 0.231499 0.005008 0.003420
5 0.094053 0.228856 0.004695 0.003731
10 0.090141 0.239428 0.007512 0.004353
10 0.086854 0.243470 0.010955 0.005597
10 0.078560 0.250466 0.006260 0.011505
10 0.076369 0.248445 0.003756 0.005597
10 0.079499 0.258396 0.006886 0.009328
7 0.085446 0.251088 0.007512 0.004042
57 0.107042 0.249845 0.013146 0.008396
57 0.106729 0.252798 0.013772 0.008085
57 0.104225 0.258085 0.013146 0.008085
57 0.101565 0.260572 0.013459 0.008706
10 0.139593 0.229944 0.005634 0.008396
10 0.135524 0.239583 0.006260 0.010261
10 0.130360 0.251866 0.006573 0.011194
10 0.139124 0.252021 0.006573 0.010883
5 0.130516 0.263526 0.003756 0.004664
10 0.124570 0.267257 0.004382 0.006530
5 0.069327 0.257307 0.004069 0.002799
5 0.069014 0.260106 0.004069 0.002799
5 0.078560 0.267724 0.005634 0.004353
5 0.077152 0.270056 0.005947 0.004042
5 0.075430 0.272388 0.005634 0.003731
10 0.069640 0.277830 0.005321 0.006530
10 0.042097 0.266325 0.005947 0.010261
10 0.013146 0.254198 0.005634 0.009639
10 0.008138 0.252488 0.005634 0.010572
10 0.005164 0.250933 0.005321 0.010572
10 0.074022 0.305193 0.009077 0.007152
5 0.044601 0.296486 0.004695 0.004042
5 0.084351 0.322917 0.004695 0.004042
5 0.082316 0.325560 0.005008 0.004353
5 0.081064 0.328047 0.005008 0.003109
5 0.079812 0.330846 0.005008 0.003731
5 0.077934 0.333489 0.005008 0.004042
5 0.076526 0.336132 0.004695 0.003731
5 0.074178 0.341573 0.005008 0.004042
2 0.272613 0.341573 0.065102 0.067475
2 0.247261 0.415734 0.073239 0.069652
48 0.256025 0.226679 0.028795 0.036692
2 0.318466 0.178172 0.069171 0.066542
2 0.318153 0.114739 0.051643 0.063433
48 0.252113 0.104011 0.145540 0.185634
48 0.157433 0.216729 0.011268 0.011816
10 0.149296 0.206779 0.007512 0.011194
48 0.156338 0.307058 0.161189 0.237251
2 0.595618 0.377643 0.066354 0.071206
5 0.576839 0.266480 0.005634 0.002488
5 0.587950 0.268501 0.005947 0.002799
5 0.605634 0.275498 0.005008 0.002488
5 0.579499 0.274098 0.004695 0.002177
5 0.569640 0.273787 0.005634 0.002799
5 0.579499 0.083022 0.002817 0.004353
5 0.587324 0.082867 0.002817 0.005908
5 0.590141 0.083022 0.002191 0.004975
5 0.592488 0.082711 0.002504 0.004975
5 0.595775 0.082401 0.002817 0.004975
5 0.599844 0.081157 0.004069 0.002488
5 0.610642 0.081779 0.005634 0.002488
5 0.580595 0.077425 0.002504 0.004975
5 0.582786 0.077581 0.002504 0.004042
5 0.585290 0.077425 0.002504 0.004353
5 0.591549 0.077425 0.002504 0.004353
5 0.610172 0.077270 0.002817 0.004042
5 0.612833 0.077270 0.002504 0.004664
5 0.615336 0.077270 0.002504 0.004664
5 0.623161 0.077270 0.003130 0.005286
5 0.625665 0.077581 0.002504 0.004664
5 0.628169 0.077581 0.002504 0.004664
5 0.634116 0.077736 0.002504 0.003731
5 0.642723 0.081779 0.005321 0.003109
5 0.638654 0.077270 0.002817 0.004664
5 0.663850 0.077425 0.002504 0.004975
5 0.664945 0.081779 0.004695 0.002488
5 0.612050 0.071673 0.002191 0.004042
10 0.627700 0.065920 0.009703 0.004975
57 0.650861 0.065143 0.014085 0.004664
10 0.670266 0.063588 0.010329 0.004664
5 0.670423 0.077425 0.002504 0.004353
5 0.673396 0.072139 0.002191 0.003731
5 0.675743 0.071984 0.002504 0.004042
5 0.673865 0.077270 0.002504 0.004042
5 0.676369 0.077736 0.003130 0.004353
5 0.678873 0.077892 0.002504 0.004664
5 0.681064 0.077736 0.002504 0.004353
5 0.683881 0.071673 0.001878 0.004042
5 0.696401 0.071517 0.002504 0.003731
5 0.687011 0.077425 0.002504 0.004353
5 0.680751 0.082090 0.005008 0.002488
5 0.689515 0.077425 0.002504 0.004353
5 0.691706 0.077736 0.003130 0.004353
5 0.705790 0.077114 0.002504 0.004353
5 0.713459 0.081779 0.004695 0.002488
5 0.718936 0.081779 0.005634 0.003109
5 0.724726 0.082090 0.005321 0.003109
5 0.730986 0.082401 0.005321 0.003109
5 0.739906 0.077892 0.002504 0.005286
10 0.723005 0.077425 0.003130 0.004975
10 0.726448 0.077892 0.003130 0.004042
5 0.729264 0.077581 0.002504 0.004664
5 0.744757 0.077270 0.002191 0.005286
5 0.747261 0.077581 0.002817 0.005286
5 0.743662 0.071362 0.002504 0.005286
53 0.665884 0.075249 0.184351 0.010572
5 0.739437 0.054260 0.005321 0.002799
5 0.739750 0.051928 0.005321 0.002488
5 0.739437 0.049285 0.005321 0.002177
5 0.739437 0.046953 0.005321 0.003109
5 0.753678 0.051150 0.005008 0.002799
5 0.787011 0.056903 0.002817 0.005597
5 0.753678 0.048663 0.004382 0.002177
5 0.753208 0.046642 0.005321 0.003109
5 0.753365 0.043999 0.005008 0.002799
5 0.753208 0.041511 0.005321 0.002177
5 0.753521 0.039024 0.004069 0.002799
5 0.753365 0.036692 0.004382 0.002488
5 0.753991 0.034359 0.005008 0.002799
5 0.753208 0.031872 0.004695 0.002799
5 0.753991 0.029384 0.005008 0.002799
5 0.753834 0.025031 0.004695 0.002799
5 0.753678 0.022388 0.005008 0.003109
47 0.763224 0.056126 0.004695 0.005908
5 0.751800 0.008706 0.004382 0.002488
5 0.753052 0.011505 0.005008 0.003109
5 0.753834 0.017724 0.005947 0.003109
48 0.738654 0.022699 0.009390 0.027363
10 0.807199 0.007929 0.010016 0.006530
5 0.817997 0.007307 0.004695 0.003420
5 0.787324 0.072295 0.002817 0.006530
5 0.800626 0.082245 0.003130 0.005908
10 0.788576 0.086287 0.002817 0.005908
5 0.786854 0.092351 0.003130 0.006219
10 0.797653 0.097326 0.009077 0.006219
5 0.790297 0.102767 0.003756 0.005286
10 0.800469 0.111163 0.011581 0.008396
6 0.818310 0.119403 0.009703 0.006841
5 0.761189 0.092506 0.004382 0.002799
10 0.849296 0.144901 0.010955 0.004975
5 0.861815 0.138215 0.005321 0.004042
5 0.886385 0.149565 0.005634 0.004353
48 0.829734 0.129820 0.028169 0.023321
5 0.903756 0.158738 0.005321 0.004042
10 0.923005 0.167755 0.005008 0.003420
5 0.955712 0.138526 0.002817 0.005286
5 0.954147 0.133396 0.002817 0.004975
5 0.952426 0.126088 0.003130 0.005286
5 0.949922 0.120025 0.003756 0.005597
5 0.948357 0.114739 0.003130 0.005597
5 0.946635 0.109142 0.003443 0.004975
5 0.945540 0.103700 0.003130 0.005286
5 0.943505 0.098570 0.002817 0.004975
5 0.942097 0.093439 0.003130 0.005286
5 0.940532 0.088308 0.003130 0.005597
5 0.938185 0.079757 0.003443 0.005908
5 0.905321 0.071828 0.004695 0.003109
5 0.934272 0.071362 0.004382 0.004664
5 0.928326 0.068408 0.005008 0.003731
5 0.918623 0.063588 0.005008 0.003420
5 0.913928 0.061878 0.005008 0.004353
5 0.908920 0.059857 0.004382 0.004042
10 0.955243 0.070429 0.003756 0.005286
10 0.876526 0.052394 0.010329 0.006530
10 0.844757 0.052861 0.006260 0.004353
10 0.843193 0.056592 0.005008 0.003109
5 0.887637 0.063277 0.005008 0.004042
5 0.894053 0.055970 0.004695 0.003731
5 0.904382 0.057680 0.004695 0.003420
5 0.899687 0.055348 0.004069 0.003731
5 0.895305 0.053483 0.005321 0.003731
5 0.884820 0.050529 0.003756 0.004664
5 0.889984 0.051461 0.004695 0.003420
5 0.882160 0.049129 0.003443 0.005597
5 0.877621 0.047264 0.003756 0.004975
5 0.875117 0.046175 0.003130 0.005286
5 0.871205 0.038246 0.004069 0.006219
5 0.874022 0.038402 0.003443 0.005908
5 0.875900 0.039646 0.004069 0.005286
5 0.878560 0.040578 0.003756 0.005908
5 0.882003 0.041511 0.003756 0.005908
5 0.883725 0.042600 0.003443 0.005597
5 0.885916 0.043688 0.004069 0.005908
5 0.888576 0.044310 0.004382 0.005908
5 0.892019 0.046175 0.003756 0.005908
5 0.894523 0.046953 0.003756 0.006219
5 0.896714 0.048352 0.004382 0.005908
5 0.898592 0.049596 0.003130 0.004042
5 0.914084 0.050684 0.003443 0.005597
5 0.916432 0.049751 0.003130 0.005597
5 0.918466 0.048974 0.004069 0.005286
10 0.920501 0.047730 0.004382 0.007152
10 0.924413 0.047886 0.004069 0.010572
10 0.932394 0.053016 0.011268 0.005286
10 0.935055 0.056281 0.010955 0.006219
53 0.884977 0.043999 0.032864 0.017102
53 0.889045 0.056281 0.035994 0.021144
53 0.920970 0.069963 0.034742 0.026741
53 0.948200 0.115361 0.021596 0.060323
48 0.871674 0.106343 0.146479 0.099502
48 0.806886 0.147388 0.046948 0.057214
48 0.766823 0.177239 0.020657 0.017413
48 0.900626 0.187500 0.148044 0.064055
10 0.968701 0.195896 0.010642 0.006841
5 0.992332 0.195118 0.003443 0.004664
10 0.740689 0.191387 0.005947 0.009639
5 0.738811 0.207090 0.004069 0.005597
48 0.662598 0.140547 0.164632 0.097015
48 0.508607 0.105566 0.102034 0.092351
5 0.473083 0.164646 0.005947 0.002799
48 0.481221 0.153451 0.019092 0.009017
48 0.513146 0.191542 0.100469 0.085199
5 0.577934 0.192164 0.005321 0.003109
5 0.577308 0.195740 0.004695 0.002177
5 0.577465 0.200560 0.004382 0.002488
5 0.588419 0.192320 0.003756 0.005286
5 0.592801 0.193874 0.003756 0.005286
5 0.603443 0.198849 0.003756 0.004664
5 0.588732 0.204291 0.003756 0.004975
5 0.597496 0.207867 0.003756 0.005286
5 0.577934 0.214863 0.004695 0.001866
5 0.577465 0.221859 0.003756 0.002177
5 0.576839 0.236163 0.003756 0.002799
5 0.577934 0.241294 0.004695 0.002488
5 0.584664 0.245802 0.002504 0.005908
5 0.588576 0.234919 0.002191 0.004664
5 0.597966 0.235230 0.002191 0.004042
5 0.609233 0.236940 0.004695 0.002488
5 0.608607 0.246424 0.002191 0.005286
5 0.610955 0.246424 0.002504 0.005286
5 0.613459 0.246580 0.002504 0.005597
5 0.616119 0.246580 0.002817 0.004975
5 0.618153 0.246735 0.002504 0.004664
5 0.620501 0.246735 0.002817 0.004664
5 0.622848 0.246735 0.002504 0.004664
5 0.625509 0.246269 0.002191 0.004975
5 0.630047 0.246735 0.002504 0.005286
5 0.637089 0.247046 0.002191 0.004664
5 0.639750 0.247046 0.002504 0.004664
5 0.642410 0.247201 0.002817 0.004975
5 0.644757 0.247201 0.002504 0.005597
5 0.646948 0.247201 0.002504 0.004353
5 0.649452 0.247512 0.002504 0.005597
5 0.651800 0.247979 0.002191 0.004664
5 0.654147 0.247668 0.002504 0.004664
5 0.656494 0.247979 0.002817 0.005286
5 0.659155 0.247979 0.002504 0.005286
5 0.674335 0.255442 0.002817 0.005286
5 0.676682 0.255752 0.003130 0.005286
5 0.669014 0.256063 0.002817 0.005286
5 0.656807 0.233675 0.003443 0.005286
5 0.654460 0.232743 0.003756 0.005286
5 0.652426 0.231810 0.003443 0.004664
5 0.649922 0.230877 0.003443 0.005286
5 0.647574 0.230410 0.003756 0.005597
5 0.645540 0.229322 0.002817 0.004042
5 0.643818 0.227923 0.003756 0.005597
5 0.641628 0.226990 0.003756 0.004975
5 0.639280 0.226057 0.003443 0.004353
5 0.637246 0.224969 0.003756 0.004664
5 0.635055 0.223881 0.003130 0.004353
5 0.632864 0.222792 0.003756 0.004042
5 0.630516 0.221859 0.003443 0.004042
5 0.628326 0.220927 0.003443 0.004664
5 0.626135 0.219994 0.003443 0.004664
5 0.623944 0.219061 0.003443 0.004664
5 0.637559 0.234919 0.003130 0.004042
5 0.635055 0.234142 0.003130 0.004353
5 0.632864 0.232587 0.003130 0.004975
5 0.630829 0.231499 0.003443 0.005286
5 0.628639 0.230721 0.003443 0.004975
5 0.626291 0.229789 0.003130 0.004975
5 0.623944 0.229011 0.002817 0.004664
5 0.621909 0.228389 0.003756 0.004664
5 0.619562 0.227456 0.002817 0.004042
5 0.617371 0.226835 0.003443 0.004664
5 0.615180 0.225902 0.003443 0.004664
5 0.612989 0.224036 0.003443 0.005286
5 0.611111 0.222948 0.003443 0.004975
5 0.608607 0.222637 0.003443 0.004975
5 0.599687 0.219216 0.003130 0.004353
5 0.595775 0.217040 0.003443 0.004353
5 0.590923 0.215485 0.002504 0.003731
5 0.614711 0.203047 0.003756 0.004975
5 0.618936 0.205535 0.003443 0.004353
5 0.621283 0.206001 0.003130 0.004664
5 0.625352 0.207867 0.003756 0.005286
5 0.627700 0.208955 0.003443 0.004975
5 0.632394 0.210976 0.003443 0.004664
5 0.634116 0.212531 0.003130 0.004664
5 0.636620 0.212842 0.003130 0.005286
5 0.638967 0.213930 0.002817 0.004353
5 0.643192 0.215951 0.003756 0.005286
5 0.645383 0.216573 0.003130 0.004664
5 0.647574 0.217351 0.003130 0.004353
5 0.649765 0.218128 0.003130 0.004664
5 0.654304 0.220149 0.002817 0.004353
5 0.656494 0.220927 0.003443 0.004042
5 0.658842 0.221704 0.003130 0.004353
5 0.662911 0.224192 0.002504 0.003731
5 0.665102 0.225124 0.003756 0.004975
5 0.667449 0.225746 0.002817 0.004353
5 0.669484 0.226679 0.003756 0.004353
5 0.674335 0.228856 0.003443 0.004353
53 0.589202 0.219372 0.031612 0.058147
53 0.621909 0.224658 0.036933 0.053794
53 0.658216 0.232276 0.038811 0.041667
48 0.697340 0.242537 0.033803 0.021766
48 0.707355 0.226835 0.011894 0.007774
10 0.759781 0.262127 0.017214 0.003731
10 0.736150 0.242226 0.011268 0.004353
10 0.697496 0.225280 0.006573 0.010883
10 0.694053 0.223881 0.006573 0.011194
10 0.691236 0.222015 0.006573 0.010572
57 0.660720 0.210354 0.007512 0.012749
53 0.687793 0.217662 0.073552 0.039179
5 0.668701 0.275342 0.005321 0.002799
5 0.669327 0.278141 0.004695 0.002799
5 0.669014 0.280317 0.004695 0.002799
5 0.669171 0.282960 0.005008 0.003731
5 0.669171 0.285914 0.004382 0.002799
5 0.669171 0.288713 0.005008 0.002799
5 0.669014 0.290889 0.004695 0.003420
5 0.668858 0.294465 0.004382 0.002488
5 0.668701 0.296953 0.004069 0.003109
5 0.669014 0.299596 0.004069 0.002799
48 0.758685 0.348725 0.184038 0.152674
5 0.653678 0.328669 0.007199 0.004353
2 0.365102 0.662003 0.061033 0.066542
2 0.194523 0.560012 0.075430 0.065920
2 0.156182 0.628576 0.058842 0.054415
48 0.079812 0.872046 0.020031 0.023321
48 0.058372 0.922108 0.022848 0.023943
10 0.024570 0.090485 0.005947 0.010572
10 0.021596 0.105410 0.006886 0.011194
10 0.008607 0.107276 0.012207 0.006841
10 0.006573 0.113495 0.011268 0.006841
5 0.004382 0.118315 0.005634 0.004042
5 0.021596 0.132618 0.003756 0.006530
10 0.030203 0.128420 0.007199 0.003731
5 0.028951 0.131996 0.005321 0.003420
5 0.023944 0.140081 0.005321 0.002799
5 0.026135 0.142102 0.004695 0.003109
10 0.027230 0.148943 0.006260 0.009950
5 0.018936 0.159204 0.005321 0.003109
5 0.014241 0.166511 0.005321 0.002799
5 0.012363 0.170398 0.005321 0.002488
10 0.017214 0.172730 0.009390 0.009639
10 0.005634 0.183769 0.005634 0.003109
10 0.006573 0.186256 0.010642 0.004975
12 0.005634 0.189366 0.007512 0.004975
5 0.265102 0.251088 0.005634 0.004042
5 0.236776 0.335199 0.005947 0.004353
5 0.234272 0.338775 0.005321 0.005286
8 0.271987 0.307680 0.010642 0.005908
5 0.274491 0.178172 0.003756 0.006219
10 0.307042 0.040889 0.006260 0.009017
5 0.031925 0.491138 0.003756 0.002177
5 0.066041 0.694963 0.005008 0.005597
9 0.459624 0.371269 0.004069 0.007463
9 0.685446 0.566698 0.010016 0.007152
5 0.674178 0.255131 0.002504 0.005286
9 0.695305 0.065920 0.007825 0.003731
5 0.667762 0.072295 0.002817 0.003420
9 0.653678 0.071984 0.007825 0.003420
5 0.732081 0.078047 0.001878 0.003109
5 0.694836 0.077736 0.001878 0.003109
5 0.731768 0.059391 0.002504 0.004975
5 0.169953 0.045864 0.003756 0.005286
5 0.172926 0.045709 0.002817 0.003109
5 0.175274 0.047108 0.003756 0.004042
5 0.177934 0.047264 0.002817 0.003109
48 0.842410 0.024254 0.072926 0.046642
53 0.753052 0.035448 0.007512 0.037935
53 0.739593 0.050995 0.006260 0.013682
48 0.981377 0.216884 0.013459 0.018346
48 0.774178 0.166511 0.005321 0.007774
8 0.985133 0.603078 0.005947 0.004664
48 0.991393 0.626088 0.007199 0.007774
52 0.905634 0.594994 0.056651 0.069963
52 0.838967 0.574938 0.071049 0.063433
52 0.965415 0.585510 0.062285 0.046020
52 0.938498 0.711132 0.022848 0.027985
52 0.971049 0.719061 0.042254 0.027052
52 0.789202 0.648787 0.025352 0.027052
52 0.814085 0.658116 0.025039 0.029540
52 0.840219 0.668999 0.027230 0.023321
52 0.762128 0.638526 0.028169 0.023943
52 0.739906 0.556281 0.048826 0.055348
52 0.702504 0.546175 0.025352 0.027052
52 0.702973 0.571828 0.025039 0.024876
52 0.658685 0.579913 0.017840 0.027985
52 0.679030 0.578358 0.022848 0.033582
52 0.721283 0.605877 0.056651 0.043843
52 0.776369 0.605721 0.053521 0.044154
52 0.840219 0.623912 0.074178 0.034515
52 0.914710 0.661847 0.074178 0.065609
52 0.865415 0.667599 0.023787 0.054104
52 0.783881 0.550062 0.039750 0.066542
52 0.586385 0.847637 0.067293 0.039801
52 0.593114 0.807214 0.055086 0.041045
52 0.656964 0.805970 0.071362 0.039801
52 0.653678 0.846393 0.065415 0.040423
52 0.599844 0.884484 0.041628 0.033893
52 0.616901 0.767724 0.033177 0.036692
52 0.643505 0.767413 0.018779 0.036692
52 0.674335 0.767413 0.042879 0.037313
52 0.660720 0.731810 0.051330 0.033271
52 0.932081 0.854633 0.038811 0.046953
52 0.917371 0.897855 0.051956 0.035759
52 0.908294 0.949316 0.042567 0.067786
52 0.843662 0.964241 0.034116 0.027363
52 0.834116 0.935479 0.019405 0.028918
52 0.765258 0.794310 0.081377 0.074316
52 0.769797 0.868315 0.066667 0.075560
52 0.712050 0.854167 0.050704 0.055348
52 0.709546 0.787003 0.029421 0.077736
52 0.822379 0.855566 0.038498 0.047575
52 0.824100 0.809235 0.036933 0.045709
52 0.870266 0.816076 0.049139 0.042600
52 0.863067 0.858520 0.042879 0.043532
52 0.837246 0.900808 0.068858 0.042910
48 0.844288 0.983831 0.005947 0.009328
52 0.899374 0.990983 0.025978 0.016169
52 0.809390 0.970305 0.035055 0.040734
52 0.843193 0.987251 0.033177 0.019279
52 0.801095 0.935168 0.046009 0.028918
52 0.781690 0.969994 0.020970 0.040112
52 0.755086 0.979167 0.031612 0.035448
52 0.767136 0.934080 0.021909 0.026741
52 0.779499 0.913402 0.046009 0.014614
52 0.545540 0.911536 0.022535 0.025808
52 0.521596 0.919154 0.025352 0.027985
52 0.514241 0.946206 0.023787 0.025498
52 0.495149 0.952581 0.014397 0.037002
52 0.487167 0.984608 0.028482 0.027052
48 0.440376 0.928638 0.004382 0.007152
48 0.435524 0.936878 0.005947 0.007463
48 0.427230 0.949627 0.005634 0.007463
52 0.644914 0.644590 0.046635 0.036692
52 0.682629 0.647077 0.029421 0.029851
43 0.490767 0.932680 0.003130 0.005286
52 0.449609 0.991138 0.046635 0.015236
52 0.454304 0.976057 0.036620 0.015547
5 0.019092 0.155628 0.005008 0.002177
5 0.923161 0.065920 0.004695 0.003731
43 0.504225 0.909515 0.009390 0.008706
43 0.599218 0.895833 0.012833 0.007463
43 0.675117 0.734453 0.011894 0.007463
43 0.723631 0.715019 0.011268 0.005908
43 0.812363 0.569185 0.008451 0.007774
45 0.924726 0.578825 0.009077 0.006530
43 0.956182 0.665267 0.009390 0.004664
43 0.967919 0.643035 0.005321 0.006841
43 0.798435 0.648787 0.008138 0.007152
42 0.655556 0.583955 0.005947 0.003109
42 0.679499 0.865983 0.006260 0.006219
43 0.676056 0.844372 0.006886 0.005286
43 0.590923 0.880286 0.005634 0.012438
39 0.720814 0.720149 0.005634 0.004353
45 0.660876 0.758395 0.005947 0.003731
43 0.841158 0.965174 0.004695 0.009328
42 0.835681 0.962065 0.005008 0.005597
45 0.852269 0.916511 0.008764 0.005286
42 0.852113 0.920398 0.005321 0.004353
42 0.851330 0.924440 0.008138 0.004975
9 0.484664 0.684546 0.007199 0.004664
38 0.507355 0.640547 0.010642 0.018035
43 0.443505 0.505131 0.010642 0.008396
43 0.430986 0.472481 0.005008 0.010261
