2 0.977778 0.583359 0.044444 0.060031
2 0.978560 0.427683 0.042879 0.064075
2 0.986854 0.347745 0.026291 0.077760
2 0.979969 0.510109 0.040063 0.067807
48 0.967449 0.758787 0.065102 0.301400
48 0.988263 0.944012 0.023474 0.033593
48 0.302191 0.124883 0.067919 0.068118
53 0.217058 0.123328 0.041002 0.040747
53 0.168075 0.099533 0.030047 0.032970
48 0.328482 0.081804 0.044757 0.037947
5 0.126761 0.453655 0.002504 0.005288
48 0.181064 0.735614 0.034116 0.053499
53 0.095149 0.736858 0.031299 0.024261
53 0.059781 0.779005 0.048200 0.100467
53 0.089045 0.766563 0.018466 0.040124
5 0.385915 0.124572 0.003130 0.005288
48 0.769171 0.106065 0.019718 0.016174
48 0.856338 0.049456 0.017527 0.014308
48 0.896557 0.106843 0.030360 0.010886
48 0.860720 0.077916 0.015649 0.020840
48 0.873083 0.097201 0.022222 0.026439
8 0.994679 0.612597 0.005634 0.004666
48 0.923631 0.951166 0.085759 0.097667
6 0.821596 0.998600 0.006886 0.002799
48 0.955086 0.959098 0.067919 0.081804
11 0.991393 0.980871 0.005947 0.010886
5 0.913615 0.876050 0.004382 0.005288
48 0.873709 0.978383 0.008451 0.009020
48 0.958842 0.896267 0.031612 0.029549
5 0.994053 0.500622 0.003756 0.009020
42 0.873865 0.072317 0.006260 0.007776
