48 0.237616 0.007176 0.013509 0.014351
48 0.246923 0.007176 0.008106 0.014351
5 0.344191 0.002748 0.003903 0.003053
48 0.375413 0.010229 0.024917 0.020458
5 0.210898 0.002901 0.002702 0.003969
48 0.356650 0.014351 0.007805 0.028702
48 0.414440 0.001527 0.015911 0.003053
48 0.423146 0.003817 0.011108 0.007634
48 0.435155 0.003359 0.015911 0.006718
48 0.298559 0.003664 0.006905 0.007328
5 0.997899 0.542901 0.004203 0.002443
48 0.991894 0.898779 0.016211 0.009466
48 0.995797 0.883206 0.008406 0.014962
48 0.993696 0.829160 0.006605 0.013740
48 0.996097 0.841069 0.007805 0.005802
48 0.997598 0.736336 0.004803 0.008244
48 0.997598 0.744580 0.004803 0.009466
48 0.995647 0.670840 0.008706 0.017710
48 0.996848 0.685954 0.006304 0.010076
48 0.991144 0.553588 0.011108 0.010992
48 0.993395 0.588550 0.013209 0.013740
48 0.995497 0.581221 0.009006 0.012519
48 0.997598 0.509160 0.004803 0.004580
48 0.992195 0.994809 0.015611 0.008550
48 0.992044 0.952824 0.015911 0.007634
48 0.996247 0.939237 0.007505 0.016489
48 0.992345 0.786260 0.011708 0.007328
48 0.993095 0.796489 0.004803 0.004580
48 0.992495 0.569313 0.013810 0.013740
48 0.994446 0.513740 0.010507 0.005802
48 0.996698 0.501679 0.006605 0.007328
5 0.935305 0.989618 0.002702 0.006107
5 0.932303 0.960000 0.002101 0.004885
5 0.732213 0.974962 0.002402 0.005496
5 0.729961 0.965191 0.002702 0.005496
5 0.729210 0.973130 0.001801 0.004275
5 0.730411 0.942137 0.002402 0.005191
5 0.694836 0.957252 0.004503 0.004885
5 0.082107 0.962595 0.002702 0.005802
5 0.074752 0.934657 0.006004 0.002443
5 0.061843 0.928092 0.002402 0.003969
5 0.022966 0.918168 0.002101 0.004885
5 0.087811 0.880305 0.002101 0.004885
5 0.087061 0.857710 0.002402 0.006107
5 0.074152 0.850076 0.004203 0.002443
5 0.085560 0.827481 0.002402 0.005496
5 0.088262 0.817710 0.002402 0.004275
5 0.084059 0.791603 0.002402 0.004580
5 0.087361 0.788702 0.002402 0.004885
5 0.086310 0.780000 0.002702 0.005191
5 0.082558 0.770076 0.002402 0.006107
5 0.086461 0.769924 0.002402 0.005191
5 0.086611 0.759084 0.002101 0.004275
5 0.081807 0.751908 0.002101 0.005191
5 0.085560 0.743206 0.003002 0.005496
5 0.081357 0.735420 0.003002 0.005802
5 0.085710 0.731450 0.002702 0.005191
5 0.080306 0.714046 0.002702 0.005802
5 0.084059 0.715878 0.002402 0.004580
5 0.083158 0.705802 0.002402 0.004580
5 0.082708 0.690382 0.002101 0.005496
5 0.078955 0.683053 0.001801 0.004885
5 0.081507 0.658931 0.002702 0.005496
5 0.070099 0.641527 0.002101 0.005496
5 0.079856 0.633588 0.001801 0.004885
5 0.078805 0.621527 0.002101 0.005191
5 0.066647 0.589924 0.003002 0.005496
5 0.074602 0.606412 0.002702 0.004275
5 0.078805 0.603206 0.002101 0.004580
5 0.074452 0.589466 0.002402 0.004580
5 0.076103 0.549924 0.002702 0.004885
5 0.071450 0.547634 0.003002 0.005191
5 0.074752 0.528244 0.002402 0.005496
5 0.073702 0.508092 0.002702 0.004885
5 0.069799 0.498473 0.002702 0.005191
5 0.053437 0.493130 0.004803 0.003664
5 0.045632 0.495115 0.004203 0.002748
5 0.010507 0.497252 0.004203 0.002748
5 0.098919 0.481985 0.004503 0.002137
5 0.072501 0.480611 0.002101 0.003664
5 0.068598 0.478779 0.002702 0.004885
5 0.067547 0.463511 0.002402 0.004885
5 0.071150 0.458626 0.002402 0.004275
5 0.066947 0.451603 0.003002 0.005496
5 0.070249 0.438931 0.002402 0.005191
5 0.065896 0.434657 0.002702 0.005802
5 0.053738 0.410840 0.002402 0.003969
5 0.065296 0.421374 0.003302 0.006107
5 0.068298 0.418168 0.003302 0.006412
5 0.053137 0.405802 0.002402 0.005496
5 0.067247 0.402443 0.002402 0.004275
5 0.064395 0.412061 0.002101 0.005191
5 0.063945 0.395115 0.002402 0.004885
5 0.062744 0.379389 0.003002 0.005191
5 0.066647 0.389771 0.003002 0.005802
5 0.066046 0.374046 0.002402 0.006107
5 0.050585 0.362443 0.005104 0.002443
5 0.062744 0.369160 0.002402 0.004885
5 0.065596 0.363969 0.002101 0.004885
5 0.061093 0.348855 0.002702 0.005191
5 0.064695 0.343969 0.002702 0.005802
5 0.063194 0.319084 0.003302 0.006107
5 0.059292 0.321832 0.002702 0.004885
5 0.062894 0.308855 0.002702 0.005191
5 0.061543 0.295267 0.002402 0.006718
5 0.058091 0.297252 0.002702 0.005191
5 0.057190 0.286718 0.002702 0.004885
5 0.059592 0.264733 0.002702 0.005496
5 0.056139 0.262137 0.002402 0.004580
5 0.058391 0.227939 0.002702 0.004580
5 0.057640 0.203511 0.001801 0.003969
5 0.055389 0.174504 0.002702 0.005802
5 0.086611 0.195725 0.005704 0.003664
5 0.062444 0.153435 0.004803 0.003969
5 0.063194 0.149160 0.004503 0.003359
5 0.063344 0.122443 0.002402 0.004885
5 0.053137 0.120000 0.002402 0.005496
5 0.050886 0.086718 0.002702 0.005496
5 0.174722 0.093435 0.002402 0.005496
5 0.074602 0.085038 0.005104 0.002137
5 0.081207 0.084885 0.004503 0.002443
5 0.134044 0.043206 0.005104 0.002137
5 0.135695 0.054351 0.003603 0.004885
5 0.071750 0.057863 0.003002 0.004580
5 0.121135 0.041679 0.005104 0.003359
5 0.043981 0.043969 0.002702 0.006718
5 0.060342 0.022290 0.003002 0.004885
5 0.221855 0.041985 0.001801 0.005191
5 0.254728 0.058321 0.003302 0.006107
5 0.255479 0.070534 0.004803 0.003053
5 0.256680 0.076794 0.004203 0.002748
5 0.264935 0.055573 0.002101 0.006107
5 0.290453 0.080305 0.002101 0.004885
5 0.314920 0.067634 0.002402 0.005191
5 0.225308 0.070687 0.002702 0.005191
5 0.228310 0.122595 0.002702 0.004580
5 0.262834 0.221221 0.002101 0.004580
5 0.264185 0.229313 0.002402 0.004885
5 0.236115 0.225954 0.002702 0.005496
5 0.270339 0.226870 0.002702 0.005496
5 0.021315 0.769924 0.003002 0.005191
5 0.009907 0.679847 0.002402 0.005802
5 0.005704 0.624275 0.002402 0.005191
5 0.006154 0.630076 0.002702 0.005802
5 0.791204 0.836183 0.004503 0.004580
5 0.923747 0.812061 0.006004 0.002748
5 0.955569 0.798015 0.005404 0.002748
5 0.940558 0.762290 0.006004 0.002748
5 0.833383 0.761985 0.003603 0.004580
5 0.836686 0.756489 0.003603 0.004580
5 0.840438 0.750992 0.004503 0.005191
5 0.845242 0.743817 0.002702 0.003053
5 0.847493 0.740305 0.002402 0.003359
5 0.854098 0.729924 0.004203 0.005191
5 0.861903 0.711908 0.003603 0.003969
5 0.897628 0.702748 0.004803 0.003969
5 0.898229 0.700458 0.005404 0.004885
5 0.869409 0.682137 0.003603 0.004275
5 0.864755 0.706718 0.003903 0.004580
48 0.061993 0.904427 0.009307 0.009160
48 0.047884 0.916336 0.006304 0.013435
48 0.055689 0.890840 0.009307 0.014962
48 0.018763 0.925802 0.008106 0.007328
48 0.004353 0.926718 0.008106 0.009160
48 0.011258 0.924428 0.008706 0.004580
48 0.004803 0.896489 0.009006 0.010382
5 0.020715 0.900305 0.001801 0.003359
48 0.031822 0.912824 0.004803 0.010076
48 0.018463 0.907634 0.005704 0.010687
48 0.007956 0.913588 0.008706 0.010382
48 0.009607 0.905496 0.013810 0.006412
48 0.012159 0.898473 0.005104 0.005191
48 0.016361 0.895725 0.006905 0.013130
48 0.002402 0.914046 0.004203 0.010076
48 0.014710 0.848397 0.004803 0.010076
48 0.006905 0.851298 0.013209 0.009160
48 0.006455 0.868244 0.005104 0.007634
48 0.032723 0.879695 0.008406 0.009771
48 0.005404 0.880000 0.010207 0.004275
48 0.043080 0.877099 0.012309 0.008244
48 0.055989 0.878321 0.009307 0.009466
48 0.060042 0.864886 0.008406 0.008244
48 0.015761 0.867634 0.004503 0.007634
5 0.070399 0.042290 0.002702 0.004580
48 0.071600 0.023053 0.015311 0.025344
48 0.113179 0.016031 0.005404 0.011298
48 0.102822 0.011756 0.016512 0.015573
48 0.092915 0.012824 0.006304 0.015267
5 0.108076 0.035420 0.002402 0.004275
5 0.070249 0.042137 0.002402 0.004275
5 0.148004 0.035420 0.002402 0.004885
48 0.103122 0.030382 0.015311 0.016183
48 0.092615 0.032366 0.006905 0.015267
48 0.122786 0.031145 0.014410 0.015878
48 0.115131 0.025344 0.009307 0.009771
48 0.132843 0.015573 0.005704 0.007939
5 0.248574 0.028092 0.003002 0.005496
48 0.222756 0.026718 0.013209 0.015573
48 0.236115 0.026260 0.017112 0.015878
48 0.274542 0.026565 0.021315 0.018321
48 0.415641 0.019389 0.013509 0.016794
48 0.435755 0.015573 0.015311 0.017710
5 0.447163 0.022137 0.002702 0.005191
48 0.422996 0.009618 0.009607 0.005802
48 0.465626 0.019389 0.005404 0.011908
48 0.453467 0.015725 0.019514 0.021679
48 0.445362 0.057099 0.012909 0.014046
48 0.427199 0.058015 0.012609 0.012824
5 0.413690 0.078473 0.002402 0.003664
5 0.437556 0.080000 0.002702 0.004885
5 0.409487 0.083817 0.001801 0.003969
48 0.444011 0.075725 0.012609 0.010382
48 0.425098 0.077863 0.016812 0.015878
48 0.401681 0.078931 0.012609 0.013130
48 0.392675 0.081374 0.005404 0.015573
48 0.449114 0.047939 0.007205 0.004885
48 0.401531 0.069618 0.004503 0.004275
48 0.401681 0.056794 0.012609 0.016489
48 0.394926 0.057099 0.009907 0.017099
48 0.347193 0.080153 0.012309 0.010076
5 0.356950 0.073282 0.002402 0.003664
48 0.366857 0.082137 0.022816 0.015878
48 0.359652 0.062901 0.016812 0.010382
48 0.369258 0.070687 0.004203 0.003969
48 0.374512 0.070840 0.006304 0.004885
48 0.374512 0.060153 0.006905 0.015878
48 0.355299 0.052061 0.011108 0.004580
48 0.346893 0.071756 0.003903 0.004275
48 0.333684 0.060458 0.033323 0.019542
5 0.282498 0.050534 0.003603 0.002137
48 0.314620 0.079695 0.008406 0.006718
48 0.323777 0.081527 0.011708 0.010992
48 0.329180 0.083817 0.009307 0.016183
48 0.296758 0.061527 0.019514 0.018626
48 0.279346 0.062443 0.014110 0.016183
48 0.269289 0.057557 0.006004 0.013740
48 0.285350 0.078779 0.004503 0.012824
48 0.274692 0.079695 0.015011 0.015267
48 0.277394 0.089771 0.012609 0.006718
48 0.277694 0.102443 0.021015 0.019237
48 0.239718 0.063511 0.015911 0.021374
48 0.232963 0.081679 0.005404 0.004580
48 0.241069 0.086260 0.013209 0.012519
48 0.248574 0.093588 0.008406 0.008244
48 0.250375 0.083664 0.005404 0.010992
48 0.242870 0.076947 0.004803 0.007328
48 0.212699 0.032672 0.004503 0.006107
48 0.214500 0.066107 0.017712 0.024733
5 0.182528 0.054198 0.004203 0.003359
48 0.196638 0.065496 0.021015 0.022290
48 0.175623 0.066107 0.012609 0.015573
5 0.184779 0.061221 0.002101 0.004580
5 0.184179 0.067176 0.002702 0.004885
48 0.177574 0.073435 0.020715 0.007634
9 0.158961 0.054198 0.008106 0.003359
48 0.172921 0.078168 0.003603 0.003664
48 0.181777 0.077557 0.011108 0.003664
48 0.129391 0.035267 0.004803 0.007023
48 0.134644 0.024122 0.008106 0.007328
48 0.134194 0.034504 0.005404 0.014046
48 0.123687 0.012672 0.014410 0.014351
48 0.135695 0.007481 0.004803 0.008855
48 0.143350 0.010687 0.012909 0.014046
48 0.162564 0.010382 0.012309 0.014046
48 0.162864 0.028397 0.012309 0.014046
48 0.179826 0.028092 0.018613 0.015267
48 0.171870 0.032824 0.006905 0.007023
48 0.219604 0.009313 0.017712 0.011908
48 0.248274 0.019542 0.005404 0.010382
48 0.282047 0.010992 0.004503 0.003664
48 0.412939 0.005344 0.010507 0.005802
48 0.296758 0.074351 0.012309 0.005191
48 0.158061 0.069466 0.018313 0.016183
48 0.150105 0.073588 0.005404 0.013435
5 0.164065 0.061832 0.002101 0.004580
48 0.150856 0.060000 0.009307 0.006412
48 0.143200 0.074962 0.009607 0.011908
48 0.138097 0.067023 0.012609 0.016183
48 0.129391 0.065954 0.003603 0.010382
48 0.129391 0.076031 0.010808 0.006718
48 0.122486 0.063053 0.009006 0.011298
48 0.118283 0.071603 0.017412 0.014351
48 0.109877 0.061985 0.006004 0.008550
48 0.095467 0.070992 0.013810 0.013130
48 0.095017 0.077710 0.013509 0.011298
48 0.085860 0.067176 0.004803 0.007939
48 0.082558 0.076794 0.011408 0.007023
48 0.075653 0.070229 0.017412 0.020763
48 0.067998 0.103359 0.003903 0.007023
48 0.068148 0.112824 0.003603 0.005802
48 0.084209 0.105802 0.020114 0.020458
13 0.110327 0.129313 0.012909 0.003359
13 0.110627 0.132519 0.012909 0.003664
13 0.109276 0.102290 0.003603 0.007328
13 0.110778 0.110687 0.003603 0.007023
48 0.028670 0.990076 0.008106 0.008244
48 0.038427 0.991908 0.013810 0.008244
48 0.027169 0.982443 0.003903 0.007023
48 0.031372 0.981985 0.003903 0.009771
48 0.048484 0.986412 0.006304 0.016183
48 0.039177 0.986260 0.014110 0.004885
48 0.057640 0.971756 0.010207 0.012519
48 0.062144 0.963969 0.008406 0.009160
48 0.046082 0.885191 0.009907 0.004275
48 0.065146 0.884275 0.007205 0.004275
48 0.056139 0.845954 0.016211 0.004580
48 0.042780 0.845802 0.004503 0.004885
48 0.007655 0.838473 0.010507 0.009160
48 0.027169 0.838626 0.005104 0.005802
48 0.037526 0.846565 0.005404 0.005191
48 0.061993 0.828092 0.004503 0.010992
48 0.067097 0.829008 0.005704 0.009160
48 0.067247 0.822901 0.007205 0.004885
48 0.071450 0.829313 0.004203 0.009771
48 0.061393 0.836031 0.007505 0.004885
48 0.012759 0.828550 0.007505 0.007634
48 0.007055 0.822290 0.008706 0.005496
48 0.014110 0.820611 0.004803 0.008244
48 0.011108 0.806565 0.004203 0.007634
48 0.004203 0.809618 0.004803 0.003969
48 0.033173 0.794809 0.007505 0.004275
48 0.032873 0.798168 0.008706 0.004885
48 0.050585 0.793893 0.009307 0.003664
48 0.051486 0.797252 0.008106 0.003664
48 0.034674 0.780305 0.024317 0.010687
48 0.024617 0.769313 0.004203 0.011298
48 0.029571 0.772519 0.006304 0.007939
48 0.038427 0.772977 0.013209 0.005191
48 0.054338 0.759389 0.010207 0.004275
48 0.063645 0.762137 0.007205 0.009771
48 0.050736 0.784733 0.010808 0.004275
48 0.040678 0.756031 0.009307 0.007328
48 0.061243 0.754656 0.010207 0.005191
48 0.049985 0.755267 0.012909 0.005191
48 0.046382 0.750229 0.003903 0.006107
48 0.008406 0.763359 0.010207 0.010992
48 0.008256 0.750382 0.004503 0.009466
48 0.120534 0.102595 0.004503 0.008550
48 0.120985 0.110992 0.004803 0.008855
48 0.117682 0.091145 0.010808 0.007634
48 0.163915 0.111450 0.017412 0.005496
48 0.164665 0.116641 0.015911 0.005496
48 0.147553 0.118168 0.020114 0.004885
48 0.155959 0.123511 0.033323 0.005802
48 0.133594 0.131756 0.005404 0.004580
48 0.123236 0.132061 0.005704 0.003969
48 0.124137 0.142137 0.004503 0.005802
48 0.122786 0.136641 0.007205 0.006412
48 0.156710 0.131145 0.034824 0.008244
48 0.220805 0.091450 0.011108 0.010687
48 0.213449 0.095725 0.007205 0.008855
48 0.187631 0.108244 0.015011 0.006412
48 0.205944 0.108092 0.018013 0.007328
48 0.208646 0.121679 0.016211 0.006412
48 0.223506 0.114962 0.007505 0.004580
48 0.222456 0.123359 0.007805 0.007328
48 0.190633 0.089008 0.011408 0.007023
48 0.207295 0.089466 0.004503 0.004275
48 0.198439 0.090382 0.005404 0.004275
48 0.203843 0.089313 0.005404 0.005191
48 0.187031 0.098626 0.013810 0.013435
48 0.206995 0.101832 0.017112 0.007023
48 0.205944 0.114504 0.012609 0.006718
48 0.012309 0.749313 0.005404 0.008550
48 0.035575 0.747328 0.008106 0.006412
48 0.035275 0.742748 0.010507 0.003969
48 0.041879 0.742290 0.003302 0.004885
48 0.023717 0.753130 0.005404 0.003969
48 0.066346 0.751145 0.007805 0.010382
48 0.069048 0.774046 0.003603 0.009771
48 0.047884 0.734504 0.005104 0.003969
48 0.051936 0.734809 0.004203 0.003969
48 0.066947 0.723053 0.004803 0.010992
48 0.066046 0.714962 0.003603 0.005802
48 0.027019 0.726565 0.015611 0.005802
48 0.006304 0.710229 0.009607 0.006718
48 0.009006 0.738931 0.003603 0.012824
48 0.007355 0.722901 0.009907 0.007634
48 0.023116 0.736947 0.004803 0.003969
48 0.004653 0.691450 0.006905 0.005191
48 0.018763 0.692824 0.006905 0.005496
48 0.008256 0.702443 0.003903 0.008244
48 0.039628 0.706565 0.004803 0.004275
48 0.040078 0.710534 0.005104 0.004275
48 0.038427 0.701985 0.004203 0.004275
48 0.060492 0.707939 0.003903 0.008244
48 0.064995 0.707634 0.005704 0.008855
48 0.050285 0.683664 0.010507 0.006718
48 0.058691 0.678931 0.008706 0.012519
48 0.059292 0.690992 0.009907 0.014046
48 0.065296 0.689466 0.004503 0.018931
48 0.018163 0.668244 0.006905 0.013130
48 0.044131 0.670076 0.008406 0.007023
48 0.049685 0.670840 0.002702 0.006718
48 0.059592 0.663664 0.003903 0.007634
48 0.050435 0.662290 0.015011 0.004885
48 0.055989 0.665649 0.005104 0.003664
48 0.026869 0.660153 0.014710 0.005496
48 0.022065 0.647023 0.012309 0.006107
48 0.187631 0.115420 0.012609 0.007328
48 0.187481 0.122595 0.014110 0.006412
48 0.243020 0.126412 0.012909 0.011603
5 0.259532 0.136183 0.002702 0.004885
48 0.022816 0.651908 0.013810 0.006718
48 0.036025 0.647023 0.005404 0.004885
48 0.039928 0.646260 0.005404 0.005191
48 0.045782 0.646260 0.007505 0.004580
48 0.016812 0.633588 0.003002 0.006107
48 0.024317 0.633435 0.012008 0.005802
48 0.033323 0.631603 0.006605 0.008244
48 0.016211 0.619237 0.004203 0.009160
48 0.013209 0.626260 0.003603 0.003664
48 0.019814 0.625954 0.003002 0.003664
48 0.022065 0.621374 0.003903 0.003664
48 0.025068 0.625344 0.008106 0.003664
48 0.024167 0.628244 0.005704 0.002137
48 0.026118 0.621832 0.004803 0.003969
48 0.031072 0.621069 0.003302 0.003664
48 0.033173 0.624580 0.008106 0.004580
48 0.034674 0.619389 0.004503 0.007023
48 0.023717 0.612824 0.009006 0.004275
48 0.032122 0.612824 0.007805 0.006107
48 0.041729 0.625191 0.009607 0.005191
48 0.052237 0.624580 0.013209 0.005191
48 0.047884 0.631756 0.006905 0.004275
48 0.043230 0.641985 0.013209 0.004580
48 0.033774 0.652519 0.009307 0.006718
48 0.238817 0.096794 0.005104 0.005496
48 0.271840 0.115878 0.006905 0.006412
48 0.287301 0.122748 0.005404 0.011603
48 0.281447 0.141679 0.019514 0.020153
48 0.454818 0.052977 0.004203 0.014351
48 0.301711 0.081832 0.013209 0.009771
48 0.242119 0.103511 0.012909 0.008550
48 0.251426 0.118779 0.006304 0.010992
48 0.278445 0.121985 0.012909 0.018015
48 0.244671 0.205649 0.014410 0.014351
48 0.310267 0.112977 0.021915 0.021985
48 0.330081 0.110840 0.018913 0.018321
48 0.351696 0.103664 0.016512 0.005802
48 0.351846 0.113435 0.013209 0.013740
48 0.370459 0.108397 0.021015 0.016489
48 0.362354 0.113435 0.004203 0.009466
5 0.443861 0.127023 0.003302 0.004275
48 0.281747 0.219237 0.011708 0.009771
48 0.277694 0.211756 0.010808 0.007023
48 0.318673 0.165954 0.012909 0.023511
48 0.342990 0.159237 0.020715 0.012519
48 0.367908 0.163206 0.013509 0.021679
48 0.344641 0.199847 0.016211 0.011908
48 0.363104 0.273435 0.021315 0.015573
48 0.311468 0.246870 0.008706 0.006412
48 0.296458 0.269924 0.009307 0.006718
48 0.410387 0.148550 0.007205 0.019237
48 0.401231 0.146260 0.012909 0.012214
48 0.431102 0.273130 0.009607 0.014351
48 0.120084 0.236489 0.012008 0.029618
48 0.092765 0.163664 0.009006 0.014656
48 0.215401 0.162137 0.011708 0.038473
48 0.027769 0.237863 0.012909 0.021374
48 0.113329 0.557710 0.012909 0.027786
48 0.054638 0.652824 0.010207 0.010382
48 0.025668 0.640305 0.026118 0.008550
48 0.030171 0.666260 0.018913 0.009771
48 0.033624 0.693588 0.015611 0.013130
48 0.022366 0.683817 0.012909 0.010076
48 0.042330 0.790076 0.008406 0.013130
48 0.061993 0.787328 0.009907 0.010076
48 0.042780 0.803511 0.008706 0.012519
48 0.032273 0.808244 0.011708 0.004885
48 0.052837 0.806718 0.004803 0.003664
48 0.028970 0.678015 0.005704 0.005802
48 0.015011 0.451603 0.003603 0.005496
48 0.008256 0.447634 0.012909 0.004275
48 0.018313 0.449771 0.007205 0.010382
48 0.009757 0.443511 0.015311 0.004580
48 0.019514 0.441069 0.004203 0.006412
48 0.018913 0.435573 0.003603 0.003969
48 0.047133 0.450840 0.004203 0.007023
48 0.046833 0.445344 0.003603 0.003969
48 0.394026 0.106107 0.005104 0.013740
48 0.402582 0.109771 0.011408 0.019237
48 0.409787 0.101985 0.004203 0.006107
48 0.415191 0.104275 0.007805 0.011908
48 0.424947 0.109008 0.015311 0.015267
48 0.438607 0.105802 0.012008 0.013130
48 0.423296 0.124733 0.009006 0.006412
48 0.039177 0.763053 0.008706 0.009771
48 0.034824 0.680305 0.009607 0.010992
48 0.049084 0.693130 0.011708 0.010382
48 0.047433 0.615725 0.018013 0.014962
48 0.041429 0.655420 0.004803 0.012519
48 0.041129 0.631145 0.006605 0.007328
48 0.049385 0.743053 0.012309 0.008855
48 0.030021 0.786412 0.013209 0.005191
48 0.053287 0.838779 0.008106 0.009160
48 0.046082 0.843817 0.005104 0.010076
48 0.015311 0.885191 0.007805 0.007939
48 0.054788 0.949924 0.013509 0.010992
48 0.044131 0.967176 0.020414 0.007634
48 0.068298 0.973130 0.009307 0.010992
48 0.040979 0.974351 0.021915 0.006718
48 0.045932 0.953588 0.004803 0.007939
48 0.434254 0.124275 0.012309 0.006718
48 0.007655 0.405038 0.009907 0.010076
48 0.016662 0.412824 0.007505 0.003053
48 0.015761 0.415878 0.006905 0.002443
48 0.016662 0.419389 0.007505 0.004580
48 0.030321 0.404275 0.004803 0.008550
48 0.030171 0.393282 0.004503 0.009771
48 0.033924 0.393588 0.004203 0.007939
48 0.065146 0.774809 0.006004 0.010076
48 0.046683 0.764122 0.005104 0.013740
48 0.056740 0.700916 0.020414 0.005802
48 0.026418 0.704122 0.014410 0.007328
48 0.048934 0.676031 0.012008 0.007328
48 0.043380 0.682443 0.007505 0.009771
48 0.144251 0.030840 0.012309 0.015878
5 0.438607 0.146870 0.003603 0.007328
48 0.022065 0.380305 0.005104 0.008244
48 0.087661 0.151145 0.006605 0.006718
48 0.109727 0.147176 0.006304 0.006107
48 0.102372 0.160916 0.007205 0.018321
48 0.119934 0.171908 0.005704 0.018321
48 0.108226 0.178168 0.024917 0.007023
48 0.101771 0.089618 0.013810 0.004580
48 0.425398 0.139695 0.009607 0.009466
48 0.436055 0.141832 0.007505 0.014351
48 0.400630 0.126718 0.015311 0.013435
48 0.409186 0.132977 0.008406 0.011298
48 0.398529 0.137557 0.007505 0.003969
48 0.411588 0.170382 0.007205 0.017710
48 0.401381 0.160916 0.016211 0.004885
48 0.401531 0.171603 0.014710 0.014656
9 0.385620 0.204580 0.002702 0.005496
48 0.152807 0.011298 0.005404 0.014656
48 0.200240 0.027786 0.018613 0.015267
48 0.179075 0.010076 0.017712 0.014046
48 0.200240 0.010534 0.020414 0.014962
48 0.322125 0.015725 0.046833 0.023511
48 0.024167 0.393435 0.008706 0.010076
48 0.031672 0.368702 0.027920 0.013740
48 0.024617 0.404275 0.006605 0.007939
48 0.016812 0.404275 0.005404 0.010992
48 0.290303 0.214504 0.007805 0.018015
48 0.253978 0.197557 0.009006 0.008550
5 0.386971 0.221069 0.002402 0.004885
48 0.400630 0.266718 0.006905 0.008244
48 0.363855 0.301374 0.020414 0.007328
48 0.333083 0.271603 0.011708 0.010687
48 0.302762 0.263969 0.006905 0.005191
48 0.402282 0.187481 0.012609 0.015267
48 0.412339 0.187481 0.007505 0.013435
48 0.397929 0.197252 0.006304 0.003664
48 0.406635 0.200458 0.011708 0.004580
48 0.402882 0.208550 0.013209 0.010382
48 0.410387 0.214351 0.004203 0.004885
48 0.412789 0.222290 0.004803 0.007328
48 0.403633 0.239695 0.014110 0.014046
48 0.403332 0.224580 0.015311 0.013130
48 0.379015 0.117405 0.004503 0.006412
48 0.250225 0.138015 0.008706 0.009160
13 0.234164 0.146718 0.003603 0.008855
48 0.242570 0.145344 0.015011 0.013435
48 0.253227 0.147939 0.004503 0.007634
48 0.244221 0.163969 0.012909 0.014046
48 0.252627 0.164885 0.005704 0.013435
48 0.287751 0.172519 0.007505 0.018321
48 0.279646 0.177099 0.013509 0.018321
48 0.245722 0.185802 0.013509 0.010687
48 0.111828 0.167939 0.010507 0.011603
48 0.078205 0.178473 0.017112 0.011908
48 0.079406 0.155878 0.014710 0.035115
48 0.071300 0.148397 0.009907 0.013435
48 0.094566 0.144122 0.021615 0.008550
48 0.114680 0.157863 0.014410 0.010992
48 0.118283 0.142290 0.005404 0.011603
48 0.119183 0.218779 0.007805 0.007023
48 0.097869 0.208092 0.050435 0.013130
48 0.099670 0.218168 0.007805 0.008244
48 0.102672 0.229924 0.008406 0.011603
48 0.100570 0.244733 0.012609 0.011908
48 0.075203 0.232977 0.008106 0.027481
48 0.081657 0.243359 0.005404 0.005496
48 0.138847 0.091756 0.007505 0.005802
48 0.139147 0.096336 0.008106 0.005191
48 0.149204 0.092824 0.015011 0.010992
48 0.161813 0.095878 0.012008 0.006107
48 0.160162 0.091450 0.006304 0.004580
48 0.166767 0.090840 0.009307 0.007023
48 0.134044 0.102443 0.005704 0.006412
48 0.147853 0.101527 0.012309 0.005191
48 0.148454 0.105802 0.021915 0.006412
48 0.144101 0.112061 0.021015 0.005496
48 0.165866 0.105649 0.008106 0.006107
48 0.182378 0.089466 0.005104 0.006718
48 0.210898 0.088702 0.004503 0.006412
48 0.273191 0.264733 0.009006 0.005496
48 0.284149 0.264733 0.014710 0.006107
48 0.790453 0.943511 0.011408 0.014656
48 0.770639 0.955420 0.008406 0.009771
48 0.772591 0.964580 0.005704 0.010992
48 0.788952 0.954656 0.015011 0.009466
48 0.767487 0.973435 0.016512 0.007328
48 0.770189 0.987176 0.009307 0.005496
48 0.827829 0.939389 0.005704 0.020458
48 0.827529 0.967481 0.005704 0.005191
48 0.832783 0.960916 0.005404 0.010382
48 0.840138 0.960000 0.008706 0.007939
48 0.846893 0.960000 0.006605 0.010992
48 0.839688 0.952824 0.019213 0.005802
48 0.247373 0.243969 0.012609 0.014046
48 0.246322 0.222748 0.013509 0.019237
48 0.256079 0.207634 0.009607 0.010992
48 0.255929 0.223206 0.005704 0.009771
48 0.850045 0.967328 0.028520 0.005496
48 0.867307 0.959695 0.005404 0.008550
48 0.862204 0.952519 0.007805 0.006412
48 0.839538 0.933282 0.006905 0.008855
48 0.841339 0.942137 0.005104 0.008244
48 0.844641 0.947634 0.011108 0.004580
48 0.873762 0.946718 0.008106 0.004580
48 0.882918 0.946718 0.011408 0.005191
48 0.874812 0.956031 0.010808 0.014046
48 0.886220 0.959695 0.009006 0.007939
48 0.884269 0.967481 0.012909 0.005802
48 0.874062 0.932214 0.008106 0.005496
48 0.895227 0.945802 0.012609 0.008244
48 0.904983 0.952519 0.007505 0.006412
48 0.904233 0.967023 0.012609 0.006107
48 0.917292 0.967023 0.008106 0.004885
48 0.925248 0.967176 0.008406 0.005191
48 0.860252 0.982137 0.011108 0.004580
48 0.906184 0.989618 0.009307 0.014046
48 0.919844 0.930992 0.014410 0.004885
48 0.907085 0.944885 0.005104 0.008244
48 0.252026 0.235573 0.014110 0.005191
48 0.256830 0.241985 0.004503 0.010687
48 0.281147 0.237863 0.013509 0.015878
48 0.951816 0.982443 0.011108 0.006412
48 0.852147 0.892214 0.017112 0.005496
48 0.879165 0.889771 0.011108 0.010382
48 0.867607 0.897405 0.007805 0.005496
48 0.914290 0.900153 0.019514 0.010382
48 0.918193 0.910076 0.011708 0.010687
48 0.927649 0.902595 0.008406 0.004885
48 0.939958 0.904427 0.009006 0.010382
48 0.948964 0.906870 0.011408 0.009160
48 0.959171 0.912519 0.008406 0.005191
48 0.978685 0.898779 0.009006 0.009466
48 0.880516 0.896794 0.007805 0.004885
48 0.879916 0.903969 0.009006 0.004580
48 0.886220 0.912824 0.010207 0.005191
48 0.896728 0.911756 0.008406 0.004275
48 0.902131 0.907634 0.004203 0.003969
48 0.907235 0.908397 0.006605 0.007328
48 0.933654 0.890076 0.019814 0.009160
48 0.893575 0.877099 0.008106 0.005802
48 0.901981 0.876641 0.005104 0.005496
48 0.915341 0.876641 0.004803 0.004885
48 0.902282 0.885802 0.004503 0.006718
48 0.899730 0.891908 0.009607 0.005496
48 0.909637 0.892672 0.012008 0.005191
48 0.950015 0.877252 0.013509 0.006718
48 0.945962 0.884427 0.004803 0.008855
48 0.945812 0.891298 0.003302 0.005496
48 0.951216 0.891298 0.007505 0.006107
48 0.961123 0.890229 0.005104 0.008244
48 0.971030 0.889618 0.009307 0.009466
48 0.980186 0.885954 0.007805 0.016183
48 0.987241 0.892214 0.006905 0.004885
48 0.977034 0.913435 0.005104 0.007634
48 0.861153 0.885191 0.005704 0.007328
48 0.867307 0.888244 0.007805 0.013435
48 0.832783 0.913282 0.008406 0.004885
48 0.847643 0.942595 0.005104 0.007939
48 0.886220 0.851145 0.006004 0.014962
48 0.892525 0.842443 0.006004 0.005496
48 0.899279 0.842290 0.008106 0.005191
48 0.915941 0.832366 0.014410 0.012824
48 0.905884 0.829466 0.005704 0.020458
48 0.878565 0.829008 0.009307 0.010992
48 0.885920 0.831908 0.004803 0.005191
48 0.888322 0.818473 0.010808 0.007023
48 0.913690 0.816183 0.021315 0.007328
48 0.959922 0.822443 0.006905 0.010076
48 0.953167 0.833740 0.019213 0.011298
48 0.973131 0.832214 0.017712 0.013740
48 0.901231 0.851603 0.005404 0.009160
48 0.892975 0.860916 0.005104 0.005191
48 0.926449 0.853130 0.006004 0.004885
48 0.960222 0.843053 0.006304 0.008550
48 0.961273 0.851756 0.005404 0.010687
48 0.954818 0.860763 0.008106 0.004885
48 0.979436 0.858473 0.008706 0.005191
48 0.985890 0.850076 0.005404 0.009771
48 0.986040 0.856794 0.004503 0.004275
48 0.989643 0.860763 0.007505 0.004885
48 0.987541 0.841221 0.008706 0.005496
48 0.906935 0.793893 0.009607 0.021374
48 0.928850 0.801527 0.006004 0.008550
48 0.940408 0.788244 0.017112 0.008855
48 0.949715 0.795725 0.005104 0.009771
48 0.966076 0.801832 0.005404 0.007328
48 0.968628 0.779237 0.005104 0.008550
48 0.975083 0.778321 0.008406 0.008550
48 0.939057 0.765649 0.009607 0.005191
48 0.921495 0.800305 0.004503 0.006107
48 0.897778 0.789160 0.007505 0.007634
48 0.894476 0.794351 0.006905 0.007634
48 0.940108 0.777863 0.023116 0.011298
48 0.987541 0.776641 0.005104 0.011298
48 0.977784 0.800611 0.006004 0.004885
48 0.987091 0.800458 0.008406 0.004580
48 0.965176 0.766718 0.005404 0.007328
48 0.939057 0.740916 0.009006 0.010076
48 0.934854 0.749313 0.009006 0.006107
48 0.950615 0.747176 0.009907 0.010382
48 0.946713 0.739084 0.006905 0.007023
48 0.966527 0.736489 0.004503 0.008550
48 0.970730 0.735573 0.005704 0.006107
48 0.976584 0.749618 0.007805 0.004885
48 0.939808 0.733588 0.017112 0.004580
48 0.954818 0.713740 0.006905 0.004580
48 0.952717 0.727176 0.009907 0.007634
48 0.960222 0.726260 0.005104 0.008855
48 0.965626 0.727023 0.005104 0.010382
48 0.980036 0.720153 0.005704 0.011298
48 0.990994 0.713740 0.008406 0.004580
48 0.987091 0.726870 0.006605 0.008244
48 0.989192 0.733588 0.012008 0.005802
48 0.988892 0.739847 0.009607 0.006107
48 0.987992 0.747481 0.008406 0.009160
48 0.960372 0.745496 0.007205 0.013130
48 0.978685 0.697557 0.015011 0.005191
48 0.979586 0.675420 0.006004 0.009160
48 0.988142 0.669160 0.008106 0.021679
48 0.756229 0.911908 0.010207 0.009466
48 0.760432 0.906260 0.009006 0.005496
48 0.762384 0.896641 0.018313 0.017405
48 0.787751 0.902748 0.010808 0.013130
48 0.789252 0.894198 0.012008 0.011908
48 0.788052 0.878015 0.011408 0.009466
48 0.773191 0.892214 0.012309 0.009771
48 0.793906 0.873588 0.011108 0.010382
48 0.796007 0.861374 0.018913 0.015267
48 0.851696 0.825802 0.008406 0.009466
48 0.842840 0.819847 0.017112 0.017099
48 0.838037 0.807939 0.012309 0.012214
48 0.824827 0.815114 0.026719 0.027786
48 0.838337 0.772061 0.008706 0.009466
48 0.909186 0.717405 0.013509 0.012519
48 0.892975 0.710840 0.011108 0.009160
48 0.929601 0.695267 0.012309 0.011603
48 0.954218 0.607176 0.008706 0.010076
48 0.965476 0.615878 0.009006 0.010382
48 0.984839 0.609008 0.008106 0.007023
48 0.990994 0.595878 0.008406 0.007634
48 0.980186 0.590534 0.012609 0.011603
48 0.984839 0.581374 0.014110 0.014656
48 0.279496 0.249618 0.011408 0.004580
48 0.280546 0.227176 0.008106 0.006107
48 0.259231 0.216031 0.004503 0.007634
48 0.241069 0.195115 0.009006 0.004275
48 0.281447 0.205649 0.004503 0.004580
48 0.280096 0.194198 0.013209 0.016489
9 0.349144 0.254656 0.010207 0.004275
13 0.076403 0.254809 0.003302 0.008855
48 0.081957 0.259695 0.010207 0.008855
48 0.098169 0.256794 0.024617 0.010382
48 0.121285 0.259237 0.008406 0.004275
48 0.084209 0.277099 0.011108 0.008244
48 0.113179 0.276947 0.047433 0.010382
48 0.180877 0.275878 0.085560 0.009466
5 0.165266 0.261221 0.003903 0.002137
48 0.242119 0.270687 0.038127 0.006412
48 0.263134 0.265191 0.009307 0.006412
48 0.185680 0.270076 0.075953 0.007023
5 0.160012 0.384122 0.005404 0.002443
9 0.161363 0.401832 0.003903 0.007328
5 0.148754 0.386412 0.004503 0.003969
5 0.153708 0.389924 0.004203 0.004275
5 0.158811 0.435420 0.002402 0.003053
9 0.077004 0.452672 0.002702 0.006412
9 0.058841 0.441221 0.002402 0.006718
48 0.142600 0.412824 0.036025 0.065954
48 0.011258 0.382137 0.015311 0.013130
48 0.039628 0.427634 0.022816 0.010076
48 0.025068 0.428702 0.007505 0.009160
48 0.012609 0.427634 0.019213 0.012519
48 0.009156 0.395878 0.006905 0.007634
5 0.039478 0.388855 0.004503 0.002748
48 0.044581 0.394962 0.014110 0.007023
48 0.034824 0.384733 0.004803 0.004885
48 0.031372 0.385496 0.003302 0.003359
48 0.027769 0.414809 0.012309 0.010687
48 0.040228 0.413588 0.014410 0.009466
48 0.039928 0.403359 0.015611 0.010992
48 0.009307 0.435878 0.012609 0.005802
48 0.047583 0.434657 0.006304 0.007023
5 0.086911 0.481374 0.004503 0.002748
48 0.045782 0.470076 0.011108 0.016183
48 0.046082 0.479695 0.009307 0.004885
48 0.046533 0.460305 0.007205 0.004580
48 0.006905 0.489160 0.008406 0.008550
48 0.009907 0.463664 0.013209 0.008855
48 0.029421 0.463206 0.010808 0.012214
48 0.031972 0.460611 0.009307 0.011298
48 0.030922 0.481527 0.014410 0.009771
48 0.013509 0.484580 0.007205 0.014656
48 0.014410 0.473130 0.007205 0.008855
48 0.020564 0.466260 0.008706 0.011603
5 0.004803 0.453130 0.004203 0.002443
48 0.008106 0.478931 0.006004 0.013740
48 0.022065 0.486260 0.006304 0.007023
48 0.007805 0.469924 0.005404 0.003664
5 0.039928 0.496489 0.005404 0.003053
9 0.070249 0.529313 0.004203 0.010076
5 0.009457 0.503817 0.004503 0.002443
48 0.006605 0.514198 0.007205 0.007939
48 0.043981 0.503664 0.005704 0.006412
48 0.050435 0.511298 0.006004 0.005191
48 0.045032 0.510076 0.009006 0.008244
48 0.039177 0.506565 0.008106 0.006107
48 0.031972 0.507634 0.008706 0.008244
48 0.025668 0.509771 0.005704 0.007634
48 0.020564 0.510534 0.007505 0.006718
48 0.010357 0.512366 0.003903 0.006107
48 0.026268 0.527328 0.039928 0.015267
9 0.060642 0.575267 0.003002 0.005496
9 0.077454 0.586565 0.003603 0.007328
9 0.066647 0.612214 0.003002 0.006107
48 0.032723 0.589160 0.039628 0.012519
5 0.081357 0.673130 0.003002 0.005191
9 0.016962 0.758626 0.003903 0.013740
48 0.069349 0.960916 0.009006 0.015267
9 0.078505 0.983053 0.002101 0.005191
48 0.075503 0.967176 0.005104 0.005191
48 0.075803 0.973893 0.005704 0.010076
48 0.061843 0.984427 0.023416 0.014656
48 0.066647 0.942595 0.013209 0.004275
48 0.070699 0.948092 0.009307 0.007939
48 0.063044 0.951298 0.006605 0.008855
48 0.054488 0.962595 0.008706 0.007023
48 0.029871 0.959084 0.005704 0.014046
48 0.043530 0.961069 0.007805 0.008244
48 0.038427 0.960611 0.005404 0.007328
48 0.034374 0.960000 0.005704 0.007328
48 0.048634 0.961985 0.004803 0.007023
48 0.041129 0.947634 0.007805 0.010076
48 0.034074 0.947786 0.008706 0.008550
48 0.029721 0.970840 0.007205 0.006412
48 0.011408 0.981374 0.016812 0.009160
48 0.007956 0.974351 0.008106 0.006107
48 0.005554 0.969771 0.005704 0.005496
48 0.012309 0.970992 0.007205 0.005496
48 0.018163 0.972519 0.005704 0.005496
48 0.004653 0.955725 0.008706 0.010382
48 0.010657 0.958321 0.010507 0.009466
48 0.011108 0.947481 0.012008 0.007328
48 0.021915 0.951908 0.006605 0.006412
48 0.015911 0.945649 0.006605 0.003664
48 0.021765 0.945802 0.006304 0.007023
48 0.021315 0.956336 0.004203 0.005496
48 0.017562 0.961069 0.005704 0.004580
48 0.005704 0.961985 0.004803 0.002748
13 0.056139 0.943969 0.010207 0.002137
5 0.029421 0.915878 0.002402 0.005191
48 0.033924 0.925496 0.009607 0.009771
48 0.053137 0.926870 0.004203 0.004580
48 0.042480 0.925344 0.006905 0.007023
48 0.035425 0.891450 0.012609 0.007634
48 0.047133 0.893435 0.009607 0.012214
48 0.065746 0.895267 0.012008 0.006718
48 0.049385 0.904427 0.008106 0.008550
48 0.069349 0.914656 0.008406 0.018015
48 0.040528 0.915115 0.011408 0.014046
48 0.037226 0.901527 0.015611 0.007023
48 0.071000 0.903969 0.005704 0.003969
48 0.061993 0.920763 0.009307 0.008855
48 0.062294 0.912977 0.008106 0.008550
48 0.013660 0.859237 0.006905 0.007939
48 0.042780 0.906260 0.005104 0.004275
48 0.048634 0.867176 0.012008 0.014046
48 0.034074 0.864275 0.012909 0.004580
48 0.042180 0.871450 0.004503 0.004885
48 0.070850 0.876183 0.008406 0.008244
48 0.060793 0.872061 0.012309 0.004885
48 0.056590 0.854198 0.015911 0.013740
48 0.068448 0.853130 0.007205 0.014046
48 0.042029 0.854657 0.012609 0.012824
48 0.036175 0.831145 0.017112 0.007939
48 0.039027 0.824427 0.016211 0.006107
48 0.054188 0.827634 0.010507 0.011298
48 0.046683 0.833130 0.005104 0.011908
48 0.070099 0.836794 0.006905 0.006412
48 0.005554 0.814809 0.009307 0.005191
48 0.059292 0.799084 0.007505 0.007939
48 0.070850 0.797863 0.004203 0.006718
48 0.065296 0.796031 0.007505 0.006107
48 0.037226 0.814046 0.020414 0.009160
48 0.031072 0.734046 0.008706 0.008550
48 0.041579 0.723359 0.015311 0.021374
48 0.025668 0.718473 0.018313 0.010992
48 0.047583 0.731756 0.004503 0.003359
48 0.059141 0.732519 0.005404 0.007939
48 0.060342 0.719847 0.008406 0.015573
48 0.043230 0.703359 0.004803 0.007023
5 0.007055 0.640763 0.002702 0.005191
48 0.057640 0.640763 0.014410 0.013740
48 0.052387 0.725344 0.005704 0.014962
48 0.019213 0.677099 0.005404 0.003359
48 0.035425 0.658626 0.007205 0.006718
48 0.021765 0.610382 0.020114 0.009160
5 0.092165 0.912366 0.002402 0.003053
48 0.098919 0.940458 0.003302 0.007939
48 0.200090 0.671450 0.072951 0.061069
48 0.223506 0.685191 0.058541 0.049466
48 0.131192 0.690534 0.015011 0.018015
5 0.149204 0.672519 0.002402 0.004580
9 0.153708 0.670534 0.005404 0.008550
48 0.158211 0.657099 0.006004 0.007328
9 0.183729 0.650229 0.005404 0.005802
9 0.185230 0.647939 0.004203 0.004885
48 0.237016 0.661679 0.009907 0.009160
5 0.204143 0.638015 0.004203 0.003969
9 0.202642 0.636031 0.005404 0.004885
48 0.214200 0.635725 0.016512 0.012214
48 0.167667 0.614198 0.021915 0.019847
5 0.187631 0.596336 0.003603 0.004275
5 0.132843 0.577099 0.003903 0.002443
9 0.129240 0.575114 0.007505 0.003359
5 0.126539 0.573282 0.003302 0.002748
5 0.128340 0.566718 0.003903 0.002443
48 0.138847 0.533435 0.030321 0.029924
5 0.126539 0.510229 0.002702 0.002443
48 0.130591 0.497405 0.005404 0.005496
48 0.094866 0.498779 0.006004 0.005802
48 0.178625 0.483664 0.011408 0.008550
48 0.173822 0.475114 0.007205 0.007939
48 0.401531 0.365802 0.036325 0.054351
48 0.368508 0.396031 0.010507 0.005496
9 0.680877 0.994809 0.021615 0.006718
9 0.685830 0.991603 0.012909 0.006412
9 0.687481 0.986565 0.012008 0.008550
9 0.691084 0.983817 0.012008 0.007328
9 0.689733 0.978626 0.018913 0.009160
9 0.698889 0.972977 0.013810 0.008244
9 0.678325 0.985954 0.005104 0.003664
48 0.712699 0.978779 0.006605 0.012519
48 0.703993 0.995420 0.006605 0.004885
9 0.698589 0.977405 0.009006 0.006107
9 0.699640 0.968855 0.011708 0.006718
9 0.700691 0.964580 0.011408 0.006718
9 0.702342 0.961221 0.011108 0.006718
9 0.704893 0.958168 0.010207 0.005496
9 0.705344 0.954198 0.011108 0.005496
9 0.707145 0.951145 0.012309 0.006718
48 0.714500 0.930534 0.006605 0.006412
48 0.767787 0.965649 0.006304 0.008855
48 0.788802 0.974809 0.011108 0.008855
48 0.777844 0.979542 0.007205 0.019542
48 0.754878 0.972519 0.009907 0.006718
48 0.755179 0.983359 0.008106 0.010687
48 0.760733 0.953130 0.012008 0.007634
48 0.757130 0.961374 0.004203 0.008855
48 0.787902 0.964580 0.014710 0.010382
48 0.777244 0.959847 0.004803 0.019847
48 0.768988 0.940305 0.011708 0.021679
48 0.780096 0.939389 0.010507 0.020458
48 0.752327 0.942137 0.004803 0.006412
48 0.753077 0.948244 0.003903 0.003969
48 0.756980 0.940611 0.004503 0.008244
48 0.756530 0.932977 0.006605 0.007023
48 0.759682 0.928092 0.004503 0.005191
48 0.768688 0.927939 0.013509 0.004275
48 0.808166 0.989924 0.004203 0.009160
48 0.812819 0.986107 0.005104 0.011298
48 0.821375 0.983817 0.009607 0.006107
48 0.829030 0.983969 0.004503 0.007023
48 0.824977 0.994199 0.009006 0.009771
48 0.832032 0.996183 0.003903 0.005191
48 0.836536 0.989924 0.005704 0.017710
48 0.810117 0.967481 0.006905 0.008244
48 0.854548 0.993282 0.008706 0.010992
48 0.864005 0.994962 0.009607 0.008244
48 0.873311 0.991145 0.005404 0.015878
48 0.884719 0.994962 0.008406 0.008244
48 0.894026 0.989618 0.008406 0.018931
48 0.883368 0.982443 0.013509 0.004580
48 0.878265 0.995267 0.003302 0.007634
48 0.881717 0.989924 0.008406 0.003053
48 0.887872 0.987481 0.003903 0.006107
48 0.913990 0.995115 0.008106 0.007939
48 0.921945 0.995115 0.009006 0.008550
48 0.921795 0.982137 0.009307 0.004580
48 0.906184 0.997863 0.008106 0.003053
48 0.929751 0.990534 0.007205 0.017710
48 0.944911 0.994962 0.006304 0.008855
48 0.950315 0.997405 0.004503 0.004580
48 0.960522 0.993435 0.006905 0.009466
48 0.959321 0.981374 0.003302 0.004275
48 0.966527 0.987481 0.005704 0.015267
48 0.974032 0.994351 0.008706 0.008244
48 0.981087 0.991908 0.007205 0.012519
48 0.989042 0.982748 0.009907 0.007023
48 0.953618 0.931603 0.008106 0.006107
48 0.978085 0.931450 0.011408 0.005802
48 0.960372 0.943664 0.006605 0.008855
48 0.974182 0.941985 0.019213 0.012214
48 0.959171 0.966107 0.006605 0.005496
48 0.979586 0.952977 0.007205 0.007939
48 0.986491 0.945038 0.006605 0.007939
48 0.987091 0.936031 0.006004 0.009466
48 0.949415 0.951145 0.016512 0.004885
48 0.944911 0.958779 0.007505 0.003664
48 0.976584 0.966870 0.007205 0.005191
48 0.982288 0.966260 0.004203 0.003969
48 0.987992 0.962443 0.007805 0.005496
48 0.942360 0.945496 0.004203 0.006412
48 0.945962 0.945649 0.004203 0.005496
48 0.962174 0.951908 0.004203 0.006412
48 0.960973 0.957557 0.004803 0.003664
48 0.961423 0.961985 0.003903 0.003969
48 0.964425 0.930534 0.008706 0.003969
48 0.793606 0.992672 0.004503 0.004885
48 0.809967 0.935420 0.010808 0.014351
48 0.819424 0.931756 0.011108 0.005191
48 0.820174 0.951298 0.019814 0.011298
48 0.895377 0.931603 0.012909 0.004885
48 0.911438 0.935725 0.004203 0.013130
48 0.913840 0.945649 0.009607 0.007328
48 0.917592 0.961374 0.005104 0.003969
48 0.911738 0.956947 0.005404 0.015878
48 0.927199 0.960305 0.004503 0.006107
48 0.923897 0.953740 0.016512 0.007634
48 0.926749 0.944122 0.013209 0.011603
48 0.854398 0.931450 0.010207 0.003969
48 0.865656 0.947786 0.009307 0.005496
48 0.972531 0.876336 0.006905 0.004885
48 0.965626 0.903969 0.003903 0.006412
48 0.966977 0.896641 0.006605 0.003969
48 0.956620 0.897252 0.005104 0.005802
48 0.933804 0.896794 0.020114 0.006107
48 0.938307 0.880458 0.010507 0.010687
48 0.877064 0.875115 0.011108 0.007939
48 0.894476 0.899237 0.018313 0.009771
48 0.876464 0.910840 0.006905 0.007328
48 0.834284 0.896947 0.021615 0.004580
48 0.859652 0.879542 0.008706 0.005802
48 0.851396 0.899695 0.007205 0.007634
48 0.862504 0.912672 0.008406 0.003664
48 0.866557 0.904885 0.004503 0.009466
48 0.886821 0.887939 0.004803 0.007328
48 0.885020 0.877863 0.009006 0.006107
48 0.882768 0.882901 0.004503 0.003969
48 0.823627 0.913435 0.009907 0.009466
48 0.928850 0.876489 0.003603 0.003969
48 0.940558 0.913740 0.005404 0.006412
48 0.947013 0.916031 0.005104 0.004885
48 0.987091 0.912977 0.003603 0.003053
48 0.964875 0.877710 0.003002 0.004580
48 0.989192 0.875725 0.004803 0.003053
48 0.919544 0.854046 0.009006 0.017099
48 0.908136 0.849771 0.007205 0.010382
48 0.909487 0.861527 0.011708 0.007023
48 0.940258 0.857405 0.006605 0.006718
48 0.946563 0.844885 0.007205 0.009771
48 0.944761 0.855725 0.007205 0.013740
48 0.967127 0.855725 0.008706 0.016794
48 0.979135 0.850534 0.008706 0.008244
48 0.976283 0.842137 0.012008 0.004275
48 0.986791 0.828397 0.006605 0.017710
48 0.948664 0.821679 0.010808 0.014046
48 0.931402 0.816794 0.008106 0.004275
48 0.930051 0.830229 0.011408 0.017099
48 0.877214 0.837557 0.028820 0.004885
48 0.897628 0.831298 0.012008 0.016794
48 0.873762 0.819084 0.005104 0.005191
48 0.880366 0.820153 0.005104 0.004275
48 0.873461 0.845191 0.018313 0.009771
48 0.865056 0.857863 0.021915 0.010687
48 0.900630 0.861221 0.006004 0.009466
48 0.937556 0.843511 0.011408 0.010076
48 0.981687 0.786412 0.010207 0.007634
48 0.988592 0.793435 0.004203 0.007634
9 0.968028 0.806565 0.006304 0.002137
5 0.955719 0.800763 0.003903 0.002137
5 0.955569 0.795725 0.004203 0.001832
5 0.955419 0.792824 0.004503 0.002137
9 0.955719 0.805344 0.006304 0.002748
9 0.961273 0.799084 0.003002 0.005496
48 0.935605 0.801985 0.008106 0.007023
48 0.921645 0.790840 0.018613 0.014656
48 0.889523 0.800000 0.008406 0.007939
48 0.921795 0.774351 0.013509 0.018321
48 0.946262 0.768244 0.004803 0.009771
48 0.909787 0.775267 0.010507 0.007328
48 0.988742 0.767023 0.003903 0.007328
48 0.993095 0.765802 0.004203 0.004885
48 0.972681 0.798473 0.004203 0.009771
48 0.982438 0.792519 0.005104 0.003969
48 0.973581 0.784886 0.006605 0.004580
48 0.960823 0.778168 0.006905 0.007023
48 0.955719 0.735725 0.014710 0.007634
48 0.941609 0.723053 0.012309 0.016489
5 0.955569 0.710076 0.004803 0.002137
9 0.969829 0.717099 0.005704 0.002748
48 0.961723 0.692672 0.007505 0.009466
48 0.966527 0.688550 0.007505 0.005496
48 0.974632 0.670687 0.015311 0.018626
48 0.992795 0.683053 0.003002 0.007939
48 0.948214 0.634046 0.013509 0.013130
48 0.944311 0.644122 0.011108 0.008855
48 0.965476 0.652366 0.010207 0.009466
48 0.950615 0.650229 0.009907 0.010076
48 0.963675 0.643511 0.007805 0.007634
48 0.956019 0.638321 0.005704 0.005191
48 0.929300 0.635420 0.009307 0.010992
48 0.935455 0.625496 0.006605 0.004580
48 0.939958 0.624733 0.003603 0.004275
48 0.935455 0.674809 0.010207 0.009771
48 0.939207 0.666412 0.010507 0.011908
48 0.949415 0.656794 0.017112 0.012214
13 0.899129 0.673588 0.007805 0.010382
5 0.915491 0.690840 0.004503 0.003359
5 0.914140 0.684275 0.003002 0.004885
9 0.897328 0.681069 0.006004 0.005191
5 0.899129 0.698168 0.004803 0.003969
13 0.916842 0.685038 0.004803 0.005191
9 0.911738 0.691450 0.005404 0.003969
9 0.907385 0.694046 0.006304 0.004885
9 0.906485 0.696183 0.005704 0.004885
48 0.918043 0.679389 0.006605 0.006718
9 0.872110 0.700153 0.006605 0.007328
48 0.794956 0.907328 0.012609 0.010076
48 0.778745 0.914504 0.015611 0.007328
48 0.767037 0.885954 0.008406 0.008855
48 0.806965 0.897710 0.010808 0.009160
48 0.797208 0.912519 0.012909 0.010687
48 0.776944 0.905191 0.013810 0.012519
48 0.767487 0.909466 0.003302 0.005802
48 0.765386 0.912977 0.003903 0.004275
48 0.780246 0.891756 0.004803 0.004580
48 0.812669 0.891298 0.005404 0.005496
48 0.797208 0.869160 0.009307 0.007023
48 0.777394 0.865038 0.005704 0.004885
48 0.783398 0.869008 0.009907 0.007939
48 0.800210 0.875420 0.009907 0.012824
48 0.798409 0.883969 0.011708 0.008550
48 0.805464 0.883817 0.010207 0.007634
48 0.821075 0.855573 0.013209 0.013435
48 0.829481 0.843511 0.013209 0.010076
48 0.812969 0.858015 0.015011 0.022595
48 0.820474 0.845344 0.007205 0.012519
48 0.808766 0.840916 0.036626 0.042748
48 0.847043 0.812519 0.017112 0.017099
48 0.842540 0.797557 0.011708 0.010382
48 0.860402 0.769313 0.010808 0.010076
48 0.879466 0.783664 0.009907 0.011908
48 0.875113 0.767328 0.012609 0.012214
48 0.870910 0.777557 0.015611 0.014351
48 0.855599 0.779695 0.007805 0.007634
48 0.865806 0.762443 0.012008 0.010382
48 0.846443 0.771908 0.009307 0.007939
48 0.899580 0.753740 0.006905 0.008244
48 0.847944 0.762443 0.015311 0.014656
48 0.855749 0.746718 0.006304 0.005802
48 0.856199 0.762290 0.005404 0.004580
48 0.865656 0.739084 0.012309 0.010076
48 0.862504 0.743664 0.007205 0.007023
48 0.867757 0.746412 0.007505 0.007023
48 0.879766 0.737557 0.016512 0.013740
48 0.893575 0.743969 0.018313 0.016183
48 0.907835 0.742595 0.009006 0.009160
48 0.889673 0.727786 0.012309 0.013740
5 0.881567 0.728550 0.003302 0.003053
48 0.899580 0.726565 0.014710 0.016183
13 0.881867 0.707328 0.009307 0.010687
48 0.909337 0.729771 0.013209 0.013435
48 0.918643 0.726870 0.007805 0.006412
48 0.922996 0.714809 0.009907 0.013435
48 0.903783 0.708550 0.014710 0.017405
48 0.913239 0.707939 0.009607 0.008855
48 0.914440 0.712519 0.006605 0.005802
48 0.885470 0.709008 0.008106 0.009771
9 0.888472 0.690534 0.005104 0.006412
48 0.924347 0.705038 0.013810 0.011603
48 0.932903 0.689771 0.008706 0.007328
48 0.907835 0.668397 0.006004 0.005496
48 0.905434 0.671756 0.005404 0.004885
48 0.909036 0.678779 0.005404 0.004885
48 0.912789 0.660763 0.005104 0.004885
48 0.923597 0.654046 0.003903 0.003664
48 0.914740 0.657557 0.004203 0.003969
48 0.918943 0.660305 0.010808 0.012519
48 0.968778 0.599237 0.016211 0.012519
48 0.953167 0.615573 0.015611 0.010382
48 0.992795 0.610382 0.007205 0.006718
48 0.948514 0.606870 0.009307 0.010076
48 0.952567 0.599389 0.006004 0.005496
48 0.971030 0.618168 0.011708 0.015573
48 0.975683 0.595878 0.007205 0.005802
48 0.969379 0.590840 0.009006 0.006718
48 0.957971 0.590840 0.005404 0.004885
48 0.973131 0.576794 0.010507 0.009160
48 0.978835 0.563359 0.011108 0.010382
48 0.989493 0.576183 0.009006 0.007939
48 0.982438 0.571603 0.008706 0.004885
48 0.141699 0.244580 0.010207 0.007328
48 0.164665 0.246870 0.033323 0.014351
48 0.223807 0.247328 0.005704 0.010382
48 0.183879 0.251145 0.005104 0.009466
48 0.214500 0.249160 0.003903 0.005496
48 0.198589 0.246107 0.031522 0.013435
48 0.183428 0.233588 0.010808 0.009771
48 0.172621 0.233588 0.012609 0.010382
48 0.211498 0.233893 0.009307 0.006107
48 0.139898 0.232672 0.007805 0.017710
48 0.149955 0.232061 0.005104 0.004885
48 0.145602 0.235267 0.005404 0.006412
48 0.150705 0.236794 0.006004 0.005802
48 0.155209 0.234198 0.006004 0.007328
48 0.138697 0.219237 0.008406 0.010382
48 0.211498 0.220000 0.007505 0.009466
48 0.174722 0.225802 0.010808 0.008244
48 0.138547 0.209160 0.008706 0.010382
48 0.149955 0.221221 0.013509 0.004580
48 0.158061 0.226412 0.018913 0.008244
48 0.185680 0.225802 0.008706 0.006412
48 0.152207 0.212824 0.007205 0.014046
48 0.151006 0.201069 0.009607 0.010687
48 0.135395 0.198473 0.007205 0.006718
48 0.144251 0.198015 0.004503 0.005191
48 0.140048 0.202290 0.002702 0.003359
48 0.143200 0.201985 0.002402 0.002748
48 0.223206 0.216031 0.006304 0.025954
48 0.206995 0.222290 0.006304 0.004885
48 0.193936 0.224885 0.009006 0.008244
48 0.201291 0.224275 0.006304 0.006412
48 0.193185 0.234809 0.006304 0.005496
48 0.202792 0.231908 0.011708 0.007634
48 0.211198 0.227481 0.010507 0.006107
48 0.187181 0.191450 0.017712 0.007328
5 0.093365 0.194809 0.005404 0.002443
48 0.170219 0.147328 0.007205 0.004580
48 0.160012 0.137099 0.012609 0.006107
48 0.135545 0.139237 0.009907 0.008550
48 0.134344 0.150382 0.005704 0.012519
48 0.132543 0.159695 0.005704 0.005496
48 0.133293 0.164427 0.005404 0.003359
48 0.133293 0.169160 0.005404 0.006107
48 0.138847 0.169771 0.007505 0.006718
48 0.134344 0.192519 0.006905 0.005191
48 0.193936 0.145191 0.006004 0.007023
48 0.202942 0.131145 0.007805 0.003969
48 0.176824 0.165344 0.041429 0.025344
48 0.178175 0.207786 0.043530 0.025344
48 0.310417 0.234962 0.003002 0.009466
48 0.308616 0.226718 0.003603 0.004580
48 0.149655 0.145344 0.008106 0.006107
48 0.124587 0.187786 0.006004 0.006718
48 0.137646 0.176794 0.008706 0.007328
5 0.098769 0.183969 0.001801 0.003969
48 0.206394 0.147481 0.008106 0.009771
48 0.206244 0.156031 0.010207 0.007328
48 0.205944 0.163053 0.009006 0.007939
48 0.206244 0.170840 0.010207 0.008244
48 0.144551 0.185344 0.005104 0.007328
48 0.140348 0.185038 0.005104 0.006718
48 0.149505 0.173435 0.004203 0.009771
48 0.149054 0.179542 0.004503 0.003053
48 0.149054 0.181985 0.004503 0.003664
48 0.218253 0.209466 0.006004 0.039084
48 0.182828 0.131145 0.007205 0.007023
48 0.192585 0.131603 0.013509 0.004275
48 0.217352 0.129924 0.004203 0.002748
48 0.217802 0.132824 0.003903 0.003664
48 0.224107 0.130992 0.005104 0.005496
48 0.180877 0.137557 0.003903 0.007634
48 0.195287 0.134809 0.026118 0.004580
48 0.169319 0.135725 0.007205 0.004580
48 0.174572 0.135573 0.003302 0.005496
48 0.168118 0.140305 0.004803 0.005191
48 0.184929 0.138931 0.004803 0.004885
48 0.189883 0.138321 0.005704 0.004275
48 0.194386 0.138626 0.003903 0.004275
48 0.201141 0.138321 0.006605 0.004885
47 0.199490 0.146412 0.005704 0.004580
47 0.200390 0.150534 0.005104 0.006107
48 0.199940 0.172824 0.005404 0.009771
48 0.206244 0.185496 0.008406 0.006412
48 0.207145 0.178931 0.010808 0.009160
48 0.211798 0.190992 0.005704 0.009466
48 0.207745 0.207939 0.006605 0.009160
48 0.208196 0.198015 0.010507 0.013130
48 0.201891 0.207023 0.007505 0.006718
48 0.201291 0.198779 0.006905 0.010992
48 0.198589 0.186565 0.011108 0.012824
48 0.191834 0.180916 0.013209 0.007634
48 0.171870 0.191145 0.013509 0.009160
48 0.166617 0.181221 0.021615 0.007634
48 0.161363 0.190076 0.013509 0.011298
48 0.151606 0.191908 0.009607 0.008855
48 0.142600 0.192366 0.009607 0.007328
48 0.181927 0.182748 0.010207 0.010687
48 0.162414 0.149618 0.012609 0.007939
48 0.142600 0.141069 0.004803 0.005496
48 0.182678 0.149008 0.016512 0.007939
48 0.217802 0.183664 0.014110 0.007023
48 0.106875 0.189466 0.005404 0.003969
48 0.107475 0.192977 0.004803 0.004885
48 0.111528 0.189008 0.005104 0.004885
48 0.117382 0.188855 0.006004 0.005191
48 0.152507 0.161679 0.004803 0.004580
48 0.145452 0.137252 0.004503 0.005191
48 0.148454 0.154198 0.005104 0.009771
5 0.086310 0.191908 0.005704 0.002137
5 0.054488 0.147023 0.002702 0.006412
47 0.308466 0.220000 0.004503 0.004580
48 0.342690 0.270992 0.008706 0.011298
48 0.340889 0.262595 0.012909 0.006107
5 0.333083 0.262443 0.005104 0.003359
47 0.287451 0.277710 0.006304 0.003969
47 0.273041 0.278321 0.006905 0.002748
47 0.313720 0.263664 0.005404 0.005802
47 0.180426 0.282443 0.006605 0.004885
47 0.113630 0.285343 0.003903 0.003359
47 0.136746 0.254656 0.004503 0.004275
47 0.136746 0.258015 0.005104 0.003664
48 0.039328 0.322901 0.008406 0.032672
48 0.016812 0.352061 0.027019 0.008550
47 0.033323 0.354962 0.004203 0.002137
47 0.045182 0.352366 0.002702 0.005496
47 0.352747 0.316641 0.003603 0.004885
48 0.171270 0.382443 0.013509 0.013130
47 0.179526 0.446870 0.003603 0.007634
47 0.176674 0.448397 0.004503 0.008244
47 0.173521 0.449160 0.004203 0.007939
47 0.170369 0.449924 0.003903 0.007023
47 0.167817 0.450840 0.004203 0.007634
47 0.164815 0.450992 0.004203 0.006107
47 0.161663 0.451756 0.004503 0.005191
47 0.158661 0.453893 0.004503 0.007023
47 0.155809 0.454656 0.004203 0.006718
47 0.152357 0.455420 0.004503 0.007023
48 0.209096 0.570076 0.008706 0.008550
5 0.168418 0.600000 0.004203 0.005496
48 0.006605 0.591603 0.009607 0.011908
48 0.233113 0.625038 0.008706 0.007939
47 0.878265 0.610382 0.007505 0.006718
47 0.874062 0.647176 0.004503 0.005191
9 0.847944 0.644275 0.007505 0.005496
9 0.847643 0.639695 0.008106 0.005496
9 0.849445 0.637405 0.005704 0.005802
48 0.986491 0.685191 0.009607 0.005496
48 0.037977 0.977710 0.006304 0.003664
48 0.001951 0.978931 0.003903 0.004275
48 0.016512 0.941527 0.003603 0.002748
48 0.013509 0.941832 0.001801 0.001527
48 0.039027 0.840000 0.012609 0.009160
48 0.031222 0.840000 0.003002 0.006718
48 0.067847 0.806718 0.009607 0.003664
48 0.067697 0.803969 0.003903 0.001832
48 0.026569 0.796183 0.004503 0.002137
48 0.027469 0.798931 0.002101 0.002748
48 0.025218 0.798931 0.001801 0.002748
48 0.025818 0.793435 0.004203 0.003969
48 0.005254 0.791756 0.008706 0.006718
48 0.003152 0.776641 0.003903 0.003969
48 0.003452 0.780916 0.004503 0.003969
48 0.004353 0.757099 0.006304 0.003969
48 0.009307 0.730687 0.002402 0.003053
48 0.059892 0.671298 0.003903 0.003969
48 0.200390 0.178931 0.003903 0.003053
48 0.135845 0.185649 0.003903 0.005496
48 0.131342 0.185344 0.005104 0.004275
48 0.164215 0.142137 0.004203 0.005191
48 0.978685 0.624275 0.007205 0.005802
48 0.058691 0.742443 0.006905 0.007634
48 0.249024 0.155420 0.012909 0.005496
48 0.239718 0.155725 0.004503 0.003664
56 0.019213 0.218321 0.014410 0.014656
57 0.012909 0.191756 0.003002 0.006107
57 0.009757 0.192672 0.003302 0.006718
57 0.006455 0.192824 0.003903 0.006412
48 0.830682 0.834046 0.006004 0.005802
48 0.840588 0.835725 0.012609 0.010382
48 0.841639 0.906565 0.007505 0.008550
