2 0.718694 0.076235 0.028564 0.025853
48 0.906401 0.006795 0.045397 0.013590
48 0.993497 0.047895 0.013007 0.077229
48 0.983678 0.029500 0.032645 0.043752
48 0.964932 0.023699 0.031370 0.042095
48 0.939556 0.017899 0.048967 0.035797
5 0.971308 0.001989 0.003315 0.003977
5 0.975771 0.003480 0.003060 0.004972
48 0.611961 0.468180 0.026269 0.019556
48 0.583397 0.450447 0.006886 0.008618
48 0.547054 0.432052 0.017853 0.012264
48 0.650727 0.467352 0.006886 0.007292
48 0.846595 0.716440 0.014027 0.016904
48 0.959322 0.825986 0.025249 0.025853
5 0.967483 0.851177 0.004336 0.003977
5 0.970798 0.854491 0.003826 0.003977
5 0.972328 0.856977 0.003315 0.003646
5 0.973986 0.858800 0.003571 0.003977
5 0.975771 0.860292 0.003571 0.003646
5 0.976919 0.862612 0.004336 0.004309
5 0.978704 0.863938 0.004336 0.003646
5 0.980107 0.866424 0.005101 0.003977
5 0.981892 0.867915 0.004081 0.003646
5 0.987503 0.874379 0.004591 0.003977
5 0.989416 0.876036 0.004336 0.003977
5 0.990946 0.877693 0.003826 0.003315
5 0.992731 0.879848 0.003315 0.002983
5 0.975899 0.879682 0.004336 0.004640
5 0.979214 0.883162 0.003826 0.004309
5 0.993879 0.905535 0.004591 0.003977
5 0.260648 0.379019 0.010712 0.010938
5 0.279648 0.249917 0.007396 0.006629
5 0.045779 0.210308 0.019128 0.024196
47 0.012752 0.276765 0.006631 0.003977
48 0.622673 0.107391 0.006886 0.009281
48 0.627391 0.109712 0.006121 0.007955
48 0.641546 0.116175 0.006376 0.007623
48 0.635042 0.113192 0.004591 0.006961
48 0.632619 0.111866 0.005866 0.007623
2 0.951926 0.124959 0.024739 0.026516
48 0.982785 0.846702 0.034430 0.071926
2 0.546162 0.052701 0.024229 0.023865
2 0.516577 0.038946 0.026269 0.024859
2 0.775567 0.106397 0.025504 0.024528
2 0.804514 0.121147 0.025249 0.024196
2 0.836266 0.134736 0.024994 0.023533
2 0.894797 0.163905 0.023718 0.024196
2 0.979087 0.141200 0.025504 0.029168
2 0.923616 0.107391 0.023718 0.021213
2 0.923489 0.178820 0.026014 0.024196
5 0.942489 0.040438 0.005866 0.003977
5 0.926677 0.029831 0.006886 0.005966
5 0.979214 0.055519 0.004846 0.006961
5 0.974879 0.053364 0.004846 0.005966
5 0.981255 0.006795 0.003826 0.005635
3 0.976154 0.774113 0.014027 0.012927
3 0.995409 0.796652 0.009181 0.010938
3 0.962255 0.803281 0.012752 0.010275
