5 0.137755 0.998011 0.004592 0.003977
48 0.113903 0.990056 0.033929 0.019887
53 0.088265 0.991548 0.052551 0.016904
48 0.144643 0.997846 0.018367 0.004309
1 0.398469 0.995691 0.016327 0.008618
48 0.031378 0.051541 0.062755 0.077229
48 0.005612 0.033146 0.011224 0.043752
48 0.019898 0.850348 0.039796 0.071926
3 0.004082 0.800298 0.008163 0.010938
48 0.116582 0.002486 0.026531 0.004972
48 0.249745 0.001989 0.011224 0.003977
11 0.502934 0.004806 0.014541 0.009612
13 0.507653 0.001492 0.014796 0.002983
13 0.506122 0.002817 0.013265 0.005635
10 0.687117 0.001326 0.005867 0.002652
48 0.716454 0.001823 0.015051 0.003646
48 0.730357 0.001160 0.012755 0.002320
48 0.724617 0.005138 0.012500 0.010275
48 0.737883 0.004640 0.014031 0.009281
5 0.749490 0.000663 0.003571 0.001326
5 0.752168 0.001657 0.004337 0.003315
5 0.766964 0.000994 0.002296 0.001989
48 0.794515 0.004972 0.035969 0.009944
48 0.822194 0.000331 0.019388 0.000663
48 0.833163 0.006795 0.027551 0.013590
5 0.944515 0.000331 0.004337 0.000663
5 0.947449 0.000497 0.004082 0.000994
48 0.912117 0.000166 0.025765 0.000331
48 0.897959 0.002652 0.019388 0.005303
48 0.905995 0.005966 0.019643 0.011932
48 0.813138 0.004475 0.014541 0.008949
48 0.989031 0.002817 0.009184 0.005635
48 0.924362 0.003149 0.016582 0.006298
48 0.932015 0.005966 0.017092 0.011932
48 0.940816 0.008618 0.015816 0.017236
5 0.646939 0.002983 0.004592 0.003977
48 0.587372 0.057507 0.138010 0.115015
48 0.194005 0.022373 0.066071 0.044746
5 0.949490 0.001326 0.003571 0.002652
48 0.732398 0.009612 0.015816 0.012595
48 0.745536 0.008949 0.012500 0.012595
48 0.740051 0.015578 0.013776 0.011932
48 0.733546 0.022207 0.013520 0.011269
48 0.741964 0.028174 0.011480 0.011932
48 0.749107 0.022705 0.012500 0.012927
48 0.754719 0.015578 0.010459 0.011269
48 0.821046 0.008452 0.015561 0.013590
48 0.826403 0.017236 0.018622 0.023865
48 0.811352 0.013258 0.022704 0.019887
48 0.947832 0.015578 0.017092 0.015910
48 0.913138 0.010607 0.018622 0.017899
48 0.922704 0.016076 0.017347 0.016904
48 0.930485 0.021710 0.019133 0.018230
48 0.938776 0.027842 0.019388 0.017236
48 0.955995 0.022042 0.017602 0.015578
48 0.946811 0.034140 0.018622 0.015910
48 0.963903 0.028339 0.016071 0.015578
48 0.954464 0.039277 0.017602 0.018893
48 0.971684 0.034471 0.017347 0.016573
48 0.979719 0.039609 0.017092 0.016904
48 0.962372 0.045244 0.018112 0.018230
48 0.971301 0.052701 0.017092 0.016573
48 0.978571 0.058502 0.015306 0.016241
48 0.987245 0.046404 0.017857 0.017236
48 0.985842 0.064965 0.018112 0.018561
5 0.887245 0.004640 0.003571 0.004640
5 0.889796 0.006629 0.004082 0.005303
5 0.891582 0.008286 0.004592 0.005303
14 0.897066 0.012264 0.005357 0.005966
5 0.899490 0.013258 0.003571 0.003977
5 0.902806 0.016407 0.002551 0.003646
5 0.909439 0.026185 0.002551 0.004640
5 0.913520 0.025356 0.004082 0.004309
5 0.915561 0.027014 0.004082 0.004309
14 0.917730 0.030660 0.005357 0.004972
48 0.923214 0.032814 0.005612 0.004640
10 0.945026 0.048227 0.004847 0.002320
5 0.955357 0.056182 0.003571 0.004309
5 0.961097 0.060822 0.003827 0.004309
5 0.911097 0.037289 0.003316 0.002983
5 0.913393 0.039112 0.002296 0.003977
5 0.917985 0.043255 0.003316 0.003646
5 0.915306 0.042095 0.003061 0.003315
8 0.938520 0.059993 0.006122 0.003977
5 0.926658 0.051873 0.004847 0.004309
5 0.932653 0.057010 0.004082 0.003977
6 0.972194 0.075903 0.007143 0.005303
6 0.983801 0.078555 0.005357 0.006629
5 0.982270 0.084521 0.004847 0.004640
5 0.992347 0.086178 0.004082 0.004640
6 0.990306 0.084024 0.005102 0.006298
5 0.971429 0.085350 0.005102 0.003646
5 0.880357 0.006298 0.004082 0.003977
5 0.876276 0.010772 0.005102 0.003646
5 0.870791 0.005800 0.004337 0.002983
5 0.865944 0.008121 0.003316 0.003646
5 0.862883 0.011435 0.003827 0.004309
6 0.835969 0.031488 0.005102 0.007955
5 0.830612 0.038615 0.003061 0.004309
5 0.845026 0.034803 0.003316 0.003977
5 0.841709 0.039609 0.003316 0.004309
5 0.838010 0.044415 0.003061 0.003977
6 0.841964 0.048724 0.005357 0.007292
5 0.849872 0.053696 0.003827 0.004640
5 0.866837 0.068445 0.004082 0.004309
5 0.855867 0.068611 0.004592 0.003315
5 0.872194 0.072920 0.003061 0.003977
5 0.879209 0.082698 0.003316 0.003646
5 0.881250 0.084687 0.003316 0.003646
5 0.885714 0.082698 0.003061 0.002983
5 0.883673 0.086178 0.003571 0.003977
5 0.896429 0.090819 0.004082 0.004640
5 0.898214 0.092310 0.004082 0.004309
5 0.899490 0.094796 0.003571 0.004640
5 0.857270 0.085515 0.004337 0.004640
5 0.859694 0.088001 0.004592 0.004972
5 0.869643 0.092145 0.003061 0.003977
5 0.871301 0.095625 0.004337 0.004309
5 0.875893 0.101260 0.003316 0.004309
5 0.877806 0.102420 0.003061 0.004640
5 0.880485 0.103414 0.004337 0.004640
5 0.882270 0.105237 0.003827 0.004972
5 0.886480 0.108220 0.004082 0.004972
5 0.888520 0.110540 0.005102 0.005635
5 0.890051 0.116175 0.004082 0.004972
5 0.891964 0.118164 0.003827 0.004972
5 0.895153 0.116838 0.003571 0.004972
5 0.898214 0.115678 0.003571 0.004640
5 0.895408 0.120484 0.003571 0.004309
5 0.909439 0.109877 0.002551 0.003646
5 0.907653 0.107889 0.003571 0.004309
5 0.911607 0.111203 0.003827 0.004309
5 0.913648 0.112363 0.003316 0.003977
5 0.917219 0.115346 0.003827 0.003977
5 0.919643 0.116672 0.003571 0.003977
5 0.923087 0.119490 0.003316 0.003646
5 0.904209 0.117335 0.003827 0.002652
5 0.900765 0.119490 0.004082 0.004972
5 0.903954 0.119655 0.003827 0.003977
5 0.905230 0.122141 0.003316 0.003646
5 0.907143 0.123633 0.003061 0.003977
5 0.912117 0.122804 0.003827 0.003646
5 0.908546 0.125787 0.003827 0.004309
5 0.910332 0.127279 0.002806 0.004640
5 0.912117 0.128273 0.003316 0.003977
5 0.914796 0.129433 0.004082 0.003646
5 0.916837 0.130428 0.003061 0.004309
5 0.918622 0.132085 0.003061 0.004309
5 0.921046 0.133079 0.003316 0.003646
5 0.922449 0.134902 0.003061 0.004640
5 0.925000 0.136725 0.003571 0.004309
5 0.928827 0.137720 0.002551 0.003646
5 0.934056 0.142526 0.003316 0.003977
5 0.936224 0.143852 0.004082 0.003977
11 0.882015 0.128605 0.008418 0.010607
5 0.882015 0.137554 0.003827 0.004640
5 0.883673 0.139874 0.003571 0.003977
5 0.891837 0.146006 0.003061 0.003646
5 0.896811 0.150149 0.004337 0.004640
5 0.902934 0.156281 0.003316 0.003646
5 0.910587 0.160590 0.003316 0.003646
5 0.920918 0.173351 0.004082 0.003977
5 0.886735 0.170036 0.003571 0.003977
5 0.889031 0.171859 0.003571 0.004309
5 0.891327 0.173848 0.003571 0.004309
5 0.895663 0.177163 0.003061 0.004309
5 0.897704 0.178489 0.003571 0.003646
5 0.900255 0.180146 0.003571 0.003646
5 0.901658 0.182300 0.003827 0.003977
5 0.905102 0.184786 0.004082 0.004309
5 0.907015 0.186278 0.003316 0.003315
5 0.909056 0.188432 0.003827 0.003646
5 0.916454 0.190918 0.005357 0.003977
5 0.891454 0.194233 0.005357 0.003977
5 0.863010 0.194564 0.005102 0.004640
5 0.852551 0.188598 0.004592 0.003977
11 0.859694 0.199370 0.008673 0.008286
5 0.866199 0.200862 0.003827 0.003977
5 0.878699 0.215446 0.004847 0.005303
5 0.891327 0.221743 0.004082 0.003315
5 0.897959 0.223069 0.004082 0.003315
5 0.898214 0.232681 0.005102 0.003977
9 0.899235 0.237985 0.005612 0.005966
5 0.913393 0.240968 0.004847 0.004640
9 0.918622 0.254060 0.007653 0.007623
5 0.947066 0.251906 0.003316 0.003315
5 0.968750 0.280411 0.004337 0.003977
6 0.971429 0.287206 0.005612 0.005635
5 0.966199 0.288532 0.004337 0.004972
5 0.988648 0.306762 0.003827 0.004972
5 0.981250 0.305270 0.004337 0.003315
5 0.978316 0.273616 0.005102 0.004972
48 0.927296 0.298807 0.033673 0.024196
5 0.913010 0.309248 0.005102 0.003315
5 0.930230 0.311568 0.003316 0.004640
5 0.911862 0.312065 0.004847 0.002983
5 0.911480 0.314385 0.005102 0.002983
53 0.924235 0.318197 0.037755 0.033146
48 0.871173 0.315048 0.007653 0.011601
5 0.882526 0.343222 0.002806 0.004972
48 0.865434 0.342890 0.008929 0.009612
15 0.856760 0.264004 0.014031 0.004309
9 0.886352 0.263010 0.007908 0.003646
5 0.849490 0.237488 0.004592 0.002983
5 0.838010 0.238482 0.003061 0.004972
5 0.847194 0.230693 0.003571 0.002652
48 0.829082 0.231853 0.022959 0.020882
48 0.791964 0.224561 0.039541 0.032151
48 0.806250 0.199370 0.042602 0.037454
5 0.777168 0.187935 0.003316 0.003977
5 0.779082 0.189592 0.003061 0.003977
5 0.780485 0.192575 0.003827 0.004640
5 0.782653 0.193735 0.004082 0.004972
5 0.784311 0.195890 0.003827 0.003977
55 0.769005 0.204674 0.009949 0.008286
55 0.776531 0.211137 0.008163 0.007292
55 0.758929 0.197879 0.010714 0.008618
55 0.752934 0.204176 0.007398 0.006629
55 0.760077 0.209148 0.007908 0.007292
9 0.749362 0.196221 0.005357 0.006629
11 0.749872 0.211137 0.009439 0.006629
48 0.764413 0.226384 0.015561 0.016573
5 0.845281 0.211966 0.003827 0.004309
5 0.804847 0.258535 0.003571 0.005966
48 0.710714 0.255718 0.008673 0.008286
5 0.844133 0.191747 0.004082 0.003646
5 0.833929 0.179151 0.005102 0.003646
5 0.823597 0.175505 0.004337 0.003646
5 0.818367 0.161916 0.004592 0.004309
5 0.813648 0.163407 0.004337 0.004640
5 0.803189 0.153961 0.005357 0.004309
5 0.782653 0.132913 0.004082 0.003315
5 0.810587 0.127610 0.004847 0.003977
5 0.765051 0.118495 0.004082 0.003646
11 0.778571 0.109049 0.010714 0.009281
5 0.771173 0.099105 0.004082 0.003977
5 0.791199 0.103745 0.003827 0.003977
5 0.736097 0.089824 0.003827 0.004640
5 0.718750 0.088830 0.005357 0.004640
5 0.734949 0.065794 0.004082 0.003646
5 0.733546 0.068777 0.004337 0.003646
5 0.711097 0.073914 0.004337 0.003315
5 0.682143 0.051044 0.005102 0.003977
5 0.680230 0.055187 0.003827 0.002983
5 0.670408 0.021876 0.004592 0.004640
5 0.666199 0.014253 0.004337 0.003977
5 0.660204 0.028671 0.005102 0.004972
5 0.654974 0.013755 0.004847 0.004309
5 0.651403 0.025853 0.005867 0.005303
5 0.635969 0.016738 0.004592 0.004972
5 0.636352 0.008949 0.004847 0.005303
44 0.622449 0.015413 0.008673 0.007623
11 0.622449 0.031820 0.014796 0.012595
5 0.643878 0.034140 0.003571 0.003977
5 0.592857 0.006463 0.006633 0.005635
5 0.555612 0.073749 0.006633 0.005635
11 0.546429 0.076069 0.010714 0.008286
53 0.538648 0.139045 0.100255 0.097116
5 0.505612 0.092642 0.003571 0.004309
5 0.507781 0.093802 0.003827 0.004640
5 0.491327 0.109049 0.003571 0.004640
8 0.493495 0.110375 0.003316 0.004640
5 0.495918 0.111866 0.003571 0.004972
5 0.498087 0.113523 0.003827 0.004309
5 0.502296 0.115844 0.004082 0.004972
5 0.512755 0.122141 0.003571 0.004972
5 0.515816 0.134736 0.003061 0.004309
5 0.518240 0.136062 0.003827 0.004309
5 0.520025 0.137720 0.003827 0.004309
5 0.521939 0.139211 0.004082 0.003977
5 0.518622 0.144017 0.003571 0.004309
5 0.533163 0.145509 0.004082 0.004640
5 0.522704 0.146835 0.004082 0.004640
5 0.540561 0.151641 0.003571 0.004309
5 0.535842 0.154790 0.003316 0.003977
5 0.544898 0.154127 0.004082 0.004640
5 0.541837 0.158933 0.003061 0.004309
5 0.544005 0.160093 0.003827 0.003977
5 0.547321 0.155452 0.003827 0.004640
5 0.549745 0.155950 0.004082 0.004309
5 0.551658 0.158104 0.003827 0.004640
5 0.548469 0.162744 0.003571 0.003977
5 0.555485 0.160424 0.003316 0.003977
5 0.551913 0.164733 0.003827 0.003977
5 0.527934 0.166722 0.004337 0.004640
5 0.530102 0.168048 0.003061 0.003977
5 0.532398 0.169042 0.004082 0.004640
5 0.534566 0.170368 0.004337 0.004640
5 0.536480 0.171528 0.004082 0.004972
5 0.538776 0.173185 0.004082 0.004972
5 0.541071 0.174677 0.004592 0.005303
5 0.548342 0.174345 0.003827 0.004640
5 0.551020 0.175505 0.004082 0.004309
5 0.558036 0.161916 0.004337 0.004972
5 0.560077 0.163076 0.004337 0.005303
5 0.562245 0.164236 0.004592 0.004972
5 0.563903 0.165728 0.003316 0.004640
5 0.565689 0.167551 0.003827 0.004972
5 0.568878 0.168545 0.003571 0.004972
5 0.552679 0.177660 0.003827 0.004640
5 0.554974 0.178820 0.003316 0.004309
5 0.569898 0.182300 0.003571 0.005303
5 0.574362 0.181969 0.004847 0.003315
5 0.579847 0.183129 0.004592 0.002983
5 0.567730 0.149983 0.003827 0.004309
5 0.609439 0.117667 0.002551 0.004640
11 0.621429 0.135897 0.007653 0.005966
5 0.632270 0.137720 0.003316 0.005635
5 0.641327 0.137388 0.004082 0.002983
5 0.644005 0.135399 0.003827 0.003646
5 0.645153 0.132913 0.004082 0.003315
5 0.646429 0.130262 0.005102 0.003977
5 0.648597 0.128107 0.003827 0.003646
5 0.649872 0.125787 0.003827 0.002983
5 0.651531 0.123136 0.004082 0.002983
5 0.653189 0.120815 0.003827 0.002320
5 0.654209 0.118495 0.003827 0.002983
5 0.654464 0.116175 0.004337 0.002983
5 0.655485 0.110872 0.004847 0.002320
5 0.654974 0.113026 0.004337 0.003315
5 0.645918 0.104077 0.003571 0.002652
5 0.647066 0.097116 0.003827 0.003315
5 0.659694 0.095293 0.003061 0.004309
5 0.659311 0.100431 0.003316 0.004640
5 0.657653 0.106066 0.002551 0.004640
5 0.660842 0.088996 0.002806 0.004972
5 0.744898 0.044912 0.005102 0.003646
8 0.755740 0.052867 0.005867 0.004972
5 0.767219 0.061651 0.003827 0.003315
5 0.776020 0.067948 0.003571 0.003315
5 0.771301 0.064965 0.003316 0.003315
5 0.786735 0.076400 0.004592 0.003646
5 0.791582 0.079881 0.005102 0.004640
5 0.797832 0.084853 0.004337 0.003315
5 0.802806 0.087173 0.004082 0.002652
5 0.810459 0.075240 0.003571 0.003977
5 0.818622 0.072423 0.003061 0.003646
5 0.811097 0.083361 0.003316 0.004309
48 0.817092 0.086510 0.015306 0.017236
48 0.811352 0.099437 0.014031 0.013258
48 0.834694 0.086676 0.033673 0.028174
48 0.844770 0.121478 0.031888 0.032151
5 0.823852 0.092642 0.004847 0.003646
5 0.821939 0.094630 0.004082 0.003646
5 0.824617 0.099768 0.004337 0.003977
5 0.836735 0.102751 0.003571 0.003977
5 0.866582 0.115181 0.003061 0.003646
5 0.870536 0.117667 0.003316 0.003315
8 0.871939 0.120650 0.004592 0.003977
5 0.870791 0.130096 0.004337 0.004309
5 0.816837 0.058502 0.004082 0.004972
5 0.812500 0.064302 0.003571 0.004640
5 0.809821 0.067948 0.003316 0.004640
5 0.804592 0.074577 0.003571 0.003977
5 0.821046 0.067948 0.003316 0.003977
5 0.785332 0.063971 0.004337 0.004640
5 0.775128 0.054856 0.003827 0.004309
5 0.770663 0.050547 0.003061 0.004309
5 0.765816 0.049055 0.005102 0.004640
5 0.804082 0.043089 0.004592 0.003315
5 0.822321 0.042923 0.004337 0.002983
5 0.759566 0.042923 0.003316 0.004309
5 0.750765 0.036460 0.004592 0.004640
5 0.739541 0.040935 0.004082 0.002983
5 0.725638 0.029831 0.004337 0.003977
10 0.717857 0.023699 0.007143 0.005635
5 0.711480 0.019722 0.004082 0.004309
5 0.707525 0.016407 0.003827 0.002983
5 0.716454 0.010441 0.003316 0.004309
5 0.699745 0.010607 0.004082 0.003977
5 0.723087 0.015413 0.003316 0.004309
5 0.711862 0.004972 0.003316 0.003977
5 0.671556 0.314717 0.003827 0.002983
48 0.666709 0.327975 0.028316 0.020882
48 0.574107 0.299138 0.031378 0.047398
48 0.610459 0.329301 0.068878 0.043421
51 0.536097 0.322837 0.043112 0.031157
51 0.550128 0.290023 0.033418 0.037786
5 0.570663 0.273948 0.004592 0.003646
5 0.560459 0.268313 0.003571 0.002983
48 0.557653 0.266656 0.004592 0.003646
48 0.554464 0.266158 0.004337 0.004640
48 0.496301 0.281074 0.050255 0.035134
48 0.472194 0.257209 0.036224 0.047067
48 0.449617 0.257541 0.020663 0.019887
48 0.475000 0.139045 0.043367 0.043421
48 0.487628 0.149818 0.015051 0.014584
5 0.434184 0.116506 0.004082 0.005635
48 0.405357 0.110043 0.017857 0.016573
48 0.375128 0.123798 0.056888 0.036129
48 0.380740 0.088996 0.016582 0.016241
48 0.292219 0.084521 0.006378 0.004640
48 0.279082 0.128605 0.016327 0.011269
5 0.307015 0.174345 0.003316 0.004640
5 0.309566 0.175671 0.003316 0.004640
5 0.236607 0.173517 0.002806 0.004309
48 0.313138 0.196221 0.057398 0.038449
0 0.255230 0.190587 0.030357 0.021213
53 0.269260 0.160424 0.111990 0.057673
48 0.176148 0.133411 0.030357 0.037454
48 0.144643 0.125290 0.016837 0.021876
48 0.160714 0.131919 0.014796 0.023202
48 0.151786 0.133245 0.015306 0.015910
5 0.136480 0.137720 0.004592 0.006298
5 0.150128 0.144349 0.004847 0.006298
5 0.140689 0.146669 0.006888 0.003646
5 0.187500 0.109877 0.003571 0.004972
5 0.185077 0.109380 0.003316 0.004640
5 0.182781 0.108552 0.003316 0.004309
5 0.180357 0.107723 0.003061 0.004640
8 0.178444 0.106729 0.003316 0.004640
5 0.174617 0.105403 0.002806 0.003977
5 0.172066 0.104243 0.002296 0.004309
5 0.167092 0.102917 0.003061 0.004972
5 0.163520 0.106397 0.004082 0.003977
5 0.162883 0.109049 0.003316 0.003315
5 0.161607 0.111866 0.004337 0.004309
5 0.141964 0.110540 0.000255 0.000331
6 0.136862 0.076898 0.005357 0.003977
48 0.113010 0.093139 0.059694 0.060988
48 0.202041 0.058005 0.017347 0.015247
48 0.221811 0.067451 0.017092 0.015578
48 0.230867 0.072257 0.011224 0.013258
5 0.233801 0.090156 0.004337 0.003315
5 0.223852 0.052536 0.005357 0.003646
5 0.226020 0.048724 0.004592 0.002652
5 0.227041 0.045409 0.004082 0.003315
5 0.228316 0.043089 0.004082 0.002652
5 0.229464 0.041100 0.004847 0.003315
48 0.190051 0.036294 0.016327 0.014253
48 0.296173 0.406861 0.011735 0.013590
48 0.309949 0.403215 0.009694 0.009612
48 0.357653 0.398078 0.007653 0.007955
48 0.327296 0.360789 0.019388 0.012927
48 0.042092 0.899238 0.071429 0.062314
48 0.106760 0.973981 0.020663 0.020882
48 0.123597 0.982930 0.016582 0.015578
7 0.198724 0.940504 0.007653 0.006298
48 0.133801 0.979284 0.017602 0.019556
48 0.131633 0.990222 0.009184 0.008286
5 0.135587 0.997183 0.004337 0.004309
5 0.088393 0.980444 0.004847 0.004640
5 0.084694 0.986576 0.004592 0.004309
5 0.086224 0.989062 0.004082 0.003977
47 0.754592 0.251409 0.005102 0.003646
48 0.873852 0.030162 0.020663 0.021213
48 0.857526 0.050878 0.016582 0.012264
48 0.864286 0.042261 0.016327 0.016241
48 0.883036 0.037952 0.024745 0.026185
48 0.872577 0.050050 0.012500 0.009281
48 0.867857 0.056347 0.015816 0.013258
48 0.059694 0.964037 0.053571 0.050713
3 0.326275 0.965197 0.010714 0.009944
48 0.890689 0.041598 0.018112 0.018230
48 0.900638 0.045078 0.015051 0.014584
48 0.895663 0.052204 0.014796 0.012927
48 0.888648 0.061319 0.018112 0.015910
48 0.874617 0.060656 0.014031 0.015910
48 0.882270 0.052701 0.010459 0.010607
48 0.881122 0.069108 0.014286 0.012927
48 0.907781 0.050215 0.016582 0.016241
48 0.904337 0.058833 0.011735 0.012927
48 0.897194 0.066954 0.017347 0.015910
48 0.888138 0.074246 0.016582 0.013258
48 0.900255 0.076898 0.019388 0.018561
48 0.915689 0.060822 0.018622 0.022207
48 0.921556 0.066788 0.016582 0.019556
48 0.907526 0.082864 0.022704 0.021876
48 0.929082 0.072754 0.019388 0.020882
48 0.918622 0.086510 0.016327 0.017899
48 0.912372 0.093802 0.010459 0.009944
48 0.937500 0.078555 0.018878 0.018561
48 0.924362 0.095293 0.019643 0.020219
48 0.944515 0.085018 0.019133 0.021545
5 0.965051 0.083692 0.004082 0.004972
48 0.952934 0.090322 0.018622 0.020882
48 0.961480 0.097448 0.021939 0.020550
48 0.932143 0.100928 0.017857 0.019556
48 0.940434 0.107391 0.021173 0.019887
48 0.948725 0.112529 0.021939 0.020882
48 0.956760 0.118495 0.021173 0.020219
48 0.970026 0.103745 0.022704 0.019224
48 0.976531 0.109380 0.019388 0.019887
48 0.965434 0.124627 0.019643 0.019224
48 0.983801 0.115512 0.020663 0.021545
48 0.991071 0.122307 0.017857 0.022539
48 0.971556 0.130759 0.019133 0.019556
48 0.979592 0.137720 0.023469 0.018893
5 0.971429 0.146835 0.004082 0.003315
5 0.967092 0.153298 0.005102 0.004309
5 0.977806 0.149486 0.003061 0.004640
5 0.981122 0.145675 0.003061 0.003646
5 0.982781 0.147000 0.002806 0.003646
5 0.988520 0.149983 0.003571 0.004309
5 0.995153 0.141697 0.003061 0.004972
5 0.992219 0.145675 0.003316 0.003646
5 0.985714 0.153961 0.003571 0.004972
5 0.982653 0.158270 0.003571 0.004309
5 0.957015 0.161253 0.003316 0.004972
5 0.959439 0.163739 0.004082 0.005303
5 0.961224 0.165893 0.004082 0.004309
5 0.963010 0.167882 0.003061 0.003646
5 0.964796 0.170202 0.004082 0.004309
5 0.984949 0.171694 0.003571 0.004640
5 0.976913 0.183626 0.003316 0.004640
5 0.973724 0.187438 0.003061 0.003646
5 0.969898 0.177991 0.002551 0.003315
11 0.966582 0.182300 0.006633 0.009281
15 0.957525 0.196056 0.009949 0.013590
5 0.956505 0.212131 0.004337 0.004640
5 0.966071 0.220418 0.003571 0.003315
5 0.971811 0.224561 0.004337 0.004309
5 0.976658 0.228373 0.004847 0.003315
5 0.994515 0.232681 0.004337 0.003315
5 0.987372 0.237322 0.004847 0.003977
5 0.991454 0.240471 0.003827 0.002983
5 0.983673 0.180809 0.004082 0.003646
5 0.987883 0.184123 0.003827 0.003646
5 0.992092 0.187106 0.004592 0.004309
5 0.995153 0.175174 0.004082 0.003646
48 0.990051 0.197713 0.013776 0.013590
48 0.984056 0.205502 0.016071 0.013921
5 0.994515 0.156944 0.003827 0.003646
5 0.991071 0.161419 0.004082 0.004640
5 0.987883 0.165396 0.002806 0.003315
5 0.995026 0.167882 0.003316 0.003646
48 0.995791 0.205005 0.008418 0.012264
48 0.991964 0.212131 0.012500 0.011269
48 0.997704 0.216772 0.004592 0.010607
5 0.841327 0.074909 0.004082 0.004640
6 0.849872 0.075075 0.006888 0.004972
5 0.995408 0.032980 0.004082 0.003646
5 0.988010 0.032317 0.003571 0.004309
5 0.993240 0.018396 0.003827 0.004972
5 0.990816 0.016904 0.004082 0.004640
5 0.984056 0.012761 0.002806 0.004309
5 0.982270 0.010275 0.003827 0.005303
5 0.979464 0.006463 0.005867 0.005635
5 0.980485 0.024693 0.003827 0.003646
5 0.956378 0.004806 0.004082 0.004309
5 0.996939 0.031488 0.003061 0.002652
5 0.998214 0.035797 0.003571 0.003977
5 0.996301 0.012430 0.002296 0.004309
5 0.975765 0.004640 0.003571 0.003315
48 0.993750 0.052867 0.012500 0.016241
48 0.996939 0.058668 0.006122 0.015910
48 0.992857 0.070766 0.014286 0.016904
48 0.997194 0.077560 0.005612 0.015247
5 0.988648 0.098608 0.004337 0.003646
5 0.997194 0.152801 0.003571 0.005303
5 0.998214 0.246105 0.003571 0.003646
1 0.116709 0.875207 0.029847 0.024859
1 0.089796 0.892443 0.030102 0.034803
1 0.378699 0.987405 0.018622 0.021876
48 0.761607 0.021876 0.011480 0.013258
48 0.770281 0.028008 0.011480 0.012927
48 0.778316 0.033311 0.011224 0.012264
48 0.785969 0.039775 0.011735 0.013258
48 0.795281 0.044581 0.011480 0.013590
48 0.757143 0.028339 0.012245 0.010938
48 0.764923 0.034471 0.011480 0.013258
48 0.773852 0.039112 0.010969 0.013258
48 0.781250 0.046404 0.009439 0.011269
48 0.789031 0.052701 0.012245 0.013921
48 0.797449 0.058170 0.010204 0.013590
5 0.775000 0.007126 0.003571 0.005635
5 0.777551 0.007955 0.003061 0.005303
5 0.779337 0.009944 0.003571 0.004640
5 0.783929 0.014253 0.004082 0.005966
5 0.786480 0.015413 0.002551 0.004309
5 0.792602 0.019390 0.003571 0.005635
5 0.794770 0.019887 0.002806 0.005303
5 0.798469 0.015578 0.003571 0.004640
5 0.800638 0.016407 0.002806 0.004309
5 0.805102 0.021047 0.003571 0.004972
5 0.805485 0.024528 0.003827 0.004640
5 0.808291 0.025522 0.003316 0.004640
5 0.802041 0.024528 0.002551 0.004640
5 0.811862 0.027511 0.003316 0.004640
5 0.864668 0.067120 0.003316 0.004309
5 0.932908 0.046569 0.003571 0.004309
48 0.891199 0.133245 0.014541 0.016573
48 0.901913 0.140537 0.016071 0.019224
48 0.913393 0.150812 0.017092 0.021876
48 0.926275 0.159761 0.019898 0.022539
48 0.943112 0.174180 0.022959 0.028174
5 0.865944 0.246271 0.004847 0.004640
5 0.845281 0.223566 0.003827 0.003646
5 0.847832 0.222075 0.003827 0.003977
5 0.874745 0.204011 0.004082 0.004309
48 0.194898 0.142360 0.036735 0.042095
48 0.411735 0.103580 0.009694 0.009612
5 0.757015 0.004806 0.004337 0.004972
5 0.802041 0.038615 0.005612 0.004309
5 0.840051 0.070600 0.002041 0.004640
5 0.983036 0.093139 0.004847 0.003977
5 0.968750 0.065131 0.003827 0.004309
5 0.966964 0.063805 0.003316 0.004309
5 0.963138 0.062314 0.003827 0.005303
5 0.944133 0.065628 0.005102 0.003977
3 0.163010 0.939178 0.010714 0.012927
1 0.164668 0.910176 0.027806 0.019887
1 0.143112 0.927246 0.030102 0.018893
1 0.117730 0.940172 0.029337 0.018230
5 0.094260 0.941001 0.003827 0.002652
5 0.011990 0.930726 0.004592 0.002652
5 0.009694 0.927080 0.004592 0.003315
5 0.384184 0.113026 0.005102 0.003977
5 0.986990 0.104574 0.005612 0.004972
5 0.996684 0.136560 0.004592 0.002652
5 0.952806 0.205834 0.003571 0.002652
5 0.983546 0.234504 0.004337 0.004309
5 0.982781 0.027345 0.003827 0.004972
5 0.978316 0.022207 0.004082 0.004640
4 0.987628 0.013921 0.004847 0.004640
5 0.958929 0.005800 0.003571 0.004972
5 0.960204 0.007789 0.004592 0.005635
