48 0.955740 0.023175 0.050484 0.046351
11 0.863762 0.000346 0.006916 0.000692
11 0.867047 0.001384 0.006570 0.002767
2 0.908368 0.001038 0.020055 0.002075
5 0.427559 0.350571 0.005187 0.003805
5 0.460754 0.385853 0.005187 0.002421
5 0.471646 0.395884 0.004149 0.002421
5 0.401971 0.347976 0.002420 0.004843
5 0.390387 0.462124 0.004149 0.003459
5 0.534405 0.204600 0.003804 0.001730
5 0.534232 0.207022 0.004841 0.002421
5 0.495678 0.200623 0.002420 0.004843
5 0.521784 0.220512 0.005533 0.003805
5 0.429115 0.280353 0.002075 0.003805
5 0.457123 0.390003 0.006224 0.002421
5 0.471300 0.408509 0.004149 0.002075
5 0.400761 0.285714 0.002075 0.004843
5 0.389177 0.332930 0.002420 0.005880
5 0.444502 0.212902 0.005187 0.002421
5 0.497061 0.221723 0.002420 0.004151
5 0.391252 0.337772 0.003112 0.005189
5 0.416840 0.337081 0.003112 0.005189
5 0.535097 0.199758 0.004495 0.001730
5 0.388831 0.337945 0.002420 0.004843
5 0.398167 0.285887 0.002420 0.004497
5 0.401798 0.336389 0.002766 0.005189
5 0.416667 0.332238 0.002766 0.004497
5 0.478734 0.379626 0.003112 0.005189
5 0.485131 0.209270 0.004841 0.002075
5 0.466805 0.389139 0.005533 0.002075
5 0.411826 0.219647 0.002075 0.006226
5 0.495505 0.195780 0.002075 0.004843
5 0.395055 0.285887 0.001729 0.004497
5 0.531120 0.174680 0.005533 0.002075
5 0.386584 0.337599 0.002075 0.004843
5 0.480982 0.276894 0.002075 0.004497
5 0.398859 0.088378 0.003804 0.005880
5 0.375000 0.373054 0.004495 0.002421
5 0.491528 0.190937 0.002420 0.003459
5 0.516770 0.223279 0.002420 0.005189
5 0.392116 0.171048 0.004149 0.005880
5 0.410961 0.084227 0.003112 0.005880
5 0.404564 0.337599 0.002766 0.004151
5 0.480809 0.282428 0.002420 0.004497
5 0.524550 0.198201 0.004149 0.002075
5 0.491183 0.386544 0.004495 0.002421
5 0.464039 0.199758 0.002075 0.004497
5 0.388313 0.372881 0.005533 0.002075
5 0.450207 0.368731 0.004841 0.002075
5 0.450726 0.267554 0.005187 0.001730
5 0.429806 0.201833 0.004149 0.003113
5 0.526106 0.217053 0.005187 0.002421
5 0.387102 0.285714 0.002420 0.004843
5 0.450207 0.264787 0.004149 0.002421
5 0.691736 0.110861 0.003804 0.005189
5 0.533368 0.209443 0.005187 0.002421
5 0.531985 0.177274 0.005878 0.002421
5 0.409232 0.332757 0.003112 0.004843
5 0.471819 0.391214 0.005187 0.002075
5 0.464212 0.214286 0.002420 0.005189
5 0.412172 0.332757 0.002766 0.004843
5 0.487898 0.416465 0.001383 0.004151
5 0.467497 0.225873 0.003458 0.004843
5 0.521438 0.162055 0.004841 0.001730
5 0.382780 0.348495 0.002075 0.004497
5 0.476314 0.379281 0.002420 0.004497
5 0.471646 0.398824 0.004841 0.002767
5 0.491701 0.388966 0.004149 0.001730
5 0.658714 0.130924 0.003458 0.003805
5 0.671853 0.136112 0.004149 0.002421
5 0.534578 0.202179 0.004149 0.001730
5 0.522822 0.164995 0.005533 0.002767
5 0.481501 0.378589 0.002420 0.004497
5 0.430325 0.206503 0.004495 0.002767
5 0.464557 0.209270 0.002420 0.004151
5 0.522994 0.182982 0.002420 0.004843
5 0.394191 0.348322 0.002075 0.004843
5 0.480118 0.260809 0.001729 0.004843
5 0.671681 0.212556 0.003112 0.003113
5 0.478907 0.395019 0.002075 0.004151
5 0.660616 0.129367 0.003112 0.002075
5 0.498963 0.222414 0.002766 0.004151
5 0.375000 0.347458 0.004495 0.003805
5 0.432746 0.456589 0.003112 0.004843
5 0.500000 0.280526 0.003458 0.005534
1 0.539073 0.439121 0.008990 0.010723
1 0.564661 0.461778 0.008990 0.012452
1 0.572960 0.447250 0.011065 0.009685
1 0.568983 0.471636 0.010028 0.008648
1 0.567254 0.423902 0.009336 0.010723
1 0.632607 0.317018 0.011411 0.008648
1 0.633990 0.323936 0.011411 0.010031
1 0.624827 0.319440 0.017289 0.014182
5 0.746196 0.264441 0.004841 0.005189
5 0.770574 0.235559 0.004495 0.004151
1 0.767116 0.205638 0.009336 0.012107
1 0.709716 0.222241 0.010719 0.010031
1 0.718534 0.218609 0.011757 0.009685
1 0.723548 0.231408 0.010028 0.008993
1 0.729599 0.240055 0.011757 0.008993
1 0.736687 0.245590 0.012794 0.009685
1 0.732711 0.231754 0.008990 0.009685
1 0.675138 0.195953 0.013485 0.012798
1 0.680152 0.204255 0.008990 0.009339
1 0.707296 0.166724 0.014177 0.014528
1 0.721300 0.163784 0.013140 0.014182
1 0.747407 0.131269 0.012102 0.012798
1 0.752593 0.145278 0.013485 0.013836
1 0.795470 0.126254 0.009336 0.009685
1 0.785270 0.119855 0.009682 0.009339
1 0.778700 0.104635 0.009682 0.009339
1 0.785788 0.092010 0.012794 0.011069
5 0.666667 0.125908 0.004149 0.004151
5 0.379495 0.284677 0.004495 0.004151
5 0.376383 0.285714 0.003112 0.002767
5 0.431017 0.277067 0.004495 0.004151
5 0.450899 0.360948 0.004841 0.002421
5 0.450380 0.366309 0.004495 0.002075
5 0.450553 0.371498 0.004841 0.002767
10 0.450553 0.300242 0.006224 0.002767
10 0.450726 0.297302 0.005878 0.002421
10 0.450207 0.294708 0.005533 0.002767
10 0.450207 0.291595 0.005533 0.002767
10 0.450553 0.288654 0.005533 0.003113
10 0.450035 0.285195 0.005878 0.003113
10 0.450380 0.281736 0.005878 0.003113
5 0.450380 0.270495 0.004495 0.002767
5 0.449862 0.276202 0.004841 0.002421
5 0.479599 0.265998 0.002766 0.004843
5 0.466286 0.244725 0.005187 0.002421
5 0.464039 0.247492 0.004841 0.002421
5 0.464384 0.249914 0.004841 0.003113
9 0.517808 0.262193 0.005187 0.009685
5 0.502939 0.282947 0.002420 0.004843
48 0.486515 0.102387 0.007607 0.010377
5 0.482538 0.142684 0.003804 0.004497
5 0.450726 0.171567 0.003112 0.002075
5 0.487379 0.214805 0.002420 0.003459
5 0.489454 0.215323 0.002420 0.004497
5 0.516079 0.212556 0.004495 0.003113
5 0.526798 0.203563 0.001729 0.003805
9 0.503458 0.263058 0.005533 0.015566
6 0.614454 0.291249 0.002766 0.005534
5 0.427213 0.334313 0.004495 0.002421
6 0.649378 0.249222 0.013140 0.008648
9 0.649032 0.254583 0.006916 0.004843
6 0.636584 0.243168 0.004149 0.007610
12 0.649723 0.240574 0.008299 0.005189
6 0.645747 0.246109 0.007261 0.003113
6 0.644364 0.194223 0.003112 0.004497
9 0.537517 0.372362 0.004495 0.015566
9 0.541321 0.359737 0.004495 0.015220
9 0.537344 0.355586 0.004841 0.015220
47 0.530429 0.357316 0.008990 0.013836
13 0.504149 0.346939 0.013140 0.003459
9 0.505014 0.351608 0.011411 0.003113
1 0.550830 0.432549 0.008990 0.009339
1 0.523859 0.468004 0.013140 0.011761
1 0.515387 0.460913 0.007953 0.008648
1 0.508299 0.469042 0.008990 0.008302
5 0.585062 0.352300 0.002766 0.004497
5 0.600622 0.357489 0.002766 0.004497
9 0.590249 0.358526 0.002766 0.004497
5 0.587829 0.357316 0.002075 0.004151
5 0.592324 0.358354 0.002075 0.003459
5 0.594917 0.358008 0.002420 0.003459
5 0.585408 0.359045 0.002075 0.003459
5 0.581604 0.360429 0.002075 0.004151
2 0.617566 0.364234 0.029046 0.026288
54 0.623444 0.399862 0.012448 0.012452
49 0.579703 0.380837 0.039073 0.042200
9 0.594225 0.418021 0.013485 0.010031
5 0.492566 0.405742 0.005187 0.002767
5 0.492566 0.408163 0.004495 0.002075
5 0.472510 0.412487 0.005187 0.002421
5 0.471819 0.415254 0.004495 0.002421
5 0.471992 0.419059 0.003458 0.001730
5 0.472337 0.422518 0.003458 0.001730
5 0.483230 0.416638 0.001729 0.004497
5 0.477870 0.416638 0.002075 0.004497
48 0.503631 0.405223 0.019710 0.045313
48 0.525761 0.402802 0.021784 0.023867
13 0.484094 0.441024 0.011757 0.003459
5 0.449343 0.466621 0.001729 0.003459
48 0.454357 0.456762 0.013831 0.017641
48 0.426349 0.438084 0.047026 0.017641
48 0.452801 0.436181 0.012794 0.012452
48 0.469225 0.436354 0.013140 0.014874
48 0.471300 0.454341 0.020055 0.016257
48 0.484786 0.427188 0.011757 0.015911
9 0.492739 0.422864 0.003458 0.007956
5 0.375519 0.450017 0.002075 0.003459
48 0.344225 0.429436 0.040456 0.029402
48 0.369813 0.440678 0.066044 0.038741
49 0.572268 0.329298 0.032503 0.024905
9 0.542012 0.331027 0.003804 0.015911
11 0.541840 0.314943 0.004149 0.015566
9 0.535443 0.334659 0.005187 0.012107
48 0.529391 0.326531 0.008299 0.027672
9 0.593188 0.340540 0.009336 0.004497
55 0.503458 0.335524 0.013831 0.011069
55 0.503631 0.320823 0.014177 0.012107
55 0.503458 0.296783 0.013140 0.010377
48 0.524550 0.292632 0.009682 0.015220
9 0.535788 0.283293 0.010719 0.003459
48 0.515214 0.372017 0.037344 0.021100
5 0.487725 0.332411 0.002420 0.003459
5 0.485131 0.332584 0.002075 0.003805
48 0.467497 0.345555 0.013140 0.031823
48 0.487552 0.348668 0.017981 0.025597
48 0.477870 0.367866 0.036653 0.011415
5 0.380360 0.372362 0.005533 0.002421
5 0.394537 0.372362 0.005533 0.002421
5 0.399550 0.372362 0.004495 0.001730
5 0.380360 0.360256 0.004841 0.004497
5 0.375692 0.364407 0.003112 0.003113
5 0.379149 0.364580 0.003112 0.003459
5 0.383299 0.364926 0.003112 0.004151
5 0.385892 0.364061 0.003458 0.003805
5 0.382953 0.359218 0.003804 0.004497
5 0.385892 0.358872 0.003458 0.004497
5 0.388831 0.359218 0.002420 0.005189
5 0.391079 0.358872 0.002075 0.004497
5 0.388831 0.364061 0.002420 0.003113
5 0.391425 0.364407 0.002075 0.004497
5 0.394191 0.364926 0.002075 0.004151
5 0.394018 0.358699 0.002420 0.004151
5 0.396438 0.359045 0.002420 0.004843
9 0.398340 0.359564 0.002075 0.004497
5 0.401625 0.359218 0.001729 0.003805
5 0.396438 0.364407 0.002420 0.004497
5 0.401452 0.364753 0.002075 0.004497
5 0.406293 0.358872 0.002075 0.004497
5 0.403700 0.359737 0.002420 0.004151
5 0.398686 0.364753 0.002075 0.003113
5 0.403700 0.364580 0.002420 0.004151
5 0.406639 0.363888 0.002075 0.004151
5 0.413555 0.359218 0.002766 0.005189
9 0.408714 0.359564 0.002075 0.003805
5 0.408887 0.364407 0.002420 0.004497
5 0.411307 0.359564 0.001729 0.003805
5 0.413900 0.364580 0.002766 0.004843
5 0.416321 0.359045 0.002075 0.004151
5 0.420124 0.359737 0.004149 0.004843
5 0.411480 0.364234 0.002075 0.004843
5 0.416494 0.364407 0.001729 0.003805
5 0.418741 0.364580 0.002075 0.004151
9 0.422372 0.364407 0.004495 0.004497
5 0.423928 0.360429 0.003458 0.003459
5 0.426867 0.359564 0.003804 0.003805
5 0.419087 0.348149 0.002075 0.004497
5 0.416667 0.348149 0.002075 0.004497
5 0.414592 0.348149 0.002075 0.003805
5 0.409059 0.348668 0.002075 0.004843
5 0.411826 0.348149 0.002766 0.004497
5 0.404391 0.347976 0.002420 0.004151
5 0.406812 0.347976 0.002420 0.004151
5 0.399205 0.347804 0.002420 0.004497
5 0.396611 0.347458 0.002766 0.006572
5 0.391425 0.348322 0.002075 0.004151
5 0.389004 0.346593 0.002075 0.004151
5 0.385373 0.348668 0.002420 0.004843
5 0.380533 0.348668 0.001729 0.004151
5 0.376902 0.351608 0.004149 0.003805
9 0.396438 0.335697 0.003112 0.006572
5 0.409059 0.337945 0.002075 0.004151
5 0.406812 0.332757 0.002420 0.004843
9 0.383472 0.337426 0.002075 0.004497
5 0.404564 0.322034 0.002075 0.004151
5 0.402144 0.322034 0.002075 0.004151
5 0.399723 0.322034 0.002075 0.004151
5 0.396957 0.322034 0.002766 0.004151
5 0.394191 0.322380 0.002075 0.004151
5 0.388831 0.322034 0.002420 0.004843
5 0.386584 0.322207 0.002075 0.004497
5 0.425138 0.323936 0.003804 0.001730
5 0.407158 0.305950 0.001729 0.003113
5 0.436030 0.323418 0.003458 0.005534
47 0.449170 0.338637 0.005533 0.029747
5 0.452628 0.327914 0.002075 0.004843
5 0.452282 0.337945 0.002075 0.004151
5 0.451936 0.320996 0.004149 0.002075
5 0.452109 0.318229 0.005187 0.002075
5 0.451072 0.312176 0.004495 0.002421
5 0.492393 0.325839 0.004149 0.002075
5 0.492911 0.332238 0.002420 0.004497
5 0.487033 0.301453 0.002420 0.004497
9 0.480809 0.310273 0.001729 0.005534
9 0.480809 0.303528 0.001729 0.003805
5 0.480636 0.298340 0.002075 0.003805
5 0.480809 0.292978 0.002420 0.004843
5 0.490145 0.311311 0.004495 0.002075
9 0.489972 0.314251 0.005533 0.001730
5 0.490318 0.316499 0.004149 0.002075
47 0.493603 0.319958 0.004495 0.004843
48 0.468707 0.285368 0.019018 0.065029
5 0.450899 0.303182 0.005533 0.002421
9 0.451591 0.314597 0.006916 0.002421
9 0.460235 0.312003 0.002075 0.004843
10 0.453147 0.257523 0.003804 0.005880
47 0.437759 0.257523 0.006224 0.014182
9 0.483402 0.247838 0.006224 0.002421
5 0.483057 0.244552 0.002766 0.001384
47 0.491183 0.246627 0.010028 0.014528
47 0.490491 0.263404 0.010028 0.019716
48 0.477006 0.196126 0.021093 0.024213
5 0.493257 0.235386 0.005187 0.002421
47 0.529910 0.223106 0.011411 0.007610
9 0.531293 0.213940 0.005187 0.003113
9 0.534232 0.197337 0.004149 0.001730
5 0.495505 0.215323 0.004841 0.002421
5 0.493603 0.213421 0.003804 0.002075
5 0.490837 0.204773 0.002420 0.004151
5 0.489799 0.199585 0.003112 0.004843
5 0.496024 0.205119 0.002420 0.003459
5 0.505187 0.211173 0.004149 0.002421
48 0.509855 0.198547 0.021784 0.023521
5 0.525069 0.195261 0.003804 0.002421
5 0.524550 0.203909 0.002075 0.004497
48 0.489799 0.176755 0.010028 0.014528
13 0.476833 0.181771 0.014523 0.003113
48 0.482365 0.166205 0.009682 0.019025
48 0.433783 0.145278 0.011411 0.013836
5 0.431535 0.165514 0.005533 0.002421
5 0.431362 0.168454 0.005187 0.002075
5 0.430325 0.175545 0.003804 0.001730
47 0.321058 0.202179 0.013485 0.009339
47 0.329184 0.213594 0.010373 0.009339
47 0.315871 0.219647 0.008645 0.008993
5 0.381397 0.189208 0.004149 0.005534
48 0.533887 0.151505 0.011757 0.017295
47 0.532849 0.168454 0.008299 0.005534
48 0.577455 0.165514 0.029046 0.023175
48 0.592497 0.151505 0.009336 0.009685
48 0.587829 0.145970 0.012448 0.009685
48 0.554806 0.133518 0.009336 0.012452
48 0.510201 0.171048 0.023167 0.006572
48 0.464557 0.173815 0.005878 0.005189
48 0.510719 0.155310 0.026971 0.006226
48 0.596992 0.140436 0.005187 0.004843
48 0.481846 0.125216 0.019018 0.031823
48 0.504495 0.120892 0.022822 0.046005
48 0.514350 0.089934 0.012794 0.021446
10 0.413900 0.054306 0.004149 0.017987
48 0.665629 0.162401 0.066390 0.055690
48 0.636757 0.205119 0.023859 0.024213
48 0.624654 0.213940 0.029391 0.024559
48 0.613935 0.226911 0.025242 0.026288
9 0.562759 0.237461 0.002420 0.007264
48 0.704876 0.254410 0.051521 0.048772
46 0.530256 0.272051 0.004495 0.004497
1 0.678596 0.179869 0.010028 0.008993
48 0.753631 0.097371 0.025242 0.027326
48 0.772822 0.080249 0.033887 0.029056
9 0.961791 0.031650 0.006570 0.007956
9 0.958160 0.035282 0.007607 0.006918
48 0.118949 0.028710 0.040111 0.017987
48 0.158022 0.014355 0.020055 0.013490
48 0.157676 0.028018 0.021438 0.012452
48 0.568811 0.235905 0.010373 0.011761
48 0.529564 0.107748 0.008645 0.010031
47 0.143154 0.034071 0.007607 0.007264
48 0.180498 0.016949 0.023513 0.033207
47 0.086272 0.093220 0.007953 0.013490
48 0.160443 0.098582 0.022822 0.007610
0 0.075726 0.112418 0.009682 0.014528
2 0.158368 0.334486 0.024205 0.020754
47 0.130878 0.306122 0.029391 0.026288
54 0.081432 0.232446 0.016943 0.016603
49 0.161307 0.238326 0.039073 0.056728
49 0.202282 0.238326 0.042185 0.056728
1 0.261065 0.257177 0.007607 0.010723
49 0.281293 0.339675 0.057054 0.025597
49 0.277835 0.295572 0.050138 0.061916
1 0.257780 0.361294 0.010719 0.013490
2 0.266943 0.381183 0.031120 0.025597
5 0.284578 0.234521 0.004149 0.002767
48 0.351660 0.253027 0.014523 0.024559
48 0.349758 0.277759 0.008645 0.023521
5 0.357711 0.283812 0.003112 0.005880
48 0.331432 0.270495 0.020401 0.018679
48 0.330740 0.296437 0.010028 0.023521
2 0.326591 0.321861 0.020401 0.030785
48 0.351833 0.321861 0.009336 0.054306
5 0.352178 0.294016 0.004495 0.001384
5 0.418914 0.388966 0.004495 0.001730
5 0.407158 0.372535 0.003804 0.002075
0 0.057746 0.319958 0.009682 0.013144
2 0.097856 0.320477 0.032503 0.022484
1 0.034924 0.320996 0.013831 0.011069
5 0.390214 0.285887 0.002420 0.003805
5 0.392635 0.291422 0.002420 0.002421
5 0.415802 0.297302 0.003804 0.003113
53 0.394537 0.290038 0.024896 0.014182
53 0.397994 0.304912 0.035961 0.019716
53 0.400761 0.319267 0.035961 0.015911
53 0.400934 0.336043 0.036999 0.018333
53 0.401107 0.350225 0.039419 0.016949
53 0.401452 0.364234 0.053942 0.011761
48 0.624481 0.260464 0.019364 0.017295
48 0.505187 0.432203 0.004149 0.007264
48 0.496196 0.430820 0.011757 0.006572
53 0.391252 0.372535 0.036999 0.004151
53 0.481155 0.394846 0.026625 0.018333
53 0.480463 0.412833 0.028008 0.022484
48 0.588001 0.228295 0.054288 0.056728
1 0.588347 0.197855 0.010028 0.013144
48 0.701764 0.147873 0.019018 0.018333
48 0.714384 0.130232 0.046335 0.038395
48 0.612725 0.199931 0.038728 0.036666
48 0.598721 0.214286 0.018326 0.020408
48 0.591459 0.205811 0.008645 0.008993
11 0.573479 0.151851 0.010028 0.006226
48 0.572614 0.124870 0.037344 0.029747
48 0.526971 0.126600 0.008990 0.013144
48 0.533714 0.138706 0.004495 0.004151
48 0.509509 0.162401 0.011411 0.005880
48 0.545816 0.190937 0.005187 0.004843
48 0.533368 0.188343 0.010719 0.008648
5 0.524032 0.190591 0.002420 0.004843
48 0.615145 0.175026 0.011065 0.008993
48 0.651971 0.190419 0.023859 0.023175
56 0.120332 0.076271 0.015906 0.025943
56 0.092151 0.070391 0.018326 0.015566
56 0.073824 0.072466 0.014869 0.015566
0 0.072268 0.138360 0.004841 0.014528
49 0.059647 0.126600 0.030775 0.054652
9 0.357884 0.355067 0.004149 0.001730
9 0.358230 0.360602 0.003458 0.002421
4 0.360131 0.366136 0.003804 0.003113
9 0.357019 0.357835 0.005187 0.001730
9 0.356328 0.352646 0.004495 0.002421
2 0.577801 0.457800 0.013140 0.012798
2 0.739972 0.228987 0.016598 0.016603
2 0.732884 0.217399 0.016252 0.014874
2 0.732884 0.180042 0.015560 0.014874
2 0.765387 0.157731 0.015560 0.016603
59 0.407849 0.441716 0.011411 0.010377
5 0.477870 0.332065 0.001383 0.004151
11 0.597683 0.313213 0.007261 0.002421
48 0.329357 0.389658 0.014869 0.016257
48 0.340076 0.385161 0.010028 0.030785
47 0.588174 0.287098 0.069848 0.054652
48 0.516598 0.245936 0.030429 0.014528
48 0.447614 0.194915 0.022476 0.027326
48 0.469571 0.103597 0.018672 0.010723
48 0.348893 0.385680 0.014523 0.065721
48 0.468015 0.156001 0.013485 0.013144
48 0.467842 0.146143 0.011757 0.008648
47 0.677386 0.232100 0.033195 0.037357
48 0.331604 0.408163 0.015214 0.016603
