10 0.000700 0.207111 0.001399 0.004399
48 0.003847 0.603922 0.007695 0.062683
48 0.006471 0.349890 0.012942 0.045088
5 0.001574 0.200880 0.003148 0.004399
48 0.012592 0.418255 0.025184 0.019062
48 0.012417 0.509897 0.024834 0.015396
48 0.010668 0.401943 0.021336 0.015029
48 0.006995 0.773277 0.013991 0.026026
5 0.563134 0.980755 0.002099 0.005499
5 0.572753 0.981122 0.004547 0.002566
48 0.622595 0.214260 0.011193 0.009164
48 0.615075 0.232955 0.011542 0.009897
9 0.587968 0.192815 0.013991 0.008798
48 0.522735 0.158724 0.016439 0.017595
48 0.503323 0.128116 0.021686 0.025293
48 0.562085 0.148827 0.009794 0.009531
5 0.527982 0.140029 0.003148 0.003666
48 0.049318 0.006048 0.009094 0.012097
48 0.062434 0.011730 0.023435 0.011730
48 0.419552 0.208394 0.051417 0.040689
55 0.781917 0.130682 0.008744 0.010630
55 0.793284 0.135447 0.009794 0.012830
48 0.443162 0.139113 0.034278 0.023827
5 0.012417 0.245051 0.003847 0.002566
5 0.021511 0.248717 0.003148 0.004765
55 0.770549 0.125733 0.011892 0.011730
55 0.351871 0.805352 0.009094 0.010264
55 0.620147 0.058651 0.014690 0.013930
48 0.168066 0.425770 0.076600 0.116935
48 0.147604 0.193915 0.025184 0.014663
5 0.006471 0.048937 0.003847 0.001833
51 0.945086 0.636180 0.032179 0.019428
51 0.977265 0.639113 0.036376 0.022361
51 0.976390 0.659091 0.034627 0.019795
51 0.943861 0.655242 0.035327 0.017962
48 0.953480 0.646994 0.093040 0.162757
5 0.028681 0.640762 0.003498 0.005132
48 0.027632 0.602823 0.025883 0.062683
5 0.032004 0.742669 0.005247 0.003666
5 0.029731 0.738087 0.004897 0.003299
9 0.882127 0.861987 0.004197 0.006232
48 0.976215 0.878116 0.020986 0.020161
55 0.666842 0.267229 0.012942 0.012463
55 0.691501 0.271811 0.011892 0.012097
48 0.693075 0.294905 0.010143 0.010630
48 0.937391 0.186400 0.125219 0.096408
48 0.956278 0.321481 0.018188 0.021994
48 0.905736 0.490653 0.018538 0.015029
48 0.916055 0.485704 0.018188 0.022727
48 0.903638 0.455645 0.011542 0.009531
48 0.930920 0.481122 0.012942 0.014296
48 0.889997 0.498717 0.014341 0.015029
48 0.932844 0.470125 0.011892 0.009164
48 0.967471 0.492852 0.013291 0.020161
48 0.972018 0.461144 0.010493 0.020528
5 0.962225 0.477823 0.005596 0.004032
48 0.942462 0.477639 0.011542 0.013196
48 0.957677 0.468658 0.018888 0.026026
5 0.969220 0.517779 0.002798 0.004765
48 0.997027 0.514113 0.005946 0.005499
48 0.847324 0.594208 0.012242 0.005865
48 0.965547 0.929069 0.011542 0.009164
19 0.989332 0.137097 0.015040 0.009531
19 0.975341 0.132148 0.014341 0.010630
19 0.961875 0.126833 0.014690 0.008065
19 0.948758 0.121884 0.015040 0.008431
19 0.934243 0.116935 0.015390 0.008798
19 0.920602 0.112353 0.014690 0.008431
19 0.907310 0.107771 0.014690 0.009531
19 0.893319 0.103006 0.014690 0.008798
19 0.879678 0.098424 0.013991 0.009164
19 0.865687 0.093658 0.013991 0.008431
19 0.851347 0.089076 0.014690 0.008798
19 0.837006 0.084494 0.013991 0.008431
19 0.823190 0.080279 0.015040 0.008798
19 0.809024 0.075696 0.013991 0.008431
19 0.795208 0.071114 0.014341 0.008798
19 0.781042 0.066166 0.012592 0.008431
19 0.767926 0.061950 0.012942 0.008065
19 0.754110 0.057735 0.013991 0.008431
19 0.740294 0.053519 0.014341 0.007331
19 0.725778 0.049487 0.014690 0.008798
19 0.711612 0.044905 0.014341 0.007698
19 0.697796 0.040139 0.015390 0.008431
19 0.683106 0.036107 0.014690 0.009164
19 0.668765 0.030792 0.014690 0.008065
19 0.654599 0.026393 0.015040 0.010264
19 0.640783 0.022177 0.014690 0.009164
19 0.626618 0.018145 0.015740 0.009164
19 0.611752 0.013196 0.013991 0.009531
19 0.597412 0.009531 0.015390 0.007331
19 0.584120 0.005315 0.016090 0.007698
19 0.570304 0.002016 0.015040 0.004032
48 0.060161 0.127016 0.062959 0.054619
5 0.006121 0.051320 0.004547 0.002199
5 0.005596 0.053519 0.004897 0.002199
5 0.040224 0.065249 0.005596 0.003666
48 0.029031 0.081012 0.016090 0.027859
48 0.046170 0.074963 0.023785 0.021628
5 0.086744 0.147727 0.005596 0.003666
5 0.101434 0.141496 0.005596 0.002933
48 0.047919 0.032991 0.040574 0.038123
48 0.068730 0.063600 0.018538 0.012830
48 0.068031 0.086144 0.026932 0.041056
48 0.057538 0.004949 0.010843 0.005499
48 0.192200 0.297104 0.023435 0.017229
48 0.195348 0.518878 0.043022 0.045088
48 0.201294 0.538673 0.045121 0.036290
48 0.244316 0.625733 0.026932 0.019062
48 0.158622 0.345125 0.040923 0.020161
48 0.140609 0.784458 0.025883 0.026393
48 0.239070 0.848790 0.057013 0.031158
48 0.155124 0.947581 0.030430 0.034457
48 0.070129 0.899194 0.052116 0.046188
48 0.211962 0.950513 0.011892 0.012463
48 0.112802 0.978739 0.029731 0.021994
48 0.128367 0.910924 0.010493 0.011730
48 0.502099 0.969941 0.015740 0.016129
48 0.463274 0.913673 0.064708 0.038490
48 0.410458 0.896628 0.038825 0.038856
48 0.419028 0.864919 0.020986 0.043622
48 0.903987 0.942632 0.017139 0.023827
48 0.865687 0.849707 0.015390 0.038856
48 0.944036 0.922837 0.023785 0.022361
48 0.806925 0.733504 0.025883 0.019795
48 0.677859 0.568365 0.020986 0.019428
48 0.692725 0.579362 0.024834 0.012830
48 0.692200 0.563050 0.016090 0.012463
48 0.538300 0.092192 0.015390 0.014296
48 0.596187 0.150293 0.010843 0.012463
48 0.839629 0.156525 0.057712 0.041056
48 0.480413 0.195381 0.029031 0.021994
48 0.480588 0.141312 0.022385 0.034091
48 0.562260 0.227456 0.010843 0.011364
48 0.460126 0.195015 0.018538 0.029326
48 0.128891 0.587243 0.018538 0.024194
48 0.132389 0.559384 0.012242 0.012463
48 0.119098 0.530425 0.017139 0.024927
48 0.081147 0.532441 0.006995 0.012830
48 0.096362 0.530242 0.008045 0.014296
48 0.232599 0.792705 0.006995 0.009897
48 0.556313 0.745418 0.012942 0.013563
48 0.732424 0.720125 0.027282 0.060484
48 0.759706 0.752933 0.011892 0.050587
48 0.747639 0.946847 0.033228 0.057185
48 0.646205 0.789040 0.022036 0.034091
48 0.552291 0.542339 0.050367 0.050220
48 0.924799 0.363820 0.022385 0.023094
48 0.929696 0.343109 0.020287 0.020528
48 0.689752 0.083578 0.072753 0.059384
48 0.991780 0.166239 0.016439 0.026760
48 0.997202 0.362720 0.005596 0.019428
48 0.995628 0.448680 0.008744 0.024194
18 0.764253 0.001650 0.021686 0.003299
18 0.785240 0.004216 0.021686 0.008431
10 0.851521 0.512830 0.005946 0.008065
5 0.438440 0.803702 0.005247 0.003299
6 0.286289 0.752199 0.012242 0.003666
5 0.318993 0.760814 0.006296 0.003299
48 0.722455 0.667705 0.010843 0.015762
48 0.777894 0.505682 0.012592 0.037023
48 0.204617 0.886913 0.027982 0.018695
48 0.469220 0.124084 0.014341 0.015029
48 0.466247 0.176869 0.017489 0.015762
5 0.978839 0.513380 0.003148 0.007698
8 0.675761 0.681085 0.008395 0.005132
6 0.029031 0.777126 0.007695 0.006598
48 0.851521 0.111437 0.045121 0.022727
48 0.825289 0.255315 0.015740 0.024560
48 0.735397 0.219391 0.012942 0.026760
48 0.749388 0.504949 0.013641 0.022361
48 0.324764 0.065249 0.010143 0.014663
48 0.511368 0.972507 0.012592 0.014663
42 0.823365 0.322581 0.004897 0.010997
5 0.076425 0.745418 0.005946 0.003299
5 0.007345 0.043072 0.004897 0.004765
48 0.259531 0.945748 0.019587 0.028592
48 0.063834 0.456562 0.042322 0.012830
48 0.988283 0.327896 0.015740 0.020894
48 0.935642 0.506965 0.014690 0.021994
48 0.747464 0.248350 0.013991 0.023094
48 0.720182 0.277126 0.011193 0.014663
48 0.831934 0.525477 0.010143 0.007698
48 0.096887 0.031342 0.056663 0.020894
48 0.092690 0.787573 0.019587 0.015029
5 0.982861 0.714809 0.002798 0.007331
48 0.953480 0.427786 0.028681 0.010997
48 0.781392 0.986620 0.017489 0.026760
48 0.412907 0.830828 0.009444 0.012097
48 0.124519 0.616935 0.050367 0.017595
48 0.027632 0.469208 0.043372 0.011730
5 0.104057 0.741752 0.005247 0.003299
5 0.393494 0.893695 0.004897 0.004399
5 0.958902 0.730572 0.002448 0.004399
48 0.779119 0.088343 0.011542 0.013196
48 0.678734 0.048754 0.026233 0.013930
48 0.992305 0.306268 0.014690 0.017962
48 0.979014 0.356855 0.014690 0.019428
48 0.951557 0.501100 0.018538 0.024194
48 0.738720 0.625733 0.017489 0.046188
48 0.707415 0.650110 0.018538 0.063416
48 0.769675 0.330279 0.022036 0.097507
48 0.671389 0.212610 0.022735 0.089443
48 0.114551 0.836144 0.043022 0.015396
48 0.445785 0.198497 0.018538 0.019428
48 0.570304 0.384347 0.024834 0.026760
48 0.495453 0.069098 0.017838 0.015762
48 0.070654 0.626650 0.046870 0.017962
48 0.222106 0.413673 0.013291 0.017962
48 0.152151 0.319465 0.023085 0.026760
48 0.378454 0.163856 0.023085 0.016129
5 0.867611 0.518328 0.005247 0.004399
8 0.676111 0.673204 0.007695 0.005499
48 0.406436 0.828812 0.009094 0.006598
48 0.726303 0.317082 0.012242 0.032258
48 0.611403 0.782625 0.021686 0.022727
48 0.826688 0.481672 0.009444 0.015396
48 0.643057 0.557735 0.009444 0.010630
48 0.366737 0.217742 0.021336 0.025660
48 0.118398 0.882881 0.019237 0.020894
48 0.092690 0.869868 0.012592 0.013930
8 0.696222 0.638380 0.008744 0.005499
5 0.303603 0.753666 0.004897 0.004399
48 0.647079 0.906708 0.017489 0.048021
48 0.850997 0.718475 0.014690 0.010997
48 0.853620 0.623350 0.024834 0.018695
48 0.647779 0.669172 0.011892 0.055352
48 0.419727 0.982405 0.038475 0.019795
5 0.342427 0.765213 0.007695 0.004765
5 0.206891 0.635081 0.005946 0.003299
5 0.438440 0.813966 0.005247 0.006232
48 0.883701 0.984604 0.012242 0.012463
48 0.660546 0.323130 0.019237 0.096408
48 0.828611 0.852089 0.021686 0.038490
48 0.595663 0.667889 0.017489 0.035924
5 0.907660 0.559934 0.007695 0.004032
5 0.992130 0.726723 0.002448 0.004765
5 0.538300 0.918255 0.005596 0.005865
48 0.790836 0.853372 0.011193 0.011730
48 0.094788 0.549304 0.025883 0.013563
55 0.631514 0.585777 0.019937 0.019062
48 0.186429 0.973974 0.024484 0.019062
48 0.941063 0.292705 0.016439 0.020894
48 0.916404 0.515946 0.034278 0.024560
48 0.831934 0.228372 0.015040 0.026393
48 0.908884 0.944831 0.005946 0.012830
48 0.193424 0.790872 0.027982 0.022361
48 0.602309 0.170638 0.018188 0.025293
48 0.344876 0.120601 0.017489 0.025660
8 0.676810 0.677786 0.007695 0.002933
48 0.180483 0.845308 0.046170 0.017595
48 0.373732 0.127199 0.015040 0.025660
48 0.321616 0.133614 0.019237 0.037757
5 0.919727 0.562683 0.002448 0.005865
5 0.952081 0.730938 0.003498 0.005865
5 0.950157 0.731122 0.001049 0.005499
48 0.419902 0.821481 0.009444 0.007331
48 0.946310 0.368218 0.015040 0.017962
48 0.762854 0.844758 0.020986 0.052419
48 0.669290 0.454179 0.027632 0.017595
48 0.458552 0.164773 0.022385 0.017229
48 0.505247 0.935667 0.023435 0.022361
5 0.992130 0.731122 0.002448 0.004032
5 0.357643 0.758248 0.005247 0.004032
5 0.059112 0.744501 0.004897 0.004399
48 0.861840 0.457661 0.035677 0.035557
48 0.884050 0.662023 0.019237 0.050587
48 0.853095 0.636913 0.027982 0.011364
48 0.668241 0.661107 0.019237 0.055352
48 0.242567 0.800403 0.010843 0.008431
48 0.612977 0.193732 0.017838 0.017229
5 0.986009 0.720308 0.003498 0.005132
5 0.208115 0.654142 0.004897 0.006232
5 0.214236 0.652126 0.003847 0.005132
5 0.215110 0.631048 0.004197 0.002566
5 0.954180 0.744135 0.002798 0.006598
5 0.971843 0.744318 0.003148 0.004765
48 0.623645 0.430902 0.011193 0.009164
48 0.929346 0.136364 0.041273 0.021994
48 0.936866 0.315249 0.015040 0.017595
48 0.872333 0.811034 0.011193 0.036290
48 0.726128 0.802603 0.018888 0.048754
48 0.183106 0.819648 0.049318 0.016129
5 0.249213 0.730205 0.003148 0.005865
5 0.241168 0.726540 0.003148 0.005865
48 0.112977 0.650110 0.047569 0.017229
48 0.701469 0.239003 0.020637 0.013930
48 0.883351 0.000367 0.013641 0.000733
48 0.816719 0.639296 0.019587 0.041789
48 0.791710 0.532075 0.013641 0.009164
48 0.701469 0.518145 0.019237 0.015762
48 0.097936 0.117485 0.020287 0.017962
5 0.246765 0.730205 0.003148 0.003666
5 0.085170 0.745601 0.005946 0.003666
5 0.447184 0.815249 0.005946 0.005865
48 0.153900 0.639846 0.048968 0.017229
48 0.094264 0.064333 0.022735 0.022361
48 0.760581 0.081012 0.022735 0.016862
48 0.804827 0.361070 0.025184 0.030059
48 0.703568 0.348240 0.012942 0.032991
48 0.739245 0.192999 0.011542 0.032625
48 0.707240 0.857955 0.036376 0.022361
48 0.793459 0.445015 0.029731 0.014663
48 0.686254 0.480938 0.021686 0.048387
48 0.507170 0.403592 0.017489 0.024194
48 0.532529 0.124633 0.017139 0.019795
48 0.509269 0.088526 0.020287 0.023827
48 0.124169 0.246151 0.027282 0.036290
8 0.690976 0.646628 0.005247 0.008798
5 0.993529 0.715359 0.002448 0.004032
5 0.569430 0.962977 0.006296 0.005865
48 0.126443 0.692999 0.038825 0.016496
48 0.225079 0.615103 0.021336 0.019062
48 0.229626 0.635081 0.024134 0.022361
48 0.758482 0.415689 0.014341 0.014663
48 0.898566 0.337243 0.020287 0.020528
48 0.790661 0.909091 0.014341 0.033724
48 0.756208 0.430352 0.020287 0.011730
48 0.274397 0.704545 0.026932 0.019795
48 0.355894 0.081745 0.015040 0.019062
5 0.974292 0.712793 0.003148 0.006232
48 0.978314 0.314883 0.007695 0.008798
48 0.987233 0.456195 0.017139 0.019428
48 0.801504 0.249450 0.017139 0.024560
48 0.821266 0.953446 0.015390 0.043988
48 0.717384 0.904509 0.023785 0.051686
48 0.641483 0.476173 0.018888 0.031525
48 0.401364 0.820565 0.012942 0.010630
48 0.350472 0.818732 0.009094 0.008431
48 0.522560 0.108688 0.017489 0.015029
5 0.359741 0.761730 0.005247 0.003666
5 0.947009 0.730022 0.002448 0.004765
48 0.576425 0.728372 0.020986 0.048387
48 0.815670 0.669538 0.015390 0.013563
48 0.661770 0.704729 0.013991 0.006232
48 0.200245 0.912573 0.031130 0.020894
48 0.490731 0.978922 0.016789 0.010630
48 0.136761 0.906892 0.015390 0.017595
48 0.769325 0.761913 0.018538 0.045821
48 0.756908 0.627016 0.015390 0.050220
48 0.825289 0.503116 0.012242 0.012830
48 0.589542 0.406158 0.015040 0.023460
48 0.435992 0.300037 0.043722 0.015762
48 0.453305 0.098974 0.016090 0.016862
48 0.576425 0.209861 0.020287 0.026760
5 0.916404 0.562133 0.002798 0.005499
5 0.333158 0.765579 0.005247 0.004032
8 0.679433 0.660191 0.009444 0.005865
48 0.010843 0.939333 0.009794 0.012097
48 0.970619 0.547654 0.018888 0.008798
48 0.809549 0.299487 0.034627 0.030792
48 0.657573 0.794172 0.030080 0.028959
48 0.500350 0.174853 0.013641 0.013930
5 0.992830 0.721958 0.002448 0.004765
5 0.260056 0.739186 0.003847 0.004765
48 0.707590 0.980389 0.017489 0.039223
48 0.661595 0.848240 0.029731 0.027126
48 0.344351 0.052969 0.013641 0.020894
48 0.344351 0.191899 0.022735 0.023827
8 0.242043 0.748717 0.006296 0.003299
5 0.361140 0.754582 0.005946 0.004032
5 0.574502 0.971591 0.003847 0.005499
5 0.547219 0.926870 0.004547 0.004765
48 0.690626 0.905425 0.017139 0.046188
48 0.690451 0.450147 0.013991 0.013196
48 0.791535 0.091092 0.013991 0.012830
48 0.913781 0.410740 0.032529 0.028959
48 0.650227 0.758798 0.022385 0.012463
48 0.747289 0.475073 0.012242 0.010997
48 0.586219 0.147177 0.018888 0.023827
48 0.836656 0.767962 0.019587 0.041056
48 0.466072 0.723240 0.014341 0.016862
48 0.448583 0.971958 0.023435 0.022361
5 0.991081 0.715176 0.003148 0.005132
5 0.412382 0.791606 0.004897 0.003299
8 0.603358 0.674304 0.008395 0.006232
5 0.409059 0.792889 0.005247 0.002933
48 0.018888 0.985521 0.016090 0.017962
48 0.886499 0.616386 0.015740 0.008431
48 0.706541 0.315616 0.015390 0.033724
48 0.718783 0.260630 0.015390 0.016862
48 0.743792 0.277493 0.010143 0.010264
48 0.545470 0.718842 0.016439 0.008798
48 0.559112 0.480022 0.030430 0.042889
5 0.990381 0.727273 0.005247 0.005132
5 0.383875 0.776760 0.004547 0.004399
5 0.977265 0.721591 0.002798 0.004765
6 0.598986 0.876283 0.006646 0.004032
48 0.382127 0.865286 0.022036 0.021628
48 0.961525 0.296921 0.013991 0.016129
48 0.722455 0.351173 0.015040 0.032258
48 0.862539 0.951430 0.018188 0.008431
48 0.650752 0.403043 0.027632 0.025293
48 0.355194 0.822764 0.007345 0.008431
48 0.440364 0.838526 0.027282 0.030425
48 0.591116 0.233688 0.023785 0.029692
48 0.058412 0.562133 0.024484 0.013563
48 0.044421 0.390762 0.021686 0.013930
48 0.099510 0.090543 0.037426 0.016129
5 0.983386 0.714443 0.001749 0.004399
48 0.271249 0.895345 0.013641 0.011364
48 0.844176 0.279692 0.033228 0.038123
48 0.895243 0.358871 0.023435 0.024194
48 0.560860 0.774927 0.027632 0.052786
48 0.631165 0.725257 0.020637 0.034824
48 0.907485 0.929985 0.008045 0.005132
48 0.361840 0.855938 0.019237 0.017595
48 0.365338 0.813600 0.008045 0.006965
48 0.084120 0.838526 0.008744 0.010630
48 0.569605 0.039956 0.065407 0.039589
48 0.610178 0.264296 0.024834 0.030792
48 0.324764 0.037757 0.008744 0.019795
48 0.222106 0.469758 0.018888 0.017229
48 0.223155 0.437867 0.016789 0.024560
48 0.041448 0.811950 0.022036 0.012463
54 0.134662 0.141312 0.032879 0.027493
5 0.975516 0.744685 0.003498 0.004032
5 0.577475 0.976356 0.004197 0.005499
48 0.870934 0.760447 0.027282 0.020894
48 0.629241 0.666239 0.016090 0.046554
48 0.044946 0.498900 0.028332 0.012463
48 0.497726 0.730022 0.032879 0.010630
5 0.392095 0.890579 0.004197 0.003299
5 0.009444 0.031525 0.004197 0.004399
5 0.009094 0.029142 0.004897 0.004765
5 0.949108 0.743585 0.001749 0.006232
5 0.974991 0.514296 0.004547 0.006598
6 0.601434 0.873534 0.007345 0.005865
48 0.029731 0.835594 0.024484 0.015029
48 0.470619 0.928702 0.010843 0.006965
48 0.976215 0.419721 0.020287 0.015396
48 0.808499 0.223240 0.016439 0.024927
48 0.890346 0.947397 0.015740 0.045088
48 0.776320 0.679252 0.019237 0.052786
48 0.660196 0.570565 0.013641 0.025293
48 0.624344 0.522361 0.016090 0.043255
48 0.193074 0.945748 0.030080 0.020528
48 0.047744 0.404692 0.012242 0.009531
5 0.944036 0.730755 0.003498 0.004032
48 0.695873 0.716276 0.017838 0.034457
48 0.417279 0.317449 0.011193 0.014663
48 0.664218 0.050587 0.048968 0.024927
48 0.872333 0.288856 0.031480 0.035924
48 0.668241 0.513930 0.040923 0.020528
48 0.679783 0.545455 0.017838 0.043255
48 0.555614 0.356855 0.030430 0.027493
5 0.866912 0.510264 0.004547 0.003666
5 0.352921 0.767779 0.006296 0.004032
48 0.741343 0.075880 0.016439 0.010264
48 0.806226 0.328079 0.026583 0.033724
48 0.626793 0.809018 0.051766 0.030059
48 0.695698 0.408174 0.011892 0.015762
48 0.332634 0.091459 0.020986 0.031158
48 0.364288 0.103006 0.015740 0.023460
48 0.069080 0.486804 0.026932 0.010997
48 0.183106 0.356305 0.047919 0.027859
8 0.247114 0.746701 0.005247 0.003666
48 0.251836 0.980205 0.022385 0.030059
48 0.976215 0.377749 0.013991 0.017962
48 0.948933 0.349523 0.016789 0.019428
48 0.856768 0.917705 0.023435 0.021628
48 0.800455 0.809751 0.019237 0.039589
48 0.853620 0.605022 0.024134 0.013563
48 0.421476 0.758065 0.019587 0.015396
48 0.733998 0.411107 0.015740 0.030425
5 0.973942 0.720858 0.002448 0.004765
8 0.677510 0.669355 0.006995 0.003666
5 0.006471 0.046188 0.004547 0.004399
5 0.597587 0.878849 0.004547 0.003299
5 0.033753 0.754399 0.005247 0.004399
48 0.350647 0.985521 0.022735 0.022361
48 0.021861 0.848240 0.017139 0.009531
48 0.072053 0.660924 0.046870 0.018328
48 0.812697 0.096957 0.033928 0.020161
48 0.887373 0.431268 0.025883 0.022361
48 0.879154 0.731672 0.014341 0.016862
48 0.697097 0.784274 0.020287 0.066349
48 0.847149 0.685667 0.018888 0.042155
48 0.688702 0.824047 0.037076 0.019062
48 0.820042 0.519611 0.007345 0.007698
48 0.494579 0.776393 0.027282 0.010997
48 0.275446 0.805535 0.018538 0.015762
5 0.940189 0.493218 0.006296 0.004032
5 0.907835 0.593842 0.003847 0.008065
48 0.531305 0.589626 0.044771 0.045088
48 0.647604 0.451796 0.013641 0.015029
48 0.933718 0.434934 0.022036 0.020894
