48 0.055594 0.993033 0.009091 0.013935
19 0.590210 0.997616 0.016084 0.004767
19 0.576399 0.994133 0.015035 0.007334
48 0.063811 0.997983 0.010839 0.004034
18 0.770280 0.992116 0.021678 0.009901
18 0.791259 0.996333 0.021678 0.007334
48 0.889336 0.987165 0.013636 0.014668
48 0.991608 0.627796 0.015385 0.019802
48 0.997028 0.611294 0.005944 0.012468
48 0.997028 0.627063 0.005944 0.015402
48 0.997028 0.844701 0.005944 0.008434
48 0.991434 0.535937 0.017133 0.021635
48 0.994580 0.579758 0.010839 0.008067
48 0.984965 0.063256 0.030070 0.048038
48 0.995629 0.009351 0.008741 0.017968
48 0.986014 0.251558 0.027972 0.019802
48 0.986888 0.277044 0.026224 0.022369
48 0.998427 0.852219 0.003147 0.007334
48 0.997203 0.860653 0.005594 0.009534
48 0.991608 0.977631 0.016783 0.027136
48 0.989860 0.309314 0.020280 0.023102
10 0.918007 0.004034 0.004545 0.007334
48 0.686538 0.158232 0.026224 0.028236
48 0.392832 0.121195 0.024126 0.028236
48 0.187063 0.188852 0.028671 0.022736
48 0.186189 0.207004 0.027622 0.015768
48 0.234790 0.255042 0.019231 0.023836
48 0.300000 0.209021 0.033566 0.020535
48 0.199126 0.298313 0.026224 0.020902
48 0.105420 0.385405 0.063287 0.017602
48 0.139510 0.364320 0.014685 0.011368
48 0.801573 0.105977 0.027622 0.039604
48 0.020804 0.396773 0.003846 0.007334
48 0.025175 0.450495 0.003497 0.004767
48 0.020280 0.468647 0.003497 0.005867
5 0.275350 0.729923 0.005245 0.003300
48 0.265734 0.741474 0.021678 0.013201
48 0.404371 0.887422 0.032517 0.020535
48 0.447902 0.897690 0.010490 0.018335
22 0.472727 0.931426 0.016084 0.010268
50 0.086364 0.959846 0.013986 0.023836
48 0.300175 0.786212 0.012238 0.013201
5 0.031818 0.758343 0.003497 0.003667
5 0.022203 0.848735 0.002448 0.004034
48 0.248252 0.784929 0.023776 0.023102
39 0.854196 0.967547 0.008392 0.003300
48 0.121329 0.781261 0.011888 0.008434
5 0.025000 0.788045 0.002448 0.004400
48 0.719231 0.044738 0.030070 0.027136
48 0.765909 0.682985 0.026923 0.030436
39 0.971503 0.976898 0.008042 0.005134
48 0.156643 0.078108 0.044755 0.024936
48 0.739685 0.311698 0.040210 0.060139
48 0.826224 0.572974 0.026573 0.011368
48 0.003497 0.645031 0.006993 0.038871
48 0.004720 0.684635 0.009441 0.036670
48 0.004196 0.850202 0.008392 0.027503
8 0.005070 0.523286 0.003147 0.005867
48 0.133741 0.196003 0.077273 0.043638
5 0.442657 0.768977 0.003497 0.005867
5 0.450350 0.766410 0.004895 0.002934
5 0.565385 0.640631 0.003497 0.002200
6 0.578147 0.645581 0.007343 0.002567
48 0.532343 0.666117 0.009441 0.007701
48 0.515035 0.681151 0.008392 0.009901
48 0.526049 0.696553 0.005245 0.007701
48 0.533042 0.678951 0.006643 0.009168
48 0.526923 0.679135 0.006993 0.005134
48 0.514685 0.667950 0.009790 0.006234
48 0.545629 0.700220 0.005944 0.009168
48 0.559790 0.699670 0.006294 0.005134
48 0.519755 0.733407 0.005245 0.005867
48 0.512587 0.730473 0.029371 0.013201
48 0.500524 0.752659 0.012238 0.012101
48 0.515734 0.773744 0.015385 0.016868
48 0.486014 0.795380 0.009790 0.005867
48 0.492657 0.808398 0.011189 0.013568
48 0.479196 0.770627 0.011538 0.013568
48 0.482343 0.782912 0.018531 0.010268
48 0.505245 0.786395 0.011888 0.010634
48 0.512063 0.752475 0.012937 0.013935
48 0.534790 0.747708 0.012238 0.011001
48 0.481119 0.745325 0.009790 0.027503
48 0.549126 0.724789 0.007343 0.011368
48 0.510664 0.702787 0.008042 0.009168
48 0.516084 0.694536 0.011189 0.008801
48 0.523427 0.674918 0.016084 0.006967
48 0.538112 0.660433 0.010490 0.014668
48 0.548601 0.690319 0.004196 0.004034
48 0.537587 0.702054 0.004545 0.005501
48 0.544406 0.713238 0.007692 0.005867
48 0.516783 0.703704 0.006294 0.006601
48 0.526224 0.690136 0.004895 0.006601
48 0.537413 0.694169 0.006993 0.013935
48 0.515385 0.713421 0.005594 0.004767
48 0.507867 0.719839 0.010140 0.005134
48 0.522727 0.690136 0.004196 0.005867
48 0.556993 0.691602 0.006294 0.005867
48 0.541084 0.676751 0.005944 0.008434
48 0.546154 0.675468 0.005594 0.011001
48 0.524650 0.669050 0.006643 0.009901
48 0.535839 0.721856 0.007343 0.005501
48 0.523776 0.718372 0.009091 0.010268
48 0.524301 0.706637 0.010140 0.006601
48 0.517133 0.740741 0.006993 0.005134
48 0.512063 0.743858 0.006643 0.005501
48 0.522378 0.748258 0.008392 0.011368
48 0.501573 0.759809 0.015734 0.007334
48 0.479371 0.809864 0.005594 0.006234
48 0.502622 0.808398 0.011538 0.007701
48 0.479545 0.801063 0.008042 0.006967
48 0.496678 0.796480 0.005944 0.006601
48 0.503671 0.803264 0.010839 0.006234
48 0.503147 0.777044 0.006294 0.005867
48 0.489685 0.754492 0.010839 0.009168
48 0.551049 0.716538 0.012587 0.007334
48 0.532692 0.730473 0.007343 0.004400
48 0.530769 0.695820 0.006993 0.005501
48 0.537937 0.679135 0.006643 0.009534
48 0.531818 0.715255 0.006993 0.009901
48 0.537762 0.713971 0.006993 0.010268
48 0.538811 0.728640 0.006993 0.007334
48 0.544056 0.689036 0.005594 0.006601
48 0.502797 0.765860 0.006993 0.006967
48 0.464685 0.775761 0.008392 0.019435
48 0.416958 0.810964 0.008042 0.004034
48 0.625000 0.829116 0.006643 0.004400
48 0.620455 0.833150 0.009441 0.005867
48 0.629371 0.823066 0.004895 0.004767
48 0.611364 0.832417 0.005944 0.005134
48 0.586189 0.832233 0.008042 0.005501
48 0.594755 0.839934 0.009790 0.006234
48 0.584266 0.838834 0.009091 0.005501
48 0.579021 0.829300 0.005594 0.012101
48 0.578497 0.819582 0.008042 0.007334
48 0.591783 0.829300 0.008741 0.010634
48 0.611014 0.819765 0.005245 0.006967
48 0.605070 0.819582 0.005245 0.007334
48 0.605245 0.827833 0.004895 0.006967
48 0.599476 0.833883 0.008042 0.007334
48 0.586364 0.820132 0.004895 0.006967
48 0.553671 0.820132 0.018531 0.008434
48 0.560664 0.830033 0.011538 0.010634
48 0.904895 0.843968 0.007692 0.011368
48 0.915385 0.837184 0.011189 0.008801
48 0.936014 0.846351 0.004895 0.008067
48 0.943357 0.847451 0.006294 0.009534
48 0.941434 0.856069 0.022028 0.009168
48 0.928496 0.837550 0.005944 0.008801
48 0.973776 0.800147 0.016783 0.044738
48 0.196678 0.408874 0.073077 0.093876
55 0.073776 0.229740 0.013287 0.013568
48 0.734965 0.484598 0.063636 0.045105
48 0.623776 0.409424 0.038462 0.042171
5 0.891434 0.576824 0.005245 0.002934
5 0.884266 0.575908 0.005594 0.002567
48 0.923077 0.573707 0.011888 0.011368
48 0.985664 0.610744 0.011888 0.012835
19 0.562238 0.989732 0.014685 0.008067
19 0.548427 0.985148 0.014336 0.007701
19 0.535664 0.980565 0.014685 0.008801
19 0.522203 0.976531 0.014336 0.008067
19 0.508217 0.971947 0.015035 0.007701
19 0.494580 0.967547 0.014336 0.006967
19 0.480769 0.963696 0.015385 0.008801
48 0.206993 0.823249 0.015385 0.008801
48 0.226049 0.827649 0.005245 0.005867
48 0.503147 0.742391 0.011888 0.009901
48 0.555245 0.706271 0.006294 0.005134
48 0.521329 0.682252 0.004895 0.004034
48 0.470455 0.746058 0.012937 0.018702
48 0.505594 0.795013 0.013287 0.008067
48 0.080944 0.910341 0.017832 0.019435
48 0.242832 0.737440 0.027622 0.031536
48 0.269580 0.729556 0.008392 0.012835
5 0.283217 0.726256 0.002797 0.004767
48 0.141958 0.763293 0.053147 0.025303
18 0.008916 0.789329 0.016434 0.005501
48 0.005944 0.742758 0.011888 0.029703
48 0.005594 0.713971 0.011189 0.018335
48 0.647902 0.481848 0.027972 0.022736
48 0.649476 0.551522 0.019930 0.018335
48 0.610839 0.546205 0.011189 0.020169
48 0.750350 0.581041 0.025874 0.013568
48 0.821853 0.434177 0.022028 0.013935
48 0.476399 0.377338 0.045804 0.044004
48 0.729021 0.429593 0.039161 0.028236
48 0.807692 0.291712 0.021678 0.016502
48 0.796853 0.304547 0.019580 0.014301
48 0.761014 0.357536 0.015734 0.016868
48 0.819231 0.350568 0.033566 0.037404
48 0.761364 0.239274 0.037413 0.037770
48 0.622028 0.270260 0.032867 0.030070
48 0.644056 0.209204 0.039161 0.039971
48 0.598776 0.273377 0.019231 0.026036
5 0.000874 0.111661 0.001748 0.005501
8 0.004720 0.114045 0.003147 0.004400
48 0.045455 0.243124 0.038462 0.033003
48 0.086014 0.237990 0.037063 0.030070
48 0.119231 0.235240 0.020979 0.019435
48 0.142832 0.289512 0.028322 0.023836
5 0.094580 0.284745 0.005245 0.002567
48 0.049126 0.292629 0.031119 0.026403
48 0.154545 0.324899 0.023077 0.025669
5 0.145629 0.320682 0.005944 0.002567
48 0.136888 0.099560 0.010140 0.013568
48 0.096154 0.050238 0.015385 0.016868
48 0.118706 0.047488 0.015035 0.014301
48 0.146853 0.025119 0.022378 0.015768
48 0.776923 0.185919 0.044056 0.056472
48 0.543706 0.145948 0.058741 0.052805
48 0.361189 0.079391 0.021678 0.022369
48 0.356294 0.039237 0.013986 0.028603
48 0.453671 0.129080 0.035315 0.043271
48 0.448427 0.105061 0.015734 0.009168
48 0.500524 0.052989 0.015035 0.012101
48 0.487063 0.045838 0.019580 0.019802
48 0.467832 0.280161 0.017483 0.024936
48 0.458392 0.317932 0.015385 0.015402
48 0.412937 0.195820 0.039860 0.028603
48 0.434790 0.231390 0.019231 0.011735
48 0.404895 0.233040 0.022378 0.017968
48 0.405420 0.253025 0.019231 0.013935
48 0.396853 0.309131 0.025874 0.023469
48 0.394930 0.175651 0.012937 0.013201
48 0.404545 0.176568 0.008392 0.009168
48 0.355070 0.190136 0.012238 0.019435
48 0.326573 0.189952 0.024476 0.030070
48 0.341608 0.183535 0.012587 0.012101
48 0.344231 0.196736 0.012238 0.009901
48 0.110490 0.275578 0.032867 0.034103
48 0.122028 0.144298 0.010490 0.023836
48 0.089336 0.448845 0.052797 0.051338
48 0.124825 0.459846 0.069231 0.076274
48 0.061364 0.375871 0.020629 0.034470
48 0.089685 0.645398 0.024126 0.024202
48 0.143182 0.646498 0.032517 0.022002
48 0.209441 0.041254 0.018182 0.015768
48 0.253496 0.088376 0.016084 0.005867
48 0.266434 0.088009 0.010490 0.010268
48 0.204371 0.488632 0.055594 0.073707
48 0.282343 0.500183 0.019930 0.029336
48 0.298951 0.503300 0.018182 0.030436
48 0.350350 0.502567 0.023077 0.036304
48 0.372203 0.504767 0.022727 0.025303
48 0.376224 0.469747 0.014685 0.008801
48 0.362937 0.429043 0.035664 0.042538
5 0.205769 0.365053 0.004545 0.002567
5 0.212238 0.360836 0.004196 0.002934
48 0.515909 0.689219 0.009441 0.003300
48 0.512937 0.674184 0.006294 0.006234
48 0.526224 0.684268 0.006993 0.005867
48 0.521329 0.678951 0.004895 0.004767
48 0.520105 0.669417 0.006643 0.006234
48 0.534266 0.671434 0.009790 0.007334
48 0.532343 0.687569 0.009441 0.010268
48 0.521154 0.685735 0.005245 0.004400
48 0.545455 0.683902 0.008392 0.007334
48 0.539860 0.686102 0.006294 0.005134
48 0.549476 0.695453 0.008042 0.004767
48 0.542482 0.696186 0.006643 0.007701
48 0.550874 0.702970 0.006643 0.010268
48 0.551923 0.688669 0.005245 0.008801
48 0.532168 0.704620 0.007692 0.010634
48 0.523951 0.702054 0.008741 0.004034
48 0.544755 0.709571 0.006993 0.003667
48 0.538636 0.706637 0.008042 0.005867
48 0.521853 0.696736 0.005944 0.008067
48 0.520105 0.711955 0.007343 0.004767
48 0.543357 0.721305 0.009091 0.011001
48 0.544930 0.706454 0.006643 0.004767
48 0.541608 0.702787 0.004196 0.006967
48 0.552622 0.709938 0.009441 0.006601
48 0.515035 0.721305 0.010490 0.008067
48 0.529895 0.724789 0.010140 0.007701
48 0.544406 0.729740 0.007692 0.006601
48 0.490035 0.729740 0.012238 0.008067
48 0.490035 0.739091 0.011538 0.010634
48 0.489336 0.747158 0.011538 0.009901
48 0.511538 0.739274 0.004895 0.004400
48 0.524126 0.740191 0.006294 0.007701
48 0.531818 0.737440 0.008392 0.009534
48 0.539510 0.733590 0.009091 0.005501
48 0.539161 0.739824 0.009091 0.008434
48 0.519755 0.759626 0.011538 0.013568
48 0.528497 0.755226 0.008741 0.009168
48 0.487587 0.763110 0.008741 0.008801
48 0.481294 0.761276 0.007343 0.008067
48 0.495804 0.765310 0.008392 0.006601
48 0.493881 0.785295 0.010140 0.008434
48 0.482343 0.789512 0.017133 0.007334
48 0.499301 0.824716 0.013287 0.010268
48 0.482867 0.815548 0.012587 0.010268
48 0.482867 0.806747 0.009091 0.007334
48 0.487238 0.799780 0.008741 0.006601
48 0.493531 0.796480 0.009441 0.013201
48 0.436538 0.806381 0.013636 0.008067
48 0.417483 0.781995 0.014685 0.020902
48 0.512063 0.788779 0.010140 0.011001
48 0.568357 0.820132 0.014336 0.006967
48 0.570629 0.829116 0.011888 0.011001
48 0.552098 0.829116 0.007692 0.010268
48 0.600000 0.828200 0.006993 0.005501
48 0.611014 0.827649 0.008042 0.004400
48 0.618007 0.828566 0.008042 0.003300
48 0.624825 0.824166 0.004895 0.006967
48 0.602797 0.839384 0.009091 0.005134
48 0.605944 0.833517 0.006294 0.006601
48 0.584091 0.827099 0.007343 0.006234
48 0.623776 0.837367 0.005594 0.005501
48 0.701573 0.812981 0.130420 0.053539
48 0.731119 0.703154 0.020280 0.021635
5 0.625350 0.587092 0.004545 0.004400
48 0.554021 0.547855 0.021329 0.030070
48 0.585664 0.549872 0.023077 0.022369
48 0.594406 0.453795 0.013287 0.014301
48 0.620455 0.471214 0.019231 0.019069
48 0.778147 0.511184 0.034615 0.019069
48 0.780420 0.534837 0.025175 0.021635
48 0.826748 0.547488 0.020629 0.026403
48 0.710839 0.605061 0.038462 0.038137
48 0.748427 0.611845 0.025524 0.020902
48 0.775175 0.585442 0.015385 0.011368
48 0.807867 0.612578 0.037413 0.035570
48 0.891608 0.742941 0.016783 0.019802
48 0.927448 0.722222 0.013636 0.022369
48 0.869406 0.758526 0.024825 0.013568
5 0.922902 0.742391 0.005245 0.004034
5 0.916608 0.740007 0.004545 0.003667
48 0.955944 0.794463 0.022378 0.038504
48 0.930769 0.849652 0.006993 0.010268
48 0.918182 0.844885 0.008392 0.008801
48 0.923601 0.837550 0.005245 0.007334
48 0.928147 0.843968 0.010140 0.005501
48 0.934790 0.838651 0.008741 0.008067
48 0.943182 0.839017 0.011538 0.008067
48 0.972552 0.859553 0.008042 0.007334
48 0.952797 0.845801 0.008392 0.004767
48 0.953147 0.839751 0.011888 0.007334
48 0.987937 0.857719 0.005944 0.011001
48 0.993531 0.851485 0.007343 0.007334
48 0.981643 0.842134 0.005245 0.008434
48 0.976399 0.841767 0.006643 0.009168
48 0.990385 0.845435 0.005245 0.005501
48 0.985315 0.844334 0.006294 0.007701
48 0.974476 0.850202 0.007692 0.006967
48 0.977972 0.855702 0.008392 0.006234
48 0.955594 0.857536 0.005594 0.006234
48 0.965909 0.853502 0.008042 0.008434
48 0.947028 0.850202 0.006643 0.006234
48 0.938462 0.848185 0.005594 0.008801
48 0.956294 0.852035 0.013986 0.008434
48 0.961538 0.846718 0.009790 0.006601
48 0.980944 0.859553 0.008741 0.008801
48 0.983916 0.851668 0.011189 0.007701
48 0.969056 0.848368 0.005944 0.006234
48 0.972203 0.854052 0.004545 0.005134
48 0.962937 0.859736 0.010490 0.008434
48 0.992832 0.859736 0.008042 0.009901
48 0.980944 0.515768 0.018531 0.014301
48 0.982343 0.588926 0.021329 0.030070
48 0.925699 0.556839 0.016434 0.015035
48 0.905420 0.520535 0.033217 0.029703
48 0.911888 0.421342 0.025175 0.027136
48 0.961888 0.447195 0.039161 0.042904
48 0.902448 0.445178 0.036364 0.035937
48 0.908566 0.467913 0.034615 0.018335
48 0.816783 0.412358 0.072028 0.022369
48 0.792482 0.382838 0.018531 0.014668
48 0.812937 0.488999 0.041259 0.035570
48 0.815559 0.225156 0.018531 0.019802
48 0.833741 0.185552 0.025524 0.027869
5 0.877448 0.186652 0.005944 0.002934
48 0.861888 0.197286 0.029371 0.020535
48 0.806469 0.180235 0.022028 0.021635
48 0.802972 0.046571 0.020629 0.023469
48 0.819056 0.049688 0.019930 0.025303
48 0.868881 0.122296 0.039860 0.039237
48 0.883741 0.055189 0.044406 0.042904
48 0.709790 0.086725 0.047552 0.043638
48 0.084965 0.086175 0.106294 0.046205
48 0.949650 0.200220 0.028671 0.025669
48 0.923776 0.398056 0.016084 0.015768
48 0.418182 0.720939 0.028671 0.020535
48 0.357343 0.738724 0.012587 0.021635
48 0.331818 0.726439 0.018182 0.016135
48 0.340035 0.766960 0.017133 0.012835
48 0.316259 0.749358 0.006643 0.016502
48 0.308916 0.763660 0.030420 0.013568
48 0.296329 0.757976 0.012937 0.014668
48 0.277098 0.765860 0.020629 0.013568
48 0.279895 0.724422 0.007343 0.009901
48 0.288112 0.725156 0.006294 0.012101
48 0.306469 0.708287 0.014336 0.006967
48 0.297028 0.715622 0.008741 0.008434
48 0.288986 0.765493 0.008042 0.008434
48 0.305420 0.691969 0.021329 0.013201
48 0.258392 0.675284 0.011888 0.008434
5 0.281469 0.665200 0.005594 0.003667
5 0.263112 0.668317 0.005245 0.002567
48 0.215035 0.731023 0.024476 0.036304
48 0.144231 0.692703 0.022727 0.013201
48 0.048951 0.550972 0.021678 0.036304
48 0.196503 0.561973 0.017483 0.017968
48 0.185140 0.550972 0.010839 0.017235
48 0.929196 0.341034 0.017832 0.017602
48 0.083042 0.624312 0.010140 0.006234
5 0.040559 0.347818 0.002797 0.004034
53 0.043531 0.350018 0.038112 0.011368
5 0.235664 0.098276 0.002797 0.003667
5 0.243531 0.097910 0.001748 0.003667
53 0.243706 0.099010 0.036364 0.009534
48 0.275175 0.330400 0.025874 0.016868
48 0.275175 0.348735 0.021678 0.007334
48 0.280070 0.305281 0.008392 0.009901
48 0.318531 0.247525 0.048951 0.030803
48 0.950874 0.256326 0.038112 0.023469
48 0.576748 0.028603 0.050000 0.033737
5 0.905944 0.119912 0.003497 0.004400
5 0.606818 0.379538 0.003846 0.003667
5 0.026049 0.484048 0.004545 0.002934
5 0.026573 0.486982 0.004895 0.002200
48 0.471853 0.608177 0.014336 0.028970
48 0.454021 0.574991 0.014336 0.011001
5 0.183042 0.601760 0.002448 0.004400
5 0.011014 0.496700 0.002448 0.004034
5 0.010315 0.486799 0.002448 0.004767
5 0.008042 0.447928 0.002797 0.005501
5 0.007867 0.436927 0.002448 0.004767
5 0.006119 0.422259 0.002448 0.004767
19 0.548077 0.959846 0.021329 0.012835
18 0.748427 0.986799 0.022727 0.009534
18 0.641434 0.957462 0.023427 0.010268
18 0.663462 0.963330 0.022028 0.010268
18 0.684615 0.969014 0.021678 0.009901
18 0.705594 0.974881 0.021678 0.010634
18 0.727098 0.980748 0.022028 0.009901
22 0.866608 0.933077 0.022727 0.006967
18 0.945979 0.916575 0.022727 0.006967
18 0.924825 0.913825 0.022378 0.007334
18 0.902972 0.910708 0.022727 0.007701
18 0.881294 0.907957 0.022727 0.007334
18 0.943007 0.922809 0.023077 0.007701
18 0.921678 0.920242 0.022378 0.007701
18 0.900175 0.916575 0.023427 0.007701
18 0.877797 0.914008 0.023427 0.007701
18 0.859266 0.905024 0.023427 0.007334
18 0.855944 0.911258 0.023077 0.006601
18 0.756993 0.918592 0.022378 0.007334
18 0.778846 0.921709 0.022727 0.006967
18 0.800000 0.924276 0.023077 0.006967
18 0.821853 0.927759 0.022727 0.007334
18 0.844406 0.930693 0.022378 0.006601
22 0.654545 0.919509 0.025175 0.007701
18 0.678496 0.922076 0.024825 0.007701
18 0.701923 0.924826 0.024825 0.007334
18 0.726049 0.928493 0.026224 0.007334
22 0.493007 0.886322 0.023077 0.006601
18 0.515559 0.889072 0.022727 0.006967
18 0.537413 0.891639 0.021678 0.008434
18 0.558916 0.894206 0.022727 0.007701
18 0.580594 0.896773 0.022727 0.006967
18 0.603147 0.899340 0.023077 0.007701
18 0.837762 0.902640 0.023077 0.006967
18 0.834091 0.908691 0.022727 0.008067
18 0.812762 0.905941 0.024126 0.007701
18 0.815210 0.900073 0.023427 0.007701
18 0.793881 0.897506 0.022028 0.006234
18 0.790385 0.903374 0.022727 0.009168
18 0.771853 0.894023 0.023427 0.008067
18 0.768007 0.900623 0.022028 0.008801
18 0.749476 0.891272 0.022727 0.006967
18 0.745979 0.898056 0.022727 0.009534
18 0.727797 0.888155 0.023427 0.008801
18 0.723601 0.894023 0.022028 0.008801
18 0.705245 0.886139 0.023776 0.008434
18 0.702273 0.892006 0.022727 0.008434
18 0.683217 0.883572 0.023077 0.008434
18 0.680245 0.889622 0.022727 0.009534
18 0.661189 0.880638 0.022378 0.008434
18 0.658217 0.886872 0.022028 0.009168
18 0.639685 0.877521 0.022727 0.009534
18 0.636364 0.884305 0.022378 0.010634
18 0.617657 0.874404 0.023427 0.009168
18 0.614336 0.881371 0.023077 0.010634
18 0.595105 0.871837 0.023077 0.007701
18 0.592483 0.878071 0.022727 0.009168
18 0.573077 0.869820 0.023776 0.008067
18 0.570105 0.876238 0.022727 0.009901
18 0.551748 0.866520 0.023077 0.008067
18 0.548601 0.872754 0.022378 0.008067
18 0.529895 0.863770 0.022727 0.009168
18 0.526399 0.869820 0.022028 0.008801
18 0.507517 0.861203 0.023427 0.008434
18 0.504371 0.867620 0.022727 0.009534
18 0.485839 0.858452 0.023427 0.007334
18 0.482517 0.865053 0.022378 0.008067
18 0.463462 0.856069 0.023427 0.008434
18 0.446154 0.859736 0.023077 0.009168
18 0.798077 0.889622 0.025524 0.008801
18 0.773951 0.886689 0.024126 0.008801
18 0.750350 0.884305 0.024476 0.008434
18 0.726748 0.880821 0.024825 0.009534
18 0.702622 0.878438 0.024825 0.009168
18 0.679021 0.874771 0.024476 0.009168
18 0.655769 0.872571 0.024126 0.009168
18 0.631993 0.869087 0.024126 0.008801
18 0.608392 0.865970 0.024476 0.008434
18 0.584790 0.863036 0.024825 0.009901
18 0.560490 0.860286 0.024476 0.009534
18 0.537937 0.857902 0.022028 0.009168
18 0.513636 0.853502 0.024476 0.008434
18 0.489685 0.851118 0.024825 0.009534
22 0.465909 0.848185 0.027622 0.008067
22 0.291259 0.848552 0.015385 0.009534
18 0.272378 0.843601 0.022378 0.009901
18 0.251224 0.839201 0.022727 0.009901
18 0.229720 0.834800 0.022378 0.008434
18 0.207692 0.829483 0.023077 0.008801
18 0.186538 0.824716 0.023427 0.009534
18 0.164336 0.819765 0.023077 0.009168
18 0.142657 0.815732 0.022378 0.009168
18 0.120979 0.810781 0.023776 0.009534
18 0.098951 0.804730 0.023077 0.011368
18 0.077448 0.798863 0.022028 0.009901
18 0.055594 0.794279 0.022378 0.008801
18 0.625524 0.902090 0.023077 0.008067
18 0.647028 0.904474 0.023427 0.006967
18 0.669056 0.907407 0.023427 0.006967
18 0.690734 0.910341 0.022727 0.006967
18 0.712762 0.913091 0.022727 0.006601
18 0.734615 0.915658 0.022378 0.006601
18 0.750350 0.931610 0.023077 0.007701
18 0.772902 0.934910 0.023427 0.007701
18 0.796154 0.938394 0.024476 0.008067
22 0.502448 0.941144 0.020979 0.010634
22 0.523077 0.947378 0.021678 0.009168
5 0.001049 0.304914 0.002098 0.004034
5 0.187762 0.601027 0.002797 0.003667
6 0.022028 0.997433 0.008392 0.002934
5 0.024650 0.758343 0.002448 0.005134
5 0.025350 0.556656 0.002448 0.005134
5 0.274476 0.344701 0.002797 0.004400
48 0.964336 0.607261 0.013287 0.026403
48 0.084441 0.294646 0.017133 0.012835
48 0.124825 0.359736 0.013287 0.014668
48 0.946504 0.971214 0.020979 0.019435
5 0.250350 0.098643 0.002098 0.004400
5 0.050699 0.348368 0.004196 0.005134
5 0.009441 0.361936 0.003497 0.005867
48 0.572378 0.083975 0.020280 0.038137
48 0.322552 0.835167 0.030420 0.018702
48 0.770804 0.775211 0.133916 0.052072
48 0.778322 0.957462 0.104895 0.040337
48 0.488112 0.305647 0.020979 0.023102
8 0.001748 0.102677 0.003497 0.005134
48 0.924650 0.271727 0.030420 0.020535
48 0.043007 0.373854 0.020979 0.034103
48 0.073252 0.489182 0.036713 0.029336
48 0.402098 0.795563 0.014685 0.039971
48 0.675350 0.759809 0.069580 0.046205
8 0.002273 0.344518 0.004545 0.006967
8 0.017483 0.592409 0.004895 0.006967
5 0.023601 0.819032 0.005944 0.006234
5 0.100000 0.256692 0.006993 0.005134
48 0.050000 0.047855 0.055944 0.029703
48 0.154196 0.380821 0.021678 0.012835
48 0.062063 0.414008 0.019930 0.033003
48 0.631818 0.327466 0.018881 0.018335
5 0.156469 0.089659 0.004545 0.006234
48 0.190210 0.637880 0.035664 0.039237
48 0.626049 0.344701 0.025524 0.015402
48 0.646853 0.513751 0.018182 0.017602
48 0.387587 0.838834 0.018531 0.006967
5 0.045804 0.257426 0.005594 0.006601
48 0.090734 0.737257 0.053497 0.070040
48 0.142308 0.735057 0.052448 0.021635
5 0.026049 0.780711 0.003147 0.002934
5 0.023427 0.751375 0.004196 0.004400
5 0.026224 0.723689 0.005594 0.005501
5 0.252448 0.099193 0.002098 0.006234
48 0.147028 0.604327 0.030420 0.024202
48 0.942657 0.630546 0.032867 0.032637
48 0.166434 0.260359 0.024476 0.019069
48 0.180769 0.380821 0.018182 0.015768
48 0.244580 0.702604 0.026224 0.039604
48 0.836538 0.987165 0.029720 0.013201
48 0.885490 0.975981 0.022727 0.015768
48 0.067133 0.631463 0.025175 0.017602
48 0.181294 0.727723 0.025524 0.030436
48 0.366259 0.836817 0.033217 0.013201
48 0.448776 0.800330 0.012238 0.017235
48 0.679196 0.724056 0.077273 0.029703
48 0.699476 0.930876 0.012937 0.008434
5 0.036014 0.349468 0.004196 0.005867
5 0.258916 0.099010 0.002448 0.004400
48 0.977797 0.701687 0.019930 0.022369
48 0.117308 0.318665 0.047203 0.022736
48 0.425524 0.481481 0.024476 0.041804
48 0.097028 0.360653 0.012238 0.012101
48 0.788462 0.236524 0.013986 0.024202
5 0.028497 0.734873 0.005944 0.005867
5 0.002448 0.063073 0.002098 0.005867
5 0.005245 0.014118 0.004895 0.006967
48 0.281469 0.619729 0.048252 0.035937
48 0.960839 0.008984 0.011888 0.015035
48 0.730420 0.365970 0.025874 0.043271
48 0.766084 0.443161 0.009091 0.025303
48 0.248252 0.764943 0.019580 0.018335
48 0.284091 0.692153 0.019930 0.012101
48 0.446154 0.782362 0.017483 0.013568
48 0.915559 0.366520 0.036014 0.033370
48 0.891084 0.621562 0.035315 0.036670
48 0.778147 0.295563 0.017832 0.017602
48 0.437413 0.056289 0.021678 0.031903
48 0.142483 0.235607 0.024825 0.017235
48 0.113636 0.359369 0.013287 0.016135
48 0.323951 0.310231 0.022727 0.039604
5 0.019755 0.611478 0.005944 0.005501
48 0.843531 0.256509 0.025524 0.023102
48 0.050874 0.326733 0.038811 0.036670
48 0.418007 0.797213 0.008741 0.006601
48 0.824825 0.831133 0.147552 0.057572
48 0.918357 0.850752 0.007343 0.011735
5 0.073077 0.353502 0.004895 0.002200
5 0.570629 0.646131 0.006294 0.002934
5 0.018706 0.863770 0.005944 0.006234
48 0.227972 0.186102 0.032867 0.025303
48 0.166434 0.288045 0.017483 0.022369
48 0.507867 0.197653 0.025524 0.020535
5 0.030944 0.348552 0.002448 0.005501
48 0.915035 0.696736 0.039161 0.037404
48 0.440909 0.613311 0.041958 0.026036
5 0.001399 0.358086 0.002797 0.006967
48 0.863811 0.176934 0.031818 0.017968
48 0.652972 0.448662 0.022727 0.017968
48 0.218357 0.319399 0.024126 0.019802
48 0.869231 0.788229 0.050350 0.038504
48 0.928846 0.966813 0.020629 0.015768
5 0.004021 0.061056 0.003147 0.004034
48 0.291084 0.544188 0.025524 0.009534
48 0.180070 0.029153 0.027273 0.027503
48 0.109091 0.144848 0.020979 0.038871
48 0.080944 0.316465 0.021329 0.016868
8 0.004021 0.068757 0.003846 0.006234
5 0.013462 0.354969 0.004545 0.007334
48 0.713287 0.541621 0.016084 0.029336
48 0.770629 0.735974 0.127273 0.048405
48 0.679196 0.689036 0.073776 0.033003
48 0.595804 0.310048 0.021678 0.020169
8 0.002273 0.237990 0.004545 0.005867
48 0.309091 0.060139 0.016084 0.019802
48 0.815035 0.693619 0.037762 0.046571
5 0.034091 0.658599 0.005245 0.005134
48 0.108566 0.548221 0.062587 0.057939
48 0.913462 0.120095 0.005944 0.016502
48 0.621678 0.550972 0.015385 0.017968
48 0.385839 0.033920 0.017832 0.031903
48 0.153846 0.711955 0.030070 0.020902
48 0.461189 0.478731 0.027273 0.019435
48 0.869056 0.692336 0.019231 0.037404
5 0.030245 0.623579 0.005944 0.006234
5 0.230944 0.110011 0.003147 0.005134
48 0.567308 0.504951 0.013636 0.012468
48 0.521329 0.659883 0.024476 0.013568
5 0.059091 0.348552 0.002797 0.005501
48 0.580594 0.481848 0.014336 0.015402
48 0.220105 0.066190 0.038811 0.039971
48 0.925699 0.849468 0.006643 0.011368
48 0.970455 0.961680 0.025524 0.013568
48 0.501923 0.248075 0.023427 0.025303
5 0.210839 0.365603 0.004895 0.005134
5 0.224476 0.110011 0.004196 0.005134
5 0.207168 0.356802 0.001748 0.004400
5 0.247028 0.099010 0.003147 0.005134
5 0.256119 0.098643 0.002448 0.005134
48 0.291259 0.569674 0.018182 0.036304
8 0.008392 0.322332 0.004196 0.007334
48 0.426049 0.557756 0.033217 0.038137
48 0.910315 0.849468 0.010140 0.011368
10 0.002448 0.082508 0.003497 0.008067
5 0.046503 0.348552 0.003497 0.005501
48 0.252448 0.077741 0.032867 0.015402
48 0.061888 0.197836 0.065035 0.044371
48 0.164685 0.236340 0.022378 0.018702
48 0.184965 0.358452 0.019580 0.017235
48 0.631294 0.601210 0.026224 0.031170
48 0.804545 0.270260 0.016783 0.017602
48 0.124650 0.021085 0.017832 0.017235
48 0.128671 0.704070 0.025874 0.024202
5 0.025175 0.808948 0.004895 0.005134
10 0.006993 0.090392 0.003497 0.006234
5 0.241958 0.099377 0.002797 0.007334
5 0.238112 0.098276 0.002098 0.005134
8 0.025350 0.798497 0.005245 0.008434
48 0.148951 0.046021 0.025874 0.021635
48 0.714685 0.933443 0.013287 0.008434
5 0.022727 0.778878 0.004895 0.005134
48 0.960839 0.306931 0.018182 0.018335
48 0.458042 0.511368 0.024476 0.028970
48 0.899126 0.954345 0.041608 0.017235
48 0.477972 0.238541 0.026573 0.027503
5 0.216783 0.361753 0.004196 0.002567
48 0.430245 0.777044 0.011538 0.022736
5 0.002273 0.159333 0.003147 0.007701
5 0.006993 0.103410 0.002098 0.003667
