48 0.928645 0.926496 0.012094 0.012798
48 0.290947 0.242131 0.015895 0.006918
48 0.841223 0.874611 0.023842 0.024559
48 0.363683 0.369768 0.006565 0.004843
48 0.694368 0.638706 0.010021 0.019025
48 0.388908 0.130232 0.010712 0.016257
48 0.359537 0.217053 0.016932 0.045313
48 0.398238 0.212729 0.012785 0.037357
48 0.644955 0.708232 0.024534 0.022484
48 0.595024 0.539952 0.044229 0.013836
48 0.676227 0.598582 0.022806 0.012107
48 0.953179 0.037357 0.031444 0.011069
48 0.445232 0.161709 0.014858 0.010723
48 0.523324 0.497752 0.016932 0.010377
48 0.531444 0.517468 0.036628 0.010377
48 0.331721 0.641819 0.013131 0.015566
48 0.401348 0.319094 0.010712 0.025943
48 0.649965 0.461432 0.020041 0.008302
48 0.916897 0.092874 0.029371 0.010723
48 0.685556 0.246627 0.017277 0.017987
48 0.684520 0.272916 0.016586 0.023521
48 0.522287 0.001557 0.009330 0.003113
48 0.571355 0.343826 0.059088 0.030439
48 0.813407 0.899343 0.029026 0.044967
48 0.852453 0.862677 0.008293 0.008302
48 0.637180 0.341750 0.024188 0.011761
48 0.912232 0.764441 0.028334 0.022829
48 0.928300 0.944137 0.019696 0.021100
48 0.916206 0.123141 0.028680 0.012452
48 0.416552 0.396749 0.007947 0.015911
48 0.375950 0.715669 0.031099 0.028364
48 0.435902 0.637669 0.010021 0.021100
48 0.438148 0.380664 0.005529 0.014874
48 0.919489 0.008129 0.030408 0.012798
48 0.173635 0.090626 0.012785 0.013836
48 0.699205 0.333449 0.026607 0.015911
48 0.514686 0.480111 0.008639 0.013144
48 0.600898 0.579384 0.042156 0.015911
48 0.600207 0.615704 0.029717 0.014528
48 0.675536 0.451228 0.018659 0.034936
48 0.413787 0.369422 0.009330 0.013144
48 0.397028 0.412141 0.025570 0.010723
48 0.882688 0.976133 0.024534 0.026288
48 0.953006 0.123314 0.028334 0.012107
48 0.293884 0.233310 0.007947 0.005189
5 0.766759 0.263404 0.002764 0.003805
5 0.723739 0.332757 0.005183 0.002767
5 0.512785 0.472501 0.006220 0.002075
5 0.502073 0.225700 0.005529 0.002421
5 0.391500 0.019543 0.002073 0.003805
5 0.407567 0.004843 0.002419 0.004151
5 0.411023 0.004497 0.003110 0.004843
5 0.417761 0.003632 0.002764 0.004497
5 0.413960 0.004324 0.002764 0.004497
5 0.424153 0.002767 0.002419 0.003459
5 0.426918 0.001730 0.002419 0.003459
5 0.432274 0.001211 0.002073 0.002421
5 0.439012 0.001038 0.002419 0.002075
5 0.441776 0.001211 0.002419 0.002421
5 0.447823 0.000692 0.002764 0.001384
5 0.414997 0.025078 0.002073 0.003805
5 0.417415 0.024905 0.002073 0.004151
5 0.420525 0.023694 0.002764 0.004497
5 0.423117 0.024040 0.003110 0.004497
5 0.425190 0.023694 0.002419 0.004497
5 0.442467 0.022484 0.002419 0.003459
5 0.435384 0.001211 0.002073 0.002421
5 0.456116 0.020581 0.002764 0.003805
5 0.459226 0.020062 0.002764 0.004843
5 0.461645 0.018679 0.002764 0.004843
5 0.444886 0.000692 0.003110 0.001384
5 0.454216 0.000865 0.002419 0.001730
5 0.456807 0.000692 0.002073 0.001384
5 0.437111 0.022657 0.002764 0.004497
5 0.439703 0.022311 0.003110 0.004497
5 0.460608 0.000865 0.002764 0.001730
55 0.760021 0.830508 0.010021 0.008302
55 0.765895 0.838637 0.010712 0.007264
55 0.786628 0.821688 0.015549 0.010031
55 0.778334 0.809581 0.013476 0.010723
55 0.806323 0.805085 0.016240 0.010723
55 0.798376 0.794189 0.016240 0.010377
55 0.790256 0.782947 0.016586 0.010723
55 0.815308 0.783120 0.011403 0.007610
55 0.823601 0.794189 0.011403 0.008302
55 0.754665 0.821861 0.010366 0.007610
55 0.921562 0.812003 0.029026 0.023867
55 0.945059 0.845901 0.030408 0.025943
55 0.980304 0.822899 0.029026 0.024905
55 0.956289 0.787790 0.029371 0.025251
23 0.279544 0.664130 0.026261 0.015911
13 0.931064 0.988239 0.008639 0.008993
13 0.939530 0.998789 0.009675 0.002421
53 0.431755 0.004324 0.063234 0.008648
5 0.464409 0.019025 0.003455 0.005534
48 0.435729 0.016603 0.061507 0.021446
48 0.911541 0.034763 0.019350 0.007956
48 0.918970 0.065894 0.028680 0.011415
48 0.954907 0.067105 0.028680 0.012452
48 0.987906 0.068315 0.022115 0.012107
48 0.987906 0.039433 0.022115 0.011761
48 0.988943 0.010723 0.020041 0.011761
48 0.911541 0.189381 0.016586 0.010723
48 0.954561 0.190937 0.016240 0.011069
5 0.964064 0.190419 0.002764 0.004497
48 0.994299 0.192667 0.009330 0.011761
48 0.993089 0.229159 0.011748 0.014182
48 0.953179 0.229159 0.016240 0.011415
48 0.910505 0.226565 0.017277 0.013836
48 0.802695 0.186268 0.035936 0.012107
48 0.851590 0.187997 0.036282 0.012798
48 0.801831 0.223798 0.035591 0.011761
48 0.850726 0.225009 0.035245 0.011415
48 0.800622 0.266517 0.036628 0.012107
48 0.849516 0.267900 0.034900 0.012798
48 0.799067 0.303528 0.035591 0.012107
48 0.848134 0.305604 0.034900 0.012798
5 0.787837 0.319267 0.003455 0.004843
48 0.798203 0.346766 0.035936 0.012107
48 0.846925 0.347804 0.035245 0.012107
5 0.862129 0.355759 0.004838 0.002421
5 0.866102 0.365790 0.003110 0.005189
48 0.907222 0.350744 0.016932 0.014528
48 0.949551 0.352473 0.016586 0.014528
48 0.991707 0.353511 0.014513 0.015220
48 0.950587 0.309063 0.017277 0.012798
48 0.991880 0.310100 0.014167 0.011415
48 0.907395 0.307160 0.015895 0.012452
48 0.909122 0.269457 0.017277 0.011761
48 0.951624 0.271013 0.016586 0.011415
48 0.992398 0.271359 0.013131 0.012798
48 0.906185 0.387063 0.016932 0.013836
48 0.948514 0.388793 0.017277 0.013836
48 0.991189 0.389830 0.015549 0.013836
48 0.946614 0.432895 0.017623 0.014182
48 0.988079 0.431685 0.015549 0.011761
48 0.903594 0.430301 0.016586 0.013144
48 0.987733 0.469561 0.015549 0.013490
48 0.945923 0.468523 0.016240 0.012798
48 0.903421 0.466448 0.016240 0.014874
48 0.795784 0.426150 0.037319 0.013144
48 0.794575 0.463335 0.038355 0.011415
48 0.843642 0.465237 0.037664 0.011069
48 0.845024 0.427015 0.035591 0.012107
48 0.793884 0.501038 0.037664 0.012798
48 0.844333 0.502248 0.036282 0.010377
48 0.792847 0.538741 0.037664 0.012107
48 0.809779 0.014009 0.036282 0.012107
48 0.858846 0.015738 0.037664 0.012107
48 0.807533 0.054306 0.037319 0.012452
48 0.857464 0.055690 0.036282 0.011761
48 0.805805 0.094085 0.036628 0.012452
48 0.855563 0.095296 0.036628 0.012107
5 0.934692 0.607575 0.003455 0.002421
55 0.973566 0.675545 0.027989 0.024905
48 0.908258 0.959357 0.045266 0.040470
48 0.690739 0.903148 0.043538 0.035974
5 0.699205 0.608440 0.004492 0.004151
5 0.701624 0.611553 0.004492 0.003459
9 0.681237 0.609824 0.008639 0.004151
9 0.681755 0.613110 0.008293 0.003805
9 0.682619 0.620547 0.009330 0.004151
9 0.683138 0.623660 0.009675 0.003459
9 0.683656 0.627810 0.011403 0.003459
9 0.683310 0.631788 0.009330 0.003805
9 0.684001 0.635593 0.009330 0.003805
9 0.683656 0.640782 0.009330 0.003113
9 0.684001 0.643895 0.008639 0.003805
9 0.683310 0.647181 0.009330 0.003459
9 0.682619 0.650121 0.005874 0.003113
5 0.694195 0.598582 0.005529 0.003805
6 0.660332 0.603424 0.005529 0.012798
48 0.542502 0.612764 0.055978 0.013490
48 0.616621 0.559495 0.007256 0.009339
9 0.611092 0.502248 0.008639 0.004151
9 0.610055 0.498616 0.011403 0.005189
9 0.600553 0.493947 0.006220 0.007610
5 0.602799 0.500173 0.003110 0.004843
9 0.607982 0.490834 0.011403 0.004843
9 0.607637 0.486856 0.011403 0.003805
9 0.608328 0.482705 0.008639 0.003113
9 0.605390 0.466621 0.011057 0.004151
9 0.605563 0.469734 0.011403 0.004151
9 0.595024 0.470944 0.004147 0.007264
9 0.597961 0.470425 0.004492 0.007610
9 0.604008 0.460913 0.011057 0.004497
5 0.659813 0.449844 0.005183 0.002421
48 0.646683 0.439294 0.032135 0.011069
48 0.657913 0.454168 0.008293 0.003459
48 0.650829 0.452957 0.007256 0.003113
48 0.651520 0.273608 0.005183 0.008993
48 0.706289 0.290384 0.017968 0.025943
48 0.706634 0.253373 0.018659 0.025251
48 0.717346 0.186960 0.005529 0.003805
48 0.616275 0.040470 0.012094 0.010377
48 0.987042 0.095469 0.022460 0.011761
48 0.987388 0.124870 0.022460 0.012452
48 0.637699 0.222933 0.021078 0.010723
9 0.595024 0.466102 0.008293 0.004497
9 0.587941 0.467485 0.006565 0.003805
9 0.604699 0.478381 0.013822 0.004843
48 0.509675 0.507610 0.015895 0.026634
48 0.553041 0.501729 0.013476 0.030093
48 0.432274 0.774300 0.022115 0.025943
23 0.404976 0.785714 0.020041 0.008648
48 0.380097 0.744552 0.011748 0.010723
48 0.405840 0.734521 0.013476 0.012798
48 0.411541 0.736942 0.005529 0.005189
5 0.380615 0.667416 0.003801 0.005189
5 0.384070 0.668281 0.004492 0.007610
5 0.387699 0.667243 0.003455 0.005534
48 0.337768 0.680214 0.023151 0.021100
48 0.485660 0.627292 0.030753 0.015566
48 0.472529 0.552404 0.043884 0.015911
48 0.429509 0.561052 0.011748 0.025597
48 0.475639 0.592701 0.044575 0.016257
48 0.435902 0.598755 0.017623 0.034590
48 0.449551 0.553096 0.004838 0.006918
9 0.383552 0.409720 0.004147 0.007264
48 0.378024 0.373400 0.012440 0.014874
48 0.377160 0.390003 0.015549 0.022484
39 0.373877 0.666205 0.009675 0.005534
29 0.328438 0.820650 0.035591 0.032861
48 0.367139 0.376686 0.013476 0.011069
48 0.358328 0.377205 0.006220 0.010031
48 0.392882 0.356797 0.027643 0.012107
48 0.370594 0.325493 0.041120 0.019370
48 0.335176 0.304566 0.022115 0.044621
48 0.398583 0.284331 0.012785 0.026980
48 0.366102 0.274127 0.040428 0.019025
48 0.330166 0.274645 0.022460 0.010377
48 0.382170 0.249395 0.027643 0.012452
48 0.390290 0.255794 0.009330 0.007264
48 0.450069 0.243168 0.043193 0.015911
48 0.478404 0.255102 0.012094 0.014874
48 0.511921 0.205465 0.011403 0.028364
48 0.500346 0.189900 0.013822 0.006918
48 0.445923 0.118817 0.033518 0.062608
48 0.393918 0.165341 0.013822 0.026288
48 0.359019 0.154964 0.017968 0.047043
48 0.316517 0.156347 0.026261 0.043584
48 0.358673 0.086648 0.012440 0.017641
48 0.351244 0.094431 0.013476 0.032515
9 0.361610 0.106710 0.005183 0.007956
9 0.376814 0.110515 0.007256 0.003805
9 0.369558 0.111207 0.007256 0.003805
48 0.385107 0.101349 0.012094 0.013144
48 0.437457 0.075233 0.031099 0.016949
48 0.417415 0.076790 0.011057 0.015911
48 0.385280 0.083881 0.011748 0.013490
48 0.380615 0.054479 0.011403 0.014874
48 0.307015 0.048945 0.014167 0.008648
48 0.313753 0.061916 0.012440 0.010377
48 0.304596 0.085265 0.021769 0.063992
48 0.320145 0.103079 0.015549 0.010377
48 0.347097 0.058976 0.014858 0.020408
48 0.318590 0.214978 0.015895 0.032169
48 0.307533 0.212210 0.011057 0.023175
48 0.227713 0.081287 0.049067 0.030439
48 0.215100 0.109824 0.049413 0.055690
48 0.238943 0.105673 0.015549 0.010723
48 0.238252 0.100484 0.005874 0.004497
48 0.130442 0.040989 0.048030 0.031477
48 0.149965 0.020754 0.038010 0.041508
48 0.214236 0.142338 0.031099 0.040470
13 0.168452 0.104808 0.006565 0.006226
48 0.163269 0.106365 0.010712 0.011415
23 0.195923 0.591145 0.064271 0.012452
23 0.187111 0.598063 0.042502 0.009685
23 0.186593 0.605327 0.042847 0.010377
23 0.190048 0.560187 0.035245 0.010723
23 0.188148 0.566586 0.035591 0.009685
23 0.196268 0.574715 0.062889 0.010723
9 0.267623 0.590453 0.010021 0.005534
48 0.389254 0.342096 0.034209 0.019370
28 0.354527 0.750086 0.012440 0.007264
28 0.230477 0.099274 0.008293 0.008993
28 0.237560 0.591664 0.014167 0.005880
24 0.236178 0.595469 0.015549 0.007264
24 0.235833 0.599965 0.016932 0.006572
30 0.234796 0.604289 0.016932 0.006226
27 0.190394 0.548772 0.029026 0.010031
27 0.189185 0.553961 0.029371 0.009339
24 0.237906 0.570045 0.012094 0.005534
24 0.239115 0.573850 0.013822 0.004843
28 0.241189 0.578174 0.020733 0.006572
32 0.170007 0.985299 0.108500 0.029402
28 0.318590 0.627119 0.010366 0.006226
24 0.159641 0.159979 0.013822 0.005880
48 0.934692 0.930820 0.004838 0.006226
28 0.319108 0.689381 0.009330 0.007610
24 0.515377 0.994120 0.006565 0.008993
28 0.272806 0.654618 0.012094 0.005880
24 0.171907 0.184019 0.007947 0.018679
23 0.145992 0.163957 0.044575 0.006918
48 0.854872 0.594085 0.007602 0.005880
46 0.845197 0.540816 0.033863 0.008648
46 0.847961 0.386026 0.035245 0.011069
46 0.796130 0.383950 0.040083 0.006226
