25 0.036846 0.221796 0.073691 0.081351
5 0.019392 0.181312 0.005171 0.004221
24 0.436328 0.263239 0.010989 0.007675
5 0.100840 0.252111 0.004525 0.003837
5 0.080963 0.236378 0.004202 0.004605
5 0.028119 0.189946 0.005818 0.005372
25 0.318843 0.253837 0.013251 0.006523
5 0.037330 0.204912 0.004848 0.004605
5 0.086781 0.240982 0.004848 0.005372
5 0.076277 0.240599 0.005171 0.004605
5 0.039593 0.201074 0.004848 0.003837
5 0.079347 0.243093 0.004848 0.004988
5 0.044279 0.203761 0.003878 0.004605
5 0.066419 0.224290 0.004848 0.005756
5 0.026341 0.197237 0.006141 0.004605
5 0.085973 0.248465 0.005171 0.004221
5 0.023756 0.185917 0.004202 0.004988
5 0.061571 0.220645 0.003555 0.004605
5 0.091144 0.245012 0.005171 0.004988
5 0.058662 0.226017 0.005495 0.005372
5 0.036684 0.197621 0.004848 0.004605
5 0.072398 0.229662 0.004525 0.003454
5 0.032967 0.193592 0.003232 0.003454
