9 0.857034 0.100556 0.007596 0.006213
5 0.787299 0.174297 0.003646 0.003924
5 0.792768 0.175932 0.003039 0.005232
5 0.810848 0.153041 0.003342 0.002616
5 0.812519 0.148136 0.003039 0.003270
5 0.774385 0.160889 0.005773 0.004578
9 0.721209 0.176259 0.006989 0.009810
5 0.884382 0.081916 0.003950 0.004251
6 0.449407 0.387508 0.003646 0.005886
6 0.357946 0.388162 0.002431 0.003924
9 0.506837 0.321942 0.006685 0.006213
6 0.709055 0.427567 0.002735 0.005559
9 0.349286 0.586004 0.008204 0.007848
43 0.446825 0.464846 0.014281 0.005559
5 0.789881 0.146174 0.006381 0.007194
38 0.482528 0.353499 0.024916 0.026161
23 0.103920 0.707162 0.044971 0.039568
42 0.694318 0.489863 0.008508 0.007848
38 0.690975 0.518476 0.009116 0.021256
5 0.667426 0.820798 0.002735 0.004578
34 0.737922 0.160072 0.056822 0.031720
