48 0.182467 0.031250 0.013674 0.010798
48 0.179277 0.037467 0.021878 0.007526
48 0.183075 0.046302 0.014889 0.010798
48 0.199939 0.025687 0.018839 0.010144
48 0.200243 0.031741 0.018839 0.005236
48 0.201459 0.036486 0.020055 0.005563
48 0.201762 0.039758 0.020055 0.008181
48 0.202674 0.047120 0.018232 0.006545
48 0.198876 0.065772 0.016105 0.015052
48 0.213461 0.062173 0.018535 0.012435
48 0.217715 0.071662 0.028867 0.013089
48 0.224248 0.085897 0.026740 0.012762
48 0.231085 0.095550 0.019751 0.011126
48 0.231844 0.104712 0.023701 0.009817
48 0.238074 0.116983 0.023397 0.012762
48 0.250684 0.144634 0.022486 0.029450
48 0.160589 0.142670 0.020359 0.051047
48 0.172896 0.173102 0.034640 0.030759
48 0.169857 0.112565 0.029778 0.040576
48 0.200547 0.161322 0.023701 0.025524
48 0.187633 0.140543 0.023397 0.022579
48 0.199180 0.186355 0.034944 0.028469
48 0.197053 0.212533 0.024005 0.023887
48 0.215740 0.240020 0.059556 0.034359
48 0.218475 0.181119 0.024309 0.026505
48 0.242631 0.212533 0.053783 0.073626
48 0.219234 0.047611 0.013066 0.008181
48 0.215132 0.029777 0.010331 0.026832
48 0.263294 0.131381 0.018535 0.021270
48 0.272865 0.121073 0.026740 0.030105
48 0.252507 0.093423 0.030386 0.044830
48 0.284412 0.096695 0.029778 0.041558
48 0.285020 0.066590 0.035855 0.041558
48 0.255697 0.057101 0.030690 0.040903
48 0.281829 0.171139 0.022789 0.032723
48 0.277119 0.153796 0.021270 0.015707
48 0.285779 0.142670 0.027651 0.028141
48 0.303251 0.181937 0.023093 0.018979
48 0.305074 0.166230 0.018839 0.011780
48 0.307353 0.152323 0.020359 0.017343
48 0.308417 0.139562 0.017016 0.010144
48 0.309632 0.122873 0.016408 0.014071
48 0.310392 0.107821 0.020359 0.016034
48 0.311759 0.086715 0.021878 0.026178
48 0.334397 0.078698 0.013674 0.011453
48 0.333941 0.091296 0.012154 0.015707
48 0.334397 0.102749 0.013066 0.010471
48 0.331966 0.114529 0.014889 0.012435
48 0.332118 0.124836 0.013978 0.011453
48 0.330751 0.139725 0.012458 0.010471
48 0.329079 0.150687 0.014585 0.013416
48 0.328168 0.163122 0.014585 0.011453
48 0.327256 0.173429 0.012154 0.011780
48 0.326800 0.183737 0.012458 0.014071
48 0.341841 0.183573 0.019447 0.017670
48 0.341841 0.175720 0.018232 0.015052
48 0.342905 0.163613 0.020359 0.012435
48 0.343968 0.151178 0.021270 0.013089
48 0.346399 0.141361 0.017624 0.011780
48 0.348830 0.125000 0.017624 0.016361
48 0.348071 0.113711 0.018535 0.012107
48 0.348830 0.102912 0.018232 0.012107
48 0.350653 0.091459 0.018839 0.013416
48 0.352021 0.080988 0.017928 0.009490
48 0.378153 0.084915 0.020359 0.014725
48 0.375418 0.095386 0.020966 0.012107
48 0.375418 0.104385 0.019143 0.009162
48 0.373899 0.116001 0.019751 0.014071
48 0.372987 0.126800 0.019143 0.012762
48 0.368885 0.142507 0.012762 0.008835
48 0.368429 0.152651 0.012458 0.010798
48 0.366758 0.163776 0.013978 0.010144
48 0.365239 0.174084 0.013370 0.009817
48 0.365087 0.185864 0.013674 0.013089
48 0.379520 0.183246 0.014585 0.020942
48 0.383014 0.164758 0.019751 0.018652
48 0.383926 0.146924 0.019751 0.019634
48 0.404436 0.188154 0.013370 0.015052
48 0.405348 0.174575 0.021270 0.016688
48 0.407475 0.151832 0.023701 0.026832
48 0.333637 0.268161 0.026740 0.030432
48 0.348830 0.284849 0.018232 0.016034
48 0.355059 0.291885 0.025220 0.020288
48 0.357034 0.303829 0.008508 0.010144
48 0.360225 0.310373 0.010027 0.008181
48 0.364783 0.317736 0.012458 0.013089
48 0.386813 0.344241 0.022486 0.017016
48 0.263142 0.291885 0.016408 0.014398
48 0.261471 0.304156 0.024613 0.008835
48 0.212701 0.287795 0.038894 0.041558
48 0.186569 0.297775 0.036463 0.035995
48 0.153905 0.293194 0.033728 0.039921
48 0.247493 0.338514 0.040413 0.037631
48 0.369341 0.474149 0.037375 0.049738
48 0.234731 0.522415 0.068368 0.050720
48 0.112580 0.541721 0.025828 0.075589
48 0.079307 0.548102 0.023093 0.060864
48 0.057125 0.544830 0.024916 0.047120
48 0.249924 0.568063 0.030690 0.036649
48 0.227742 0.576243 0.016105 0.021597
48 0.226831 0.593914 0.010635 0.011780
48 0.193862 0.581315 0.050441 0.035013
48 0.155424 0.589987 0.029474 0.016361
48 0.383470 0.650033 0.043756 0.025196
48 0.216500 0.640543 0.020359 0.022579
48 0.216348 0.613874 0.017624 0.020288
48 0.187633 0.641034 0.036159 0.028141
48 0.151778 0.645452 0.018535 0.011453
48 0.182923 0.617310 0.051048 0.021270
48 0.272410 0.686027 0.032513 0.014725
48 0.273017 0.673429 0.033728 0.013089
48 0.224704 0.679647 0.010635 0.025524
48 0.242631 0.685209 0.023397 0.014398
48 0.240960 0.673429 0.026132 0.012435
48 0.197812 0.702225 0.039502 0.023560
48 0.399878 0.351767 0.011547 0.013089
48 0.406108 0.362402 0.012458 0.010798
48 0.393042 0.357821 0.013066 0.012107
48 0.362960 0.431446 0.014889 0.018652
48 0.403829 0.373527 0.026132 0.030432
48 0.437405 0.366983 0.017928 0.018652
48 0.415375 0.342932 0.017624 0.019634
48 0.433151 0.339660 0.024613 0.023560
48 0.496354 0.345877 0.020359 0.015707
48 0.428289 0.383017 0.022789 0.023887
48 0.406260 0.464823 0.020055 0.017343
48 0.406715 0.447317 0.023397 0.017670
48 0.411273 0.484457 0.024613 0.017997
48 0.406260 0.550720 0.010939 0.013743
48 0.433455 0.549411 0.017928 0.016361
48 0.455029 0.549084 0.017320 0.020942
48 0.476907 0.462860 0.015497 0.015380
48 0.500000 0.467114 0.035552 0.025851
48 0.445305 0.430465 0.035552 0.035013
48 0.536767 0.374836 0.024613 0.024542
48 0.479793 0.363874 0.043756 0.030105
48 0.476603 0.378599 0.021574 0.016361
48 0.464904 0.394961 0.015801 0.012435
48 0.461562 0.402487 0.017016 0.013743
48 0.451990 0.408704 0.024005 0.018325
48 0.445761 0.415576 0.030386 0.022906
48 0.529019 0.314463 0.010939 0.008508
48 0.563658 0.308410 0.012762 0.010798
48 0.790185 0.470059 0.014889 0.014071
48 0.508052 0.537304 0.027347 0.054974
48 0.515953 0.575098 0.014585 0.017997
48 0.438317 0.610766 0.071407 0.041558
48 0.472805 0.666230 0.032209 0.020942
48 0.522789 0.635308 0.010027 0.006217
48 0.524916 0.640052 0.011243 0.007853
48 0.527347 0.645452 0.010635 0.007526
48 0.530994 0.650360 0.013066 0.008181
48 0.533273 0.655759 0.013978 0.007853
48 0.536767 0.660995 0.013674 0.009817
48 0.539502 0.666394 0.012458 0.008181
48 0.542844 0.669993 0.010635 0.008181
48 0.545427 0.674084 0.010939 0.008508
48 0.548314 0.679156 0.014281 0.011453
48 0.551504 0.636289 0.014585 0.006217
48 0.551960 0.640052 0.013674 0.005236
48 0.553631 0.643979 0.015801 0.006545
48 0.554391 0.647906 0.014281 0.005890
48 0.555606 0.651342 0.012458 0.005563
48 0.555910 0.655105 0.015497 0.005236
48 0.558341 0.659031 0.014889 0.005236
48 0.560468 0.663285 0.013066 0.006545
48 0.562595 0.667048 0.016105 0.005563
48 0.564266 0.671957 0.017624 0.009490
48 0.571255 0.683901 0.024309 0.019634
48 0.556670 0.698135 0.031601 0.033050
48 0.568368 0.709424 0.012458 0.009162
48 0.615922 0.696335 0.038894 0.034031
48 0.574749 0.719895 0.011851 0.007853
48 0.573686 0.714332 0.015801 0.010471
48 0.614707 0.770452 0.017624 0.021924
48 0.556670 0.773069 0.017016 0.028469
48 0.546794 0.774378 0.013066 0.025196
48 0.536919 0.781741 0.012154 0.015707
48 0.535400 0.770124 0.010331 0.009490
48 0.535703 0.761453 0.023701 0.015052
48 0.507900 0.777323 0.028867 0.031086
48 0.489669 0.784031 0.015497 0.019634
48 0.483592 0.757199 0.016712 0.028141
48 0.561987 0.812991 0.022182 0.027160
48 0.536159 0.826080 0.011243 0.016688
48 0.539806 0.815936 0.010027 0.008181
48 0.589335 0.850458 0.019751 0.028141
48 0.630052 0.827880 0.024005 0.021597
48 0.622455 0.796139 0.013066 0.011126
48 0.635369 0.807919 0.025524 0.025524
48 0.651322 0.787140 0.028259 0.022579
48 0.674111 0.791558 0.024005 0.034686
48 0.659830 0.815772 0.014281 0.022251
48 0.652385 0.826734 0.007293 0.014725
48 0.577028 0.723331 0.011547 0.008181
48 0.578699 0.726440 0.011851 0.008508
48 0.581586 0.729876 0.011547 0.006872
48 0.583257 0.732821 0.012458 0.008181
48 0.585688 0.737402 0.010635 0.006217
48 0.587359 0.740510 0.008508 0.005890
48 0.589486 0.743946 0.011547 0.006217
48 0.591462 0.746891 0.010027 0.005563
48 0.593741 0.750491 0.009116 0.006872
48 0.596931 0.753763 0.011243 0.006217
48 0.599362 0.761780 0.011851 0.013089
48 0.609389 0.754908 0.014889 0.012435
48 0.605135 0.749182 0.015497 0.006872
48 0.602400 0.744110 0.015497 0.009817
48 0.599362 0.739365 0.013066 0.006872
48 0.596475 0.732493 0.015193 0.012762
48 0.588271 0.718259 0.018232 0.022251
48 0.580219 0.705007 0.016105 0.012107
48 0.597691 0.633999 0.013978 0.014071
48 0.605895 0.626145 0.011547 0.010798
48 0.616530 0.623855 0.017016 0.014725
48 0.615770 0.634817 0.010027 0.009817
48 0.621847 0.641034 0.009420 0.010471
48 0.612884 0.649051 0.013978 0.015380
48 0.659070 0.636616 0.026740 0.025196
48 0.683835 0.635471 0.011851 0.017016
48 0.690064 0.658050 0.026132 0.015707
48 0.747341 0.632363 0.016105 0.014725
48 0.725463 0.658377 0.013674 0.016361
48 0.742176 0.652487 0.031297 0.018979
48 0.748101 0.665740 0.010939 0.014071
48 0.769371 0.676538 0.012762 0.012107
48 0.760711 0.684555 0.017320 0.011126
48 0.734731 0.709588 0.012762 0.016034
48 0.732604 0.696335 0.017624 0.011126
48 0.683987 0.710569 0.044363 0.097186
48 0.727135 0.776505 0.013978 0.013089
48 0.713917 0.764071 0.018535 0.025524
48 0.735035 0.804974 0.014585 0.021597
48 0.702370 0.795975 0.013674 0.027160
48 0.718930 0.785668 0.030994 0.017670
48 0.772410 0.790249 0.019447 0.021597
48 0.770131 0.776996 0.026436 0.015380
48 0.767852 0.768161 0.044363 0.031741
48 0.759192 0.752945 0.037375 0.027487
48 0.779550 0.611747 0.019751 0.014725
48 0.882407 0.631708 0.023701 0.020615
48 0.868277 0.649869 0.024613 0.017670
48 0.868125 0.686846 0.013978 0.017016
48 0.897448 0.672120 0.021574 0.020942
48 0.883470 0.670157 0.007596 0.026178
48 0.902613 0.652651 0.006381 0.010144
48 0.915527 0.669993 0.012762 0.013416
48 0.909146 0.691263 0.020662 0.021924
48 0.924339 0.693063 0.013370 0.022251
48 0.910665 0.656577 0.012154 0.016034
48 0.969614 0.694045 0.023701 0.022251
48 0.961866 0.705170 0.014889 0.013089
48 0.937405 0.707788 0.009116 0.005236
48 0.945609 0.697644 0.007900 0.005890
48 0.887724 0.725949 0.013066 0.012762
48 0.891826 0.750000 0.024309 0.018979
48 0.891370 0.737893 0.028259 0.022251
48 0.887420 0.761453 0.009420 0.010471
48 0.884989 0.772088 0.014889 0.015380
48 0.884686 0.779941 0.008812 0.011453
48 0.879976 0.782395 0.009723 0.012435
48 0.873747 0.790249 0.012458 0.010471
48 0.873747 0.771270 0.012458 0.011126
48 0.846551 0.787140 0.012762 0.014071
48 0.853996 0.782395 0.013674 0.019634
48 0.861896 0.780596 0.011243 0.017343
48 0.853692 0.806119 0.016105 0.019961
48 0.839562 0.832952 0.013978 0.019961
48 0.830599 0.839823 0.016105 0.040249
48 0.823762 0.856185 0.013978 0.025196
48 0.816165 0.863874 0.012154 0.017016
48 0.810088 0.847022 0.012154 0.016688
48 0.797174 0.850622 0.013066 0.019306
48 0.807961 0.864856 0.009116 0.021597
48 0.784260 0.868619 0.009116 0.017997
48 0.799757 0.871401 0.018232 0.014398
48 0.775752 0.850949 0.015801 0.019306
48 0.772258 0.868946 0.014281 0.017997
48 0.788970 0.854548 0.009420 0.018652
48 0.845488 0.809391 0.017928 0.022579
48 0.757976 0.840969 0.016712 0.018979
48 0.745366 0.840478 0.015801 0.018652
48 0.752659 0.853730 0.009116 0.009162
48 0.712549 0.845877 0.016408 0.045812
48 0.734579 0.863384 0.017320 0.021924
48 0.725919 0.850295 0.010939 0.010144
48 0.685354 0.845877 0.019751 0.041230
48 0.662868 0.844895 0.025220 0.027487
48 0.648587 0.863547 0.032513 0.022906
48 0.672288 0.817245 0.014889 0.013416
48 0.862960 0.879745 0.025524 0.018652
48 0.849134 0.869274 0.010027 0.011453
48 0.862656 0.864365 0.023701 0.018652
48 0.894865 0.860438 0.020055 0.021924
48 0.870252 0.854058 0.023701 0.017670
48 0.908387 0.837860 0.016712 0.015380
48 0.876481 0.837042 0.029474 0.026832
48 0.925099 0.847349 0.010027 0.008835
48 0.799301 0.897088 0.035552 0.024542
48 0.803251 0.919012 0.039806 0.023233
48 0.768308 0.962369 0.028867 0.061518
48 0.891978 0.912958 0.073838 0.037304
48 0.867821 0.962205 0.019447 0.036976
48 0.902005 0.953534 0.049529 0.020942
48 0.902309 0.971204 0.050744 0.020942
48 0.867214 0.991656 0.018839 0.016688
5 0.005469 0.263416 0.004862 0.002618
48 0.033728 0.255236 0.003646 0.004581
48 0.022334 0.243455 0.002735 0.005236
5 0.053935 0.265707 0.004558 0.002618
5 0.063355 0.261126 0.005166 0.002618
5 0.088879 0.260308 0.003950 0.002291
5 0.095108 0.259980 0.005469 0.002945
5 0.115163 0.259490 0.004862 0.003272
5 0.109085 0.258835 0.004254 0.002618
48 0.645700 0.985275 0.030386 0.029450
48 0.647372 0.956479 0.030082 0.032068
48 0.651626 0.901342 0.027651 0.025851
48 0.647068 0.926047 0.032513 0.029450
48 0.504254 0.931610 0.028867 0.017670
48 0.545275 0.932264 0.014281 0.019634
48 0.591158 0.937173 0.015497 0.019634
48 0.576876 0.939791 0.010635 0.008508
48 0.220602 0.979712 0.020055 0.015707
48 0.235339 0.978403 0.014889 0.018979
48 0.240656 0.994110 0.018232 0.011780
48 0.259496 0.983475 0.026132 0.022579
48 0.285627 0.974804 0.011547 0.006545
48 0.289881 0.959424 0.016408 0.024215
48 0.277727 0.962042 0.008508 0.013089
48 0.288818 0.939136 0.016105 0.017670
48 0.270283 0.946826 0.006989 0.020615
48 0.255242 0.945026 0.018232 0.019634
48 0.237162 0.951243 0.018535 0.008508
48 0.278183 0.942572 0.008204 0.025196
48 0.286691 0.917703 0.021574 0.023887
48 0.314190 0.927356 0.029778 0.016361
48 0.322394 0.908213 0.014585 0.022579
5 0.126253 0.259490 0.005773 0.003272
5 0.137040 0.259326 0.004862 0.002945
5 0.158766 0.259326 0.005166 0.002945
14 0.176846 0.258999 0.004254 0.002291
5 0.215892 0.259817 0.005773 0.003272
5 0.234427 0.266852 0.005166 0.002291
5 0.230021 0.257199 0.005469 0.002618
5 0.260711 0.280105 0.002431 0.003927
5 0.256457 0.268488 0.004254 0.002291
5 0.250836 0.266034 0.004558 0.002618
10 0.248101 0.255072 0.004558 0.002945
5 0.270738 0.230203 0.004254 0.005563
5 0.253418 0.279777 0.002431 0.003927
7 0.262382 0.268161 0.004558 0.002291
5 0.240808 0.272579 0.005166 0.002618
5 0.306898 0.262435 0.004254 0.004581
5 0.304163 0.267834 0.004254 0.005563
5 0.288362 0.218423 0.004254 0.004908
5 0.286387 0.213842 0.004558 0.004254
5 0.289881 0.210897 0.004254 0.004908
5 0.300213 0.210569 0.003646 0.004254
5 0.297478 0.206970 0.003039 0.003599
5 0.281222 0.209097 0.004558 0.003272
5 0.282741 0.210897 0.003950 0.002945
5 0.286843 0.207624 0.004254 0.004908
5 0.291401 0.198462 0.004254 0.004908
5 0.303403 0.215151 0.003342 0.004254
5 0.237770 0.160995 0.004558 0.005236
5 0.242024 0.160340 0.003950 0.004581
5 0.240049 0.150360 0.004254 0.004254
5 0.336676 0.070190 0.004862 0.004254
5 0.331966 0.068881 0.003342 0.004254
5 0.323458 0.079025 0.002735 0.004908
5 0.322850 0.089005 0.002735 0.004581
5 0.325281 0.114529 0.002127 0.004581
48 0.316773 0.126963 0.004558 0.008508
6 0.144485 0.028469 0.005773 0.012435
5 0.172592 0.024542 0.004862 0.005890
5 0.153145 0.066918 0.004254 0.004908
5 0.157247 0.073789 0.004558 0.005563
5 0.204041 0.107003 0.004558 0.005236
48 0.033121 0.148069 0.018232 0.009490
48 0.031905 0.127781 0.023093 0.031741
48 0.001215 0.060046 0.002431 0.006872
48 0.002735 0.065936 0.005469 0.008835
48 0.003342 0.070681 0.006685 0.009162
48 0.015649 0.415249 0.011243 0.011126
5 0.013218 0.122873 0.002127 0.004908
5 0.029170 0.181937 0.003039 0.005236
5 0.029322 0.188154 0.002735 0.005236
5 0.017624 0.181774 0.001823 0.004254
5 0.018080 0.186846 0.003342 0.004581
5 0.027499 0.162958 0.001519 0.003927
5 0.028107 0.169666 0.002735 0.004908
5 0.027651 0.174738 0.002431 0.004581
5 0.336676 0.212205 0.005469 0.002291
5 0.336828 0.210079 0.005773 0.001963
5 0.336524 0.207952 0.006381 0.002945
5 0.336524 0.203370 0.005773 0.002291
5 0.336068 0.200589 0.004862 0.002618
5 0.326648 0.215314 0.005469 0.001963
5 0.326497 0.204025 0.005773 0.002945
5 0.326345 0.208606 0.006077 0.002291
5 0.327256 0.222513 0.005469 0.001963
5 0.327408 0.220059 0.005166 0.002291
5 0.336828 0.221041 0.005166 0.002291
5 0.336372 0.215805 0.004862 0.001636
5 0.336524 0.218586 0.005166 0.001963
48 0.373899 0.201080 0.010635 0.006872
5 0.448800 0.218750 0.006077 0.003599
5 0.499392 0.392179 0.007596 0.004254
5 0.449407 0.387107 0.003039 0.005236
5 0.454573 0.386453 0.003039 0.005236
48 0.086296 0.390380 0.018232 0.016361
48 0.049377 0.442899 0.026436 0.014071
48 0.085081 0.412140 0.019447 0.028469
48 0.061380 0.420321 0.018232 0.021270
48 0.070495 0.429319 0.020055 0.012435
48 0.074445 0.404614 0.035248 0.014725
48 0.046946 0.422120 0.025828 0.026178
48 0.051200 0.462369 0.020966 0.020942
48 0.055910 0.376800 0.018839 0.019961
48 0.083105 0.364856 0.013066 0.015707
48 0.013674 0.345550 0.027347 0.022251
48 0.046946 0.334097 0.014281 0.018979
48 0.045427 0.318717 0.015497 0.012435
48 0.074294 0.334260 0.016105 0.012762
48 0.046490 0.292048 0.016408 0.018652
48 0.015953 0.300393 0.017320 0.020288
48 0.020966 0.288940 0.015801 0.016361
48 0.006381 0.289103 0.012762 0.019306
48 0.003798 0.315936 0.006381 0.019306
48 0.014737 0.316590 0.017928 0.016688
48 0.013826 0.385962 0.027651 0.035013
5 0.022486 0.203698 0.003646 0.004908
5 0.022030 0.236747 0.002735 0.004908
5 0.021118 0.224804 0.002127 0.005236
5 0.107262 0.278632 0.005469 0.002291
5 0.055910 0.283213 0.002431 0.004254
5 0.090398 0.277978 0.004558 0.002291
48 0.089638 0.283868 0.011547 0.006217
48 0.078548 0.479058 0.030690 0.032068
48 0.051960 0.484457 0.023701 0.025196
48 0.081130 0.455988 0.006077 0.007526
5 0.071559 0.459588 0.002127 0.004254
5 0.068824 0.460733 0.002735 0.005236
5 0.087815 0.461224 0.004862 0.002291
48 0.080826 0.450589 0.006077 0.007199
48 0.086296 0.456479 0.006077 0.007853
5 0.029322 0.427847 0.002735 0.005563
48 0.090854 0.443881 0.007293 0.006872
48 0.019751 0.407559 0.014585 0.024542
48 0.044971 0.366983 0.015801 0.024542
48 0.013218 0.361747 0.025220 0.014071
48 0.070799 0.318881 0.008508 0.007526
48 0.071863 0.313973 0.007596 0.003599
48 0.059556 0.332788 0.013370 0.010471
48 0.236098 0.638580 0.008508 0.023887
48 0.236554 0.614529 0.010027 0.015052
48 0.229414 0.636453 0.006685 0.013743
48 0.145548 0.703207 0.034032 0.015707
48 0.166059 0.709588 0.010635 0.006872
5 0.148739 0.653141 0.005773 0.003272
5 0.197660 0.656904 0.005166 0.002291
5 0.098146 0.657559 0.005469 0.002945
5 0.111364 0.651505 0.005166 0.002618
5 0.117138 0.651505 0.004558 0.002618
5 0.103464 0.651342 0.004558 0.002291
48 0.211790 0.684228 0.010331 0.011126
48 0.213917 0.672938 0.009116 0.013416
48 0.207840 0.671957 0.004254 0.012762
48 0.203434 0.672284 0.005166 0.011453
48 0.204649 0.683246 0.006381 0.010471
48 0.198420 0.682919 0.005469 0.010471
48 0.198876 0.671139 0.005166 0.013089
48 0.173959 0.670648 0.006381 0.016034
48 0.184594 0.675229 0.027043 0.025851
48 0.131267 0.669339 0.007293 0.013416
48 0.118353 0.678338 0.024005 0.035995
48 0.155120 0.681119 0.006989 0.013416
48 0.166363 0.682592 0.008204 0.012435
48 0.166059 0.671466 0.005773 0.011780
48 0.160134 0.669993 0.006685 0.012762
48 0.153601 0.670157 0.008812 0.012435
48 0.144181 0.669666 0.010027 0.013416
48 0.137040 0.670321 0.006077 0.013416
48 0.139015 0.680628 0.025220 0.011780
48 0.093589 0.632853 0.020055 0.010471
48 0.096475 0.624836 0.025220 0.012762
48 0.065026 0.612893 0.013978 0.020288
48 0.048617 0.613384 0.016408 0.019961
48 0.048617 0.626800 0.017624 0.006217
48 0.066697 0.628763 0.006381 0.008181
48 0.060468 0.628272 0.006685 0.007853
48 0.065026 0.623037 0.013978 0.004581
48 0.047402 0.637762 0.006077 0.013089
48 0.053631 0.639234 0.006989 0.014071
48 0.067912 0.640216 0.005773 0.016034
48 0.059860 0.638907 0.006685 0.016034
48 0.063810 0.639071 0.005469 0.015707
48 0.017168 0.609784 0.026436 0.009490
48 0.017472 0.615183 0.020966 0.006545
48 0.018080 0.620255 0.022789 0.004908
48 0.018839 0.624509 0.021878 0.005563
48 0.061531 0.677683 0.034944 0.022251
48 0.027043 0.675229 0.011547 0.012107
48 0.027651 0.686518 0.014585 0.011126
48 0.015649 0.698135 0.009420 0.025851
48 0.008508 0.677029 0.008508 0.034686
48 0.014129 0.729385 0.008812 0.010471
48 0.077028 0.721041 0.012458 0.008835
48 0.014129 0.715641 0.007596 0.009162
48 0.016408 0.682428 0.007900 0.005563
48 0.017320 0.666230 0.010331 0.013089
5 0.030234 0.663122 0.006381 0.002291
5 0.039046 0.657232 0.005166 0.002291
10 0.081282 0.658213 0.005773 0.002945
5 0.091158 0.662631 0.004862 0.002618
5 0.086296 0.662795 0.004862 0.002291
5 0.096931 0.662958 0.004862 0.001963
48 0.118505 0.685864 0.023701 0.018979
48 0.392738 0.749182 0.017928 0.016688
48 0.387572 0.726113 0.020359 0.019634
48 0.456244 0.741983 0.039198 0.023233
48 0.351261 0.636616 0.094196 0.016688
48 0.434215 0.485766 0.020055 0.017997
48 0.362808 0.813154 0.016408 0.022906
48 0.352476 0.831479 0.015193 0.018325
48 0.364783 0.797448 0.020359 0.009817
5 0.360833 0.829025 0.002127 0.004908
5 0.367669 0.830334 0.001823 0.004908
48 0.282437 0.802356 0.013674 0.015052
48 0.281677 0.815445 0.012762 0.010471
48 0.287147 0.750164 0.017624 0.011453
48 0.289881 0.758671 0.013978 0.006872
48 0.134154 0.760962 0.010027 0.005563
48 0.145852 0.763416 0.006077 0.007199
48 0.140079 0.762598 0.006077 0.006872
48 0.143877 0.757363 0.008812 0.002945
48 0.077484 0.747382 0.010331 0.003272
48 0.077028 0.750327 0.013066 0.003272
48 0.078244 0.754090 0.012458 0.003599
5 0.032361 0.584588 0.002127 0.004908
48 0.018687 0.639562 0.023397 0.014071
48 0.018991 0.630072 0.022789 0.006217
5 0.010635 0.262925 0.004254 0.002291
5 0.282437 0.193881 0.002735 0.003599
48 0.302644 0.044993 0.015801 0.023887
48 0.319356 0.034686 0.010939 0.011126
48 0.314342 0.040249 0.010027 0.009162
48 0.317685 0.062336 0.010635 0.006872
48 0.206776 0.087042 0.014281 0.017016
48 0.103616 0.641852 0.006685 0.008835
9 0.618049 0.907232 0.003039 0.017997
9 0.182771 0.083115 0.009420 0.011780
7 0.143118 0.259162 0.004862 0.002618
11 0.692495 0.948953 0.007293 0.013089
8 0.150714 0.059719 0.006685 0.007526
10 0.210574 0.123037 0.010939 0.013743
10 0.058949 0.303174 0.008508 0.012762
51 0.196445 0.423757 0.121847 0.100785
48 0.465512 0.715314 0.092981 0.052356
13 0.129292 0.322480 0.033121 0.075589
10 0.545275 0.737729 0.017320 0.019961
48 0.514281 0.752781 0.048921 0.041558
48 0.366758 0.702716 0.050441 0.042866
11 0.057429 0.508999 0.021878 0.008181
10 0.365087 0.348822 0.015497 0.017016
8 0.040109 0.386780 0.004254 0.007199
51 0.347311 0.582461 0.088727 0.098822
48 0.436038 0.898233 0.058341 0.105366
48 0.439532 0.780105 0.070799 0.056283
10 0.218323 0.132853 0.013066 0.012435
10 0.061380 0.313645 0.008508 0.012762
48 0.466576 0.693063 0.061683 0.043194
10 0.417654 0.366492 0.007596 0.007199
8 0.424795 0.370092 0.006077 0.005890
10 0.086144 0.499509 0.014281 0.009490
