5 0.564937 0.163059 0.005919 0.004035
5 0.426010 0.097946 0.005919 0.004402
5 0.650418 0.192223 0.006267 0.005869
5 0.594359 0.181952 0.004875 0.005136
5 0.622389 0.166178 0.003134 0.005136
5 0.625348 0.142700 0.002786 0.005136
5 0.774373 0.240462 0.006964 0.004769
5 0.800836 0.224138 0.002786 0.005136
5 0.811630 0.263940 0.004875 0.006236
5 0.802228 0.272561 0.005571 0.005869
5 0.822075 0.247249 0.005571 0.004402
5 0.825035 0.238995 0.005223 0.004035
6 0.832695 0.241012 0.014276 0.005869
6 0.853238 0.244131 0.014276 0.006970
6 0.870299 0.246332 0.011490 0.005503
5 0.788301 0.292186 0.004875 0.006236
5 0.797354 0.294204 0.004178 0.005869
5 0.826079 0.293470 0.006616 0.004402
5 0.815286 0.291453 0.006616 0.003302
5 0.880397 0.329237 0.003134 0.005503
5 0.897110 0.274211 0.004526 0.006236
5 0.900592 0.270726 0.003830 0.005136
5 0.906163 0.292370 0.004526 0.005869
5 0.927402 0.296222 0.003830 0.006236
5 0.888579 0.274578 0.004178 0.005503
5 0.897806 0.265774 0.003830 0.005503
6 0.945857 0.257887 0.012883 0.003668
5 0.914694 0.244497 0.004178 0.005503
6 0.888405 0.232392 0.006616 0.012106
5 0.894150 0.229457 0.003482 0.004769
5 0.913475 0.214417 0.005223 0.006970
5 0.884749 0.220286 0.004178 0.003302
5 0.882486 0.231842 0.003134 0.005136
5 0.883879 0.227256 0.004526 0.003302
5 0.878134 0.345194 0.004178 0.005136
5 0.847319 0.373808 0.005919 0.002935
5 0.852542 0.374541 0.005223 0.002935
5 0.857591 0.363903 0.004875 0.002935
5 0.854979 0.363169 0.003134 0.002935
5 0.851845 0.362803 0.003134 0.002935
5 0.861421 0.380044 0.005571 0.003668
5 0.861247 0.377109 0.005223 0.003668
5 0.861247 0.382795 0.005919 0.003302
5 0.891539 0.384629 0.003830 0.006236
5 0.864902 0.396001 0.004178 0.006236
5 0.860202 0.400404 0.003134 0.004769
5 0.861072 0.394901 0.004875 0.003302
5 0.861247 0.386097 0.005223 0.003302
5 0.868907 0.365187 0.003134 0.005503
5 0.866818 0.358401 0.003830 0.004402
5 0.865251 0.348496 0.002786 0.004402
5 0.866992 0.353999 0.004875 0.005869
5 0.868384 0.348863 0.003482 0.005136
5 0.876915 0.362803 0.003134 0.004402
5 0.893280 0.394534 0.004526 0.002568
5 0.889972 0.396368 0.004875 0.003302
5 0.897110 0.380044 0.006616 0.005136
5 0.903900 0.380961 0.006964 0.004035
5 0.919220 0.383346 0.004875 0.002935
5 0.924269 0.384079 0.004526 0.002935
9 0.927577 0.255136 0.011838 0.006236
5 0.886316 0.207997 0.003830 0.005869
5 0.920265 0.380044 0.005571 0.002935
5 0.920265 0.375275 0.004875 0.003668
5 0.925313 0.375642 0.004526 0.002935
5 0.930536 0.376742 0.004526 0.002935
5 0.935759 0.377660 0.005919 0.004035
5 0.885794 0.469919 0.005571 0.005869
5 0.893454 0.464233 0.004875 0.003302
5 0.979979 0.428650 0.003830 0.005503
5 0.985550 0.431401 0.005919 0.003668
10 0.924965 0.504952 0.005223 0.008437
10 0.935585 0.451944 0.007660 0.005136
5 0.859331 0.479641 0.005571 0.006970
5 0.849582 0.456713 0.003482 0.005869
5 0.858461 0.500734 0.003830 0.005136
5 0.865251 0.509538 0.004178 0.004402
5 0.862639 0.504219 0.004526 0.006236
6 0.805884 0.606566 0.010097 0.009905
5 0.824338 0.587307 0.004526 0.004402
5 0.742166 0.674431 0.005223 0.004769
5 0.727542 0.685987 0.004526 0.003668
5 0.713266 0.688555 0.006616 0.004402
5 0.700905 0.697542 0.006267 0.004035
10 0.692549 0.688555 0.005571 0.004402
9 0.668001 0.708364 0.007312 0.003668
5 0.619603 0.712583 0.005223 0.003302
5 0.607416 0.695525 0.004526 0.002935
5 0.605327 0.687454 0.005223 0.002935
5 0.598886 0.686904 0.005571 0.003302
48 0.922876 0.272377 0.020543 0.012839
48 0.953169 0.275312 0.012883 0.010638
48 0.934192 0.286134 0.016713 0.011739
48 0.955954 0.302274 0.037256 0.017608
48 0.962918 0.317865 0.013579 0.011372
48 0.943593 0.328503 0.012535 0.017241
48 0.960132 0.329237 0.019150 0.012106
48 0.955258 0.341709 0.024025 0.010638
48 0.958217 0.367572 0.010446 0.013206
48 0.918698 0.329604 0.036560 0.028247
48 0.914345 0.357300 0.013928 0.015407
48 0.919220 0.303742 0.010446 0.008070
48 0.929318 0.310161 0.010446 0.011372
48 0.910864 0.311629 0.009053 0.009171
48 0.948294 0.290719 0.013579 0.008437
48 0.970752 0.278063 0.016713 0.012472
48 0.939937 0.341343 0.014276 0.014307
48 0.938545 0.353632 0.017061 0.013206
48 0.947772 0.365921 0.009749 0.010638
48 0.993384 0.321350 0.013231 0.012472
48 0.993210 0.331805 0.013579 0.009905
48 0.991295 0.344277 0.016017 0.013573
48 0.987987 0.353265 0.006616 0.005869
48 0.987813 0.363903 0.009749 0.016141
48 0.996170 0.357300 0.007660 0.010271
48 0.985724 0.402605 0.020891 0.015774
48 0.990077 0.445891 0.008008 0.006236
48 0.976845 0.450660 0.012187 0.009171
48 0.990599 0.452861 0.013231 0.009171
48 0.979631 0.461299 0.019150 0.016508
48 0.969882 0.477990 0.005919 0.006603
48 0.904074 0.479641 0.035864 0.015040
5 0.590181 0.686720 0.004875 0.002935
5 0.584958 0.685437 0.005571 0.003302
5 0.573120 0.684153 0.004875 0.002935
5 0.566156 0.682685 0.005571 0.002935
5 0.551184 0.635547 0.004178 0.006236
5 0.522458 0.676632 0.005919 0.004035
5 0.550313 0.598129 0.003830 0.006970
9 0.527507 0.594828 0.013928 0.004035
5 0.530467 0.621974 0.003134 0.004769
9 0.526811 0.622524 0.005571 0.009538
5 0.522110 0.618305 0.003830 0.006236
10 0.524373 0.611519 0.006964 0.006603
5 0.592967 0.607484 0.004178 0.002201
5 0.594359 0.613353 0.004178 0.002201
5 0.633008 0.624908 0.004875 0.002568
5 0.601845 0.534483 0.004526 0.002201
5 0.600104 0.537417 0.004526 0.002201
5 0.561630 0.522744 0.002786 0.004402
5 0.561978 0.514857 0.002089 0.004035
5 0.562848 0.508254 0.002437 0.004035
5 0.566156 0.455429 0.004178 0.003302
5 0.603412 0.446442 0.006964 0.003668
5 0.585306 0.443874 0.004875 0.003668
5 0.470230 0.375642 0.004526 0.002935
5 0.477019 0.378760 0.004875 0.004035
5 0.501393 0.390499 0.004178 0.004035
5 0.474234 0.371423 0.005571 0.004035
5 0.431755 0.347212 0.004875 0.004035
5 0.521240 0.328320 0.004178 0.005136
9 0.512709 0.338958 0.006616 0.008070
9 0.515669 0.340792 0.006267 0.007337
5 0.552925 0.343544 0.004875 0.003302
48 0.916435 0.409024 0.019499 0.010271
48 0.901985 0.396368 0.018454 0.025312
48 0.918524 0.392883 0.015320 0.013206
48 0.924269 0.441856 0.081128 0.063463
48 0.953169 0.395818 0.013579 0.009538
48 0.830954 0.412876 0.033774 0.029714
48 0.801532 0.399486 0.009749 0.008070
48 0.804318 0.418195 0.020891 0.011739
48 0.790912 0.416728 0.008008 0.010271
48 0.784819 0.463133 0.011838 0.017241
48 0.793175 0.469736 0.011142 0.009171
48 0.798398 0.440756 0.029248 0.017975
48 0.805710 0.454512 0.013231 0.010271
48 0.787604 0.449927 0.011142 0.006236
48 0.806058 0.467718 0.014624 0.016875
48 0.835829 0.472671 0.015669 0.013573
48 0.822946 0.458364 0.020543 0.017241
48 0.838266 0.460015 0.010794 0.013940
48 0.840529 0.448459 0.009053 0.011372
48 0.830954 0.445341 0.012187 0.010271
48 0.844185 0.433052 0.008705 0.011372
48 0.817201 0.438738 0.009053 0.013940
48 0.798921 0.374908 0.012187 0.011739
48 0.795961 0.388298 0.011838 0.012839
48 0.818071 0.389215 0.010097 0.014674
48 0.838788 0.387931 0.032033 0.025312
48 0.812152 0.349596 0.035167 0.015407
48 0.846623 0.355833 0.008705 0.009538
48 0.855501 0.348679 0.013231 0.012106
48 0.811978 0.335106 0.029248 0.015040
48 0.816156 0.323184 0.012535 0.011739
48 0.833217 0.328687 0.016017 0.008804
48 0.851323 0.327219 0.013928 0.013206
48 0.812848 0.299156 0.023329 0.015040
48 0.829909 0.299707 0.011490 0.011005
48 0.827298 0.310345 0.009053 0.011739
48 0.837918 0.312913 0.014276 0.012472
48 0.854457 0.313830 0.021588 0.012106
48 0.806755 0.317131 0.011838 0.006970
48 0.844533 0.288335 0.022632 0.014674
48 0.860376 0.304842 0.010446 0.009538
48 0.811281 0.285583 0.013231 0.009905
48 0.811804 0.274028 0.012883 0.011005
48 0.824861 0.283933 0.010446 0.008070
48 0.863510 0.279897 0.018802 0.016875
48 0.864902 0.263756 0.019499 0.016875
48 0.834436 0.276963 0.016365 0.009538
48 0.842096 0.258804 0.022632 0.015040
48 0.818767 0.256970 0.016365 0.023111
48 0.939415 0.205062 0.034123 0.019076
48 0.972145 0.248899 0.015320 0.014307
48 0.974930 0.223588 0.020891 0.013573
48 0.970056 0.212216 0.020195 0.015040
48 0.943767 0.239912 0.012187 0.010271
48 0.944464 0.250550 0.012187 0.010271
48 0.934889 0.228723 0.012535 0.012106
48 0.923572 0.228173 0.010794 0.010271
48 0.924095 0.236060 0.013231 0.008437
48 0.933844 0.237894 0.008357 0.006970
48 0.924965 0.244131 0.017061 0.011372
48 0.935585 0.244497 0.004875 0.007704
48 0.946901 0.220103 0.010794 0.013206
48 0.925139 0.219552 0.008357 0.007704
9 0.467444 0.302458 0.003830 0.009171
5 0.627437 0.117938 0.002786 0.004035
9 0.645543 0.108767 0.007660 0.004035
5 0.629526 0.092993 0.002089 0.004035
5 0.631790 0.094094 0.002437 0.004035
5 0.643628 0.022194 0.003830 0.004035
5 0.653900 0.022561 0.004875 0.004035
5 0.653029 0.009905 0.003134 0.004402
9 0.621518 0.005136 0.006267 0.004402
9 0.621692 0.008988 0.006616 0.004035
5 0.545613 0.002568 0.005571 0.003668
5 0.559714 0.046038 0.005919 0.005503
5 0.558322 0.017241 0.004526 0.004402
5 0.490425 0.045855 0.005223 0.003668
9 0.369951 0.154806 0.008008 0.005869
5 0.337570 0.117205 0.004526 0.005503
5 0.364728 0.292003 0.002437 0.004402
5 0.294394 0.314747 0.004526 0.002935
5 0.297006 0.311078 0.005571 0.003668
5 0.298050 0.308511 0.005571 0.004402
5 0.301010 0.304292 0.003830 0.003302
5 0.304143 0.297872 0.005223 0.004402
5 0.328865 0.348679 0.004526 0.004769
5 0.401288 0.451944 0.003134 0.003668
9 0.320682 0.457080 0.009749 0.005136
9 0.320857 0.453045 0.008705 0.003668
9 0.320682 0.449743 0.006267 0.003668
9 0.320682 0.445525 0.006964 0.004035
9 0.319290 0.442590 0.008357 0.004769
9 0.318942 0.439472 0.006267 0.005136
9 0.317897 0.435803 0.006964 0.004402
5 0.400418 0.462216 0.005571 0.004402
5 0.384227 0.464050 0.005919 0.003668
5 0.338788 0.529164 0.005571 0.004035
5 0.379701 0.537417 0.005919 0.002935
9 0.402681 0.558877 0.004526 0.007704
5 0.408426 0.558144 0.002786 0.004769
5 0.416086 0.560161 0.004875 0.002935
5 0.420787 0.559061 0.005223 0.003668
5 0.427402 0.583089 0.004526 0.004035
5 0.324338 0.601798 0.004526 0.005503
5 0.338266 0.555026 0.004526 0.003668
10 0.336525 0.570616 0.005919 0.002568
9 0.329735 0.566398 0.006964 0.004402
9 0.330258 0.569332 0.008008 0.004402
9 0.335829 0.573001 0.006616 0.003668
9 0.329561 0.571717 0.005223 0.003302
9 0.328517 0.576119 0.003830 0.005503
9 0.310237 0.572084 0.004178 0.006970
9 0.325383 0.592260 0.003830 0.006970
9 0.328517 0.594277 0.003134 0.005869
9 0.326428 0.586390 0.003134 0.005503
5 0.358809 0.612619 0.003830 0.005869
5 0.377437 0.615371 0.003482 0.005503
5 0.330606 0.636647 0.004526 0.003302
5 0.342270 0.650954 0.005571 0.003302
5 0.357416 0.653338 0.002437 0.004402
5 0.437500 0.674431 0.006616 0.003302
5 0.380745 0.680484 0.005223 0.003668
5 0.407382 0.681952 0.005571 0.002935
5 0.410864 0.690939 0.004875 0.002568
5 0.392061 0.688004 0.004178 0.003302
5 0.382486 0.689288 0.005223 0.004402
5 0.432277 0.694424 0.005223 0.002935
48 0.980675 0.542553 0.038649 0.033015
48 0.971971 0.624908 0.051880 0.040719
48 0.768454 0.838408 0.027855 0.024578
48 0.802054 0.753668 0.041435 0.089142
48 0.968837 0.780264 0.048398 0.044754
48 0.973189 0.747065 0.045961 0.034850
48 0.896762 0.737161 0.107591 0.054659
48 0.900418 0.778247 0.077298 0.039985
48 0.918698 0.821533 0.162604 0.073001
48 0.510272 0.907007 0.036560 0.078870
48 0.932799 0.154622 0.013231 0.014307
48 0.949164 0.155723 0.017409 0.010638
48 0.942549 0.168379 0.033426 0.015407
48 0.984506 0.159758 0.017758 0.015040
48 0.964485 0.164894 0.011838 0.007704
48 0.966574 0.172781 0.016713 0.013940
48 0.970230 0.183786 0.010794 0.009538
48 0.960829 0.183236 0.008705 0.011372
48 0.958914 0.199927 0.007660 0.011005
48 0.973015 0.196809 0.025418 0.015774
48 0.957695 0.220286 0.014276 0.013573
48 0.929143 0.180301 0.007312 0.010638
48 0.933322 0.193874 0.017061 0.010638
48 0.947249 0.196075 0.014276 0.011372
48 0.938719 0.180851 0.010446 0.008070
48 0.951602 0.181768 0.008357 0.009905
48 0.949687 0.103999 0.038649 0.053191
48 0.982068 0.123991 0.033078 0.033749
48 0.957347 0.038885 0.024721 0.013206
48 0.981198 0.053375 0.013231 0.012106
48 0.980501 0.065847 0.015320 0.015040
48 0.978238 0.094644 0.014972 0.019076
48 0.993558 0.083272 0.012883 0.008804
48 0.990599 0.089692 0.013928 0.010638
48 0.966052 0.053925 0.017758 0.012472
48 0.954909 0.066948 0.033774 0.027513
48 0.962744 0.010638 0.016017 0.014674
48 0.980675 0.010271 0.016365 0.018342
48 0.806058 0.088958 0.017409 0.036317
48 0.797876 0.073368 0.010794 0.035950
48 0.808670 0.043470 0.017758 0.026045
48 0.809889 0.026596 0.022284 0.016508
48 0.882312 0.115187 0.010446 0.012472
48 0.872563 0.113353 0.012535 0.013940
48 0.862813 0.111886 0.011142 0.014674
48 0.843141 0.110235 0.030292 0.015040
48 0.887535 0.101247 0.011838 0.011739
48 0.875696 0.099596 0.013231 0.011372
48 0.864902 0.099596 0.010446 0.011372
48 0.888057 0.092627 0.012187 0.009905
48 0.889624 0.086207 0.009749 0.007337
48 0.836003 0.085290 0.011142 0.009171
48 0.837221 0.095561 0.015669 0.014307
48 0.848364 0.087491 0.014972 0.008437
48 0.851323 0.097762 0.015320 0.011372
48 0.859680 0.082539 0.006964 0.015407
48 0.867340 0.088591 0.008357 0.013573
48 0.878656 0.080704 0.010097 0.024211
48 0.890669 0.077586 0.011838 0.014307
48 0.840007 0.059061 0.015669 0.016875
48 0.858983 0.061079 0.016713 0.017241
48 0.870996 0.061079 0.010794 0.018709
48 0.893628 0.063830 0.020543 0.018342
48 0.848538 0.022561 0.019499 0.015774
5 0.475279 0.679934 0.004875 0.003302
5 0.485898 0.704145 0.003830 0.002568
5 0.482591 0.695891 0.003482 0.002935
5 0.509227 0.696258 0.005223 0.002935
5 0.512709 0.708731 0.005223 0.002935
5 0.517584 0.705979 0.005919 0.003302
5 0.525766 0.710748 0.005571 0.002568
5 0.528029 0.702128 0.005919 0.002935
6 0.480675 0.670946 0.013579 0.004402
9 0.486247 0.654622 0.006616 0.004769
5 0.462918 0.652971 0.002437 0.005136
10 0.462744 0.646552 0.004875 0.006236
10 0.530641 0.724688 0.005571 0.005503
10 0.540738 0.723588 0.006267 0.004769
5 0.552925 0.742113 0.003482 0.005869
5 0.550487 0.734043 0.002786 0.005136
9 0.519847 0.766508 0.007660 0.004035
5 0.548050 0.797872 0.004875 0.006603
9 0.518454 0.762289 0.009053 0.004402
9 0.518628 0.758070 0.008705 0.004035
9 0.519673 0.754952 0.008705 0.003668
9 0.500348 0.740829 0.004875 0.008437
10 0.490773 0.740279 0.004526 0.008070
10 0.486421 0.738628 0.003482 0.006236
10 0.491295 0.755503 0.008357 0.004769
9 0.478760 0.755686 0.007660 0.003668
9 0.478760 0.759171 0.006964 0.003302
9 0.479283 0.762473 0.008008 0.003302
9 0.511316 0.780631 0.016365 0.006603
9 0.473189 0.751101 0.009053 0.004035
9 0.486421 0.780081 0.016713 0.006236
9 0.487639 0.772377 0.020543 0.005503
9 0.469185 0.784483 0.008705 0.004769
48 0.863858 0.024762 0.013231 0.015040
48 0.847493 0.046222 0.020195 0.013940
48 0.864032 0.048239 0.015669 0.012839
48 0.877611 0.032832 0.020543 0.026045
48 0.900244 0.030081 0.021936 0.014674
48 0.897981 0.044571 0.020195 0.015774
48 0.708391 0.060528 0.018454 0.032282
48 0.693942 0.025128 0.032033 0.029714
48 0.666086 0.048606 0.048050 0.020910
48 0.832521 0.142333 0.018802 0.020543
48 0.847841 0.145635 0.013231 0.017608
48 0.829387 0.158107 0.019499 0.010271
48 0.835481 0.199743 0.026811 0.023111
48 0.817375 0.213500 0.013579 0.011005
48 0.818593 0.221570 0.016017 0.008804
48 0.817897 0.228723 0.012535 0.009905
48 0.835829 0.226156 0.014276 0.018709
48 0.851323 0.216618 0.019499 0.010638
48 0.849930 0.229824 0.015320 0.015774
48 0.828691 0.214050 0.009749 0.008437
48 0.827298 0.229640 0.008357 0.011005
48 0.867688 0.238628 0.016713 0.006970
48 0.868907 0.232392 0.014972 0.008437
48 0.870996 0.221570 0.016365 0.014674
48 0.862291 0.209831 0.011490 0.009538
48 0.872911 0.211482 0.011142 0.007704
48 0.876915 0.201944 0.012187 0.008437
48 0.825209 0.186354 0.015320 0.006603
48 0.856546 0.194791 0.009749 0.012472
48 0.854109 0.181952 0.009053 0.011739
48 0.865773 0.186537 0.014276 0.017241
48 0.877263 0.189655 0.015669 0.014674
9 0.482765 0.787417 0.008008 0.004769
9 0.509575 0.797872 0.009401 0.005136
9 0.515320 0.770360 0.014624 0.005869
9 0.511490 0.791269 0.015320 0.005869
9 0.499652 0.791636 0.006267 0.013206
9 0.479283 0.775312 0.012187 0.005503
9 0.467967 0.796405 0.014624 0.005136
9 0.467967 0.800440 0.014624 0.005136
9 0.467792 0.804109 0.013579 0.004402
9 0.467444 0.814197 0.016365 0.006970
9 0.465703 0.820249 0.014972 0.005869
9 0.465355 0.824285 0.014276 0.005869
9 0.461699 0.831438 0.016017 0.006236
9 0.463092 0.835473 0.013231 0.004035
9 0.461873 0.838958 0.014276 0.003668
9 0.461003 0.843177 0.013928 0.004035
9 0.461003 0.847395 0.015320 0.005136
9 0.460132 0.851431 0.016365 0.004402
9 0.460829 0.855282 0.017061 0.004769
9 0.459610 0.857850 0.013231 0.004035
9 0.459262 0.861519 0.013928 0.003302
9 0.457173 0.867388 0.013928 0.006236
9 0.463266 0.926632 0.007312 0.016141
9 0.577472 0.901871 0.015669 0.005503
9 0.565634 0.916911 0.014276 0.004769
6 0.521762 0.991196 0.003830 0.006603
48 0.853586 0.153338 0.007312 0.008804
48 0.857068 0.143984 0.009401 0.010638
48 0.882834 0.153338 0.021936 0.027146
48 0.881442 0.172964 0.012883 0.014307
48 0.868036 0.143434 0.011142 0.008804
48 0.864554 0.154989 0.016713 0.014307
48 0.862117 0.170396 0.018106 0.015040
48 0.782208 0.493947 0.017061 0.012839
48 0.795265 0.495048 0.011838 0.014307
48 0.803969 0.493030 0.005571 0.006603
48 0.802751 0.503485 0.006616 0.011372
48 0.812152 0.497616 0.013579 0.017241
48 0.821031 0.499266 0.006964 0.014674
48 0.826776 0.499266 0.005223 0.015407
48 0.814415 0.511005 0.008357 0.009538
48 0.795613 0.510638 0.008357 0.007337
48 0.806058 0.511555 0.010446 0.009171
48 0.778203 0.516508 0.011838 0.011005
48 0.789868 0.518709 0.010097 0.011739
48 0.798398 0.518158 0.005571 0.006970
48 0.805362 0.519076 0.008357 0.007337
48 0.815111 0.521277 0.018106 0.010271
48 0.795439 0.557410 0.025418 0.017241
48 0.771240 0.556310 0.006964 0.010638
48 0.769150 0.568965 0.006267 0.011005
48 0.772110 0.581438 0.013579 0.011739
48 0.769499 0.589692 0.013928 0.008437
48 0.768628 0.606016 0.016365 0.011005
48 0.782904 0.592260 0.014276 0.009171
48 0.775070 0.598129 0.020891 0.009171
48 0.766365 0.616471 0.016017 0.010638
48 0.776288 0.533566 0.014276 0.016508
48 0.783426 0.526229 0.006964 0.009171
48 0.790216 0.530998 0.008705 0.014307
48 0.798747 0.543654 0.021588 0.010271
48 0.804666 0.528063 0.006267 0.006236
48 0.785167 0.506053 0.023677 0.012839
48 0.658078 0.089142 0.017409 0.013206
48 0.642932 0.100330 0.024025 0.014307
48 0.660864 0.102348 0.013928 0.013940
48 0.639450 0.115371 0.017758 0.011372
48 0.652507 0.115921 0.011838 0.010271
48 0.661908 0.116104 0.008357 0.011372
48 0.636490 0.126559 0.020891 0.012472
48 0.634575 0.136647 0.016365 0.012106
48 0.651462 0.137381 0.022981 0.011372
48 0.663823 0.074468 0.017061 0.011739
48 0.640494 0.071717 0.014276 0.015040
48 0.652333 0.069332 0.014276 0.015407
48 0.637187 0.147836 0.013231 0.009538
48 0.652333 0.148202 0.016365 0.011005
48 0.631267 0.154989 0.004875 0.008437
48 0.647110 0.157190 0.026811 0.011372
48 0.633531 0.163243 0.014972 0.009538
48 0.649199 0.166728 0.018454 0.012106
48 0.632834 0.174798 0.012883 0.014307
48 0.646065 0.183786 0.019847 0.013206
48 0.743558 0.206163 0.022632 0.021277
48 0.702994 0.175899 0.034123 0.023111
48 0.739380 0.187454 0.037256 0.026412
48 0.769325 0.205062 0.033078 0.030814
48 0.656163 0.218819 0.013579 0.009905
48 0.657033 0.236977 0.015320 0.007337
48 0.672702 0.232575 0.011838 0.012472
48 0.682974 0.235143 0.010097 0.010271
48 0.650940 0.243580 0.007312 0.008070
48 0.655292 0.253302 0.015320 0.012106
48 0.662604 0.209464 0.012535 0.008804
48 0.676532 0.214417 0.010446 0.009171
48 0.687674 0.220286 0.011838 0.015774
48 0.700209 0.224138 0.004178 0.004402
48 0.671831 0.247982 0.011490 0.013206
48 0.683148 0.250917 0.011838 0.009538
48 0.700557 0.231475 0.007660 0.007337
48 0.705606 0.241563 0.012187 0.009905
48 0.692897 0.241563 0.014624 0.015040
48 0.682625 0.242847 0.007312 0.005136
48 0.677228 0.260271 0.013231 0.011372
48 0.695857 0.258804 0.015669 0.012106
48 0.687674 0.262656 0.010446 0.010271
48 0.701950 0.270543 0.013231 0.013573
48 0.685759 0.269626 0.021936 0.012472
48 0.673050 0.270910 0.005571 0.006236
48 0.664694 0.266508 0.011142 0.009905
48 0.651811 0.269259 0.017409 0.019076
48 0.678273 0.279714 0.011838 0.009171
48 0.694812 0.286500 0.016365 0.018342
48 0.694290 0.301724 0.016017 0.013573
48 0.679318 0.298239 0.018106 0.013206
48 0.696031 0.313463 0.011838 0.012839
48 0.696901 0.329054 0.010794 0.013940
48 0.682103 0.323918 0.010446 0.017608
48 0.672876 0.322817 0.013579 0.019809
48 0.659297 0.323184 0.011490 0.012472
48 0.645369 0.322267 0.013579 0.010638
48 0.651985 0.311078 0.008705 0.007337
48 0.653726 0.305209 0.006616 0.005136
48 0.644499 0.307043 0.011142 0.015407
48 0.660341 0.300440 0.009401 0.012472
48 0.643280 0.287784 0.009401 0.014307
48 0.651985 0.291086 0.008705 0.013573
48 0.651462 0.282282 0.006964 0.005503
48 0.667305 0.291636 0.008008 0.008070
48 0.740599 0.241563 0.022284 0.009171
48 0.735202 0.251651 0.013579 0.011005
48 0.752437 0.259538 0.011142 0.011372
48 0.760620 0.253668 0.009401 0.009905
48 0.763928 0.245781 0.008357 0.009538
48 0.770717 0.247799 0.006616 0.009171
48 0.768802 0.256970 0.009053 0.009171
48 0.777333 0.250183 0.007312 0.012472
48 0.786734 0.248349 0.007312 0.005136
48 0.784819 0.257337 0.009749 0.010638
48 0.779944 0.265774 0.013231 0.008437
48 0.764102 0.268892 0.012883 0.005869
48 0.760098 0.276779 0.011142 0.013573
48 0.769673 0.278063 0.010097 0.012472
48 0.779944 0.279530 0.011838 0.012472
48 0.749130 0.302641 0.005919 0.008070
48 0.756442 0.301174 0.009401 0.011005
48 0.779422 0.293103 0.011490 0.011005
48 0.767758 0.290536 0.009749 0.008804
48 0.757312 0.289802 0.010446 0.012472
48 0.728412 0.304475 0.011142 0.009538
48 0.730153 0.293103 0.017409 0.013206
48 0.760794 0.316398 0.014624 0.014307
48 0.723712 0.334189 0.014972 0.012472
48 0.735028 0.335106 0.010446 0.015040
48 0.750174 0.338225 0.008008 0.012472
48 0.762187 0.339142 0.016017 0.017241
48 0.772981 0.340609 0.009053 0.011372
48 0.772806 0.329420 0.010794 0.011739
48 0.754526 0.444607 0.013231 0.008070
48 0.752263 0.457630 0.018454 0.018709
48 0.736247 0.458731 0.014276 0.011372
48 0.742340 0.433602 0.013928 0.008070
48 0.760446 0.419846 0.011838 0.009905
48 0.736072 0.451577 0.008357 0.005136
48 0.735724 0.439288 0.009053 0.009171
48 0.731024 0.444241 0.006616 0.014674
48 0.741992 0.445341 0.012535 0.011739
48 0.719708 0.456713 0.017409 0.009538
48 0.704561 0.454512 0.013579 0.011005
48 0.706825 0.447726 0.010446 0.005503
48 0.720056 0.441856 0.016713 0.012839
48 0.721448 0.432135 0.013928 0.007337
48 0.709610 0.426449 0.011838 0.011372
48 0.725104 0.423698 0.017758 0.013206
48 0.720926 0.412509 0.010794 0.008437
48 0.723886 0.403522 0.009749 0.009538
48 0.714136 0.399853 0.010446 0.011739
48 0.715703 0.388298 0.012187 0.009905
48 0.727890 0.390866 0.011490 0.012839
48 0.717270 0.362803 0.011142 0.013206
48 0.716400 0.376559 0.015669 0.012839
48 0.760620 0.405906 0.017061 0.016508
48 0.762535 0.395268 0.014624 0.008437
48 0.742862 0.382245 0.009401 0.008070
48 0.753482 0.383346 0.010446 0.008804
48 0.745125 0.394901 0.020891 0.017241
48 0.768280 0.386647 0.010794 0.008804
48 0.765146 0.380411 0.013579 0.011739
48 0.726497 0.370506 0.008008 0.006603
48 0.771588 0.369222 0.007660 0.010638
48 0.758008 0.370139 0.018802 0.013940
48 0.741295 0.367021 0.017409 0.014307
48 0.728935 0.363169 0.008008 0.008804
48 0.681755 0.663793 0.028552 0.020910
48 0.680362 0.643250 0.011838 0.011372
48 0.696553 0.647285 0.019847 0.015040
48 0.721100 0.636280 0.027855 0.015774
48 0.681233 0.626009 0.010794 0.015040
48 0.694812 0.626376 0.024025 0.015040
48 0.687500 0.616654 0.019150 0.007337
48 0.684540 0.606200 0.016017 0.013573
48 0.700557 0.607300 0.018106 0.016508
48 0.702646 0.616838 0.013231 0.006970
48 0.725104 0.620690 0.031685 0.020543
48 0.733983 0.601614 0.016713 0.011739
48 0.719882 0.592076 0.017061 0.016875
48 0.707347 0.597579 0.012187 0.010271
48 0.735724 0.587124 0.018106 0.014307
48 0.736247 0.575935 0.019847 0.012472
48 0.740251 0.561996 0.020195 0.016141
48 0.727542 0.561629 0.008008 0.013940
48 0.701253 0.562362 0.043175 0.032282
48 0.697075 0.522194 0.011838 0.009905
48 0.707521 0.522194 0.009749 0.009905
48 0.717618 0.524028 0.010446 0.009905
48 0.726845 0.526229 0.010097 0.007704
48 0.696901 0.507520 0.014276 0.011372
48 0.703517 0.514307 0.014276 0.006603
48 0.710306 0.506970 0.011838 0.009538
48 0.719708 0.511372 0.008357 0.012472
48 0.731372 0.519076 0.016365 0.010271
48 0.747214 0.526779 0.016017 0.014674
48 0.746344 0.512839 0.017061 0.011005
48 0.730327 0.509905 0.012187 0.007337
48 0.700905 0.496515 0.018106 0.011372
48 0.717444 0.497616 0.018454 0.012839
48 0.751567 0.502384 0.011490 0.012106
48 0.743384 0.499817 0.008357 0.009905
48 0.753656 0.489178 0.010794 0.016508
48 0.744429 0.490646 0.009749 0.007704
48 0.712396 0.487711 0.026462 0.011372
48 0.718837 0.481475 0.019847 0.011372
48 0.734854 0.487161 0.012883 0.011739
48 0.731720 0.495781 0.008008 0.008437
48 0.596797 0.436720 0.011142 0.012106
48 0.609157 0.438371 0.010097 0.013206
48 0.598015 0.426082 0.010794 0.009905
48 0.608461 0.427550 0.013579 0.012106
48 0.606720 0.416544 0.021240 0.012106
48 0.601323 0.403522 0.010446 0.011739
48 0.611943 0.404989 0.012883 0.013206
48 0.602716 0.390315 0.009749 0.011005
48 0.604631 0.379310 0.010794 0.012472
48 0.615251 0.381695 0.011142 0.012839
48 0.618907 0.372157 0.008705 0.007704
48 0.607591 0.367755 0.014624 0.011372
48 0.615251 0.356566 0.022284 0.014674
48 0.614728 0.340792 0.012883 0.010271
48 0.623259 0.341709 0.005571 0.008437
48 0.617514 0.328687 0.020543 0.011739
48 0.614380 0.318415 0.012187 0.008070
48 0.626219 0.305209 0.010097 0.008804
48 0.617862 0.311262 0.018454 0.009171
48 0.616469 0.303558 0.011490 0.009171
48 0.622911 0.294021 0.020195 0.014307
48 0.622040 0.283199 0.008008 0.007337
48 0.629004 0.234593 0.008705 0.006236
48 0.616818 0.264123 0.029596 0.024211
48 0.598364 0.257887 0.011490 0.011005
48 0.581128 0.259354 0.021588 0.019076
48 0.568593 0.279164 0.011142 0.011005
48 0.570508 0.271827 0.020543 0.011739
48 0.576950 0.269259 0.031337 0.019076
48 0.629701 0.250734 0.020543 0.015774
48 0.582695 0.298789 0.018454 0.015774
48 0.570508 0.293287 0.013579 0.015774
48 0.558496 0.286500 0.017409 0.014674
48 0.549095 0.295855 0.011142 0.013573
48 0.558670 0.301174 0.013579 0.013940
48 0.572249 0.309061 0.008705 0.011372
48 0.550662 0.308877 0.012187 0.013940
48 0.544568 0.320066 0.011142 0.011372
48 0.571901 0.336757 0.009401 0.009538
48 0.575905 0.330704 0.012535 0.009905
48 0.580606 0.313096 0.011490 0.012839
48 0.561630 0.355099 0.016017 0.010271
48 0.574861 0.355649 0.010446 0.010638
48 0.574687 0.365921 0.010097 0.009171
48 0.564763 0.365921 0.011838 0.011372
48 0.552925 0.362986 0.013231 0.012106
48 0.562674 0.389215 0.012535 0.013206
48 0.561804 0.399120 0.011490 0.008804
48 0.561281 0.408474 0.013928 0.010638
48 0.544916 0.377476 0.013231 0.012472
48 0.537779 0.364637 0.015669 0.013940
48 0.534471 0.374725 0.013231 0.011372
48 0.530989 0.381695 0.010446 0.006236
48 0.526114 0.392516 0.019499 0.017608
48 0.526288 0.344094 0.014972 0.013206
48 0.516887 0.350147 0.010794 0.009905
48 0.513231 0.356200 0.011142 0.008070
48 0.511316 0.363536 0.014276 0.013206
48 0.505571 0.378760 0.020891 0.021643
48 0.522284 0.366288 0.016017 0.012106
48 0.521065 0.377843 0.010097 0.011739
48 0.539345 0.385547 0.009749 0.008070
48 0.537604 0.332172 0.028552 0.023844
51 0.705780 0.539802 0.034819 0.026045
48 0.631093 0.438738 0.014276 0.019809
48 0.644325 0.440205 0.013579 0.016141
48 0.635794 0.417645 0.013231 0.009171
48 0.648503 0.421864 0.012883 0.014674
48 0.635272 0.401321 0.021240 0.013940
48 0.635098 0.390499 0.016017 0.012106
48 0.659471 0.440939 0.013928 0.019809
48 0.674269 0.448092 0.017061 0.015040
48 0.663997 0.429200 0.009053 0.007337
48 0.664519 0.420946 0.011490 0.008437
48 0.651985 0.410675 0.010097 0.007704
48 0.682103 0.411042 0.012535 0.015774
48 0.671483 0.406273 0.009401 0.011372
48 0.682799 0.397102 0.013231 0.011372
48 0.663475 0.395451 0.013579 0.012472
48 0.683322 0.383346 0.014972 0.013206
48 0.646414 0.376559 0.008008 0.007704
48 0.684540 0.373624 0.013928 0.007704
48 0.638231 0.368305 0.016017 0.008804
48 0.637883 0.358951 0.011142 0.008437
48 0.643280 0.351064 0.008008 0.011739
48 0.637013 0.346112 0.008705 0.014307
48 0.643106 0.343727 0.006267 0.006603
48 0.655467 0.362619 0.019150 0.028980
48 0.671831 0.371423 0.012187 0.012839
48 0.666260 0.381511 0.015669 0.011739
48 0.685933 0.359685 0.018106 0.017975
48 0.669742 0.354549 0.012883 0.017975
48 0.603586 0.472120 0.012187 0.008804
48 0.615947 0.472487 0.011142 0.016141
48 0.639102 0.475605 0.021240 0.016508
48 0.653726 0.476339 0.008705 0.016508
48 0.661386 0.481291 0.009401 0.009538
48 0.654074 0.488995 0.009401 0.006603
48 0.671309 0.484960 0.008357 0.007337
48 0.672006 0.475789 0.016017 0.011739
48 0.666435 0.491012 0.009053 0.007704
48 0.621170 0.485143 0.012535 0.006970
48 0.618733 0.493214 0.015320 0.009171
48 0.661908 0.505869 0.017409 0.023478
48 0.636838 0.488261 0.016713 0.007337
48 0.630919 0.495048 0.006964 0.006236
48 0.641887 0.495598 0.010097 0.007337
48 0.632486 0.506236 0.011490 0.014674
48 0.646414 0.508437 0.014972 0.011739
48 0.596623 0.498716 0.021936 0.012106
48 0.595404 0.505869 0.023677 0.008070
48 0.619951 0.501651 0.014972 0.012106
48 0.611595 0.506420 0.009401 0.009171
48 0.610202 0.498716 0.005223 0.005503
48 0.643628 0.520543 0.008008 0.009538
48 0.655118 0.522377 0.017061 0.010271
48 0.630223 0.518525 0.013231 0.008437
48 0.662953 0.538335 0.016017 0.007704
48 0.648677 0.536867 0.013928 0.009905
48 0.618036 0.519809 0.015320 0.015407
48 0.610724 0.526046 0.006964 0.003668
48 0.603760 0.521277 0.012535 0.011739
48 0.584436 0.512289 0.006616 0.009171
48 0.596100 0.513940 0.020195 0.008804
48 0.588614 0.522010 0.019847 0.008804
48 0.617862 0.537051 0.012187 0.016141
48 0.638057 0.535400 0.007312 0.006970
48 0.627611 0.534666 0.011490 0.008437
48 0.581476 0.552458 0.008357 0.007337
48 0.590355 0.553925 0.008008 0.006603
48 0.599234 0.554659 0.007660 0.007337
48 0.607416 0.555759 0.009401 0.008070
48 0.615251 0.548423 0.009053 0.008070
48 0.622563 0.556493 0.009053 0.010271
48 0.630571 0.557043 0.009053 0.008437
48 0.659297 0.558694 0.015669 0.016141
48 0.608809 0.564380 0.020543 0.010638
48 0.581302 0.572267 0.019847 0.019076
48 0.595578 0.570983 0.010794 0.009171
48 0.604457 0.571350 0.008357 0.008437
48 0.615599 0.573551 0.012535 0.009171
48 0.626045 0.574285 0.009749 0.009171
48 0.642932 0.578136 0.007312 0.005136
48 0.655467 0.579787 0.019847 0.007704
48 0.632660 0.582722 0.017409 0.009905
48 0.647632 0.597762 0.014624 0.009171
48 0.646065 0.609685 0.017061 0.011739
48 0.596274 0.580337 0.010794 0.010271
48 0.608461 0.582539 0.013579 0.012472
48 0.583914 0.585106 0.022981 0.010271
48 0.625174 0.597395 0.017758 0.011372
48 0.582347 0.594094 0.024721 0.012839
48 0.577820 0.601431 0.020543 0.009905
48 0.616121 0.603815 0.009401 0.005869
48 0.605153 0.611702 0.011142 0.009905
48 0.620299 0.614087 0.017061 0.011005
48 0.624130 0.607300 0.014276 0.005503
48 0.651114 0.624725 0.013231 0.013940
48 0.586351 0.617388 0.032730 0.008070
48 0.574338 0.622340 0.014972 0.006236
48 0.613162 0.627843 0.012535 0.008437
48 0.577646 0.630044 0.015320 0.013573
48 0.612465 0.636647 0.010446 0.009905
48 0.649373 0.642333 0.010446 0.008070
48 0.632138 0.640499 0.014276 0.011005
48 0.646065 0.634079 0.013579 0.009171
48 0.621344 0.638665 0.009401 0.007337
48 0.576950 0.647285 0.027159 0.011372
48 0.645195 0.654439 0.017409 0.015407
48 0.584610 0.660675 0.010446 0.011739
48 0.596623 0.659941 0.012883 0.011005
48 0.608461 0.663059 0.013579 0.011372
48 0.585132 0.676632 0.012187 0.016508
48 0.596448 0.675165 0.013928 0.019442
48 0.608113 0.676266 0.011490 0.017241
48 0.622040 0.664343 0.011490 0.011739
48 0.631616 0.666911 0.006964 0.011739
48 0.626219 0.678467 0.007312 0.012839
48 0.632486 0.679751 0.007312 0.011739
48 0.641713 0.674615 0.011142 0.010271
48 0.546483 0.390866 0.004526 0.007704
48 0.572075 0.344277 0.006964 0.006236
48 0.544220 0.354182 0.018106 0.012839
48 0.553273 0.435620 0.025766 0.019442
48 0.545439 0.426082 0.008008 0.008437
48 0.531685 0.430851 0.012535 0.007704
48 0.538649 0.425165 0.009053 0.011005
48 0.524547 0.416361 0.015669 0.017608
48 0.518802 0.426999 0.020195 0.016141
48 0.508531 0.421313 0.010794 0.012839
48 0.516365 0.405906 0.010446 0.006970
48 0.511664 0.411042 0.012883 0.011372
48 0.497911 0.421313 0.011838 0.010638
48 0.502611 0.414710 0.007312 0.006236
48 0.481372 0.407557 0.012187 0.010271
48 0.489902 0.412693 0.011838 0.012472
48 0.488684 0.394718 0.012187 0.013206
48 0.499826 0.401687 0.020543 0.017608
48 0.460481 0.449193 0.016365 0.017241
48 0.477194 0.454145 0.010097 0.011005
48 0.467096 0.439105 0.017061 0.013206
48 0.473886 0.432135 0.021588 0.016875
48 0.514450 0.449376 0.019150 0.014674
48 0.528900 0.455613 0.013928 0.013206
48 0.541435 0.461115 0.011838 0.013940
48 0.550139 0.461665 0.006267 0.009171
48 0.549443 0.488628 0.015320 0.013206
48 0.557277 0.481658 0.008008 0.006603
48 0.533774 0.493397 0.013928 0.023478
48 0.501915 0.494497 0.009401 0.013206
48 0.501045 0.508988 0.010446 0.014307
48 0.500000 0.519626 0.013231 0.008437
48 0.517409 0.506787 0.021588 0.013573
48 0.511142 0.517792 0.011838 0.011372
48 0.522284 0.519259 0.012535 0.014307
48 0.533774 0.512656 0.011142 0.017241
48 0.544742 0.513940 0.014972 0.011739
48 0.500174 0.532282 0.011490 0.018342
48 0.516191 0.532832 0.019150 0.015774
48 0.496170 0.545488 0.009749 0.005869
48 0.509227 0.545671 0.008705 0.008437
48 0.517235 0.545488 0.008705 0.011005
48 0.497563 0.553742 0.017409 0.011372
48 0.514276 0.557043 0.013231 0.010638
48 0.530989 0.525495 0.009053 0.006236
48 0.538997 0.521277 0.009749 0.007337
48 0.550139 0.525128 0.015320 0.010638
48 0.546831 0.535400 0.017758 0.012106
48 0.538997 0.547139 0.014624 0.015040
48 0.536038 0.560161 0.024721 0.013206
48 0.502437 0.567682 0.025766 0.015040
48 0.490947 0.577770 0.006267 0.010271
48 0.498259 0.579604 0.011838 0.010271
48 0.511490 0.580888 0.009053 0.011372
48 0.509401 0.592810 0.011838 0.011739
48 0.520717 0.582722 0.007312 0.011372
48 0.530292 0.582539 0.011838 0.010271
48 0.541435 0.583272 0.011838 0.010271
48 0.486943 0.602531 0.010794 0.011372
48 0.499826 0.604549 0.015669 0.012472
48 0.485550 0.626742 0.013579 0.012839
48 0.499652 0.629861 0.013928 0.013206
48 0.498259 0.616471 0.010446 0.012839
48 0.517409 0.610235 0.006964 0.005503
48 0.516017 0.619222 0.007660 0.008070
48 0.513579 0.630411 0.009053 0.009905
48 0.524896 0.631328 0.014276 0.008070
48 0.537430 0.633346 0.012883 0.010638
48 0.485898 0.640866 0.014972 0.013206
48 0.526985 0.646735 0.014972 0.013206
48 0.513405 0.658657 0.016365 0.015040
48 0.493384 0.665811 0.025766 0.011739
48 0.527855 0.671130 0.020891 0.009171
48 0.505919 0.646552 0.008357 0.006236
48 0.507486 0.638848 0.009401 0.008437
48 0.436804 0.491012 0.028203 0.027513
48 0.464485 0.491012 0.029248 0.017241
48 0.461003 0.507337 0.022981 0.019809
48 0.458391 0.519809 0.026811 0.010271
48 0.424965 0.529714 0.020543 0.018342
48 0.420787 0.543103 0.021936 0.010638
48 0.420439 0.553191 0.021936 0.008804
48 0.439241 0.544938 0.010097 0.010638
48 0.452820 0.546222 0.012187 0.008804
48 0.465529 0.549890 0.009749 0.008804
48 0.461699 0.556126 0.011838 0.008070
48 0.451079 0.562179 0.009401 0.010638
48 0.459262 0.563096 0.007660 0.008804
48 0.444290 0.572634 0.009053 0.011005
48 0.468141 0.564013 0.010097 0.009171
48 0.456825 0.573001 0.006267 0.006603
48 0.465877 0.573368 0.006964 0.008070
48 0.415738 0.566214 0.011838 0.009171
48 0.434192 0.561078 0.011142 0.007704
48 0.429840 0.575202 0.014972 0.008070
48 0.455954 0.588408 0.009401 0.008804
48 0.463788 0.591159 0.005571 0.006970
48 0.450209 0.596112 0.008357 0.009538
48 0.458043 0.612986 0.010794 0.009538
48 0.454561 0.624725 0.015669 0.013940
48 0.411734 0.604365 0.015669 0.015774
48 0.408774 0.618672 0.014624 0.014307
48 0.409123 0.631695 0.011838 0.009538
48 0.423572 0.634629 0.012187 0.011739
48 0.413475 0.643250 0.030989 0.014307
48 0.420961 0.654806 0.011838 0.012472
48 0.430188 0.653705 0.008008 0.013940
48 0.437500 0.653522 0.005919 0.015040
48 0.443942 0.657373 0.009053 0.010271
48 0.453517 0.657557 0.011490 0.011372
48 0.368558 0.646919 0.019847 0.009905
48 0.369081 0.638665 0.016713 0.006603
48 0.369255 0.633529 0.018454 0.008070
48 0.342792 0.641233 0.011490 0.013940
48 0.346623 0.631695 0.021936 0.009538
48 0.322946 0.635913 0.010097 0.015774
48 0.331302 0.619773 0.005919 0.005503
48 0.348189 0.624358 0.016017 0.007337
48 0.366818 0.625825 0.026114 0.011739
48 0.368210 0.599230 0.017758 0.014307
48 0.308844 0.637014 0.016713 0.014307
48 0.283774 0.634996 0.013928 0.009538
48 0.295091 0.625092 0.012187 0.011739
48 0.304143 0.616654 0.012187 0.009538
48 0.306058 0.605649 0.011142 0.008804
48 0.334262 0.603081 0.013231 0.008070
48 0.310585 0.600147 0.018802 0.009538
48 0.299965 0.586574 0.011490 0.012472
48 0.304318 0.578320 0.015320 0.012106
48 0.322075 0.578503 0.009749 0.011005
48 0.334610 0.582539 0.011838 0.008070
48 0.342967 0.576669 0.006964 0.019809
48 0.331825 0.587674 0.008357 0.005869
48 0.350627 0.577403 0.013231 0.021277
48 0.367688 0.581071 0.025766 0.020543
48 0.321379 0.558511 0.012535 0.009905
48 0.343837 0.562362 0.011490 0.008804
48 0.343663 0.552091 0.011838 0.011005
48 0.359157 0.564747 0.013579 0.011372
48 0.386838 0.546405 0.009749 0.012839
48 0.381964 0.557960 0.016713 0.010271
48 0.377786 0.546405 0.008357 0.009905
48 0.367514 0.548789 0.015669 0.014674
48 0.346797 0.541820 0.010446 0.011005
48 0.360376 0.534116 0.013231 0.012472
48 0.315286 0.546405 0.008008 0.006970
48 0.320508 0.535583 0.012883 0.008070
48 0.329213 0.540169 0.009401 0.009905
48 0.336699 0.544571 0.011142 0.010638
48 0.329039 0.516508 0.013928 0.012472
48 0.321901 0.524395 0.008008 0.009171
48 0.351149 0.522010 0.010794 0.014674
48 0.389450 0.524028 0.008705 0.010638
48 0.374478 0.505869 0.007312 0.009538
48 0.382312 0.507337 0.007660 0.008804
48 0.380397 0.499633 0.008008 0.007337
48 0.367166 0.492847 0.016365 0.015040
48 0.390843 0.498533 0.008705 0.013940
48 0.341400 0.485877 0.013579 0.013573
48 0.375696 0.480374 0.008357 0.006236
48 0.376741 0.473588 0.010446 0.006603
48 0.387187 0.470470 0.009749 0.007704
48 0.395717 0.470286 0.005223 0.006603
48 0.392061 0.480741 0.006964 0.007704
48 0.351149 0.450477 0.013579 0.022744
48 0.361595 0.449560 0.008705 0.010638
48 0.369777 0.443324 0.017409 0.017241
48 0.357242 0.430668 0.005571 0.007337
48 0.375696 0.431768 0.013231 0.008804
48 0.383879 0.443874 0.010794 0.011739
48 0.399896 0.444607 0.010097 0.008804
48 0.397632 0.434886 0.012535 0.015774
48 0.411212 0.445525 0.010446 0.013573
48 0.415216 0.436170 0.012187 0.011739
48 0.433670 0.447175 0.021240 0.016875
48 0.421831 0.428833 0.014972 0.011739
48 0.451428 0.425165 0.017061 0.017608
48 0.439763 0.415260 0.017409 0.013940
48 0.424617 0.413977 0.016365 0.015774
48 0.411734 0.413426 0.012187 0.013206
48 0.373955 0.415627 0.025766 0.011005
48 0.392409 0.415260 0.009749 0.012472
48 0.378134 0.400587 0.015320 0.014674
48 0.388405 0.403705 0.010097 0.012839
48 0.403203 0.402421 0.011142 0.011005
48 0.401811 0.416544 0.008357 0.007704
48 0.474234 0.382612 0.009749 0.008070
48 0.395891 0.345011 0.022284 0.015040
48 0.415738 0.351981 0.024373 0.014307
48 0.434540 0.359318 0.020891 0.014307
48 0.456999 0.343360 0.013579 0.011739
48 0.465877 0.350330 0.011838 0.011739
48 0.461525 0.357850 0.010794 0.009171
48 0.471274 0.359868 0.012883 0.016141
48 0.478586 0.361335 0.005919 0.011005
48 0.482068 0.363720 0.010794 0.015040
48 0.489032 0.367388 0.010794 0.015040
48 0.446031 0.347395 0.011142 0.011739
48 0.453169 0.351797 0.008705 0.008804
48 0.479631 0.349780 0.015669 0.011372
48 0.494777 0.358767 0.007660 0.007337
48 0.484854 0.340059 0.014972 0.012472
48 0.497911 0.345561 0.018802 0.016875
48 0.463266 0.331805 0.012187 0.015040
48 0.482591 0.314930 0.016017 0.013573
48 0.490425 0.324101 0.011490 0.020910
48 0.497040 0.332355 0.018454 0.014674
48 0.510794 0.329604 0.011142 0.009171
48 0.513405 0.320800 0.014972 0.010638
48 0.495822 0.309611 0.011838 0.009538
48 0.485898 0.303008 0.011490 0.011739
48 0.509227 0.309978 0.014972 0.013206
48 0.520369 0.312546 0.010794 0.009538
48 0.500000 0.321167 0.013231 0.010638
48 0.494603 0.284483 0.012187 0.009171
48 0.490251 0.292920 0.015320 0.013573
48 0.506790 0.291269 0.016365 0.016141
48 0.515146 0.297872 0.010097 0.009538
48 0.528377 0.298606 0.014972 0.016141
48 0.492514 0.270176 0.010794 0.017975
48 0.476323 0.249450 0.013928 0.013940
48 0.486072 0.246515 0.006964 0.012472
48 0.492688 0.254769 0.011142 0.011372
48 0.505571 0.262106 0.016017 0.018709
48 0.526288 0.272744 0.010097 0.009905
48 0.528726 0.280264 0.008008 0.010271
48 0.537779 0.280998 0.010794 0.008804
48 0.501567 0.226156 0.019847 0.021643
48 0.508879 0.252935 0.015669 0.010638
48 0.527159 0.261372 0.009053 0.009905
48 0.551706 0.256786 0.016365 0.015407
48 0.523677 0.227623 0.009749 0.009171
48 0.631616 0.229640 0.018802 0.008070
48 0.634227 0.222671 0.015669 0.008070
48 0.626219 0.196809 0.012883 0.011372
48 0.627263 0.208180 0.016365 0.011372
48 0.638928 0.210932 0.008357 0.006603
48 0.639450 0.200844 0.011490 0.014307
48 0.577820 0.222671 0.011490 0.010271
48 0.585132 0.213133 0.014276 0.013206
48 0.599408 0.230741 0.013579 0.011005
48 0.585132 0.197909 0.010794 0.017975
48 0.601671 0.196992 0.022284 0.031548
48 0.568419 0.207447 0.017758 0.024578
48 0.554492 0.199927 0.025418 0.027146
48 0.535167 0.187087 0.011838 0.008804
48 0.533948 0.199743 0.017061 0.017241
48 0.550313 0.179934 0.011490 0.012839
48 0.519847 0.188555 0.018106 0.022010
48 0.526811 0.171313 0.016017 0.014674
48 0.516539 0.156456 0.012883 0.017975
48 0.462744 0.155723 0.016713 0.015040
48 0.607765 0.162876 0.010097 0.008070
48 0.610202 0.139949 0.017758 0.007704
48 0.611769 0.151137 0.016017 0.016875
48 0.598189 0.147102 0.011838 0.011005
48 0.595926 0.161959 0.014972 0.017975
48 0.585655 0.150770 0.013928 0.022010
48 0.565634 0.142883 0.029596 0.027513
48 0.617862 0.126009 0.013579 0.015774
48 0.620474 0.113169 0.011838 0.009905
48 0.610550 0.112252 0.008008 0.008070
48 0.603064 0.110235 0.011142 0.009905
48 0.591922 0.107850 0.012535 0.011739
48 0.579387 0.105833 0.016713 0.014307
48 0.583043 0.094094 0.015669 0.015040
48 0.608287 0.100147 0.020891 0.011005
48 0.620822 0.099596 0.011838 0.014307
48 0.597145 0.085473 0.009749 0.009538
48 0.603760 0.090609 0.007660 0.007337
48 0.623259 0.088775 0.009053 0.007337
48 0.607416 0.084923 0.010097 0.009171
48 0.615425 0.087124 0.008705 0.011372
48 0.616992 0.076669 0.021588 0.011739
48 0.624304 0.066398 0.010446 0.009538
48 0.612987 0.068415 0.012187 0.007704
48 0.625000 0.053558 0.012535 0.012472
48 0.606198 0.064197 0.012535 0.010271
48 0.592792 0.058511 0.013579 0.010638
48 0.610898 0.058694 0.008008 0.005136
48 0.614902 0.052274 0.009053 0.008437
48 0.603412 0.049707 0.024373 0.015774
48 0.587570 0.049890 0.009401 0.008804
48 0.581302 0.041820 0.010794 0.010271
48 0.587918 0.034666 0.014276 0.013573
48 0.602890 0.038885 0.016365 0.008070
48 0.625000 0.015957 0.006964 0.009171
48 0.625522 0.023478 0.008705 0.005136
48 0.634401 0.022377 0.011838 0.011739
48 0.625522 0.034483 0.012883 0.011005
48 0.600104 0.017241 0.020543 0.016141
48 0.569812 0.004769 0.010794 0.009538
48 0.579909 0.008804 0.011490 0.013940
48 0.535341 0.006787 0.011490 0.009905
48 0.525592 0.004402 0.011490 0.008804
48 0.526985 0.013940 0.021240 0.013940
48 0.543001 0.016324 0.015669 0.017975
48 0.553273 0.022377 0.010446 0.015407
48 0.566678 0.025312 0.016365 0.016875
48 0.523329 0.030631 0.013231 0.009905
48 0.536386 0.033382 0.014276 0.013940
48 0.551880 0.040902 0.014624 0.015774
48 0.515146 0.040169 0.019150 0.014307
48 0.554840 0.053191 0.011490 0.009538
48 0.505919 0.055026 0.015320 0.016141
48 0.516365 0.060528 0.009053 0.012472
48 0.519499 0.051541 0.013231 0.009905
48 0.529770 0.056676 0.010097 0.008437
48 0.530815 0.048056 0.016365 0.011739
48 0.539345 0.073184 0.015320 0.010638
48 0.562152 0.068415 0.014276 0.013573
48 0.537430 0.083089 0.010097 0.009171
48 0.534123 0.090059 0.009749 0.009171
48 0.526114 0.096662 0.014624 0.014307
48 0.493036 0.105282 0.037604 0.036684
48 0.501915 0.082539 0.036560 0.024945
48 0.506442 0.069883 0.030292 0.013573
48 0.528900 0.117755 0.014624 0.016141
48 0.540042 0.131145 0.006964 0.014307
48 0.425836 0.028247 0.043175 0.031548
48 0.406163 0.067131 0.020543 0.016875
48 0.462047 0.045304 0.011142 0.014307
48 0.449687 0.061079 0.017061 0.012839
48 0.463440 0.070800 0.020195 0.016141
48 0.476671 0.068966 0.011838 0.011739
48 0.457521 0.092810 0.020195 0.018342
48 0.457173 0.079054 0.016017 0.011372
48 0.481546 0.050624 0.013231 0.008804
48 0.437500 0.079237 0.015669 0.013940
48 0.400244 0.101981 0.020543 0.016875
48 0.420439 0.123808 0.013579 0.017241
48 0.411560 0.137748 0.015320 0.012839
48 0.426184 0.142700 0.015320 0.012472
48 0.441852 0.148936 0.016713 0.012472
48 0.403900 0.154806 0.016713 0.013940
48 0.415042 0.161225 0.009053 0.009171
48 0.421135 0.165077 0.005919 0.010271
48 0.430884 0.169663 0.017061 0.013573
48 0.424269 0.181034 0.014276 0.011372
48 0.418524 0.209281 0.016017 0.011372
48 0.394325 0.234226 0.026114 0.022377
48 0.336873 0.287784 0.014972 0.014307
48 0.263057 0.274945 0.041435 0.073734
48 0.351497 0.326119 0.036560 0.031548
48 0.327994 0.339325 0.037604 0.020543
48 0.370474 0.313280 0.025766 0.015407
48 0.332347 0.437087 0.017061 0.013573
48 0.329561 0.446075 0.012187 0.010271
48 0.328865 0.457814 0.010097 0.011005
48 0.339485 0.416911 0.022284 0.015774
48 0.329387 0.404255 0.009749 0.008070
48 0.322772 0.392516 0.014624 0.011739
48 0.352890 0.391599 0.010794 0.010638
48 0.337396 0.367205 0.017409 0.016875
48 0.387535 0.391416 0.018802 0.013206
48 0.348364 0.378577 0.014972 0.013206
48 0.334088 0.379494 0.007312 0.006970
48 0.309018 0.363720 0.024721 0.028247
48 0.297876 0.378210 0.008705 0.010271
48 0.336873 0.391233 0.013579 0.010638
48 0.283426 0.446442 0.011838 0.008804
48 0.268802 0.439105 0.018802 0.011005
48 0.263753 0.446075 0.014972 0.009538
48 0.263057 0.471020 0.017061 0.012472
48 0.245822 0.471203 0.012535 0.011372
48 0.237987 0.483492 0.012187 0.013940
48 0.228586 0.470286 0.017061 0.014674
48 0.196205 0.495781 0.010794 0.013573
48 0.215181 0.507520 0.019499 0.015040
48 0.197946 0.474505 0.008008 0.007704
48 0.200035 0.464784 0.012883 0.008804
48 0.201950 0.458180 0.010446 0.007337
48 0.176880 0.496332 0.014624 0.013940
48 0.153029 0.485510 0.017061 0.012839
48 0.168350 0.477256 0.017061 0.016875
48 0.180362 0.447909 0.018802 0.015407
48 0.186978 0.410125 0.021588 0.022744
48 0.274721 0.387197 0.011142 0.012839
48 0.213614 0.363169 0.010097 0.012472
48 0.223538 0.372157 0.013231 0.014307
48 0.230501 0.359318 0.013928 0.016508
48 0.236072 0.375642 0.011838 0.019076
48 0.247737 0.371240 0.012883 0.016141
48 0.245299 0.385180 0.014276 0.014674
48 0.259575 0.376926 0.011490 0.011372
48 0.250000 0.395818 0.009749 0.010271
48 0.267932 0.396919 0.013579 0.011739
48 0.266887 0.383896 0.010097 0.012839
48 0.214485 0.393434 0.011142 0.014307
48 0.224060 0.394351 0.010097 0.012472
48 0.234506 0.398019 0.012187 0.016875
48 0.252611 0.411775 0.018454 0.017975
48 0.238336 0.436720 0.031685 0.021643
48 0.206650 0.419112 0.019847 0.015774
48 0.221100 0.428283 0.013231 0.017241
48 0.218663 0.410858 0.034819 0.024211
48 0.163649 0.397469 0.022981 0.017975
48 0.149025 0.388298 0.013928 0.013573
48 0.139276 0.382795 0.010446 0.012839
48 0.155292 0.372340 0.026462 0.023478
48 0.137535 0.360602 0.015320 0.012472
48 0.130049 0.375275 0.018454 0.015407
48 0.114728 0.370139 0.016365 0.012472
48 0.098712 0.354365 0.014276 0.016875
48 0.108809 0.352715 0.006616 0.011372
48 0.106024 0.362436 0.008008 0.008804
48 0.114554 0.358584 0.009053 0.008437
48 0.118036 0.351247 0.006267 0.005503
48 0.124304 0.355466 0.009053 0.006603
48 0.121518 0.362069 0.008357 0.007337
48 0.130745 0.332172 0.011490 0.009905
48 0.111421 0.333272 0.011838 0.009171
48 0.119429 0.336023 0.011838 0.011739
48 0.123955 0.323368 0.014624 0.009905
48 0.124478 0.313280 0.012187 0.011005
48 0.129178 0.307227 0.006964 0.004769
48 0.126915 0.300990 0.007312 0.006236
48 0.132834 0.295488 0.013579 0.009905
48 0.139798 0.286684 0.014276 0.012839
48 0.140843 0.304475 0.010794 0.011739
48 0.144673 0.298056 0.008705 0.006970
48 0.154422 0.302825 0.010794 0.006970
48 0.119429 0.274945 0.018802 0.017241
48 0.083565 0.289252 0.013231 0.012839
48 0.095926 0.284850 0.017061 0.016508
48 0.100453 0.308694 0.016365 0.014307
48 0.104457 0.298789 0.013928 0.009171
48 0.067549 0.338591 0.013231 0.016141
48 0.079387 0.342443 0.022981 0.019442
48 0.021240 0.298789 0.025070 0.015040
48 0.014102 0.238811 0.005223 0.008070
48 0.016191 0.245231 0.009401 0.008437
48 0.019150 0.251651 0.009749 0.008804
48 0.046483 0.254769 0.019150 0.017241
48 0.053795 0.235693 0.019150 0.017975
48 0.020717 0.223404 0.018454 0.012472
48 0.042305 0.227073 0.013579 0.011005
48 0.042131 0.217718 0.016017 0.012106
48 0.019673 0.207814 0.019150 0.010638
48 0.020195 0.198826 0.016713 0.008070
48 0.019847 0.190939 0.016017 0.009171
48 0.017932 0.183236 0.017758 0.006970
48 0.018106 0.175715 0.011142 0.008804
48 0.017584 0.163977 0.010097 0.010271
48 0.084958 0.213500 0.016017 0.012472
48 0.044568 0.196992 0.020891 0.019076
48 0.056058 0.212032 0.015320 0.013206
48 0.066156 0.199560 0.016017 0.015407
48 0.091052 0.198276 0.014276 0.009905
48 0.091226 0.188921 0.016017 0.011005
48 0.096274 0.181401 0.009401 0.009171
48 0.068767 0.179567 0.024721 0.019442
48 0.049269 0.174431 0.019847 0.021643
48 0.045439 0.269259 0.014276 0.013206
48 0.061281 0.276963 0.011142 0.010271
48 0.069116 0.280448 0.008008 0.009171
48 0.075905 0.284116 0.006964 0.009905
48 0.060237 0.297139 0.022284 0.015407
48 0.059889 0.309795 0.012535 0.010638
48 0.055362 0.317131 0.010446 0.009171
48 0.041086 0.322267 0.019499 0.015774
48 0.054666 0.329054 0.013231 0.015407
48 0.079909 0.316398 0.012883 0.017975
48 0.090355 0.315481 0.010097 0.010271
48 0.091748 0.325935 0.013579 0.012839
48 0.075383 0.328870 0.014972 0.009905
48 0.012361 0.337491 0.017061 0.016141
48 0.013579 0.358584 0.012535 0.011372
48 0.042827 0.348313 0.029944 0.028247
48 0.071205 0.365187 0.035167 0.023844
48 0.095926 0.378026 0.024025 0.020910
48 0.131964 0.399303 0.029944 0.020910
48 0.113858 0.387564 0.011838 0.014307
48 0.174617 0.424982 0.012883 0.014307
48 0.162082 0.423331 0.010097 0.012472
48 0.185759 0.433419 0.014276 0.014307
48 0.156337 0.434153 0.017409 0.014307
48 0.165912 0.437087 0.009401 0.015774
48 0.253830 0.341343 0.009749 0.012839
48 0.261838 0.328870 0.013928 0.012839
48 0.254701 0.359501 0.011490 0.008804
48 0.258531 0.350697 0.012883 0.011739
48 0.265146 0.359501 0.010097 0.011739
48 0.269847 0.351431 0.013928 0.008070
48 0.279770 0.370506 0.021936 0.012472
48 0.275070 0.341526 0.018106 0.015407
48 0.291783 0.349963 0.014624 0.022010
48 0.295961 0.402421 0.036212 0.038885
48 0.353238 0.299340 0.013579 0.013940
48 0.360202 0.237161 0.019150 0.017241
48 0.345752 0.230558 0.016713 0.016508
48 0.331825 0.225238 0.015320 0.016141
48 0.327298 0.240829 0.014624 0.013573
48 0.347145 0.255136 0.015320 0.011372
48 0.313370 0.272561 0.017409 0.017608
48 0.326428 0.277513 0.015669 0.019442
48 0.330780 0.262839 0.021588 0.016508
48 0.321901 0.252201 0.017061 0.008437
48 0.380223 0.244497 0.012535 0.008437
48 0.369255 0.246515 0.011490 0.018342
48 0.277855 0.212583 0.016713 0.020176
48 0.286734 0.224505 0.010794 0.012472
48 0.298747 0.215150 0.014624 0.013573
48 0.303447 0.222304 0.014276 0.010271
48 0.291609 0.229640 0.013579 0.011005
48 0.307451 0.230558 0.013928 0.010638
48 0.294394 0.238995 0.012187 0.011372
48 0.303621 0.241746 0.011838 0.010271
48 0.299269 0.249266 0.008705 0.009171
48 0.310237 0.192957 0.018106 0.017608
48 0.295091 0.172230 0.027507 0.028980
48 0.335132 0.163610 0.025418 0.027146
48 0.311107 0.133162 0.017061 0.018342
48 0.332521 0.135547 0.018106 0.017975
48 0.260794 0.164343 0.015320 0.013940
48 0.261316 0.190022 0.019847 0.024211
48 0.248607 0.176266 0.015320 0.013573
48 0.241992 0.168379 0.016713 0.014674
48 0.238336 0.161225 0.013579 0.012839
48 0.247737 0.147652 0.021240 0.017975
48 0.240251 0.138481 0.017409 0.013573
48 0.230153 0.128577 0.018802 0.018709
48 0.211351 0.125275 0.019499 0.019442
48 0.194290 0.103815 0.029944 0.032282
48 0.196553 0.079971 0.021240 0.016141
48 0.161386 0.063463 0.021240 0.017608
48 0.258357 0.061079 0.020195 0.018709
48 0.310237 0.104732 0.023677 0.027513
48 0.336873 0.080154 0.030989 0.035583
48 0.218141 0.074285 0.017061 0.018709
48 0.230501 0.061079 0.022981 0.025312
48 0.240599 0.103081 0.012535 0.013940
48 0.235550 0.094461 0.014972 0.011372
48 0.230501 0.089142 0.011838 0.011005
48 0.237639 0.080521 0.012187 0.010638
48 0.246866 0.083822 0.011838 0.010638
48 0.250522 0.093360 0.014972 0.015774
48 0.258182 0.129310 0.013579 0.012839
48 0.251915 0.122157 0.013579 0.011739
48 0.259923 0.105833 0.010794 0.012839
48 0.264972 0.111702 0.012535 0.011372
48 0.269499 0.119406 0.011838 0.012106
48 0.286908 0.098313 0.017409 0.015407
48 0.280118 0.087858 0.015669 0.014307
48 0.275766 0.076669 0.029944 0.021277
48 0.310237 0.070983 0.018106 0.023111
48 0.302054 0.059611 0.012883 0.011372
48 0.287256 0.032098 0.025766 0.020176
48 0.318419 0.051174 0.033774 0.027513
48 0.353760 0.042370 0.016017 0.017241
48 0.362987 0.031731 0.012187 0.012839
48 0.372737 0.036317 0.013579 0.016875
48 0.384227 0.044204 0.014276 0.016508
48 0.421831 0.083639 0.010097 0.013206
48 0.361247 0.106933 0.013579 0.017975
48 0.301358 0.011922 0.012883 0.015774
48 0.335306 0.027880 0.007660 0.008804
48 0.234680 0.014674 0.030641 0.023478
48 0.175487 0.018158 0.013928 0.012106
48 0.185759 0.021643 0.015669 0.019076
48 0.188022 0.008254 0.011838 0.009171
48 0.170439 0.011555 0.012187 0.009905
48 0.181233 0.004402 0.011490 0.008804
48 0.141539 0.042186 0.012187 0.011005
48 0.229805 0.214417 0.027159 0.043654
48 0.182103 0.287784 0.033426 0.031915
48 0.213788 0.235510 0.024373 0.032282
48 0.197772 0.261555 0.034123 0.030081
48 0.165042 0.279164 0.027159 0.024945
48 0.176358 0.256786 0.026114 0.024945
48 0.194464 0.230374 0.027507 0.027146
48 0.214833 0.200110 0.031337 0.037784
48 0.150940 0.263390 0.030989 0.033015
48 0.167653 0.234776 0.025418 0.025679
9 0.285689 0.719552 0.005223 0.006970
9 0.301532 0.730007 0.004178 0.005136
9 0.285167 0.728723 0.004178 0.009905
9 0.283600 0.740279 0.004526 0.008070
9 0.300662 0.736610 0.003134 0.005136
9 0.282208 0.767425 0.011490 0.005136
9 0.321031 0.776596 0.010446 0.004402
9 0.305188 0.784483 0.006616 0.003302
9 0.309889 0.788518 0.004178 0.006970
9 0.313022 0.789252 0.003482 0.006970
9 0.316156 0.789435 0.002786 0.007337
9 0.328343 0.790902 0.003482 0.006603
9 0.322249 0.791086 0.003830 0.006236
5 0.318767 0.790536 0.002437 0.005869
5 0.261490 0.843544 0.005571 0.002568
13 0.297354 0.847762 0.009053 0.002935
9 0.296135 0.850880 0.011490 0.003302
9 0.299269 0.884996 0.005919 0.013573
9 0.289519 0.896552 0.005223 0.009538
9 0.297180 0.896735 0.004526 0.012106
9 0.308322 0.902605 0.005223 0.010638
9 0.293175 0.913793 0.003482 0.006603
9 0.424965 0.873624 0.004526 0.010638
9 0.428447 0.845378 0.004526 0.010638
10 0.433148 0.812913 0.004875 0.007337
10 0.435063 0.804659 0.004526 0.007704
10 0.435759 0.797139 0.004526 0.007337
4 0.495996 0.706346 0.005919 0.002568
48 0.186281 0.208731 0.027159 0.030814
48 0.203865 0.180301 0.026114 0.027513
48 0.134575 0.251101 0.025418 0.037051
48 0.154944 0.220286 0.025766 0.036317
48 0.174269 0.190389 0.026114 0.032282
48 0.191504 0.163610 0.028552 0.032282
48 0.079909 0.225055 0.019847 0.017241
48 0.379004 0.115371 0.021240 0.021643
48 0.215703 0.297872 0.017061 0.012472
48 0.007660 0.366654 0.015320 0.015040
48 0.022806 0.376742 0.021936 0.019076
4 0.501393 0.703412 0.006267 0.003302
5 0.259227 0.672230 0.006616 0.002568
5 0.243036 0.661592 0.005571 0.002568
5 0.248433 0.667645 0.005919 0.002935
5 0.232765 0.665444 0.004526 0.002935
5 0.254875 0.639032 0.005571 0.002201
5 0.201776 0.661409 0.006616 0.002935
4 0.171309 0.656823 0.006964 0.003302
5 0.134401 0.641966 0.004875 0.003668
5 0.097841 0.646185 0.003482 0.002568
5 0.092967 0.639398 0.006267 0.002935
5 0.163649 0.650403 0.006267 0.002935
5 0.111247 0.620139 0.005223 0.002568
5 0.274199 0.622157 0.003134 0.003668
5 0.241469 0.614820 0.005919 0.002935
5 0.245299 0.601064 0.005223 0.002568
5 0.219708 0.602164 0.002089 0.003302
5 0.210306 0.583089 0.003482 0.004769
5 0.206825 0.583456 0.003482 0.005503
5 0.232416 0.563280 0.002437 0.005503
6 0.262535 0.559428 0.013231 0.005136
5 0.284993 0.546222 0.004526 0.002201
5 0.261316 0.499450 0.005223 0.002568
5 0.275940 0.494681 0.005919 0.004035
5 0.281337 0.492113 0.004178 0.002568
5 0.211351 0.519076 0.005571 0.003668
5 0.192549 0.511189 0.005571 0.004035
10 0.197597 0.528430 0.009401 0.004035
5 0.327646 0.494131 0.005571 0.006603
5 0.474408 0.567315 0.002437 0.004769
5 0.474582 0.561812 0.002786 0.006236
5 0.477542 0.546772 0.003134 0.005503
5 0.477716 0.540169 0.002786 0.004769
48 0.008357 0.401137 0.016713 0.017241
48 0.011664 0.388114 0.019847 0.013206
48 0.036386 0.362803 0.034471 0.022744
48 0.061107 0.378393 0.017758 0.017241
48 0.076253 0.385547 0.018106 0.019809
48 0.090703 0.396552 0.017061 0.019076
48 0.109506 0.405906 0.026114 0.018709
48 0.023329 0.460198 0.044568 0.026779
48 0.055884 0.389215 0.025418 0.019076
48 0.044046 0.403888 0.017758 0.015407
48 0.060237 0.412326 0.034123 0.023478
48 0.085132 0.413793 0.015669 0.018342
48 0.112117 0.423881 0.031337 0.022377
48 0.029944 0.430117 0.016017 0.013573
48 0.034297 0.419846 0.014972 0.012839
48 0.048224 0.431401 0.026114 0.023478
48 0.078169 0.427916 0.016365 0.013573
48 0.061107 0.444057 0.014276 0.015040
48 0.072597 0.448092 0.015669 0.016508
48 0.091226 0.459098 0.016017 0.012106
48 0.098015 0.439472 0.023329 0.014674
48 0.053273 0.488995 0.026462 0.024211
48 0.054143 0.523661 0.042131 0.025312
48 0.068419 0.546955 0.017758 0.016875
48 0.061978 0.589875 0.023677 0.035950
48 0.135446 0.465517 0.015320 0.013206
48 0.131616 0.448459 0.009053 0.011372
48 0.141191 0.476339 0.019847 0.016508
48 0.154248 0.466801 0.021588 0.017241
48 0.159993 0.451577 0.014276 0.013206
48 0.139102 0.439288 0.013579 0.013573
48 0.151985 0.444424 0.013579 0.012106
5 0.478238 0.534850 0.003134 0.005136
5 0.551880 0.705246 0.003482 0.001834
9 0.221448 0.718452 0.011142 0.006970
9 0.220230 0.723404 0.012187 0.005136
9 0.216400 0.742113 0.007312 0.003668
9 0.182451 0.706163 0.006964 0.014674
13 0.111421 0.748533 0.009053 0.017241
9 0.133705 0.704879 0.006267 0.011372
13 0.200557 0.689105 0.009053 0.006236
13 0.075731 0.780081 0.003830 0.012106
13 0.079387 0.778797 0.004875 0.013940
9 0.072946 0.706163 0.007312 0.004402
5 0.032208 0.846478 0.004526 0.001834
5 0.031859 0.844461 0.005223 0.002201
5 0.054318 0.849230 0.004875 0.002935
5 0.053273 0.857667 0.004875 0.002201
9 0.053621 0.854916 0.006964 0.004035
9 0.073816 0.869222 0.011142 0.003302
9 0.074338 0.864637 0.010097 0.003668
9 0.076950 0.856566 0.011142 0.011005
9 0.078517 0.852898 0.012883 0.011739
9 0.072597 0.841893 0.022632 0.021277
9 0.074164 0.837124 0.020195 0.019076
9 0.076428 0.833639 0.021240 0.020176
9 0.076776 0.829420 0.019847 0.019809
9 0.057277 0.839692 0.008705 0.006603
13 0.081650 0.811812 0.005223 0.013206
13 0.085306 0.812546 0.004178 0.013206
13 0.088614 0.812729 0.003830 0.012839
9 0.236072 0.890866 0.007660 0.004035
5 0.075557 0.633529 0.004875 0.002935
5 0.065286 0.640866 0.005223 0.002935
48 0.173398 0.467902 0.014624 0.009171
48 0.212570 0.477439 0.017061 0.009905
48 0.095752 0.608584 0.027855 0.012472
48 0.104631 0.596112 0.014276 0.012472
48 0.090181 0.592810 0.016017 0.013206
48 0.116469 0.593911 0.012187 0.013206
48 0.117862 0.608217 0.012187 0.016141
48 0.130571 0.610235 0.016713 0.017975
48 0.125348 0.595194 0.006964 0.010638
48 0.136316 0.598313 0.015669 0.011739
48 0.127263 0.585290 0.012883 0.012839
48 0.138928 0.586757 0.011838 0.013573
48 0.129004 0.572634 0.010794 0.011005
48 0.139450 0.573918 0.009401 0.012106
48 0.091574 0.559611 0.013928 0.011372
48 0.093837 0.575385 0.021936 0.011372
48 0.109331 0.568048 0.016017 0.010638
48 0.108287 0.576853 0.011838 0.011372
48 0.141887 0.564930 0.009401 0.006603
48 0.131616 0.561996 0.013928 0.011005
48 0.143628 0.547872 0.013579 0.010638
48 0.111769 0.558511 0.013231 0.009171
48 0.135620 0.534666 0.014972 0.014307
48 0.148503 0.518892 0.015669 0.016508
48 0.099234 0.512473 0.013928 0.008070
48 0.096623 0.520910 0.012187 0.009538
48 0.095752 0.529347 0.012535 0.009538
48 0.094011 0.541086 0.013928 0.013206
48 0.097319 0.550257 0.015669 0.007337
48 0.102194 0.495048 0.008705 0.009171
48 0.109506 0.502751 0.013579 0.014307
48 0.109854 0.512473 0.008008 0.008804
48 0.107416 0.522744 0.010097 0.011005
48 0.105850 0.533382 0.007660 0.008070
48 0.102890 0.541636 0.004526 0.008437
48 0.109854 0.550073 0.008705 0.008437
48 0.111072 0.541820 0.011142 0.007337
48 0.112813 0.534850 0.010446 0.007337
48 0.120125 0.537051 0.006964 0.007337
48 0.122737 0.547139 0.010794 0.006970
48 0.115773 0.525862 0.008705 0.009905
48 0.117514 0.515591 0.010097 0.009905
48 0.127786 0.516691 0.011142 0.013573
48 0.128482 0.526046 0.008357 0.006603
48 0.125174 0.534299 0.012187 0.014307
48 0.176706 0.528430 0.018454 0.013573
48 0.178969 0.541453 0.012535 0.010271
48 0.178621 0.552458 0.009749 0.009538
48 0.172876 0.566764 0.016365 0.013940
48 0.169394 0.578870 0.017061 0.014674
48 0.187326 0.580154 0.016017 0.011372
48 0.193071 0.568599 0.012187 0.011739
48 0.194638 0.536317 0.012535 0.011739
48 0.194290 0.546222 0.012535 0.008804
48 0.189763 0.556493 0.014624 0.012472
48 0.202820 0.555393 0.009401 0.008070
48 0.204213 0.540169 0.008705 0.013573
48 0.207521 0.548056 0.013928 0.009538
48 0.221797 0.546588 0.016713 0.013940
48 0.220752 0.559611 0.015320 0.012106
48 0.207347 0.571900 0.010794 0.008804
48 0.220404 0.574101 0.011838 0.011005
48 0.218315 0.584373 0.013928 0.013940
48 0.169916 0.590792 0.015320 0.013573
48 0.184714 0.592076 0.017061 0.014674
48 0.198468 0.586023 0.009053 0.006970
48 0.212221 0.597762 0.019847 0.011372
48 0.165390 0.602898 0.011838 0.009905
48 0.176358 0.608034 0.011490 0.010638
48 0.166260 0.611152 0.007312 0.005869
48 0.169568 0.619222 0.025070 0.011739
48 0.206999 0.617021 0.012883 0.008804
48 0.186107 0.606200 0.007312 0.012839
48 0.236595 0.623808 0.008705 0.017975
48 0.244429 0.626926 0.012535 0.015407
48 0.259053 0.627476 0.019499 0.018709
48 0.243733 0.608951 0.005571 0.005136
48 0.250696 0.610418 0.009749 0.007337
48 0.263231 0.613169 0.016017 0.012106
48 0.265843 0.599780 0.017758 0.010271
48 0.247911 0.586207 0.016713 0.013206
48 0.250348 0.577403 0.014624 0.009538
48 0.270891 0.588591 0.014624 0.009905
48 0.262361 0.577586 0.010794 0.008437
48 0.272458 0.580521 0.012883 0.008437
48 0.283774 0.583822 0.011142 0.013573
48 0.252960 0.568232 0.014276 0.010271
48 0.267061 0.569883 0.015320 0.009171
48 0.281685 0.572450 0.017409 0.012839
48 0.291086 0.553558 0.011838 0.009538
48 0.277159 0.552091 0.015320 0.010271
48 0.274547 0.542370 0.012187 0.011372
48 0.264102 0.548239 0.010097 0.009905
48 0.256616 0.539802 0.020891 0.012106
48 0.254526 0.551541 0.010446 0.010638
48 0.261490 0.528247 0.018802 0.014674
5 0.068942 0.635913 0.004875 0.001834
5 0.063022 0.635547 0.004875 0.001834
5 0.050139 0.638481 0.004178 0.002568
6 0.028552 0.639765 0.012535 0.004402
6 0.025418 0.635913 0.008357 0.003302
5 0.012883 0.625092 0.006267 0.004402
5 0.131616 0.552091 0.004875 0.002201
5 0.137187 0.552825 0.004875 0.002201
5 0.167653 0.550807 0.002437 0.005503
5 0.119777 0.467902 0.004178 0.005503
5 0.018280 0.438738 0.004526 0.003668
5 0.237465 0.408657 0.004178 0.003668
10 0.220404 0.349780 0.009053 0.012106
5 0.143106 0.315847 0.004875 0.002935
5 0.109854 0.323001 0.004526 0.004769
5 0.357416 0.283566 0.005919 0.005136
5 0.225627 0.300990 0.004178 0.004035
5 0.212396 0.054842 0.002786 0.005503
5 0.213092 0.040352 0.002786 0.005869
5 0.207521 0.071167 0.002786 0.005869
5 0.207869 0.076486 0.002089 0.004769
5 0.212570 0.087124 0.005223 0.005503
5 0.217618 0.092627 0.003482 0.004035
5 0.221100 0.097395 0.004875 0.005503
5 0.212047 0.063280 0.002089 0.004035
5 0.277681 0.102348 0.003830 0.004402
5 0.282033 0.107850 0.003482 0.003668
5 0.272458 0.125092 0.003830 0.003668
5 0.275766 0.121240 0.004875 0.004035
5 0.300836 0.021643 0.003482 0.002935
5 0.305536 0.022744 0.004526 0.003668
5 0.621692 0.171680 0.003830 0.005136
5 0.592967 0.237711 0.004178 0.002935
48 0.286734 0.528980 0.015669 0.010271
48 0.299791 0.531181 0.011142 0.009538
48 0.277855 0.514123 0.015320 0.012106
48 0.302402 0.525128 0.010794 0.006236
48 0.223364 0.702495 0.014972 0.018342
48 0.099930 0.714233 0.020195 0.032282
48 0.247214 0.705796 0.021588 0.019076
48 0.260968 0.720103 0.015669 0.032282
48 0.255049 0.751651 0.020543 0.028613
48 0.243384 0.770726 0.034819 0.023478
48 0.239728 0.788518 0.034471 0.019442
48 0.239032 0.804292 0.033078 0.020176
48 0.236247 0.822634 0.034471 0.018709
48 0.226149 0.854365 0.034471 0.063096
48 0.260620 0.901687 0.042827 0.027146
48 0.262709 0.880044 0.042827 0.019076
48 0.268454 0.862252 0.037604 0.022377
48 0.266713 0.837858 0.038301 0.013940
48 0.270195 0.810161 0.032730 0.016508
48 0.333914 0.714233 0.017409 0.010271
48 0.334262 0.725422 0.007660 0.012839
48 0.316504 0.769993 0.031337 0.011005
48 0.330606 0.755136 0.011490 0.026779
48 0.368036 0.821533 0.103064 0.232208
5 0.635794 0.240095 0.004875 0.002568
5 0.738510 0.262106 0.005571 0.002568
5 0.703691 0.342260 0.006267 0.003668
5 0.668698 0.341526 0.005223 0.002935
5 0.673224 0.341893 0.004526 0.004402
5 0.660341 0.332539 0.004526 0.003302
5 0.751219 0.358584 0.006616 0.003302
8 0.871170 0.374358 0.004178 0.005503
9 0.840181 0.361152 0.009053 0.004035
5 0.825557 0.358584 0.003482 0.002568
5 0.936281 0.567131 0.004178 0.006603
5 0.926010 0.586207 0.003134 0.005869
5 0.928969 0.586757 0.002786 0.004035
9 0.981720 0.684153 0.019847 0.005136
9 0.935411 0.706530 0.012187 0.006603
10 0.028900 0.396735 0.013231 0.012839
9 0.029944 0.286317 0.006964 0.006236
5 0.067549 0.216801 0.004178 0.007337
9 0.162430 0.051724 0.005919 0.008070
9 0.187500 0.072267 0.003134 0.006603
13 0.746866 0.010088 0.006964 0.007704
5 0.886316 0.125092 0.005223 0.002201
5 0.903029 0.093360 0.003134 0.005503
5 0.904422 0.087307 0.003830 0.002935
5 0.898503 0.088591 0.005223 0.003302
5 0.905815 0.075018 0.005223 0.006236
5 0.907208 0.069699 0.003830 0.004402
5 0.907208 0.064563 0.003134 0.005136
5 0.909123 0.060161 0.006267 0.002935
5 0.908948 0.054842 0.004526 0.004035
5 0.929143 0.065847 0.002437 0.004769
5 0.936455 0.056493 0.002437 0.004402
48 0.068942 0.068599 0.084262 0.120323
48 0.053099 0.061445 0.086003 0.118489
5 0.955780 0.051174 0.002089 0.004035
5 0.921135 0.034666 0.003134 0.004769
5 0.910689 0.010638 0.006616 0.004402
5 0.903900 0.022194 0.005571 0.002568
5 0.875348 0.004402 0.004875 0.002201
5 0.935585 0.022377 0.005571 0.003668
5 0.940808 0.028430 0.005571 0.002568
5 0.941678 0.024028 0.004526 0.001834
5 0.949338 0.026779 0.005223 0.002935
5 0.982591 0.042737 0.002786 0.005503
5 0.944464 0.019809 0.004526 0.002935
5 0.944812 0.017425 0.003830 0.001101
5 0.950383 0.021277 0.004526 0.002935
5 0.949861 0.018525 0.004875 0.003302
5 0.955780 0.021460 0.004178 0.002568
5 0.960829 0.022744 0.005223 0.002935
5 0.967444 0.023294 0.005223 0.003302
5 0.973015 0.024395 0.005919 0.003302
6 0.963440 0.020726 0.007660 0.002568
5 0.876915 0.378944 0.002437 0.003668
4 0.838440 0.577953 0.005571 0.005503
9 0.672702 0.648386 0.002786 0.006236
5 0.626045 0.656823 0.004875 0.002568
5 0.368558 0.654439 0.006616 0.003668
13 0.174269 0.700844 0.005223 0.012106
9 0.031511 0.841709 0.005223 0.002568
9 0.834436 0.170213 0.008008 0.003668
9 0.833914 0.172781 0.008357 0.001467
5 0.869777 0.003852 0.005571 0.003302
5 0.864206 0.002751 0.004178 0.002568
5 0.856372 0.001834 0.004526 0.003668
5 0.852368 0.012106 0.003482 0.002201
5 0.861421 0.015591 0.003482 0.001834
48 0.570334 0.179934 0.033426 0.024578
48 0.501219 0.172964 0.013579 0.016508
48 0.896414 0.523111 0.016365 0.011005
48 0.885098 0.680117 0.006964 0.006603
48 0.928969 0.682685 0.012535 0.008804
48 0.927925 0.690572 0.009053 0.006236
5 0.856372 0.014857 0.004526 0.003302
5 0.809018 0.006787 0.003830 0.002568
5 0.847667 0.004035 0.003830 0.002201
5 0.609157 0.180117 0.007312 0.003668
48 0.038475 0.056493 0.070682 0.104182
48 0.026288 0.043103 0.049095 0.078136
48 0.385968 0.018709 0.019847 0.022010
48 0.846623 0.039068 0.014972 0.007704
48 0.791435 0.579237 0.009749 0.007337
48 0.443593 0.557594 0.005571 0.003668
48 0.433496 0.824835 0.083565 0.230741
48 0.428969 0.333822 0.013928 0.016141
48 0.567026 0.982208 0.007312 0.007704
52 0.616992 0.992113 0.018106 0.012106
48 0.621170 0.982942 0.009749 0.005503
48 0.420613 0.152421 0.009749 0.008437
48 0.415216 0.270910 0.010794 0.010638
48 0.418175 0.263206 0.011838 0.011372
48 0.446379 0.391416 0.014624 0.016141
48 0.468315 0.389032 0.009749 0.009905
48 0.839136 0.773478 0.016713 0.013573
5 0.728238 0.472487 0.005223 0.002201
48 0.294568 0.723954 0.021588 0.041453
48 0.291260 0.469736 0.023329 0.021643
48 0.269499 0.459281 0.045265 0.026412
5 0.186630 0.501834 0.002786 0.004402
5 0.187500 0.495965 0.003134 0.004402
48 0.081825 0.255503 0.016017 0.009905
6 0.583043 0.365921 0.005223 0.012106
6 0.581302 0.374908 0.004526 0.008070
5 0.573120 0.373808 0.004875 0.005136
9 0.550487 0.394167 0.009749 0.011372
10 0.556929 0.385547 0.005919 0.006603
48 0.435237 0.583822 0.008357 0.010638
48 0.415912 0.579054 0.017061 0.015774
48 0.165564 0.049340 0.006616 0.007704
48 0.169916 0.046588 0.006267 0.006603
5 0.273155 0.092076 0.003830 0.003668
5 0.264450 0.133529 0.003830 0.004402
5 0.260272 0.156456 0.003830 0.004035
5 0.284471 0.173881 0.003482 0.005136
5 0.292653 0.184153 0.003830 0.003668
5 0.288997 0.180117 0.004178 0.005136
5 0.394150 0.087124 0.004875 0.002568
5 0.603064 0.547322 0.004178 0.001467
5 0.334436 0.298789 0.005223 0.004035
5 0.381616 0.589692 0.008357 0.003302
9 0.076602 0.834006 0.018802 0.017241
9 0.917479 0.703778 0.018802 0.006236
6 0.296831 0.440205 0.008705 0.016875
