53 0.761834 0.015584 0.055991 0.031168
8 0.763186 0.001312 0.003516 0.002625
48 0.237084 0.003609 0.017041 0.007218
8 0.772654 0.002297 0.003516 0.004593
5 0.439681 0.005577 0.002975 0.004593
8 0.774682 0.001640 0.003246 0.003281
48 0.703408 0.038386 0.065729 0.076772
8 0.770219 0.003281 0.004057 0.005249
8 0.725183 0.001312 0.003246 0.002625
8 0.777387 0.001312 0.003787 0.002625
48 0.309575 0.005577 0.021369 0.011155
57 0.779686 0.657152 0.010549 0.010499
48 0.293616 0.963255 0.009467 0.010499
57 0.790641 0.647310 0.012443 0.009843
48 0.931296 0.482612 0.015688 0.013123
48 0.908980 0.938812 0.011631 0.011483
53 0.784420 0.050689 0.060590 0.039042
48 0.901407 0.091207 0.006762 0.007218
48 0.980931 0.976214 0.010008 0.009514
48 0.390452 0.351870 0.004598 0.007546
48 0.657560 0.613025 0.010279 0.011483
57 0.757371 0.685860 0.014606 0.011483
48 0.444685 0.430610 0.017311 0.018045
48 0.944955 0.973097 0.009467 0.008530
48 0.713687 0.903215 0.008926 0.009843
48 0.294293 0.952756 0.015688 0.015748
48 0.934136 0.936024 0.006762 0.005249
48 0.750473 0.956201 0.006762 0.006890
48 0.970111 0.961778 0.009467 0.009514
57 0.778063 0.659121 0.010008 0.009843
48 0.896538 0.110072 0.017582 0.011483
48 0.340817 0.710302 0.012984 0.013780
48 0.396943 0.349573 0.007844 0.008858
48 0.413308 0.572999 0.027590 0.021325
48 0.866784 0.075131 0.005139 0.003937
48 0.707736 0.927001 0.007303 0.006890
48 0.397484 0.336450 0.008385 0.009514
48 0.456722 0.452592 0.015418 0.012139
53 0.968894 0.129265 0.028131 0.024278
48 0.385718 0.363025 0.007574 0.010171
48 0.390181 0.346129 0.005139 0.006562
48 0.499594 0.835138 0.008656 0.008202
48 0.397890 0.356463 0.009738 0.006234
48 0.343792 0.388615 0.007574 0.011483
48 0.376116 0.391404 0.010549 0.008530
57 0.756018 0.667159 0.010279 0.011483
57 0.786584 0.650755 0.011361 0.008858
57 0.747904 0.568077 0.010820 0.011483
48 0.702056 0.930446 0.007844 0.007218
48 0.665540 0.956857 0.007303 0.008858
48 0.659589 0.964403 0.008385 0.007546
48 0.646741 0.678806 0.007033 0.008530
48 0.834596 0.879593 0.010008 0.011155
5 0.692318 0.398458 0.005680 0.005577
48 0.693400 0.381070 0.011090 0.009514
5 0.695834 0.394357 0.004057 0.005249
48 0.338247 0.378773 0.008926 0.010171
48 0.856505 0.072507 0.006762 0.005249
57 0.783879 0.652559 0.011902 0.010499
48 0.664458 0.937336 0.009467 0.009186
57 0.340682 0.496227 0.007303 0.012795
48 0.304436 0.490978 0.006221 0.004265
5 0.717068 0.956857 0.004869 0.004265
5 0.699080 0.866306 0.004057 0.002953
5 0.687720 0.881234 0.003516 0.004593
5 0.673113 0.881726 0.003516 0.003609
5 0.680281 0.886811 0.003787 0.003937
5 0.679605 0.892060 0.003516 0.003937
5 0.668650 0.901411 0.003787 0.003609
48 0.711388 0.935696 0.014606 0.016404
48 0.731674 0.914862 0.016229 0.014764
9 0.564782 0.744915 0.010820 0.007546
5 0.542467 0.727034 0.002975 0.003937
5 0.649716 0.683235 0.003787 0.004265
48 0.749527 0.697178 0.015147 0.018373
9 0.741953 0.694718 0.002705 0.003609
9 0.746146 0.682415 0.005139 0.006562
48 0.778063 0.735564 0.022992 0.025591
9 0.756154 0.557743 0.007844 0.009843
48 0.637950 0.309383 0.012713 0.014436
5 0.670003 0.375000 0.002705 0.004593
5 0.685556 0.374344 0.003516 0.003281
48 0.701650 0.387631 0.007574 0.007546
48 0.697187 0.378117 0.010549 0.010171
48 0.703002 0.376969 0.007574 0.007874
48 0.707736 0.373360 0.006221 0.007218
48 0.711929 0.375656 0.010279 0.011811
48 0.713281 0.365814 0.007574 0.007218
48 0.637814 0.682579 0.024344 0.029856
48 0.718961 0.369915 0.008115 0.008202
48 0.725047 0.375164 0.014336 0.017388
48 0.312145 0.130249 0.010820 0.007874
5 0.309034 0.093176 0.003516 0.004593
4 0.412767 0.065125 0.002705 0.002953
9 0.352583 0.064304 0.012172 0.005906
5 0.167027 0.032972 0.001893 0.004265
5 0.068569 0.065945 0.002975 0.004593
5 0.074385 0.067913 0.003246 0.004593
5 0.077090 0.068898 0.002705 0.003937
5 0.077901 0.064304 0.003787 0.002625
5 0.059508 0.068406 0.004328 0.002297
5 0.059237 0.065289 0.004328 0.002625
9 0.077631 0.073491 0.002705 0.003937
5 0.063295 0.092684 0.002705 0.003609
5 0.059372 0.094652 0.004057 0.002953
5 0.069110 0.086286 0.002434 0.003281
5 0.066676 0.085630 0.002434 0.003281
9 0.072897 0.085794 0.004598 0.002953
9 0.072897 0.088747 0.005139 0.002953
5 0.070868 0.056102 0.003246 0.001969
5 0.070868 0.058399 0.003246 0.001969
5 0.089532 0.055118 0.002705 0.003937
5 0.089938 0.050689 0.001893 0.003609
5 0.071409 0.066765 0.003246 0.004265
5 0.174601 0.255249 0.004057 0.004593
5 0.177712 0.254429 0.003246 0.004921
5 0.200298 0.230643 0.004057 0.003281
48 0.164593 0.199803 0.005139 0.005906
48 0.306735 0.217684 0.019475 0.019357
48 0.345686 0.196850 0.013524 0.011155
48 0.336083 0.204232 0.010008 0.008858
5 0.313903 0.185696 0.002434 0.003281
9 0.496889 0.223917 0.003246 0.004921
48 0.692724 0.096621 0.007574 0.005577
48 0.597782 0.145669 0.011361 0.010499
5 0.757506 0.022802 0.002975 0.004265
5 0.755072 0.023786 0.002975 0.003609
5 0.757236 0.027395 0.002975 0.003609
5 0.759400 0.026411 0.002434 0.003609
5 0.761158 0.024934 0.002705 0.003937
5 0.740600 0.019521 0.002705 0.004265
5 0.740195 0.023622 0.003516 0.003281
5 0.739519 0.026411 0.004869 0.002297
5 0.736949 0.023130 0.003516 0.003609
5 0.751555 0.013944 0.002975 0.004265
5 0.739654 0.013287 0.002975 0.004265
5 0.741818 0.017060 0.002434 0.004593
48 0.743305 0.012467 0.005410 0.006562
5 0.763592 0.007054 0.003246 0.004265
5 0.075196 0.059547 0.003787 0.002953
48 0.117663 0.086450 0.015688 0.014108
48 0.129835 0.088091 0.007033 0.008858
48 0.172978 0.094652 0.022451 0.019357
48 0.393292 0.099245 0.012984 0.012795
50 0.427374 0.166339 0.015688 0.019029
48 0.342981 0.263123 0.008656 0.009186
5 0.404382 0.282808 0.003787 0.003281
48 0.350960 0.374344 0.012713 0.011811
48 0.375440 0.374016 0.007574 0.007874
48 0.362727 0.363025 0.011902 0.009514
48 0.347579 0.403707 0.009738 0.010171
48 0.353800 0.397474 0.009738 0.009514
48 0.366649 0.378773 0.009467 0.010827
5 0.290912 0.408793 0.004598 0.003937
48 0.288883 0.434711 0.017311 0.013123
48 0.306465 0.414206 0.015688 0.015420
50 0.329456 0.503773 0.017852 0.015420
48 0.549500 0.634843 0.011631 0.011811
48 0.616987 0.611877 0.016770 0.016404
5 0.621720 0.634843 0.004057 0.003937
5 0.779821 0.911745 0.004869 0.004593
48 0.847173 0.987697 0.018393 0.018045
48 0.995266 0.974902 0.009467 0.012795
48 0.974574 0.955381 0.010279 0.011811
48 0.952935 0.946850 0.005951 0.005249
48 0.251826 0.931594 0.011902 0.010171
48 0.245334 0.908957 0.012443 0.012795
48 0.229916 0.952428 0.018393 0.016404
48 0.220449 0.944882 0.014606 0.012467
48 0.110630 0.960138 0.014606 0.016732
48 0.119827 0.931102 0.009197 0.008530
5 0.175412 0.930446 0.004598 0.003281
9 0.029889 0.826280 0.003516 0.004265
9 0.035299 0.825459 0.004057 0.005906
5 0.261022 0.771818 0.003787 0.004265
5 0.262510 0.769029 0.002975 0.003937
5 0.265080 0.766896 0.004328 0.003609
5 0.269002 0.761975 0.005139 0.004265
5 0.266973 0.764600 0.004869 0.005577
48 0.278063 0.869587 0.011902 0.012795
48 0.285908 0.861385 0.012443 0.013451
48 0.292264 0.853510 0.017041 0.012795
48 0.309440 0.839403 0.012984 0.012139
48 0.299567 0.843012 0.013254 0.014108
48 0.333784 0.821686 0.009197 0.008202
48 0.323776 0.817093 0.005951 0.006234
5 0.313768 0.819882 0.003246 0.003937
48 0.385448 0.840387 0.013524 0.013451
48 0.344063 0.894849 0.010820 0.010827
48 0.353395 0.889928 0.007844 0.008858
5 0.625642 0.913058 0.003787 0.004593
5 0.632946 0.904364 0.004328 0.004921
5 0.565999 0.910925 0.004057 0.004265
5 0.564647 0.912894 0.003516 0.003609
48 0.628618 0.903051 0.005951 0.007546
48 0.623749 0.908793 0.006492 0.007874
48 0.619286 0.913714 0.006221 0.007218
48 0.521233 0.662730 0.010279 0.010499
48 0.363268 0.661581 0.011902 0.012795
48 0.361509 0.706693 0.022992 0.020341
48 0.373546 0.691601 0.014065 0.013780
5 0.392616 0.667815 0.003516 0.003609
48 0.233568 0.585302 0.010008 0.013123
5 0.398161 0.329560 0.003787 0.003609
5 0.431837 0.309875 0.004057 0.004265
48 0.668515 0.622211 0.012713 0.010171
5 0.803760 0.736713 0.002975 0.003609
48 0.965377 0.970308 0.015147 0.012795
5 0.960779 0.976870 0.003787 0.004265
48 0.765080 0.732119 0.008926 0.010171
5 0.240736 0.346129 0.002164 0.004593
5 0.238301 0.346949 0.002164 0.004921
5 0.233568 0.349081 0.002434 0.004593
5 0.175142 0.340715 0.002434 0.004265
5 0.055450 0.086778 0.004328 0.002953
5 0.061266 0.087598 0.004057 0.002625
5 0.248309 0.341371 0.004328 0.002953
5 0.065053 0.061516 0.003516 0.002297
5 0.115905 0.441765 0.002975 0.001640
5 0.055315 0.093996 0.004057 0.002297
5 0.563430 0.217028 0.005410 0.004265
5 0.972140 0.125984 0.003246 0.003281
48 0.712605 0.201936 0.014336 0.013451
48 0.697457 0.616306 0.018664 0.014764
48 0.620503 0.693077 0.014065 0.014108
48 0.094671 0.042323 0.012443 0.005906
48 0.612659 0.868274 0.031377 0.031824
48 0.665540 0.656988 0.013795 0.014108
48 0.829186 0.616306 0.014877 0.016076
48 0.169732 0.248688 0.014336 0.017060
48 0.190830 0.085138 0.010549 0.008858
48 0.350149 0.203904 0.010008 0.008858
9 0.234244 0.555118 0.005410 0.011811
48 0.145118 0.535761 0.010549 0.011811
48 0.591155 0.830873 0.013795 0.014764
48 0.545172 0.873688 0.013795 0.014436
48 0.470111 0.786253 0.037869 0.042979
5 0.258047 0.336778 0.001623 0.003609
5 0.055315 0.090387 0.004598 0.002953
48 0.448607 0.027723 0.014877 0.011483
8 0.800784 0.041995 0.005139 0.002625
48 0.931972 0.453576 0.028401 0.025262
48 0.429267 0.027231 0.007033 0.007874
48 0.440222 0.197671 0.018123 0.029856
48 0.252908 0.113681 0.011902 0.011483
48 0.173654 0.028379 0.010279 0.010827
48 0.160400 0.228346 0.014065 0.019029
48 0.694076 0.903543 0.013524 0.013123
48 0.561131 0.857612 0.013254 0.011811
48 0.653773 0.472605 0.044360 0.048228
48 0.254666 0.645341 0.013254 0.013780
48 0.323641 0.464731 0.034893 0.029199
48 0.007574 0.589239 0.015147 0.019685
48 0.164863 0.345472 0.019746 0.017060
48 0.359616 0.152395 0.012172 0.014764
48 0.317149 0.120407 0.012713 0.013780
48 0.324317 0.291995 0.011361 0.014436
48 0.159589 0.338583 0.008656 0.009843
48 0.154044 0.546260 0.010549 0.013123
48 0.034217 0.596785 0.010549 0.009843
48 0.387747 0.338091 0.008926 0.010827
48 0.326616 0.808891 0.007303 0.008202
48 0.270760 0.985236 0.010279 0.013123
5 0.022315 0.098589 0.001893 0.004921
5 0.063430 0.071686 0.001893 0.004921
48 0.388964 0.188484 0.014606 0.018045
48 0.986881 0.969160 0.007303 0.008530
48 0.700027 0.566765 0.021098 0.020669
48 0.075061 0.025427 0.010008 0.010171
48 0.089938 0.026083 0.024074 0.016076
48 0.081147 0.050033 0.018393 0.021982
48 0.136192 0.204888 0.006762 0.007546
48 0.728158 0.756234 0.016770 0.018373
48 0.579389 0.587927 0.012443 0.012467
48 0.536651 0.640584 0.021639 0.021325
48 0.285637 0.162238 0.009197 0.009514
48 0.106032 0.345472 0.010279 0.010499
48 0.114147 0.338583 0.011361 0.022966
48 0.138626 0.396161 0.024074 0.014108
48 0.232756 0.630906 0.010549 0.012467
48 0.290100 0.623688 0.011090 0.012467
48 0.370841 0.408301 0.007574 0.008858
48 0.267244 0.965387 0.011902 0.012795
48 0.568840 0.344160 0.020016 0.018373
48 0.409115 0.554790 0.014336 0.013123
48 0.527319 0.716207 0.027860 0.027559
48 0.037328 0.849245 0.050311 0.029199
48 0.052610 0.825459 0.022451 0.009843
5 0.153909 0.375492 0.003246 0.002953
5 0.967541 0.128937 0.003246 0.003937
11 0.367731 0.722441 0.009467 0.011155
48 0.828915 0.954560 0.018664 0.016732
48 0.668245 0.785761 0.022992 0.023622
48 0.633622 0.343176 0.018664 0.016404
48 0.170679 0.045932 0.011361 0.017060
48 0.085204 0.089075 0.011361 0.013451
48 0.138085 0.102690 0.012713 0.010499
48 0.900189 0.933727 0.016229 0.017717
48 0.621585 0.897802 0.032459 0.039698
48 0.594942 0.885663 0.025697 0.030512
48 0.321071 0.666831 0.009197 0.008858
48 0.225859 0.307907 0.015147 0.014764
48 0.161753 0.581529 0.007033 0.006890
48 0.175277 0.584154 0.009738 0.009514
48 0.276576 0.954396 0.012713 0.012467
48 0.582364 0.351214 0.007574 0.007546
48 0.508791 0.616798 0.017852 0.018373
48 0.284826 0.811188 0.081147 0.081037
48 0.083446 0.843668 0.007844 0.010827
5 0.194752 0.341699 0.003246 0.002297
5 0.265215 0.370571 0.004598 0.002297
5 0.061942 0.079560 0.001623 0.004921
5 0.093860 0.062992 0.003246 0.001969
48 0.395591 0.175361 0.010549 0.012139
5 0.389505 0.141240 0.002705 0.003609
8 0.808088 0.034777 0.003516 0.005249
48 0.690695 0.645177 0.014336 0.014108
48 0.650663 0.695210 0.013795 0.013123
48 0.636732 0.795276 0.050311 0.048556
48 0.496213 0.178478 0.020828 0.018373
48 0.393833 0.128609 0.009738 0.011155
48 0.112118 0.279528 0.017041 0.013780
48 0.547065 0.549869 0.011631 0.011811
48 0.291858 0.673885 0.013524 0.015092
48 0.224371 0.283465 0.011631 0.012467
48 0.425615 0.947671 0.006762 0.006890
48 0.161888 0.546916 0.011631 0.011155
48 0.277387 0.494915 0.018123 0.014764
48 0.664187 0.977690 0.011631 0.009186
5 0.180417 0.340551 0.002164 0.003281
5 0.949689 0.013287 0.004869 0.003609
48 0.704084 0.950131 0.016770 0.015748
48 0.449554 0.036089 0.007033 0.005906
48 0.504193 0.197999 0.011902 0.011483
48 0.173654 0.035269 0.008656 0.004265
48 0.161482 0.058399 0.010279 0.011811
48 0.947255 0.990322 0.014065 0.013451
48 0.054233 0.247211 0.019205 0.016732
48 0.711793 0.897310 0.010008 0.009186
48 0.316879 0.676345 0.012713 0.012795
48 0.132134 0.535433 0.015418 0.016404
48 0.174060 0.195538 0.014877 0.014436
48 0.142142 0.198163 0.012713 0.015748
48 0.658777 0.949967 0.014336 0.016732
48 0.282256 0.167323 0.006762 0.007874
48 0.352989 0.210138 0.008115 0.006890
48 0.358669 0.215387 0.007574 0.010827
48 0.164863 0.300853 0.013795 0.015748
48 0.027319 0.592848 0.009738 0.009186
8 0.790641 0.047900 0.005410 0.003937
5 0.877739 0.042487 0.005410 0.002953
48 0.443738 0.224902 0.018123 0.020013
48 0.093184 0.134186 0.019746 0.015092
48 0.907628 0.954396 0.015959 0.019685
48 0.607384 0.718504 0.022992 0.020997
48 0.333514 0.394193 0.013524 0.012795
48 0.485664 0.949147 0.010008 0.009843
48 0.123884 0.339075 0.009738 0.011483
9 0.230998 0.343340 0.005410 0.004265
9 0.240871 0.335138 0.004598 0.003609
48 0.180822 0.600066 0.009467 0.009843
48 0.381390 0.343668 0.010820 0.008858
48 0.258318 0.918471 0.018934 0.020669
48 0.180146 0.892224 0.022721 0.019357
48 0.468217 0.322999 0.024885 0.016076
48 0.547877 0.812336 0.011090 0.011155
48 0.459832 0.220801 0.010820 0.009843
44 0.352177 0.095308 0.007033 0.009514
8 0.759670 0.064797 0.005139 0.004265
5 0.965242 0.131398 0.004057 0.004265
48 0.685556 0.596621 0.015418 0.011483
48 0.722748 0.927001 0.016229 0.016076
48 0.423992 0.038878 0.017582 0.012795
48 0.940492 0.506234 0.020557 0.021654
48 0.554909 0.622703 0.013795 0.013780
48 0.537192 0.604659 0.017311 0.017717
48 0.032459 0.563648 0.009197 0.010499
48 0.035164 0.986056 0.011902 0.011483
48 0.174060 0.297572 0.010008 0.011155
48 0.273330 0.460630 0.008926 0.012467
48 0.198539 0.581529 0.008115 0.007546
48 0.288883 0.649442 0.006492 0.004921
48 0.291993 0.656332 0.007844 0.009514
48 0.338382 0.401903 0.010820 0.010499
48 0.585745 0.406004 0.009467 0.008858
48 0.411820 0.778871 0.007844 0.007874
5 0.060995 0.084810 0.004057 0.002297
14 0.356370 0.310367 0.016500 0.011155
8 0.774006 0.018537 0.002975 0.004921
5 0.914931 0.017060 0.005680 0.003937
6 0.315256 0.550525 0.005680 0.007874
48 0.803489 0.849081 0.011090 0.011155
48 0.449824 0.089075 0.017311 0.018701
48 0.118069 0.255085 0.012172 0.011483
48 0.963619 0.945538 0.013795 0.014436
48 0.024209 0.393373 0.015418 0.017060
48 0.137544 0.484088 0.008926 0.009514
48 0.191236 0.534449 0.029213 0.022310
48 0.292399 0.638123 0.012984 0.019685
48 0.336083 0.897638 0.009467 0.009186
5 0.123478 0.445374 0.005139 0.002297
48 0.414255 0.028379 0.013254 0.011483
10 0.367866 0.080709 0.006492 0.003937
8 0.778063 0.054790 0.005139 0.002625
8 0.810387 0.033301 0.004328 0.004921
8 0.766703 0.020669 0.004057 0.005249
8 0.796051 0.005413 0.004328 0.005577
48 0.804166 0.908136 0.009197 0.008530
48 0.663511 0.881726 0.015147 0.014764
48 0.442386 0.018373 0.016500 0.012467
48 0.814309 0.476870 0.039221 0.041667
48 0.327563 0.606955 0.008656 0.009843
48 0.043278 0.973097 0.016770 0.018373
48 0.160941 0.503445 0.009197 0.011483
5 0.067893 0.072507 0.004328 0.002625
48 0.730863 0.212762 0.009738 0.010827
48 0.662835 0.644193 0.010008 0.009514
48 0.716256 0.764928 0.017311 0.016732
48 0.709494 0.909449 0.007033 0.006562
48 0.682175 0.968832 0.012984 0.014436
48 0.062754 0.236877 0.008656 0.011155
48 0.647687 0.907644 0.023533 0.021982
48 0.603192 0.738025 0.017852 0.019357
48 0.245605 0.579560 0.014606 0.022638
48 0.178794 0.495079 0.022721 0.020997
48 0.293752 0.420440 0.010820 0.011483
48 0.397484 0.986713 0.015418 0.014108
48 0.315797 0.533465 0.021910 0.013780
48 0.344063 0.584974 0.015688 0.013123
48 0.360563 0.852854 0.015147 0.014108
48 0.338382 0.907152 0.012984 0.010499
48 0.240195 0.922736 0.014606 0.014764
5 0.380444 0.301509 0.004057 0.003281
5 0.492426 0.241962 0.004598 0.004265
5 0.058831 0.075459 0.004057 0.001969
48 0.952123 0.938484 0.014065 0.012795
10 0.371247 0.082349 0.005680 0.003281
8 0.766973 0.061024 0.004598 0.003937
5 0.492156 0.803806 0.004057 0.004593
48 0.683527 0.624344 0.012984 0.011811
48 0.616716 0.709646 0.017852 0.016404
48 0.624560 0.358596 0.007574 0.007218
48 0.435488 0.052493 0.030836 0.015748
48 0.278875 0.133038 0.007574 0.008202
48 0.242088 0.127133 0.018934 0.013451
48 0.188126 0.032480 0.013254 0.014436
48 0.115770 0.018045 0.016770 0.010499
48 0.115364 0.147638 0.020828 0.015748
48 0.671355 0.984580 0.015147 0.017060
48 0.736002 0.545768 0.023262 0.026575
48 0.602245 0.593012 0.014877 0.018701
48 0.487287 0.617782 0.016500 0.019029
48 0.322694 0.143537 0.005410 0.005577
48 0.384095 0.131070 0.012984 0.016732
48 0.346903 0.279035 0.019205 0.016076
48 0.204896 0.544948 0.011090 0.011155
48 0.590479 0.853839 0.012984 0.014764
48 0.258588 0.977690 0.011361 0.013123
5 0.065594 0.089403 0.001893 0.004265
8 0.773059 0.057415 0.005410 0.003937
8 0.782932 0.052001 0.004598 0.002953
8 0.806194 0.035761 0.003516 0.004593
8 0.789018 0.009350 0.005951 0.004265
5 0.970246 0.127789 0.003787 0.004265
5 0.326887 0.862205 0.004057 0.003937
48 0.987422 0.135007 0.019205 0.017388
10 0.424128 0.085138 0.008115 0.010827
48 0.719097 0.424705 0.014336 0.014764
48 0.460779 0.204396 0.006221 0.007218
48 0.453746 0.208990 0.010549 0.009843
48 0.103057 0.275427 0.006492 0.006234
48 0.795510 0.916175 0.014065 0.012139
48 0.560590 0.525098 0.015959 0.016076
48 0.406952 0.089239 0.012713 0.013123
48 0.141060 0.987533 0.017582 0.017060
48 0.263051 0.166339 0.011631 0.012467
48 0.393698 0.110072 0.006221 0.006890
48 0.381661 0.381398 0.015688 0.011483
48 0.567622 0.852034 0.014877 0.013123
48 0.322559 0.842520 0.012172 0.011811
48 0.377062 0.876148 0.011361 0.011483
5 0.065864 0.065781 0.002434 0.003609
48 0.393968 0.078576 0.010549 0.010827
48 0.944144 0.953576 0.011090 0.012139
48 0.870571 0.692585 0.014877 0.014436
8 0.782797 0.013780 0.002705 0.004593
48 0.708277 0.219816 0.023533 0.020341
48 0.672437 0.410433 0.016229 0.016404
48 0.626724 0.375492 0.011902 0.011483
48 0.452259 0.070538 0.008115 0.009186
48 0.428320 0.207185 0.013795 0.014764
48 0.373817 0.059547 0.014065 0.011483
5 0.687855 0.874836 0.004869 0.004265
48 0.131728 0.021325 0.014065 0.011811
48 0.187585 0.224409 0.017582 0.011155
48 0.728969 0.982448 0.008656 0.008858
48 0.829592 0.581201 0.013524 0.014108
48 0.624966 0.621719 0.014877 0.017717
48 0.213957 0.174377 0.007033 0.009514
48 0.323641 0.149770 0.008926 0.006234
48 0.361239 0.270997 0.010008 0.010499
48 0.138355 0.562008 0.013254 0.013780
48 0.099270 0.612369 0.018934 0.017388
48 0.041385 0.592520 0.011361 0.009186
48 0.138491 0.938976 0.021098 0.019685
48 0.584934 0.762303 0.014877 0.014108
48 0.361915 0.538550 0.012443 0.012795
48 0.523533 0.648950 0.010549 0.012467
48 0.278334 0.976378 0.011361 0.011155
5 0.165134 0.375492 0.002434 0.003609
5 0.701244 0.140748 0.005139 0.003281
8 0.769678 0.059547 0.005139 0.004265
8 0.796051 0.044783 0.005410 0.002953
5 0.960779 0.135499 0.003787 0.003937
10 0.188802 0.632382 0.011361 0.007546
48 0.605626 0.122375 0.024885 0.023622
48 0.365702 0.138944 0.003787 0.003609
48 0.282391 0.142224 0.012443 0.012139
48 0.140249 0.252953 0.009467 0.009186
48 0.710711 0.993438 0.009467 0.009843
48 0.889911 0.816765 0.017311 0.017388
48 0.583717 0.741962 0.015688 0.015420
48 0.018123 0.579232 0.013524 0.014108
48 0.384095 0.988517 0.008115 0.007874
48 0.357317 0.196194 0.012443 0.012467
48 0.370841 0.266732 0.008656 0.006562
48 0.186097 0.286745 0.012443 0.011811
48 0.241141 0.468504 0.034352 0.051181
48 0.479984 0.973589 0.013254 0.010827
5 0.182580 0.351542 0.003246 0.002297
5 0.373546 0.299705 0.003246 0.002297
48 0.642954 0.066273 0.070327 0.085958
48 0.526914 0.185039 0.013524 0.014436
8 0.785502 0.050853 0.005410 0.003281
8 0.801596 0.038058 0.004057 0.005249
8 0.768326 0.004429 0.004598 0.004921
8 0.780768 0.014272 0.002975 0.004265
5 0.340546 0.535433 0.003246 0.003281
48 0.709359 0.388451 0.007844 0.007874
48 0.703002 0.745407 0.023803 0.026903
48 0.693806 0.844652 0.011902 0.010827
48 0.803895 0.723097 0.011361 0.009843
48 0.439546 0.075623 0.018934 0.019357
48 0.385989 0.068241 0.017852 0.020341
48 0.160130 0.253281 0.016229 0.015748
48 0.193535 0.234908 0.008926 0.009186
48 0.081147 0.299705 0.016229 0.015420
48 0.629835 0.928314 0.012713 0.016076
48 0.417095 0.707021 0.041655 0.047900
48 0.227617 0.557743 0.013795 0.019685
48 0.867731 0.993274 0.009738 0.010171
48 0.263592 0.200623 0.011090 0.020013
48 0.278063 0.185203 0.016770 0.014764
48 0.390993 0.115650 0.004057 0.002953
48 0.268596 0.425853 0.007574 0.007874
48 0.046118 0.588091 0.008385 0.005577
48 0.460373 0.765912 0.035164 0.033136
5 0.068434 0.092684 0.002164 0.004921
48 0.472951 0.139928 0.015418 0.014764
5 0.863944 0.038714 0.004869 0.003937
48 0.911820 0.481463 0.027590 0.027887
48 0.691642 0.357940 0.016770 0.016404
48 0.698539 0.940617 0.015959 0.012467
48 0.447660 0.213419 0.006492 0.008202
48 0.680958 0.869587 0.011631 0.010827
48 0.278604 0.664534 0.014065 0.014764
48 0.271301 0.620735 0.014065 0.018373
48 0.079118 0.375492 0.015418 0.016076
48 0.216121 0.314469 0.010279 0.010827
48 0.090749 0.276903 0.011090 0.011811
48 0.860427 0.973261 0.020016 0.021325
48 0.300243 0.170932 0.004328 0.004593
48 0.337436 0.245735 0.010549 0.008530
48 0.178929 0.309875 0.015959 0.016732
48 0.213957 0.538714 0.012984 0.014436
48 0.529483 0.801673 0.015959 0.014108
48 0.616852 0.847441 0.010549 0.010499
48 0.473357 0.805938 0.012443 0.010827
5 0.051123 0.485728 0.004869 0.003609
5 0.056262 0.083497 0.004328 0.001640
5 0.679064 0.156004 0.004598 0.003609
48 0.633487 0.435696 0.009197 0.009843
48 0.695023 0.629265 0.014336 0.016404
48 0.637544 0.330873 0.029213 0.029199
48 0.073844 0.282972 0.015147 0.014764
48 0.364620 0.416503 0.013524 0.013451
48 0.096294 0.329396 0.012443 0.011811
48 0.273330 0.198327 0.012172 0.012139
48 0.421693 0.118602 0.014606 0.013451
48 0.323235 0.133366 0.012984 0.011483
48 0.290912 0.172244 0.009467 0.008530
48 0.298891 0.180282 0.011902 0.010171
48 0.288207 0.660597 0.007844 0.011483
48 0.082364 0.622539 0.016500 0.008858
8 0.776170 0.016896 0.003516 0.004265
5 0.962943 0.133366 0.003246 0.002953
48 0.853124 0.566109 0.029754 0.026575
48 0.599811 0.108760 0.005680 0.005577
48 0.109007 0.043143 0.012443 0.009514
48 0.132405 0.144029 0.010008 0.009843
48 0.130376 0.189304 0.015688 0.019685
48 0.852177 0.859252 0.016500 0.017717
48 0.675142 0.864665 0.006492 0.006234
48 0.261563 0.434875 0.009197 0.011483
48 0.266973 0.418635 0.005951 0.007218
48 0.144441 0.525262 0.006492 0.006562
48 0.176494 0.556759 0.030565 0.030184
48 0.385989 0.374180 0.012984 0.011483
48 0.531647 0.294948 0.013254 0.016404
48 0.613876 0.386483 0.010549 0.009843
5 0.057209 0.080217 0.004598 0.002297
8 0.764404 0.062500 0.004328 0.003609
8 0.778334 0.015912 0.003516 0.004265
48 0.951853 0.441109 0.011361 0.010827
48 0.671490 0.379921 0.009467 0.009186
48 0.654991 0.450131 0.011631 0.011155
48 0.455504 0.181102 0.015147 0.015748
48 0.423316 0.224902 0.008115 0.008202
48 0.729646 0.970801 0.016500 0.016404
48 0.704355 0.891896 0.012443 0.012139
48 0.602921 0.920440 0.025967 0.026575
48 0.810387 0.573163 0.021639 0.024278
48 0.333514 0.657152 0.015147 0.016404
48 0.066811 0.630741 0.015147 0.016076
48 0.431837 0.964403 0.011631 0.010827
48 0.285231 0.195210 0.012172 0.012467
48 0.381255 0.201936 0.012172 0.016076
48 0.332837 0.286417 0.010008 0.011811
48 0.472410 0.428314 0.015959 0.012139
48 0.031512 0.805610 0.018123 0.019357
5 0.389775 0.291995 0.003787 0.003281
5 0.438058 0.117290 0.002975 0.003609
48 0.407087 0.202756 0.012443 0.015748
48 0.794293 0.629265 0.018123 0.016404
48 0.975656 0.548064 0.017852 0.016076
10 0.446443 0.118766 0.003516 0.004593
5 0.582635 0.203412 0.004869 0.004593
8 0.788071 0.049213 0.005139 0.003937
8 0.804030 0.037238 0.003516 0.004921
5 0.974439 0.124180 0.004057 0.004921
48 0.733433 0.191765 0.031106 0.031168
48 0.722613 0.208661 0.009467 0.007874
48 0.723560 0.902067 0.010820 0.009514
48 0.470111 0.126804 0.014606 0.012795
48 0.393157 0.228839 0.012172 0.013451
48 0.458345 0.211778 0.007303 0.006234
48 0.403570 0.169948 0.008656 0.011811
48 0.200839 0.240322 0.012172 0.011483
48 0.076684 0.252461 0.016500 0.011483
48 0.578577 0.901411 0.023262 0.021325
48 0.224236 0.137467 0.027590 0.019029
48 0.202732 0.178314 0.005680 0.005577
48 0.206384 0.183891 0.009738 0.010171
48 0.296592 0.231463 0.009467 0.012795
48 0.244928 0.445046 0.015418 0.012139
48 0.084122 0.594324 0.015688 0.014764
48 0.265080 0.513615 0.013524 0.013451
48 0.603327 0.376312 0.008926 0.008530
48 0.572626 0.774442 0.013524 0.014764
48 0.528131 0.815781 0.016500 0.014108
48 0.474844 0.743274 0.018664 0.019357
48 0.330268 0.832021 0.009738 0.009843
5 0.097647 0.450951 0.004869 0.002297
5 0.201109 0.350394 0.003516 0.001969
5 0.061131 0.091043 0.003787 0.002297
5 0.402624 0.074639 0.004598 0.004921
48 0.988098 0.076772 0.014606 0.013123
48 0.707195 0.359744 0.013254 0.012795
48 0.675007 0.664370 0.013254 0.013780
48 0.265080 0.112041 0.015688 0.017388
48 0.098729 0.153543 0.013524 0.013780
48 0.116311 0.198655 0.025967 0.033136
48 0.093725 0.235728 0.011090 0.012139
48 0.069381 0.236385 0.010008 0.013451
48 0.718420 0.984908 0.009738 0.010499
48 0.577631 0.838091 0.018123 0.020013
48 0.796862 0.732940 0.011902 0.013780
48 0.013254 0.638123 0.014606 0.017717
48 0.375575 0.139108 0.012172 0.012467
48 0.413849 0.105643 0.016229 0.015748
48 0.224642 0.204068 0.017041 0.019029
48 0.201244 0.495079 0.010279 0.005906
48 0.201244 0.549869 0.005410 0.005906
48 0.226806 0.531988 0.007303 0.004921
5 0.239383 0.332021 0.003246 0.001969
48 0.405734 0.128773 0.010279 0.010827
48 0.460103 0.192585 0.015147 0.015092
5 0.642954 0.170768 0.004869 0.003609
48 0.834596 0.549213 0.023533 0.019029
48 0.636462 0.121883 0.016229 0.019357
48 0.674466 0.941929 0.016500 0.015092
48 0.676765 0.926345 0.010820 0.010171
48 0.645523 0.314304 0.008385 0.009843
48 0.442115 0.149770 0.012172 0.011483
48 0.370165 0.093996 0.022451 0.018045
48 0.553422 0.801181 0.014606 0.016404
48 0.242900 0.634514 0.018393 0.014436
48 0.278063 0.617290 0.006492 0.007546
48 0.011766 0.995735 0.012713 0.008530
48 0.318366 0.174049 0.019475 0.017388
48 0.296592 0.167815 0.006762 0.006234
48 0.162564 0.308727 0.009197 0.015092
48 0.384095 0.350394 0.008115 0.008530
48 0.568569 0.868274 0.007574 0.008202
48 0.070327 0.841699 0.012984 0.023294
5 0.074249 0.459974 0.004057 0.002625
48 0.767785 0.674377 0.023533 0.023950
8 0.780498 0.053478 0.005139 0.003281
5 0.094942 0.590551 0.004328 0.003281
48 0.709900 0.369259 0.006221 0.005577
48 0.755342 0.727362 0.012172 0.014436
48 0.669056 0.888123 0.008385 0.007874
48 0.759805 0.938976 0.011361 0.011811
48 0.692994 0.962762 0.012984 0.012139
48 0.509873 0.843832 0.017311 0.020341
48 0.389640 0.119751 0.004598 0.003937
48 0.289965 0.263451 0.013524 0.009843
48 0.158507 0.325459 0.007574 0.007874
9 0.143359 0.438156 0.007033 0.004265
48 0.162835 0.573819 0.004328 0.005249
48 0.300243 0.633038 0.008656 0.008858
48 0.580876 0.823983 0.007303 0.008202
48 0.497971 0.656332 0.032459 0.026575
5 0.235867 0.347769 0.001623 0.004593
5 0.059237 0.072014 0.004328 0.002297
48 0.753178 0.173885 0.028401 0.026903
48 0.667298 0.447343 0.012984 0.013451
48 0.861509 0.569554 0.027049 0.024934
48 0.898702 0.479495 0.006221 0.005577
55 0.809034 0.899278 0.014606 0.014436
48 0.483500 0.153707 0.024074 0.012795
48 0.300108 0.109580 0.005139 0.005906
48 0.304030 0.112697 0.009197 0.006890
48 0.274006 0.125164 0.011361 0.012795
48 0.971193 0.887959 0.018123 0.018045
48 0.247498 0.332021 0.011902 0.013123
48 0.876116 0.979331 0.016770 0.015092
48 0.306059 0.295440 0.021910 0.025262
48 0.055450 0.381070 0.008656 0.008858
48 0.152556 0.492290 0.011902 0.012795
48 0.262375 0.654199 0.014065 0.014436
48 0.045983 0.578740 0.009197 0.008530
48 0.311604 0.607612 0.012984 0.013123
48 0.318637 0.827428 0.008115 0.007218
48 0.309440 0.853182 0.013524 0.013451
48 0.211658 0.975066 0.011090 0.009843
48 0.511766 0.150919 0.012984 0.013123
5 0.905599 0.079560 0.004869 0.004265
48 0.656343 0.650755 0.010549 0.013451
48 0.657560 0.980971 0.004869 0.004593
48 0.454828 0.105315 0.011090 0.011811
48 0.464836 0.107940 0.024615 0.024278
48 0.360698 0.075459 0.011631 0.011155
48 0.164728 0.533629 0.016229 0.016732
48 0.177982 0.235236 0.010279 0.011155
48 0.618610 0.938976 0.017311 0.017717
48 0.362727 0.203412 0.005951 0.007874
48 0.332567 0.262959 0.009467 0.008858
48 0.365972 0.261811 0.011361 0.011811
48 0.117257 0.321686 0.013795 0.018701
48 0.221666 0.486877 0.037057 0.059055
48 0.191101 0.473097 0.010549 0.011811
48 0.134704 0.505577 0.017311 0.020341
48 0.194617 0.595965 0.021369 0.018045
48 0.235732 0.643701 0.007844 0.007874
48 0.330268 0.384514 0.008115 0.007218
48 0.538004 0.783629 0.007033 0.007546
48 0.067893 0.801345 0.012443 0.016076
5 0.168380 0.379757 0.002975 0.003609
5 0.907628 0.016076 0.005139 0.003281
5 0.945632 0.009350 0.005951 0.004265
5 0.237896 0.579888 0.002975 0.004265
10 0.123343 0.645833 0.009197 0.004921
48 0.816338 0.833005 0.012443 0.013780
48 0.343116 0.103182 0.010008 0.012795
48 0.177035 0.084974 0.011090 0.009186
48 0.098593 0.092684 0.014336 0.010827
48 0.740195 0.958333 0.015418 0.013123
48 0.106979 0.624672 0.027319 0.020341
48 0.443738 0.938648 0.021910 0.022310
48 0.217879 0.194062 0.015418 0.010827
48 0.154585 0.350230 0.007303 0.006234
48 0.068163 0.583497 0.015147 0.014108
48 0.286448 0.943077 0.014606 0.014108
48 0.416148 0.630906 0.014877 0.017717
48 0.391534 0.753773 0.011631 0.010827
48 0.379903 0.744587 0.015959 0.014108
48 0.349473 0.808891 0.010820 0.010827
48 0.324317 0.917815 0.009738 0.008858
48 0.363132 0.880249 0.013795 0.012467
48 0.210170 0.957021 0.018393 0.016404
5 0.300379 0.356299 0.003516 0.001969
5 0.072356 0.097113 0.001893 0.003937
5 0.073167 0.073819 0.004057 0.001969
48 0.958345 0.974245 0.005951 0.006890
48 0.817014 0.649934 0.041926 0.041339
8 0.762104 0.063648 0.004598 0.003937
48 0.653773 0.978018 0.008115 0.007874
48 0.809575 0.745407 0.014606 0.014436
48 0.636327 0.357612 0.013254 0.011811
48 0.351907 0.155840 0.008656 0.013123
48 0.157154 0.026739 0.013524 0.016076
48 0.174331 0.213911 0.012172 0.014436
48 0.098593 0.206693 0.013795 0.020997
48 0.535164 0.552493 0.008926 0.008530
48 0.255613 0.561024 0.023262 0.036089
48 0.345956 0.444718 0.017311 0.019357
48 0.248986 0.997211 0.029483 0.005577
48 0.088991 0.510991 0.008115 0.007546
48 0.083852 0.582513 0.005951 0.005577
48 0.240736 0.941109 0.014606 0.016732
48 0.600216 0.397474 0.024344 0.024606
48 0.322288 0.900262 0.012172 0.011811
5 0.198404 0.355479 0.002975 0.002297
48 0.863673 0.112861 0.012443 0.011155
48 0.769408 0.192585 0.031647 0.018373
48 0.647417 0.767552 0.010008 0.009514
48 0.607249 0.095636 0.040573 0.022638
48 0.479443 0.108596 0.009467 0.009186
48 0.275358 0.108596 0.013524 0.013123
48 0.183662 0.047408 0.010820 0.008202
48 0.075467 0.224081 0.012984 0.011155
48 0.909115 0.918963 0.023262 0.023622
48 0.640249 0.627133 0.014606 0.014764
48 0.709765 0.608760 0.013524 0.014764
48 0.565053 0.575131 0.011902 0.012467
48 0.203679 0.312008 0.012984 0.015092
48 0.302272 0.159941 0.010549 0.012139
48 0.457398 0.912566 0.016770 0.016076
48 0.316743 0.273458 0.009738 0.014108
48 0.143765 0.551837 0.009467 0.010499
48 0.290506 0.502133 0.012984 0.008202
48 0.552069 0.883694 0.014065 0.014764
48 0.432919 0.755085 0.005680 0.004921
48 0.352989 0.865978 0.013524 0.013451
48 0.424939 0.238845 0.015688 0.013780
8 0.798485 0.043471 0.004869 0.002953
8 0.771301 0.018865 0.002975 0.004921
48 0.684203 0.858924 0.017582 0.013780
48 0.411956 0.168799 0.010820 0.011483
48 0.367595 0.146982 0.010279 0.010499
48 0.080335 0.214403 0.011361 0.014108
48 0.790776 0.842356 0.011090 0.010827
48 0.081147 0.385827 0.014606 0.011811
48 0.223019 0.169619 0.010008 0.007218
48 0.201785 0.076936 0.013524 0.013451
48 0.312821 0.246063 0.013795 0.020341
48 0.141872 0.341371 0.013795 0.014108
48 0.149716 0.511647 0.009467 0.009514
48 0.257506 0.628117 0.013524 0.014108
48 0.530430 0.364993 0.010820 0.011483
48 0.604003 0.838091 0.014606 0.013451
48 0.577766 0.865157 0.008656 0.008530
48 0.442927 0.790026 0.017041 0.020997
48 0.348526 0.881890 0.010549 0.010499
48 0.500135 0.942749 0.018934 0.019357
48 0.359481 0.391896 0.007574 0.006890
5 0.072762 0.091699 0.004328 0.002953
5 0.237084 0.374672 0.004598 0.002625
48 0.469435 0.208005 0.013254 0.014436
8 0.793075 0.045932 0.005410 0.003281
8 0.766432 0.005741 0.004057 0.003609
5 0.807547 0.086614 0.004598 0.002625
48 0.783067 0.908629 0.004328 0.004265
48 0.696105 0.365650 0.007844 0.008202
48 0.646470 0.430610 0.015147 0.015420
48 0.656343 0.632054 0.015959 0.016076
48 0.684609 0.765912 0.023262 0.024606
48 0.685015 0.914862 0.016500 0.015420
48 0.654720 0.344652 0.015418 0.014108
48 0.258994 0.125492 0.012713 0.018701
48 0.068704 0.079560 0.011902 0.010171
48 0.109278 0.224902 0.011361 0.013451
48 0.551528 0.563484 0.014606 0.015420
48 0.387341 0.994915 0.009197 0.009514
48 0.305112 0.234416 0.013524 0.012795
48 0.176359 0.359908 0.010279 0.014436
48 0.145929 0.497703 0.008926 0.013123
48 0.276981 0.652395 0.012443 0.015420
48 0.331755 0.813648 0.007303 0.007218
48 0.778604 0.029528 0.071680 0.052493
5 0.388964 0.080873 0.003787 0.006234
8 0.775629 0.056266 0.005139 0.003609
48 0.804977 0.768865 0.012443 0.016076
48 0.616581 0.136647 0.017582 0.012795
48 0.623614 0.815289 0.045172 0.038058
39 0.063430 0.095636 0.004057 0.002953
48 0.398161 0.207677 0.009197 0.013780
48 0.354882 0.145013 0.009197 0.007218
48 0.296592 0.102034 0.009467 0.007874
48 0.830133 0.859580 0.024885 0.020997
48 0.657019 0.895833 0.012443 0.012139
48 0.553151 0.865486 0.015688 0.015092
48 0.553016 0.534285 0.014336 0.015420
48 0.151474 0.298720 0.012984 0.014764
48 0.237625 0.326280 0.009467 0.009514
48 0.127806 0.239173 0.008385 0.012467
48 0.204625 0.147966 0.025697 0.019685
48 0.258859 0.994587 0.014065 0.010827
48 0.111306 0.523622 0.018664 0.018373
48 0.158777 0.921424 0.015688 0.016732
48 0.538545 0.805610 0.012443 0.013451
48 0.473898 0.814797 0.016770 0.013451
48 0.419529 0.774114 0.012984 0.010827
48 0.082364 0.855151 0.013795 0.008202
