48 0.396478 0.724657 0.017608 0.019621
48 0.399362 0.719261 0.015483 0.017986
48 0.404979 0.714029 0.023679 0.024526
48 0.412872 0.709941 0.016393 0.020275
48 0.415908 0.706671 0.015786 0.020275
48 0.419247 0.703891 0.016393 0.019948
48 0.423194 0.702256 0.016393 0.020602
48 0.425622 0.698986 0.018215 0.021256
48 0.429265 0.697024 0.017001 0.021256
48 0.431998 0.694245 0.017608 0.020929
48 0.435792 0.691792 0.017911 0.021256
48 0.411961 0.737410 0.018215 0.020929
48 0.416059 0.735121 0.016090 0.022237
48 0.419095 0.732832 0.016697 0.020275
48 0.422131 0.730379 0.016697 0.020602
48 0.425926 0.728254 0.017001 0.020929
48 0.428658 0.725147 0.017001 0.020602
48 0.431846 0.722858 0.017304 0.021256
48 0.437917 0.719424 0.020340 0.023545
48 0.442319 0.716154 0.017001 0.020929
48 0.445203 0.712884 0.017304 0.020929
48 0.449454 0.710759 0.016697 0.021256
48 0.454311 0.708960 0.017911 0.020929
48 0.458257 0.738228 0.025804 0.026488
48 0.450516 0.741661 0.013965 0.016351
48 0.448543 0.745422 0.016697 0.021256
48 0.442775 0.745258 0.013661 0.016351
48 0.439739 0.747384 0.012447 0.015370
48 0.435944 0.749673 0.013358 0.015370
48 0.433212 0.752289 0.012750 0.014716
48 0.432453 0.757848 0.018519 0.021910
48 0.428051 0.761445 0.019429 0.023218
48 0.466910 0.760628 0.021251 0.023545
48 0.457347 0.801668 0.018519 0.022564
48 0.460990 0.798888 0.016697 0.020929
48 0.463418 0.795782 0.013054 0.017332
48 0.467213 0.793329 0.015786 0.019621
48 0.471463 0.792184 0.015786 0.019294
48 0.473740 0.788587 0.017304 0.020602
48 0.477687 0.786625 0.017304 0.021910
48 0.482392 0.785644 0.015786 0.019294
48 0.485732 0.783028 0.017001 0.021256
48 0.488160 0.780249 0.017001 0.020275
48 0.491348 0.777959 0.017304 0.021583
48 0.494536 0.775343 0.015786 0.019621
48 0.471311 0.821125 0.014268 0.017659
48 0.474803 0.819163 0.015786 0.019621
48 0.477687 0.815729 0.014876 0.019294
48 0.480115 0.813113 0.017911 0.022564
48 0.483910 0.810988 0.015786 0.020275
48 0.486794 0.808698 0.017911 0.020275
48 0.491348 0.806246 0.016697 0.021256
48 0.494991 0.804611 0.015483 0.019948
48 0.498330 0.802976 0.016090 0.020602
48 0.500911 0.799706 0.016393 0.019948
48 0.504554 0.797253 0.017001 0.020929
48 0.507438 0.794310 0.018519 0.022891
48 0.518519 0.823741 0.014572 0.017659
48 0.525956 0.823087 0.007590 0.009156
48 0.524742 0.811805 0.006982 0.008829
48 0.528233 0.809843 0.007286 0.008829
48 0.530814 0.816874 0.009411 0.011772
48 0.536126 0.806573 0.012750 0.010791
48 0.542502 0.800523 0.010929 0.011118
48 0.550395 0.795128 0.017001 0.017986
48 0.560109 0.786625 0.014572 0.016678
48 0.567243 0.784663 0.014268 0.017986
48 0.574226 0.781557 0.013054 0.013080
48 0.589101 0.797580 0.010018 0.010464
48 0.581208 0.801831 0.011840 0.013080
48 0.566029 0.801831 0.016697 0.013734
48 0.566940 0.809680 0.016697 0.013080
48 0.553279 0.817691 0.010625 0.013407
48 0.545386 0.819980 0.013661 0.017332
48 0.539921 0.828156 0.011840 0.014061
48 0.535975 0.820798 0.008804 0.007194
48 0.529447 0.834532 0.017001 0.014388
48 0.532483 0.841236 0.013358 0.010791
48 0.543868 0.843525 0.009411 0.012099
48 0.547511 0.839765 0.009411 0.012426
48 0.552216 0.836985 0.012750 0.016024
48 0.557225 0.834859 0.012447 0.014388
48 0.563297 0.834532 0.008197 0.009810
48 0.568306 0.829627 0.013358 0.015043
48 0.575288 0.817037 0.014572 0.014061
48 0.585610 0.833715 0.011536 0.010137
48 0.586976 0.827175 0.010625 0.008175
48 0.581208 0.831099 0.005768 0.006867
48 0.576351 0.835186 0.010018 0.010464
48 0.576654 0.843689 0.014268 0.013734
48 0.564511 0.845978 0.010625 0.013734
48 0.559958 0.848921 0.009411 0.012426
48 0.555556 0.851864 0.010322 0.011772
48 0.551913 0.856442 0.008500 0.011118
48 0.545537 0.856606 0.007893 0.010791
48 0.550395 0.865598 0.013358 0.014388
48 0.557073 0.864127 0.009715 0.013407
48 0.561931 0.861674 0.009715 0.011772
48 0.566788 0.858404 0.010322 0.012426
48 0.571038 0.855134 0.010322 0.013080
48 0.575896 0.853499 0.009715 0.012426
48 0.584396 0.851210 0.012143 0.010464
48 0.602307 0.852191 0.009107 0.009810
48 0.598057 0.857096 0.010929 0.015043
48 0.594110 0.859876 0.010322 0.013407
48 0.581815 0.860857 0.008197 0.008829
48 0.586521 0.867724 0.007893 0.009483
48 0.578172 0.866579 0.008197 0.010464
48 0.572708 0.868542 0.010625 0.014388
48 0.568458 0.872302 0.010625 0.012753
48 0.563297 0.874264 0.012447 0.014061
48 0.562690 0.886691 0.013661 0.015370
48 0.558591 0.877207 0.009107 0.010137
48 0.569520 0.883748 0.010322 0.012753
48 0.574378 0.881131 0.009715 0.012099
48 0.578628 0.878188 0.009715 0.011445
48 0.588950 0.875245 0.009107 0.010137
48 0.593503 0.871812 0.007893 0.009156
48 0.583030 0.875082 0.010018 0.013080
48 0.603218 0.865925 0.018822 0.016351
48 0.569976 0.896174 0.012447 0.016024
48 0.576047 0.893885 0.013661 0.016024
48 0.585003 0.888489 0.012143 0.014388
48 0.591075 0.887018 0.012143 0.012753
48 0.621281 0.879823 0.017304 0.014061
48 0.578324 0.906475 0.010929 0.013734
48 0.585762 0.918084 0.014268 0.015370
48 0.590923 0.913833 0.011233 0.012099
48 0.596084 0.911380 0.011233 0.013080
48 0.600941 0.908927 0.010018 0.012099
48 0.605495 0.906148 0.009411 0.010464
48 0.598968 0.896665 0.012143 0.013734
48 0.610959 0.897646 0.015483 0.015697
48 0.598209 0.923479 0.010625 0.013080
48 0.608075 0.917593 0.011536 0.013080
48 0.598512 0.935579 0.015483 0.014388
48 0.605950 0.931328 0.011536 0.013080
48 0.613540 0.927404 0.012143 0.012426
48 0.619460 0.924624 0.011233 0.010791
48 0.632969 0.917757 0.009715 0.010791
48 0.618093 0.911870 0.009107 0.008175
48 0.387219 0.576684 0.025804 0.025180
48 0.361111 0.511118 0.061020 0.073250
48 0.409229 0.612165 0.014572 0.011772
48 0.251214 0.027469 0.053127 0.053630
48 0.384335 0.668247 0.018822 0.024526
48 0.086976 0.086004 0.005768 0.005886
48 0.026260 0.147319 0.016090 0.011445
48 0.222070 0.034173 0.007590 0.010791
48 0.187310 0.163342 0.009107 0.010137
48 0.242562 0.165795 0.011536 0.012426
48 0.235883 0.227927 0.012143 0.011118
48 0.184274 0.310170 0.016393 0.012753
48 0.250000 0.283028 0.024590 0.030412
48 0.271554 0.309189 0.013661 0.014061
48 0.187917 0.384729 0.047359 0.038260
48 0.288707 0.532865 0.015786 0.019294
48 0.326199 0.572106 0.012447 0.019294
48 0.460990 0.649771 0.016697 0.019621
48 0.183060 0.102518 0.009715 0.010137
48 0.053127 0.179693 0.018215 0.021256
48 0.163934 0.149608 0.007286 0.008829
48 0.199302 0.178712 0.014268 0.016024
48 0.210838 0.234957 0.008804 0.008175
48 0.095780 0.277305 0.014268 0.017005
48 0.178962 0.274689 0.016090 0.017659
48 0.197025 0.286462 0.012750 0.013734
48 0.320735 0.318345 0.013661 0.015370
48 0.362477 0.318509 0.026108 0.032701
48 0.272920 0.405984 0.013965 0.008175
48 0.411354 0.396665 0.024287 0.028123
48 0.234517 0.483649 0.016697 0.022891
48 0.264268 0.494441 0.019126 0.029431
48 0.298877 0.498365 0.014876 0.022237
48 0.286278 0.566220 0.019429 0.025180
48 0.085003 0.083388 0.006679 0.004578
48 0.457498 0.619032 0.009107 0.011118
48 0.479508 0.678875 0.042198 0.038587
48 0.389800 0.669228 0.019429 0.032374
48 0.051913 0.166285 0.010929 0.008175
48 0.118397 0.184107 0.013358 0.015043
48 0.067092 0.188849 0.017608 0.017332
48 0.227080 0.128679 0.018215 0.015370
48 0.214025 0.198005 0.015786 0.014061
48 0.262295 0.221550 0.018215 0.017986
48 0.099879 0.220733 0.010322 0.009810
48 0.121433 0.281557 0.012750 0.011118
48 0.186703 0.288914 0.015179 0.013407
48 0.156952 0.326848 0.011536 0.014061
48 0.195811 0.323087 0.021858 0.021583
48 0.297055 0.303139 0.022162 0.015043
48 0.320279 0.327011 0.014572 0.015697
48 0.343048 0.247874 0.017001 0.015697
48 0.160140 0.384075 0.020947 0.016024
48 0.298877 0.439503 0.009411 0.008502
48 0.255768 0.531230 0.015483 0.023872
48 0.312538 0.517986 0.022162 0.022891
48 0.364602 0.620667 0.021251 0.022891
48 0.356102 0.655821 0.022465 0.025180
48 0.443382 0.621975 0.010625 0.013080
48 0.071797 0.082734 0.010625 0.012426
48 0.037644 0.141269 0.010929 0.010464
48 0.116272 0.163342 0.017608 0.016678
48 0.205525 0.098594 0.040073 0.025834
48 0.156497 0.139470 0.008197 0.012099
48 0.229356 0.020275 0.021554 0.018967
48 0.201730 0.158927 0.015483 0.015697
48 0.263358 0.185579 0.016697 0.013407
48 0.206284 0.443100 0.027019 0.026161
48 0.316788 0.439339 0.014268 0.017332
48 0.262447 0.533519 0.021554 0.033682
48 0.301002 0.589601 0.017304 0.028123
48 0.322404 0.576357 0.020036 0.027142
48 0.344566 0.633584 0.020036 0.025834
48 0.378871 0.636200 0.013965 0.021910
48 0.423649 0.634075 0.020947 0.016351
48 0.487401 0.592871 0.013661 0.015697
48 0.509107 0.636527 0.015786 0.014061
48 0.498482 0.709941 0.048573 0.032701
48 0.039769 0.061478 0.012750 0.015043
48 0.032028 0.135219 0.012447 0.012753
48 0.021858 0.159418 0.015179 0.013407
48 0.180631 0.094016 0.011536 0.010137
48 0.113692 0.100719 0.011840 0.005886
48 0.078476 0.177894 0.016697 0.015043
48 0.202489 0.030576 0.014572 0.016024
48 0.221311 0.158437 0.017001 0.012753
48 0.234214 0.195716 0.009411 0.012099
48 0.247571 0.230216 0.013661 0.017005
48 0.128264 0.257521 0.010625 0.012753
48 0.166515 0.276815 0.011840 0.011445
48 0.317851 0.271419 0.023679 0.015697
48 0.192775 0.451602 0.013358 0.016351
48 0.256527 0.377698 0.018822 0.020275
48 0.276108 0.385383 0.013661 0.013407
48 0.283849 0.420046 0.017001 0.012753
48 0.285519 0.444572 0.012447 0.014716
48 0.260625 0.466318 0.018519 0.024853
48 0.278385 0.484630 0.021858 0.030739
48 0.294019 0.500327 0.019126 0.030085
48 0.269126 0.548725 0.019126 0.020929
48 0.233607 0.067037 0.021554 0.026815
48 0.353673 0.625736 0.015179 0.025834
48 0.054797 0.035481 0.027626 0.021256
48 0.180024 0.050033 0.011536 0.010464
48 0.266090 0.073905 0.020947 0.025507
48 0.222829 0.186396 0.011536 0.009810
48 0.188980 0.197678 0.015483 0.009483
48 0.215847 0.246566 0.015179 0.015697
48 0.218427 0.221877 0.011233 0.013407
48 0.330297 0.211740 0.036430 0.046109
48 0.107316 0.268476 0.014268 0.015697
48 0.349727 0.349738 0.007893 0.010137
48 0.217061 0.391105 0.019429 0.021583
48 0.257134 0.429529 0.015786 0.025834
48 0.260625 0.386691 0.009411 0.012099
48 0.228597 0.454382 0.019429 0.024526
48 0.247420 0.447024 0.013965 0.019621
48 0.437007 0.634565 0.012447 0.011445
48 0.514420 0.654840 0.014268 0.012099
48 0.170917 0.088129 0.015786 0.019948
48 0.175774 0.103499 0.010929 0.013407
48 0.186400 0.107914 0.010322 0.009156
48 0.231633 0.179039 0.021251 0.025180
48 0.252429 0.196207 0.012447 0.014388
48 0.163783 0.270765 0.006982 0.006540
48 0.124924 0.295618 0.023376 0.021583
48 0.332119 0.320144 0.017001 0.015043
48 0.286430 0.397155 0.020947 0.013407
48 0.275046 0.411216 0.016393 0.013407
48 0.318761 0.435252 0.009715 0.010464
48 0.298877 0.525343 0.019126 0.026488
48 0.304341 0.586494 0.016090 0.025834
48 0.392684 0.584205 0.026412 0.026488
48 0.401032 0.380314 0.021858 0.024199
48 0.246205 0.060661 0.018215 0.023872
48 0.461597 0.625899 0.009411 0.011118
48 0.524742 0.660399 0.017304 0.018640
48 0.031421 0.114454 0.016090 0.013080
48 0.123710 0.125736 0.013054 0.010791
48 0.089860 0.172825 0.012143 0.012099
48 0.167274 0.197842 0.009107 0.011118
48 0.192927 0.170863 0.014268 0.016678
48 0.120978 0.202420 0.026412 0.018967
48 0.149059 0.266187 0.011536 0.013080
48 0.227990 0.298725 0.041287 0.029104
48 0.252277 0.331916 0.013358 0.009810
48 0.279599 0.276651 0.013965 0.017659
48 0.304948 0.313113 0.022162 0.019294
48 0.339405 0.327829 0.010929 0.007521
48 0.273679 0.351864 0.010018 0.009156
48 0.267456 0.343035 0.009715 0.008502
48 0.171372 0.399935 0.020340 0.018967
48 0.198695 0.404513 0.030662 0.026161
48 0.234517 0.425278 0.012447 0.015370
48 0.282332 0.378679 0.013358 0.015697
48 0.303127 0.521092 0.017304 0.031066
48 0.397086 0.595324 0.028537 0.033682
48 0.056770 0.018803 0.011536 0.010791
48 0.500911 0.613146 0.023072 0.031393
48 0.272920 0.637835 0.012750 0.012099
48 0.098512 0.103990 0.020340 0.024853
48 0.180631 0.084532 0.013358 0.014716
48 0.062842 0.162198 0.013358 0.011772
48 0.142077 0.164977 0.013358 0.010791
48 0.182908 0.219424 0.015483 0.014388
48 0.073315 0.238064 0.011840 0.010464
48 0.139344 0.240026 0.015179 0.013080
48 0.123103 0.250818 0.010018 0.013080
48 0.294171 0.265860 0.012750 0.018313
48 0.253188 0.354317 0.011536 0.013407
48 0.280358 0.362165 0.008804 0.010791
48 0.292350 0.442283 0.008500 0.009483
48 0.294778 0.455527 0.015179 0.027469
48 0.235428 0.453237 0.017911 0.029431
48 0.246964 0.476619 0.017304 0.023872
48 0.287189 0.503597 0.020644 0.025507
48 0.388434 0.630804 0.017304 0.022237
48 0.484366 0.602518 0.012447 0.014061
48 0.528537 0.621321 0.015786 0.013734
48 0.141318 0.120504 0.012447 0.014716
48 0.217213 0.133421 0.015483 0.015043
48 0.214784 0.175768 0.020947 0.019294
48 0.234214 0.209124 0.010625 0.012753
48 0.156648 0.228908 0.012143 0.018313
48 0.152095 0.237083 0.010929 0.018967
48 0.174863 0.237737 0.011536 0.013080
48 0.084244 0.266678 0.012447 0.013407
48 0.151488 0.275507 0.017608 0.013407
48 0.316788 0.284009 0.023983 0.021910
48 0.497723 0.341890 0.047055 0.036298
48 0.264268 0.465827 0.018519 0.028450
48 0.478142 0.615108 0.015179 0.011118
48 0.375683 0.677077 0.013661 0.028450
48 0.028385 0.153859 0.010625 0.010137
48 0.200820 0.112819 0.022162 0.020275
48 0.223740 0.170373 0.012750 0.017005
48 0.259107 0.208306 0.014268 0.013734
48 0.239982 0.204545 0.010625 0.012753
48 0.067243 0.245422 0.011233 0.012099
48 0.124165 0.230052 0.011536 0.011445
48 0.136764 0.251472 0.013054 0.011772
48 0.090771 0.261609 0.015786 0.015043
48 0.187158 0.326848 0.008804 0.012753
48 0.204918 0.292511 0.011536 0.012099
48 0.248786 0.320307 0.017911 0.020602
48 0.257438 0.243296 0.017608 0.018313
48 0.244384 0.419882 0.015786 0.019621
48 0.270947 0.375245 0.008804 0.005559
48 0.289617 0.375245 0.010929 0.014716
48 0.287492 0.434107 0.011536 0.008829
48 0.502429 0.454218 0.112325 0.116416
48 0.302368 0.495095 0.018822 0.022891
48 0.371736 0.384892 0.015483 0.013080
48 0.374924 0.640288 0.016393 0.023545
48 0.445203 0.662852 0.022162 0.020275
48 0.500455 0.583878 0.025197 0.027796
48 0.514420 0.668411 0.016697 0.016351
48 0.013965 0.152714 0.011536 0.011118
48 0.192319 0.057227 0.016090 0.015043
48 0.144353 0.143885 0.013054 0.011772
48 0.202793 0.191956 0.012143 0.019621
48 0.258956 0.193754 0.007893 0.010137
48 0.209016 0.128515 0.010625 0.009810
48 0.266697 0.272400 0.017304 0.022237
48 0.192168 0.437214 0.027322 0.020275
48 0.239071 0.411216 0.012447 0.017332
48 0.304797 0.412852 0.023679 0.019294
48 0.255009 0.438849 0.020036 0.029431
48 0.225865 0.492479 0.015786 0.017005
48 0.246509 0.505396 0.017608 0.026488
48 0.296296 0.528777 0.018822 0.025507
48 0.454766 0.641596 0.019429 0.015043
48 0.482240 0.655003 0.011840 0.012426
48 0.469035 0.538587 0.017608 0.015697
48 0.155131 0.045455 0.007893 0.006540
48 0.112174 0.189176 0.016090 0.017332
48 0.137219 0.196043 0.010322 0.012753
48 0.081815 0.215337 0.022769 0.021910
48 0.138585 0.217953 0.020947 0.016678
48 0.085155 0.250818 0.018519 0.017005
48 0.107013 0.254578 0.011840 0.009483
48 0.314359 0.334205 0.013054 0.012426
48 0.350486 0.249182 0.022769 0.017005
48 0.191257 0.415304 0.021858 0.018967
48 0.228446 0.430183 0.010018 0.013407
48 0.377960 0.611674 0.013965 0.023872
48 0.562993 0.581426 0.034912 0.034009
48 0.065574 0.134075 0.016393 0.012426
48 0.053430 0.137181 0.012143 0.014716
48 0.044930 0.153532 0.013358 0.014716
48 0.204918 0.081589 0.024894 0.022564
48 0.098057 0.165631 0.012750 0.016024
48 0.210838 0.036952 0.016090 0.020275
48 0.231178 0.219424 0.015483 0.016351
48 0.114299 0.226619 0.008804 0.009810
48 0.210079 0.285808 0.017608 0.018967
48 0.232696 0.271583 0.010018 0.012753
48 0.167122 0.351864 0.023983 0.022237
48 0.367790 0.618542 0.019126 0.021256
48 0.391318 0.629169 0.013358 0.018313
48 0.454463 0.678058 0.027930 0.031720
48 0.475562 0.610366 0.010625 0.008175
48 0.512295 0.648790 0.013661 0.015697
48 0.036733 0.088947 0.024894 0.025507
48 0.150880 0.102354 0.026715 0.026161
48 0.196266 0.191302 0.010625 0.011118
48 0.144961 0.204055 0.014876 0.015697
48 0.172131 0.215827 0.012750 0.021583
48 0.368549 0.034173 0.020644 0.016678
48 0.352459 0.016187 0.012750 0.010791
48 0.170461 0.283192 0.011233 0.011118
48 0.132514 0.309680 0.022162 0.018967
48 0.164542 0.331753 0.013965 0.011445
48 0.209168 0.317364 0.016393 0.017986
48 0.274135 0.263734 0.012143 0.010137
48 0.224196 0.398954 0.020340 0.018967
48 0.300091 0.431655 0.009411 0.007194
48 0.252580 0.472041 0.016393 0.026488
48 0.276412 0.461086 0.017911 0.028123
48 0.315118 0.552649 0.015179 0.028123
48 0.369611 0.676750 0.014268 0.019294
48 0.176078 0.066874 0.015179 0.014061
48 0.210079 0.154186 0.011536 0.012099
48 0.144961 0.234140 0.008804 0.010464
48 0.193230 0.243296 0.011840 0.015697
48 0.302975 0.232668 0.031573 0.037606
48 0.124924 0.240844 0.010625 0.010791
48 0.190042 0.273218 0.010929 0.012099
48 0.375228 0.314912 0.029144 0.028123
48 0.201427 0.428221 0.020947 0.019294
48 0.304189 0.446207 0.020036 0.019948
48 0.435944 0.643885 0.024287 0.018313
48 0.475410 0.601537 0.009107 0.010137
48 0.287796 0.655494 0.012143 0.011445
48 0.058136 0.082080 0.014268 0.015697
48 0.006679 0.135219 0.010929 0.012099
48 0.131148 0.141596 0.008500 0.007848
48 0.192168 0.156802 0.006679 0.006867
48 0.216758 0.111020 0.010929 0.010791
48 0.223588 0.195226 0.011840 0.013080
48 0.096691 0.246566 0.015483 0.016351
48 0.221919 0.239209 0.014572 0.014716
48 0.178506 0.293983 0.007893 0.011118
48 0.179114 0.315566 0.012750 0.011118
48 0.190042 0.301831 0.013965 0.013080
48 0.203248 0.266678 0.011840 0.011445
48 0.221008 0.311315 0.007286 0.008502
48 0.268670 0.398954 0.016393 0.016351
48 0.223740 0.455853 0.020644 0.023545
48 0.302064 0.559516 0.020036 0.027469
48 0.466151 0.616743 0.015483 0.016351
48 0.535216 0.758829 0.041894 0.036952
48 0.052823 0.068999 0.009715 0.008502
48 0.011536 0.124591 0.016393 0.016351
48 0.186248 0.072760 0.014268 0.016678
48 0.083182 0.142904 0.018822 0.018967
48 0.042502 0.169555 0.010929 0.010137
48 0.084851 0.197842 0.020340 0.020275
48 0.213722 0.025180 0.012750 0.013080
48 0.254857 0.007848 0.022769 0.015697
48 0.253795 0.172825 0.012750 0.013407
48 0.180024 0.180510 0.007286 0.009156
48 0.155738 0.360857 0.014572 0.016024
48 0.268063 0.359058 0.015179 0.015697
48 0.316788 0.300687 0.009411 0.016024
48 0.236794 0.361184 0.015179 0.011445
48 0.290376 0.424951 0.020340 0.015370
48 0.302520 0.402714 0.011233 0.009483
48 0.238616 0.447678 0.018822 0.026161
48 0.296448 0.115925 0.051913 0.063767
48 0.358075 0.624755 0.013054 0.023218
48 0.470553 0.660726 0.018822 0.016678
48 0.452793 0.633911 0.019733 0.018640
48 0.055859 0.122466 0.021251 0.017332
48 0.201123 0.069163 0.015483 0.017332
48 0.030965 0.170700 0.013358 0.014388
48 0.205373 0.216645 0.016090 0.019294
48 0.182453 0.234630 0.015179 0.023872
48 0.264876 0.238882 0.016697 0.016024
48 0.274894 0.235612 0.014876 0.015370
48 0.150729 0.253924 0.014876 0.017332
48 0.144202 0.291203 0.007893 0.008829
48 0.241803 0.508339 0.019126 0.029104
48 0.280358 0.480870 0.019733 0.027142
48 0.358682 0.624591 0.013054 0.018313
48 0.055100 0.076357 0.007590 0.010137
48 0.073619 0.104480 0.018519 0.013407
48 0.091226 0.186233 0.013054 0.012753
48 0.196114 0.207652 0.019429 0.013080
48 0.270947 0.197678 0.017911 0.020602
48 0.241044 0.215991 0.024894 0.019948
48 0.100789 0.202910 0.014572 0.013407
48 0.203248 0.254415 0.015483 0.017659
48 0.308743 0.257031 0.017608 0.020275
48 0.148148 0.312459 0.015179 0.011445
48 0.141621 0.327665 0.016090 0.017659
48 0.172890 0.302649 0.011233 0.016024
48 0.295993 0.500818 0.015786 0.021910
48 0.274287 0.545128 0.022162 0.025507
48 0.335762 0.540222 0.019429 0.022891
48 0.420310 0.574559 0.016090 0.016351
48 0.222374 0.050687 0.018519 0.025507
48 0.043260 0.068509 0.011840 0.014061
48 0.045234 0.108077 0.021251 0.023218
48 0.068761 0.178712 0.010018 0.010791
48 0.198239 0.150098 0.015786 0.011118
48 0.211445 0.187214 0.008804 0.010137
48 0.156345 0.207652 0.010929 0.017005
48 0.104888 0.241988 0.012447 0.015043
48 0.127201 0.263734 0.006072 0.006213
48 0.168488 0.262099 0.013965 0.010791
48 0.103522 0.284827 0.017001 0.011118
48 0.224196 0.261445 0.014876 0.010791
48 0.179721 0.349738 0.010322 0.011445
48 0.191409 0.340746 0.017911 0.017659
48 0.227687 0.418574 0.010929 0.011118
48 0.215695 0.456998 0.017304 0.031066
48 0.303582 0.552649 0.023072 0.030739
48 0.370370 0.615271 0.018215 0.024526
48 0.377656 0.610693 0.014572 0.027796
48 0.379326 0.674460 0.017304 0.031066
48 0.063904 0.145520 0.015483 0.015697
48 0.072708 0.205036 0.023983 0.015043
48 0.256375 0.085186 0.014268 0.011445
48 0.191409 0.018640 0.019733 0.021583
48 0.268063 0.167103 0.015179 0.022891
48 0.272010 0.213702 0.018822 0.019294
48 0.328476 0.307717 0.012750 0.022891
48 0.210383 0.259320 0.011536 0.009810
48 0.214025 0.463702 0.017001 0.020275
48 0.259259 0.471550 0.021251 0.028123
48 0.285823 0.571615 0.016090 0.023545
48 0.295234 0.560661 0.018519 0.021910
48 0.321190 0.551177 0.015179 0.019948
48 0.351548 0.591400 0.039466 0.042838
48 0.126746 0.045945 0.011840 0.009483
48 0.350941 0.656802 0.020036 0.027142
48 0.357165 0.652387 0.014876 0.023545
48 0.395719 0.628188 0.015483 0.020275
48 0.367942 0.681818 0.015179 0.022237
48 0.520795 0.678221 0.013661 0.016351
48 0.525501 0.682145 0.016393 0.018313
48 0.485428 0.565402 0.024287 0.019621
48 0.036733 0.121648 0.012143 0.011118
48 0.057984 0.197515 0.018822 0.019621
48 0.205525 0.144212 0.020036 0.013080
48 0.135094 0.230379 0.010929 0.010791
48 0.165301 0.306082 0.010018 0.013080
48 0.141014 0.337802 0.012447 0.010464
48 0.352004 0.279758 0.011233 0.012753
48 0.247420 0.437214 0.019429 0.022891
48 0.278689 0.513407 0.019429 0.029431
48 0.282939 0.508666 0.017608 0.023872
48 0.326047 0.542348 0.017608 0.019948
48 0.404372 0.525670 0.042502 0.036952
48 0.368397 0.554938 0.006375 0.007848
48 0.339253 0.642086 0.022162 0.024526
48 0.384487 0.632439 0.014876 0.021583
48 0.498937 0.651243 0.017304 0.017986
48 0.539162 0.652224 0.024894 0.023218
48 0.465240 0.534173 0.020340 0.016024
48 0.030358 0.101210 0.023679 0.015370
48 0.018519 0.114127 0.015179 0.029431
48 0.025046 0.131622 0.011233 0.016678
48 0.243625 0.142904 0.025197 0.026815
48 0.249393 0.179693 0.010018 0.012753
48 0.187917 0.189666 0.014572 0.012426
48 0.147996 0.129496 0.010625 0.009810
48 0.279144 0.244768 0.020340 0.017986
48 0.219338 0.273054 0.011840 0.009810
48 0.255464 0.470242 0.022769 0.023545
48 0.425622 0.584859 0.024287 0.021910
48 0.516697 0.744604 0.037644 0.039241
48 0.066636 0.069163 0.027019 0.016024
48 0.238160 0.118542 0.014268 0.016678
48 0.226472 0.144212 0.015179 0.016351
48 0.208257 0.202747 0.009715 0.011118
48 0.285216 0.199967 0.025197 0.028450
48 0.124165 0.216645 0.015179 0.014716
48 0.100638 0.229725 0.023983 0.019948
48 0.144050 0.282701 0.011840 0.012099
48 0.300850 0.286952 0.013358 0.017332
48 0.261992 0.333715 0.009107 0.012753
48 0.221463 0.424787 0.009411 0.016351
48 0.241196 0.482014 0.022162 0.025507
48 0.251670 0.500000 0.016393 0.025507
48 0.290376 0.479235 0.013054 0.023218
48 0.292805 0.566547 0.016697 0.021910
48 0.309958 0.583715 0.021251 0.024853
48 0.364906 0.640124 0.024287 0.029758
48 0.442016 0.650752 0.021251 0.015043
48 0.481481 0.639797 0.015179 0.013407
48 0.486035 0.625082 0.021858 0.015370
48 0.536733 0.635056 0.020644 0.020929
48 0.551761 0.656638 0.019733 0.019621
48 0.080905 0.094670 0.013054 0.015370
48 0.051913 0.148627 0.014572 0.014716
48 0.075896 0.158927 0.027322 0.024199
48 0.140862 0.173806 0.012750 0.010791
48 0.244687 0.187377 0.013965 0.016351
48 0.113540 0.216154 0.009107 0.010464
48 0.155434 0.284009 0.013358 0.008829
48 0.138889 0.294801 0.013661 0.010791
48 0.298421 0.413996 0.012143 0.020275
48 0.270947 0.460432 0.016090 0.026161
48 0.309502 0.557063 0.014876 0.027796
48 0.322404 0.547417 0.014572 0.024199
48 0.360959 0.650752 0.012750 0.023545
48 0.472070 0.643394 0.018822 0.019948
48 0.519429 0.613146 0.020036 0.013734
48 0.497116 0.640942 0.019126 0.013080
48 0.132817 0.105625 0.011233 0.013080
48 0.188980 0.083878 0.012447 0.012753
48 0.240589 0.014225 0.016697 0.012099
48 0.174863 0.184598 0.009107 0.010137
48 0.176381 0.209941 0.009715 0.011772
48 0.165149 0.216318 0.009715 0.013407
48 0.230723 0.236102 0.015786 0.015697
48 0.253795 0.340092 0.010322 0.010464
48 0.308743 0.424787 0.015179 0.011772
48 0.515483 0.374591 0.031573 0.029104
48 0.541135 0.412525 0.047662 0.049379
48 0.316636 0.580608 0.021858 0.029758
48 0.263965 0.102681 0.022162 0.023545
48 0.342896 0.637018 0.020947 0.026161
48 0.372192 0.616089 0.015786 0.026815
48 0.419854 0.622139 0.035216 0.023218
48 0.062690 0.100719 0.017304 0.017659
48 0.187462 0.046599 0.015483 0.015370
48 0.162417 0.175114 0.033394 0.036952
48 0.233910 0.154513 0.013661 0.014716
48 0.185792 0.146337 0.015179 0.014061
48 0.278537 0.209124 0.011233 0.014716
48 0.173497 0.249346 0.020947 0.019948
48 0.336066 0.139634 0.038251 0.041203
48 0.148907 0.298888 0.019126 0.020275
48 0.141925 0.345978 0.010018 0.008502
48 0.167122 0.340746 0.025804 0.014388
48 0.296600 0.258175 0.014572 0.014061
48 0.218427 0.350556 0.024590 0.029431
48 0.284912 0.405821 0.015483 0.006540
48 0.219642 0.455363 0.020340 0.031066
48 0.307225 0.517005 0.025501 0.028777
48 0.421979 0.607260 0.013965 0.013080
48 0.031724 0.083551 0.015483 0.014716
48 0.077110 0.074886 0.009107 0.007194
48 0.064511 0.111184 0.008197 0.010464
48 0.170461 0.122629 0.033698 0.040549
48 0.107013 0.173806 0.013054 0.016678
48 0.170917 0.191465 0.012750 0.015370
48 0.256072 0.156965 0.020947 0.018967
48 0.219338 0.205363 0.012447 0.011118
48 0.202489 0.230052 0.015179 0.016678
48 0.132665 0.279104 0.011536 0.010791
48 0.141166 0.270765 0.014572 0.017005
48 0.343200 0.335513 0.008804 0.009156
48 0.229205 0.488555 0.016393 0.026161
48 0.350789 0.372629 0.026412 0.019294
48 0.344262 0.635219 0.017608 0.027142
48 0.374469 0.639961 0.017304 0.024853
48 0.380844 0.634402 0.013661 0.024853
48 0.450364 0.620340 0.009411 0.011118
48 0.471008 0.633421 0.022162 0.016351
48 0.516242 0.602518 0.019733 0.014716
48 0.511081 0.621648 0.016090 0.010464
48 0.493321 0.696697 0.044930 0.034990
48 0.511384 0.728090 0.040376 0.037606
48 0.168336 0.028613 0.029447 0.030412
48 0.055556 0.094670 0.012143 0.012753
48 0.009563 0.149281 0.009411 0.008829
48 0.183212 0.168574 0.007590 0.008175
48 0.181390 0.142086 0.012447 0.009483
48 0.115058 0.302812 0.018822 0.024199
48 0.271403 0.339438 0.009715 0.008502
48 0.330601 0.357914 0.013965 0.018640
48 0.206284 0.367887 0.027626 0.036625
48 0.295841 0.388653 0.012447 0.011445
48 0.303734 0.435088 0.006375 0.006213
48 0.315574 0.430510 0.011233 0.008175
48 0.231026 0.451602 0.018215 0.024199
48 0.260170 0.496893 0.018822 0.029104
48 0.272010 0.517495 0.017001 0.027796
48 0.279599 0.538097 0.021251 0.026488
48 0.333941 0.568999 0.024287 0.035317
48 0.048725 0.058208 0.009411 0.009156
48 0.159077 0.080772 0.022465 0.014388
48 0.182757 0.060170 0.009107 0.013734
48 0.277322 0.184598 0.017304 0.016024
48 0.183667 0.205199 0.017608 0.016678
48 0.114147 0.239699 0.012750 0.018967
48 0.129326 0.270765 0.015786 0.011772
48 0.190801 0.259156 0.013054 0.012099
48 0.256679 0.256867 0.015483 0.010137
48 0.270644 0.490026 0.017911 0.036952
48 0.263509 0.523708 0.019429 0.029758
48 0.388130 0.367233 0.012447 0.018967
48 0.013813 0.063440 0.024590 0.022891
48 0.492866 0.603172 0.012447 0.012753
48 0.524438 0.640288 0.014876 0.017005
48 0.464025 0.531066 0.022162 0.020275
48 0.046752 0.049052 0.018215 0.013734
48 0.047207 0.076521 0.012447 0.012426
48 0.060716 0.060007 0.010322 0.012099
48 0.233455 0.337312 0.021858 0.023872
48 0.257134 0.498201 0.020644 0.028450
48 0.329842 0.543002 0.020340 0.027142
48 0.737705 0.224330 0.018215 0.015697
48 0.731178 0.232341 0.021554 0.016024
48 0.745294 0.262917 0.032180 0.047090
48 0.727383 0.304774 0.010929 0.012426
48 0.840771 0.292675 0.034305 0.026815
48 0.830753 0.308208 0.030662 0.024526
48 0.799029 0.347776 0.010322 0.014716
48 0.815726 0.355298 0.008500 0.013407
48 0.770644 0.380968 0.031876 0.046436
48 0.793412 0.387835 0.031269 0.047744
48 0.811779 0.399608 0.037644 0.051668
48 0.813600 0.471223 0.024894 0.047090
48 0.716910 0.417266 0.050698 0.045128
48 0.698695 0.399444 0.026412 0.040876
48 0.688828 0.390451 0.018215 0.019621
48 0.677596 0.410562 0.015786 0.023872
48 0.661809 0.448005 0.020644 0.032701
48 0.695203 0.453891 0.051002 0.032047
48 0.730419 0.489863 0.037037 0.048398
48 0.742714 0.503597 0.026412 0.036625
48 0.761840 0.511772 0.028840 0.043165
48 0.770795 0.538587 0.018215 0.020275
48 0.778081 0.521256 0.013965 0.015043
48 0.784760 0.511609 0.014572 0.013407
48 0.788403 0.500491 0.009107 0.014061
48 0.682149 0.506540 0.034001 0.030085
48 0.668640 0.488064 0.019733 0.019294
48 0.660443 0.478090 0.006982 0.008502
48 0.647389 0.493950 0.037948 0.038260
48 0.643139 0.467462 0.014876 0.014716
48 0.642076 0.432472 0.016393 0.019294
48 0.594566 0.447024 0.011233 0.011772
48 0.580753 0.436396 0.023072 0.029104
48 0.624469 0.513571 0.024894 0.030412
48 0.613540 0.526651 0.019429 0.027796
48 0.642076 0.543002 0.043716 0.033682
48 0.592441 0.542838 0.031876 0.024853
48 0.635853 0.583551 0.087128 0.054611
48 0.640710 0.601210 0.036126 0.048071
48 0.527171 0.552158 0.025804 0.021256
48 0.581664 0.645683 0.036430 0.049379
48 0.580905 0.618378 0.016697 0.017659
48 0.595780 0.621485 0.013054 0.014061
48 0.579083 0.532538 0.080449 0.048071
48 0.486339 0.512263 0.069824 0.086004
48 0.427140 0.483813 0.035823 0.044801
48 0.390710 0.433126 0.074681 0.074232
48 0.481481 0.370013 0.036430 0.026488
48 0.443230 0.390778 0.061324 0.049706
48 0.472829 0.351864 0.017911 0.017005
48 0.450061 0.365598 0.040376 0.029431
48 0.424560 0.363146 0.023983 0.025834
48 0.382514 0.335840 0.031573 0.026161
48 0.392684 0.348594 0.022162 0.017659
48 0.284760 0.297744 0.009107 0.012753
48 0.290680 0.294310 0.006375 0.010464
48 0.283242 0.224493 0.019429 0.019294
48 0.294019 0.215827 0.014268 0.013734
48 0.232240 0.253597 0.007893 0.006213
48 0.244536 0.257848 0.007590 0.008175
48 0.239678 0.246893 0.008197 0.012426
48 0.240437 0.238228 0.007893 0.008829
48 0.245294 0.245912 0.006679 0.007848
48 0.216302 0.231197 0.010625 0.012426
48 0.223740 0.228090 0.010322 0.010137
48 0.268215 0.257358 0.007590 0.008502
48 0.272313 0.255232 0.004857 0.006213
48 0.277019 0.254415 0.007590 0.007194
48 0.283394 0.264225 0.008804 0.008502
48 0.254098 0.268967 0.008500 0.008829
48 0.259259 0.276488 0.009715 0.009483
48 0.267760 0.286789 0.014572 0.019621
48 0.209624 0.269294 0.007590 0.012753
48 0.198846 0.272727 0.010322 0.010464
48 0.228142 0.280903 0.009411 0.009156
48 0.236187 0.279267 0.007286 0.009156
48 0.206132 0.305101 0.004250 0.005232
5 0.203704 0.306736 0.003036 0.005232
5 0.211597 0.333878 0.005464 0.004578
5 0.213267 0.331753 0.005768 0.004251
5 0.216454 0.329954 0.004857 0.003924
5 0.218579 0.328646 0.004857 0.004578
5 0.220704 0.327175 0.006072 0.005559
5 0.226169 0.320798 0.004250 0.004578
48 0.165301 0.321615 0.014268 0.014061
48 0.170613 0.316547 0.009107 0.013734
48 0.177596 0.326357 0.007286 0.007194
48 0.150425 0.336004 0.010625 0.014716
48 0.149818 0.351046 0.012447 0.013407
5 0.226321 0.367397 0.003947 0.004905
5 0.229812 0.372466 0.004250 0.005886
5 0.233910 0.378188 0.003339 0.005559
5 0.238919 0.385710 0.003643 0.005559
5 0.242259 0.389634 0.003643 0.004905
5 0.248027 0.398627 0.003643 0.004578
5 0.261233 0.417266 0.003339 0.004578
5 0.270036 0.430020 0.003947 0.003924
48 0.256375 0.392740 0.008804 0.012426
48 0.266849 0.369686 0.009715 0.007521
48 0.277171 0.370994 0.012143 0.013407
48 0.244687 0.367070 0.017001 0.013407
48 0.256679 0.362328 0.019733 0.015043
48 0.238312 0.351046 0.014572 0.010791
48 0.246205 0.356933 0.007286 0.006867
48 0.194596 0.302485 0.024894 0.015697
48 0.363388 0.371975 0.019429 0.023872
48 0.341985 0.356606 0.016697 0.014716
48 0.343048 0.346468 0.013965 0.010137
5 0.314359 0.350065 0.003339 0.004905
5 0.374621 0.353499 0.004250 0.003924
5 0.364754 0.338129 0.003947 0.004578
5 0.352914 0.319980 0.003339 0.006213
5 0.345021 0.290222 0.003947 0.005559
5 0.344111 0.285971 0.003947 0.004251
6 0.338342 0.279267 0.003339 0.007194
48 0.361415 0.292675 0.021554 0.025507
48 0.402398 0.360203 0.020340 0.016024
5 0.384791 0.371158 0.003947 0.005886
5 0.388737 0.397319 0.003339 0.005232
5 0.392684 0.401733 0.005161 0.006213
9 0.406800 0.425278 0.005464 0.007521
9 0.400273 0.415304 0.005161 0.006540
48 0.167881 0.155821 0.010929 0.012753
5 0.198846 0.130477 0.003036 0.004578
5 0.196721 0.132112 0.004250 0.004578
5 0.195052 0.133911 0.003339 0.005559
5 0.192471 0.135219 0.003643 0.005559
48 0.190650 0.136200 0.003643 0.006213
48 0.090771 0.139143 0.039466 0.042838
48 0.102004 0.125572 0.039466 0.044474
5 0.079994 0.116906 0.004554 0.005559
5 0.084396 0.121485 0.004857 0.004905
5 0.113084 0.151570 0.004554 0.004905
5 0.109138 0.140451 0.004554 0.003597
5 0.108227 0.105952 0.003947 0.005886
5 0.102611 0.100229 0.004857 0.004905
5 0.108379 0.117560 0.003643 0.006213
5 0.111263 0.114290 0.003339 0.006213
5 0.136308 0.105134 0.004250 0.004905
5 0.123862 0.087475 0.005464 0.004905
5 0.129478 0.088457 0.003947 0.004905
5 0.130540 0.086331 0.004857 0.005232
5 0.134791 0.087639 0.003036 0.005886
5 0.140407 0.077175 0.002732 0.006540
48 0.107316 0.043492 0.014268 0.011772
48 0.082271 0.017005 0.009107 0.011772
48 0.009866 0.029431 0.008804 0.012426
48 0.011688 0.009156 0.023376 0.018313
48 0.154068 0.156311 0.016090 0.010464
48 0.139800 0.137018 0.013661 0.013080
48 0.125228 0.113146 0.023376 0.020275
48 0.134183 0.128188 0.016393 0.013080
48 0.140407 0.152060 0.031876 0.022237
48 0.103522 0.193264 0.008500 0.007194
48 0.098664 0.180510 0.012143 0.016351
48 0.097146 0.193591 0.005464 0.005232
48 0.094718 0.212230 0.006679 0.005232
48 0.085914 0.234630 0.012143 0.008829
48 0.078931 0.228254 0.008500 0.007848
48 0.088798 0.241007 0.005768 0.006540
5 0.065270 0.235448 0.004857 0.003924
5 0.027474 0.233486 0.004554 0.005886
5 0.030055 0.252126 0.004250 0.005886
5 0.025653 0.253107 0.003947 0.005886
5 0.008500 0.227109 0.004857 0.005559
48 0.098664 0.305428 0.106254 0.157619
48 0.379478 0.699477 0.015179 0.022891
48 0.383273 0.695389 0.017911 0.023872
48 0.386612 0.693918 0.016090 0.019621
48 0.394505 0.691629 0.010018 0.021583
48 0.397541 0.686723 0.011840 0.022237
48 0.400880 0.683126 0.011233 0.023545
48 0.403461 0.679366 0.015786 0.025834
48 0.410595 0.676913 0.011233 0.019621
48 0.414997 0.676586 0.012750 0.024853
48 0.417881 0.672171 0.015483 0.024526
48 0.420917 0.669228 0.013661 0.023218
48 0.397996 0.658764 0.018215 0.029104
48 0.399818 0.655821 0.010322 0.023218
48 0.403764 0.653205 0.015179 0.026488
48 0.408015 0.651079 0.012143 0.022891
48 0.529599 0.691302 0.010625 0.010464
48 0.536430 0.697351 0.017608 0.012753
48 0.540528 0.705690 0.019126 0.016351
48 0.544778 0.712230 0.013054 0.010464
48 0.547966 0.717789 0.019429 0.010464
48 0.548118 0.725311 0.011233 0.011772
48 0.556315 0.722368 0.014876 0.013734
48 0.561931 0.727273 0.010929 0.008502
48 0.555859 0.731524 0.007893 0.007848
5 0.548877 0.741007 0.004250 0.005886
5 0.551305 0.735775 0.004250 0.004578
5 0.548877 0.732995 0.004250 0.005559
5 0.553734 0.739536 0.004250 0.004905
48 0.562386 0.736429 0.018519 0.014388
48 0.566181 0.742479 0.018215 0.012099
48 0.565422 0.749346 0.010625 0.006867
48 0.590923 0.743460 0.011233 0.014061
48 0.586217 0.748038 0.009715 0.014061
48 0.580601 0.751308 0.011233 0.013407
48 0.574529 0.754905 0.009411 0.011445
48 0.570279 0.758993 0.008804 0.009156
48 0.566485 0.753107 0.009107 0.007848
48 0.603370 0.738228 0.014876 0.011445
48 0.601852 0.729889 0.014876 0.015697
48 0.597298 0.723185 0.011233 0.009483
48 0.576958 0.718934 0.008197 0.009483
48 0.592896 0.731197 0.007893 0.015043
48 0.588494 0.717462 0.022162 0.016351
48 0.583030 0.708633 0.019126 0.012426
48 0.552823 0.698823 0.009107 0.009156
48 0.556011 0.703891 0.009411 0.008829
48 0.568761 0.718607 0.008804 0.008829
48 0.571494 0.723512 0.008197 0.007521
48 0.557681 0.711413 0.009107 0.008829
48 0.564511 0.709941 0.007590 0.010464
48 0.578324 0.729071 0.007286 0.008175
48 0.548421 0.690320 0.014876 0.016351
48 0.558440 0.689339 0.011840 0.013080
48 0.551002 0.677894 0.012750 0.011772
48 0.559502 0.669719 0.015179 0.016351
48 0.554341 0.663506 0.014572 0.012426
48 0.564511 0.677240 0.017304 0.013080
48 0.568610 0.680674 0.012143 0.008175
48 0.570431 0.684107 0.012143 0.009810
48 0.572708 0.688849 0.019733 0.013407
48 0.542805 0.682309 0.010322 0.011445
48 0.531117 0.668738 0.008804 0.006540
48 0.534912 0.679039 0.007893 0.010791
48 0.540225 0.665141 0.013054 0.012426
48 0.545689 0.671517 0.013054 0.009483
48 0.574833 0.699967 0.027019 0.016678
5 0.576958 0.659091 0.003339 0.004251
5 0.579842 0.663179 0.003036 0.004578
5 0.583182 0.668084 0.003036 0.005232
9 0.578628 0.665795 0.004250 0.005886
5 0.567851 0.644702 0.003339 0.004251
5 0.562842 0.637181 0.003036 0.004251
5 0.611718 0.646174 0.004857 0.003270
5 0.620522 0.637672 0.004250 0.003924
5 0.596387 0.648300 0.003947 0.002943
5 0.598209 0.649935 0.003947 0.002943
5 0.599271 0.651897 0.004250 0.002943
5 0.600182 0.653695 0.004250 0.003270
5 0.601397 0.655657 0.004250 0.003270
48 0.582574 0.902387 0.007286 0.006867
48 0.585458 0.906638 0.009411 0.007521
48 0.589405 0.896665 0.010625 0.007848
48 0.591985 0.901406 0.012143 0.009483
48 0.564511 0.820961 0.013661 0.011445
48 0.540832 0.857914 0.006375 0.008175
48 0.553279 0.878025 0.005161 0.004578
48 0.588191 0.861184 0.007590 0.011445
48 0.588494 0.840255 0.014876 0.012099
48 0.598209 0.844343 0.011233 0.009810
48 0.578628 0.825703 0.013358 0.010464
48 0.581815 0.792184 0.024590 0.015370
48 0.590468 0.780412 0.011536 0.012099
48 0.580753 0.763898 0.017608 0.012426
48 0.584851 0.770438 0.014876 0.011772
48 0.588039 0.775016 0.012143 0.006540
48 0.587128 0.807390 0.008500 0.009156
48 0.582878 0.811642 0.005464 0.005232
48 0.589860 0.816056 0.017608 0.016678
48 0.594566 0.826684 0.008197 0.009810
48 0.601852 0.829300 0.017304 0.012426
48 0.603370 0.835840 0.006375 0.006540
48 0.612477 0.832897 0.008197 0.010464
48 0.608834 0.840092 0.010018 0.009156
48 0.594718 0.801504 0.009715 0.009810
48 0.601093 0.805101 0.014572 0.012426
48 0.600941 0.793165 0.012447 0.012099
48 0.610049 0.799542 0.010625 0.011772
48 0.602914 0.812132 0.012750 0.008829
48 0.606709 0.818836 0.012447 0.011118
48 0.610808 0.809026 0.010322 0.012426
48 0.620826 0.823741 0.016393 0.017005
48 0.617486 0.831426 0.010322 0.014061
48 0.611870 0.792838 0.008804 0.012099
48 0.634183 0.810824 0.013358 0.012099
48 0.620978 0.781230 0.008804 0.010464
48 0.614451 0.779267 0.013965 0.016351
48 0.628264 0.781393 0.013054 0.009483
48 0.626897 0.773545 0.012750 0.006213
48 0.605798 0.778123 0.006982 0.012099
48 0.602307 0.771419 0.009107 0.008502
48 0.602155 0.766187 0.016697 0.010464
48 0.599879 0.758829 0.012143 0.012753
48 0.616727 0.766678 0.017304 0.014716
48 0.620067 0.754415 0.008197 0.007194
48 0.617942 0.751145 0.008804 0.007194
48 0.612022 0.754742 0.008500 0.007194
48 0.613843 0.758012 0.007893 0.006540
48 0.635701 0.821288 0.018215 0.017332
48 0.630085 0.789895 0.005161 0.006867
48 0.622192 0.791040 0.013054 0.007848
48 0.624620 0.799052 0.020947 0.012099
48 0.629022 0.807881 0.021251 0.017332
48 0.616879 0.809189 0.004250 0.004251
48 0.604432 0.892413 0.006679 0.007848
48 0.608834 0.889634 0.007590 0.006867
48 0.600789 0.884402 0.017001 0.016678
48 0.609290 0.877207 0.008500 0.014061
48 0.606102 0.857423 0.011233 0.009810
48 0.610504 0.854317 0.005464 0.006213
48 0.614147 0.858241 0.004857 0.006213
48 0.620370 0.869523 0.009411 0.012426
48 0.614147 0.871485 0.008500 0.007194
48 0.613843 0.865108 0.007893 0.011445
48 0.612781 0.908110 0.007590 0.007194
48 0.624013 0.919065 0.012447 0.011445
48 0.622951 0.904676 0.006072 0.008175
48 0.643443 0.905330 0.028840 0.023218
48 0.629326 0.889634 0.023072 0.020602
48 0.628415 0.864781 0.008500 0.008175
48 0.642532 0.825049 0.013661 0.011118
48 0.634487 0.836331 0.012143 0.016024
48 0.624317 0.860366 0.008197 0.010464
48 0.620522 0.855625 0.007286 0.006213
48 0.616120 0.847286 0.013661 0.016351
48 0.622951 0.848103 0.008500 0.007521
48 0.628112 0.840092 0.011536 0.014388
48 0.628719 0.846305 0.012143 0.011772
48 0.627201 0.853172 0.007286 0.007194
48 0.632817 0.859222 0.008197 0.009483
48 0.636308 0.853663 0.010322 0.009483
48 0.641166 0.851046 0.009107 0.011445
48 0.644505 0.846305 0.007286 0.010464
48 0.649818 0.839274 0.016697 0.019294
48 0.640103 0.870831 0.019733 0.017005
48 0.639800 0.861838 0.007590 0.008829
48 0.645719 0.859712 0.010929 0.010464
48 0.649666 0.855625 0.008500 0.010137
48 0.657559 0.853172 0.009107 0.008502
48 0.661050 0.860203 0.008804 0.011445
48 0.655586 0.865271 0.008804 0.011772
48 0.647237 0.873774 0.013965 0.012426
48 0.654523 0.877698 0.009107 0.009810
48 0.657559 0.881295 0.009107 0.008502
48 0.664845 0.875572 0.009107 0.009483
48 0.670461 0.872956 0.007590 0.007521
48 0.647996 0.879823 0.015483 0.012099
48 0.648907 0.885546 0.011233 0.009810
48 0.652398 0.891923 0.008500 0.011445
48 0.671676 0.887181 0.023376 0.022891
48 0.657863 0.897318 0.013965 0.022891
48 0.543412 0.772073 0.042502 0.032701
48 0.513358 0.864127 0.067395 0.083388
48 0.551457 0.914487 0.062234 0.072923
48 0.619460 0.978908 0.084092 0.042184
48 0.535975 0.583715 0.026412 0.041857
48 0.549788 0.604317 0.009715 0.011118
48 0.605039 0.672989 0.032787 0.029431
48 0.624013 0.682799 0.028840 0.034663
48 0.616576 0.704055 0.018822 0.017005
48 0.604736 0.684434 0.015179 0.011772
48 0.610504 0.695716 0.018215 0.012753
48 0.609897 0.691465 0.017608 0.011445
48 0.634487 0.705526 0.034608 0.022564
48 0.657256 0.689993 0.017001 0.012426
48 0.668640 0.680020 0.015483 0.011445
48 0.624772 0.654349 0.010929 0.010464
48 0.630085 0.661870 0.015483 0.013734
48 0.657711 0.708797 0.045234 0.034990
48 0.675167 0.719588 0.028537 0.025834
48 0.678506 0.781230 0.030965 0.031393
48 0.684578 0.801995 0.021858 0.018640
48 0.714633 0.800033 0.030358 0.036952
48 0.767608 0.765533 0.014876 0.019621
48 0.655586 0.748038 0.010018 0.009483
48 0.661961 0.744441 0.010018 0.012099
48 0.668336 0.740517 0.009411 0.010791
48 0.657407 0.736920 0.023376 0.013407
48 0.644202 0.748365 0.013358 0.012753
48 0.642532 0.735285 0.030055 0.018640
48 0.639496 0.684434 0.013661 0.018313
48 0.649666 0.677404 0.016393 0.017986
48 0.658622 0.670046 0.016090 0.017659
48 0.649970 0.658273 0.018215 0.009810
48 0.647693 0.653368 0.013054 0.008502
48 0.645112 0.650752 0.013965 0.009156
48 0.639648 0.668084 0.013965 0.009156
48 0.651639 0.664323 0.013054 0.010791
48 0.638130 0.639470 0.014572 0.009483
48 0.640103 0.643067 0.013661 0.009483
48 0.642228 0.647318 0.013661 0.010137
48 0.641318 0.765697 0.012447 0.011445
48 0.643898 0.774362 0.013965 0.012426
48 0.653309 0.782047 0.010322 0.008175
48 0.645264 0.785808 0.009411 0.011772
48 0.639648 0.760301 0.006679 0.003924
48 0.655282 0.794801 0.020947 0.013407
48 0.654068 0.802485 0.011840 0.007194
48 0.661354 0.805101 0.022769 0.013080
48 0.666363 0.808862 0.006679 0.005559
48 0.658318 0.813113 0.013661 0.006213
48 0.667729 0.820961 0.023983 0.025180
48 0.680480 0.838293 0.023983 0.015370
48 0.678355 0.831753 0.023376 0.014061
48 0.685337 0.846632 0.025197 0.018313
48 0.701882 0.888489 0.017001 0.007848
48 0.683515 0.854971 0.015483 0.012753
48 0.690801 0.862328 0.023376 0.015043
48 0.696570 0.870994 0.020947 0.014716
48 0.698695 0.878679 0.017304 0.013734
48 0.710838 0.881949 0.013054 0.017005
48 0.703400 0.891759 0.016393 0.015697
48 0.708257 0.864454 0.007286 0.012753
48 0.727383 0.842871 0.009715 0.010791
48 0.735276 0.855788 0.021858 0.024199
48 0.698998 0.848921 0.008804 0.009156
48 0.703400 0.856769 0.006679 0.007194
48 0.719945 0.897318 0.016090 0.015043
48 0.732392 0.898300 0.006982 0.007848
48 0.736794 0.897482 0.003643 0.004251
48 0.734669 0.894866 0.004250 0.004251
48 0.740589 0.884402 0.019126 0.016678
48 0.764572 0.867561 0.014876 0.012426
48 0.748330 0.944408 0.031573 0.029431
48 0.747571 0.924787 0.014876 0.011118
48 0.711141 0.905003 0.017304 0.014716
48 0.722526 0.913342 0.018215 0.015043
48 0.736491 0.909908 0.013358 0.010791
48 0.741955 0.913015 0.007893 0.007194
48 0.732392 0.929039 0.008804 0.008502
48 0.730723 0.921190 0.018822 0.009156
48 0.730874 0.924624 0.011840 0.008175
48 0.739526 0.920863 0.006072 0.006540
48 0.770188 0.961740 0.018215 0.010464
48 0.779599 0.968280 0.009715 0.012426
48 0.771403 0.967953 0.008500 0.008502
48 0.753339 0.980379 0.017304 0.017005
48 0.776108 0.978744 0.005768 0.006540
48 0.772161 0.975147 0.006375 0.007194
48 0.789769 0.986756 0.005768 0.004905
48 0.783849 0.981033 0.018215 0.015697
48 0.746812 0.988555 0.010929 0.009156
48 0.740893 0.975801 0.026412 0.020275
48 0.737401 0.963211 0.022465 0.018640
48 0.708561 0.936723 0.020036 0.015370
48 0.717668 0.941792 0.015179 0.013080
48 0.722222 0.950785 0.019429 0.016678
48 0.707347 0.947188 0.007286 0.008175
48 0.698846 0.981033 0.013965 0.015697
48 0.709927 0.954545 0.010625 0.011772
48 0.715392 0.968934 0.010625 0.010464
48 0.722526 0.974003 0.015179 0.015370
48 0.686703 0.964356 0.015179 0.013080
48 0.680631 0.954382 0.013965 0.014061
48 0.673194 0.945880 0.015483 0.014061
48 0.692471 0.972531 0.015179 0.014388
48 0.678203 0.975147 0.015786 0.015043
48 0.702338 0.965664 0.011233 0.010464
48 0.708409 0.977436 0.009411 0.009156
48 0.697480 0.955036 0.012447 0.010791
48 0.688828 0.991661 0.017608 0.016678
48 0.664238 0.955199 0.012143 0.008502
48 0.670461 0.964192 0.018519 0.018640
48 0.607165 0.949967 0.011536 0.013734
48 0.613540 0.948823 0.009107 0.013407
48 0.616272 0.945553 0.014572 0.020602
48 0.619915 0.941138 0.011536 0.013734
48 0.625835 0.936887 0.012447 0.016351
48 0.632665 0.932309 0.013965 0.015697
48 0.641925 0.926422 0.013661 0.013080
48 0.627808 0.949477 0.012143 0.012753
48 0.647237 0.936887 0.012143 0.013734
48 0.633728 0.946207 0.007590 0.008829
48 0.637826 0.941138 0.009107 0.009810
48 0.614147 0.958306 0.007893 0.010791
48 0.657407 0.920209 0.010018 0.011118
48 0.661658 0.934107 0.006982 0.008175
48 0.656648 0.928548 0.010322 0.011445
48 0.655282 0.947678 0.010018 0.010464
48 0.643139 0.945389 0.008804 0.011772
48 0.649211 0.928385 0.009411 0.013734
48 0.663631 0.916285 0.009107 0.015697
48 0.668033 0.909908 0.007590 0.009483
48 0.669095 0.912852 0.007286 0.006867
48 0.672283 0.918084 0.008197 0.007521
48 0.660899 0.943591 0.009715 0.011445
48 0.664693 0.939503 0.008197 0.007194
48 0.673953 0.929693 0.014572 0.013080
48 0.683971 0.935088 0.012750 0.013407
48 0.693989 0.945062 0.013965 0.015697
48 0.676230 0.908764 0.011840 0.013080
48 0.684578 0.916122 0.012143 0.008175
48 0.687158 0.927404 0.010625 0.013734
48 0.691105 0.922171 0.010018 0.010464
48 0.696266 0.914814 0.017304 0.014716
48 0.701275 0.924624 0.019429 0.012753
48 0.705981 0.928548 0.014876 0.010137
48 0.686400 0.899608 0.011536 0.011118
48 0.683971 0.908927 0.006679 0.006867
48 0.692775 0.903368 0.013965 0.008175
48 0.649363 0.952910 0.008500 0.007848
48 0.655282 0.959124 0.009411 0.013734
48 0.620674 0.965664 0.013661 0.017005
48 0.628871 0.962557 0.008804 0.014061
48 0.635094 0.962721 0.006679 0.007194
48 0.635398 0.956181 0.013965 0.013080
48 0.642228 0.953401 0.007590 0.008829
48 0.648300 0.962557 0.010018 0.012753
48 0.643898 0.965991 0.007893 0.009810
48 0.639648 0.969751 0.009107 0.010791
48 0.635398 0.973185 0.008500 0.011772
48 0.629630 0.975638 0.010929 0.012753
48 0.634335 0.987083 0.011233 0.012753
48 0.638130 0.985121 0.007893 0.011445
48 0.642380 0.982668 0.007286 0.009810
48 0.645871 0.978090 0.007590 0.009810
48 0.650729 0.976292 0.011233 0.014061
48 0.654372 0.974330 0.009411 0.013407
48 0.657863 0.972695 0.007893 0.014061
48 0.644809 0.993623 0.009715 0.012753
48 0.651488 0.987574 0.008500 0.011772
48 0.647541 0.990517 0.007893 0.010464
48 0.658470 0.986429 0.007893 0.010791
48 0.662872 0.982995 0.006982 0.009810
48 0.665756 0.975965 0.010929 0.014716
48 0.668185 0.992479 0.012143 0.014388
48 0.675926 0.990680 0.009411 0.011445
48 0.673042 0.985939 0.010322 0.007194
48 0.709016 0.988064 0.014876 0.009483
48 0.717668 0.982668 0.007286 0.005886
48 0.725410 0.992806 0.011233 0.014388
48 0.930328 0.937704 0.036126 0.026488
48 0.897389 0.885383 0.040680 0.025834
48 0.901184 0.666939 0.039769 0.060497
48 0.928506 0.657456 0.030662 0.032374
48 0.674408 0.826357 0.028840 0.016351
48 0.923194 0.695716 0.012143 0.008175
48 0.940042 0.709287 0.011233 0.008502
48 0.929721 0.714029 0.014876 0.008175
48 0.928962 0.724330 0.013965 0.010464
48 0.942927 0.722041 0.015786 0.009810
48 0.915149 0.720896 0.018519 0.015370
48 0.901032 0.721550 0.011536 0.010137
48 0.913479 0.712557 0.016393 0.005886
48 0.913175 0.708797 0.015179 0.007521
48 0.910747 0.705854 0.018215 0.008175
48 0.906952 0.701929 0.017911 0.008175
48 0.897693 0.739699 0.012750 0.010464
48 0.901488 0.747384 0.011233 0.012099
48 0.907256 0.732178 0.017911 0.015043
48 0.912568 0.742152 0.017001 0.013407
48 0.925774 0.736593 0.014876 0.013407
48 0.935033 0.819490 0.018215 0.018313
48 0.943534 0.807390 0.015786 0.017659
48 0.964936 0.789895 0.019126 0.021256
48 0.953704 0.767822 0.017911 0.016351
48 0.946418 0.759974 0.018519 0.013734
48 0.931998 0.762590 0.015179 0.011772
48 0.879326 0.731360 0.018519 0.014716
48 0.887826 0.720406 0.023983 0.026815
5 0.919095 0.760137 0.003947 0.006213
48 0.937007 0.797907 0.014876 0.014388
48 0.927596 0.785808 0.013054 0.010464
48 0.921524 0.775834 0.014268 0.011445
48 0.924863 0.781393 0.014876 0.010137
48 0.917274 0.770111 0.012447 0.011772
48 0.933819 0.791530 0.009715 0.007521
48 0.956436 0.798888 0.016697 0.015697
48 0.948087 0.787933 0.017608 0.016024
48 0.957043 0.776488 0.009411 0.008829
48 0.940650 0.775834 0.014876 0.014061
48 0.935185 0.768640 0.013054 0.010791
48 0.937766 0.771256 0.012750 0.007521
48 0.914997 0.789405 0.015786 0.019621
48 0.907711 0.778450 0.013358 0.010791
48 0.923042 0.801504 0.015483 0.012426
48 0.925926 0.806573 0.017608 0.010137
48 0.929721 0.810497 0.013054 0.008829
48 0.896478 0.815729 0.017001 0.015370
48 0.910140 0.809680 0.018215 0.015697
48 0.916363 0.815566 0.012447 0.009156
48 0.909381 0.820144 0.006375 0.006540
48 0.901943 0.824559 0.015786 0.012753
48 0.914693 0.820144 0.012143 0.006540
48 0.917274 0.821288 0.014268 0.009483
48 0.920158 0.825213 0.017001 0.012753
48 0.903916 0.803630 0.015483 0.012099
48 0.900880 0.798398 0.015483 0.010137
48 0.895112 0.789732 0.019126 0.013734
48 0.867031 0.799215 0.012750 0.010464
48 0.890255 0.804120 0.013661 0.015043
48 0.882362 0.793656 0.015483 0.015697
48 0.878264 0.771256 0.040073 0.033682
48 0.904220 0.861674 0.017304 0.016351
48 0.910899 0.857750 0.015483 0.015043
48 0.912872 0.852027 0.007893 0.008175
48 0.916667 0.848921 0.008804 0.007194
48 0.917881 0.856279 0.007590 0.006867
48 0.922890 0.860693 0.011536 0.010464
48 0.931239 0.869359 0.019733 0.019294
48 0.944596 0.879987 0.008197 0.008502
48 0.938676 0.883257 0.009715 0.010464
48 0.930328 0.885219 0.008804 0.011772
48 0.946266 0.889143 0.016393 0.013734
48 0.948998 0.895520 0.009715 0.005559
48 0.935033 0.901243 0.020644 0.026161
48 0.956436 0.884729 0.006982 0.008829
48 0.958713 0.889307 0.006072 0.006213
48 0.960990 0.893885 0.006375 0.006213
48 0.964025 0.898954 0.006375 0.006540
48 0.965999 0.901733 0.004857 0.004251
48 0.967061 0.903205 0.006375 0.003924
48 0.968883 0.906965 0.005768 0.005559
48 0.982999 0.905984 0.018215 0.016024
48 0.951730 0.899281 0.015179 0.010464
48 0.954007 0.902551 0.013661 0.009156
48 0.956284 0.906802 0.013965 0.009810
48 0.958865 0.908600 0.012447 0.007521
48 0.959927 0.912361 0.015179 0.009810
48 0.962356 0.915468 0.013965 0.008829
48 0.947480 0.913179 0.009715 0.010137
48 0.967365 0.922171 0.010018 0.011772
48 0.941560 0.853172 0.011840 0.010464
48 0.939132 0.836658 0.017304 0.017986
48 0.929873 0.839274 0.011536 0.013407
48 0.928658 0.843362 0.011536 0.013734
48 0.925471 0.846141 0.009411 0.012753
48 0.922435 0.848594 0.011840 0.016351
48 0.913175 0.837148 0.009715 0.010464
48 0.919551 0.834696 0.008500 0.009483
48 0.923346 0.832570 0.004554 0.005232
48 0.908925 0.839438 0.004857 0.004578
48 0.911809 0.842871 0.005768 0.006867
48 0.907104 0.831753 0.013358 0.012099
48 0.952793 0.814585 0.011840 0.011118
48 0.961445 0.809026 0.011536 0.010464
48 0.969490 0.802322 0.013661 0.010137
48 0.978294 0.815402 0.015483 0.010137
48 0.983151 0.821779 0.013661 0.009810
48 0.987705 0.815402 0.005161 0.007521
48 0.973740 0.809026 0.017911 0.009810
48 0.948239 0.823250 0.012447 0.012099
48 0.834244 0.983976 0.012750 0.011118
48 0.847450 0.976619 0.015483 0.014716
48 0.858986 0.969915 0.014876 0.014388
48 0.868701 0.982668 0.017304 0.017005
48 0.855798 0.985775 0.013965 0.012099
48 0.879781 0.987574 0.009107 0.009810
48 0.881148 0.974657 0.015483 0.012753
48 0.890407 0.966808 0.014572 0.012099
48 0.896478 0.976619 0.015786 0.012753
48 0.872799 0.961903 0.015179 0.016678
48 0.879933 0.988718 0.009411 0.012099
48 0.884791 0.986102 0.008197 0.008829
48 0.903005 0.989699 0.011840 0.014061
48 0.885853 0.958306 0.018215 0.018640
48 0.903157 0.952583 0.013358 0.016351
48 0.903157 0.965827 0.012143 0.015370
48 0.894353 0.952093 0.012750 0.016678
48 0.911506 0.955036 0.012447 0.014061
48 0.880844 0.950948 0.015483 0.011118
51 0.539314 0.525180 0.028840 0.030085
51 0.554493 0.516678 0.030662 0.030739
51 0.570127 0.505723 0.026108 0.031720
51 0.585914 0.498201 0.029144 0.033682
51 0.605798 0.563767 0.031876 0.022237
53 0.742259 0.431982 0.029144 0.033355
5 0.763509 0.481360 0.004857 0.003270
5 0.761840 0.483159 0.004554 0.002943
5 0.681694 0.476782 0.003339 0.003924
5 0.625835 0.733159 0.002732 0.003924
5 0.624013 0.730379 0.002732 0.005559
5 0.620826 0.725638 0.002429 0.003924
5 0.619004 0.722858 0.002429 0.003597
5 0.852459 0.849411 0.004250 0.002943
5 0.842744 0.852682 0.004857 0.003597
5 0.848057 0.861347 0.005161 0.002616
5 0.849727 0.863473 0.004857 0.002943
54 0.893443 0.590746 0.021251 0.019294
5 0.969035 0.935252 0.003643 0.002616
5 0.320431 0.592708 0.004554 0.002943
5 0.357165 0.551668 0.003947 0.003924
5 0.162872 0.407292 0.004554 0.003597
5 0.098968 0.332243 0.003036 0.003924
5 0.327717 0.039241 0.002732 0.003924
5 0.330146 0.038260 0.003339 0.003924
5 0.317243 0.047907 0.003036 0.003597
5 0.321949 0.055428 0.003947 0.002943
5 0.284912 0.156965 0.003339 0.004578
23 0.447784 0.085023 0.051609 0.039241
23 0.454766 0.074886 0.059502 0.043819
28 0.616727 0.009647 0.034912 0.019294
26 0.689739 0.081589 0.030965 0.024526
28 0.680328 0.024526 0.111111 0.049052
26 0.406648 0.166449 0.025804 0.034663
26 0.430935 0.201929 0.025804 0.036952
26 0.441712 0.195062 0.031573 0.036298
28 0.680935 0.093198 0.041287 0.030085
23 0.707043 0.281720 0.019429 0.025834
23 0.699605 0.276324 0.019126 0.026161
23 0.912568 0.351864 0.034608 0.047744
23 0.874165 0.417593 0.034912 0.048398
27 0.888737 0.405657 0.006982 0.015370
23 0.848968 0.477927 0.020340 0.032374
23 0.840771 0.474330 0.022162 0.031720
23 0.577110 0.410889 0.014572 0.017986
23 0.558743 0.380150 0.027019 0.033028
23 0.673649 0.338293 0.025501 0.032374
27 0.379933 0.113309 0.023983 0.016024
23 0.685792 0.301341 0.020036 0.027796
23 0.302216 0.021419 0.017304 0.019294
23 0.288555 0.006540 0.014876 0.013080
23 0.307984 0.020765 0.011840 0.013407
23 0.330449 0.026815 0.014268 0.012426
27 0.352459 0.071452 0.024287 0.018640
23 0.357013 0.084369 0.011536 0.017005
48 0.149666 0.021256 0.020036 0.011772
48 0.789769 0.269294 0.064056 0.057881
6 0.054797 0.326357 0.014876 0.006540
5 0.994991 0.648790 0.003947 0.004578
48 0.196114 0.014879 0.008500 0.009483
48 0.157256 0.050687 0.012143 0.009156
5 0.398148 0.549542 0.004554 0.003597
5 0.422435 0.547907 0.003947 0.003597
5 0.174863 0.165141 0.005464 0.003924
5 0.146934 0.411380 0.004857 0.006540
5 0.360656 0.701439 0.005464 0.006540
5 0.547055 0.789732 0.005464 0.003924
48 0.023679 0.029922 0.008500 0.006867
5 0.389496 0.555592 0.004250 0.003270
5 0.239678 0.093852 0.004554 0.004578
5 0.691257 0.420700 0.004857 0.006213
5 0.565574 0.641269 0.004250 0.004578
5 0.493473 0.534827 0.003339 0.004905
5 0.512902 0.835186 0.002125 0.003924
5 0.783698 0.860366 0.003339 0.005886
48 0.011688 0.018803 0.011233 0.009483
48 0.090164 0.053957 0.011536 0.015043
5 0.230571 0.082734 0.003947 0.004578
5 0.365513 0.356279 0.004857 0.006213
5 0.617790 0.633911 0.006072 0.004251
5 0.610049 0.643885 0.006375 0.005232
5 0.815877 0.838130 0.005161 0.005232
5 0.411961 0.540713 0.004857 0.003597
5 0.348209 0.329137 0.004250 0.006213
5 0.365361 0.698496 0.003339 0.005232
5 0.447632 0.810334 0.003947 0.005232
5 0.504250 0.879823 0.004857 0.005559
5 0.795841 0.850719 0.003947 0.004905
48 0.217972 0.010301 0.007893 0.006867
48 0.091834 0.030249 0.020340 0.013407
48 0.068458 0.049869 0.011840 0.015370
48 0.089253 0.065893 0.009107 0.011445
48 0.150729 0.011609 0.025804 0.017332
48 0.343200 0.166285 0.070128 0.064421
5 0.243473 0.098430 0.004857 0.004578
5 0.222222 0.324068 0.005464 0.006540
5 0.142684 0.187868 0.004857 0.004251
5 0.021858 0.225801 0.004250 0.005559
5 0.161202 0.431818 0.004857 0.006213
5 0.210534 0.473022 0.006982 0.003597
48 0.131906 0.058862 0.015483 0.009810
48 0.107316 0.055592 0.011840 0.013080
48 0.154979 0.053466 0.014268 0.010791
5 0.095173 0.080772 0.005161 0.005232
48 0.110504 0.090746 0.026108 0.017332
48 0.147086 0.077992 0.010018 0.008175
27 0.982544 0.533682 0.034912 0.106606
5 0.272769 0.295291 0.006375 0.005232
5 0.207347 0.465664 0.006072 0.003270
5 0.361870 0.333715 0.004250 0.004251
5 0.750759 0.864617 0.004250 0.003270
5 0.800546 0.848103 0.003643 0.004905
10 0.192623 0.037606 0.005161 0.007194
48 0.015179 0.037443 0.012750 0.015370
48 0.115058 0.027632 0.011536 0.014716
48 0.105039 0.070144 0.012750 0.017332
5 0.175926 0.362328 0.005768 0.004578
5 0.739526 0.872793 0.004857 0.004578
23 0.716606 0.245749 0.028233 0.030412
48 0.005464 0.057227 0.010929 0.013734
48 0.028992 0.020438 0.017911 0.014061
48 0.149362 0.026815 0.014572 0.009810
48 0.576654 0.091236 0.178810 0.182472
5 0.536885 0.728090 0.005161 0.004905
5 0.520644 0.902387 0.004857 0.005559
6 0.064208 0.358568 0.013661 0.017332
5 0.306314 0.196370 0.003643 0.005559
48 0.123710 0.079791 0.022769 0.013734
48 0.833333 0.416776 0.033394 0.053303
5 0.426837 0.545291 0.004250 0.004251
5 0.009259 0.208797 0.003947 0.005559
5 0.035216 0.239045 0.005464 0.004578
5 0.554948 0.750163 0.004250 0.006540
5 0.854281 0.852518 0.005464 0.003924
48 0.003036 0.080772 0.006072 0.011118
48 0.201275 0.012426 0.008500 0.012426
5 0.805404 0.845651 0.004250 0.005232
5 0.830905 0.838784 0.003643 0.004578
5 0.856254 0.871975 0.005768 0.005559
48 0.142380 0.041694 0.014572 0.010137
48 0.737857 0.353335 0.087128 0.059843
5 0.349120 0.308535 0.002429 0.005559
6 0.068154 0.354807 0.008804 0.013080
5 0.809654 0.384238 0.003643 0.005232
5 0.755920 0.477273 0.006072 0.004905
5 0.458409 0.811315 0.004857 0.004578
48 0.036582 0.010955 0.018519 0.012099
48 0.146175 0.038751 0.013054 0.010137
5 0.383576 0.558371 0.005161 0.003597
5 0.412720 0.554120 0.005161 0.003597
5 0.734366 0.875899 0.004250 0.004251
5 0.828172 0.834205 0.003036 0.003924
48 0.107620 0.019294 0.014876 0.011772
5 0.287037 0.162198 0.005161 0.005886
5 0.099727 0.400425 0.006375 0.004251
5 0.358986 0.329300 0.003947 0.004578
5 0.491803 0.741825 0.004250 0.006213
48 0.132362 0.064421 0.015179 0.011772
48 0.106709 0.027796 0.010018 0.007194
5 0.402550 0.547090 0.004250 0.003270
5 0.256982 0.119523 0.003947 0.004905
5 0.812690 0.379333 0.004857 0.006540
5 0.429569 0.801504 0.003643 0.004578
48 0.236642 0.006867 0.031269 0.013734
48 0.205373 0.010628 0.006375 0.011445
48 0.134487 0.016514 0.010322 0.012753
5 0.430935 0.543002 0.003947 0.003597
5 0.024590 0.049215 0.005464 0.002943
5 0.201275 0.341890 0.005464 0.004905
5 0.221463 0.363146 0.004554 0.005559
5 0.750607 0.422335 0.005768 0.004251
5 0.605798 0.638816 0.005768 0.005559
5 0.828931 0.819980 0.006375 0.004251
6 0.013054 0.236593 0.013965 0.015370
48 0.004250 0.036952 0.008500 0.008502
5 0.574529 0.654676 0.004554 0.004578
5 0.501973 0.548234 0.003947 0.004905
5 0.809806 0.843362 0.004554 0.005886
5 0.834699 0.844670 0.003947 0.005232
10 0.147086 0.380150 0.008804 0.008829
48 0.030662 0.027959 0.009107 0.005559
48 0.001821 0.101210 0.003643 0.010137
48 0.079842 0.051831 0.009715 0.010791
5 0.220553 0.331753 0.006375 0.004251
5 0.346236 0.296272 0.002732 0.005232
5 0.251821 0.403859 0.003947 0.005232
5 0.520188 0.841400 0.002125 0.005886
48 0.020036 0.024362 0.006072 0.008829
48 0.003491 0.074886 0.006982 0.016351
48 0.086521 0.052158 0.009715 0.014716
48 0.129933 0.020929 0.012143 0.013080
48 0.123710 0.023218 0.013661 0.014388
48 0.144809 0.081589 0.011536 0.007521
5 0.407256 0.544146 0.004554 0.003924
5 0.124772 0.466318 0.007286 0.005232
5 0.425622 0.796272 0.003643 0.005232
5 0.500304 0.754415 0.004857 0.005886
8 0.014572 0.216645 0.006679 0.007521
48 0.072860 0.040876 0.010322 0.015043
5 0.440346 0.536952 0.003947 0.003924
5 0.378264 0.357914 0.003643 0.004251
5 0.852004 0.866089 0.006375 0.004251
48 0.030206 0.032374 0.007590 0.005232
48 0.033698 0.016514 0.019429 0.014061
48 0.071190 0.025997 0.019126 0.017332
48 0.200668 0.577992 0.032787 0.036298
5 0.393898 0.552485 0.003947 0.002943
5 0.251366 0.047090 0.005464 0.003924
5 0.284305 0.287933 0.005768 0.004251
6 0.090923 0.368051 0.014268 0.007521
5 0.356557 0.324395 0.005768 0.004578
5 0.879781 0.869523 0.002429 0.004578
16 0.068913 0.291857 0.007893 0.008829
48 0.003947 0.017659 0.006072 0.004578
48 0.001670 0.029758 0.003339 0.007194
5 0.267304 0.130968 0.005161 0.004905
5 0.324074 0.042838 0.004554 0.006540
5 0.203400 0.462067 0.005464 0.003924
5 0.845932 0.857423 0.005768 0.005232
5 0.858227 0.858895 0.006072 0.004251
29 0.655890 0.373774 0.041591 0.044474
48 0.003339 0.088129 0.006679 0.012753
48 0.123254 0.032047 0.012143 0.014388
5 0.096843 0.082570 0.005464 0.005559
5 0.218427 0.065239 0.003947 0.005559
5 0.737705 0.444245 0.005464 0.004905
5 0.467213 0.822269 0.004250 0.003597
5 0.509259 0.887018 0.005161 0.005559
48 0.137523 0.053466 0.020036 0.015370
48 0.148452 0.073578 0.010929 0.009810
46 0.794323 0.460759 0.048270 0.056246
5 0.340468 0.319163 0.003339 0.005886
5 0.742866 0.435742 0.004857 0.004251
5 0.570735 0.649935 0.004250 0.005559
5 0.464025 0.848757 0.004554 0.004251
5 0.787796 0.856606 0.004250 0.005559
5 0.989678 0.658600 0.005464 0.004578
28 0.693230 0.055265 0.051305 0.055592
48 0.084396 0.063767 0.007286 0.008502
48 0.143594 0.084369 0.009107 0.008502
48 0.157559 0.064258 0.010322 0.015370
48 0.140255 0.023872 0.009107 0.009156
48 0.699454 0.616906 0.096539 0.105625
5 0.417577 0.550687 0.004554 0.003270
5 0.051913 0.199967 0.004250 0.004251
5 0.992410 0.653695 0.004857 0.004578
48 0.096084 0.067201 0.013661 0.013407
48 0.164542 0.068509 0.011536 0.015370
5 0.399059 0.560988 0.006375 0.003597
5 0.350638 0.314912 0.003643 0.006540
5 0.594262 0.646174 0.005161 0.003270
5 0.514724 0.895029 0.004554 0.004578
5 0.833333 0.859549 0.004857 0.005559
48 0.094566 0.013571 0.017911 0.019948
5 0.435944 0.540059 0.004857 0.003597
5 0.258197 0.124755 0.003947 0.004905
5 0.310413 0.267986 0.005768 0.004905
5 0.523072 0.843852 0.001821 0.003597
5 0.515786 0.837966 0.002429 0.004251
5 0.938676 0.951439 0.006072 0.004251
48 0.079842 0.037606 0.010322 0.015697
48 0.767608 0.305592 0.070735 0.051995
5 0.135853 0.449477 0.005161 0.005559
5 0.267911 0.425932 0.003947 0.004251
5 0.747875 0.426423 0.005161 0.003924
5 0.523831 0.787443 0.003947 0.005232
5 0.137978 0.181655 0.005161 0.003597
48 0.098209 0.048561 0.010018 0.009483
5 0.464025 0.817201 0.004554 0.003924
5 0.779447 0.863636 0.003947 0.005232
23 0.375987 0.105625 0.020947 0.012426
48 0.135246 0.070634 0.012447 0.008502
48 0.152702 0.058535 0.012750 0.011118
48 0.847146 0.349738 0.054948 0.057881
5 0.876746 0.872793 0.003036 0.004578
5 0.747875 0.217135 0.006375 0.005886
26 0.366576 0.065239 0.011233 0.010137
48 0.010777 0.073578 0.008197 0.009156
48 0.092137 0.038424 0.008197 0.008175
5 0.548573 0.781884 0.005464 0.004578
5 0.745750 0.868051 0.004554 0.004251
48 0.025804 0.040876 0.013965 0.013080
48 0.462204 0.039078 0.039162 0.050033
