48 0.269429 0.991174 0.053127 0.017653
48 0.247571 0.996241 0.021554 0.007519
48 0.074985 0.997548 0.011536 0.004904
48 0.370674 0.996241 0.012750 0.007519
48 0.273072 0.987251 0.022769 0.020268
48 0.209624 0.994770 0.019733 0.010461
48 0.258804 0.994933 0.016697 0.010134
48 0.186551 0.997548 0.029447 0.004904
48 0.100486 0.996404 0.009107 0.007192
48 0.022617 0.987087 0.037948 0.025825
28 0.634942 0.985616 0.034912 0.028768
28 0.698543 0.975646 0.111111 0.048709
23 0.320431 0.996731 0.017304 0.006538
23 0.306770 0.985943 0.014876 0.017653
48 0.214329 0.995914 0.008500 0.008173
48 0.029903 0.997875 0.011233 0.004250
48 0.236187 0.991991 0.007893 0.006865
48 0.168944 0.992318 0.025804 0.015364
48 0.047207 0.997548 0.017911 0.004904
48 0.594869 0.988722 0.178810 0.022556
48 0.219490 0.993952 0.008500 0.012095
48 0.054797 0.992645 0.018519 0.012095
48 0.125835 0.997548 0.014876 0.004904
48 0.254857 0.981693 0.031269 0.027460
48 0.223588 0.992318 0.006375 0.011442
48 0.152702 0.995914 0.010322 0.008173
48 0.148148 0.998039 0.012143 0.003923
48 0.051913 0.995587 0.019429 0.008826
48 0.022162 0.998529 0.006072 0.002942
48 0.112781 0.992645 0.017911 0.014711
48 0.394505 0.375286 0.051913 0.024191
48 0.441105 0.362537 0.026108 0.018307
48 0.464025 0.355835 0.021554 0.029094
48 0.475106 0.354364 0.020036 0.024845
48 0.530358 0.331808 0.038251 0.026152
48 0.565118 0.323472 0.053127 0.023864
48 0.594869 0.289474 0.020947 0.021249
48 0.322860 0.191729 0.046448 0.046093
5 0.146023 0.963060 0.006072 0.003923
48 0.113692 0.979568 0.012447 0.012749
48 0.010929 0.798790 0.008500 0.010788
48 0.016545 0.792089 0.010625 0.010461
5 0.044475 0.767571 0.005161 0.003923
5 0.051913 0.771657 0.006072 0.004250
5 0.101852 0.783262 0.002125 0.004577
5 0.106406 0.784897 0.003339 0.005884
5 0.067395 0.788166 0.003036 0.002615
5 0.081512 0.793723 0.005161 0.002615
5 0.109138 0.806800 0.005768 0.002615
5 0.124317 0.805165 0.005161 0.003923
48 0.062842 0.846682 0.020036 0.013076
23 0.461900 0.412390 0.164238 0.055247
5 0.049029 0.397025 0.003339 0.004250
5 0.040528 0.395227 0.003339 0.004577
5 0.074529 0.438869 0.005161 0.002942
5 0.133576 0.356652 0.003036 0.003923
5 0.151184 0.179961 0.004250 0.002942
5 0.389344 0.120628 0.003339 0.001961
53 0.525805 0.232756 0.055859 0.016999
5 0.575440 0.196143 0.004554 0.002615
5 0.585762 0.194508 0.004554 0.001961
5 0.706436 0.046420 0.002429 0.004577
5 0.713874 0.050507 0.002732 0.003596
5 0.717820 0.053612 0.002732 0.004577
5 0.773224 0.194181 0.004250 0.001961
5 0.768215 0.194018 0.004554 0.002288
5 0.783698 0.195162 0.002732 0.003923
5 0.785519 0.200229 0.002732 0.004904
5 0.767608 0.203825 0.002125 0.004250
5 0.788100 0.211180 0.002429 0.005230
5 0.785519 0.218862 0.003947 0.002288
5 0.786582 0.220824 0.004250 0.001635
5 0.786733 0.222949 0.003947 0.001961
5 0.758349 0.264629 0.002429 0.004904
5 0.762295 0.264139 0.001821 0.003269
5 0.756072 0.264792 0.002125 0.003923
5 0.747571 0.268225 0.003947 0.002288
5 0.720249 0.263812 0.002125 0.003923
5 0.717061 0.263812 0.002429 0.003923
5 0.700061 0.262504 0.002429 0.004577
5 0.711445 0.264139 0.002732 0.004577
5 0.810565 0.291599 0.003036 0.005884
5 0.725106 0.290781 0.004554 0.002288
10 0.820279 0.293397 0.002429 0.005557
51 0.577869 0.342432 0.030055 0.019941
51 0.547966 0.349461 0.025501 0.015691
53 0.598664 0.328212 0.013965 0.027460
53 0.849879 0.165414 0.037341 0.058189
53 0.887371 0.185845 0.029751 0.064400
53 0.826047 0.189441 0.033394 0.049363
53 0.826351 0.128637 0.048573 0.054593
5 0.800546 0.076005 0.004857 0.003596
5 0.788100 0.064073 0.003036 0.003269
5 0.678355 0.092024 0.003947 0.002942
53 0.593503 0.231448 0.049180 0.022229
53 0.588191 0.250245 0.048877 0.017980
53 0.644353 0.254168 0.045841 0.030402
5 0.047662 0.411245 0.003036 0.003923
53 0.280510 0.126185 0.023679 0.030729
53 0.646023 0.327395 0.013358 0.029094
53 0.654979 0.318241 0.010018 0.021249
53 0.670006 0.292416 0.030358 0.031056
23 0.448391 0.306473 0.003036 0.008173
24 0.183212 0.323635 0.006982 0.013730
24 0.244839 0.095619 0.004554 0.012095
23 0.437917 0.307453 0.001518 0.006865
23 0.328324 0.925302 0.016090 0.012095
23 0.286430 0.902583 0.012447 0.011115
23 0.249393 0.903563 0.006982 0.004577
23 0.250759 0.905688 0.006072 0.004250
23 0.252732 0.907323 0.004554 0.004904
23 0.252884 0.909121 0.004250 0.005230
23 0.252884 0.911572 0.004250 0.004250
23 0.257134 0.911899 0.004250 0.004904
23 0.258045 0.913534 0.006679 0.006211
23 0.258956 0.915495 0.007286 0.005557
23 0.260474 0.917457 0.006072 0.004904
23 0.262447 0.917947 0.006982 0.005884
23 0.262295 0.920235 0.004857 0.003923
23 0.263661 0.921543 0.006982 0.005230
23 0.265027 0.924812 0.007893 0.005230
23 0.266697 0.926610 0.005161 0.003596
23 0.268215 0.929225 0.005161 0.003596
23 0.268215 0.930860 0.005161 0.003596
23 0.269733 0.932331 0.005768 0.003269
23 0.269885 0.933965 0.006679 0.003269
23 0.280510 0.947532 0.004250 0.004904
23 0.282332 0.948022 0.007286 0.007192
23 0.283698 0.950637 0.008804 0.007846
23 0.283698 0.953416 0.006375 0.006211
23 0.285823 0.954070 0.007590 0.006865
23 0.287037 0.956195 0.008804 0.007192
23 0.288555 0.957502 0.007590 0.007192
23 0.289769 0.959137 0.008197 0.007192
23 0.290984 0.960772 0.007590 0.005884
23 0.292502 0.962079 0.008804 0.007192
23 0.294930 0.965838 0.009411 0.005557
29 0.024287 0.483818 0.038251 0.015038
24 0.188980 0.228996 0.005161 0.013403
23 0.289010 0.899967 0.010322 0.009153
23 0.304493 0.918110 0.015179 0.012749
23 0.307832 0.911246 0.013965 0.009480
23 0.306011 0.914188 0.012143 0.008173
23 0.863692 0.314318 0.035823 0.016672
24 0.264117 0.923341 0.006679 0.004904
23 0.905890 0.316770 0.032180 0.018960
23 0.900273 0.325106 0.032483 0.019287
27 0.962811 0.359922 0.038555 0.022229
23 0.969490 0.348970 0.029447 0.019941
5 0.313752 0.065217 0.005161 0.004250
48 0.351245 0.047401 0.018822 0.012422
48 0.467213 0.053776 0.018822 0.016018
48 0.509107 0.102484 0.021251 0.014711
5 0.380389 0.098725 0.003643 0.002615
48 0.326503 0.091370 0.037948 0.031056
48 0.277322 0.207257 0.010625 0.016345
48 0.337583 0.267081 0.004857 0.006538
5 0.419551 0.261523 0.002429 0.003269
5 0.633424 0.260543 0.005161 0.003269
48 0.590012 0.214286 0.019126 0.010134
48 0.559958 0.123406 0.032483 0.032364
48 0.530814 0.102975 0.018519 0.016345
48 0.445355 0.226381 0.010322 0.010788
48 0.646934 0.056228 0.020644 0.015038
48 0.551609 0.040046 0.023072 0.018634
48 0.531117 0.180124 0.020340 0.024845
48 0.590012 0.137954 0.014268 0.011115
48 0.019581 0.944753 0.013054 0.008500
48 0.043412 0.939686 0.017001 0.017326
48 0.052368 0.961262 0.016090 0.008173
5 0.567243 0.142530 0.005161 0.002615
5 0.169551 0.097091 0.002732 0.004577
5 0.700971 0.118176 0.004250 0.002942
5 0.580905 0.282609 0.005161 0.003596
5 0.595628 0.330500 0.004857 0.002615
5 0.417426 0.953089 0.004250 0.005557
48 0.004402 0.344230 0.008804 0.017653
48 0.055707 0.381824 0.013054 0.009153
48 0.024438 0.327885 0.005768 0.005230
48 0.111718 0.353057 0.015179 0.011115
48 0.094414 0.353874 0.009715 0.008826
48 0.059199 0.326577 0.006072 0.013730
48 0.061779 0.303367 0.014268 0.007846
48 0.077565 0.238477 0.010625 0.006865
48 0.156345 0.216574 0.015179 0.008173
48 0.106406 0.195816 0.008804 0.011769
48 0.151336 0.171298 0.019733 0.013076
48 0.155434 0.132069 0.009715 0.016345
48 0.062234 0.796175 0.011536 0.011442
48 0.186248 0.960608 0.018519 0.009480
48 0.109138 0.883295 0.010018 0.015691
48 0.690042 0.083524 0.013965 0.010134
48 0.988008 0.223929 0.023983 0.024191
48 0.315574 0.109349 0.018519 0.013403
48 0.290376 0.104119 0.025804 0.021249
5 0.294475 0.121281 0.004857 0.005230
48 0.307832 0.288003 0.010929 0.009153
48 0.338494 0.300098 0.009107 0.013730
48 0.523072 0.268879 0.023679 0.015364
5 0.647237 0.264792 0.002429 0.003923
48 0.632665 0.181432 0.029751 0.020268
48 0.658925 0.182413 0.027019 0.020922
48 0.690498 0.131089 0.024590 0.018960
48 0.645719 0.101667 0.024894 0.020922
48 0.522769 0.038575 0.032787 0.029421
48 0.426381 0.154953 0.014876 0.013076
48 0.540528 0.123733 0.016090 0.019941
5 0.471311 0.298300 0.002732 0.006211
29 0.238312 0.057372 0.004857 0.014711
24 0.186703 0.223439 0.003036 0.005557
29 0.233151 0.176855 0.007893 0.028114
29 0.936855 0.330337 0.011536 0.008173
5 0.665604 0.238150 0.002125 0.006211
5 0.752429 0.268879 0.005161 0.003596
5 0.545993 0.226381 0.002732 0.005557
5 0.165149 0.236352 0.003036 0.003923
25 0.185944 0.364989 0.008804 0.004250
5 0.124772 0.384112 0.003643 0.003269
28 0.258804 0.883295 0.005768 0.006538
48 0.019733 0.349624 0.006679 0.005557
48 0.048877 0.235861 0.024287 0.020595
48 0.026412 0.783916 0.017001 0.018307
48 0.030206 0.861229 0.010018 0.008173
48 0.070886 0.942628 0.011840 0.017980
48 0.344869 0.066852 0.023679 0.019941
48 0.414390 0.098562 0.017001 0.013403
48 0.312842 0.234227 0.013054 0.021249
48 0.348968 0.274926 0.010018 0.011769
48 0.352763 0.246486 0.008500 0.013730
48 0.443989 0.218699 0.010018 0.011115
48 0.706284 0.155280 0.025197 0.020268
48 0.587887 0.082380 0.025197 0.022883
48 0.425622 0.032200 0.026715 0.020595
48 0.384942 0.192873 0.006679 0.013076
48 0.422890 0.189604 0.010322 0.022229
48 0.449454 0.157241 0.022769 0.019614
48 0.181087 0.884603 0.017304 0.017653
5 0.411809 0.358614 0.003339 0.005230
5 0.623710 0.254658 0.002125 0.005230
5 0.649666 0.253841 0.006072 0.000981
5 0.644050 0.258745 0.004554 0.001635
5 0.669702 0.221805 0.002429 0.005557
47 0.762143 0.304184 0.044019 0.019287
5 0.566181 0.144819 0.004250 0.003269
5 0.727839 0.012259 0.002732 0.004250
5 0.046448 0.324616 0.005464 0.002615
5 0.222829 0.861883 0.003036 0.004904
5 0.215847 0.851586 0.003643 0.005230
47 0.267608 0.302386 0.028233 0.129454
5 0.449150 0.298137 0.004554 0.002615
48 0.006223 0.409938 0.012447 0.024191
48 0.060565 0.364662 0.015483 0.017980
48 0.013054 0.319876 0.006072 0.004904
48 0.085003 0.334260 0.012750 0.012095
48 0.076047 0.244197 0.011840 0.011769
48 0.014268 0.885420 0.007893 0.009480
48 0.159077 0.970088 0.010322 0.008173
48 0.125531 0.871036 0.009411 0.012095
48 0.290680 0.056718 0.016090 0.014057
48 0.459016 0.064400 0.019429 0.020922
48 0.459624 0.026479 0.019429 0.016999
48 0.449302 0.089408 0.016393 0.009480
48 0.449605 0.114253 0.012143 0.008173
48 0.318002 0.104936 0.018519 0.011769
48 0.393443 0.296502 0.005464 0.008500
48 0.539466 0.092514 0.017608 0.013730
48 0.641469 0.165087 0.022465 0.016999
48 0.678962 0.101667 0.017304 0.016999
48 0.671676 0.107878 0.014268 0.013730
48 0.606406 0.038248 0.037341 0.032037
48 0.506375 0.028277 0.020644 0.021903
48 0.428658 0.027460 0.024287 0.015038
48 0.431694 0.175548 0.023679 0.022883
48 0.031724 0.929225 0.011840 0.017326
5 0.398604 0.360412 0.004857 0.004904
5 0.559502 0.073063 0.005464 0.003596
5 0.637219 0.120464 0.004250 0.002942
24 0.189435 0.016999 0.007893 0.002615
8 0.714633 0.062929 0.003643 0.006865
24 0.443989 0.306800 0.003339 0.004904
5 0.007741 0.381170 0.003339 0.006538
24 0.196114 0.364498 0.009715 0.004577
8 0.411050 0.949166 0.005464 0.006211
5 0.645719 0.326904 0.006072 0.003923
48 0.024742 0.396698 0.021554 0.025825
48 0.041591 0.361556 0.015786 0.012422
48 0.007286 0.298464 0.006072 0.007192
48 0.065574 0.326087 0.007893 0.010134
48 0.053886 0.311049 0.009411 0.005557
48 0.101548 0.248284 0.006375 0.009480
48 0.085003 0.183720 0.013965 0.014384
48 0.022313 0.825924 0.010625 0.010788
48 0.022162 0.863517 0.007893 0.010134
48 0.067092 0.870546 0.017001 0.016345
48 0.114602 0.860412 0.014268 0.012422
48 0.278840 0.181268 0.014268 0.007519
48 0.279903 0.187480 0.014572 0.006865
48 0.331208 0.301406 0.010322 0.008500
48 0.370978 0.250409 0.021251 0.009807
48 0.561172 0.187970 0.031269 0.022229
48 0.579083 0.164596 0.019733 0.016018
48 0.604736 0.206930 0.012143 0.022883
48 0.712508 0.146617 0.023072 0.019941
48 0.713418 0.095783 0.024894 0.018960
48 0.750304 0.089081 0.020947 0.019287
48 0.410443 0.173586 0.017608 0.012422
48 0.469642 0.167702 0.020644 0.017653
48 0.143291 0.893102 0.016393 0.018307
5 0.625835 0.113272 0.004554 0.003596
29 0.242107 0.054756 0.003947 0.012095
29 0.239830 0.018634 0.006679 0.017653
5 0.630085 0.116705 0.006375 0.002615
6 0.172587 0.222622 0.005161 0.013730
5 0.634183 0.259725 0.003643 0.004250
24 0.190801 0.277215 0.003339 0.006538
48 0.090923 0.415659 0.021554 0.030402
48 0.098512 0.343576 0.011840 0.011115
48 0.088798 0.242890 0.010018 0.009807
48 0.056315 0.763648 0.021554 0.014384
48 0.105798 0.886564 0.010018 0.016999
48 0.136157 0.913207 0.006982 0.006211
48 0.483758 0.016018 0.016697 0.013076
48 0.370067 0.112619 0.035823 0.034979
5 0.271706 0.183393 0.003036 0.005884
48 0.305859 0.279830 0.010018 0.010461
48 0.634942 0.205623 0.044627 0.026806
48 0.636916 0.073717 0.020036 0.016672
48 0.545537 0.056064 0.015786 0.016018
48 0.326958 0.044786 0.021251 0.018960
48 0.358682 0.148415 0.018519 0.015038
48 0.065270 0.970252 0.023679 0.013076
5 0.431390 0.370382 0.002429 0.003269
24 0.568002 0.303204 0.010322 0.003596
5 0.608075 0.079274 0.004250 0.005557
5 0.531573 0.237332 0.002429 0.005884
5 0.529296 0.237659 0.002125 0.005884
5 0.136005 0.967636 0.005464 0.003923
48 0.508804 0.346028 0.032180 0.029094
5 0.145112 0.181922 0.004250 0.003596
5 0.637978 0.258745 0.008197 0.000981
5 0.645264 0.247140 0.002125 0.005884
5 0.593048 0.318405 0.005161 0.002615
5 0.433819 0.261850 0.003643 0.001961
5 0.057681 0.774273 0.005464 0.004250
48 0.008956 0.468454 0.017911 0.019614
48 0.114299 0.396862 0.023983 0.040536
48 0.049939 0.377411 0.011840 0.008826
48 0.007590 0.325106 0.009715 0.010134
48 0.033090 0.246813 0.013965 0.005230
48 0.065270 0.251553 0.011536 0.016672
48 0.089557 0.253678 0.008500 0.011115
48 0.045537 0.854037 0.010322 0.010788
48 0.038403 0.862700 0.005768 0.004577
48 0.080753 0.851095 0.009715 0.009480
48 0.259107 0.961262 0.014268 0.013403
48 0.285519 0.972867 0.017304 0.016999
48 0.122951 0.919908 0.009715 0.009153
48 0.421676 0.040046 0.027322 0.018634
48 0.477990 0.042007 0.020340 0.022556
48 0.295234 0.181759 0.012447 0.009807
48 0.333637 0.231448 0.007286 0.016345
48 0.312234 0.267735 0.005161 0.007846
48 0.329539 0.295685 0.009411 0.006211
48 0.382817 0.295685 0.006679 0.011442
5 0.568913 0.283262 0.004857 0.002942
5 0.554797 0.161327 0.004554 0.002288
48 0.329842 0.058352 0.011840 0.013403
48 0.392076 0.194018 0.013661 0.016672
48 0.424863 0.159693 0.017911 0.014711
5 0.660595 0.242563 0.002429 0.003269
5 0.655586 0.115888 0.003947 0.002942
30 0.189132 0.050180 0.006072 0.014711
24 0.189739 0.021412 0.007286 0.002288
28 0.185337 0.186172 0.003947 0.015364
5 0.682301 0.290781 0.003947 0.002288
5 0.661658 0.282118 0.005768 0.001961
5 0.533698 0.227035 0.001821 0.005557
5 0.434578 0.271821 0.003947 0.002288
5 0.109593 0.245178 0.003036 0.004577
5 0.225562 0.866296 0.003643 0.004577
5 0.597602 0.337529 0.005768 0.002288
5 0.596843 0.334750 0.004857 0.002615
48 0.071190 0.314972 0.009411 0.004904
48 0.105343 0.259889 0.009715 0.013730
48 0.026563 0.857143 0.006982 0.006538
48 0.663934 0.014874 0.011536 0.012749
48 0.626138 0.019124 0.028840 0.024518
48 0.692016 0.078457 0.011233 0.009153
48 0.418336 0.044949 0.025501 0.020595
48 0.460838 0.131579 0.018822 0.016018
48 0.329842 0.230958 0.006375 0.011442
5 0.407407 0.257927 0.004857 0.003269
48 0.350182 0.264629 0.006982 0.005557
48 0.660595 0.197287 0.012143 0.012749
48 0.330449 0.035469 0.027626 0.021249
48 0.126290 0.988558 0.015179 0.015038
48 0.171220 0.908794 0.019429 0.019614
48 0.164390 0.926937 0.016090 0.014057
5 0.408318 0.302713 0.004857 0.001308
5 0.627656 0.255312 0.003339 0.005884
5 0.649059 0.256947 0.004857 0.002615
24 0.240134 0.130271 0.009715 0.003596
28 0.568002 0.293723 0.009715 0.002288
5 0.117942 0.318405 0.003339 0.005230
8 0.654068 0.125695 0.005768 0.006865
10 0.944293 0.158385 0.011233 0.008826
24 0.256831 0.884603 0.006679 0.007192
24 0.241044 0.896371 0.004250 0.004577
24 0.243473 0.894083 0.005464 0.005884
48 0.029751 0.349788 0.014572 0.016345
48 0.107316 0.321510 0.011840 0.008173
48 0.034305 0.286041 0.012143 0.011769
48 0.145264 0.203825 0.013661 0.007519
48 0.014420 0.809088 0.014268 0.012422
48 0.031421 0.844884 0.007590 0.006865
48 0.055707 0.869892 0.010018 0.011769
48 0.086369 0.887218 0.020947 0.020268
48 0.244839 0.961098 0.006982 0.006538
48 0.150729 0.908303 0.011840 0.011442
48 0.544019 0.082543 0.021251 0.017326
48 0.325744 0.274436 0.010929 0.006865
48 0.387675 0.285551 0.011536 0.014057
5 0.523528 0.274600 0.004554 0.002615
5 0.658622 0.252533 0.004554 0.002288
48 0.569824 0.179797 0.024287 0.020268
48 0.462963 0.218699 0.010929 0.020922
48 0.398452 0.162308 0.019733 0.014057
48 0.514572 0.168519 0.014572 0.021249
48 0.050698 0.968617 0.019429 0.013730
48 0.153461 0.954233 0.014876 0.011115
48 0.136916 0.905688 0.008500 0.011442
29 0.253339 0.348643 0.005161 0.016672
24 0.189132 0.014547 0.004857 0.002288
5 0.436855 0.057535 0.003036 0.005884
5 0.735276 0.010461 0.004857 0.003269
5 0.538403 0.227525 0.002732 0.005230
48 0.080298 0.356326 0.010018 0.010461
48 0.015634 0.310886 0.013054 0.015691
48 0.097753 0.318241 0.012750 0.012095
48 0.096236 0.261687 0.008500 0.012095
48 0.074833 0.772311 0.023376 0.016018
48 0.035974 0.872507 0.011233 0.010461
48 0.256223 0.946388 0.015786 0.013076
48 0.119004 0.878065 0.009107 0.011769
5 0.170765 0.825433 0.005161 0.002615
48 0.270795 0.046747 0.030965 0.016345
5 0.275349 0.074371 0.004857 0.004250
48 0.305556 0.124387 0.020340 0.016672
48 0.323467 0.234390 0.011840 0.022229
5 0.404827 0.261850 0.002125 0.003923
48 0.388585 0.271004 0.026715 0.013730
48 0.599727 0.173750 0.022769 0.019941
48 0.568610 0.010134 0.020036 0.013730
48 0.410595 0.148578 0.014876 0.012749
48 0.429721 0.143021 0.014876 0.014711
48 0.111870 0.964367 0.011840 0.015691
5 0.421828 0.365806 0.002125 0.003269
5 0.266090 0.127983 0.002732 0.004904
5 0.581208 0.122589 0.003947 0.002615
5 0.581967 0.120464 0.004857 0.002942
5 0.055252 0.351585 0.005464 0.004250
5 0.464177 0.200229 0.006679 0.002942
5 0.361870 0.217882 0.004857 0.001635
5 0.700971 0.129454 0.004250 0.002615
5 0.746205 0.015364 0.004250 0.003269
24 0.183364 0.341288 0.003643 0.009153
5 0.594110 0.323308 0.004857 0.002615
48 0.073315 0.359922 0.011233 0.011769
48 0.006982 0.276398 0.007893 0.009480
48 0.153613 0.197287 0.007893 0.007519
48 0.018519 0.800915 0.012750 0.010461
48 0.017152 0.852566 0.014268 0.014384
48 0.096387 0.893266 0.012447 0.010788
48 0.188828 0.982511 0.009715 0.009480
48 0.192319 0.972377 0.008804 0.009480
48 0.140255 0.828866 0.018822 0.019287
48 0.678203 0.050834 0.022465 0.016018
48 0.725258 0.079601 0.013358 0.008826
48 0.989375 0.212161 0.021251 0.022883
48 0.446114 0.050507 0.024590 0.021249
48 0.512750 0.097581 0.023072 0.015364
48 0.483455 0.094966 0.023983 0.018634
48 0.500759 0.115561 0.021554 0.015364
48 0.470704 0.219026 0.007590 0.021576
48 0.725258 0.126348 0.021251 0.015364
5 0.586369 0.089899 0.005768 0.004577
48 0.338494 0.020758 0.030965 0.023864
48 0.345628 0.167212 0.023376 0.016018
48 0.392684 0.173913 0.020947 0.018307
48 0.440042 0.167865 0.013054 0.013403
48 0.102004 0.972377 0.015179 0.014711
48 0.098209 0.963877 0.008804 0.012095
48 0.129630 0.907323 0.012750 0.015364
5 0.379326 0.305492 0.006982 0.002942
5 0.585307 0.091206 0.009107 0.003269
24 0.237250 0.104282 0.007590 0.003269
5 0.265938 0.123079 0.003036 0.004250
5 0.308440 0.073390 0.004857 0.004904
5 0.736491 0.008500 0.006072 0.002615
5 0.543412 0.227035 0.001821 0.005557
5 0.114906 0.238313 0.002732 0.005884
5 0.181694 0.068323 0.002125 0.004577
5 0.145568 0.971886 0.005768 0.004577
5 0.605343 0.316934 0.004857 0.002288
48 0.027778 0.333279 0.005161 0.006865
48 0.032635 0.325433 0.010625 0.007519
48 0.058440 0.293723 0.011840 0.010788
48 0.153309 0.224093 0.015179 0.012095
48 0.093959 0.185028 0.011233 0.011769
48 0.161050 0.144001 0.008197 0.018634
48 0.067547 0.834750 0.011233 0.014057
48 0.052520 0.856489 0.007893 0.007192
48 0.027778 0.894900 0.006375 0.013403
48 0.091682 0.915495 0.032180 0.028441
48 0.187917 0.932331 0.024287 0.018960
48 0.220401 0.940013 0.007893 0.006211
48 0.227687 0.989539 0.008500 0.011769
48 0.093503 0.843740 0.013358 0.011769
48 0.126594 0.852239 0.015786 0.014384
48 0.665908 0.066688 0.023376 0.016345
48 0.667274 0.032854 0.012750 0.011442
5 0.305404 0.076659 0.004857 0.002942
48 0.469035 0.083851 0.016393 0.011442
5 0.377808 0.097581 0.004554 0.002942
48 0.345932 0.092841 0.010625 0.010461
48 0.278385 0.194345 0.015786 0.011442
48 0.299180 0.235861 0.011233 0.024518
48 0.399059 0.226708 0.013661 0.021903
48 0.347146 0.236515 0.009411 0.010788
48 0.524287 0.071919 0.010929 0.009807
48 0.572253 0.206113 0.006679 0.012095
48 0.686096 0.143021 0.015179 0.011442
48 0.718883 0.086793 0.023679 0.019287
48 0.352763 0.152664 0.021858 0.015691
48 0.144657 0.923668 0.020340 0.015364
5 0.665452 0.232592 0.003643 0.004250
30 0.249393 0.349788 0.006982 0.020268
29 0.252125 0.330500 0.005768 0.017653
48 0.753188 0.212815 0.117790 0.105263
5 0.263965 0.210853 0.002125 0.004577
5 0.682149 0.288330 0.005464 0.002615
5 0.035823 0.383786 0.003036 0.005884
5 0.173497 0.049689 0.002732 0.005230
5 0.066940 0.778196 0.005768 0.004904
47 0.294019 0.305329 0.022162 0.049036
5 0.156041 0.177509 0.005464 0.001961
5 0.646478 0.018307 0.002125 0.004577
10 0.217668 0.866950 0.007893 0.009153
5 0.595477 0.327558 0.004554 0.002615
5 0.971615 0.179470 0.005161 0.002615
48 0.101245 0.364989 0.009411 0.008826
48 0.153157 0.145799 0.010018 0.012422
48 0.226624 0.953089 0.036733 0.025172
5 0.311779 0.056881 0.004857 0.004577
5 0.384942 0.304675 0.005464 0.003923
48 0.433819 0.102158 0.020644 0.016672
48 0.286278 0.206767 0.010929 0.014057
5 0.372192 0.299281 0.004857 0.002942
5 0.629478 0.267571 0.002732 0.004904
48 0.537037 0.128964 0.017608 0.015364
48 0.562538 0.110494 0.035216 0.022229
48 0.488616 0.218045 0.008804 0.022883
48 0.673194 0.157568 0.023983 0.016999
48 0.527930 0.023864 0.024894 0.018960
48 0.433364 0.020105 0.027019 0.021249
48 0.393443 0.135011 0.015179 0.011769
48 0.419095 0.137954 0.018519 0.018307
48 0.135246 0.986433 0.013661 0.013403
48 0.168336 0.965512 0.020947 0.014057
30 0.186855 0.206930 0.006375 0.013076
24 0.488312 0.299608 0.010018 0.003596
5 0.694900 0.051651 0.003643 0.005230
5 0.072404 0.779830 0.006375 0.003596
5 0.040528 0.918764 0.005161 0.002942
5 0.380844 0.233737 0.004554 0.001961
5 0.630085 0.040536 0.005161 0.003923
10 0.166970 0.028768 0.006679 0.008500
5 0.977839 0.189768 0.004250 0.002288
48 0.043716 0.435273 0.020036 0.016018
48 0.015483 0.343086 0.007286 0.007519
48 0.102155 0.374305 0.009411 0.007846
48 0.011081 0.255312 0.022162 0.023537
48 0.105950 0.278032 0.012750 0.013403
48 0.110049 0.222295 0.009411 0.026152
48 0.120978 0.204969 0.013661 0.014384
48 0.083030 0.824943 0.015483 0.012749
48 0.036430 0.847663 0.007286 0.008500
48 0.036430 0.896862 0.008500 0.006865
48 0.045386 0.902746 0.014876 0.015364
48 0.188525 0.851095 0.023072 0.023864
48 0.231330 0.932331 0.010929 0.010461
48 0.241044 0.964858 0.006679 0.005557
48 0.159381 0.840144 0.017001 0.018960
48 0.115361 0.878719 0.008500 0.015038
48 0.277171 0.065544 0.033394 0.007519
48 0.392228 0.089081 0.030965 0.033017
48 0.290225 0.144655 0.013358 0.009480
48 0.303582 0.271494 0.005464 0.012095
48 0.365968 0.288983 0.017911 0.018307
5 0.637826 0.258254 0.004857 0.003269
5 0.664693 0.254658 0.002732 0.004577
48 0.438828 0.221641 0.006982 0.021576
48 0.579994 0.018797 0.008804 0.008173
48 0.368245 0.173913 0.023072 0.020922
48 0.349879 0.200065 0.013054 0.017653
48 0.118852 0.963060 0.013661 0.013730
24 0.238919 0.114416 0.007286 0.004577
24 0.192016 0.028441 0.010018 0.003269
5 0.265483 0.117686 0.002732 0.005230
5 0.181390 0.061785 0.003339 0.004577
5 0.215543 0.920399 0.004857 0.002288
5 0.115968 0.244197 0.003643 0.003269
5 0.423649 0.259562 0.003339 0.003923
8 0.141773 0.333115 0.005464 0.006538
5 0.266697 0.133867 0.002125 0.004904
5 0.593503 0.321347 0.004857 0.001961
5 0.038100 0.765119 0.006982 0.004250
24 0.250759 0.888853 0.006072 0.006538
24 0.252732 0.886401 0.006375 0.006865
48 0.105495 0.338346 0.016697 0.011769
48 0.060413 0.311703 0.007286 0.006211
48 0.073315 0.223439 0.014268 0.016018
48 0.129630 0.198104 0.004857 0.005230
48 0.158318 0.075188 0.017304 0.011115
48 0.029599 0.802386 0.008197 0.015364
48 0.041135 0.865315 0.006375 0.004577
48 0.251973 0.956031 0.007286 0.006865
48 0.248482 0.958974 0.004554 0.004904
48 0.232392 0.969108 0.010625 0.010788
48 0.153005 0.852730 0.009107 0.008173
5 0.311324 0.086303 0.005768 0.003923
48 0.365817 0.060477 0.022465 0.016999
48 0.406345 0.065054 0.019733 0.013730
48 0.450668 0.084178 0.017304 0.012749
48 0.468124 0.117359 0.021251 0.016999
5 0.391621 0.105917 0.005464 0.003923
48 0.362629 0.074371 0.023983 0.025172
48 0.352004 0.096600 0.017911 0.014057
48 0.303430 0.167865 0.013054 0.010134
48 0.341985 0.268388 0.003947 0.010461
48 0.411506 0.242563 0.017304 0.012422
48 0.388737 0.220987 0.011840 0.007192
48 0.406345 0.294214 0.006982 0.008500
48 0.627960 0.219189 0.025804 0.009480
48 0.689284 0.235208 0.037948 0.051324
48 0.292502 0.030892 0.021554 0.023864
48 0.477838 0.152828 0.022465 0.019941
48 0.028233 0.920562 0.009107 0.013730
48 0.054189 0.932331 0.013661 0.012422
5 0.424560 0.363844 0.003947 0.005230
5 0.643139 0.254985 0.004554 0.002615
29 0.250304 0.284570 0.005768 0.017980
24 0.241955 0.144165 0.006679 0.002615
24 0.240589 0.134521 0.009411 0.002942
24 0.191712 0.041680 0.005768 0.002942
25 0.191257 0.240765 0.005464 0.010134
24 0.342289 0.315626 0.006982 0.002288
24 0.545993 0.294214 0.007590 0.005884
24 0.569520 0.299444 0.009107 0.003269
5 0.263206 0.199085 0.002429 0.003923
5 0.681087 0.072900 0.003947 0.005230
5 0.045082 0.405852 0.003339 0.004904
5 0.125683 0.387381 0.004250 0.003269
5 0.099879 0.781791 0.003036 0.004904
5 0.115968 0.198431 0.004857 0.001961
29 0.279751 0.402583 0.029447 0.010134
5 0.530055 0.347336 0.003036 0.004904
5 0.118094 0.803040 0.004857 0.003596
48 0.015179 0.992481 0.006072 0.005884
48 0.010625 0.293397 0.003643 0.004250
48 0.090012 0.358287 0.010018 0.008500
48 0.033242 0.239457 0.011840 0.010134
48 0.161961 0.102158 0.009411 0.010134
48 0.040832 0.850768 0.008197 0.010134
48 0.194596 0.888526 0.011536 0.009807
48 0.103825 0.830337 0.013965 0.013730
48 0.656952 0.026970 0.013965 0.012749
48 0.701882 0.068323 0.018215 0.011769
48 0.725106 0.062439 0.009411 0.004577
48 0.411658 0.109186 0.012750 0.011115
48 0.355039 0.274436 0.006375 0.012749
48 0.375228 0.274763 0.010322 0.007519
48 0.591075 0.183557 0.024287 0.017980
48 0.482544 0.218699 0.010018 0.016345
48 0.377201 0.195816 0.010625 0.015691
48 0.492259 0.156097 0.017304 0.019941
5 0.644657 0.265446 0.003339 0.004577
5 0.738767 0.026152 0.004554 0.005230
24 0.463418 0.306309 0.008804 0.001961
5 0.172587 0.258908 0.003947 0.005230
5 0.109290 0.250736 0.003036 0.005884
5 0.108986 0.240111 0.003643 0.005557
5 0.129630 0.190095 0.004857 0.001635
8 0.166211 0.823145 0.006375 0.005230
5 0.544019 0.286695 0.005464 0.002615
5 0.648148 0.336384 0.005464 0.003269
5 0.683515 0.299935 0.005768 0.002288
5 0.682757 0.293397 0.004250 0.002288
48 0.017911 0.996241 0.005464 0.004904
48 0.128415 0.322491 0.015179 0.014057
48 0.049939 0.220170 0.025804 0.010788
48 0.068154 0.844884 0.006982 0.007519
48 0.080753 0.835894 0.009107 0.007192
48 0.022313 0.843576 0.007590 0.008826
48 0.038403 0.887545 0.010625 0.010461
48 0.080905 0.949166 0.011840 0.004904
48 0.200820 0.989703 0.010018 0.011442
48 0.244991 0.971232 0.026108 0.020922
48 0.166060 0.973684 0.006072 0.006211
48 0.144050 0.855999 0.008804 0.011442
48 0.120826 0.874469 0.007286 0.007846
48 0.530358 0.067015 0.023072 0.018960
48 0.423801 0.110984 0.018822 0.018634
48 0.335155 0.110494 0.023679 0.020268
48 0.387978 0.294377 0.007893 0.012095
48 0.442319 0.287185 0.021858 0.014711
48 0.508045 0.162635 0.015483 0.022556
48 0.610808 0.305165 0.029751 0.023864
48 0.263358 0.011932 0.005768 0.002942
48 0.434426 0.148578 0.014572 0.015364
48 0.143594 0.950964 0.031573 0.021576
48 0.126442 0.935436 0.025197 0.021903
5 0.365513 0.303531 0.005464 0.002942
5 0.613084 0.069140 0.004554 0.002942
24 0.421524 0.306146 0.005768 0.002288
5 0.698239 0.046747 0.002429 0.005230
5 0.131906 0.964531 0.005768 0.003596
5 0.219186 0.856816 0.003643 0.004577
5 0.636005 0.251062 0.002429 0.005230
5 0.541287 0.280484 0.004857 0.002615
5 0.594718 0.325597 0.004857 0.001961
5 0.425774 0.301079 0.003947 0.002615
5 0.180935 0.034488 0.003643 0.004904
48 0.009715 0.434129 0.019429 0.029421
48 0.012750 0.379536 0.017001 0.017653
48 0.108075 0.356979 0.013358 0.007846
48 0.070431 0.344394 0.006679 0.010134
48 0.065118 0.228016 0.005768 0.004904
48 0.065574 0.154135 0.014572 0.014711
48 0.160899 0.094475 0.010929 0.007846
48 0.158318 0.085649 0.018519 0.011115
48 0.047662 0.862537 0.006679 0.007519
48 0.031876 0.880843 0.008500 0.006865
48 0.018519 0.888526 0.006072 0.010461
48 0.216910 0.974501 0.027626 0.019614
48 0.146782 0.843413 0.008197 0.013076
48 0.495902 0.124551 0.020340 0.015038
48 0.454766 0.136973 0.024894 0.019614
48 0.450061 0.120791 0.010625 0.008826
48 0.318002 0.280320 0.014876 0.009480
48 0.308136 0.302223 0.015786 0.012749
48 0.318458 0.300425 0.009715 0.018307
48 0.352914 0.237659 0.007590 0.008500
48 0.492107 0.279340 0.037644 0.024518
48 0.604129 0.166721 0.029144 0.021576
5 0.631299 0.153808 0.003947 0.005557
48 0.519429 0.130762 0.012750 0.013730
48 0.505616 0.216084 0.022162 0.024191
48 0.356861 0.188133 0.015483 0.014057
48 0.477687 0.184047 0.013661 0.024845
48 0.078172 0.957993 0.008804 0.010788
48 0.053127 0.983982 0.023072 0.015691
5 0.573922 0.282772 0.005768 0.002615
24 0.568458 0.291435 0.010625 0.002942
5 0.664693 0.249591 0.002732 0.006211
5 0.650425 0.245178 0.002125 0.005884
5 0.654827 0.242563 0.002429 0.007192
5 0.118245 0.324452 0.003339 0.004904
24 0.180631 0.291925 0.004250 0.007846
5 0.632210 0.266754 0.002732 0.004577
5 0.596691 0.332625 0.003947 0.001635
5 0.683819 0.297646 0.004554 0.002288
24 0.261384 0.881334 0.004857 0.005230
48 0.011081 0.835404 0.011233 0.010134
48 0.058743 0.387055 0.010625 0.007192
48 0.110200 0.329846 0.012750 0.009807
48 0.048421 0.291599 0.010018 0.011115
48 0.154068 0.191566 0.015483 0.007846
48 0.071645 0.805002 0.015786 0.018634
48 0.063904 0.900131 0.030662 0.034325
48 0.073770 0.882641 0.010322 0.008500
48 0.234517 0.919582 0.017304 0.016999
48 0.114602 0.819059 0.016090 0.014057
5 0.309502 0.071102 0.007590 0.003596
48 0.309199 0.026316 0.016090 0.015364
48 0.334851 0.279667 0.009107 0.006865
48 0.340164 0.238313 0.008804 0.009153
48 0.399362 0.293560 0.010018 0.009807
48 0.593807 0.204315 0.012750 0.011769
48 0.573163 0.171625 0.023679 0.019614
48 0.666818 0.170317 0.021554 0.019614
48 0.755464 0.079928 0.024590 0.020595
48 0.671524 0.119157 0.026715 0.017980
48 0.355495 0.197614 0.006072 0.011442
48 0.407711 0.191566 0.007893 0.020922
48 0.161809 0.878719 0.023072 0.024845
48 0.188373 0.910101 0.022769 0.026806
29 0.321342 0.711834 0.016697 0.027133
29 0.242562 0.076332 0.004250 0.016672
24 0.191409 0.032200 0.005161 0.004250
5 0.576351 0.129944 0.005161 0.003596
5 0.704007 0.056718 0.003643 0.004250
5 0.740589 0.020758 0.004554 0.003596
5 0.015483 0.415822 0.004250 0.004577
6 0.172738 0.237986 0.005464 0.013730
24 0.182453 0.303040 0.006072 0.012422
24 0.186703 0.283916 0.010322 0.004250
48 0.047055 0.372834 0.010929 0.008826
48 0.034760 0.313665 0.006982 0.006211
48 0.053127 0.318895 0.009107 0.010788
48 0.133273 0.275907 0.039466 0.026152
48 0.033546 0.901929 0.006982 0.005884
48 0.210079 0.985453 0.009715 0.008826
48 0.114451 0.840798 0.015179 0.013076
5 0.317547 0.059170 0.004250 0.003269
48 0.489678 0.049036 0.024894 0.023537
48 0.474651 0.076659 0.014268 0.011442
48 0.409381 0.102484 0.011840 0.008173
48 0.297662 0.094639 0.024590 0.018634
48 0.282028 0.162635 0.022465 0.014057
48 0.344566 0.228179 0.009107 0.013730
48 0.308591 0.271494 0.005768 0.011442
48 0.329387 0.287022 0.007286 0.006538
48 0.420006 0.279830 0.014876 0.009153
48 0.664997 0.128800 0.025804 0.021576
48 0.565726 0.014057 0.023983 0.016345
48 0.301761 0.038738 0.015786 0.018634
48 0.400729 0.140078 0.010929 0.010788
48 0.487553 0.182739 0.013965 0.024845
48 0.146630 0.986597 0.019429 0.020268
5 0.372799 0.309251 0.002429 0.005230
24 0.355495 0.317751 0.012750 0.006538
24 0.439891 0.306636 0.002429 0.007846
5 0.478901 0.132560 0.004554 0.004904
5 0.045537 0.389997 0.004250 0.006538
5 0.125987 0.393593 0.005464 0.003269
5 0.128112 0.402746 0.006072 0.005230
5 0.167577 0.054103 0.003036 0.006865
50 0.296296 0.339817 0.020036 0.038248
5 0.633728 0.251880 0.002125 0.005557
5 0.550395 0.285714 0.006072 0.003269
5 0.146478 0.815299 0.005161 0.002615
48 0.027474 0.359104 0.006982 0.006865
48 0.073619 0.320203 0.010625 0.007519
48 0.050850 0.304021 0.006982 0.007846
48 0.105495 0.187153 0.008197 0.007519
48 0.152702 0.935436 0.026715 0.016672
48 0.182605 0.875286 0.017304 0.019287
48 0.131603 0.841125 0.019733 0.015038
48 0.683060 0.043805 0.023679 0.012422
48 0.735732 0.054920 0.019126 0.009807
48 0.278840 0.082707 0.025197 0.011769
48 0.474803 0.071265 0.014572 0.009807
48 0.330449 0.149068 0.051913 0.067342
48 0.323467 0.299281 0.007590 0.016018
48 0.358682 0.249918 0.007590 0.008826
48 0.317395 0.254985 0.029447 0.009807
48 0.412872 0.294704 0.007893 0.008173
5 0.626138 0.162798 0.003947 0.005230
48 0.608986 0.138934 0.042502 0.049689
48 0.535975 0.132723 0.014268 0.010461
48 0.569369 0.095456 0.041591 0.036613
48 0.690042 0.181432 0.037644 0.038575
48 0.735428 0.109349 0.022769 0.016672
48 0.637371 0.110330 0.030055 0.023864
48 0.624924 0.091206 0.036126 0.039882
48 0.558288 0.030566 0.026715 0.023210
48 0.403157 0.156587 0.021251 0.014384
48 0.468731 0.127329 0.022465 0.019287
48 0.018519 0.914841 0.013358 0.014057
29 0.239678 0.471232 0.015483 0.032364
29 0.353218 0.314482 0.011840 0.003269
5 0.441864 0.060477 0.002732 0.005230
5 0.537189 0.237332 0.002732 0.004577
5 0.512295 0.238640 0.001518 0.005884
5 0.046296 0.322164 0.005768 0.002288
5 0.053430 0.407159 0.003036 0.004904
5 0.125228 0.390324 0.004554 0.002615
5 0.059654 0.917620 0.005768 0.003923
24 0.245446 0.893756 0.005768 0.005884
48 0.035823 0.318568 0.006072 0.004904
48 0.090012 0.811213 0.016697 0.016672
48 0.036582 0.856979 0.006982 0.006211
48 0.250304 0.936744 0.020947 0.015364
48 0.171220 0.957012 0.007286 0.006211
48 0.105798 0.853710 0.016697 0.013403
48 0.695962 0.076169 0.011233 0.007846
48 0.734214 0.063910 0.011840 0.008173
48 0.298118 0.065381 0.017001 0.018960
48 0.274894 0.017816 0.014876 0.009480
48 0.299636 0.172605 0.013965 0.009807
48 0.333941 0.245832 0.010322 0.009807
5 0.642076 0.265283 0.002429 0.004250
48 0.494536 0.218862 0.007286 0.020595
48 0.582119 0.205950 0.006375 0.010461
48 0.580601 0.055410 0.014876 0.012749
48 0.358986 0.196469 0.004554 0.011115
48 0.499545 0.184374 0.022162 0.018960
48 0.469186 0.185028 0.013054 0.021576
48 0.588494 0.146290 0.020947 0.016672
48 0.538251 0.209382 0.007893 0.010134
48 0.047966 0.927100 0.011536 0.008500
5 0.643443 0.124060 0.004554 0.004250
5 0.814967 0.292252 0.002732 0.005230
24 0.435641 0.307617 0.003036 0.008500
24 0.569217 0.307290 0.010322 0.004577
5 0.262902 0.194018 0.002429 0.004250
5 0.667729 0.092514 0.003339 0.003923
5 0.531117 0.227362 0.002732 0.005557
5 0.407104 0.261033 0.001821 0.003596
5 0.107620 0.310069 0.005768 0.001635
5 0.747420 0.011115 0.005464 0.003923
5 0.432605 0.252043 0.003643 0.001308
48 0.154675 0.371363 0.036126 0.043805
48 0.102459 0.325760 0.007590 0.006865
48 0.133424 0.201046 0.005161 0.004577
48 0.068154 0.852730 0.008197 0.007519
48 0.016697 0.865969 0.010322 0.011769
48 0.043868 0.869238 0.007590 0.007192
48 0.079539 0.877738 0.007893 0.007846
48 0.158015 0.897842 0.010018 0.012095
48 0.429872 0.077313 0.021251 0.016018
48 0.297055 0.201210 0.015483 0.021903
48 0.549029 0.271331 0.031876 0.017653
5 0.649666 0.264466 0.002429 0.003923
5 0.658774 0.257601 0.005464 0.002615
48 0.549636 0.211670 0.008197 0.017980
48 0.476321 0.221641 0.007893 0.022229
48 0.651032 0.146617 0.026412 0.023864
48 0.563752 0.018143 0.019429 0.016018
48 0.388737 0.143511 0.016697 0.013730
48 0.026715 0.932004 0.012750 0.013730
48 0.093200 0.980386 0.012143 0.015691
5 0.622799 0.258908 0.002732 0.003923
5 0.749393 0.006702 0.004554 0.002942
30 0.193230 0.135338 0.004554 0.018960
30 0.192319 0.109186 0.005768 0.015691
28 0.372344 0.315463 0.016697 0.004577
26 0.861415 0.327231 0.039769 0.017653
47 0.776260 0.287022 0.069824 0.016999
5 0.263661 0.204642 0.003339 0.005884
5 0.709927 0.047074 0.002732 0.005230
5 0.785823 0.303204 0.004554 0.002942
5 0.267152 0.147761 0.003036 0.005884
5 0.694748 0.126022 0.003947 0.002942
5 0.434426 0.269206 0.004250 0.002288
48 0.017456 0.333279 0.010625 0.011442
48 0.022465 0.353220 0.007286 0.008173
48 0.067092 0.234554 0.008500 0.009480
48 0.114299 0.184374 0.016090 0.013730
48 0.166060 0.111147 0.007286 0.006538
48 0.245902 0.925139 0.013358 0.013076
48 0.687310 0.031056 0.029751 0.022229
5 0.316788 0.079111 0.005768 0.003923
48 0.471767 0.112619 0.019429 0.014711
48 0.431998 0.116868 0.020644 0.021249
5 0.395416 0.108205 0.005161 0.003269
48 0.287189 0.239621 0.023679 0.026152
5 0.621281 0.171625 0.005161 0.005230
48 0.614602 0.257927 0.011840 0.008500
48 0.731481 0.114090 0.025804 0.018307
48 0.740134 0.100523 0.021858 0.017326
48 0.649059 0.092677 0.025501 0.023864
48 0.365058 0.033835 0.023983 0.019287
48 0.512750 0.139098 0.012143 0.013403
48 0.155131 0.915332 0.019429 0.015038
28 0.393594 0.310069 0.019126 0.005557
24 0.240893 0.124714 0.009411 0.004250
24 0.239375 0.108532 0.008197 0.002615
24 0.411961 0.306800 0.007286 0.003596
24 0.432149 0.309088 0.004554 0.010788
5 0.433364 0.254005 0.003947 0.001961
5 0.634942 0.035796 0.002732 0.004250
14 0.968124 0.147434 0.011536 0.007192
24 0.247875 0.893266 0.005768 0.006211
48 0.094869 0.376594 0.007590 0.014384
48 0.077262 0.337692 0.007590 0.010461
48 0.091985 0.324616 0.006072 0.007846
48 0.097450 0.192056 0.009107 0.010788
48 0.113540 0.193364 0.010322 0.008173
48 0.039162 0.757764 0.010929 0.009807
48 0.081512 0.942955 0.009411 0.006865
48 0.202945 0.981366 0.010018 0.009153
48 0.791135 0.028441 0.023679 0.027460
48 0.506982 0.054756 0.025501 0.017980
48 0.487401 0.078620 0.031269 0.024518
48 0.444900 0.129127 0.014268 0.013730
48 0.300546 0.084832 0.021251 0.017980
48 0.324378 0.267898 0.008197 0.010788
48 0.358227 0.297646 0.007893 0.014057
5 0.407559 0.273455 0.003339 0.005557
5 0.658470 0.249428 0.005464 0.001961
48 0.574681 0.216574 0.018215 0.013403
48 0.502429 0.146780 0.021251 0.019614
48 0.576958 0.205459 0.006375 0.010788
48 0.538555 0.050016 0.017001 0.016345
48 0.385094 0.032527 0.025804 0.020595
48 0.186703 0.968127 0.009715 0.012749
29 0.249393 0.262014 0.005768 0.019941
24 0.191560 0.090389 0.007286 0.017326
24 0.189132 0.019614 0.009107 0.003269
24 0.473740 0.303694 0.006375 0.002615
24 0.526715 0.294541 0.004857 0.001308
5 0.578021 0.126839 0.004857 0.003269
5 0.700971 0.043151 0.002429 0.005230
5 0.681846 0.285714 0.004250 0.001961
5 0.661658 0.287022 0.005161 0.001961
5 0.389041 0.217064 0.005161 0.002615
5 0.113084 0.309251 0.005768 0.003923
5 0.689739 0.123570 0.003036 0.003923
5 0.983151 0.192710 0.003947 0.004250
48 0.011536 0.359758 0.015786 0.021903
48 0.045386 0.367604 0.011840 0.009480
48 0.035367 0.275907 0.009411 0.010461
48 0.027474 0.264792 0.006982 0.009807
48 0.040832 0.811540 0.006375 0.009480
48 0.023679 0.890324 0.009715 0.012749
48 0.233151 0.988068 0.006072 0.006211
48 0.537796 0.097254 0.011840 0.009480
48 0.531876 0.111311 0.012143 0.009480
48 0.405282 0.105427 0.009715 0.009480
5 0.385853 0.102158 0.004857 0.003596
48 0.400577 0.076169 0.025197 0.020268
48 0.331360 0.266590 0.009411 0.008826
48 0.317243 0.269042 0.007286 0.012422
5 0.334548 0.311213 0.004857 0.002615
5 0.414238 0.261033 0.002125 0.004250
48 0.390103 0.234227 0.013965 0.010788
48 0.532483 0.099215 0.017608 0.012095
48 0.703400 0.108042 0.026715 0.022556
48 0.743625 0.094312 0.020947 0.017980
48 0.574681 0.073063 0.019429 0.026479
48 0.321190 0.053612 0.011536 0.011769
48 0.364451 0.136646 0.020340 0.016345
48 0.368397 0.196306 0.009411 0.025172
48 0.406800 0.180124 0.014572 0.009807
48 0.014572 0.930206 0.009107 0.010788
48 0.027019 0.951782 0.011536 0.017326
30 0.320583 0.385584 0.006679 0.021249
30 0.190498 0.264956 0.005161 0.015364
24 0.189587 0.252043 0.003339 0.007846
24 0.192319 0.036777 0.006982 0.002942
24 0.450213 0.305329 0.003036 0.006538
23 0.326199 0.318568 0.019126 0.006211
5 0.262447 0.188624 0.002732 0.006538
5 0.734062 0.012913 0.003036 0.002288
5 0.038707 0.389016 0.002732 0.005884
5 0.180783 0.022229 0.003339 0.005884
5 0.214481 0.922524 0.005161 0.002615
5 0.562842 0.283753 0.006679 0.003269
5 0.556466 0.278849 0.004857 0.003269
5 0.046448 0.319712 0.005464 0.002615
48 0.033090 0.418437 0.023072 0.019614
48 0.074074 0.341288 0.004857 0.006538
48 0.017304 0.843086 0.006072 0.007192
48 0.187310 0.952272 0.014572 0.010461
48 0.172131 0.861393 0.013965 0.023537
48 0.169854 0.975809 0.003947 0.005884
48 0.305556 0.235534 0.010018 0.023864
48 0.351093 0.227035 0.009411 0.012095
48 0.382058 0.286532 0.005768 0.011442
48 0.602763 0.269533 0.020340 0.015364
48 0.431239 0.229487 0.011233 0.012422
48 0.659836 0.077967 0.028840 0.025172
48 0.595477 0.070611 0.028233 0.025499
48 0.559047 0.060477 0.020947 0.022883
48 0.595628 0.045440 0.030358 0.022883
48 0.312234 0.046911 0.017304 0.017980
48 0.340468 0.174403 0.025197 0.020595
48 0.055707 0.943119 0.014268 0.007192
5 0.461445 0.245669 0.006679 0.002288
8 0.622647 0.056718 0.004250 0.005557
24 0.446418 0.306636 0.002732 0.005884
5 0.657559 0.241092 0.002429 0.007519
5 0.786582 0.269369 0.004857 0.002615
5 0.411506 0.261033 0.002125 0.003596
5 0.053430 0.332625 0.002429 0.005557
5 0.016545 0.420889 0.004554 0.004250
5 0.110808 0.258745 0.003036 0.005557
5 0.114602 0.224910 0.000911 0.006538
5 0.525501 0.289801 0.005464 0.003596
5 0.556618 0.284897 0.005161 0.002288
5 0.980419 0.190912 0.005161 0.003269
48 0.017608 0.346845 0.006679 0.005884
48 0.131906 0.314155 0.016697 0.012422
48 0.093048 0.214286 0.024590 0.029748
48 0.036582 0.825433 0.017911 0.019614
48 0.028385 0.851912 0.008197 0.009153
48 0.047359 0.875613 0.008500 0.008173
48 0.197177 0.866787 0.019126 0.014057
48 0.195962 0.965021 0.008804 0.005230
48 0.100030 0.870709 0.011840 0.010788
48 0.286126 0.023047 0.011840 0.010134
5 0.368701 0.099052 0.005161 0.003269
48 0.278840 0.167702 0.021554 0.013730
48 0.361111 0.231285 0.011233 0.020595
48 0.342896 0.285714 0.009411 0.018307
48 0.388434 0.227035 0.012447 0.008826
48 0.543868 0.211507 0.008197 0.016999
48 0.521706 0.208892 0.008804 0.013076
48 0.637826 0.169827 0.021858 0.017980
48 0.403005 0.191076 0.008197 0.019287
48 0.429569 0.185191 0.020036 0.016672
48 0.015634 0.923831 0.008197 0.009807
48 0.016393 0.952926 0.015786 0.020268
48 0.034912 0.954233 0.013358 0.020922
48 0.035974 0.926120 0.012447 0.016999
48 0.138130 0.895881 0.017608 0.021249
5 0.427444 0.369565 0.003036 0.006211
5 0.674712 0.144165 0.003339 0.003923
5 0.640710 0.133867 0.002732 0.004904
24 0.190498 0.038902 0.008197 0.002615
5 0.670765 0.087774 0.002732 0.004250
5 0.699757 0.022066 0.006072 0.003596
5 0.661809 0.284897 0.005464 0.002942
5 0.141621 0.969108 0.006375 0.003596
5 0.161050 0.820693 0.006375 0.003596
5 0.531876 0.288983 0.005464 0.002615
5 0.682757 0.295685 0.004857 0.001635
48 0.008500 0.335077 0.005464 0.005230
48 0.005009 0.313338 0.008804 0.008173
48 0.038403 0.300588 0.012447 0.013403
48 0.032332 0.252697 0.013054 0.007846
48 0.170310 0.943609 0.013965 0.014057
48 0.177596 0.979078 0.010929 0.011769
48 0.111566 0.881661 0.009411 0.015691
48 0.432453 0.072082 0.019733 0.014711
48 0.521403 0.083524 0.017911 0.012095
48 0.273831 0.097744 0.014572 0.023537
48 0.319976 0.134521 0.017608 0.016018
48 0.289617 0.149068 0.020644 0.013730
5 0.299332 0.213795 0.006072 0.003923
48 0.300243 0.159366 0.010322 0.012095
48 0.350789 0.295031 0.008197 0.012095
48 0.423953 0.288003 0.014268 0.018307
48 0.582119 0.155606 0.022162 0.017653
48 0.471463 0.236025 0.042502 0.013730
48 0.536885 0.012749 0.021554 0.015691
48 0.367183 0.127166 0.029447 0.025499
48 0.417274 0.169336 0.015483 0.012422
48 0.055252 0.950964 0.017001 0.014384
5 0.663631 0.256456 0.003643 0.003596
24 0.240134 0.119647 0.009107 0.002615
24 0.535216 0.297973 0.007893 0.000981
8 0.638434 0.249918 0.003036 0.005557
5 0.431542 0.055901 0.004554 0.005884
5 0.652398 0.243707 0.002429 0.007519
5 0.785975 0.308434 0.003643 0.002942
5 0.010170 0.391141 0.003339 0.006211
5 0.078931 0.782445 0.005464 0.003596
5 0.537189 0.288983 0.005161 0.002615
5 0.413327 0.950964 0.003339 0.005230
48 0.014117 0.325106 0.005161 0.003596
48 0.191864 0.945244 0.015786 0.010134
48 0.176685 0.954397 0.007286 0.007519
48 0.120826 0.922851 0.009107 0.009807
48 0.705070 0.064727 0.020947 0.013076
48 0.729356 0.070611 0.021554 0.011769
48 0.270644 0.058679 0.015483 0.010788
48 0.283698 0.054430 0.010625 0.012749
48 0.374013 0.053285 0.022465 0.019614
48 0.359138 0.042334 0.020036 0.015364
48 0.388889 0.065871 0.018215 0.019941
48 0.377960 0.082707 0.016393 0.018960
48 0.487098 0.088591 0.021554 0.016999
48 0.414845 0.223929 0.019126 0.013730
48 0.531724 0.136319 0.017911 0.013730
48 0.539466 0.157077 0.028537 0.025172
48 0.644505 0.160183 0.024287 0.018307
48 0.716758 0.138607 0.024287 0.018960
48 0.727687 0.120628 0.023679 0.015691
48 0.653916 0.088101 0.024287 0.017326
48 0.652854 0.046420 0.023983 0.019614
48 0.273528 0.024191 0.020036 0.017653
48 0.362933 0.143674 0.020340 0.017326
48 0.363540 0.194508 0.006375 0.017653
48 0.414238 0.190422 0.009411 0.021249
48 0.380389 0.156914 0.025501 0.022883
48 0.012599 0.913043 0.008197 0.014384
5 0.029447 0.971723 0.005464 0.004250
5 0.489678 0.197614 0.006072 0.002942
5 0.611870 0.317261 0.006375 0.002288
5 0.649211 0.123079 0.002125 0.002942
24 0.534760 0.295521 0.008197 0.002615
5 0.681087 0.283753 0.005161 0.002615
5 0.528537 0.227689 0.002429 0.005557
5 0.120522 0.417130 0.006679 0.003269
5 0.103522 0.305655 0.005464 0.003923
5 0.732544 0.017653 0.004857 0.005230
24 0.181390 0.359104 0.003947 0.008173
10 0.112477 0.798300 0.004554 0.007192
48 0.101245 0.406342 0.017911 0.029421
48 0.046145 0.341615 0.010929 0.012422
48 0.014572 0.285387 0.011536 0.011769
48 0.142987 0.267898 0.026108 0.016018
48 0.135701 0.211180 0.016393 0.015691
48 0.058440 0.832625 0.008804 0.009807
48 0.270492 0.960935 0.017608 0.023864
48 0.092593 0.857797 0.025501 0.017653
48 0.672435 0.059823 0.021251 0.015038
48 0.702186 0.075678 0.019429 0.015364
5 0.319824 0.082216 0.003947 0.004904
48 0.324985 0.125695 0.015483 0.015364
48 0.311931 0.116051 0.020340 0.016345
48 0.287644 0.155606 0.020947 0.018307
48 0.295386 0.189604 0.011536 0.011769
48 0.318154 0.288493 0.015179 0.009480
48 0.406497 0.281465 0.010929 0.008500
5 0.571342 0.334586 0.005464 0.002942
48 0.698391 0.297156 0.025804 0.021576
48 0.602914 0.059987 0.024894 0.017326
48 0.657407 0.038575 0.023983 0.013730
48 0.540984 0.009153 0.020036 0.017653
48 0.532939 0.016182 0.025197 0.016672
48 0.445507 0.172605 0.020340 0.020268
48 0.525653 0.122426 0.012447 0.012749
29 0.250607 0.308761 0.006375 0.021903
24 0.554493 0.293397 0.009411 0.006865
8 0.647845 0.245832 0.001821 0.005884
5 0.445962 0.064073 0.003036 0.004577
5 0.684274 0.068323 0.002429 0.004577
5 0.661354 0.279830 0.004554 0.001961
5 0.540984 0.227035 0.002429 0.005557
5 0.124772 0.380190 0.003643 0.005230
5 0.121585 0.346518 0.004554 0.004577
5 0.597298 0.340144 0.005161 0.002288
5 0.443078 0.298627 0.005161 0.002288
48 0.005768 0.332135 0.006679 0.005884
48 0.136157 0.304675 0.024590 0.016345
48 0.076047 0.839980 0.011233 0.009480
48 0.103370 0.902256 0.017304 0.018307
48 0.209320 0.890160 0.017911 0.018960
48 0.206588 0.878065 0.019126 0.015691
48 0.734517 0.059497 0.022162 0.009153
5 0.314511 0.082707 0.004857 0.003269
48 0.503795 0.064564 0.023376 0.014711
48 0.307529 0.152664 0.018215 0.015038
48 0.465695 0.279993 0.031573 0.023864
48 0.555252 0.210853 0.012143 0.020922
48 0.535975 0.165414 0.023376 0.020922
48 0.641469 0.285060 0.026108 0.023537
48 0.688676 0.094312 0.019126 0.016672
48 0.644505 0.061621 0.018215 0.014057
48 0.282332 0.030402 0.007286 0.009153
48 0.519733 0.171625 0.017001 0.022229
24 0.184426 0.171298 0.003339 0.008500
24 0.569520 0.296502 0.010929 0.003269
5 0.728446 0.021903 0.004554 0.003269
5 0.129781 0.371363 0.003339 0.005884
5 0.168488 0.070284 0.003036 0.004577
5 0.644809 0.322001 0.006679 0.003269
5 0.652398 0.310069 0.005464 0.002942
5 0.684578 0.302386 0.004857 0.001961
5 0.394961 0.303857 0.003643 0.002288
48 0.062690 0.398660 0.019733 0.023864
48 0.067699 0.351422 0.014572 0.014384
48 0.023528 0.333606 0.005161 0.006211
48 0.028537 0.318078 0.009107 0.010461
48 0.143291 0.299444 0.015179 0.009807
48 0.126442 0.331808 0.010625 0.007846
48 0.153157 0.159529 0.013661 0.014384
48 0.143291 0.158222 0.006679 0.009153
48 0.047814 0.796829 0.020947 0.027133
48 0.025349 0.877574 0.011233 0.009480
48 0.208409 0.902419 0.030055 0.025172
48 0.118094 0.926610 0.007893 0.010134
