48 0.015027 0.241909 0.030055 0.024191
48 0.018519 0.230141 0.037037 0.022883
48 0.974347 0.074698 0.021554 0.012749
48 0.981330 0.070611 0.017304 0.011769
31 0.974651 0.549199 0.038555 0.018307
48 0.979964 0.145799 0.016393 0.018960
48 0.984669 0.198267 0.017911 0.018634
23 0.980571 0.541680 0.038859 0.022229
48 0.991044 0.857470 0.017911 0.058843
48 0.990741 0.097417 0.018519 0.011769
48 0.988767 0.125368 0.015179 0.015364
8 0.982999 0.005394 0.008500 0.006211
48 0.981026 0.061295 0.024590 0.018634
48 0.977535 0.192220 0.017001 0.019614
48 0.991196 0.168683 0.013965 0.012422
48 0.985883 0.052141 0.024590 0.017980
48 0.982696 0.158385 0.009107 0.011442
48 0.973437 0.082380 0.020340 0.013730
48 0.986794 0.160510 0.010018 0.011115
48 0.985732 0.041026 0.028537 0.021903
48 0.988312 0.184374 0.018519 0.015038
48 0.996053 0.733083 0.007893 0.072900
48 0.982544 0.787185 0.034912 0.047074
48 0.990134 0.148741 0.011840 0.015691
48 0.982848 0.025989 0.034305 0.031710
48 0.982999 0.109186 0.017608 0.017653
48 0.988464 0.176365 0.013358 0.011442
48 0.990437 0.101994 0.017304 0.011769
48 0.467213 0.041190 0.013965 0.009153
48 0.465240 0.045767 0.013054 0.010461
48 0.340468 0.120955 0.044627 0.039882
48 0.131148 0.032200 0.012750 0.012749
48 0.135246 0.021903 0.012447 0.009153
48 0.051154 0.033835 0.009411 0.008826
5 0.013661 0.209055 0.004857 0.003596
5 0.008956 0.206277 0.005768 0.003923
5 0.040984 0.222131 0.003643 0.002942
5 0.039162 0.223766 0.004250 0.002288
5 0.038859 0.226381 0.003643 0.002942
5 0.043109 0.228016 0.003036 0.005557
53 0.066636 0.290945 0.044019 0.058843
5 0.112477 0.262504 0.003339 0.004577
39 0.135701 0.251553 0.004857 0.003596
14 0.158925 0.187480 0.007590 0.009480
6 0.212052 0.062112 0.005161 0.007846
5 0.211749 0.221641 0.005161 0.003269
5 0.242866 0.238477 0.004250 0.002288
53 0.221615 0.238640 0.043109 0.052958
5 0.256375 0.231448 0.005161 0.002615
5 0.262143 0.220333 0.004554 0.002615
5 0.271099 0.202027 0.004857 0.002615
5 0.225865 0.285060 0.003036 0.003923
5 0.223285 0.283753 0.003339 0.003923
5 0.207195 0.303531 0.004554 0.003596
5 0.192016 0.332462 0.004554 0.003269
5 0.193230 0.330337 0.005161 0.004250
5 0.190801 0.334750 0.004554 0.003269
14 0.190650 0.362210 0.011536 0.007192
5 0.223588 0.439850 0.002732 0.004904
5 0.283090 0.391795 0.004554 0.003596
5 0.292653 0.361556 0.003643 0.002615
5 0.289921 0.360085 0.003643 0.002288
5 0.282635 0.355835 0.003643 0.002288
5 0.294019 0.333933 0.002732 0.004250
5 0.298573 0.335731 0.003339 0.004577
5 0.287341 0.330500 0.003339 0.004577
5 0.283546 0.327721 0.003036 0.004904
5 0.397086 0.414515 0.003036 0.004577
53 0.397996 0.415822 0.026715 0.021576
9 0.457954 0.412390 0.006375 0.009480
5 0.747420 0.580909 0.003643 0.005230
14 0.867638 0.672769 0.005464 0.015038
5 0.192927 0.332298 0.013054 0.023864
9 0.150121 0.190749 0.005161 0.008173
5 0.248634 0.031546 0.003036 0.004250
5 0.195659 0.210526 0.002732 0.003923
5 0.182301 0.201046 0.003339 0.005230
5 0.236946 0.267571 0.003339 0.004250
5 0.301913 0.138280 0.003339 0.004577
5 0.309806 0.120955 0.004554 0.002615
5 0.311020 0.118830 0.003339 0.002288
5 0.312386 0.117195 0.003643 0.002288
5 0.313904 0.112782 0.004250 0.002615
5 0.322404 0.208075 0.006679 0.003596
5 0.407407 0.241746 0.003036 0.004250
5 0.404220 0.252370 0.002732 0.003923
5 0.404523 0.257601 0.002732 0.004577
53 0.388434 0.246813 0.064663 0.045767
51 0.764420 0.103302 0.020644 0.029421
51 0.749848 0.095946 0.018822 0.027133
5 0.875835 0.032364 0.004250 0.003269
53 0.865209 0.032527 0.026108 0.025825
53 0.828172 0.281138 0.027322 0.028114
53 0.890559 0.318732 0.043412 0.037921
53 0.855798 0.298954 0.044930 0.036286
53 0.861111 0.222785 0.017304 0.012095
53 0.879933 0.245505 0.025804 0.021576
53 0.905890 0.245505 0.026715 0.016999
53 0.885701 0.233246 0.019733 0.012749
53 0.925471 0.268225 0.026412 0.016672
53 0.911354 0.281138 0.041287 0.034652
5 0.829690 0.188624 0.005464 0.005230
5 0.800395 0.073227 0.003339 0.005230
26 0.168033 0.468617 0.031269 0.020595
26 0.197177 0.498365 0.036126 0.022556
29 0.361870 0.259398 0.032787 0.016672
26 0.202793 0.488558 0.035216 0.022556
23 0.784305 0.463550 0.077413 0.046420
23 0.790832 0.452435 0.085003 0.046420
29 0.275501 0.300588 0.016697 0.010134
29 0.488919 0.322164 0.027626 0.020595
29 0.403309 0.287349 0.016697 0.010461
31 0.845325 0.810886 0.075592 0.046747
30 0.518063 0.336058 0.024590 0.018307
29 0.312842 0.319549 0.018519 0.010788
23 0.124013 0.431350 0.019126 0.012095
23 0.326503 0.249101 0.029447 0.015038
23 0.329690 0.243217 0.026715 0.014384
26 0.174863 0.459791 0.032180 0.022556
26 0.207954 0.477934 0.038251 0.026152
11 0.782180 0.721804 0.016090 0.009153
14 0.980571 0.846845 0.015179 0.008826
48 0.611415 0.163942 0.015179 0.016672
48 0.393139 0.045440 0.016393 0.011769
48 0.488160 0.064727 0.007286 0.009153
48 0.479205 0.018960 0.013661 0.018960
48 0.607772 0.090879 0.023072 0.018307
48 0.554493 0.116868 0.022162 0.016672
48 0.551002 0.153808 0.012750 0.015364
48 0.628264 0.173259 0.009411 0.013730
48 0.683060 0.205623 0.012143 0.013076
48 0.794627 0.234717 0.024590 0.016345
48 0.508500 0.209709 0.014572 0.016672
48 0.847753 0.041680 0.009411 0.009480
48 0.936400 0.053612 0.006982 0.008500
5 0.941409 0.264139 0.004250 0.003923
5 0.170006 0.293233 0.002429 0.005884
5 0.174863 0.304511 0.003643 0.004250
5 0.146782 0.272802 0.005161 0.003596
5 0.204311 0.234717 0.004250 0.003269
5 0.400273 0.385420 0.003339 0.005884
5 0.878264 0.231448 0.003643 0.007192
5 0.913479 0.248938 0.003036 0.004250
5 0.804797 0.260216 0.001214 0.007192
5 0.951730 0.149395 0.006679 0.005230
11 0.370826 0.477280 0.009411 0.015691
5 0.738008 0.335567 0.006072 0.004250
5 0.856406 0.220170 0.003643 0.005557
48 0.127353 0.083361 0.004554 0.005884
48 0.913175 0.378882 0.029751 0.035306
48 0.527322 0.042661 0.022465 0.027133
48 0.603825 0.097581 0.021251 0.014057
48 0.525653 0.130271 0.020340 0.010788
48 0.572101 0.152501 0.010625 0.007519
48 0.609593 0.142694 0.015786 0.014057
48 0.641773 0.124224 0.018822 0.020268
48 0.684426 0.172279 0.020947 0.016345
48 0.798421 0.182086 0.013965 0.014384
48 0.756527 0.240602 0.021858 0.018307
48 0.710838 0.229160 0.009411 0.007846
48 0.716910 0.027787 0.008804 0.009807
48 0.961141 0.060641 0.018215 0.014711
5 0.922283 0.099215 0.003036 0.002942
48 0.942168 0.082543 0.005768 0.008826
48 0.917577 0.142040 0.017911 0.014057
5 0.200971 0.256620 0.002429 0.003269
5 0.982999 0.257437 0.005464 0.004904
5 0.144353 0.277215 0.004554 0.002615
5 0.232848 0.240438 0.004250 0.006211
5 0.363388 0.372507 0.003643 0.004904
5 0.525349 0.017326 0.005768 0.003923
5 0.580298 0.253351 0.005768 0.003269
5 0.900880 0.342269 0.002125 0.004577
10 0.386308 0.483818 0.009411 0.015038
10 0.963267 0.838836 0.013358 0.011769
5 0.865058 0.224093 0.002125 0.003596
48 0.739071 0.278196 0.064663 0.029421
48 0.103673 0.071102 0.005768 0.006211
48 0.059047 0.049363 0.011233 0.008500
48 0.076503 0.025335 0.017001 0.015364
5 0.239526 0.088754 0.004857 0.003596
48 0.405434 0.075188 0.014268 0.021576
48 0.342744 0.028931 0.020644 0.017980
48 0.576047 0.119320 0.014876 0.008500
48 0.598512 0.157568 0.012447 0.007846
48 0.600637 0.177509 0.014268 0.017653
48 0.681694 0.133867 0.013054 0.012095
48 0.703704 0.170317 0.013358 0.016345
48 0.786430 0.177509 0.011840 0.018307
48 0.794627 0.194181 0.014876 0.014384
5 0.899970 0.059497 0.003947 0.004577
23 0.887219 0.499019 0.063449 0.043478
29 0.428810 0.291925 0.024590 0.018307
24 0.620219 0.473030 0.018822 0.009153
48 0.397237 0.105754 0.047055 0.040863
6 0.796296 0.138934 0.009715 0.013730
5 0.229508 0.406015 0.003036 0.005230
5 0.641166 0.225727 0.006072 0.002288
5 0.825137 0.204969 0.004250 0.005884
48 0.127201 0.392449 0.071038 0.038248
48 0.136612 0.069140 0.007286 0.006865
48 0.414693 0.059497 0.020644 0.025499
48 0.458713 0.059987 0.019429 0.014711
48 0.565422 0.063093 0.029447 0.022883
48 0.565726 0.149068 0.009411 0.012422
48 0.577565 0.139261 0.015483 0.015038
48 0.595932 0.161491 0.012143 0.009807
48 0.685185 0.123079 0.015179 0.016018
48 0.720097 0.182739 0.010322 0.015691
48 0.738767 0.176201 0.008804 0.008500
48 0.748634 0.181595 0.012750 0.011442
5 0.636764 0.236025 0.005768 0.003269
48 0.706436 0.236352 0.012143 0.013076
48 0.970553 0.088918 0.016393 0.011115
48 0.936855 0.153482 0.020644 0.017980
5 0.575744 0.191402 0.003947 0.002288
5 0.554797 0.236188 0.003947 0.003596
29 0.251366 0.267408 0.010322 0.013076
5 0.921828 0.342596 0.004554 0.003269
5 0.875531 0.242890 0.002429 0.004577
8 0.773528 0.310396 0.004250 0.007519
5 0.863388 0.223112 0.002429 0.004904
48 0.437614 0.550180 0.106557 0.070611
48 0.714633 0.586139 0.024894 0.020268
48 0.371736 0.407486 0.016090 0.005557
48 0.819520 0.109840 0.027626 0.018307
48 0.106861 0.046747 0.017608 0.006538
5 0.252429 0.067506 0.005161 0.002942
48 0.365513 0.042824 0.024287 0.020922
48 0.373406 0.060477 0.020036 0.020922
5 0.262295 0.049853 0.005464 0.003596
48 0.398300 0.032200 0.015786 0.010134
5 0.532028 0.153645 0.005161 0.003269
48 0.539314 0.133377 0.006982 0.007846
48 0.617031 0.166721 0.010625 0.014384
48 0.674104 0.145963 0.017911 0.014711
48 0.657559 0.172279 0.018215 0.016345
48 0.617486 0.177836 0.010929 0.008500
48 0.710231 0.172279 0.009411 0.013730
48 0.664845 0.329356 0.029144 0.024518
48 0.630540 0.311049 0.014572 0.018634
48 0.905586 0.083524 0.014572 0.013403
31 0.270036 0.510461 0.076199 0.047401
5 0.180480 0.298137 0.002125 0.005230
5 0.206132 0.231121 0.005464 0.002615
5 0.631451 0.244361 0.006072 0.003596
5 0.880540 0.244524 0.003339 0.009153
8 0.531421 0.144165 0.008804 0.005884
5 0.575288 0.251553 0.005464 0.004250
48 0.644657 0.535142 0.027019 0.032037
48 0.165908 0.256293 0.034305 0.047074
48 0.391773 0.190585 0.013054 0.016345
48 0.134032 0.086957 0.005161 0.006538
48 0.066029 0.053776 0.008197 0.006865
48 0.058136 0.038738 0.007590 0.007519
5 0.288251 0.037104 0.005161 0.003596
48 0.496812 0.031056 0.014268 0.018307
48 0.545082 0.124224 0.018519 0.015038
48 0.636157 0.159529 0.011233 0.011769
48 0.643594 0.149232 0.010929 0.012749
48 0.728446 0.186989 0.013661 0.015691
48 0.759715 0.159693 0.013661 0.015364
48 0.781421 0.188624 0.012750 0.013076
48 0.693078 0.015855 0.011536 0.013403
48 0.949302 0.045767 0.018215 0.012422
48 0.946873 0.052632 0.016393 0.013730
48 0.929873 0.069467 0.015179 0.013403
48 0.957650 0.067015 0.016090 0.011769
48 0.927444 0.073227 0.017608 0.012422
48 0.960534 0.185191 0.014572 0.019287
5 0.137826 0.341451 0.004857 0.002942
5 0.222829 0.123733 0.004250 0.002942
5 0.474954 0.194508 0.002732 0.003923
5 0.634335 0.282445 0.002732 0.003923
5 0.933364 0.238967 0.005161 0.003923
5 0.917426 0.251880 0.002429 0.004904
5 0.901488 0.151684 0.004554 0.003269
5 0.904220 0.145799 0.006375 0.002615
5 0.858075 0.028277 0.004554 0.003596
10 0.272920 0.059333 0.009715 0.007519
10 0.880237 0.094475 0.006982 0.009153
5 0.196266 0.323308 0.005161 0.003923
5 0.623103 0.261360 0.004554 0.002942
5 0.790832 0.272638 0.004250 0.005230
5 0.910291 0.132560 0.004554 0.002288
48 0.171069 0.047238 0.030662 0.042824
5 0.204007 0.141550 0.004857 0.005884
5 0.266545 0.066362 0.004857 0.003923
48 0.485276 0.053612 0.013661 0.013076
5 0.543412 0.159039 0.004857 0.002942
48 0.586673 0.144492 0.013054 0.013076
48 0.633576 0.093658 0.015179 0.012095
48 0.668185 0.120464 0.014572 0.023210
48 0.674256 0.117849 0.011536 0.017980
48 0.687310 0.162471 0.014572 0.013076
48 0.674863 0.187970 0.014572 0.012422
48 0.694141 0.222622 0.032483 0.026806
48 0.791743 0.208238 0.009715 0.011769
5 0.806618 0.241255 0.003643 0.004577
48 0.486491 0.195325 0.013661 0.015364
48 0.507741 0.155933 0.015483 0.016345
48 0.546600 0.212978 0.019733 0.014057
48 0.554189 0.201210 0.014876 0.011442
48 0.524742 0.177182 0.006375 0.007846
48 0.535823 0.184374 0.005464 0.006538
48 0.913783 0.066198 0.010929 0.008173
5 0.682301 0.306473 0.002732 0.008173
5 0.182453 0.308271 0.003036 0.005230
5 0.909988 0.135175 0.005161 0.002942
5 0.903157 0.147434 0.004857 0.001961
5 0.863388 0.027623 0.005464 0.003596
5 0.907104 0.141713 0.005464 0.002942
8 0.195355 0.125858 0.008804 0.006538
5 0.240437 0.262341 0.004250 0.004250
5 0.214481 0.287022 0.005768 0.003269
5 0.167426 0.421870 0.004554 0.002942
6 0.804645 0.270350 0.008804 0.012422
48 0.142077 0.072082 0.007893 0.008826
48 0.068458 0.035959 0.015483 0.011115
5 0.281573 0.026806 0.005768 0.003269
48 0.569520 0.163779 0.022465 0.020268
48 0.677292 0.201863 0.010929 0.012095
48 0.709624 0.185028 0.016090 0.016999
48 0.761536 0.199738 0.019126 0.022229
48 0.752580 0.220660 0.018822 0.012422
48 0.764268 0.218209 0.014268 0.014057
48 0.739526 0.235371 0.019429 0.016345
48 0.656345 0.309742 0.020644 0.019287
48 0.710231 0.043805 0.008197 0.009807
48 0.884639 0.054920 0.009715 0.011769
5 0.920310 0.045440 0.003339 0.003923
48 0.928810 0.083361 0.007590 0.008500
48 0.933819 0.085159 0.009107 0.010134
48 0.967517 0.043805 0.015179 0.013076
48 0.949605 0.085159 0.009107 0.009480
48 0.960838 0.107225 0.018822 0.013730
5 0.238767 0.049853 0.003947 0.006211
5 0.524287 0.096437 0.003643 0.005884
29 0.088342 0.415659 0.010929 0.006865
5 0.196721 0.246322 0.005464 0.002942
5 0.220856 0.248120 0.003339 0.005884
5 0.244839 0.327068 0.004554 0.003596
5 0.235428 0.394900 0.003339 0.005230
6 0.274742 0.483001 0.010929 0.006211
5 0.391621 0.386891 0.003036 0.006211
48 0.066181 0.045930 0.008500 0.007519
48 0.053886 0.043969 0.006375 0.006865
5 0.514724 0.147924 0.004554 0.002942
48 0.572101 0.146943 0.010625 0.010134
48 0.596995 0.115397 0.020947 0.015691
5 0.516090 0.117195 0.003036 0.004250
48 0.637067 0.177999 0.010625 0.012749
48 0.724044 0.160510 0.013358 0.015691
48 0.732999 0.247303 0.012447 0.014057
48 0.744384 0.229487 0.015179 0.011115
48 0.713267 0.223929 0.010018 0.009807
48 0.541287 0.172605 0.017608 0.018307
48 0.666818 0.022556 0.019126 0.019614
5 0.659836 0.029258 0.003947 0.004250
48 0.927747 0.093168 0.009715 0.012422
5 0.605343 0.200229 0.001214 0.004250
8 0.107316 0.299117 0.001518 0.005884
30 0.595021 0.374469 0.023679 0.019941
5 0.209624 0.295848 0.005768 0.002615
5 0.380237 0.381334 0.002125 0.005557
5 0.369915 0.375123 0.002125 0.004250
5 0.638130 0.252043 0.004250 0.003923
5 0.889041 0.249591 0.003947 0.004250
5 0.931087 0.271004 0.003036 0.004577
5 0.572708 0.055737 0.005768 0.003596
5 0.520492 0.014874 0.005161 0.003596
10 0.278081 0.050180 0.011536 0.007519
5 0.243777 0.252533 0.003643 0.005557
5 0.231481 0.402909 0.002732 0.004904
5 0.642684 0.220660 0.006679 0.003923
48 0.687007 0.586466 0.022465 0.015038
48 0.057832 0.174567 0.010625 0.011115
48 0.341226 0.217555 0.033394 0.026479
48 0.467517 0.096764 0.068610 0.050997
48 0.044930 0.036286 0.008500 0.004577
48 0.771403 0.370709 0.035823 0.035306
48 0.108682 0.038411 0.020644 0.016672
48 0.274438 0.123406 0.027322 0.035633
48 0.440801 0.047891 0.018822 0.015364
48 0.478749 0.072900 0.009715 0.009153
48 0.491044 0.066688 0.008197 0.009153
48 0.663783 0.208401 0.014876 0.011442
48 0.717972 0.234063 0.022465 0.026806
48 0.774590 0.169336 0.018519 0.020268
48 0.851852 0.052468 0.011536 0.013403
48 0.847905 0.051978 0.008500 0.013076
48 0.940194 0.056228 0.007286 0.005884
48 0.958106 0.073390 0.021858 0.016018
5 0.206588 0.375449 0.005161 0.003596
5 0.651488 0.227362 0.003643 0.005557
29 0.097450 0.430696 0.012750 0.006211
29 0.101093 0.421380 0.023072 0.012422
29 0.123103 0.438215 0.017304 0.010134
47 0.204463 0.175874 0.048270 0.056228
5 0.183212 0.299117 0.002732 0.005884
6 0.779144 0.135829 0.011233 0.014711
5 0.246964 0.247630 0.003947 0.004904
5 0.193989 0.327395 0.004857 0.004904
5 0.165301 0.424158 0.004554 0.002942
48 0.566333 0.573717 0.124772 0.082380
48 0.830905 0.082053 0.021858 0.013076
48 0.829690 0.089735 0.023679 0.018634
48 0.838494 0.124714 0.018822 0.015364
48 0.358986 0.055574 0.018519 0.017653
5 0.283698 0.034325 0.005161 0.003269
48 0.351245 0.020595 0.018215 0.015038
48 0.555859 0.089572 0.041287 0.035306
48 0.559958 0.145636 0.009411 0.011442
48 0.639496 0.147434 0.009411 0.011769
48 0.719794 0.205786 0.013358 0.014711
5 0.913327 0.032364 0.005161 0.003269
48 0.939284 0.087120 0.004857 0.007519
48 0.965240 0.101340 0.014876 0.009153
5 0.214329 0.245178 0.002429 0.008500
5 0.706132 0.249591 0.003643 0.005557
29 0.533394 0.421216 0.033394 0.012749
5 0.198543 0.243053 0.004857 0.004250
5 0.384942 0.377574 0.005464 0.006538
5 0.391469 0.403400 0.002732 0.004577
5 0.746205 0.610821 0.005464 0.002942
5 0.389192 0.380026 0.003643 0.005557
5 0.382514 0.382805 0.003036 0.004577
48 0.570431 0.225400 0.030358 0.037594
48 0.097450 0.069304 0.007286 0.007192
48 0.342896 0.035469 0.019126 0.014057
48 0.508197 0.049199 0.013358 0.012749
48 0.554341 0.155443 0.010929 0.015364
48 0.576958 0.116378 0.014268 0.009807
48 0.727535 0.152337 0.010018 0.009153
48 0.742410 0.185845 0.019126 0.012095
5 0.630540 0.248611 0.006072 0.003596
48 0.774894 0.198267 0.010625 0.012095
48 0.754098 0.228669 0.019429 0.012749
48 0.508349 0.249101 0.028840 0.024191
48 0.501670 0.175548 0.020947 0.013076
48 0.524438 0.183720 0.009411 0.007192
48 0.934426 0.029912 0.023679 0.018634
48 0.956436 0.088591 0.009411 0.008500
48 0.964936 0.161491 0.023983 0.015691
48 0.975258 0.170644 0.013661 0.011115
30 0.629326 0.393593 0.041894 0.026806
48 0.438069 0.212324 0.046752 0.044132
5 0.404220 0.393756 0.002732 0.004250
5 0.397389 0.390814 0.003036 0.006865
5 0.881451 0.232756 0.003339 0.005884
5 0.884335 0.234390 0.003036 0.004577
5 0.922131 0.267571 0.003947 0.005557
5 0.510474 0.119810 0.002732 0.004250
14 0.406345 0.227525 0.014268 0.009807
6 0.045689 0.337202 0.015483 0.010134
5 0.207347 0.247630 0.001821 0.004904
5 0.233910 0.322164 0.005768 0.003596
5 0.562993 0.220333 0.005768 0.003269
5 0.845628 0.161327 0.004554 0.006211
48 0.843048 0.110984 0.014572 0.013403
48 0.069520 0.019941 0.010322 0.006538
48 0.923346 0.349624 0.029447 0.014711
48 0.429569 0.065544 0.024287 0.025825
48 0.477231 0.051161 0.012750 0.014057
48 0.472829 0.062275 0.011233 0.012749
48 0.473437 0.048382 0.009411 0.011769
48 0.487401 0.025499 0.014268 0.020922
48 0.565574 0.134031 0.014572 0.016345
48 0.586673 0.130762 0.020947 0.017653
48 0.589860 0.176528 0.015179 0.014384
48 0.691864 0.152174 0.017608 0.011442
48 0.701427 0.198758 0.014876 0.016999
48 0.769277 0.181595 0.012143 0.012095
48 0.755920 0.209055 0.015179 0.008826
48 0.518215 0.197450 0.009107 0.011769
48 0.685792 0.012586 0.013358 0.014057
48 0.971008 0.038575 0.013661 0.009153
48 0.914845 0.155606 0.023376 0.024845
48 0.941257 0.139588 0.017911 0.018307
48 0.969945 0.149068 0.008500 0.011115
5 0.402854 0.267898 0.004250 0.003596
29 0.098057 0.425956 0.020644 0.011115
5 0.154068 0.285224 0.003339 0.006211
5 0.823315 0.171298 0.004250 0.003269
5 0.692471 0.304675 0.004250 0.003269
5 0.637219 0.230631 0.006679 0.004904
8 0.293109 0.039555 0.008197 0.005884
8 0.639344 0.055083 0.005464 0.006865
8 0.106557 0.310886 0.006679 0.009153
5 0.381148 0.375286 0.002125 0.005230
48 0.673194 0.514711 0.066485 0.042171
48 0.590316 0.533181 0.060413 0.039229
48 0.226928 0.344557 0.032483 0.031383
48 0.094869 0.203825 0.070128 0.051978
48 0.899059 0.109513 0.034305 0.026152
48 0.514572 0.033835 0.009715 0.011442
48 0.472981 0.017489 0.015179 0.020595
48 0.424256 0.034815 0.019126 0.014711
5 0.538707 0.157568 0.004554 0.002615
48 0.600182 0.109840 0.017608 0.011115
48 0.603522 0.104446 0.021251 0.014711
48 0.641318 0.104609 0.018519 0.020268
5 0.676837 0.234881 0.005161 0.002942
48 0.781724 0.173750 0.012143 0.017326
48 0.751518 0.254658 0.010625 0.015038
48 0.490741 0.222949 0.008804 0.009153
48 0.518063 0.176201 0.011840 0.010461
48 0.557681 0.181268 0.012750 0.014711
5 0.637067 0.059333 0.003339 0.005557
48 0.880085 0.060314 0.025501 0.016672
48 0.890862 0.039882 0.022769 0.017653
48 0.933515 0.060968 0.019429 0.015364
48 0.968731 0.177836 0.019429 0.011769
5 0.220249 0.255803 0.002732 0.004250
5 0.394353 0.404054 0.003036 0.005230
5 0.640559 0.246976 0.004250 0.006211
5 0.932301 0.187806 0.003643 0.005557
5 0.747723 0.603302 0.005464 0.002942
5 0.922890 0.039882 0.003643 0.005884
10 0.180935 0.143348 0.006679 0.010134
10 0.274287 0.055901 0.011233 0.007192
10 0.916818 0.812194 0.012143 0.013403
5 0.153916 0.233900 0.003643 0.005557
5 0.239375 0.324452 0.005768 0.003596
5 0.686551 0.240765 0.005768 0.004250
5 0.793412 0.267244 0.004554 0.004904
48 0.599879 0.511605 0.065574 0.043805
48 0.063600 0.159039 0.019733 0.017326
48 0.864451 0.083687 0.031876 0.027460
48 0.139192 0.089081 0.004554 0.006211
48 0.293564 0.129454 0.034001 0.035306
48 0.298573 0.023537 0.018519 0.019614
48 0.375379 0.021412 0.016697 0.011442
48 0.527930 0.126512 0.016393 0.010461
48 0.556163 0.143674 0.009107 0.011442
5 0.815422 0.225400 0.003643 0.004250
48 0.527474 0.253678 0.020340 0.013730
48 0.480874 0.220333 0.021251 0.018307
48 0.539769 0.228016 0.019429 0.012749
48 0.945203 0.082870 0.005768 0.008826
5 0.938525 0.170481 0.002732 0.004904
5 0.655282 0.293723 0.006982 0.004250
5 0.695052 0.299117 0.002732 0.005884
5 0.872040 0.227852 0.002125 0.005884
48 0.450061 0.142694 0.031876 0.031710
5 0.209624 0.299117 0.004554 0.003269
5 0.355191 0.388689 0.003036 0.005884
5 0.967517 0.823799 0.005464 0.003269
5 0.870826 0.240438 0.005161 0.009480
10 0.956891 0.849297 0.011536 0.010461
5 0.213570 0.289637 0.005161 0.002615
5 0.355798 0.474828 0.003643 0.004904
6 0.811172 0.257601 0.009715 0.012422
5 0.240589 0.085976 0.003339 0.001961
48 0.397541 0.037757 0.014268 0.012095
48 0.403005 0.028604 0.016697 0.011442
5 0.608379 0.132723 0.004250 0.005884
48 0.536733 0.131416 0.008500 0.011115
48 0.649363 0.193527 0.016393 0.014384
48 0.694293 0.146780 0.015786 0.009807
48 0.707043 0.155443 0.010929 0.012749
48 0.789010 0.238477 0.025501 0.016672
48 0.767911 0.237496 0.016090 0.011442
48 0.622799 0.308271 0.014268 0.016345
48 0.550395 0.205459 0.018822 0.015364
48 0.533546 0.203661 0.006982 0.007192
48 0.902247 0.012259 0.029751 0.023210
48 0.922587 0.056554 0.009715 0.013076
48 0.972070 0.033181 0.017001 0.011442
48 0.941409 0.098725 0.023072 0.018307
8 0.592593 0.259725 0.006679 0.003596
5 0.152095 0.282936 0.001821 0.006211
5 0.228142 0.439359 0.003947 0.005230
5 0.156041 0.435927 0.004250 0.002942
6 0.363995 0.476299 0.008500 0.009807
5 0.400577 0.392449 0.002732 0.004904
5 0.365817 0.373161 0.003036 0.006211
5 0.367942 0.374305 0.002429 0.005884
5 0.747116 0.606080 0.004857 0.002615
5 0.909532 0.137954 0.004250 0.002615
5 0.686400 0.101013 0.005464 0.003269
10 0.909684 0.830827 0.010625 0.010134
10 0.900577 0.826087 0.010625 0.011115
5 0.216758 0.266100 0.003036 0.004577
6 0.237098 0.227198 0.006072 0.009153
5 0.621888 0.263812 0.005768 0.003923
48 0.313904 0.448676 0.056466 0.042171
48 0.152854 0.310396 0.062234 0.045440
48 0.539010 0.325106 0.076199 0.059170
48 0.616272 0.224747 0.043716 0.038248
48 0.729964 0.293233 0.053127 0.026806
48 0.107165 0.072736 0.007286 0.007519
48 0.106557 0.050180 0.017001 0.009480
48 0.407711 0.049689 0.012750 0.013076
48 0.395568 0.070611 0.019429 0.024845
48 0.425471 0.086303 0.019126 0.020922
48 0.504554 0.085159 0.026715 0.021249
48 0.504554 0.043315 0.015179 0.015364
48 0.593048 0.167212 0.012447 0.008826
48 0.628264 0.102811 0.019126 0.014711
48 0.713722 0.158712 0.014572 0.014057
48 0.669551 0.196306 0.014268 0.015364
48 0.678051 0.219189 0.017911 0.017980
48 0.808743 0.215430 0.018215 0.016345
48 0.554038 0.254331 0.021251 0.016345
48 0.501518 0.206277 0.013358 0.015691
48 0.514420 0.195325 0.008804 0.013403
48 0.705829 0.022556 0.019429 0.016999
48 0.885094 0.045113 0.017304 0.013730
48 0.901184 0.020595 0.020947 0.013730
48 0.938676 0.072900 0.012750 0.014384
5 0.212963 0.262177 0.002125 0.006538
5 0.077869 0.266100 0.003339 0.003923
5 0.152702 0.348316 0.003643 0.002288
5 0.487401 0.184537 0.003947 0.002942
5 0.557377 0.230304 0.004250 0.006865
5 0.702793 0.285878 0.004250 0.005557
29 0.332271 0.328048 0.016697 0.009480
47 0.095628 0.107225 0.038859 0.046420
5 0.159836 0.288820 0.002732 0.005557
5 0.352004 0.474501 0.003339 0.004250
5 0.915452 0.026643 0.006375 0.002942
5 0.227687 0.250899 0.002429 0.005557
5 0.385246 0.383459 0.003643 0.005230
48 0.676533 0.552141 0.020340 0.021576
48 0.613995 0.485289 0.061627 0.042824
48 0.269733 0.365969 0.082878 0.066362
48 0.841075 0.070448 0.031269 0.025172
48 0.585610 0.135829 0.018822 0.016018
48 0.575288 0.126675 0.014572 0.012749
48 0.548421 0.136809 0.009411 0.009480
48 0.644202 0.163779 0.011536 0.013076
48 0.650577 0.184864 0.019429 0.014057
48 0.700820 0.132723 0.016697 0.016999
48 0.671524 0.318241 0.027930 0.021249
48 0.642228 0.309251 0.021554 0.032037
48 0.515179 0.214449 0.013358 0.014384
48 0.526715 0.200229 0.009107 0.008173
48 0.704311 0.041353 0.009715 0.013403
48 0.720097 0.031383 0.008500 0.013730
5 0.642987 0.064073 0.004250 0.005230
5 0.645112 0.059006 0.003643 0.004904
48 0.953704 0.039882 0.017911 0.013076
5 0.449454 0.110494 0.004554 0.004577
29 0.140103 0.440503 0.011840 0.006211
29 0.554189 0.355508 0.037341 0.024518
5 0.358986 0.370546 0.003947 0.004904
8 0.790225 0.302713 0.004857 0.007192
5 0.181542 0.426610 0.004250 0.003923
48 0.323315 0.492645 0.126290 0.070611
48 0.474954 0.293397 0.075592 0.055901
48 0.320279 0.034652 0.025501 0.024191
48 0.463874 0.054430 0.018215 0.014711
48 0.592137 0.124714 0.020947 0.013403
48 0.644505 0.196796 0.018822 0.015691
6 0.663934 0.220824 0.005464 0.004250
48 0.753188 0.214613 0.018215 0.014057
48 0.741803 0.249264 0.017911 0.017326
48 0.511992 0.235208 0.031876 0.022556
48 0.505768 0.169827 0.019429 0.014057
48 0.533394 0.168683 0.015179 0.017653
48 0.954463 0.029258 0.021251 0.015364
48 0.935641 0.123079 0.017001 0.016018
5 0.930176 0.176038 0.007286 0.004250
16 0.969945 0.500817 0.013965 0.007192
48 0.243169 0.196469 0.062538 0.060150
5 0.175622 0.296175 0.002732 0.005884
5 0.172738 0.295195 0.002429 0.005230
5 0.142835 0.279993 0.006375 0.002288
5 0.889344 0.235861 0.003339 0.006211
6 0.801761 0.124060 0.008500 0.016018
5 0.815726 0.064727 0.003643 0.004577
5 0.515483 0.012259 0.004857 0.004250
5 0.954007 0.144165 0.004554 0.003269
5 0.860808 0.222622 0.002125 0.003923
5 0.862629 0.128310 0.003339 0.004904
48 0.147693 0.030239 0.013661 0.013403
48 0.050698 0.040373 0.006072 0.005557
48 0.531573 0.119974 0.017001 0.009807
48 0.649059 0.152337 0.013358 0.013076
48 0.747875 0.155280 0.014268 0.015691
48 0.712811 0.174240 0.006679 0.010461
5 0.629630 0.250572 0.005464 0.002942
5 0.627960 0.253024 0.005161 0.002615
5 0.610049 0.278686 0.003947 0.004904
48 0.499696 0.181105 0.017608 0.013076
48 0.548573 0.177182 0.010929 0.015691
48 0.553279 0.179797 0.011233 0.016345
48 0.694748 0.035796 0.010625 0.014057
48 0.732848 0.026970 0.018215 0.012095
48 0.921372 0.078947 0.011536 0.010788
48 0.961749 0.147434 0.013965 0.014384
48 0.970704 0.173586 0.018519 0.011769
48 0.966606 0.188133 0.017001 0.017980
5 0.574074 0.195979 0.002429 0.005557
48 0.872495 0.404871 0.052823 0.075515
5 0.188221 0.300588 0.001821 0.006211
5 0.178051 0.296992 0.002125 0.004904
5 0.341834 0.382968 0.002429 0.004904
5 0.626290 0.255966 0.006072 0.003269
5 0.935185 0.273292 0.003947 0.005230
5 0.635094 0.238640 0.003643 0.004577
10 0.507438 0.125204 0.005161 0.007192
14 0.742107 0.701863 0.019733 0.016345
5 0.374165 0.378228 0.002732 0.004577
48 0.258500 0.421870 0.055556 0.040209
48 0.150729 0.094802 0.005161 0.010461
48 0.185792 0.066525 0.055252 0.073553
48 0.483910 0.020268 0.013965 0.017653
48 0.578931 0.069304 0.012750 0.016999
48 0.717365 0.144165 0.015179 0.020268
48 0.792350 0.178653 0.012143 0.016018
48 0.522465 0.216901 0.011536 0.014711
48 0.918185 0.051814 0.009411 0.009480
48 0.908925 0.078784 0.017001 0.010461
5 0.131603 0.339327 0.006375 0.003269
5 0.155738 0.351585 0.004250 0.002942
5 0.648148 0.232429 0.003036 0.003269
5 0.199909 0.424158 0.003947 0.004250
5 0.902702 0.243053 0.003947 0.006211
5 0.749545 0.600523 0.005464 0.002615
8 0.779599 0.294868 0.004857 0.006538
5 0.184882 0.341942 0.005464 0.003923
5 0.250759 0.330010 0.006072 0.004250
5 0.352155 0.367277 0.003036 0.005557
5 0.857772 0.138280 0.003947 0.005884
48 0.156497 0.375940 0.014876 0.016999
48 0.723892 0.311049 0.055556 0.038248
48 0.247723 0.109840 0.044323 0.049689
5 0.195052 0.122099 0.006375 0.004250
48 0.381603 0.043315 0.017608 0.019941
48 0.394353 0.041353 0.015786 0.008173
48 0.447328 0.034161 0.029447 0.021903
48 0.542350 0.147924 0.017911 0.019941
48 0.581208 0.152337 0.015483 0.012422
48 0.607468 0.159366 0.009107 0.010134
48 0.605950 0.182086 0.010929 0.015038
48 0.737705 0.162635 0.012750 0.017326
48 0.710079 0.199248 0.013358 0.012749
48 0.795537 0.227852 0.023983 0.014384
48 0.756831 0.257437 0.013358 0.017326
48 0.748482 0.252370 0.009411 0.015038
48 0.529144 0.243217 0.025501 0.020922
48 0.496053 0.224256 0.008500 0.007192
48 0.893898 0.036123 0.025804 0.014711
48 0.898300 0.026479 0.022465 0.017653
48 0.967365 0.098398 0.016090 0.009807
48 0.955829 0.153645 0.006982 0.005884
5 0.902702 0.053122 0.003339 0.003596
48 0.837887 0.366296 0.064967 0.116051
47 0.073315 0.096600 0.034912 0.040863
47 0.158622 0.140242 0.037341 0.050997
5 0.180024 0.307617 0.003036 0.005230
5 0.361566 0.371363 0.001821 0.005230
5 0.919702 0.104936 0.006375 0.003923
5 0.517608 0.107551 0.004250 0.006538
5 0.391469 0.381661 0.002732 0.004904
5 0.873558 0.106734 0.004554 0.005557
48 0.662720 0.545603 0.021858 0.021576
5 0.243169 0.083851 0.005464 0.004250
48 0.428658 0.026152 0.019429 0.018960
48 0.616424 0.127166 0.018519 0.013730
48 0.633121 0.175057 0.010018 0.013403
48 0.710534 0.136483 0.016697 0.018634
48 0.726624 0.168683 0.006982 0.009153
48 0.683819 0.191566 0.012447 0.011769
48 0.774742 0.264629 0.026715 0.019941
48 0.524742 0.164433 0.014268 0.015038
48 0.719338 0.052795 0.020340 0.015364
48 0.859441 0.053776 0.018822 0.019941
48 0.965695 0.052632 0.019429 0.015038
5 0.928962 0.108532 0.005464 0.003269
5 0.141014 0.205786 0.003947 0.002942
5 0.129630 0.248611 0.006072 0.001635
5 0.217820 0.253024 0.002125 0.004577
5 0.144809 0.344884 0.003643 0.003269
5 0.927292 0.270023 0.002125 0.005884
29 0.397541 0.278522 0.027019 0.018307
48 0.789617 0.339327 0.065574 0.094802
6 0.788100 0.117849 0.009107 0.013403
5 0.808136 0.059006 0.004857 0.004250
5 0.308895 0.125531 0.004554 0.005230
5 0.912872 0.226218 0.004250 0.003269
5 0.893898 0.216247 0.003339 0.003596
14 0.209775 0.115561 0.008500 0.014711
10 0.280358 0.043969 0.012447 0.006211
10 0.483910 0.159856 0.006679 0.008500
48 0.204614 0.335567 0.015786 0.016018
48 0.186703 0.224910 0.034001 0.033344
48 0.127201 0.045767 0.013358 0.011115
48 0.043412 0.039555 0.008500 0.005884
48 0.057681 0.022720 0.006072 0.005557
48 0.101245 0.057372 0.020947 0.016018
48 0.341075 0.045767 0.016697 0.017653
48 0.498482 0.060804 0.014572 0.014384
48 0.582574 0.072573 0.014572 0.017653
48 0.533546 0.116051 0.017304 0.009153
48 0.601548 0.153972 0.013661 0.010461
48 0.676837 0.125041 0.013661 0.021249
48 0.642532 0.203498 0.018519 0.015364
48 0.736035 0.153645 0.014876 0.020922
48 0.739678 0.198267 0.021554 0.017326
48 0.663175 0.214449 0.017304 0.015038
48 0.783394 0.249264 0.028233 0.021249
48 0.515331 0.159693 0.010625 0.013403
48 0.555404 0.197123 0.020947 0.014384
48 0.529751 0.219516 0.016393 0.015364
48 0.531724 0.181595 0.008197 0.008173
5 0.647693 0.054266 0.003947 0.005230
48 0.843959 0.049363 0.009715 0.012422
48 0.966910 0.092677 0.015786 0.010788
5 0.091530 0.238967 0.005161 0.002615
29 0.508197 0.406669 0.022465 0.018307
5 0.751214 0.133540 0.005161 0.003596
10 0.275804 0.052958 0.010625 0.007846
11 0.643898 0.046747 0.010322 0.012422
48 0.216910 0.400948 0.024590 0.029748
48 0.143139 0.091370 0.006375 0.006865
48 0.118397 0.078947 0.005464 0.005557
48 0.123558 0.081236 0.004250 0.004904
48 0.386764 0.029421 0.014572 0.014384
48 0.383576 0.065544 0.016090 0.020595
48 0.480723 0.037594 0.016090 0.015038
48 0.372495 0.028277 0.017608 0.015364
48 0.698391 0.180451 0.014876 0.013730
48 0.797814 0.211017 0.013965 0.013403
48 0.611566 0.305655 0.017304 0.015691
48 0.627353 0.293233 0.037948 0.025499
48 0.544475 0.272638 0.022769 0.015038
48 0.525046 0.261687 0.019126 0.016018
48 0.541135 0.197614 0.014268 0.017980
5 0.941560 0.170807 0.003339 0.004904
48 0.978749 0.165577 0.012143 0.013403
48 0.949454 0.180941 0.023983 0.019941
5 0.680631 0.230958 0.003643 0.002942
5 0.185792 0.300098 0.002429 0.005884
5 0.141621 0.283262 0.004554 0.001635
5 0.339253 0.381824 0.003339 0.004577
5 0.935944 0.174730 0.003643 0.006865
14 0.975410 0.863354 0.013358 0.012422
5 0.688676 0.308271 0.005768 0.003923
48 0.118549 0.408794 0.067699 0.037594
48 0.120826 0.025825 0.023072 0.020922
5 0.209016 0.131252 0.003339 0.004904
48 0.495446 0.070121 0.010322 0.011442
48 0.552520 0.128473 0.009107 0.011115
48 0.578628 0.113599 0.017608 0.010134
48 0.666515 0.160510 0.021554 0.021576
48 0.652095 0.179961 0.021858 0.013403
48 0.724651 0.145145 0.012750 0.016999
5 0.813600 0.229323 0.003643 0.003596
48 0.681694 0.032037 0.027019 0.020922
48 0.736187 0.019778 0.019429 0.012749
48 0.729053 0.035306 0.019733 0.019614
48 0.878871 0.051324 0.009715 0.010461
48 0.914086 0.058843 0.008500 0.009153
48 0.969035 0.137790 0.015786 0.014711
48 0.956132 0.167375 0.017304 0.015038
48 0.806770 0.358777 0.051305 0.104282
48 0.873254 0.366950 0.047055 0.065708
48 0.310413 0.077803 0.054341 0.073227
48 0.354736 0.092514 0.054948 0.055574
47 0.117638 0.120301 0.037948 0.045767
5 0.149514 0.281955 0.002125 0.005557
5 0.207954 0.228669 0.004857 0.002942
5 0.163934 0.432494 0.005464 0.003923
5 0.206436 0.432004 0.004250 0.005557
5 0.345173 0.363517 0.003643 0.005230
5 0.343959 0.383622 0.002429 0.005557
5 0.348664 0.385584 0.002732 0.004904
5 0.737401 0.126512 0.004250 0.003269
5 0.769429 0.275417 0.006375 0.003596
5 0.214936 0.284734 0.004857 0.003269
5 0.275956 0.324289 0.003643 0.005884
5 0.864602 0.123243 0.004250 0.005230
5 0.870978 0.111801 0.003643 0.004577
48 0.132362 0.360248 0.047359 0.024191
48 0.664542 0.566688 0.013965 0.010788
48 0.332119 0.391958 0.023072 0.012422
48 0.088039 0.063910 0.007286 0.006865
48 0.044475 0.070284 0.022162 0.026152
48 0.784760 0.676692 0.140255 0.074534
48 0.916970 0.747303 0.146023 0.074534
48 0.083485 0.032690 0.020036 0.019614
48 0.517001 0.070938 0.032787 0.024191
48 0.627201 0.117522 0.021251 0.016672
48 0.749696 0.171134 0.023983 0.023210
48 0.695507 0.167048 0.015179 0.015038
48 0.677292 0.180451 0.017608 0.012422
48 0.921372 0.090062 0.012750 0.014711
5 0.347753 0.364008 0.003947 0.005557
5 0.676988 0.095783 0.004857 0.003269
10 0.282483 0.040700 0.013661 0.006865
5 0.393594 0.382805 0.002732 0.003923
48 0.036430 0.275580 0.036430 0.042498
48 0.777171 0.613272 0.068610 0.052958
48 0.371736 0.413534 0.020947 0.007846
48 0.175471 0.268715 0.012750 0.015038
48 0.580449 0.272802 0.051002 0.032364
48 0.130996 0.085322 0.003947 0.005884
48 0.470704 0.032200 0.013661 0.010134
48 0.549484 0.104609 0.040073 0.025499
48 0.595477 0.079274 0.021554 0.024518
48 0.562993 0.146780 0.009411 0.009807
5 0.602004 0.148578 0.004250 0.003596
48 0.621433 0.169500 0.012750 0.014057
48 0.649818 0.190095 0.016090 0.012749
48 0.715392 0.176855 0.008804 0.012422
48 0.772769 0.224583 0.016697 0.018307
48 0.797055 0.222785 0.024590 0.019287
48 0.648603 0.321837 0.018519 0.018634
48 0.479053 0.236352 0.038251 0.026152
48 0.494991 0.186662 0.017911 0.012422
48 0.514268 0.183720 0.013965 0.009807
6 0.476928 0.179797 0.003643 0.003923
5 0.907559 0.043805 0.004554 0.003269
29 0.137219 0.444263 0.013358 0.006538
31 0.460990 0.606898 0.095628 0.047401
48 0.471311 0.150212 0.033698 0.034979
10 0.279447 0.047074 0.012447 0.007846
5 0.376138 0.373652 0.003036 0.005230
48 0.415604 0.080909 0.013358 0.019941
48 0.409532 0.078130 0.013965 0.018960
48 0.389496 0.053612 0.017608 0.015038
48 0.520644 0.054593 0.025501 0.020922
48 0.648907 0.108696 0.014876 0.018634
48 0.659381 0.113926 0.021251 0.025825
48 0.783546 0.202844 0.017608 0.015364
48 0.806315 0.224256 0.013358 0.011769
48 0.730267 0.244851 0.011233 0.014384
5 0.830753 0.226872 0.003339 0.005230
48 0.735732 0.023047 0.017304 0.011442
48 0.721767 0.045767 0.021554 0.013076
48 0.945962 0.059170 0.009107 0.007192
5 0.925015 0.044132 0.004857 0.003269
48 0.913631 0.089081 0.010018 0.009480
48 0.963418 0.103792 0.015483 0.010788
48 0.959927 0.112455 0.015786 0.013730
48 0.927292 0.118339 0.015483 0.013076
5 0.631148 0.271004 0.002429 0.008500
5 0.700516 0.291435 0.001518 0.005557
5 0.190498 0.301733 0.002732 0.006538
5 0.230267 0.420726 0.003947 0.004577
5 0.350030 0.364989 0.002429 0.004904
10 0.928051 0.818241 0.012143 0.011115
5 0.209472 0.249101 0.002429 0.004577
5 0.210990 0.293560 0.006072 0.002615
5 0.193534 0.422033 0.003339 0.004577
48 0.232848 0.298790 0.013965 0.018307
48 0.104736 0.181432 0.078931 0.054920
48 0.074074 0.050180 0.009107 0.006865
48 0.155282 0.074698 0.023376 0.027787
5 0.598057 0.141223 0.004857 0.005230
48 0.583182 0.108042 0.018822 0.014711
48 0.624469 0.136809 0.012750 0.012749
48 0.619460 0.189441 0.013054 0.016018
48 0.635549 0.196469 0.008804 0.016999
48 0.667426 0.202681 0.014876 0.010461
48 0.814511 0.194835 0.027322 0.035306
48 0.493018 0.201700 0.017608 0.017653
48 0.945659 0.127983 0.021251 0.018634
48 0.977687 0.137463 0.008197 0.008173
5 0.594110 0.193200 0.001214 0.005230
31 0.489375 0.840307 0.088039 0.042824
5 0.192927 0.302877 0.002125 0.006211
5 0.346387 0.385257 0.003643 0.004904
5 0.633273 0.242073 0.005464 0.002288
5 0.640862 0.228179 0.005464 0.002615
5 0.893898 0.238967 0.002732 0.003923
5 0.745750 0.130762 0.005161 0.003269
10 0.407711 0.040046 0.004857 0.007519
5 0.225410 0.256783 0.002732 0.006211
5 0.280358 0.326577 0.003339 0.005230
5 0.357013 0.368585 0.003643 0.006211
5 0.850789 0.151520 0.003947 0.004904
48 0.125987 0.376430 0.049787 0.025172
48 0.690953 0.577476 0.021858 0.018634
48 0.853066 0.097254 0.018215 0.017326
48 0.034760 0.031383 0.012447 0.013730
48 0.044627 0.029421 0.007286 0.009807
48 0.057681 0.030239 0.006072 0.008826
48 0.370674 0.033671 0.018822 0.016345
5 0.522769 0.148251 0.006679 0.004250
48 0.543109 0.135175 0.007286 0.009480
48 0.625076 0.171461 0.009715 0.012095
48 0.702489 0.152501 0.009107 0.010134
5 0.642987 0.241746 0.004250 0.004904
48 0.775805 0.211180 0.022162 0.018960
48 0.509866 0.188787 0.013661 0.012749
48 0.566636 0.186662 0.015483 0.018307
48 0.539769 0.186172 0.005464 0.006865
48 0.739830 0.014384 0.017608 0.013076
48 0.880844 0.070284 0.016697 0.014384
48 0.938828 0.020758 0.021554 0.016672
48 0.931390 0.164923 0.018215 0.022556
48 0.953097 0.172932 0.014876 0.010461
5 0.210079 0.241255 0.003643 0.007846
5 0.478749 0.199575 0.004250 0.002942
48 0.432908 0.130598 0.029751 0.029094
5 0.352914 0.387055 0.002732 0.004577
5 0.625683 0.257601 0.005464 0.002615
5 0.910747 0.036613 0.004857 0.003269
5 0.982240 0.088591 0.002125 0.004577
5 0.904827 0.098235 0.006375 0.002942
5 0.179265 0.424649 0.003339 0.005230
5 0.598209 0.262177 0.004554 0.004577
5 0.624165 0.259725 0.006072 0.002942
5 0.586521 0.257110 0.005464 0.003596
48 0.239830 0.317261 0.021251 0.012095
48 0.852155 0.128146 0.014572 0.011769
5 0.276715 0.030729 0.003947 0.003269
48 0.420158 0.043969 0.019429 0.016018
48 0.378415 0.017980 0.018519 0.009807
48 0.349727 0.025335 0.017001 0.012749
48 0.614602 0.083524 0.017911 0.014711
48 0.559806 0.158058 0.011536 0.016018
48 0.586369 0.100850 0.018519 0.011442
48 0.626442 0.152828 0.013054 0.014057
48 0.718276 0.177836 0.007286 0.010461
48 0.742107 0.191566 0.018519 0.015038
48 0.732848 0.210363 0.020644 0.023864
48 0.690953 0.194508 0.011536 0.015038
48 0.520340 0.161000 0.009715 0.012749
48 0.543412 0.188133 0.004857 0.005557
48 0.698391 0.039882 0.011233 0.013730
48 0.910291 0.072736 0.016697 0.013403
48 0.923042 0.131579 0.020340 0.019287
48 0.383424 0.136156 0.045537 0.046093
47 0.138130 0.131416 0.040680 0.050343
5 0.152398 0.295358 0.003643 0.005557
5 0.195507 0.215103 0.002429 0.005230
5 0.226928 0.425793 0.003339 0.005557
5 0.160291 0.435273 0.005464 0.004250
5 0.372040 0.376594 0.002732 0.004577
5 0.630389 0.246649 0.006375 0.003596
5 0.925319 0.201210 0.004857 0.005557
5 0.602307 0.069794 0.006072 0.003596
14 0.767456 0.316443 0.008500 0.013730
5 0.211749 0.250245 0.002732 0.004904
5 0.215847 0.251880 0.002429 0.005557
5 0.353218 0.467473 0.004554 0.005230
5 0.641925 0.223439 0.006375 0.002288
5 0.564663 0.216084 0.006679 0.002615
48 0.226017 0.312030 0.008804 0.012095
48 0.573770 0.286205 0.051609 0.032364
48 0.130540 0.067179 0.006679 0.008826
48 0.078021 0.059497 0.013965 0.007846
48 0.069976 0.041680 0.011233 0.008173
48 0.078172 0.045276 0.008197 0.004904
