9 0.805137 0.152491 0.002811 0.006030
48 0.168413 0.054745 0.008689 0.020628
5 0.042934 0.221676 0.005111 0.002856
8 0.024661 0.122501 0.002811 0.006982
39 0.047789 0.049825 0.007156 0.003174
5 0.095962 0.990003 0.004856 0.004126
5 0.029645 0.957315 0.004600 0.003491
13 0.097751 0.090447 0.003322 0.014599
13 0.104012 0.100603 0.003067 0.012694
9 0.086507 0.079657 0.006389 0.004443
9 0.084206 0.086480 0.005367 0.002856
9 0.086890 0.089337 0.005622 0.002856
9 0.085612 0.107585 0.002556 0.006982
10 0.058906 0.195652 0.006389 0.002856
9 0.104523 0.138369 0.005111 0.003174
9 0.003833 0.262615 0.003067 0.007299
48 0.392538 0.021580 0.011245 0.020946
48 0.343087 0.063472 0.013033 0.016503
48 0.354971 0.072199 0.016356 0.014916
39 0.611423 0.010156 0.010989 0.003808
5 0.658446 0.003967 0.002811 0.004760
48 0.668796 0.009521 0.018400 0.010790
48 0.656146 0.011266 0.006900 0.007299
9 0.064017 0.059505 0.003322 0.006030
9 0.059673 0.059664 0.003322 0.006347
9 0.053667 0.059822 0.003067 0.005395
5 0.032328 0.060298 0.001789 0.003808
9 0.010095 0.049032 0.005367 0.002856
9 0.008817 0.052523 0.005367 0.002856
5 0.053156 0.044430 0.002556 0.004443
13 0.056095 0.046334 0.002811 0.006347
13 0.098390 0.066487 0.004089 0.012377
9 0.084334 0.091876 0.007156 0.004126
9 0.083312 0.102507 0.007667 0.003808
9 0.030156 0.124088 0.002556 0.006347
9 0.006645 0.123770 0.002044 0.005712
9 0.011372 0.124405 0.001789 0.004443
5 0.046767 0.122183 0.005622 0.005078
5 0.048812 0.155824 0.002044 0.004443
9 0.059162 0.189781 0.004856 0.002539
9 0.059673 0.179308 0.005367 0.002539
9 0.026706 0.189622 0.002811 0.006030
5 0.061717 0.209299 0.003833 0.002222
5 0.062101 0.207077 0.004600 0.002856
5 0.027473 0.125198 0.002300 0.004126
5 0.013417 0.124722 0.001789 0.004443
5 0.020445 0.122977 0.002044 0.004760
48 0.474444 0.001111 0.057501 0.002222
9 0.018911 0.235639 0.002044 0.005395
5 0.036162 0.235957 0.002300 0.004760
9 0.004344 0.246112 0.005622 0.002856
5 0.030156 0.237544 0.002556 0.004760
5 0.009967 0.252460 0.002044 0.004126
5 0.027600 0.253253 0.002044 0.004443
5 0.035395 0.253253 0.002300 0.004443
5 0.044723 0.264837 0.002044 0.004126
5 0.004856 0.252301 0.002044 0.004443
9 0.020061 0.253253 0.007411 0.005712
5 0.007156 0.268804 0.004600 0.002539
9 0.044339 0.254046 0.002300 0.006030
9 0.047662 0.254205 0.002811 0.005712
5 0.090851 0.254998 0.002300 0.004760
48 0.092001 0.239130 0.013800 0.008569
48 0.092129 0.247540 0.013033 0.010156
48 0.082034 0.247064 0.007156 0.007934
48 0.067467 0.247540 0.008178 0.006347
48 0.078840 0.257537 0.011500 0.011108
48 0.086379 0.258648 0.004600 0.011425
48 0.073473 0.246906 0.003833 0.006347
5 0.120240 0.257537 0.004856 0.003491
5 0.114235 0.246112 0.002556 0.004760
9 0.136979 0.250238 0.002044 0.004126
9 0.132763 0.250397 0.001789 0.004443
5 0.132379 0.255950 0.002044 0.004760
5 0.137618 0.255474 0.002300 0.005078
9 0.131740 0.244208 0.004856 0.002856
48 0.120624 0.248017 0.006645 0.010473
5 0.128418 0.281657 0.003833 0.004760
5 0.134551 0.282450 0.002300 0.004443
5 0.226808 0.166455 0.004344 0.004760
48 0.066829 0.391146 0.010478 0.012377
48 0.067212 0.400032 0.007667 0.006665
48 0.068490 0.407807 0.007667 0.010156
48 0.461666 0.350048 0.017122 0.014599
48 0.314209 0.926373 0.008945 0.012694
5 0.334270 0.930498 0.003067 0.005078
5 0.333248 0.910981 0.003067 0.004760
5 0.335932 0.887020 0.002300 0.005078
48 0.734858 0.603935 0.003833 0.008251
48 0.737414 0.602031 0.005367 0.012694
48 0.746742 0.602190 0.006133 0.010473
9 0.822387 0.255474 0.005111 0.007617
9 0.885765 0.304507 0.012778 0.006665
9 0.987861 0.315773 0.005367 0.003174
5 0.953361 0.314662 0.004856 0.002856
5 0.939305 0.316884 0.005367 0.003491
48 0.362765 0.104570 0.031434 0.033957
48 0.433810 0.019835 0.050856 0.030784
48 0.211475 0.016820 0.017634 0.033640
48 0.239969 0.014599 0.010733 0.029197
5 0.857782 0.295620 0.004344 0.002856
5 0.716714 0.042844 0.003322 0.001904
10 0.047789 0.106950 0.002556 0.005712
10 0.049962 0.111711 0.004856 0.003174
48 0.070023 0.144557 0.012267 0.021898
48 0.075518 0.129800 0.019678 0.012060
48 0.085229 0.146303 0.021722 0.024119
48 0.094557 0.122977 0.013289 0.014916
5 0.093662 0.116154 0.002811 0.003808
5 0.102990 0.154554 0.005111 0.003174
5 0.102734 0.157410 0.004600 0.002539
5 0.103246 0.149159 0.004089 0.002539
5 0.102734 0.169470 0.005111 0.002539
5 0.102479 0.172644 0.004600 0.003174
5 0.102479 0.183275 0.004600 0.002222
5 0.102351 0.185338 0.004344 0.001904
5 0.102479 0.188353 0.004600 0.002222
5 0.102096 0.196604 0.004344 0.002856
5 0.102223 0.191050 0.004089 0.002539
5 0.102351 0.198984 0.003833 0.002539
5 0.102223 0.201365 0.004600 0.002222
5 0.102607 0.203745 0.004856 0.002539
5 0.102223 0.209299 0.004089 0.002222
48 0.060695 0.148683 0.006900 0.016820
48 0.088040 0.225960 0.022745 0.019042
48 0.075134 0.226753 0.006133 0.014916
48 0.069767 0.227547 0.006645 0.012694
48 0.252747 0.228182 0.037312 0.057125
48 0.286737 0.227071 0.037312 0.110124
48 0.312548 0.256585 0.023511 0.043478
48 0.146435 0.194065 0.055712 0.045382
11 0.209175 0.168677 0.016100 0.004126
48 0.220291 0.259124 0.049067 0.037131
48 0.198569 0.234846 0.054178 0.043796
48 0.190774 0.179784 0.018656 0.008569
48 0.133785 0.129800 0.028878 0.033005
48 0.160746 0.132339 0.026578 0.033640
48 0.132635 0.228975 0.031178 0.030149
48 0.164707 0.222945 0.015589 0.018089
48 0.204191 0.066328 0.018911 0.041257
48 0.226169 0.065376 0.033734 0.038083
48 0.237414 0.102825 0.049067 0.038083
48 0.271531 0.089495 0.066190 0.088226
48 0.320854 0.124881 0.029900 0.044113
11 0.068873 0.107426 0.002811 0.007934
11 0.070151 0.120438 0.008433 0.003491
10 0.023767 0.235322 0.002556 0.006030
10 0.071684 0.107268 0.002300 0.006982
11 0.014439 0.105839 0.002811 0.006665
9 0.048812 0.198191 0.003578 0.007934
10 0.041912 0.201365 0.009200 0.004126
5 0.809226 0.216598 0.003833 0.005395
5 0.804881 0.168677 0.002300 0.006030
5 0.101201 0.229768 0.004089 0.002539
5 0.114618 0.225167 0.001789 0.004126
5 0.003961 0.058553 0.002300 0.005395
5 0.130590 0.250397 0.002044 0.004443
5 0.134935 0.250238 0.002044 0.004126
43 0.142346 0.094414 0.012267 0.005395
42 0.149629 0.104094 0.008433 0.005712
5 0.303731 0.031260 0.005878 0.004760
5 0.109762 0.121549 0.002811 0.003808
10 0.025811 0.169946 0.002044 0.006665
5 0.808715 0.103301 0.004344 0.006665
5 0.029517 0.106474 0.001789 0.004126
5 0.095579 0.255633 0.002044 0.004760
5 0.297726 0.027452 0.003578 0.003491
5 0.103629 0.142018 0.003322 0.002856
5 0.102862 0.131863 0.003833 0.002222
5 0.133785 0.158838 0.002811 0.001587
10 0.009456 0.106950 0.003067 0.008251
10 0.020572 0.106791 0.002811 0.006665
10 0.041017 0.195017 0.006900 0.002856
5 0.074751 0.164234 0.001789 0.002856
5 0.018911 0.171057 0.002556 0.005078
48 0.149757 0.163282 0.052134 0.021898
48 0.340148 0.165662 0.071556 0.085052
5 0.335804 0.018883 0.002556 0.002856
5 0.108612 0.126468 0.003067 0.003491
5 0.004856 0.105363 0.003578 0.003808
48 0.711602 0.000793 0.080501 0.001587
10 0.040634 0.106950 0.002556 0.005712
5 0.208152 0.099810 0.002300 0.005395
48 0.693330 0.044906 0.017889 0.007934
5 0.949783 0.317518 0.006900 0.002856
5 0.328776 0.014757 0.003833 0.004126
5 0.060440 0.171374 0.003833 0.001904
5 0.093662 0.165027 0.002300 0.003808
5 0.173780 0.124405 0.002044 0.003808
5 0.154102 0.268010 0.003067 0.002222
48 0.135574 0.045224 0.026834 0.016185
48 0.641068 0.029356 0.032967 0.036496
48 0.743292 0.025706 0.019167 0.051412
10 0.027089 0.105998 0.002556 0.005712
5 0.329798 0.007934 0.004344 0.002539
5 0.037312 0.044589 0.003067 0.004126
5 0.049067 0.151698 0.002044 0.003808
5 0.076156 0.105839 0.003067 0.004760
5 0.269870 0.196287 0.005622 0.005395
10 0.037056 0.170898 0.002556 0.006665
5 0.661513 0.003967 0.004344 0.005395
5 0.102734 0.166614 0.004089 0.002539
5 0.063123 0.243097 0.003578 0.003808
5 0.181319 0.131387 0.001789 0.004443
48 0.165091 0.006665 0.027600 0.013329
10 0.002428 0.169629 0.002300 0.005395
10 0.059290 0.192003 0.006645 0.003174
5 0.971761 0.319422 0.005367 0.004760
5 0.031689 0.106157 0.002044 0.004760
5 0.058140 0.232942 0.002300 0.003174
5 0.068617 0.237861 0.004344 0.003491
5 0.117812 0.234846 0.002556 0.003808
5 0.175185 0.059505 0.002811 0.004126
10 0.314209 0.888448 0.007411 0.004760
10 0.050345 0.107585 0.002556 0.006347
5 0.080373 0.165027 0.001789 0.003808
5 0.088807 0.164868 0.002300 0.003491
5 0.118579 0.158362 0.002556 0.003808
9 0.112190 0.135513 0.005622 0.010156
10 0.045617 0.107109 0.002300 0.006665
5 0.065806 0.107744 0.002300 0.004126
5 0.304114 0.021739 0.003067 0.004126
48 0.240353 0.138369 0.052389 0.057125
10 0.041400 0.235163 0.007667 0.003174
5 0.962816 0.317994 0.005878 0.003808
5 0.057756 0.223897 0.003067 0.003491
5 0.114490 0.236909 0.002044 0.002856
5 0.071301 0.258013 0.002556 0.004443
5 0.095451 0.265313 0.002811 0.004443
5 0.175441 0.064107 0.002300 0.003808
10 0.002811 0.235639 0.002556 0.006030
5 0.336315 0.000317 0.003067 0.000635
5 0.029900 0.059346 0.003067 0.005078
10 0.027217 0.236433 0.002811 0.007617
5 0.057245 0.131069 0.003067 0.004443
5 0.089957 0.264837 0.002044 0.004126
5 0.209047 0.038083 0.005111 0.002539
48 0.203680 0.131069 0.044978 0.024754
39 0.151035 0.091558 0.013800 0.006030
5 0.061973 0.204380 0.003833 0.001269
5 0.124840 0.158521 0.001789 0.004126
5 0.900204 0.309902 0.005878 0.004760
48 0.201508 0.148366 0.037567 0.014281
48 0.573984 0.031895 0.040378 0.022533
48 0.431255 0.001745 0.056990 0.003491
10 0.043062 0.106315 0.001789 0.005712
10 0.012011 0.107902 0.001533 0.004443
10 0.098134 0.049032 0.003578 0.009203
5 0.836315 0.279118 0.005367 0.004760
5 0.173396 0.130593 0.001789 0.003491
5 0.175185 0.069819 0.002811 0.003808
5 0.053539 0.107268 0.002300 0.003808
5 0.329031 0.025547 0.003833 0.004760
5 0.021595 0.189146 0.003322 0.004443
5 0.305009 0.190098 0.003322 0.006347
10 0.093918 0.048556 0.003833 0.008886
5 0.033734 0.105998 0.004089 0.003808
5 0.329670 0.002539 0.002556 0.003174
5 0.297214 0.010314 0.003578 0.003491
5 0.102223 0.226119 0.003578 0.002222
5 0.164963 0.066487 0.003833 0.003491
48 0.317659 0.020470 0.017378 0.040939
48 0.191541 0.166455 0.019167 0.020628
5 0.103501 0.128531 0.003067 0.001904
5 0.191030 0.062520 0.002811 0.003808
48 0.617812 0.026023 0.025300 0.027928
10 0.125607 0.245954 0.002811 0.005712
10 0.051239 0.137734 0.002300 0.005712
48 0.348326 0.019359 0.019934 0.038718
48 0.084590 0.189622 0.024534 0.022533
10 0.092640 0.278800 0.002811 0.005395
10 0.022872 0.170739 0.002811 0.006982
5 0.297470 0.022691 0.003067 0.002856
5 0.038973 0.059505 0.002811 0.004126
5 0.058523 0.106791 0.002044 0.004126
8 0.142090 0.251666 0.006645 0.006347
5 0.814337 0.236274 0.004856 0.004760
5 0.297598 0.003967 0.002811 0.004126
5 0.097112 0.193589 0.002044 0.004443
5 0.097368 0.188353 0.003067 0.004126
5 0.171991 0.184069 0.002556 0.003808
8 0.050473 0.242780 0.005878 0.006982
10 0.033861 0.236750 0.001789 0.005078
5 0.336826 0.013805 0.003067 0.004126
5 0.098390 0.255316 0.002556 0.003491
5 0.135957 0.058712 0.004600 0.002539
48 0.382188 0.007299 0.028878 0.014599
10 0.040506 0.197715 0.006900 0.002539
5 0.055967 0.106950 0.002044 0.004443
48 0.189624 0.073310 0.011245 0.017137
5 0.014567 0.170898 0.002556 0.004126
5 0.102862 0.164234 0.003833 0.001587
5 0.154613 0.264837 0.004089 0.002222
5 0.175441 0.050936 0.004344 0.005395
48 0.148607 0.075373 0.052901 0.028245
5 0.071429 0.156300 0.003833 0.001587
5 0.175441 0.074262 0.002811 0.003174
5 0.031689 0.188829 0.003067 0.004443
5 0.148607 0.269756 0.002811 0.004443
