48 0.472790 0.969057 0.057486 0.061885
48 0.209888 0.996033 0.017629 0.007934
48 0.238375 0.996985 0.010731 0.006030
48 0.709888 0.971120 0.080480 0.057759
48 0.741569 0.992859 0.019162 0.014281
48 0.163516 0.992066 0.027593 0.015868
5 0.334696 0.996985 0.003066 0.004126
48 0.429612 0.987464 0.056975 0.025071
48 0.316045 0.980165 0.017374 0.039670
48 0.346704 0.981276 0.019928 0.037448
48 0.380557 0.980324 0.028871 0.039353
48 0.902657 0.053316 0.025549 0.024754
33 0.718063 0.874167 0.003321 0.009838
33 0.722918 0.874326 0.004343 0.010156
42 0.708993 0.874643 0.003577 0.006982
11 0.469213 0.672168 0.009964 0.003174
11 0.493996 0.674865 0.016096 0.004126
48 0.312979 0.884798 0.016863 0.018407
48 0.639244 0.511425 0.024527 0.013012
48 0.657639 0.540463 0.025038 0.013329
48 0.673224 0.571723 0.027593 0.013012
48 0.687149 0.581561 0.029382 0.013646
48 0.689959 0.594891 0.005365 0.011108
48 0.699029 0.592510 0.011753 0.012060
48 0.674374 0.554110 0.010475 0.011425
48 0.661088 0.613773 0.010986 0.014599
48 0.672330 0.634402 0.022228 0.033005
9 0.622381 0.643764 0.002555 0.011108
9 0.612034 0.642177 0.002299 0.011108
9 0.604497 0.643129 0.002555 0.011742
9 0.587634 0.642653 0.003066 0.011425
9 0.599898 0.641860 0.004088 0.011742
9 0.554803 0.641384 0.002810 0.012060
9 0.550460 0.640908 0.003321 0.011742
9 0.549821 0.614091 0.017374 0.004443
8 0.520950 0.618058 0.003066 0.006030
5 0.514308 0.585052 0.006643 0.002856
5 0.508304 0.587274 0.002299 0.005395
10 0.419009 0.564900 0.003066 0.015233
10 0.455544 0.578070 0.003066 0.009838
10 0.460910 0.580451 0.003066 0.006982
10 0.474451 0.580292 0.003066 0.007299
5 0.409044 0.634560 0.002044 0.004126
5 0.415943 0.635036 0.002555 0.005078
5 0.418498 0.634878 0.002555 0.004760
5 0.413260 0.635036 0.002299 0.004443
5 0.405979 0.634560 0.002044 0.003491
5 0.374553 0.660584 0.004088 0.005395
5 0.369443 0.661536 0.002555 0.004126
8 0.425779 0.661853 0.004343 0.006030
48 0.402657 0.526976 0.013286 0.013646
10 0.448646 0.396858 0.003066 0.018089
5 0.609734 0.208347 0.005365 0.005395
5 0.612161 0.212155 0.005110 0.004760
6 0.611012 0.203586 0.006898 0.006665
11 0.620465 0.264995 0.018140 0.010790
11 0.618421 0.261663 0.018140 0.011742
48 0.580480 0.236909 0.074093 0.065693
11 0.616888 0.259124 0.018140 0.011108
13 0.645503 0.276896 0.012008 0.012377
12 0.652529 0.285148 0.005621 0.004760
11 0.642821 0.280863 0.012775 0.014599
48 0.703628 0.326087 0.027593 0.030784
5 0.739653 0.337988 0.005110 0.003174
5 0.739653 0.340209 0.005110 0.002539
5 0.739397 0.342590 0.004599 0.002222
5 0.738758 0.345446 0.004854 0.002856
5 0.738758 0.348143 0.004854 0.002539
5 0.338273 0.686607 0.005621 0.003491
5 0.337890 0.701841 0.005876 0.003491
11 0.395248 0.696446 0.016863 0.004760
5 0.427440 0.682958 0.006132 0.003808
9 0.431272 0.679467 0.006643 0.003808
11 0.558763 0.673120 0.017885 0.005078
5 0.576009 0.677563 0.005365 0.003174
5 0.599387 0.673120 0.005110 0.003808
5 0.593894 0.692796 0.004854 0.003174
9 0.634517 0.699302 0.006387 0.004760
9 0.650230 0.691685 0.008176 0.004760
5 0.670925 0.713742 0.004088 0.005712
48 0.648441 0.712472 0.019928 0.013329
9 0.676673 0.746906 0.004343 0.007299
9 0.680634 0.746588 0.004599 0.007934
9 0.672330 0.758965 0.004343 0.006665
9 0.682422 0.759124 0.004088 0.006347
9 0.679484 0.760076 0.003832 0.005712
9 0.675907 0.759600 0.003832 0.005395
9 0.653168 0.764837 0.007409 0.003808
5 0.635795 0.772929 0.004343 0.005395
5 0.633751 0.762615 0.003321 0.005078
5 0.624297 0.745954 0.003321 0.005395
5 0.624808 0.749603 0.002810 0.003174
11 0.636178 0.757696 0.004599 0.010473
5 0.631451 0.750555 0.003321 0.005712
5 0.633495 0.802126 0.003321 0.005395
13 0.507026 0.826563 0.015585 0.006030
5 0.047649 0.854173 0.005365 0.004126
5 0.082141 0.801809 0.004343 0.004760
5 0.099515 0.817360 0.004854 0.005395
13 0.061063 0.868613 0.010220 0.010790
5 0.737353 0.350365 0.004599 0.002539
5 0.736203 0.352745 0.004343 0.002222
5 0.735692 0.355443 0.004343 0.002539
5 0.706822 0.365122 0.003321 0.006665
53 0.739014 0.345922 0.014052 0.022850
48 0.882090 0.417804 0.005876 0.035862
48 0.871487 0.420819 0.005621 0.022215
48 0.861650 0.425579 0.013030 0.016503
48 0.873531 0.445414 0.017885 0.012377
48 0.861906 0.410505 0.012008 0.011742
5 0.832652 0.405109 0.005110 0.002856
5 0.857818 0.444779 0.004343 0.003491
5 0.860756 0.446366 0.004599 0.004126
48 0.873148 0.518566 0.014052 0.012060
48 0.816684 0.462234 0.109096 0.116471
48 0.904190 0.506506 0.027082 0.017137
5 0.889244 0.500793 0.005365 0.005078
5 0.965636 0.617740 0.004343 0.002856
5 0.969980 0.619169 0.004854 0.003174
5 0.970618 0.617264 0.005621 0.002539
5 0.971002 0.615043 0.004854 0.002539
13 0.082397 0.847191 0.009964 0.010473
13 0.089678 0.839733 0.008687 0.009521
5 0.057741 0.896223 0.005110 0.004443
7 0.050460 0.909711 0.005876 0.005395
5 0.059274 0.905586 0.004599 0.006030
48 0.183189 0.892098 0.082780 0.080609
5 0.296244 0.976833 0.003832 0.005078
5 0.296500 0.985878 0.003321 0.004760
5 0.334185 0.986830 0.002555 0.004760
48 0.371870 0.953507 0.019673 0.017455
5 0.535769 0.927642 0.003577 0.004443
5 0.568983 0.921295 0.003066 0.005078
5 0.577414 0.936369 0.003577 0.006030
5 0.582780 0.957315 0.004088 0.006665
48 0.597726 0.987623 0.025294 0.020946
48 0.596960 0.973024 0.016607 0.014599
48 0.593127 0.950016 0.018651 0.037131
48 0.616633 0.961599 0.020695 0.071089
48 0.644992 0.984925 0.059019 0.020628
48 0.705416 0.900666 0.096576 0.026023
48 0.660450 0.890352 0.011753 0.033323
48 0.741058 0.877341 0.019673 0.026976
5 0.700945 0.874802 0.002810 0.004760
5 0.961037 0.613773 0.005365 0.003174
5 0.962187 0.611869 0.005110 0.003808
5 0.962826 0.609806 0.005365 0.003491
5 0.963592 0.607744 0.005365 0.003174
5 0.963975 0.605839 0.005110 0.002539
5 0.965125 0.604094 0.004854 0.003491
5 0.965892 0.602190 0.004854 0.003491
5 0.966658 0.599651 0.005365 0.003491
7 0.967808 0.597271 0.005110 0.003808
5 0.965764 0.615519 0.004088 0.002856
5 0.966786 0.613773 0.004599 0.003174
5 0.967041 0.611393 0.004599 0.002856
48 0.659428 0.956998 0.021461 0.044113
5 0.968063 0.609648 0.004599 0.003174
5 0.968702 0.607744 0.004854 0.003174
5 0.969469 0.605363 0.004343 0.002856
5 0.970363 0.603459 0.004599 0.003491
5 0.971129 0.601872 0.004599 0.003491
5 0.971640 0.613297 0.004599 0.003491
5 0.972023 0.611235 0.003832 0.003174
5 0.972918 0.609648 0.004088 0.003174
5 0.973429 0.607585 0.005110 0.003491
5 0.974067 0.605522 0.004854 0.003174
5 0.975473 0.603459 0.005110 0.003491
5 0.974834 0.615202 0.003321 0.004760
5 0.976495 0.610917 0.003066 0.005078
5 0.977900 0.605998 0.003321 0.004760
5 0.978283 0.612028 0.003066 0.004760
5 0.976622 0.616788 0.002810 0.004760
5 0.979944 0.606950 0.003321 0.004760
5 0.961804 0.651222 0.004343 0.003174
5 0.948263 0.652015 0.005365 0.004126
5 0.933827 0.646144 0.005110 0.004443
5 0.905595 0.637099 0.004343 0.002856
5 0.901124 0.636306 0.004599 0.003174
5 0.900485 0.638527 0.005365 0.003174
5 0.904957 0.639004 0.005110 0.002856
5 0.904190 0.640749 0.004599 0.002539
5 0.899847 0.640432 0.004599 0.003174
5 0.899080 0.642177 0.004599 0.002856
5 0.903807 0.642494 0.004854 0.002856
5 0.902913 0.644240 0.004088 0.002539
5 0.898441 0.644399 0.004854 0.003491
5 0.902785 0.646461 0.004854 0.003174
5 0.898058 0.646461 0.004599 0.003174
5 0.897036 0.648048 0.005110 0.003174
5 0.901891 0.648366 0.004599 0.003174
5 0.901380 0.650270 0.004599 0.002539
5 0.896781 0.650587 0.004599 0.003174
5 0.900741 0.652174 0.004854 0.002539
5 0.896270 0.652333 0.004088 0.002856
5 0.900358 0.654078 0.004088 0.002539
5 0.895631 0.654078 0.003832 0.002539
5 0.899847 0.656141 0.005110 0.002856
5 0.899719 0.657728 0.004854 0.002856
5 0.894737 0.656300 0.004088 0.003174
5 0.895631 0.639956 0.003321 0.005395
5 0.897420 0.635830 0.003832 0.004760
5 0.852069 0.626150 0.003577 0.004443
5 0.850026 0.629959 0.003066 0.004443
5 0.853986 0.627737 0.003832 0.005078
5 0.851942 0.631069 0.002810 0.003491
5 0.856030 0.628848 0.003321 0.004760
5 0.853475 0.632339 0.002299 0.004126
5 0.858074 0.629800 0.003321 0.004760
5 0.855263 0.633132 0.002810 0.003808
5 0.859990 0.631069 0.003066 0.004760
5 0.857563 0.634560 0.003321 0.004760
5 0.861906 0.631863 0.003321 0.004443
5 0.859990 0.635830 0.002555 0.004126
5 0.863439 0.633450 0.003321 0.005078
5 0.861523 0.637099 0.003066 0.004126
5 0.865611 0.634243 0.002555 0.004126
5 0.863439 0.637734 0.002810 0.004126
5 0.864716 0.638845 0.003321 0.004443
5 0.866249 0.639797 0.002810 0.003808
5 0.867271 0.635354 0.002810 0.004443
5 0.868549 0.636306 0.003321 0.005078
5 0.870465 0.637258 0.003577 0.005078
5 0.868293 0.640908 0.002810 0.004126
5 0.872892 0.638527 0.003321 0.005078
5 0.874808 0.639480 0.003066 0.004443
5 0.876852 0.641384 0.003066 0.004443
5 0.878513 0.642177 0.002810 0.004760
5 0.880429 0.643447 0.003066 0.004760
5 0.873148 0.643764 0.003321 0.004126
5 0.875192 0.644875 0.003321 0.004443
5 0.876980 0.646461 0.002810 0.004443
5 0.878641 0.647572 0.002555 0.004126
5 0.869699 0.642971 0.004599 0.003808
5 0.830991 0.617740 0.003832 0.006030
5 0.832652 0.619010 0.003066 0.004126
5 0.834313 0.621073 0.003321 0.004443
5 0.837251 0.622025 0.003577 0.005078
5 0.838912 0.623294 0.003321 0.004443
5 0.826392 0.614567 0.003832 0.004760
5 0.822943 0.613297 0.003577 0.004126
5 0.821794 0.611393 0.003321 0.004760
5 0.820133 0.610124 0.003577 0.004760
8 0.817961 0.609489 0.004343 0.005395
8 0.815917 0.607902 0.003832 0.004760
5 0.814256 0.606633 0.003066 0.004126
5 0.812724 0.605681 0.003577 0.004126
5 0.810935 0.605046 0.003066 0.004126
5 0.809530 0.603777 0.003321 0.004126
5 0.807997 0.602507 0.003321 0.004760
5 0.806464 0.600762 0.003321 0.004443
5 0.809530 0.599968 0.004854 0.003491
5 0.814001 0.602983 0.005621 0.003808
5 0.818728 0.605522 0.004343 0.003808
5 0.798799 0.596160 0.003832 0.004760
5 0.797011 0.595049 0.003832 0.005712
5 0.795478 0.593780 0.002810 0.004443
5 0.793945 0.592669 0.003321 0.004760
5 0.792029 0.591241 0.004088 0.005078
5 0.790368 0.590130 0.003321 0.004126
5 0.788835 0.589178 0.003321 0.004126
5 0.787046 0.587433 0.003321 0.004443
48 0.761880 0.546493 0.016352 0.015868
5 0.535258 0.630911 0.005621 0.005078
13 0.435871 0.570612 0.005621 0.022215
48 0.397547 0.610600 0.037813 0.025389
55 0.401124 0.574738 0.033725 0.043796
48 0.875064 0.493811 0.019417 0.015233
5 0.877619 0.416693 0.003066 0.005078
5 0.806464 0.359886 0.004343 0.002539
5 0.807741 0.356395 0.003321 0.004443
5 0.810041 0.356395 0.002810 0.004443
5 0.820899 0.356712 0.002555 0.004443
5 0.857946 0.354967 0.004599 0.003491
5 0.859607 0.360838 0.004854 0.003174
5 0.872764 0.363535 0.002555 0.004126
5 0.812851 0.356712 0.003321 0.005078
5 0.815278 0.356712 0.003577 0.005078
5 0.818344 0.356236 0.003066 0.005395
48 0.836357 0.385751 0.009453 0.009838
48 0.849515 0.389242 0.015841 0.009838
13 0.573582 0.305935 0.012775 0.015868
13 0.568600 0.308473 0.011497 0.015868
13 0.506898 0.500793 0.004599 0.016503
13 0.510731 0.501587 0.005110 0.014916
48 0.273378 0.743415 0.062851 0.018724
48 0.216658 0.744684 0.022994 0.015551
5 0.162877 0.745319 0.004343 0.005395
5 0.158661 0.759917 0.005110 0.005395
5 0.154446 0.763726 0.004854 0.005395
5 0.150613 0.756744 0.004343 0.004760
5 0.155212 0.749603 0.004343 0.004443
5 0.142437 0.763726 0.004343 0.004126
13 0.470363 0.538083 0.015841 0.006030
39 0.472151 0.532212 0.009709 0.005712
48 0.476878 0.546811 0.017118 0.017137
5 0.128258 0.778800 0.004599 0.004443
5 0.125703 0.781498 0.004599 0.004126
5 0.123020 0.783719 0.004343 0.004760
5 0.125192 0.789273 0.004088 0.003808
5 0.130046 0.777214 0.004088 0.003808
8 0.135667 0.770073 0.004599 0.004126
5 0.138988 0.766265 0.003066 0.002856
5 0.133878 0.771660 0.004088 0.004126
5 0.128641 0.800063 0.004343 0.004443
5 0.133878 0.794192 0.004599 0.004126
5 0.135667 0.791812 0.004088 0.004443
5 0.137583 0.790225 0.003832 0.004443
5 0.153679 0.780863 0.004854 0.003491
5 0.147803 0.776579 0.004854 0.004443
5 0.303270 0.973818 0.003066 0.004760
48 0.328692 0.900349 0.018140 0.015868
48 0.318217 0.927483 0.013541 0.007934
48 0.439576 0.887496 0.012519 0.022533
48 0.707205 0.765789 0.012775 0.062837
5 0.701584 0.737385 0.003577 0.002856
9 0.628130 0.727864 0.003321 0.005395
48 0.872381 0.818788 0.016607 0.020946
5 0.200051 0.695652 0.005621 0.003174
48 0.222279 0.981911 0.028615 0.024119
48 0.238247 0.988258 0.012519 0.014599
5 0.164027 0.692161 0.005110 0.003808
5 0.273122 0.686766 0.005110 0.003808
5 0.268268 0.690733 0.004599 0.003491
5 0.236842 0.701365 0.005110 0.003808
5 0.379663 0.660901 0.003066 0.004760
8 0.366633 0.661695 0.003066 0.005712
5 0.376980 0.660743 0.003832 0.005078
5 0.369443 0.634084 0.003577 0.005078
5 0.373148 0.634243 0.003321 0.006030
5 0.559402 0.731831 0.002810 0.004443
5 0.561829 0.731831 0.003066 0.004443
48 0.573838 0.732149 0.007154 0.005712
48 0.556975 0.720406 0.018396 0.011425
9 0.979433 0.859251 0.006898 0.004126
5 0.947241 0.874326 0.004854 0.003808
48 0.540112 0.813869 0.016863 0.019994
48 0.700562 0.615836 0.013286 0.012377
48 0.723429 0.624405 0.011497 0.011742
56 0.817195 0.024119 0.043689 0.046334
56 0.867782 0.028721 0.044711 0.054268
56 0.877619 0.059029 0.019417 0.024754
48 0.912621 0.073627 0.060807 0.013964
56 0.750766 0.210409 0.015074 0.098381
56 0.774400 0.201047 0.007665 0.101238
56 0.795606 0.204697 0.013797 0.099016
5 0.850281 0.303237 0.004088 0.002222
6 0.855008 0.302602 0.005365 0.002856
5 0.850281 0.312440 0.004599 0.002222
5 0.854880 0.309108 0.004599 0.002539
5 0.859096 0.310060 0.004854 0.002539
5 0.859096 0.311964 0.004343 0.002539
5 0.859734 0.307997 0.004599 0.002222
5 0.998467 0.485560 0.003066 0.003808
53 0.999234 0.475881 0.001533 0.036496
48 0.713975 0.614249 0.012519 0.008569
48 0.712187 0.608061 0.012008 0.007617
48 0.736587 0.645351 0.006643 0.009838
48 0.711548 0.627896 0.011753 0.010473
57 0.593255 0.596795 0.005621 0.016820
56 0.548927 0.594573 0.012008 0.018089
56 0.575498 0.596477 0.008942 0.017455
57 0.537302 0.594573 0.007154 0.018089
52 0.537302 0.494922 0.418498 0.449064
48 0.827287 0.110441 0.064384 0.023485
48 0.814384 0.193907 0.024783 0.198032
56 0.953500 0.222786 0.009709 0.033640
56 0.930378 0.141542 0.008431 0.038718
56 0.952734 0.139797 0.008176 0.037131
48 0.995018 0.034910 0.009964 0.019676
53 0.575370 0.613139 0.147164 0.076801
56 0.956311 0.431450 0.024016 0.016820
5 0.715381 0.280387 0.004599 0.004760
5 0.716403 0.283085 0.004599 0.004443
6 0.678717 0.253412 0.007409 0.007299
53 0.706566 0.278324 0.028871 0.038718
53 0.140138 0.775468 0.061063 0.072675
48 0.039985 0.923358 0.028871 0.026341
48 0.237225 0.910029 0.045733 0.049825
53 0.574604 0.942558 0.027593 0.083783
53 0.699412 0.877975 0.070772 0.024437
53 0.667220 0.757537 0.060552 0.040622
53 0.662621 0.798159 0.033981 0.056490
53 0.738758 0.739765 0.029893 0.062202
53 0.686382 0.835925 0.057486 0.060933
50 0.799821 0.558394 0.078436 0.045382
48 0.992591 0.590289 0.014819 0.019676
53 0.970363 0.609013 0.033214 0.031736
56 0.944941 0.659315 0.054931 0.025071
48 0.991952 0.628848 0.016096 0.037766
48 0.914665 0.650587 0.017885 0.031101
53 0.899336 0.645827 0.020439 0.035544
53 0.864972 0.633926 0.046244 0.033957
53 0.822049 0.608854 0.045733 0.037766
53 0.791390 0.589813 0.024272 0.017455
57 0.948518 0.543796 0.009964 0.011108
57 0.965636 0.573151 0.012008 0.008886
57 0.975600 0.579657 0.010475 0.009203
56 0.965764 0.476833 0.028615 0.019359
48 0.927823 0.463028 0.015074 0.010156
5 0.964103 0.383370 0.005365 0.003174
5 0.967936 0.382736 0.004854 0.002539
5 0.971257 0.386068 0.004343 0.003491
5 0.972151 0.388131 0.005110 0.002539
5 0.967552 0.386385 0.005621 0.002856
5 0.964231 0.386544 0.004088 0.002539
5 0.963975 0.389718 0.004088 0.003174
5 0.968702 0.389400 0.004343 0.002539
56 0.981221 0.387020 0.008942 0.019994
56 0.947113 0.408442 0.052121 0.013964
56 0.929867 0.390828 0.014563 0.030784
57 0.964486 0.372898 0.014308 0.006347
6 0.968830 0.393050 0.005621 0.002856
35 0.931400 0.228499 0.010475 0.018407
35 0.952095 0.280228 0.009453 0.015233
48 0.534108 0.759283 0.011497 0.033957
48 0.607946 0.822913 0.020184 0.008886
48 0.816684 0.782609 0.011497 0.020946
53 0.558636 0.735957 0.026827 0.014599
53 0.574093 0.738654 0.013797 0.011108
53 0.584568 0.721834 0.013797 0.008569
48 0.411599 0.803078 0.007154 0.011108
48 0.410705 0.794034 0.007409 0.009521
48 0.411472 0.784830 0.006387 0.018407
48 0.410450 0.769756 0.008942 0.020628
48 0.411344 0.755951 0.005110 0.009521
48 0.411216 0.745319 0.006898 0.014281
9 0.317450 0.781815 0.006898 0.007934
9 0.308636 0.766423 0.006643 0.010156
9 0.314257 0.790384 0.007665 0.007934
9 0.287174 0.783243 0.008687 0.008251
9 0.297394 0.790067 0.009709 0.009838
9 0.291134 0.785148 0.008431 0.006982
53 0.308636 0.777531 0.055187 0.050778
48 0.634134 0.746430 0.005621 0.010156
9 0.498723 0.479689 0.006643 0.009203
48 0.938043 0.029038 0.092233 0.057442
48 0.633878 0.031260 0.023505 0.038401
41 0.671436 0.780705 0.003577 0.010156
42 0.663771 0.843066 0.008687 0.006665
43 0.688043 0.858775 0.006132 0.010156
9 0.737609 0.675817 0.005110 0.002856
8 0.912749 0.691209 0.006387 0.003174
10 0.683189 0.861473 0.004088 0.007934
48 0.679484 0.786734 0.008431 0.034275
57 0.944175 0.549349 0.013030 0.008886
42 0.699157 0.842590 0.009964 0.004443
5 0.617527 0.694065 0.005110 0.003174
45 0.726367 0.874167 0.003066 0.009838
42 0.705672 0.874167 0.003066 0.007934
42 0.687787 0.877341 0.004599 0.008569
42 0.683444 0.877817 0.004088 0.006347
16 0.190853 0.689305 0.008687 0.005078
5 0.863694 0.704221 0.006387 0.003808
5 0.884900 0.709140 0.005365 0.003491
5 0.226495 0.709457 0.004854 0.002856
5 0.441109 0.693907 0.004854 0.002856
5 0.922075 0.807521 0.002555 0.004126
5 0.133878 0.911774 0.005110 0.004443
5 0.234287 0.878769 0.004088 0.004443
5 0.639244 0.835449 0.002555 0.004760
6 0.575498 0.949381 0.003321 0.006665
52 0.090572 0.860520 0.102453 0.107585
14 0.569494 0.600286 0.005621 0.019994
44 0.576903 0.041733 0.010731 0.006030
39 0.469213 0.072834 0.008431 0.005395
44 0.449029 0.092986 0.009453 0.006982
39 0.300715 0.772295 0.008176 0.008569
39 0.297522 0.775151 0.007920 0.007934
42 0.295222 0.778483 0.005876 0.006347
44 0.478411 0.084100 0.008431 0.003174
43 0.676929 0.844970 0.012519 0.004760
16 0.690981 0.857823 0.007409 0.011425
10 0.025933 0.885433 0.004343 0.003174
10 0.468191 0.578229 0.002299 0.006982
5 0.791901 0.695970 0.004854 0.002539
5 0.843766 0.679784 0.005365 0.003808
10 0.675907 0.878769 0.002299 0.007617
10 0.691237 0.877341 0.003832 0.008569
5 0.643332 0.821327 0.005621 0.005078
14 0.600153 0.599492 0.007154 0.022215
10 0.475089 0.619803 0.006387 0.003174
5 0.654318 0.677245 0.006132 0.004443
5 0.131707 0.796414 0.002810 0.002856
5 0.157384 0.766265 0.003577 0.004126
5 0.299055 0.890035 0.003321 0.002856
5 0.708099 0.678197 0.003321 0.002539
5 0.756004 0.694065 0.004599 0.003808
6 0.541390 0.953983 0.003066 0.004443
48 0.128130 0.882577 0.062596 0.058394
48 0.506515 0.944938 0.037557 0.036496
48 0.724962 0.295144 0.021717 0.017772
10 0.559530 0.640749 0.003577 0.010790
5 0.582397 0.720882 0.002299 0.004760
8 0.488758 0.692320 0.005621 0.002856
8 0.367527 0.678832 0.009453 0.005078
13 0.998467 0.421454 0.003066 0.003808
12 0.545350 0.636306 0.004343 0.008886
39 0.741441 0.758648 0.013797 0.004760
5 0.388350 0.660108 0.003066 0.005078
5 0.625319 0.004919 0.002810 0.002856
5 0.047138 0.704856 0.004343 0.003174
5 0.123148 0.718185 0.003066 0.001904
5 0.653679 0.881149 0.003321 0.003491
5 0.631579 0.790543 0.002044 0.003808
5 0.622126 0.736274 0.003066 0.003808
5 0.983393 0.710885 0.005110 0.004443
6 0.539729 0.947001 0.002810 0.005712
6 0.573965 0.943351 0.003832 0.004760
5 0.869443 0.355284 0.004599 0.002856
8 0.223301 0.703269 0.007154 0.003808
10 0.659172 0.746112 0.003066 0.006982
5 0.100409 0.714535 0.005621 0.002856
5 0.071155 0.704221 0.005365 0.002539
39 0.741441 0.768645 0.010220 0.004443
5 0.362034 0.651539 0.007154 0.003808
5 0.147675 0.696604 0.004088 0.003174
5 0.159555 0.889083 0.003832 0.002856
5 0.631579 0.755157 0.002555 0.004126
10 0.573582 0.642018 0.003066 0.010156
10 0.694686 0.877023 0.003066 0.008569
5 0.634900 0.825928 0.006132 0.004760
5 0.025166 0.728023 0.005876 0.003808
10 0.456438 0.528404 0.002299 0.008251
5 0.061446 0.720882 0.004343 0.002856
5 0.133495 0.701047 0.003832 0.003174
5 0.675907 0.963345 0.002810 0.004760
5 0.666198 0.950968 0.003321 0.004126
5 0.576903 0.680578 0.004088 0.003491
5 0.924630 0.842272 0.002555 0.005078
5 0.368677 0.825135 0.004088 0.003174
48 0.348237 0.751349 0.042412 0.039035
48 0.970746 0.069026 0.015585 0.018724
5 0.855008 0.306887 0.004854 0.002539
5 0.809658 0.701523 0.006132 0.004126
5 0.608968 0.673754 0.004854 0.002539
5 0.849770 0.315773 0.006132 0.003174
9 0.054037 0.708981 0.006387 0.003174
5 0.420542 0.675976 0.005110 0.003808
5 0.060169 0.716915 0.004854 0.001904
14 0.633751 0.644399 0.003321 0.015551
42 0.653296 0.754681 0.011242 0.006347
5 0.627874 0.692161 0.005876 0.004443
51 0.600537 0.777848 0.031426 0.096477
5 0.656362 0.903681 0.003066 0.003491
5 0.648314 0.843066 0.003321 0.004126
5 0.587634 0.720724 0.002044 0.004443
6 0.577159 0.955887 0.003066 0.005712
48 0.899591 0.148207 0.041390 0.067915
53 0.921436 0.314979 0.075881 0.025071
5 0.850537 0.309267 0.004599 0.002222
5 0.448135 0.696763 0.004088 0.002856
5 0.847471 0.687083 0.006132 0.003174
8 0.854880 0.699778 0.005621 0.004443
5 0.013286 0.728499 0.005110 0.003491
10 0.453117 0.528562 0.002299 0.007299
10 0.491952 0.481276 0.003832 0.009203
10 0.080991 0.950968 0.004599 0.006665
43 0.656362 0.801809 0.016352 0.006665
5 0.385028 0.638686 0.005621 0.002856
43 0.472407 0.514916 0.005110 0.013012
5 0.074732 0.943034 0.003832 0.002856
5 0.112161 0.981911 0.004088 0.007617
5 0.173480 0.876388 0.002555 0.002856
5 0.305953 0.930498 0.002810 0.003808
5 0.655212 0.896382 0.002810 0.003491
5 0.626852 0.762298 0.002810 0.004443
5 0.577031 0.672961 0.004343 0.003491
5 0.404573 0.777531 0.004343 0.005078
6 0.580225 0.971596 0.004599 0.004760
48 0.195452 0.967153 0.041901 0.042844
48 0.926801 0.590923 0.044711 0.075532
48 0.422969 0.959537 0.056975 0.032053
6 0.553270 0.810378 0.009453 0.003491
5 0.704011 0.266423 0.004343 0.004126
5 0.783214 0.309108 0.003832 0.002539
53 0.854880 0.309584 0.017374 0.022533
5 0.628002 0.689146 0.005110 0.004126
5 0.638733 0.672644 0.004599 0.002856
10 0.673224 0.879086 0.002044 0.006347
5 0.108840 0.720248 0.005110 0.002856
5 0.750894 0.697398 0.006132 0.004760
5 0.295350 0.892098 0.004599 0.005078
5 0.628002 0.768010 0.003066 0.004443
5 0.535003 0.674230 0.004088 0.003491
5 0.560424 0.676611 0.003832 0.002539
5 0.918753 0.864170 0.003577 0.004443
5 0.374681 0.820216 0.004343 0.002856
48 0.215636 0.937480 0.055187 0.059664
48 0.522867 0.889559 0.019673 0.029197
48 0.378385 0.841796 0.029126 0.028880
48 0.249361 0.858616 0.079203 0.080927
48 0.414665 0.930022 0.054676 0.033323
48 0.508559 0.750873 0.043689 0.022215
48 0.962059 0.099492 0.025805 0.007934
5 0.927057 0.356077 0.004854 0.002539
42 0.654701 0.805459 0.008942 0.005078
10 0.651763 0.746906 0.003577 0.007934
5 0.523505 0.680895 0.005110 0.003491
5 0.564256 0.731672 0.002299 0.004760
5 0.257920 0.688036 0.004854 0.001904
10 0.123403 0.986036 0.006132 0.003808
39 0.739908 0.722786 0.011753 0.004126
5 0.618549 0.009362 0.002555 0.003491
5 0.319877 0.950175 0.005110 0.003174
5 0.637966 0.836877 0.002044 0.003808
5 0.635795 0.812758 0.002299 0.003174
5 0.925779 0.802920 0.003832 0.004443
48 0.994762 0.212314 0.010475 0.174548
48 0.930250 0.510790 0.019928 0.016185
9 0.141543 0.708981 0.010220 0.005078
11 0.608201 0.641542 0.003832 0.018089
5 0.359734 0.646461 0.005621 0.003808
5 0.094277 0.942717 0.004599 0.003491
5 0.301226 0.887655 0.003577 0.005712
5 0.640904 0.799746 0.004343 0.004443
5 0.491058 0.695970 0.003577 0.002539
5 0.379918 0.815297 0.004599 0.003174
6 0.539090 0.939860 0.004088 0.006665
48 0.391799 0.872898 0.068217 0.056173
48 0.894737 0.381784 0.015330 0.015233
42 0.655723 0.809267 0.009453 0.005712
48 0.450818 0.555538 0.030915 0.019359
5 0.448007 0.676135 0.004343 0.004126
5 0.830608 0.402095 0.004599 0.004443
5 0.685233 0.688829 0.005621 0.002856
5 0.706822 0.689781 0.005876 0.003491
5 0.637072 0.780705 0.004343 0.004443
5 0.411599 0.698826 0.005621 0.003174
5 0.034108 0.710409 0.005365 0.004126
10 0.481732 0.596477 0.003832 0.009203
5 0.452223 0.678197 0.006643 0.004443
5 0.138094 0.768169 0.002810 0.002856
5 0.130557 0.774992 0.002555 0.002539
5 0.169264 0.984449 0.003321 0.003808
5 0.335718 0.969851 0.002555 0.004443
5 0.750511 0.682958 0.003321 0.002539
5 0.924502 0.865281 0.003321 0.004760
6 0.575626 0.927166 0.004088 0.007299
48 0.900102 0.239606 0.049055 0.103459
48 0.903679 0.529197 0.019928 0.014281
48 0.972151 0.445414 0.055697 0.016820
48 0.380046 0.791495 0.038068 0.044430
5 0.876725 0.701365 0.007409 0.003174
5 0.788707 0.699937 0.006132 0.004126
5 0.812468 0.682482 0.006643 0.004126
10 0.714997 0.874960 0.002810 0.008251
10 0.711932 0.873850 0.002810 0.006030
5 0.647164 0.881466 0.003066 0.004760
11 0.686382 0.208664 0.015074 0.011742
5 0.431911 0.697874 0.004854 0.003174
14 0.625575 0.643923 0.002810 0.015868
5 0.055187 0.914630 0.003066 0.004443
5 0.227133 0.870993 0.002555 0.004126
5 0.311829 0.940178 0.002299 0.004760
5 0.662238 0.929864 0.003577 0.004443
5 0.632984 0.797049 0.002299 0.004126
5 0.947113 0.705173 0.004599 0.002539
5 0.988503 0.862742 0.003577 0.003491
48 0.171819 0.971596 0.021717 0.023802
48 0.531170 0.985878 0.058252 0.024437
5 0.893843 0.687877 0.004854 0.002222
11 0.579458 0.823548 0.016352 0.012060
5 0.859351 0.317360 0.005365 0.002539
5 0.715636 0.675182 0.004088 0.002856
10 0.239908 0.980006 0.002044 0.005078
5 0.622892 0.930498 0.006132 0.003808
44 0.667987 0.756268 0.005876 0.010790
5 0.071666 0.931133 0.003321 0.004443
48 0.093127 0.911933 0.050332 0.052364
5 0.855008 0.312282 0.004343 0.002539
5 0.990419 0.704697 0.005365 0.002856
5 0.821410 0.401777 0.005621 0.004443
5 0.655979 0.680895 0.004343 0.002856
5 0.632729 0.836877 0.002299 0.006982
5 0.371104 0.685338 0.004854 0.003491
5 0.126214 0.715170 0.005621 0.004126
5 0.008176 0.715011 0.005110 0.003174
5 0.151252 0.784195 0.004088 0.003174
5 0.625447 0.756744 0.002555 0.004760
5 0.368038 0.812599 0.003321 0.004126
6 0.579331 0.942717 0.003321 0.005395
6 0.572560 0.935417 0.003577 0.006665
5 0.628130 0.934148 0.002810 0.006030
48 0.687787 0.976357 0.012775 0.020628
5 0.854752 0.314186 0.004854 0.002539
5 0.944813 0.690257 0.005621 0.003174
5 0.628641 0.672009 0.006898 0.003491
5 0.834313 0.409076 0.004854 0.004443
11 0.978922 0.357188 0.016096 0.002856
11 0.720618 0.190574 0.016607 0.008569
5 0.094277 0.697398 0.006132 0.002856
39 0.327159 0.780546 0.009453 0.007934
5 0.384517 0.640908 0.007154 0.003491
5 0.380046 0.639480 0.004854 0.002539
5 0.384645 0.660267 0.004343 0.005395
5 0.620593 0.007299 0.002555 0.003174
5 0.060296 0.919708 0.003577 0.003808
5 0.142310 0.904792 0.003577 0.002539
5 0.666709 0.695335 0.005365 0.001904
48 0.167859 0.812441 0.060807 0.061568
48 0.703628 0.924786 0.102197 0.050778
48 0.975984 0.207871 0.023505 0.203745
48 0.984159 0.097747 0.017885 0.009521
5 0.712315 0.291971 0.004088 0.003808
48 0.974451 0.344335 0.006643 0.005712
5 0.574349 0.694541 0.005621 0.004126
10 0.047649 0.915265 0.005365 0.005078
10 0.647931 0.747699 0.003577 0.008251
5 0.821794 0.396065 0.004854 0.004443
10 0.666071 0.746588 0.003066 0.007934
5 0.569622 0.719137 0.003832 0.006347
5 0.556719 0.731831 0.002044 0.005078
39 0.739397 0.736433 0.013286 0.004760
39 0.741569 0.765630 0.013030 0.005395
5 0.359862 0.649000 0.005876 0.003174
5 0.466530 0.107902 0.004599 0.007617
5 0.146270 0.789749 0.003321 0.002222
5 0.660194 0.916693 0.004088 0.005395
5 0.651380 0.866550 0.004343 0.003491
48 0.345299 0.949222 0.027849 0.017772
48 0.334951 0.873056 0.036791 0.036179
48 0.565534 0.847985 0.025294 0.016503
5 0.707333 0.270390 0.004854 0.003808
5 0.834440 0.417487 0.004599 0.004760
5 0.682805 0.678356 0.005365 0.003491
5 0.768906 0.692637 0.006387 0.004126
10 0.655979 0.746271 0.002810 0.007299
5 0.651763 0.861949 0.003066 0.003808
5 0.039218 0.706918 0.005365 0.002856
10 0.064257 0.928435 0.006387 0.006030
13 0.841211 0.069343 0.012519 0.003491
5 0.391288 0.660108 0.003321 0.005712
5 0.244507 0.902095 0.004599 0.004126
5 0.642948 0.859727 0.003321 0.006982
5 0.631323 0.745954 0.003066 0.003491
48 0.855391 0.572675 0.042412 0.073310
48 0.570133 0.103459 0.146398 0.118058
48 0.989653 0.072675 0.015074 0.018407
5 0.850026 0.305141 0.004599 0.002222
5 0.550460 0.737226 0.002810 0.005078
14 0.605902 0.598540 0.005365 0.019042
10 0.525933 0.641860 0.003321 0.010473
5 0.941237 0.693431 0.004599 0.003808
5 0.863311 0.889876 0.006132 0.006982
42 0.656490 0.796890 0.012519 0.008251
5 0.143843 0.761980 0.003066 0.002539
5 0.150996 0.896699 0.003066 0.002856
5 0.649336 0.903999 0.002810 0.003491
5 0.648697 0.849889 0.003066 0.004443
5 0.485054 0.678197 0.004343 0.001904
48 0.728922 0.286100 0.009709 0.011742
5 0.428717 0.691685 0.004088 0.002222
5 0.841978 0.695652 0.007409 0.002539
10 0.035641 0.877499 0.005365 0.004443
13 0.998595 0.418121 0.002810 0.004126
5 0.317706 0.688036 0.004343 0.003808
13 0.835718 0.065693 0.012775 0.003174
5 0.154701 0.778800 0.003832 0.002539
5 0.303909 0.996192 0.002810 0.003808
5 0.625064 0.950651 0.003321 0.004126
5 0.652785 0.696446 0.004088 0.002856
48 0.855902 0.791336 0.029637 0.026341
5 0.859862 0.315297 0.004854 0.002222
5 0.705800 0.268804 0.003832 0.003174
48 0.787813 0.342748 0.036025 0.030467
5 0.972023 0.703745 0.004343 0.002856
5 0.631962 0.679467 0.005365 0.002539
5 0.791134 0.684545 0.006898 0.002539
8 0.539857 0.681530 0.006643 0.002222
5 0.635156 0.807363 0.004088 0.004443
5 0.370720 0.697556 0.006132 0.003174
5 0.086740 0.706760 0.005876 0.003808
39 0.739780 0.730086 0.012008 0.004760
42 0.656745 0.813551 0.010986 0.005395
5 0.451456 0.681688 0.004599 0.003808
5 0.396270 0.699937 0.005110 0.002856
5 0.170542 0.711044 0.004854 0.002856
5 0.649591 0.908124 0.002810 0.003491
5 0.572816 0.737861 0.003577 0.002539
5 0.642948 0.687559 0.005365 0.004126
48 0.993996 0.535227 0.012008 0.043478
5 0.713592 0.278959 0.003577 0.003808
5 0.714742 0.290543 0.003321 0.004126
48 0.987864 0.344176 0.009964 0.013646
13 0.540623 0.830530 0.016352 0.003174
5 0.553015 0.737385 0.002299 0.006030
11 0.710271 0.222628 0.014819 0.012377
10 0.476367 0.561409 0.008942 0.003174
5 0.838784 0.684227 0.005110 0.003174
5 0.623275 0.006347 0.002299 0.003174
5 0.145503 0.759283 0.002299 0.002856
5 0.120976 0.785624 0.003832 0.002856
5 0.139116 0.788639 0.002299 0.002539
5 0.143715 0.792764 0.003832 0.002539
5 0.140266 0.785624 0.004088 0.002856
5 0.081630 0.946842 0.004343 0.002856
5 0.169775 0.879721 0.003832 0.002539
5 0.154701 0.953507 0.004854 0.004126
48 0.521334 0.855601 0.026827 0.017772
48 0.953117 0.336401 0.015074 0.022850
5 0.860118 0.313869 0.005365 0.001269
10 0.703117 0.877023 0.002555 0.007299
5 0.635667 0.816884 0.003577 0.003174
5 0.072560 0.707712 0.005110 0.003174
10 0.464103 0.580292 0.002299 0.007934
12 0.875192 0.092986 0.002299 0.006982
39 0.740547 0.762456 0.010475 0.005395
5 0.059530 0.704538 0.004599 0.003808
5 0.155979 0.892574 0.003832 0.002856
5 0.303398 0.980800 0.002299 0.004126
5 0.635156 0.837671 0.003066 0.003491
5 0.642054 0.808315 0.003066 0.003808
5 0.406873 0.795462 0.002810 0.004760
5 0.958993 0.689305 0.004343 0.002539
9 0.007537 0.704856 0.015074 0.006347
5 0.609862 0.688988 0.005110 0.002539
5 0.708610 0.681054 0.005876 0.002539
8 0.677312 0.674706 0.005621 0.003808
11 0.937276 0.753094 0.004343 0.015868
5 0.649336 0.888924 0.003321 0.005712
5 0.323199 0.703586 0.005621 0.003808
5 0.019673 0.710409 0.006132 0.004126
14 0.537430 0.639004 0.002299 0.014916
10 0.470746 0.580292 0.002810 0.008569
39 0.739653 0.733418 0.012264 0.003808
5 0.140393 0.713107 0.004854 0.002539
5 0.164027 0.884798 0.004088 0.003174
5 0.315279 0.933672 0.004088 0.003808
5 0.328181 0.984767 0.002299 0.003808
5 0.335207 0.982069 0.002044 0.004126
5 0.643204 0.815455 0.002299 0.004760
5 0.634517 0.788639 0.001788 0.004443
5 0.523250 0.677880 0.004599 0.003174
5 0.974962 0.867026 0.003577 0.002539
48 0.737609 0.294986 0.009198 0.009203
5 0.827031 0.697715 0.005621 0.002856
5 0.639116 0.788162 0.005876 0.005395
5 0.125447 0.721200 0.005110 0.003491
39 0.739653 0.740083 0.014308 0.005078
5 0.384006 0.646461 0.006132 0.003174
5 0.383623 0.643288 0.005365 0.003174
5 0.111139 0.699937 0.004088 0.002222
5 0.132345 0.773088 0.003066 0.003174
5 0.177695 0.872898 0.003321 0.002222
5 0.181400 0.869089 0.004088 0.002856
5 0.657895 0.907648 0.003577 0.003808
5 0.655723 0.900190 0.002299 0.003491
5 0.512008 0.678197 0.005621 0.002539
5 0.904701 0.698984 0.003577 0.002856
48 0.618293 0.880355 0.062851 0.052047
5 0.585079 0.721200 0.002044 0.005395
5 0.759070 0.691050 0.006643 0.002856
10 0.671180 0.988734 0.007154 0.003491
5 0.410450 0.692637 0.005876 0.003491
44 0.652913 0.770866 0.011497 0.004443
39 0.739653 0.748016 0.011753 0.004443
5 0.360245 0.643447 0.007154 0.003491
5 0.384262 0.636465 0.005621 0.002856
5 0.136817 0.716915 0.004343 0.003174
5 0.181656 0.695017 0.005621 0.004443
5 0.150230 0.774199 0.003577 0.002856
5 0.295350 0.996509 0.003066 0.004443
5 0.653807 0.889083 0.003066 0.003491
5 0.645631 0.871311 0.003066 0.004760
5 0.555059 0.680578 0.004343 0.003491
48 0.444813 0.924944 0.019928 0.019994
48 0.853347 0.332593 0.013286 0.013964
42 0.657256 0.817360 0.008942 0.005395
5 0.849898 0.307045 0.004854 0.001587
5 0.932422 0.709775 0.006387 0.003491
10 0.014819 0.900666 0.004599 0.003808
5 0.632856 0.929229 0.004088 0.001904
39 0.739525 0.726277 0.011497 0.004126
5 0.711293 0.696604 0.005621 0.003808
5 0.616505 0.010473 0.002555 0.003808
5 0.651507 0.918280 0.003066 0.002856
5 0.625064 0.752301 0.002810 0.004760
6 0.574349 0.918915 0.004599 0.007299
48 0.904318 0.095049 0.024783 0.011742
48 0.719596 0.284830 0.005876 0.006030
48 0.739014 0.308156 0.013541 0.012694
48 0.885028 0.348937 0.010731 0.011108
48 0.993102 0.370517 0.013797 0.018724
13 0.542029 0.826404 0.017118 0.004443
5 0.645631 0.830054 0.004088 0.006030
10 0.614972 0.642018 0.003066 0.010790
5 0.639244 0.793875 0.004088 0.004760
39 0.739525 0.715170 0.012008 0.004126
5 0.652274 0.871311 0.001533 0.004126
6 0.537557 0.932561 0.003577 0.006665
48 0.555953 0.937163 0.022994 0.064741
48 0.700051 0.711838 0.041390 0.012060
5 0.581247 0.688512 0.005621 0.002856
5 0.749872 0.677087 0.004599 0.003491
8 0.267246 0.699461 0.006643 0.003174
8 0.209760 0.706760 0.006132 0.003808
10 0.662621 0.746112 0.003321 0.007617
10 0.669009 0.746112 0.003321 0.007617
10 0.921436 0.356236 0.005876 0.003491
5 0.130940 0.798794 0.003321 0.002539
5 0.309658 0.929546 0.002555 0.004443
5 0.567578 0.735957 0.004854 0.003174
48 0.584313 0.915265 0.021461 0.031736
48 0.944558 0.496350 0.042412 0.019042
48 0.559913 0.769121 0.044711 0.070771
5 0.831886 0.686290 0.006132 0.003491
5 0.476622 0.691526 0.004343 0.003174
10 0.698263 0.877975 0.003066 0.008569
13 0.863311 0.094414 0.013797 0.004126
43 0.676162 0.850206 0.012519 0.007617
5 0.036408 0.720089 0.005365 0.003808
5 0.771589 0.677880 0.003577 0.001904
5 0.667476 0.692161 0.005365 0.002539
5 0.771206 0.680419 0.006387 0.003808
11 0.713848 0.201682 0.015330 0.009203
5 0.400102 0.683116 0.006132 0.003491
10 0.935105 0.778959 0.004088 0.009203
42 0.653296 0.758648 0.010220 0.004760
5 0.303143 0.985719 0.002299 0.003808
5 0.650485 0.913678 0.003066 0.003808
5 0.636817 0.821327 0.002299 0.003808
48 0.155851 0.854649 0.040879 0.040622
48 0.307358 0.827515 0.113950 0.089178
5 0.700434 0.264202 0.003832 0.003491
5 0.827287 0.694541 0.004599 0.002856
5 0.998850 0.712790 0.002299 0.003174
5 0.646398 0.836877 0.004088 0.005712
5 0.607563 0.679784 0.004088 0.001904
5 0.092616 0.718185 0.005876 0.003808
10 0.541518 0.642018 0.003832 0.011425
13 0.407128 0.511108 0.009964 0.003491
39 0.739014 0.744208 0.013541 0.005078
39 0.742207 0.751984 0.014308 0.004760
5 0.540240 0.678039 0.006387 0.002856
5 0.143970 0.780863 0.003832 0.003491
5 0.331247 0.958585 0.004854 0.004760
5 0.783725 0.676769 0.003832 0.001587
5 0.849259 0.898128 0.007154 0.003808
5 0.406490 0.787052 0.003066 0.005078
48 0.934466 0.094891 0.022228 0.011425
42 0.656617 0.821485 0.009709 0.007299
5 0.623275 0.741352 0.003832 0.005712
5 0.233648 0.705014 0.004343 0.003491
14 0.530020 0.638845 0.002299 0.014599
14 0.578181 0.642177 0.003066 0.014916
15 0.414027 0.500793 0.017118 0.005078
39 0.741824 0.754998 0.011497 0.004443
5 0.076137 0.807204 0.004088 0.003491
5 0.964614 0.712155 0.004343 0.002539
6 0.579586 0.963980 0.003832 0.006665
5 0.886817 0.367661 0.005110 0.002856
5 0.955289 0.702158 0.005621 0.002222
10 0.672841 0.745954 0.003832 0.007934
5 0.648952 0.898445 0.002044 0.003808
5 0.347471 0.695017 0.004599 0.002539
5 0.074348 0.719613 0.005621 0.002856
39 0.739653 0.719454 0.012264 0.004443
5 0.219980 0.903205 0.003577 0.003174
5 0.329203 0.971120 0.002810 0.003808
5 0.328309 0.979689 0.002044 0.003808
5 0.641799 0.853380 0.002555 0.003808
5 0.629152 0.838464 0.002810 0.004443
5 0.576265 0.809902 0.002299 0.004443
5 0.499106 0.677880 0.004343 0.003174
5 0.638094 0.675976 0.004854 0.003174
