5 0.176699 0.071606 0.003044 0.004620
5 0.177545 0.079069 0.003382 0.003198
48 0.767163 0.412225 0.022658 0.017058
48 0.572709 0.458245 0.017924 0.009595
48 0.509638 0.396944 0.009469 0.007818
48 0.589111 0.369403 0.012851 0.015281
48 0.564931 0.282161 0.030774 0.021322
48 0.453669 0.271855 0.017247 0.013504
48 0.463477 0.269367 0.007102 0.007107
48 0.335137 0.100924 0.034494 0.029140
48 0.287961 0.130952 0.011836 0.008884
48 0.296077 0.127221 0.011836 0.007107
48 0.293541 0.114783 0.014204 0.009240
48 0.138823 0.164534 0.011160 0.012793
48 0.150829 0.178927 0.025025 0.024520
48 0.163510 0.172353 0.011160 0.012082
48 0.180758 0.045665 0.017924 0.015281
48 0.107880 0.012260 0.057491 0.024520
48 0.606696 0.201137 0.029084 0.023454
48 0.377071 0.168799 0.028407 0.024165
48 0.352722 0.197761 0.017585 0.017413
39 0.558505 0.061123 0.009131 0.003554
39 0.563747 0.071606 0.004735 0.008173
11 0.628509 0.155117 0.007102 0.012438
11 0.650152 0.156361 0.008455 0.015636
39 0.574907 0.093461 0.006087 0.005686
52 0.584038 0.032161 0.074400 0.064321
52 0.522658 0.067697 0.084207 0.124733
39 0.641021 0.130597 0.005749 0.006752
30 0.565776 0.925195 0.025025 0.020967
24 0.395502 0.960732 0.008455 0.006041
24 0.301826 0.978500 0.010484 0.007463
24 0.276463 0.988628 0.011160 0.007818
24 0.283903 0.904762 0.010484 0.006397
24 0.262428 0.928749 0.009469 0.006752
24 0.251945 0.960554 0.008116 0.007107
24 0.226243 0.993959 0.008793 0.004975
24 0.232161 0.919865 0.006425 0.005330
24 0.188367 0.927150 0.012175 0.007107
24 0.189381 0.965352 0.012851 0.007463
24 0.166554 0.976013 0.009807 0.006041
24 0.123098 0.947050 0.009469 0.005686
24 0.130876 0.918977 0.010145 0.005686
24 0.098749 0.929105 0.010145 0.007463
24 0.026547 0.922886 0.011160 0.008529
24 0.077612 0.915601 0.007102 0.003909
24 0.042611 0.864073 0.008793 0.002488
24 0.104667 0.895878 0.011160 0.004975
24 0.140176 0.898188 0.010484 0.005330
24 0.154887 0.875977 0.010822 0.004264
24 0.062902 0.821784 0.008793 0.003198
24 0.133074 0.846660 0.011160 0.004620
24 0.165708 0.837065 0.010145 0.003909
24 0.136625 0.827114 0.008793 0.003909
24 0.205445 0.822139 0.011160 0.004620
24 0.183801 0.826404 0.008455 0.003198
24 0.231823 0.886283 0.009131 0.005686
24 0.221001 0.862829 0.009807 0.004975
24 0.289990 0.831912 0.007778 0.004264
24 0.326682 0.872424 0.010822 0.006397
24 0.361177 0.810235 0.010145 0.005686
30 0.386540 0.821073 0.020291 0.009595
30 0.436253 0.838131 0.016233 0.011727
30 0.414779 0.863006 0.017924 0.011016
24 0.479540 0.851102 0.010145 0.007107
30 0.553094 0.843639 0.018600 0.019900
24 0.536862 0.852168 0.007778 0.006397
24 0.428475 0.802772 0.012175 0.008529
24 0.374366 0.792466 0.011498 0.006397
24 0.359317 0.736674 0.010484 0.004264
24 0.328035 0.746979 0.008116 0.004264
24 0.288299 0.785892 0.011160 0.003909
24 0.298613 0.760839 0.011498 0.007107
24 0.303010 0.806859 0.008793 0.004620
24 0.271390 0.808635 0.010484 0.004620
24 0.224890 0.776119 0.010822 0.004264
24 0.231316 0.751599 0.010822 0.004264
24 0.210348 0.743426 0.010145 0.004264
24 0.178898 0.744492 0.012175 0.004975
24 0.183801 0.792289 0.011160 0.003909
24 0.149138 0.803838 0.008116 0.004264
24 0.064592 0.760128 0.007440 0.002843
24 0.155394 0.736674 0.007778 0.005686
24 0.139838 0.713397 0.009131 0.006752
24 0.084207 0.720682 0.007440 0.002843
24 0.118532 0.690121 0.011160 0.004975
24 0.118701 0.694385 0.010822 0.005686
24 0.135780 0.661692 0.009807 0.007818
24 0.163510 0.683369 0.007778 0.006397
24 0.182448 0.678571 0.011160 0.007463
24 0.206121 0.714286 0.007102 0.004264
24 0.209503 0.683013 0.006425 0.006397
24 0.230132 0.709133 0.011160 0.006041
24 0.219479 0.661336 0.006087 0.005686
24 0.249577 0.679638 0.008793 0.003198
24 0.309435 0.729744 0.010822 0.005330
24 0.289652 0.722815 0.010484 0.003554
24 0.268346 0.732409 0.009131 0.006397
24 0.278999 0.690832 0.007440 0.004264
24 0.322455 0.690476 0.011160 0.004264
24 0.288975 0.673241 0.007102 0.003909
24 0.333953 0.675018 0.009131 0.003198
24 0.324992 0.657605 0.009469 0.005330
30 0.370139 0.694030 0.018600 0.009950
30 0.451471 0.645522 0.018262 0.010306
30 0.363882 0.616915 0.014880 0.005686
24 0.323639 0.614250 0.006764 0.006041
24 0.200372 0.645700 0.006425 0.005686
24 0.183294 0.621535 0.008793 0.007818
24 0.158607 0.622779 0.006764 0.006041
24 0.160298 0.644456 0.010145 0.006752
24 0.135441 0.606610 0.007102 0.009240
24 0.126649 0.596482 0.005749 0.006752
24 0.102131 0.573561 0.005411 0.006397
24 0.129692 0.565032 0.005073 0.005686
24 0.158438 0.573916 0.006425 0.007818
24 0.180758 0.569829 0.005749 0.009595
24 0.200710 0.574627 0.005749 0.007107
24 0.224045 0.587242 0.004396 0.006041
24 0.242814 0.571606 0.004735 0.006041
24 0.257186 0.587953 0.005073 0.006752
24 0.268008 0.602168 0.007778 0.006041
24 0.287961 0.590796 0.004396 0.006041
24 0.177376 0.539268 0.005073 0.007463
24 0.156916 0.517768 0.004735 0.007107
24 0.147109 0.534648 0.004735 0.006041
24 0.109232 0.531272 0.004735 0.006397
24 0.121914 0.512616 0.004396 0.006752
24 0.144741 0.490938 0.004058 0.007463
24 0.119547 0.465885 0.005073 0.007107
24 0.130707 0.483120 0.004396 0.006752
24 0.220325 0.291400 0.009807 0.007107
24 0.218296 0.294954 0.012513 0.007818
24 0.216436 0.298685 0.012175 0.008173
30 0.309773 0.400675 0.006764 0.018834
30 0.322962 0.401386 0.008793 0.017413
30 0.316199 0.401031 0.007440 0.016702
30 0.329895 0.401741 0.007102 0.020967
30 0.337335 0.399964 0.007778 0.018124
30 0.345113 0.399254 0.007102 0.017413
30 0.225905 0.236141 0.011498 0.015991
30 0.219648 0.233120 0.011160 0.016347
30 0.245181 0.501066 0.009469 0.021322
5 0.013865 0.492537 0.004058 0.004975
5 0.008624 0.503198 0.005073 0.004975
5 0.018093 0.481521 0.003044 0.004975
5 0.020798 0.476368 0.003044 0.003909
5 0.009131 0.466240 0.003382 0.006397
5 0.010991 0.461798 0.001691 0.004620
5 0.026378 0.462687 0.003382 0.004264
5 0.028407 0.458245 0.004058 0.004620
5 0.030098 0.453269 0.004058 0.005330
5 0.035171 0.440832 0.004058 0.005330
48 0.011836 0.438522 0.012851 0.022743
5 0.008793 0.414357 0.004735 0.004264
5 0.086405 0.259240 0.004396 0.005330
5 0.051065 0.224769 0.003382 0.003198
5 0.043625 0.224058 0.003382 0.003198
5 0.039905 0.228145 0.004735 0.004264
5 0.057322 0.216951 0.003044 0.003909
5 0.066622 0.225835 0.003382 0.003909
5 0.062394 0.224058 0.003044 0.003909
5 0.062225 0.219972 0.002705 0.003554
48 0.046500 0.270078 0.083531 0.074627
51 0.045993 0.351812 0.083869 0.137171
23 0.660467 0.141436 0.027054 0.049041
5 0.016064 0.056681 0.004396 0.004620
5 0.003551 0.044598 0.003720 0.003198
5 0.014204 0.049929 0.002705 0.002488
5 0.027224 0.067875 0.002367 0.002843
5 0.026547 0.073916 0.002367 0.002843
5 0.043794 0.071784 0.003720 0.002843
5 0.025364 0.048330 0.004058 0.004264
5 0.028745 0.048152 0.003382 0.003909
5 0.028576 0.051883 0.003720 0.003554
5 0.056476 0.087598 0.004058 0.003909
5 0.049543 0.087065 0.003044 0.003554
5 0.057491 0.098259 0.002705 0.003198
9 0.068482 0.102345 0.004396 0.004975
5 0.009469 0.171819 0.004735 0.003909
5 0.005918 0.168266 0.003720 0.003198
48 0.012513 0.195274 0.019614 0.031628
48 0.011667 0.224591 0.017247 0.039801
48 0.050051 0.162935 0.076429 0.070007
48 0.041427 0.118692 0.041596 0.036247
48 0.018431 0.137527 0.032127 0.041933
48 0.012175 0.110163 0.021644 0.034115
48 0.021813 0.092217 0.040243 0.034471
48 0.007102 0.062189 0.012851 0.024876
48 0.069158 0.043355 0.059182 0.051173
9 0.067805 0.245025 0.010484 0.012438
48 0.185154 0.322850 0.059182 0.055792
48 0.172472 0.119048 0.086574 0.088131
5 0.220832 0.117271 0.005411 0.005686
28 0.764626 0.030917 0.031113 0.018479
48 0.127494 0.149787 0.023673 0.027363
5 0.473960 0.404051 0.003720 0.002843
5 0.465506 0.393923 0.003044 0.003198
5 0.469226 0.397832 0.003044 0.002488
5 0.542949 0.469261 0.004396 0.003909
5 0.555123 0.476724 0.005073 0.004620
5 0.647109 0.494136 0.003720 0.005330
5 0.649814 0.494136 0.003044 0.005330
48 0.516064 0.380952 0.039229 0.031272
48 0.542103 0.369581 0.039905 0.032694
25 0.328373 0.991116 0.015556 0.009950
30 0.578796 0.982587 0.018600 0.019190
27 0.074569 0.539623 0.009131 0.008173
5 0.654887 0.292999 0.003044 0.003198
5 0.656747 0.294598 0.003382 0.002843
5 0.658776 0.322495 0.002705 0.003198
5 0.666216 0.324627 0.002705 0.003909
5 0.667907 0.329069 0.004058 0.004975
7 0.672303 0.340618 0.003382 0.005330
5 0.676868 0.349680 0.003044 0.004264
5 0.678390 0.353056 0.002705 0.002488
5 0.680419 0.355544 0.002705 0.003909
5 0.682956 0.362651 0.002367 0.003198
5 0.683970 0.361585 0.002367 0.003198
5 0.693608 0.359097 0.002029 0.003198
5 0.700372 0.357321 0.002705 0.004620
5 0.690396 0.376155 0.004396 0.003198
5 0.678052 0.378998 0.003382 0.002488
5 0.675516 0.374556 0.004396 0.003554
5 0.679067 0.380775 0.002705 0.002488
5 0.697836 0.373312 0.003044 0.003198
5 0.696990 0.365494 0.003382 0.003198
5 0.699527 0.364250 0.003720 0.004264
5 0.701556 0.363362 0.003044 0.003909
5 0.705276 0.371002 0.003720 0.002843
5 0.707136 0.370114 0.003382 0.002488
48 0.670950 0.384328 0.018938 0.020256
48 0.681265 0.410625 0.080825 0.026652
51 0.644403 0.467662 0.035509 0.020611
48 0.658099 0.447050 0.032465 0.021322
5 0.716097 0.480455 0.003044 0.004264
5 0.721170 0.479033 0.003720 0.003554
5 0.725736 0.477434 0.003382 0.003909
5 0.729963 0.475302 0.003044 0.003198
5 0.731992 0.474591 0.003044 0.003198
5 0.735712 0.472815 0.003720 0.003909
5 0.737572 0.471571 0.003382 0.003554
5 0.739432 0.470149 0.003720 0.003554
10 0.740785 0.457356 0.007778 0.005686
5 0.742814 0.468550 0.003720 0.003909
5 0.745350 0.467306 0.004058 0.002132
5 0.747548 0.466240 0.004396 0.002843
5 0.749577 0.464819 0.004396 0.003554
5 0.751606 0.463397 0.004396 0.002843
5 0.753974 0.461265 0.003720 0.003554
5 0.759046 0.458422 0.005749 0.002843
5 0.760906 0.457001 0.004735 0.002843
48 0.726074 0.448827 0.052756 0.039801
48 0.714068 0.433191 0.030098 0.013504
6 0.599932 0.484897 0.007440 0.003909
6 0.596381 0.474236 0.007102 0.003909
48 0.580149 0.446517 0.026716 0.035892
48 0.557153 0.425373 0.036862 0.024876
48 0.549882 0.410448 0.039905 0.022743
48 0.552080 0.417022 0.036185 0.018834
5 0.573892 0.476724 0.005411 0.003198
48 0.611938 0.365672 0.057829 0.061834
5 0.636456 0.271500 0.004058 0.002132
5 0.637301 0.273632 0.003044 0.002132
48 0.576936 0.313611 0.045993 0.040867
48 0.496787 0.315210 0.079134 0.049751
48 0.604667 0.218372 0.029084 0.024520
48 0.630200 0.221748 0.011160 0.011372
48 0.595536 0.191187 0.033142 0.024165
5 0.539398 0.194385 0.004058 0.003554
5 0.535002 0.195807 0.004058 0.002843
5 0.537369 0.200782 0.005411 0.003554
48 0.565269 0.243781 0.042273 0.046908
48 0.479878 0.237385 0.066960 0.066809
48 0.429489 0.178394 0.131214 0.095949
48 0.325499 0.164001 0.051065 0.044421
48 0.353568 0.131308 0.024687 0.031628
48 0.361515 0.153340 0.024349 0.019545
48 0.362191 0.086887 0.051403 0.038024
48 0.285255 0.178749 0.008455 0.007107
5 0.065776 0.098081 0.003044 0.003554
5 0.063071 0.095416 0.003044 0.003198
48 0.060534 0.008706 0.086574 0.017413
48 0.189043 0.008173 0.023673 0.016347
48 0.233006 0.087242 0.029760 0.028785
48 0.131214 0.196517 0.010822 0.011372
48 0.209672 0.225302 0.008116 0.004975
48 0.212377 0.229744 0.005411 0.004620
5 0.669428 0.177683 0.003044 0.004264
48 0.706459 0.294243 0.010145 0.010661
48 0.718803 0.301706 0.005073 0.006397
48 0.709841 0.304371 0.008116 0.007463
48 0.711870 0.309168 0.008116 0.006397
48 0.715252 0.315210 0.008116 0.007107
48 0.718634 0.326759 0.006087 0.007463
48 0.726412 0.328358 0.007440 0.005686
48 0.727088 0.332978 0.007440 0.005686
48 0.729117 0.337242 0.006764 0.004975
48 0.740785 0.343106 0.007102 0.005330
48 0.732161 0.346482 0.006764 0.005686
48 0.730132 0.340974 0.007440 0.006752
48 0.722185 0.337065 0.005073 0.006041
48 0.725566 0.345238 0.005749 0.007463
53 0.695299 0.365672 0.028407 0.023454
48 0.661143 0.387704 0.008793 0.007107
5 0.653703 0.494136 0.002029 0.004620
48 0.449949 0.258173 0.007778 0.006752
48 0.447582 0.253198 0.007102 0.006752
48 0.608556 0.107854 0.007778 0.008173
9 0.578627 0.116560 0.006764 0.007107
26 0.754650 0.090974 0.019953 0.022743
48 0.658269 0.047619 0.008455 0.008529
48 0.588434 0.010128 0.020291 0.020256
48 0.149476 0.015991 0.052756 0.031983
48 0.220156 0.219616 0.012175 0.011372
25 0.743490 0.954691 0.013865 0.012438
28 0.667230 0.931770 0.016909 0.019190
25 0.544809 0.966596 0.013527 0.010661
25 0.516233 0.936390 0.016571 0.012793
25 0.474806 0.920753 0.013527 0.009950
30 0.438789 0.966951 0.013189 0.010661
25 0.357119 0.953980 0.010822 0.008173
25 0.325330 0.949183 0.006764 0.006397
25 0.314508 0.935146 0.008116 0.006041
25 0.284241 0.953625 0.010484 0.009595
25 0.384680 0.895167 0.009131 0.007107
25 0.361684 0.912225 0.011836 0.009240
25 0.319242 0.895522 0.008116 0.004975
30 0.210856 0.959666 0.013189 0.007463
30 0.153196 0.933547 0.008116 0.006397
30 0.036185 0.974058 0.012175 0.009240
30 0.101792 0.836354 0.010822 0.003909
25 0.212885 0.902807 0.009131 0.003909
30 0.225566 0.840618 0.010822 0.006041
28 0.261921 0.882552 0.007778 0.006041
25 0.257525 0.861940 0.007102 0.004620
25 0.265641 0.848792 0.007102 0.004620
25 0.285086 0.862651 0.008793 0.006752
30 0.310450 0.828003 0.012175 0.007107
25 0.337842 0.832978 0.010145 0.004975
30 0.356442 0.853589 0.009469 0.006397
25 0.377748 0.872068 0.005411 0.006397
25 0.388062 0.855366 0.007778 0.006397
25 0.442509 0.882019 0.010484 0.009950
25 0.513527 0.878820 0.015218 0.013504
24 0.608556 0.860341 0.011836 0.009240
30 0.457220 0.756752 0.020291 0.015991
28 0.339871 0.796198 0.008116 0.005330
28 0.272912 0.753021 0.010822 0.004264
25 0.256003 0.786603 0.010822 0.006041
28 0.241630 0.807925 0.008455 0.004620
25 0.156239 0.775409 0.007440 0.003554
25 0.121069 0.809879 0.007440 0.003554
25 0.088941 0.812011 0.009469 0.004975
25 0.130876 0.779495 0.007440 0.003909
25 0.096889 0.771677 0.006425 0.003198
25 0.128001 0.735608 0.007778 0.004975
25 0.117180 0.735963 0.007102 0.003554
25 0.188705 0.710732 0.006764 0.004975
25 0.263104 0.703802 0.008116 0.003198
25 0.297430 0.700426 0.012513 0.004975
25 0.292188 0.657427 0.006764 0.004264
24 0.397193 0.730277 0.023334 0.012793
30 0.496618 0.720682 0.025364 0.016347
28 0.494758 0.712331 0.018938 0.011016
24 0.445384 0.613539 0.016909 0.012438
30 0.410213 0.638593 0.016909 0.010661
30 0.411735 0.645522 0.014542 0.011016
25 0.292188 0.609097 0.006087 0.006397
25 0.303348 0.634151 0.006764 0.005330
25 0.287115 0.630242 0.006764 0.005330
25 0.273081 0.649254 0.007778 0.004975
25 0.246703 0.629531 0.006425 0.005330
25 0.233852 0.641080 0.007778 0.004975
25 0.228779 0.610874 0.006425 0.004975
25 0.212885 0.609453 0.005073 0.004975
25 0.308421 0.594350 0.006087 0.006041
30 0.502875 0.514392 0.014880 0.013859
30 0.481907 0.529495 0.013527 0.014215
30 0.215590 0.303305 0.011160 0.009595
30 0.212208 0.305970 0.010484 0.009950
24 0.219648 0.287313 0.011836 0.006041
30 0.205614 0.275942 0.006764 0.012438
30 0.156578 0.344705 0.012851 0.012082
30 0.150659 0.347548 0.012513 0.014925
30 0.280521 0.366382 0.011160 0.014215
30 0.274941 0.361763 0.011498 0.016347
30 0.248901 0.400142 0.010822 0.018479
30 0.255157 0.403874 0.010484 0.015281
24 0.260568 0.409559 0.011836 0.015281
30 0.268684 0.409204 0.012513 0.018124
24 0.274772 0.412047 0.011160 0.015991
24 0.202063 0.275053 0.006425 0.011372
24 0.279337 0.415068 0.010145 0.014215
30 0.215083 0.421464 0.016233 0.009240
30 0.216436 0.427505 0.016233 0.007818
30 0.216605 0.434435 0.016571 0.008884
30 0.247379 0.462154 0.007778 0.017413
30 0.239939 0.461620 0.009131 0.020611
30 0.230808 0.462154 0.009807 0.020256
30 0.224214 0.464286 0.006764 0.016702
24 0.218465 0.463220 0.006764 0.015991
30 0.211363 0.461798 0.008793 0.018834
30 0.286439 0.517235 0.009469 0.015991
30 0.292188 0.513682 0.007440 0.014570
30 0.294386 0.455935 0.009807 0.015636
30 0.301488 0.457534 0.009131 0.015281
24 0.313832 0.480099 0.013527 0.014215
30 0.316706 0.487029 0.016571 0.013859
30 0.357964 0.441009 0.011836 0.013504
24 0.361684 0.444918 0.011836 0.012793
30 0.360162 0.511727 0.016233 0.012793
30 0.365404 0.515281 0.014542 0.011372
30 0.380284 0.529495 0.011160 0.017058
30 0.386710 0.527719 0.010484 0.014925
30 0.392289 0.525053 0.011498 0.013859
24 0.396517 0.520078 0.012513 0.015991
30 0.401759 0.515458 0.011498 0.015991
30 0.406493 0.511372 0.009469 0.017768
30 0.332601 0.557569 0.012513 0.017058
30 0.326513 0.561123 0.011836 0.016347
30 0.383159 0.483653 0.012851 0.014925
23 0.948089 0.271322 0.103821 0.143923
23 0.864220 0.313077 0.026716 0.027008
23 0.749915 0.332800 0.016571 0.023810
23 0.741461 0.295665 0.022658 0.049751
23 0.695637 0.208067 0.031789 0.052239
23 0.706290 0.203625 0.024687 0.055437
23 0.713730 0.194385 0.011160 0.024165
23 0.719648 0.192786 0.011498 0.025231
27 0.768008 0.020611 0.049374 0.025586
5 0.632398 0.493603 0.002029 0.003554
5 0.698005 0.487029 0.002705 0.003909
5 0.771559 0.447939 0.004396 0.003909
5 0.679743 0.440121 0.004735 0.002488
5 0.676530 0.377043 0.003720 0.002843
5 0.092323 0.304904 0.002705 0.004264
5 0.050051 0.096127 0.003382 0.003909
5 0.159790 0.084577 0.003720 0.004264
5 0.162834 0.088486 0.003720 0.004264
5 0.063071 0.216240 0.003044 0.002488
5 0.061211 0.243070 0.004058 0.004975
5 0.682448 0.358742 0.002705 0.003909
5 0.679743 0.448650 0.004058 0.002488
24 0.170105 0.897832 0.010145 0.005330
24 0.143050 0.979211 0.009469 0.006041
24 0.104498 0.974947 0.010145 0.006041
24 0.071694 0.873490 0.012175 0.004975
24 0.248901 0.829424 0.009469 0.004264
24 0.214068 0.800995 0.012851 0.004975
24 0.377579 0.757285 0.011836 0.005686
24 0.191241 0.772921 0.009131 0.003554
24 0.097565 0.685501 0.009807 0.007107
28 0.209503 0.339908 0.015894 0.012438
23 0.193439 0.350924 0.012851 0.012438
24 0.379270 0.994136 0.010484 0.008173
5 0.708319 0.484542 0.002367 0.004620
5 0.690396 0.367804 0.003044 0.003554
5 0.691748 0.360163 0.001691 0.004620
5 0.179912 0.076048 0.003382 0.004264
5 0.177714 0.078891 0.003044 0.003554
5 0.542780 0.189410 0.002705 0.005686
48 0.627156 0.417733 0.028069 0.020256
5 0.068651 0.232942 0.002705 0.003198
5 0.083023 0.246979 0.003044 0.004264
5 0.640176 0.493781 0.002029 0.004620
5 0.688197 0.368692 0.002705 0.003198
5 0.033818 0.445096 0.002705 0.003909
5 0.623605 0.492715 0.002029 0.003198
48 0.484782 0.077470 0.028069 0.030561
48 0.637470 0.147655 0.012175 0.013149
48 0.652350 0.182125 0.010822 0.011016
5 0.699865 0.486496 0.002367 0.003554
5 0.579980 0.206468 0.003382 0.005686
48 0.315522 0.110341 0.029760 0.032338
48 0.541089 0.393035 0.045316 0.029140
48 0.564931 0.139659 0.012513 0.017768
5 0.497633 0.407249 0.003720 0.003554
48 0.617518 0.106965 0.014204 0.014925
5 0.638316 0.493959 0.002367 0.004264
5 0.693270 0.374733 0.004058 0.003198
5 0.057660 0.223525 0.003044 0.005686
48 0.395671 0.260128 0.033818 0.032694
48 0.335137 0.051883 0.078458 0.098081
48 0.594860 0.088131 0.008793 0.009240
5 0.670105 0.335821 0.003044 0.004264
5 0.073892 0.234897 0.002367 0.003554
5 0.666892 0.173241 0.002705 0.005330
48 0.463815 0.024165 0.034833 0.044776
5 0.695130 0.366738 0.003044 0.003554
30 0.769192 0.678749 0.024011 0.022033
27 0.637978 0.090974 0.019276 0.034115
48 0.592492 0.136461 0.010145 0.014215
48 0.404464 0.044421 0.089956 0.088842
5 0.713392 0.481521 0.002367 0.004264
5 0.062225 0.231166 0.002705 0.003909
5 0.052418 0.105544 0.002705 0.002843
23 0.647278 0.088664 0.020967 0.035181
48 0.265134 0.021500 0.087927 0.042999
48 0.629016 0.125622 0.012851 0.013149
48 0.587758 0.273987 0.030436 0.019190
48 0.477849 0.056681 0.018262 0.015281
5 0.171796 0.086176 0.003382 0.003909
5 0.671119 0.185501 0.003720 0.004975
48 0.544640 0.134684 0.015218 0.012082
5 0.711194 0.482232 0.002029 0.004975
5 0.089787 0.266525 0.003044 0.004264
5 0.021136 0.418977 0.003720 0.004264
48 0.691241 0.453092 0.022996 0.044065
5 0.572709 0.194918 0.003720 0.004620
5 0.086067 0.250355 0.003044 0.003909
5 0.674670 0.345238 0.002029 0.003909
5 0.762766 0.454691 0.005073 0.003198
5 0.756341 0.460199 0.004396 0.002843
5 0.022658 0.471393 0.003382 0.004620
11 0.649307 0.204158 0.008793 0.014570
39 0.644234 0.138770 0.004735 0.006752
5 0.702908 0.486141 0.003044 0.003554
5 0.679743 0.435146 0.004735 0.001777
5 0.279844 0.116027 0.001691 0.003909
5 0.012005 0.173774 0.004396 0.002843
48 0.271728 0.010306 0.084207 0.020611
5 0.769699 0.448827 0.004058 0.003554
5 0.070849 0.241116 0.002367 0.003198
5 0.079642 0.242537 0.003044 0.003198
5 0.090632 0.314854 0.003382 0.004975
5 0.089449 0.254442 0.003044 0.003554
48 0.254988 0.028429 0.084545 0.056859
48 0.660298 0.204691 0.015218 0.014215
48 0.556983 0.158316 0.022320 0.020967
48 0.650829 0.352168 0.053094 0.058280
5 0.037369 0.062722 0.003044 0.003909
5 0.179912 0.071429 0.003382 0.004264
5 0.027224 0.424307 0.003720 0.004975
48 0.478864 0.005508 0.016233 0.011016
5 0.634934 0.494492 0.001691 0.003909
5 0.157592 0.089908 0.002705 0.003554
48 0.586236 0.160625 0.044978 0.039801
5 0.629354 0.493248 0.002705 0.004264
5 0.738417 0.466773 0.003720 0.002488
5 0.683801 0.370469 0.004058 0.003198
5 0.704261 0.362296 0.003044 0.003909
5 0.032296 0.449183 0.002367 0.003554
48 0.550558 0.207001 0.047345 0.034471
48 0.555123 0.134684 0.013865 0.019190
5 0.574569 0.200249 0.002705 0.003198
5 0.705445 0.484897 0.002029 0.005330
5 0.094860 0.276119 0.003044 0.004975
5 0.024518 0.466596 0.003044 0.004264
48 0.421035 0.118159 0.114981 0.065743
48 0.753974 0.420398 0.021982 0.022743
5 0.620561 0.492182 0.002029 0.003554
5 0.727088 0.476190 0.003382 0.003554
48 0.136118 0.114606 0.066622 0.052239
48 0.623098 0.303660 0.072032 0.058635
48 0.502198 0.335466 0.087251 0.040512
5 0.076429 0.238628 0.002705 0.003198
48 0.608049 0.085643 0.011498 0.013504
5 0.092492 0.257996 0.003044 0.002843
5 0.106696 0.162580 0.001691 0.003909
5 0.016571 0.487562 0.003382 0.004264
48 0.580994 0.092395 0.011498 0.013504
5 0.695468 0.488273 0.003044 0.003554
5 0.056307 0.103945 0.002367 0.002488
5 0.034156 0.058991 0.003382 0.004264
