5 0.991466 0.673818 0.005486 0.002488
48 0.977446 0.980877 0.018897 0.023943
48 0.981408 0.749378 0.024992 0.019279
48 0.993600 0.681437 0.010972 0.014614
5 0.947882 0.606188 0.005486 0.002799
5 0.951082 0.607898 0.003962 0.001866
5 0.952453 0.612873 0.002438 0.004975
5 0.951692 0.622979 0.002743 0.004664
5 0.943310 0.631841 0.002438 0.004353
5 0.946510 0.600280 0.003962 0.002177
5 0.692929 0.648632 0.004572 0.001866
5 0.649954 0.644745 0.004572 0.002177
5 0.649345 0.641791 0.003962 0.002488
5 0.608351 0.582401 0.004267 0.002488
5 0.483084 0.331001 0.003657 0.004664
5 0.478208 0.323539 0.004877 0.002177
5 0.476227 0.321206 0.005791 0.003109
5 0.453825 0.317631 0.002438 0.004664
5 0.459616 0.317942 0.002438 0.004042
5 0.449253 0.324627 0.003657 0.002488
5 0.449253 0.327425 0.004267 0.002488
5 0.394392 0.289024 0.002438 0.004042
5 0.439195 0.255131 0.003657 0.002177
5 0.362237 0.249223 0.005181 0.002799
5 0.287412 0.307214 0.002438 0.004353
5 0.283450 0.307991 0.001829 0.004664
5 0.302347 0.312345 0.005486 0.004664
5 0.304938 0.314366 0.002743 0.004975
5 0.306461 0.316076 0.003962 0.003420
5 0.297470 0.304571 0.002438 0.004664
5 0.299756 0.307058 0.002743 0.004664
5 0.293051 0.302083 0.002743 0.004664
5 0.286346 0.301151 0.002133 0.004664
5 0.272783 0.309391 0.002438 0.004353
5 0.279640 0.303638 0.002133 0.005286
5 0.290308 0.308924 0.002133 0.004664
5 0.283450 0.303016 0.002438 0.004042
7 0.286346 0.290734 0.001524 0.003109
5 0.214264 0.286070 0.004877 0.001866
5 0.229503 0.335354 0.001829 0.003420
5 0.151478 0.296642 0.001829 0.004353
5 0.145992 0.296642 0.002438 0.004353
5 0.153916 0.296642 0.001829 0.003109
5 0.142487 0.285759 0.002743 0.003109
5 0.217159 0.365050 0.005181 0.003109
5 0.222493 0.368004 0.004877 0.002177
5 0.217312 0.368004 0.004877 0.002177
5 0.218531 0.371580 0.004267 0.001866
5 0.238342 0.382463 0.004267 0.003109
5 0.244742 0.375155 0.004877 0.002799
5 0.222188 0.360697 0.001829 0.003731
5 0.234380 0.364894 0.004877 0.002177
5 0.224931 0.354478 0.001829 0.004353
5 0.244895 0.357898 0.003962 0.001866
5 0.239104 0.364583 0.003962 0.002177
5 0.240475 0.359453 0.004267 0.003109
5 0.287108 0.278141 0.001829 0.004042
5 0.291832 0.274254 0.001524 0.003109
5 0.300975 0.280006 0.002133 0.004664
5 0.494666 0.240050 0.004877 0.003109
5 0.486132 0.273476 0.004877 0.002177
9 0.242609 0.379820 0.006705 0.002177
5 0.260439 0.008551 0.002743 0.004664
5 0.075282 0.261816 0.004877 0.003731
5 0.080158 0.264770 0.003657 0.003420
5 0.066748 0.241294 0.004267 0.002488
5 0.040536 0.212376 0.004877 0.002488
5 0.033526 0.228234 0.001829 0.003731
5 0.115361 0.168221 0.002743 0.004353
5 0.016154 0.050840 0.003048 0.005286
9 0.257696 0.008551 0.003353 0.005908
5 0.272935 0.018812 0.002133 0.004664
5 0.269887 0.018657 0.002743 0.005597
5 0.267449 0.018657 0.002133 0.004975
5 0.265163 0.018657 0.002438 0.004975
5 0.260134 0.018812 0.002133 0.004042
5 0.262420 0.018190 0.002438 0.004664
5 0.257391 0.019279 0.002133 0.004353
5 0.251905 0.018968 0.002133 0.004353
5 0.254648 0.019590 0.002743 0.004353
5 0.248552 0.019745 0.002133 0.005286
5 0.245200 0.019590 0.002743 0.004975
5 0.056995 0.741294 0.004877 0.002488
5 0.063395 0.750311 0.003657 0.004975
5 0.071929 0.743470 0.004877 0.002488
5 0.076958 0.743626 0.004572 0.002799
5 0.106522 0.738495 0.002133 0.004975
5 0.125724 0.740516 0.003962 0.005286
5 0.150869 0.755908 0.006096 0.003731
5 0.012649 0.805037 0.003353 0.004975
5 0.138830 0.800373 0.005791 0.003109
5 0.151478 0.786381 0.003048 0.004975
5 0.185767 0.770833 0.005181 0.003731
5 0.019506 0.666978 0.004877 0.002488
5 0.037641 0.666511 0.005791 0.002799
5 0.033374 0.654851 0.002743 0.004975
5 0.302194 0.701182 0.005181 0.003109
5 0.307681 0.700871 0.005181 0.003109
5 0.389211 0.824938 0.004267 0.006841
5 0.516306 0.816542 0.004267 0.003109
5 0.591588 0.811101 0.003657 0.005286
5 0.690795 0.867382 0.003962 0.005908
48 0.033374 0.954602 0.007010 0.008706
48 0.057300 0.956001 0.004267 0.013371
48 0.046327 0.924129 0.026821 0.027985
48 0.033069 0.939832 0.010667 0.019590
48 0.039927 0.945895 0.005486 0.008085
48 0.019963 0.884950 0.008229 0.004353
48 0.037641 0.821984 0.023468 0.025187
48 0.063852 0.819341 0.021030 0.026741
48 0.086407 0.813899 0.021640 0.022077
48 0.109570 0.815920 0.018592 0.017413
48 0.134715 0.810323 0.024383 0.018657
48 0.172966 0.828358 0.006400 0.004975
48 0.180890 0.813899 0.024688 0.015236
48 0.209387 0.819341 0.021335 0.025498
48 0.236818 0.817786 0.016458 0.019279
48 0.195367 0.783271 0.021945 0.016169
48 0.157117 0.780006 0.028955 0.013371
48 0.161536 0.767879 0.021335 0.015236
48 0.095245 0.762438 0.022249 0.017413
48 0.069948 0.778296 0.025297 0.016791
5 0.600731 0.909981 0.004877 0.005908
5 0.551813 0.900808 0.007010 0.004975
5 0.716702 0.924907 0.006400 0.004664
5 0.521792 0.988806 0.004267 0.004975
5 0.517982 0.989272 0.003962 0.003420
5 0.848065 0.994869 0.005791 0.004042
5 0.982322 0.954446 0.004267 0.006530
5 0.901402 0.821362 0.006400 0.003420
5 0.769125 0.840174 0.005181 0.004353
5 0.791070 0.836443 0.006400 0.004353
48 0.024535 0.777830 0.017373 0.023321
48 0.033679 0.756530 0.023468 0.017413
48 0.045565 0.725746 0.019201 0.023010
48 0.067815 0.727923 0.019201 0.018657
48 0.090521 0.729011 0.019506 0.022077
48 0.112618 0.731499 0.017373 0.025187
48 0.134715 0.733364 0.018287 0.025187
48 0.088692 0.705379 0.024383 0.020833
48 0.017068 0.680037 0.028040 0.022388
48 0.206035 0.743781 0.008534 0.008085
48 0.184395 0.739272 0.034746 0.022699
48 0.217921 0.721082 0.004267 0.006841
48 0.234837 0.720149 0.021640 0.022388
48 0.280250 0.750622 0.005181 0.007463
48 0.302042 0.735541 0.027431 0.018346
48 0.101951 0.840952 0.008839 0.009017
48 0.114599 0.854011 0.008534 0.007774
50 0.256629 0.824160 0.023773 0.027674
48 0.289546 0.829757 0.035965 0.030784
48 0.379305 0.875466 0.010058 0.008396
48 0.377019 0.834733 0.022554 0.027052
48 0.400030 0.842973 0.023468 0.027363
48 0.424413 0.850902 0.024688 0.020211
48 0.446053 0.857432 0.020421 0.023943
48 0.045413 0.942631 0.007315 0.004664
48 0.051813 0.975591 0.006096 0.005286
48 0.509906 0.989272 0.015849 0.020211
48 0.499695 0.981032 0.014325 0.021144
5 0.017068 0.371891 0.002438 0.007463
5 0.016763 0.356965 0.002438 0.004975
5 0.055014 0.770678 0.003353 0.005908
5 0.710911 0.819652 0.005791 0.003731
5 0.958549 0.971704 0.004267 0.004975
5 0.917556 0.929571 0.003962 0.005286
48 0.298080 0.686723 0.015239 0.020211
48 0.317586 0.697295 0.007315 0.006530
48 0.328863 0.700404 0.014020 0.015858
48 0.354313 0.687655 0.008839 0.010883
48 0.290765 0.681126 0.009753 0.030784
48 0.388144 0.760261 0.019811 0.023010
48 0.441634 0.813899 0.022554 0.020211
48 0.475312 0.798352 0.005791 0.007152
48 0.480037 0.816076 0.018897 0.022077
48 0.459616 0.784048 0.008534 0.006530
48 0.570405 0.827270 0.018592 0.023321
48 0.606065 0.831779 0.017373 0.018035
48 0.605913 0.815765 0.020116 0.015858
48 0.535507 0.797419 0.013411 0.012749
48 0.529869 0.808769 0.013715 0.008706
48 0.537031 0.818563 0.014630 0.027674
48 0.550290 0.876244 0.030174 0.018035
48 0.579244 0.909204 0.036269 0.021766
48 0.608351 0.913868 0.003657 0.004975
48 0.622371 0.896455 0.021335 0.023632
48 0.620695 0.914645 0.010667 0.012749
48 0.638068 0.925218 0.010058 0.009639
48 0.667632 0.917133 0.013715 0.004664
48 0.772173 0.905162 0.019811 0.018035
48 0.801890 0.943097 0.018287 0.018035
48 0.821091 0.971393 0.017678 0.023632
48 0.845169 0.944030 0.007924 0.017413
48 0.898659 0.968439 0.014934 0.020211
48 0.918318 0.941076 0.013411 0.020211
48 0.930509 0.802861 0.018287 0.023010
48 0.900183 0.807525 0.025297 0.020522
48 0.900030 0.838619 0.032307 0.018035
48 0.940262 0.855721 0.025602 0.029229
48 0.852484 0.851213 0.023164 0.022699
48 0.817891 0.796797 0.027126 0.025808
48 0.823529 0.821362 0.035355 0.027052
48 0.688967 0.837376 0.029564 0.028607
48 0.675709 0.820740 0.006705 0.007774
48 0.710911 0.826648 0.010667 0.013371
48 0.738799 0.823383 0.012801 0.013682
48 0.738037 0.836909 0.015544 0.015858
48 0.727370 0.830068 0.012496 0.017102
48 0.731332 0.811256 0.008839 0.014303
48 0.780707 0.830379 0.020421 0.018968
48 0.775221 0.805504 0.027126 0.023321
48 0.756172 0.783893 0.004267 0.007463
48 0.720512 0.801617 0.034136 0.023632
48 0.807985 0.770522 0.021945 0.021766
48 0.965864 0.956001 0.022554 0.015236
48 0.898811 0.940454 0.023164 0.022077
48 0.960988 0.924596 0.016458 0.018346
48 0.827187 0.906250 0.011582 0.010883
48 0.789851 0.888837 0.008229 0.007774
50 0.696282 0.900031 0.023468 0.018968
48 0.965712 0.747357 0.014934 0.015858
48 0.982018 0.701648 0.014020 0.017724
48 0.976227 0.682836 0.009753 0.013682
48 0.964950 0.684546 0.012191 0.015236
48 0.944529 0.693563 0.021945 0.017102
48 0.939348 0.647699 0.017678 0.013682
48 0.934319 0.640547 0.010058 0.006841
48 0.943158 0.615361 0.013715 0.012438
48 0.932338 0.618315 0.006096 0.004664
48 0.932338 0.601990 0.010972 0.014925
48 0.918775 0.603234 0.010058 0.012438
48 0.911917 0.603389 0.006096 0.004664
48 0.912679 0.598259 0.005181 0.006219
48 0.911308 0.593284 0.007315 0.005597
48 0.923651 0.635883 0.005791 0.004975
48 0.882505 0.597326 0.011277 0.014925
48 0.866047 0.597637 0.009448 0.011816
48 0.847760 0.601368 0.011277 0.016169
48 0.828711 0.599813 0.013411 0.013060
48 0.834502 0.610386 0.006705 0.012438
48 0.868333 0.625622 0.007924 0.009950
48 0.861475 0.629042 0.008839 0.012438
48 0.856141 0.635417 0.004877 0.008396
48 0.771411 0.602923 0.015849 0.025498
48 0.761353 0.608520 0.012191 0.009950
48 0.761506 0.600435 0.013715 0.009328
48 0.689881 0.615361 0.014325 0.010572
48 0.690186 0.633240 0.015544 0.011505
48 0.690338 0.643501 0.014020 0.009639
48 0.676471 0.641636 0.010667 0.009017
48 0.691862 0.656405 0.011582 0.009950
48 0.671442 0.656405 0.019506 0.013060
48 0.591740 0.743159 0.011277 0.016791
48 0.691100 0.743937 0.013106 0.009017
48 0.692624 0.715796 0.011887 0.007463
48 0.684395 0.715019 0.008839 0.007774
48 0.692167 0.704757 0.010363 0.009017
48 0.688205 0.691231 0.015849 0.011816
48 0.678756 0.691076 0.012191 0.012749
48 0.678756 0.680193 0.011582 0.011505
48 0.690338 0.678483 0.015849 0.009328
48 0.692472 0.667599 0.014020 0.009328
48 0.374429 0.605255 0.007620 0.008396
48 0.370923 0.594061 0.010972 0.014614
50 0.401250 0.591884 0.016763 0.018346
48 0.477141 0.394123 0.017982 0.017724
48 0.448034 0.317631 0.007924 0.007774
48 0.017525 0.565454 0.014325 0.009639
48 0.018592 0.537780 0.014020 0.013993
48 0.011734 0.531561 0.005181 0.005286
48 0.017830 0.525342 0.013715 0.009639
48 0.018287 0.519745 0.008534 0.005286
48 0.059281 0.495958 0.008229 0.012438
48 0.011582 0.483364 0.016458 0.012749
48 0.013258 0.426772 0.012496 0.010261
48 0.067662 0.437034 0.016458 0.017102
48 0.044499 0.435012 0.018287 0.011816
48 0.039012 0.421797 0.017068 0.011505
48 0.037793 0.409204 0.014020 0.014303
48 0.035355 0.375155 0.013411 0.009017
48 0.074368 0.394590 0.012191 0.013682
50 0.087778 0.395211 0.009753 0.013060
48 0.041908 0.394279 0.015544 0.011816
48 0.053795 0.393812 0.012496 0.014614
48 0.062176 0.395056 0.009753 0.010883
48 0.037489 0.359453 0.017678 0.015547
48 0.065376 0.346238 0.012496 0.010883
48 0.058671 0.355566 0.011277 0.009639
48 0.066443 0.366760 0.007924 0.008396
48 0.057909 0.364428 0.012801 0.011816
48 0.058671 0.328825 0.008839 0.007152
48 0.081987 0.328047 0.009144 0.009328
48 0.053033 0.335354 0.006705 0.008396
48 0.034593 0.333644 0.010058 0.009328
48 0.046937 0.306281 0.014020 0.019900
48 0.030631 0.316853 0.016154 0.021766
48 0.010363 0.339086 0.012191 0.022077
48 0.098141 0.312500 0.010363 0.013682
48 0.123743 0.308458 0.015849 0.020522
48 0.147973 0.309080 0.014934 0.017413
48 0.109265 0.317009 0.010667 0.015858
48 0.114752 0.339552 0.014934 0.009328
48 0.129686 0.349036 0.003962 0.005286
48 0.136239 0.358520 0.008534 0.013060
48 0.146906 0.339552 0.009144 0.013682
48 0.161384 0.321673 0.011887 0.016480
48 0.159098 0.332711 0.010972 0.011194
48 0.160622 0.342817 0.009144 0.010883
48 0.161841 0.354478 0.016458 0.018657
48 0.160774 0.364117 0.011887 0.009950
48 0.145535 0.370180 0.009448 0.006530
48 0.158488 0.385417 0.009753 0.013993
48 0.149497 0.391169 0.005791 0.006841
48 0.147211 0.398943 0.009144 0.013682
48 0.187290 0.405784 0.011277 0.008706
48 0.215331 0.388993 0.008229 0.006219
48 0.218531 0.435323 0.014630 0.020522
48 0.218836 0.451648 0.015849 0.010261
48 0.265011 0.437345 0.010058 0.012749
48 0.249009 0.441231 0.017068 0.023632
48 0.236361 0.372357 0.012496 0.013371
48 0.203749 0.370802 0.007620 0.010261
48 0.203444 0.362718 0.008839 0.005286
48 0.214112 0.361163 0.013106 0.007774
48 0.218683 0.353389 0.013106 0.009639
48 0.219293 0.343595 0.014325 0.009328
48 0.218836 0.329447 0.012191 0.015236
48 0.246724 0.321673 0.008229 0.007152
48 0.244438 0.308613 0.016458 0.020211
48 0.221426 0.310168 0.010667 0.022699
48 0.209083 0.310168 0.012191 0.023321
48 0.182871 0.317320 0.013411 0.009017
48 0.190948 0.304104 0.015544 0.017413
48 0.178604 0.303483 0.010972 0.013682
48 0.164736 0.300373 0.009448 0.010572
48 0.619628 0.018657 0.008534 0.011816
48 0.587169 0.058302 0.007620 0.005286
48 0.419689 0.016169 0.012801 0.006841
48 0.336940 0.039646 0.020421 0.010883
48 0.429442 0.098725 0.014020 0.014614
48 0.455349 0.131063 0.007924 0.007152
48 0.469521 0.157338 0.011277 0.013682
48 0.473484 0.167444 0.004572 0.004042
48 0.459768 0.190765 0.011887 0.012749
48 0.448034 0.170087 0.014020 0.010572
48 0.411460 0.164024 0.011582 0.014614
48 0.435081 0.192320 0.015544 0.017102
48 0.419537 0.192009 0.011277 0.016480
48 0.402164 0.190920 0.012496 0.015547
48 0.364675 0.232743 0.014934 0.018968
48 0.412527 0.243004 0.005181 0.003420
48 0.420451 0.250311 0.016763 0.016791
48 0.361170 0.266947 0.012801 0.019590
48 0.335416 0.287624 0.016763 0.017413
48 0.359189 0.286225 0.010058 0.014614
48 0.373209 0.286225 0.011887 0.015236
48 0.386620 0.287935 0.013106 0.017413
48 0.398964 0.290112 0.010972 0.015547
48 0.423499 0.294465 0.008839 0.011194
48 0.435233 0.295553 0.009753 0.012749
48 0.436300 0.287935 0.008839 0.005597
48 0.447272 0.296486 0.010667 0.018968
48 0.455349 0.298974 0.011582 0.013993
48 0.491161 0.291045 0.007010 0.009328
48 0.479732 0.281561 0.018897 0.015236
48 0.475770 0.273010 0.005486 0.006219
48 0.466016 0.280628 0.008534 0.008396
48 0.466474 0.266169 0.009448 0.008085
48 0.483999 0.249534 0.017068 0.014614
48 0.463731 0.227612 0.011277 0.008085
48 0.470588 0.229789 0.007315 0.011194
48 0.479579 0.233520 0.017373 0.016791
48 0.258458 0.281095 0.011582 0.014303
48 0.276288 0.276119 0.004572 0.004975
48 0.244895 0.264614 0.010667 0.013682
48 0.259677 0.248756 0.014630 0.014925
48 0.257239 0.260106 0.009144 0.013371
48 0.166260 0.269123 0.014325 0.017724
48 0.184243 0.264925 0.009448 0.013060
48 0.212130 0.274098 0.021335 0.024565
48 0.196739 0.274409 0.009448 0.010883
48 0.197653 0.264614 0.016154 0.013682
48 0.067205 0.291667 0.006400 0.006219
48 0.098903 0.279540 0.016154 0.009950
48 0.064157 0.270989 0.013106 0.017102
48 0.016763 0.280006 0.019506 0.015236
48 0.078177 0.251710 0.017982 0.017102
48 0.037184 0.251710 0.023773 0.015236
48 0.100427 0.261971 0.009448 0.009017
48 0.114294 0.261971 0.015849 0.018346
48 0.059890 0.232587 0.011277 0.016791
48 0.077263 0.233053 0.012496 0.018346
48 0.090064 0.232276 0.015544 0.020522
48 0.136087 0.247979 0.020421 0.019590
48 0.137458 0.227923 0.013411 0.014303
48 0.158031 0.217195 0.016154 0.016480
48 0.415270 0.129353 0.011887 0.009950
48 0.407041 0.131219 0.007620 0.006219
48 0.405364 0.124378 0.014630 0.009950
48 0.337397 0.157494 0.017678 0.021455
48 0.321244 0.156095 0.014630 0.019900
48 0.307223 0.155784 0.012191 0.026119
48 0.297775 0.162935 0.007924 0.009950
48 0.295032 0.149098 0.013411 0.017724
48 0.237428 0.152363 0.004267 0.004353
48 0.247333 0.156872 0.016763 0.009639
48 0.297013 0.196828 0.010667 0.013060
48 0.283603 0.197450 0.008229 0.008706
48 0.280860 0.185012 0.016154 0.018657
48 0.264401 0.182214 0.015544 0.014303
48 0.199025 0.180659 0.015239 0.018657
48 0.171442 0.189832 0.007620 0.007774
48 0.168241 0.180659 0.011582 0.013060
48 0.142639 0.195740 0.010972 0.013371
48 0.157726 0.207867 0.010058 0.007152
48 0.124962 0.193408 0.012801 0.016791
48 0.126333 0.177550 0.009448 0.008706
48 0.106218 0.167910 0.007620 0.008085
48 0.117037 0.150808 0.009144 0.011194
48 0.094331 0.157494 0.012496 0.009639
48 0.106370 0.191542 0.010363 0.012438
48 0.093569 0.193874 0.014020 0.020211
48 0.073148 0.205690 0.009144 0.010883
48 0.080158 0.209577 0.006096 0.005597
48 0.075739 0.194185 0.013106 0.017102
48 0.063091 0.196051 0.009753 0.012127
48 0.050899 0.203203 0.015849 0.021455
48 0.035965 0.207401 0.018287 0.012438
48 0.038403 0.224347 0.018897 0.020833
48 0.018135 0.231810 0.010667 0.012127
48 0.020573 0.181281 0.011277 0.017413
48 0.037489 0.176617 0.015239 0.016169
48 0.053490 0.167599 0.013715 0.018035
48 0.066138 0.161225 0.015849 0.017724
48 0.077873 0.152052 0.010058 0.013682
48 0.052880 0.156872 0.007620 0.005908
48 0.028040 0.150653 0.009753 0.005908
48 0.018135 0.149254 0.013715 0.009328
48 0.014782 0.137282 0.014325 0.010261
48 0.034288 0.133551 0.008839 0.009639
48 0.048156 0.127799 0.010972 0.009950
48 0.057147 0.122201 0.005181 0.005597
48 0.048004 0.116604 0.008229 0.005597
48 0.051356 0.108053 0.011887 0.009017
48 0.023316 0.120336 0.011887 0.014925
48 0.034593 0.101368 0.011277 0.013682
48 0.020878 0.087687 0.010058 0.005597
48 0.048461 0.073228 0.009144 0.006530
48 0.059738 0.072761 0.009144 0.011194
48 0.066138 0.075871 0.005486 0.008706
48 0.095093 0.078203 0.010972 0.011505
48 0.117799 0.082867 0.008839 0.014614
48 0.080006 0.059235 0.016154 0.013993
48 0.082444 0.067631 0.016154 0.010261
48 0.066900 0.029695 0.010667 0.008396
48 0.054252 0.038091 0.009753 0.013371
48 0.041603 0.042600 0.008229 0.011194
48 0.026669 0.052861 0.011887 0.014925
48 0.015239 0.060634 0.003657 0.004353
48 0.099970 0.146922 0.012801 0.010261
50 0.141420 0.148632 0.018897 0.019279
50 0.125114 0.126866 0.010058 0.008706
48 0.226303 0.016014 0.006400 0.013371
5 0.539927 0.906561 0.005181 0.004664
48 0.035203 0.962220 0.013715 0.005908
9 0.065986 0.947606 0.005791 0.009639
5 0.933252 0.996891 0.001829 0.004975
48 0.699329 0.818097 0.003353 0.007463
5 0.057300 0.773943 0.002438 0.004975
5 0.319567 0.711909 0.004572 0.002177
5 0.691253 0.738495 0.004267 0.001866
5 0.699177 0.714552 0.003657 0.004975
5 0.955806 0.748445 0.003048 0.005597
5 0.957635 0.752643 0.003657 0.006530
5 0.948796 0.623601 0.005486 0.002799
5 0.943310 0.627643 0.003657 0.002177
5 0.940414 0.625155 0.002743 0.004664
5 0.945443 0.607898 0.004877 0.002488
5 0.953063 0.627332 0.002438 0.004664
5 0.693081 0.683769 0.005486 0.003109
5 0.660774 0.647077 0.001829 0.003731
5 0.319720 0.692942 0.004267 0.002177
5 0.326120 0.691231 0.004877 0.002488
5 0.317891 0.689366 0.004877 0.003731
5 0.321548 0.690609 0.002438 0.004353
5 0.050137 0.693097 0.004572 0.002488
5 0.037641 0.669465 0.005791 0.003109
5 0.024535 0.666200 0.005791 0.002799
5 0.036117 0.655628 0.002743 0.004664
5 0.016916 0.639304 0.004572 0.005597
5 0.377629 0.597792 0.002438 0.005286
5 0.212740 0.371424 0.002438 0.001555
5 0.229351 0.352923 0.002133 0.004353
5 0.232094 0.360386 0.004572 0.001866
5 0.152240 0.407649 0.005791 0.003109
5 0.294575 0.273787 0.002133 0.004042
5 0.289851 0.274876 0.001829 0.003109
5 0.260896 0.269745 0.006096 0.002799
48 0.424718 0.286381 0.003353 0.003731
5 0.029869 0.226213 0.003048 0.005286
53 0.253581 0.013526 0.046937 0.018346
48 0.307833 0.018501 0.033526 0.017724
5 0.946967 0.632463 0.004267 0.003731
5 0.948491 0.629198 0.004267 0.002799
5 0.949101 0.626555 0.004877 0.002488
5 0.835873 0.597948 0.002133 0.004975
5 0.032612 0.661381 0.004267 0.002488
48 0.025450 0.656405 0.013106 0.016791
8 0.015239 0.377332 0.005486 0.003420
5 0.055014 0.343128 0.003962 0.004042
5 0.224627 0.331001 0.002438 0.004664
5 0.300823 0.310168 0.003657 0.003420
5 0.298385 0.278141 0.003048 0.004042
5 0.030479 0.047730 0.003048 0.004042
5 0.032002 0.052239 0.003048 0.004975
5 0.244895 0.370491 0.005181 0.002799
5 0.255562 0.358831 0.005181 0.004353
5 0.401250 0.063433 0.003353 0.004975
5 0.407041 0.062189 0.004572 0.003109
8 0.196739 0.387904 0.005791 0.004042
8 0.208625 0.399409 0.003962 0.002799
5 0.102713 0.803172 0.001829 0.003731
5 0.108504 0.796642 0.004267 0.002488
48 0.856751 0.814366 0.024383 0.023010
48 0.871076 0.615827 0.006096 0.006530
48 0.871685 0.609608 0.004267 0.007774
48 0.871685 0.604478 0.004267 0.004975
5 0.229198 0.308458 0.003048 0.004975
5 0.188357 0.172575 0.002438 0.003731
48 0.241237 0.019434 0.002743 0.004664
8 0.269887 0.006841 0.003962 0.003731
