5 0.866504 0.161486 0.004267 0.005906
5 0.869704 0.160242 0.002743 0.005284
5 0.862390 0.168325 0.002743 0.006528
5 0.864523 0.168480 0.002743 0.004974
5 0.867266 0.168014 0.003353 0.005906
5 0.872295 0.158999 0.002438 0.005906
5 0.876562 0.158067 0.003657 0.005906
5 0.382353 0.557352 0.005181 0.002487
5 0.381896 0.560771 0.004877 0.002487
5 0.380829 0.571806 0.004572 0.002176
5 0.380524 0.574604 0.005791 0.002176
5 0.381134 0.577557 0.005181 0.002487
5 0.379915 0.582219 0.004572 0.002487
5 0.379610 0.584862 0.005181 0.002176
5 0.379000 0.591856 0.004572 0.002487
5 0.379153 0.588903 0.005486 0.002176
39 0.352484 0.589680 0.002743 0.004974
5 0.352941 0.567920 0.004877 0.002487
5 0.353246 0.565589 0.004877 0.002798
5 0.353094 0.562791 0.005181 0.002176
5 0.355379 0.556885 0.005486 0.002176
5 0.353094 0.570718 0.005181 0.001865
5 0.352179 0.573360 0.003962 0.002176
5 0.356903 0.548492 0.004877 0.002798
5 0.356141 0.553777 0.004572 0.002798
5 0.364980 0.547249 0.004572 0.002176
5 0.391649 0.511191 0.005486 0.002798
5 0.390582 0.519583 0.005791 0.002176
5 0.404450 0.511191 0.006096 0.002798
5 0.398354 0.526111 0.003657 0.002176
5 0.391039 0.513988 0.004267 0.002176
5 0.391649 0.516630 0.003657 0.001865
5 0.392868 0.505906 0.004877 0.002176
5 0.392106 0.508393 0.004572 0.002798
5 0.406888 0.499223 0.004877 0.002487
5 0.392411 0.495026 0.005791 0.002176
5 0.407802 0.490985 0.005486 0.002798
5 0.392716 0.492384 0.005181 0.001865
5 0.392868 0.488188 0.003657 0.002176
5 0.394697 0.459590 0.004877 0.002798
5 0.408412 0.458813 0.004877 0.002487
5 0.415422 0.454616 0.004267 0.002176
5 0.408717 0.453217 0.005486 0.002487
5 0.408412 0.450731 0.004877 0.001865
5 0.408717 0.448865 0.005486 0.002487
5 0.416489 0.446223 0.004572 0.002798
5 0.415727 0.443270 0.004877 0.002487
5 0.408412 0.445446 0.005486 0.002487
5 0.408717 0.442648 0.003657 0.002487
5 0.408869 0.439229 0.005181 0.002487
5 0.408717 0.435499 0.004877 0.002487
5 0.416184 0.450109 0.003962 0.001865
5 0.395611 0.445912 0.004877 0.002176
5 0.395002 0.455704 0.004267 0.002487
5 0.395916 0.443115 0.003657 0.002176
5 0.429747 0.447467 0.003048 0.002176
5 0.429899 0.450264 0.003962 0.002176
57 0.652240 0.126049 0.013411 0.007150
57 0.647059 0.139726 0.014020 0.006528
57 0.649192 0.148119 0.013411 0.005906
57 0.644773 0.133976 0.013715 0.006217
5 0.707101 0.151072 0.006096 0.003108
5 0.704511 0.145788 0.005791 0.002487
5 0.703444 0.143146 0.006096 0.003419
5 0.719902 0.155735 0.004267 0.002487
5 0.718531 0.152782 0.004572 0.002176
5 0.716702 0.144545 0.005791 0.003108
5 0.711216 0.132266 0.002743 0.004663
5 0.907498 0.177495 0.003353 0.004352
5 0.903535 0.161952 0.002743 0.004974
5 0.884486 0.158999 0.003048 0.004041
5 0.873819 0.165838 0.002438 0.005906
5 0.879457 0.165371 0.002743 0.006839
5 0.870162 0.167081 0.003048 0.005906
5 0.888753 0.164439 0.003048 0.005595
5 0.882353 0.164750 0.003048 0.005595
5 0.898202 0.164594 0.002438 0.005284
5 0.858580 0.168791 0.003048 0.004352
5 0.888906 0.158533 0.003353 0.005595
5 0.885401 0.164594 0.003048 0.005284
5 0.907041 0.162108 0.003657 0.007150
5 0.876562 0.165061 0.003048 0.006839
5 0.843188 0.193970 0.004572 0.003730
5 0.893173 0.158533 0.003353 0.004974
5 0.894544 0.163351 0.002438 0.004663
5 0.891801 0.164128 0.003048 0.004974
5 0.878848 0.172676 0.005791 0.002798
5 0.900640 0.162574 0.002438 0.005595
5 0.990399 0.196923 0.005181 0.005284
5 0.909936 0.175474 0.002743 0.003419
5 0.919689 0.180914 0.004572 0.003108
48 0.161231 0.481504 0.011582 0.010569
48 0.157574 0.466273 0.006705 0.007460
48 0.169308 0.481815 0.006400 0.005595
48 0.218988 0.464719 0.017982 0.024868
48 0.208625 0.447933 0.009448 0.010569
48 0.189272 0.434566 0.010363 0.026111
48 0.340597 0.721635 0.011277 0.022692
48 0.393020 0.727230 0.042975 0.012745
48 0.416489 0.727386 0.003962 0.012434
48 0.429595 0.723034 0.018592 0.011812
48 0.448491 0.697078 0.009448 0.022070
48 0.448034 0.670034 0.009753 0.022692
48 0.341664 0.694125 0.010972 0.021759
48 0.324139 0.691794 0.011277 0.016475
48 0.342121 0.667237 0.013106 0.023935
48 0.329168 0.648586 0.006096 0.008393
48 0.373819 0.643612 0.006400 0.006528
48 0.421213 0.629779 0.007924 0.005595
48 0.431119 0.627293 0.004572 0.004974
48 0.331759 0.594343 0.010058 0.020516
48 0.340750 0.598850 0.015239 0.035126
48 0.340293 0.576780 0.014325 0.013366
48 0.320939 0.581909 0.010363 0.014921
48 0.337092 0.564035 0.025602 0.016475
48 0.319110 0.565744 0.017068 0.021759
48 0.361170 0.611439 0.015849 0.009947
48 0.366047 0.601958 0.009753 0.009015
48 0.367114 0.594187 0.009448 0.009015
48 0.372905 0.601647 0.005181 0.010258
48 0.397592 0.568542 0.017373 0.064657
48 0.402774 0.533105 0.010058 0.010569
48 0.482780 0.564346 0.020725 0.008393
48 0.483999 0.552844 0.019506 0.007150
48 0.437519 0.555642 0.071015 0.028909
48 0.349284 0.533105 0.022554 0.055331
48 0.292289 0.557818 0.033526 0.014610
48 0.286498 0.525490 0.015849 0.056885
48 0.335873 0.492073 0.006705 0.004974
48 0.348065 0.492695 0.009144 0.006839
48 0.557757 0.343332 0.020725 0.024557
48 0.611247 0.344731 0.013106 0.013056
48 0.449558 0.306652 0.015239 0.017718
48 0.389973 0.281007 0.005181 0.006839
48 0.400488 0.278210 0.003657 0.003108
48 0.374429 0.162108 0.019811 0.016475
48 0.360408 0.178893 0.006400 0.004041
48 0.906888 0.208579 0.015544 0.023624
48 0.947577 0.180603 0.009753 0.009325
48 0.944224 0.195990 0.026821 0.024557
48 0.986894 0.235312 0.017678 0.016164
48 0.869857 0.231582 0.109723 0.115636
48 0.694453 0.169412 0.032612 0.025490
49 0.564157 0.166304 0.029259 0.031085
49 0.520421 0.179360 0.035050 0.032950
49 0.440719 0.167547 0.050594 0.034193
49 0.680738 0.152782 0.050899 0.028287
49 0.816672 0.353746 0.023468 0.029220
48 0.990856 0.341156 0.018287 0.016475
48 0.687443 0.281473 0.012496 0.028287
48 0.834654 0.355766 0.014325 0.004041
48 0.486437 0.420423 0.003657 0.007150
48 0.493447 0.419179 0.004267 0.008393
48 0.512344 0.411564 0.005486 0.013056
48 0.503048 0.416071 0.005181 0.008393
48 0.522249 0.410786 0.003962 0.007150
48 0.536422 0.408610 0.004267 0.004663
48 0.384334 0.459279 0.006096 0.006528
5 0.373514 0.180292 0.004572 0.002487
5 0.384334 0.180603 0.005486 0.004352
5 0.409174 0.181536 0.002743 0.004974
5 0.412222 0.182313 0.002743 0.004663
5 0.436605 0.194280 0.003353 0.004974
5 0.440110 0.195679 0.003048 0.004663
5 0.444681 0.211843 0.003048 0.005284
5 0.440262 0.308828 0.002743 0.004663
5 0.502743 0.198632 0.005181 0.003108
5 0.524383 0.206248 0.002133 0.005284
5 0.527583 0.206870 0.002438 0.004663
5 0.535812 0.206248 0.002438 0.005284
5 0.526669 0.198321 0.004267 0.002487
5 0.533679 0.193192 0.004267 0.002176
5 0.573453 0.182313 0.002743 0.005284
5 0.578025 0.157911 0.004572 0.009325
1 0.395763 0.131800 0.007620 0.011191
1 0.423347 0.137240 0.007924 0.012745
1 0.465864 0.138017 0.015544 0.009947
1 0.445443 0.114548 0.009448 0.011501
1 0.458549 0.107398 0.011887 0.011501
1 0.470588 0.104911 0.008534 0.012123
1 0.480494 0.099005 0.008839 0.013366
1 0.498324 0.090768 0.012801 0.015542
1 0.571167 0.107554 0.014630 0.016164
1 0.591740 0.105999 0.013715 0.016164
48 0.316672 0.613149 0.015239 0.005906
5 0.402316 0.516009 0.004267 0.001865
5 0.402164 0.519428 0.004572 0.002487
5 0.209083 0.468449 0.003657 0.005595
5 0.335416 0.498446 0.007620 0.003419
5 0.923194 0.186665 0.008534 0.006528
5 0.963426 0.171433 0.002438 0.004041
5 0.800213 0.209201 0.019201 0.007460
5 0.709083 0.190550 0.003353 0.003730
11 0.721426 0.170190 0.005486 0.009015
5 0.708168 0.132577 0.002743 0.005284
5 0.500914 0.165216 0.005181 0.009636
48 0.660774 0.113460 0.003657 0.005595
48 0.662146 0.117812 0.003962 0.004974
48 0.663822 0.122474 0.004877 0.004974
53 0.714112 0.133199 0.018287 0.010258
53 0.705730 0.146565 0.011887 0.017097
53 0.717617 0.148275 0.011887 0.019273
48 0.355379 0.725365 0.004877 0.007771
5 0.372752 0.592944 0.003048 0.005284
53 0.380067 0.581753 0.007315 0.024557
53 0.355532 0.560305 0.011277 0.028287
53 0.381896 0.556419 0.007924 0.015542
5 0.713502 0.131800 0.002438 0.004974
5 0.715331 0.167081 0.003657 0.005284
53 0.888449 0.158377 0.068881 0.027666
5 0.796708 0.364004 0.003657 0.004974
53 0.434319 0.193503 0.019506 0.010880
48 0.685157 0.779297 0.005486 0.005595
48 0.686833 0.783338 0.005181 0.004974
48 0.687748 0.787535 0.007010 0.006528
48 0.689424 0.793752 0.006096 0.005906
5 0.169918 0.487100 0.005181 0.002487
5 0.209235 0.456637 0.005791 0.003730
14 0.689729 0.136152 0.006705 0.010569
9 0.657574 0.136152 0.008839 0.004352
5 0.872752 0.184178 0.002743 0.004041
53 0.399421 0.500311 0.023468 0.042586
53 0.487351 0.563258 0.025602 0.009947
