5 0.201311 0.215729 0.004572 0.002487
6 0.202835 0.207336 0.004572 0.003730
5 0.202073 0.213398 0.004877 0.002798
5 0.087169 0.253186 0.004877 0.002176
5 0.099360 0.258004 0.005486 0.002487
5 0.098141 0.253186 0.004877 0.002176
5 0.345474 0.224277 0.002133 0.005284
5 0.354922 0.214175 0.005181 0.003108
5 0.365285 0.223811 0.002743 0.004352
5 0.347912 0.224744 0.002743 0.004974
5 0.368180 0.224122 0.003048 0.004352
5 0.099512 0.260957 0.005791 0.002798
5 0.109570 0.277899 0.005181 0.002487
5 0.109265 0.275567 0.004572 0.002176
5 0.108656 0.273391 0.005181 0.002176
5 0.107742 0.270905 0.005181 0.002798
5 0.123438 0.283649 0.004877 0.002176
6 0.085797 0.264221 0.004572 0.002487
6 0.085340 0.259403 0.004267 0.002176
6 0.074825 0.263910 0.006400 0.003108
6 0.073301 0.267641 0.007620 0.003730
6 0.084578 0.251010 0.005181 0.002798
6 0.072082 0.257227 0.007010 0.003419
6 0.073148 0.254274 0.006705 0.002487
6 0.059128 0.265620 0.005486 0.003419
5 0.054709 0.245415 0.005181 0.002798
6 0.058671 0.255673 0.005181 0.002798
5 0.048918 0.221169 0.005181 0.002798
5 0.049223 0.223656 0.003962 0.002176
5 0.051356 0.230650 0.004572 0.002487
5 0.055776 0.247902 0.006096 0.002176
6 0.068881 0.242462 0.007924 0.003730
5 0.052271 0.237955 0.004572 0.002798
5 0.053337 0.240908 0.004877 0.003108
5 0.097074 0.251010 0.004572 0.002176
5 0.095093 0.241063 0.004267 0.002176
5 0.095093 0.243550 0.004877 0.002176
5 0.094179 0.238887 0.004877 0.002798
5 0.093569 0.236245 0.004877 0.002487
5 0.093264 0.233914 0.004267 0.002176
5 0.092807 0.231893 0.005791 0.002487
5 0.092350 0.229095 0.004267 0.002487
5 0.090826 0.226764 0.004877 0.002176
5 0.057757 0.200964 0.003353 0.004663
5 0.077873 0.196456 0.002743 0.004352
5 0.060500 0.200342 0.002743 0.004041
5 0.063091 0.199720 0.002438 0.004041
5 0.053490 0.201741 0.002743 0.004352
5 0.081835 0.194125 0.002133 0.002798
5 0.050290 0.226609 0.004267 0.002487
5 0.092045 0.271060 0.004877 0.002487
5 0.082749 0.272925 0.005181 0.002487
5 0.105760 0.261579 0.005486 0.002176
5 0.129838 0.268262 0.004877 0.002487
5 0.124200 0.267485 0.005181 0.002798
5 0.130448 0.270283 0.004877 0.002176
5 0.131210 0.273236 0.005181 0.002487
5 0.133648 0.282872 0.003962 0.002487
5 0.135172 0.286758 0.003962 0.002176
5 0.137153 0.294840 0.004877 0.002798
5 0.104998 0.287535 0.005791 0.002487
5 0.119171 0.287224 0.003657 0.001865
5 0.126181 0.293597 0.005486 0.002798
5 0.120238 0.292509 0.003962 0.001865
5 0.120695 0.294684 0.004877 0.002487
5 0.126791 0.298415 0.004267 0.002487
5 0.120085 0.290022 0.004267 0.001865
5 0.121152 0.297016 0.003962 0.002176
5 0.121609 0.299813 0.004267 0.002176
5 0.122524 0.281007 0.003657 0.001865
5 0.105760 0.292664 0.004267 0.002798
5 0.105303 0.290333 0.004572 0.002487
5 0.106675 0.294995 0.004267 0.002487
5 0.107284 0.297171 0.005486 0.002487
5 0.107742 0.299813 0.004572 0.002798
5 0.108199 0.302145 0.004267 0.002487
5 0.108808 0.304321 0.004877 0.002487
5 0.109265 0.306808 0.004572 0.002487
5 0.123133 0.304476 0.003657 0.002176
5 0.122676 0.301989 0.003962 0.002176
5 0.110180 0.309450 0.004572 0.002176
5 0.110942 0.312092 0.005486 0.002487
5 0.111704 0.314268 0.005181 0.001865
5 0.125419 0.309294 0.005181 0.002487
5 0.123895 0.306808 0.004572 0.001865
5 0.125876 0.311781 0.005486 0.002487
5 0.131820 0.312869 0.004572 0.002176
5 0.126486 0.313957 0.004877 0.002487
5 0.126638 0.316288 0.003962 0.001554
5 0.128315 0.321417 0.004877 0.002487
5 0.129381 0.323438 0.005181 0.002798
5 0.129229 0.326080 0.004267 0.001865
5 0.129686 0.328412 0.004572 0.002176
5 0.130905 0.330898 0.005181 0.002176
5 0.114447 0.324060 0.005181 0.002798
5 0.115209 0.326702 0.004877 0.002487
5 0.103170 0.328256 0.002743 0.004352
5 0.105608 0.328101 0.002743 0.005284
5 0.106827 0.332763 0.002743 0.004663
5 0.104389 0.332919 0.002743 0.004352
5 0.101798 0.334007 0.002438 0.004663
5 0.108808 0.331675 0.002438 0.004352
5 0.100579 0.329033 0.002438 0.004663
5 0.117799 0.331365 0.004572 0.002487
5 0.118409 0.333851 0.005181 0.002487
5 0.120390 0.338825 0.004267 0.002487
5 0.118714 0.336183 0.004572 0.002176
5 0.117190 0.328722 0.004572 0.002176
5 0.147059 0.328567 0.004572 0.002487
5 0.130296 0.345975 0.002743 0.004974
5 0.145383 0.341933 0.003048 0.004974
5 0.142639 0.342555 0.003048 0.004974
5 0.140049 0.343332 0.002133 0.004663
5 0.137458 0.343332 0.002438 0.004041
5 0.135477 0.344576 0.002743 0.004663
5 0.133191 0.345664 0.002438 0.004974
5 0.111856 0.342866 0.003048 0.004974
5 0.109113 0.342866 0.002438 0.004352
5 0.106827 0.343021 0.002133 0.004041
5 0.104389 0.344109 0.002743 0.005595
5 0.102103 0.344731 0.002438 0.004352
5 0.099360 0.345042 0.002438 0.004974
5 0.096922 0.345508 0.002438 0.004663
5 0.094179 0.336183 0.002438 0.004663
5 0.091588 0.336027 0.002743 0.004974
5 0.094483 0.346596 0.002438 0.004974
5 0.092502 0.347062 0.002133 0.004663
5 0.087473 0.348150 0.002438 0.003730
5 0.090216 0.347529 0.002438 0.004352
5 0.084578 0.348772 0.002133 0.004352
5 0.117190 0.257538 0.002133 0.004041
5 0.134867 0.322350 0.003962 0.002487
6 0.175861 0.387628 0.006096 0.016786
6 0.180280 0.387007 0.005791 0.015542
6 0.192472 0.383587 0.007010 0.014921
6 0.187900 0.384209 0.005791 0.014299
6 0.184852 0.385919 0.006400 0.014610
5 0.089302 0.336494 0.002438 0.004041
5 0.086864 0.337115 0.002438 0.004663
5 0.077263 0.350326 0.002743 0.004974
5 0.082292 0.349860 0.002438 0.004663
5 0.080311 0.350482 0.002743 0.004663
5 0.084425 0.337426 0.001829 0.004041
5 0.081987 0.338203 0.002438 0.004352
5 0.080006 0.339291 0.002743 0.004663
5 0.077415 0.339447 0.002438 0.004352
5 0.108046 0.327479 0.002133 0.004663
5 0.087931 0.332142 0.002133 0.004663
5 0.090674 0.331831 0.002133 0.004041
5 0.093264 0.331520 0.002438 0.004663
5 0.085492 0.332608 0.002133 0.004352
5 0.083206 0.332919 0.003048 0.004974
5 0.080920 0.333696 0.002133 0.005284
5 0.078635 0.334162 0.002438 0.004352
5 0.076349 0.335095 0.003353 0.004974
5 0.073758 0.335872 0.002438 0.004663
5 0.074977 0.340379 0.002438 0.004352
5 0.072844 0.291731 0.003048 0.004663
5 0.080158 0.290177 0.002438 0.004041
5 0.065834 0.293597 0.002438 0.004663
5 0.068272 0.293286 0.002438 0.004663
5 0.060805 0.294995 0.002743 0.004974
5 0.063243 0.294063 0.002133 0.003730
5 0.055623 0.296239 0.002743 0.004352
5 0.058366 0.295928 0.002133 0.004974
5 0.082292 0.300591 0.002438 0.004352
5 0.086102 0.304632 0.002743 0.004974
5 0.083359 0.305564 0.002133 0.004352
5 0.084883 0.300280 0.002743 0.004352
5 0.080768 0.306341 0.003048 0.004663
5 0.077415 0.302456 0.003048 0.005595
5 0.080158 0.301523 0.002438 0.004352
5 0.078635 0.307429 0.002438 0.003730
5 0.075891 0.307585 0.002438 0.004041
5 0.075282 0.302922 0.001829 0.003419
5 0.072386 0.303544 0.002743 0.005284
5 0.073606 0.308362 0.002743 0.004352
5 0.071015 0.308984 0.002438 0.004974
5 0.069948 0.304165 0.002743 0.004663
5 0.067815 0.304321 0.002133 0.004352
5 0.065224 0.305720 0.003048 0.005284
5 0.068881 0.309294 0.002438 0.003730
5 0.067053 0.309916 0.002438 0.003730
5 0.061414 0.309916 0.002743 0.004352
5 0.054252 0.308206 0.004877 0.002798
5 0.058671 0.310693 0.002743 0.004041
5 0.088997 0.316444 0.002438 0.004974
5 0.090826 0.320951 0.003048 0.004663
5 0.086254 0.316288 0.002438 0.004663
5 0.087473 0.321107 0.002438 0.004974
5 0.085035 0.321728 0.002438 0.004974
5 0.081682 0.317532 0.002438 0.004663
5 0.083968 0.317066 0.002133 0.003730
5 0.082749 0.322039 0.002133 0.004352
5 0.079397 0.318154 0.002743 0.005284
5 0.080768 0.322816 0.002438 0.004041
5 0.078025 0.322816 0.002438 0.004041
5 0.076806 0.318620 0.002438 0.004974
5 0.074672 0.319397 0.002438 0.004663
5 0.075739 0.323749 0.002743 0.004041
5 0.073148 0.324215 0.002438 0.004352
5 0.069948 0.320640 0.002743 0.004663
5 0.072386 0.320019 0.002133 0.004663
5 0.071167 0.324837 0.002133 0.004352
5 0.014173 0.195990 0.004572 0.002176
5 0.100731 0.414672 0.003962 0.006217
5 0.089607 0.417625 0.003657 0.005284
14 0.034136 0.089524 0.006705 0.004974
5 0.101341 0.053621 0.004572 0.002798
5 0.354922 0.018495 0.006400 0.004041
5 0.009296 0.264688 0.005791 0.003419
5 0.008382 0.259403 0.004572 0.002798
5 0.009448 0.261735 0.005486 0.003108
5 0.096769 0.272459 0.002743 0.004663
5 0.112161 0.411719 0.003048 0.004663
5 0.108808 0.412030 0.003657 0.004663
48 0.209235 0.369910 0.013715 0.014921
48 0.183023 0.259403 0.056995 0.098539
48 0.298994 0.230961 0.032307 0.032950
48 0.009144 0.186665 0.018287 0.020205
48 0.017678 0.174231 0.007924 0.005284
48 0.006248 0.078489 0.012496 0.038856
48 0.356446 0.249922 0.024078 0.027976
48 0.367876 0.214486 0.003048 0.003108
48 0.407193 0.171433 0.011582 0.028909
48 0.385706 0.179049 0.041756 0.057196
48 0.444072 0.889338 0.011582 0.016786
48 0.060957 0.325925 0.005486 0.007150
48 0.066900 0.361206 0.003962 0.007460
48 0.067815 0.386540 0.135629 0.237177
54 0.157879 0.165527 0.007315 0.007150
5 0.010363 0.266708 0.005486 0.003108
5 0.008229 0.256139 0.005486 0.003108
53 0.006858 0.246658 0.013715 0.043208
5 0.051966 0.233136 0.004572 0.003108
5 0.084273 0.256450 0.005791 0.003108
5 0.106675 0.264843 0.006096 0.003108
53 0.058671 0.200653 0.029564 0.013366
53 0.085492 0.194902 0.030783 0.016786
53 0.047394 0.214796 0.011277 0.023003
53 0.051966 0.232359 0.013106 0.024557
53 0.058824 0.255828 0.014020 0.026111
53 0.063700 0.218837 0.014020 0.024246
53 0.070405 0.237488 0.017068 0.024868
53 0.073606 0.254896 0.017373 0.029841
53 0.078787 0.219770 0.015544 0.029841
53 0.084883 0.249145 0.019201 0.034504
53 0.090978 0.215574 0.018592 0.023314
53 0.096160 0.236711 0.018592 0.024557
53 0.103475 0.258315 0.018592 0.020516
53 0.108808 0.301523 0.014020 0.030463
5 0.126943 0.318620 0.007010 0.003108
5 0.062786 0.306030 0.003048 0.004663
53 0.067967 0.293130 0.027431 0.013056
5 0.120695 0.340845 0.004267 0.002798
53 0.076044 0.304632 0.024688 0.015542
53 0.080311 0.319863 0.025297 0.014921
53 0.084730 0.335406 0.023773 0.014299
53 0.086559 0.347062 0.022554 0.013366
53 0.106065 0.343488 0.017068 0.010569
53 0.104541 0.330121 0.012191 0.012434
53 0.118257 0.332763 0.012801 0.020205
53 0.138372 0.343332 0.020116 0.010258
53 0.144621 0.323438 0.011277 0.022692
53 0.130296 0.325458 0.015544 0.025490
53 0.121762 0.287690 0.015544 0.019583
53 0.127248 0.305409 0.016763 0.017718
53 0.108351 0.274479 0.010058 0.011812
53 0.132886 0.279608 0.012191 0.023314
53 0.139134 0.301057 0.012496 0.023935
5 0.070863 0.247125 0.005791 0.003108
5 0.071929 0.251632 0.005486 0.002798
5 0.071320 0.249456 0.005486 0.002176
