48 0.823377 0.014921 0.014934 0.012434
48 0.854922 0.006372 0.015239 0.012745
48 0.810424 0.012589 0.008534 0.012745
48 0.805242 0.013522 0.004267 0.007150
48 0.801128 0.013522 0.007620 0.008393
48 0.802194 0.005751 0.009753 0.011501
48 0.779488 0.010103 0.008839 0.007771
48 0.788022 0.009792 0.005791 0.005906
5 0.788022 0.027976 0.004572 0.001865
5 0.811948 0.055642 0.002438 0.004974
5 0.856903 0.023935 0.003962 0.001865
48 0.743523 0.141747 0.014934 0.009947
48 0.732551 0.141436 0.011887 0.008704
48 0.790308 0.154803 0.020116 0.016164
48 0.816062 0.145477 0.022249 0.023624
48 0.848369 0.127759 0.006400 0.008082
48 0.935538 0.049425 0.009448 0.011812
48 0.912831 0.054709 0.014630 0.014921
48 0.891496 0.063102 0.009144 0.014921
48 0.882201 0.062791 0.004572 0.004974
48 0.886772 0.066366 0.004572 0.006528
48 0.855532 0.062170 0.016458 0.019273
48 0.890735 0.052689 0.009448 0.008393
50 0.896373 0.032173 0.014630 0.017097
48 0.884334 0.041654 0.005181 0.006839
48 0.864066 0.043208 0.004267 0.002487
48 0.853246 0.032795 0.008229 0.012745
48 0.872600 0.032328 0.020116 0.016786
48 0.829168 0.074604 0.010667 0.008704
48 0.810271 0.071651 0.006400 0.009636
48 0.818196 0.074915 0.003962 0.004974
48 0.823529 0.055176 0.016458 0.013988
48 0.830082 0.038545 0.011887 0.008704
50 0.820786 0.039322 0.011582 0.015232
48 0.794118 0.038390 0.007620 0.009015
48 0.799299 0.035903 0.005181 0.010880
48 0.807833 0.037302 0.016154 0.011812
48 0.814538 0.031240 0.007620 0.005284
48 0.783603 0.035126 0.013411 0.013056
48 0.773697 0.035126 0.008839 0.009947
48 0.780555 0.028443 0.007924 0.005284
48 0.777507 0.023935 0.010972 0.006839
48 0.784365 0.018029 0.019811 0.009947
48 0.157117 0.684644 0.035050 0.024557
48 0.268973 0.424308 0.007010 0.005595
48 0.155593 0.397420 0.002743 0.002176
5 0.813624 0.132577 0.002133 0.004663
