48 0.328236 0.664337 0.010195 0.006524
48 0.334569 0.659988 0.004943 0.006524
48 0.330553 0.660143 0.003089 0.004349
48 0.333488 0.692917 0.005870 0.008388
48 0.339975 0.694315 0.008959 0.006213
48 0.347390 0.693694 0.009577 0.006213
48 0.354340 0.691208 0.009268 0.008698
48 0.297652 0.712799 0.026877 0.026406
48 0.348316 0.659522 0.007723 0.008077
48 0.354340 0.664492 0.009886 0.006834
48 0.357275 0.668531 0.004016 0.003728
48 0.363299 0.671948 0.007414 0.009320
48 0.361909 0.661852 0.008341 0.010873
48 0.367470 0.661230 0.007105 0.009630
48 0.374266 0.656104 0.009577 0.007456
48 0.402842 0.669463 0.017300 0.013048
48 0.407939 0.651134 0.010812 0.014290
48 0.403306 0.653308 0.017609 0.018639
48 0.370250 0.650357 0.008959 0.005902
48 0.375811 0.650668 0.007105 0.006524
48 0.429101 0.660298 0.013593 0.009009
48 0.422150 0.646940 0.012666 0.008388
48 0.416589 0.680336 0.011430 0.009320
48 0.359901 0.634669 0.017918 0.012426
48 0.352950 0.627835 0.007723 0.008077
48 0.386160 0.648959 0.007414 0.006213
48 0.322830 0.642280 0.009268 0.021435
48 0.335805 0.630320 0.009886 0.012426
48 0.327464 0.619913 0.009268 0.009630
48 0.335496 0.616340 0.010504 0.011805
48 0.331325 0.640882 0.008959 0.009320
48 0.342138 0.644921 0.005870 0.004349
48 0.370868 0.622398 0.008341 0.010873
48 0.371486 0.632650 0.005870 0.010873
48 0.386006 0.617428 0.010195 0.011494
48 0.369478 0.613389 0.005561 0.006524
48 0.377201 0.606244 0.012975 0.009630
48 0.369015 0.606244 0.007723 0.008388
48 0.393729 0.613855 0.008341 0.006213
48 0.389558 0.603604 0.014829 0.006834
48 0.354340 0.605468 0.008032 0.010562
48 0.361446 0.604380 0.010504 0.012737
48 0.409484 0.603293 0.004634 0.006213
48 0.395891 0.625194 0.013902 0.022678
48 0.409793 0.607797 0.018845 0.009009
48 0.423077 0.606710 0.013284 0.007456
48 0.422305 0.619292 0.014211 0.020814
48 0.359283 0.595837 0.010504 0.006213
48 0.311399 0.621777 0.014211 0.007766
48 0.303985 0.632650 0.006796 0.007766
48 0.315107 0.636533 0.008650 0.007456
48 0.307074 0.640882 0.008650 0.010562
48 0.305066 0.648804 0.006487 0.007766
48 0.309855 0.648649 0.004943 0.007456
48 0.339975 0.603138 0.005870 0.012116
48 0.347853 0.603914 0.008650 0.006213
48 0.313253 0.608729 0.006179 0.009630
48 0.448872 0.644299 0.009268 0.011805
48 0.460921 0.659211 0.011121 0.006834
48 0.444702 0.660298 0.008959 0.008388
48 0.461693 0.670239 0.013284 0.007145
48 0.445783 0.668997 0.019154 0.010252
48 0.449954 0.674588 0.010812 0.007766
48 0.453352 0.682821 0.010195 0.008077
48 0.442694 0.690277 0.011121 0.006213
48 0.457213 0.690121 0.011739 0.007766
48 0.466636 0.689966 0.008959 0.008698
48 0.474822 0.687791 0.008650 0.008698
48 0.487025 0.685151 0.011430 0.010252
48 0.484399 0.710935 0.006179 0.008388
48 0.487334 0.701771 0.009577 0.006834
48 0.490114 0.708139 0.007723 0.007145
48 0.489960 0.722429 0.014211 0.014601
48 0.496138 0.704877 0.006796 0.009941
48 0.502780 0.700528 0.012666 0.008698
48 0.502008 0.694315 0.011121 0.006213
48 0.514365 0.699441 0.012975 0.009630
48 0.521316 0.687636 0.015137 0.009630
48 0.495366 0.743243 0.005252 0.005281
48 0.515601 0.747748 0.007414 0.012426
48 0.500154 0.752408 0.010504 0.007456
48 0.499382 0.757378 0.008341 0.005592
48 0.494594 0.815315 0.012357 0.017086
48 0.514520 0.816403 0.013284 0.014911
48 0.499382 0.805840 0.013902 0.006834
48 0.524251 0.812985 0.008650 0.004970
48 0.533210 0.804287 0.008032 0.006834
48 0.529348 0.795744 0.008341 0.007145
48 0.406858 0.569897 0.011739 0.010252
48 0.359747 0.583256 0.017609 0.011494
48 0.378282 0.584809 0.005252 0.005281
48 0.419988 0.557316 0.009577 0.009320
48 0.436979 0.559956 0.006487 0.009009
48 0.241582 0.716527 0.019154 0.013358
48 0.236639 0.680025 0.009268 0.008077
48 0.213006 0.695402 0.007723 0.006524
48 0.254248 0.702392 0.006796 0.007456
48 0.245907 0.699751 0.010504 0.007145
48 0.238183 0.686393 0.005561 0.005902
48 0.231850 0.684995 0.009577 0.009320
48 0.213778 0.686238 0.004325 0.004349
48 0.213933 0.681267 0.010195 0.006834
48 0.224900 0.700839 0.005561 0.006834
48 0.219184 0.697732 0.006487 0.010562
48 0.339357 0.718857 0.006487 0.004970
48 0.351715 0.724449 0.003398 0.004349
48 0.430182 0.534017 0.012048 0.012426
48 0.438060 0.529668 0.012357 0.011805
48 0.428174 0.525784 0.011739 0.007145
48 0.448409 0.525318 0.008341 0.006834
48 0.412573 0.539764 0.019462 0.012116
48 0.398054 0.537279 0.006487 0.007766
48 0.403151 0.555297 0.005561 0.005281
48 0.386160 0.534483 0.009268 0.015222
48 0.435743 0.547064 0.004634 0.007456
48 0.493358 0.581858 0.009886 0.010562
48 0.489033 0.573315 0.008650 0.005902
48 0.502471 0.578130 0.014520 0.011805
48 0.504788 0.588226 0.015446 0.011494
48 0.494594 0.600497 0.009886 0.008698
48 0.527031 0.558093 0.010504 0.013979
48 0.548656 0.554209 0.014211 0.012426
48 0.534754 0.558714 0.009886 0.009009
48 0.540006 0.563684 0.005561 0.004660
48 0.104727 0.024231 0.007414 0.009941
48 0.083565 0.017707 0.015137 0.011805
48 0.072444 0.009009 0.013902 0.011184
48 0.063021 0.000311 0.009268 0.000621
48 0.101946 0.002641 0.012357 0.005281
48 0.111677 0.007766 0.012048 0.008698
48 0.123880 0.021125 0.009268 0.013669
48 0.116466 0.031221 0.016064 0.009630
48 0.106117 0.031066 0.006487 0.005592
48 0.129904 0.012892 0.014520 0.010252
48 0.154464 0.021901 0.009886 0.019571
48 0.145351 0.030289 0.010195 0.010252
48 0.138709 0.036813 0.008650 0.011494
48 0.157399 0.026872 0.012666 0.022057
48 0.153074 0.039143 0.007723 0.006834
48 0.121100 0.035104 0.010504 0.006834
48 0.166358 0.029046 0.007723 0.009630
48 0.132067 0.043802 0.012048 0.009320
48 0.149058 0.049550 0.008341 0.007145
48 0.141798 0.046598 0.009268 0.008698
48 0.145196 0.057937 0.014211 0.013358
48 0.173772 0.058869 0.006487 0.009009
48 0.133148 0.075645 0.012357 0.013979
48 0.126506 0.080926 0.011430 0.009630
48 0.137782 0.087294 0.006179 0.009320
48 0.133611 0.088847 0.006487 0.009320
48 0.130831 0.098788 0.007723 0.009320
48 0.146895 0.102206 0.012048 0.013048
48 0.158017 0.090556 0.010195 0.008388
48 0.162033 0.099099 0.007105 0.008077
48 0.178869 0.074091 0.008650 0.009630
48 0.179642 0.083566 0.010195 0.007456
48 0.206982 0.068810 0.018536 0.012116
48 0.203120 0.048773 0.012048 0.007456
48 0.143652 0.112923 0.013593 0.005902
48 0.151838 0.127835 0.005870 0.004660
48 0.160179 0.132961 0.009577 0.011805
48 0.167748 0.139950 0.010504 0.012737
48 0.171764 0.123330 0.011121 0.008698
48 0.171610 0.130165 0.008959 0.004970
48 0.191226 0.124884 0.008650 0.012426
48 0.189836 0.138242 0.007723 0.009941
48 0.186747 0.146940 0.012048 0.010562
48 0.181186 0.157036 0.013284 0.015222
48 0.155854 0.143833 0.008341 0.007456
48 0.154001 0.154085 0.012048 0.014911
48 0.158171 0.163405 0.008650 0.012426
48 0.161878 0.170550 0.007414 0.007456
48 0.169447 0.178782 0.013902 0.014601
48 0.167439 0.185927 0.008650 0.009009
48 0.159716 0.191674 0.009268 0.008698
48 0.099320 0.201615 0.011430 0.009941
48 0.088199 0.213265 0.007723 0.014601
48 0.078777 0.206275 0.010504 0.012426
48 0.704201 0.389717 0.004634 0.010252
48 0.723973 0.388009 0.010812 0.011805
48 0.722892 0.401678 0.007414 0.004970
48 0.704047 0.408667 0.007414 0.011494
48 0.724591 0.409755 0.012666 0.009941
48 0.916744 0.297919 0.078159 0.042870
48 0.081866 0.216682 0.005561 0.008388
48 0.067037 0.190587 0.017918 0.009009
48 0.067810 0.182510 0.008959 0.007766
48 0.049428 0.184529 0.012975 0.012426
48 0.038770 0.179714 0.007723 0.010252
48 0.034291 0.182510 0.008032 0.010252
48 0.013284 0.183908 0.009886 0.007456
48 0.009577 0.225536 0.010504 0.014290
48 0.024405 0.213731 0.010504 0.013669
48 0.021162 0.226313 0.015137 0.012116
48 0.015910 0.214818 0.009577 0.011494
48 0.025950 0.238428 0.009268 0.010252
48 0.004325 0.234234 0.008650 0.006834
48 0.042014 0.229419 0.006796 0.014601
48 0.013438 0.242311 0.009577 0.014290
48 0.005715 0.243399 0.006487 0.013358
48 0.015755 0.256601 0.010504 0.007456
48 0.024405 0.256757 0.005561 0.010873
48 0.017918 0.269028 0.012975 0.011805
48 0.027649 0.267164 0.011430 0.013669
48 0.037380 0.252563 0.011121 0.008077
48 0.038153 0.257533 0.010812 0.007456
48 0.047266 0.249456 0.012975 0.005592
48 0.050664 0.259553 0.012975 0.009630
48 0.040006 0.264212 0.011430 0.010252
48 0.014056 0.287822 0.010195 0.020193
48 0.031511 0.291705 0.005561 0.005592
48 0.026877 0.291861 0.008032 0.013979
48 0.022397 0.300870 0.006487 0.008388
48 0.014520 0.307394 0.013593 0.018950
48 0.031356 0.310811 0.005870 0.009630
48 0.033519 0.300870 0.005870 0.008388
48 0.029194 0.304753 0.007105 0.006213
48 0.012048 0.326499 0.007414 0.011184
48 0.018845 0.329139 0.006179 0.013358
48 0.023942 0.328674 0.007105 0.011805
48 0.028267 0.332091 0.007105 0.016775
48 0.014056 0.341100 0.010812 0.008698
48 0.011894 0.345915 0.006487 0.005902
48 0.018845 0.347468 0.008032 0.004660
48 0.023942 0.345604 0.006487 0.008388
48 0.036608 0.328363 0.009577 0.006213
48 0.026104 0.353681 0.015137 0.009009
48 0.014520 0.350419 0.011121 0.005592
48 0.040933 0.337217 0.007723 0.015222
48 0.036762 0.356322 0.008032 0.013669
48 0.048656 0.337527 0.009577 0.007766
48 0.083256 0.357875 0.016373 0.019261
48 0.078313 0.325722 0.009577 0.007766
48 0.080939 0.315315 0.016064 0.015533
48 0.069045 0.304598 0.005870 0.009630
48 0.066265 0.295744 0.012666 0.008698
48 0.040315 0.321994 0.015137 0.012737
48 0.048811 0.320596 0.006796 0.006834
48 0.047729 0.344051 0.009577 0.005281
48 0.086654 0.344672 0.010195 0.007145
48 0.092987 0.331469 0.014211 0.010562
48 0.082484 0.331625 0.005561 0.009009
48 0.076614 0.332091 0.005561 0.006213
48 0.099629 0.349332 0.013902 0.009630
48 0.118783 0.340789 0.006487 0.008077
48 0.122335 0.347002 0.014829 0.007456
48 0.138400 0.343585 0.009886 0.014911
48 0.147204 0.343274 0.008341 0.011805
48 0.158480 0.342653 0.011739 0.011184
48 0.138554 0.308170 0.015137 0.009941
48 0.148594 0.309258 0.004943 0.007145
48 0.149367 0.317490 0.006487 0.010562
48 0.155700 0.303821 0.007414 0.009941
48 0.038462 0.237030 0.014520 0.014911
48 0.048038 0.232060 0.007105 0.012426
48 0.057615 0.231438 0.005870 0.006213
48 0.063021 0.205343 0.010504 0.010562
48 0.095613 0.216216 0.008959 0.009941
48 0.070281 0.225225 0.008959 0.006213
48 0.079240 0.224449 0.009577 0.006524
48 0.109052 0.213731 0.014211 0.021125
48 0.126352 0.202547 0.012357 0.009941
48 0.145351 0.198198 0.009577 0.009941
48 0.147204 0.209537 0.008959 0.007145
48 0.132839 0.219478 0.012357 0.011494
48 0.123417 0.214508 0.007105 0.009009
48 0.082329 0.250078 0.010195 0.013048
48 0.092061 0.251320 0.013593 0.008698
48 0.100093 0.243865 0.009268 0.010562
48 0.072289 0.252563 0.012975 0.027338
48 0.074143 0.268872 0.009268 0.007766
48 0.053753 0.275707 0.006796 0.009630
48 0.048811 0.273221 0.006179 0.005902
48 0.050510 0.278192 0.005870 0.005902
48 0.093142 0.273843 0.010195 0.009630
48 0.113686 0.250854 0.012975 0.010873
48 0.125116 0.249301 0.009886 0.009009
48 0.124498 0.241845 0.009268 0.009009
48 0.137627 0.229264 0.010195 0.008077
48 0.139944 0.239205 0.014829 0.011184
48 0.149367 0.217148 0.009577 0.011805
48 0.144578 0.220565 0.003707 0.008077
48 0.150602 0.225847 0.007723 0.008077
48 0.159561 0.232836 0.012666 0.009009
48 0.174699 0.228642 0.012048 0.008077
48 0.204819 0.234700 0.011121 0.010252
48 0.184430 0.238117 0.011739 0.011494
48 0.177788 0.240758 0.010812 0.011805
48 0.169138 0.239360 0.008959 0.010252
48 0.170837 0.252563 0.006179 0.007456
48 0.140871 0.265610 0.014829 0.009320
48 0.137164 0.251786 0.004943 0.008388
48 0.064411 0.317956 0.007105 0.005281
48 0.089589 0.239049 0.025950 0.009630
48 0.079395 0.234234 0.008650 0.006834
48 0.079858 0.228487 0.010195 0.007145
48 0.093451 0.224138 0.008341 0.005902
48 0.025023 0.136688 0.012357 0.012426
48 0.016064 0.128611 0.011739 0.014290
48 0.014056 0.117272 0.007105 0.010873
48 0.011276 0.108419 0.007105 0.010562
48 0.031665 0.099410 0.021934 0.010562
48 0.066111 0.104070 0.009268 0.011805
48 0.036762 0.133116 0.011121 0.009009
48 0.024405 0.149581 0.019154 0.015222
48 0.041860 0.152842 0.009577 0.013669
48 0.051128 0.150979 0.012048 0.012426
48 0.045412 0.143523 0.008032 0.004970
48 0.029503 0.168375 0.006487 0.008698
48 0.037844 0.160143 0.013284 0.018950
48 0.064720 0.155483 0.010812 0.010252
48 0.069354 0.160143 0.007723 0.004660
48 0.071053 0.152842 0.009886 0.011805
48 0.077695 0.147095 0.010812 0.010252
48 0.082638 0.151755 0.012666 0.009630
48 0.081094 0.124573 0.008341 0.011184
48 0.073679 0.116185 0.010812 0.009320
48 0.158789 0.264678 0.016682 0.008698
48 0.177634 0.262970 0.012357 0.005281
48 0.234476 0.260640 0.007414 0.009320
48 0.233859 0.254582 0.008032 0.005281
48 0.244208 0.254427 0.013902 0.007456
48 0.238801 0.263281 0.009268 0.011494
48 0.253012 0.254116 0.008032 0.008698
48 0.259036 0.261261 0.008959 0.011184
48 0.263825 0.257067 0.009886 0.016465
48 0.259500 0.280677 0.014829 0.012737
48 0.273092 0.255825 0.012357 0.015222
48 0.281588 0.249767 0.008959 0.009941
48 0.295335 0.249456 0.010504 0.009941
48 0.294408 0.258776 0.008032 0.011184
48 0.288539 0.271979 0.008032 0.009009
48 0.285758 0.277571 0.008650 0.009009
48 0.268613 0.284560 0.008341 0.011184
48 0.293945 0.276017 0.008341 0.014601
48 0.301205 0.278969 0.006796 0.008698
48 0.307538 0.269804 0.007105 0.007145
48 0.280043 0.297763 0.009577 0.008388
48 0.299506 0.289686 0.006487 0.008388
48 0.305684 0.288910 0.007723 0.004349
48 0.307847 0.277571 0.008959 0.010873
48 0.293018 0.294967 0.010812 0.009009
48 0.287766 0.302578 0.008959 0.008698
48 0.327927 0.280211 0.006487 0.006834
48 0.297343 0.299783 0.008341 0.008077
48 0.305066 0.302112 0.012048 0.012737
48 0.316188 0.305530 0.010195 0.008388
48 0.308774 0.306772 0.008959 0.007766
48 0.296262 0.311587 0.013593 0.009320
48 0.308619 0.313917 0.006179 0.007766
48 0.313099 0.318422 0.008959 0.006834
48 0.323757 0.303510 0.007414 0.008698
48 0.318968 0.291861 0.005870 0.012737
48 0.330090 0.295278 0.010195 0.012737
48 0.327773 0.286114 0.011739 0.006834
48 0.317732 0.283628 0.008341 0.005592
48 0.310164 0.284405 0.009268 0.005281
48 0.339821 0.296365 0.007414 0.007456
48 0.315416 0.278037 0.008032 0.009320
48 0.287921 0.252097 0.006796 0.011494
48 0.393729 0.212954 0.012666 0.013358
48 0.410411 0.203790 0.009577 0.008698
48 0.402224 0.204877 0.009268 0.007145
48 0.413346 0.194781 0.009268 0.011184
48 0.417825 0.200373 0.008341 0.007456
48 0.400062 0.176142 0.012357 0.011184
48 0.391875 0.179559 0.009577 0.006834
48 0.407013 0.180801 0.010812 0.010562
48 0.395119 0.185461 0.009886 0.008698
48 0.416126 0.153774 0.008650 0.005592
48 0.418443 0.144299 0.008341 0.009009
48 0.424467 0.157347 0.023479 0.009009
48 0.430182 0.143989 0.013902 0.009630
48 0.442076 0.150357 0.006179 0.009320
48 0.432808 0.165735 0.014211 0.007145
48 0.433426 0.182355 0.009886 0.007456
48 0.441149 0.185617 0.008032 0.014601
48 0.445474 0.187791 0.005561 0.005902
48 0.447637 0.192140 0.006179 0.006524
48 0.449645 0.198198 0.008341 0.009320
48 0.458913 0.203324 0.008341 0.015843
48 0.453197 0.203635 0.005561 0.006524
48 0.493204 0.183908 0.014520 0.015533
48 0.496138 0.193383 0.013593 0.007766
48 0.493358 0.201771 0.006179 0.010252
48 0.439450 0.223517 0.013284 0.012116
48 0.425703 0.220876 0.007414 0.006213
48 0.427556 0.205033 0.008032 0.008077
48 0.426012 0.199596 0.006179 0.005902
48 0.449954 0.145853 0.011430 0.015843
48 0.471424 0.141659 0.011121 0.006213
48 0.473278 0.136222 0.006179 0.006524
48 0.416898 0.131407 0.005252 0.005592
48 0.423077 0.125505 0.010195 0.009941
48 0.403306 0.127213 0.010195 0.012737
48 0.424467 0.115409 0.004943 0.005902
48 0.428020 0.120534 0.006487 0.006834
48 0.397127 0.143057 0.014520 0.011494
48 0.395119 0.133737 0.011121 0.012116
48 0.385697 0.133271 0.011430 0.009320
48 0.370868 0.152066 0.010812 0.012737
48 0.366389 0.143523 0.008650 0.008698
48 0.362682 0.134358 0.007414 0.011494
48 0.375502 0.142436 0.016373 0.010873
48 0.337813 0.135135 0.012048 0.013669
48 0.334569 0.106244 0.008650 0.007456
48 0.325456 0.105623 0.004634 0.006834
48 0.321903 0.109040 0.004325 0.004970
48 0.327618 0.112613 0.007105 0.006524
48 0.343065 0.106555 0.010812 0.014290
48 0.345845 0.095371 0.010812 0.009320
48 0.334878 0.097390 0.011121 0.005281
48 0.335959 0.101118 0.012666 0.006524
48 0.348934 0.085896 0.007105 0.007145
48 0.364226 0.109817 0.007414 0.007766
48 0.372413 0.106865 0.010195 0.008077
48 0.335187 0.122088 0.006796 0.006834
48 0.380445 0.111836 0.011430 0.007456
48 0.370096 0.073004 0.008032 0.007456
48 0.403151 0.077819 0.005561 0.006524
48 0.398672 0.080770 0.008959 0.009320
48 0.403306 0.084343 0.007105 0.007145
48 0.407939 0.092109 0.013284 0.012116
48 0.399289 0.095061 0.007105 0.007456
48 0.406086 0.102672 0.006487 0.004660
48 0.405777 0.107021 0.007723 0.005281
48 0.389558 0.124573 0.007414 0.008698
48 0.392956 0.121466 0.004943 0.005592
48 0.389558 0.115098 0.004325 0.005281
48 0.373494 0.121932 0.008650 0.005902
48 0.369478 0.018329 0.012975 0.013048
48 0.378128 0.038677 0.019771 0.018329
48 0.384615 0.032153 0.020389 0.020193
48 0.420760 0.092575 0.016064 0.012426
48 0.413500 0.099410 0.005870 0.005592
48 0.438832 0.166356 0.013284 0.022678
48 0.447637 0.183287 0.011121 0.016154
48 0.352023 0.240758 0.007105 0.013048
48 0.427711 0.244175 0.010195 0.011805
48 0.421069 0.254737 0.005561 0.004970
48 0.457831 0.230040 0.008032 0.012737
48 0.472660 0.236409 0.012357 0.010562
48 0.461847 0.230351 0.008650 0.013979
48 0.440531 0.232836 0.009268 0.013979
48 0.457677 0.242311 0.012666 0.008698
48 0.511430 0.234700 0.012048 0.009009
48 0.703892 0.188568 0.014520 0.011184
48 0.649521 0.180646 0.007105 0.007145
48 0.704510 0.178627 0.005252 0.006834
48 0.713006 0.168531 0.005561 0.009630
48 0.639481 0.152998 0.007414 0.004660
48 0.701267 0.139795 0.006179 0.009320
48 0.720884 0.148493 0.018845 0.008077
48 0.714242 0.155172 0.005561 0.005281
48 0.719648 0.193694 0.010812 0.010252
48 0.732005 0.192451 0.010195 0.009630
48 0.716250 0.218857 0.009577 0.012737
48 0.714550 0.228487 0.011739 0.012737
48 0.513902 0.246816 0.015137 0.012116
48 0.516373 0.258931 0.012048 0.011494
48 0.461075 0.248214 0.011430 0.013048
48 0.433889 0.273687 0.006487 0.006834
48 0.427865 0.253495 0.008650 0.005592
48 0.477139 0.251476 0.010812 0.006524
48 0.466018 0.266076 0.009577 0.009630
48 0.483163 0.273066 0.011121 0.011805
48 0.468953 0.273998 0.008650 0.006834
48 0.449027 0.273998 0.012048 0.013669
48 0.432654 0.280522 0.010812 0.007456
48 0.411647 0.245418 0.010195 0.006834
48 0.336732 0.403541 0.016064 0.014911
48 0.327000 0.408823 0.008341 0.008077
48 0.319277 0.407891 0.007723 0.010562
48 0.345073 0.406493 0.014829 0.014601
48 0.343219 0.422647 0.010504 0.012116
48 0.361755 0.364088 0.008032 0.013669
48 0.395119 0.391737 0.010504 0.011184
48 0.377201 0.399503 0.011739 0.009320
48 0.380136 0.406027 0.013284 0.012426
48 0.385851 0.412395 0.011121 0.008388
48 0.406549 0.430568 0.019154 0.014290
48 0.426475 0.447499 0.019462 0.017086
48 0.358357 0.442839 0.010504 0.018950
48 0.353259 0.447189 0.011430 0.009009
48 0.351869 0.422647 0.012975 0.010873
48 0.371177 0.479341 0.010195 0.017397
48 0.380599 0.489438 0.008032 0.013358
48 0.378746 0.500777 0.008650 0.010562
48 0.365771 0.515688 0.007414 0.009320
48 0.350015 0.509786 0.009886 0.006834
48 0.343991 0.524076 0.010195 0.007456
48 0.394192 0.504970 0.011739 0.008388
48 0.388940 0.485244 0.011739 0.009320
48 0.403151 0.478875 0.014211 0.014601
48 0.450417 0.510252 0.009886 0.008388
48 0.419215 0.515377 0.010504 0.009941
48 0.408866 0.521435 0.013284 0.008388
48 0.413655 0.532929 0.011121 0.009009
48 0.396973 0.526095 0.009268 0.006524
48 0.382916 0.524542 0.007105 0.009630
48 0.352950 0.540385 0.013284 0.008388
48 0.361600 0.551569 0.007723 0.010873
48 0.377973 0.570985 0.010195 0.009320
48 0.391103 0.574713 0.006179 0.009320
48 0.344146 0.581392 0.011121 0.010873
48 0.305839 0.607331 0.005561 0.011184
48 0.331634 0.600963 0.011430 0.007145
48 0.332098 0.606244 0.011739 0.006524
48 0.298116 0.616185 0.014829 0.007766
48 0.294717 0.623641 0.007414 0.008388
48 0.288848 0.620690 0.005561 0.007456
48 0.274483 0.607953 0.009577 0.009941
48 0.249923 0.607953 0.007414 0.013048
48 0.242045 0.599565 0.011430 0.008077
48 0.367779 0.240292 0.010812 0.013358
48 0.389867 0.262504 0.011121 0.019261
48 0.369015 0.253806 0.014520 0.015533
48 0.353105 0.255359 0.011121 0.006834
48 0.383225 0.261572 0.008341 0.006213
48 0.422922 0.281143 0.012975 0.008077
48 0.396664 0.285803 0.009268 0.005592
48 0.401143 0.291395 0.006487 0.004970
48 0.360365 0.311277 0.012048 0.013669
48 0.322212 0.313917 0.006179 0.005281
48 0.329935 0.313607 0.003707 0.004660
48 0.334724 0.278658 0.010195 0.007456
48 0.321440 0.275707 0.007105 0.010252
48 0.293018 0.284405 0.011430 0.010252
48 0.276027 0.281609 0.011430 0.009630
48 0.303058 0.249301 0.005561 0.007145
48 0.306302 0.245728 0.004016 0.006834
48 0.311399 0.239826 0.007414 0.011184
48 0.318814 0.256291 0.006179 0.009941
48 0.311399 0.251786 0.006179 0.009630
48 0.339357 0.265300 0.010195 0.007456
48 0.213315 0.270736 0.011430 0.010252
48 0.221656 0.275862 0.012666 0.011184
48 0.220266 0.283473 0.006796 0.007766
48 0.218412 0.288444 0.005561 0.005281
48 0.213933 0.292948 0.010812 0.009320
48 0.212697 0.299317 0.005870 0.005902
48 0.216250 0.281609 0.009886 0.010873
48 0.249923 0.280522 0.008650 0.009320
48 0.248687 0.264368 0.006796 0.009320
48 0.092678 0.324169 0.014829 0.007766
48 0.091134 0.317335 0.012975 0.009009
48 0.082020 0.295123 0.012048 0.006834
48 0.092061 0.305374 0.008032 0.009941
48 0.113222 0.298695 0.008959 0.005902
48 0.112450 0.294812 0.006796 0.003728
48 0.129750 0.296987 0.005561 0.004349
48 0.123108 0.290308 0.007723 0.002796
48 0.138400 0.316247 0.011739 0.007456
48 0.165276 0.319509 0.007414 0.010252
48 0.041551 0.298851 0.009577 0.009320
48 0.036299 0.307394 0.009577 0.008388
48 0.038770 0.288910 0.004634 0.003728
48 0.048193 0.285026 0.005561 0.009009
48 0.063021 0.307238 0.004325 0.003728
48 0.080012 0.342187 0.004943 0.007766
48 0.086500 0.370146 0.011121 0.009009
48 0.154155 0.654240 0.008032 0.009320
48 0.156318 0.663715 0.006179 0.011494
48 0.148749 0.664958 0.007723 0.011494
48 0.143034 0.667288 0.007414 0.008698
48 0.138400 0.668531 0.008032 0.011184
48 0.150757 0.672414 0.018536 0.007766
48 0.179642 0.667133 0.013284 0.009630
48 0.197251 0.663715 0.006487 0.009630
48 0.180414 0.659988 0.006179 0.005281
48 0.173309 0.654396 0.016064 0.013358
48 0.175780 0.646163 0.007414 0.009941
48 0.172227 0.640572 0.008959 0.006213
48 0.182576 0.648649 0.006796 0.004970
48 0.185202 0.652377 0.011430 0.007456
48 0.187210 0.642125 0.009268 0.014290
48 0.191844 0.636688 0.009886 0.025784
48 0.179951 0.621622 0.007105 0.009320
48 0.211307 0.663715 0.013593 0.007145
48 0.217022 0.632029 0.012048 0.011494
48 0.216867 0.638708 0.010504 0.005592
48 0.218721 0.644455 0.011121 0.007766
48 0.231542 0.641814 0.023170 0.045356
48 0.201112 0.622864 0.013593 0.006834
48 0.191690 0.612147 0.015755 0.016465
48 0.212542 0.608108 0.008650 0.011494
48 0.204356 0.617117 0.008959 0.006524
48 0.212851 0.616806 0.008032 0.005902
48 0.220884 0.610749 0.009886 0.006834
48 0.232005 0.616962 0.012975 0.004970
48 0.213778 0.620379 0.008032 0.004349
48 0.215323 0.623641 0.004943 0.005281
48 0.209762 0.600342 0.005561 0.006524
48 0.194779 0.601740 0.006487 0.006834
48 0.227062 0.595371 0.009268 0.005902
48 0.246833 0.639795 0.008032 0.017086
48 0.250695 0.621777 0.010812 0.007145
48 0.259654 0.635290 0.015137 0.034172
48 0.239110 0.698354 0.006796 0.008077
48 0.230306 0.673656 0.013902 0.012116
48 0.303213 0.684685 0.005252 0.009941
48 0.463392 0.713576 0.011121 0.015533
48 0.340748 0.688723 0.008650 0.005592
48 0.362064 0.687791 0.008650 0.016154
48 0.310627 0.702081 0.008959 0.016154
48 0.386006 0.969400 0.007105 0.007766
48 0.383225 0.955887 0.007105 0.009320
48 0.542169 0.905405 0.009886 0.009630
48 0.406858 0.830382 0.011739 0.011805
48 0.537535 0.845294 0.011739 0.011184
48 0.204201 0.839080 0.007414 0.010562
48 0.080476 0.889407 0.008959 0.009320
48 0.038462 0.774619 0.009577 0.009009
48 0.104263 0.725847 0.018227 0.006524
48 0.054371 0.716993 0.026568 0.016154
48 0.043713 0.643523 0.018845 0.005902
48 0.452888 0.711556 0.009886 0.006524
48 0.586345 0.986021 0.008650 0.006834
48 0.253167 0.953557 0.009577 0.008388
48 0.245443 0.952780 0.005252 0.005592
48 0.244517 0.937558 0.005252 0.011184
48 0.249768 0.914880 0.008341 0.013048
48 0.408094 0.856632 0.009268 0.012737
48 0.463083 0.815160 0.007414 0.008077
48 0.250850 0.773532 0.003089 0.001864
48 0.332715 0.785803 0.004943 0.010252
48 0.357739 0.772290 0.007414 0.011184
48 0.117084 0.765455 0.009268 0.006213
48 0.295026 0.740603 0.010504 0.008698
48 0.109824 0.688102 0.005252 0.004349
48 0.113531 0.710935 0.007723 0.010873
48 0.000154 0.667754 0.000309 0.010873
48 0.001081 0.626126 0.002162 0.012116
48 0.127278 0.617583 0.012975 0.009320
48 0.391257 0.666045 0.010812 0.009941
48 0.414118 0.925909 0.010195 0.005281
48 0.275255 0.916900 0.008032 0.007766
48 0.519462 0.922181 0.011430 0.008388
48 0.315724 0.816247 0.004943 0.009630
48 0.344455 0.850264 0.004325 0.012426
48 0.311399 0.895309 0.012357 0.004970
48 0.046803 0.753184 0.005870 0.020814
48 0.071362 0.721031 0.009268 0.013048
48 0.117238 0.643368 0.004016 0.003728
48 0.109824 0.609661 0.008959 0.007766
48 0.112141 0.601118 0.003089 0.007456
48 0.120636 0.537589 0.003398 0.002175
48 0.109515 0.487108 0.027495 0.018639
48 0.408712 0.760174 0.009886 0.008077
48 0.420606 0.754427 0.013284 0.007766
48 0.331016 0.682510 0.005870 0.018018
48 0.235558 0.704101 0.007723 0.009009
48 0.393111 0.684063 0.006487 0.013048
48 0.398208 0.954644 0.004943 0.014911
48 0.284523 0.905405 0.005561 0.004039
48 0.363454 0.847623 0.005870 0.011494
48 0.517300 0.854303 0.008341 0.013669
48 0.063330 0.828829 0.010504 0.006213
48 0.225517 0.796365 0.016064 0.010252
48 0.065184 0.566014 0.015446 0.016775
48 0.461075 0.744797 0.009577 0.006524
48 0.393574 0.728487 0.011739 0.004970
48 0.387859 0.937558 0.005870 0.008698
48 0.429255 0.873408 0.005870 0.010252
48 0.369169 0.811121 0.010504 0.006213
48 0.469107 0.811898 0.005870 0.005281
48 0.167902 0.896707 0.014520 0.005281
48 0.183967 0.779124 0.008341 0.015533
48 0.271393 0.744641 0.012666 0.008077
48 0.294408 0.789842 0.009886 0.010252
48 0.327927 0.755203 0.006487 0.018018
48 0.259500 0.738428 0.009886 0.009320
48 0.102873 0.762815 0.007414 0.013979
48 0.116929 0.751786 0.004016 0.002485
48 0.150293 0.715906 0.005870 0.006524
48 0.043404 0.675520 0.009577 0.004660
48 0.064566 0.636533 0.009886 0.008698
48 0.073216 0.583411 0.016682 0.014290
48 0.108279 0.562286 0.007105 0.013048
48 0.412110 0.776949 0.013593 0.010562
48 0.416744 0.895620 0.014211 0.004970
48 0.434507 0.851507 0.013902 0.021746
48 0.327309 0.830382 0.015755 0.007456
48 0.389404 0.826810 0.014520 0.013979
48 0.339821 0.849487 0.008032 0.012737
48 0.470034 0.838459 0.006487 0.006834
48 0.176243 0.875427 0.018227 0.004349
48 0.156781 0.875738 0.004634 0.004970
48 0.121718 0.817024 0.009886 0.010562
48 0.002626 0.817179 0.005252 0.010252
48 0.230306 0.786580 0.005252 0.008698
48 0.124035 0.751476 0.005252 0.005592
48 0.269385 0.766698 0.012357 0.019261
48 0.112141 0.756291 0.008032 0.004039
48 0.101019 0.739049 0.009268 0.004970
48 0.100093 0.711867 0.004943 0.006524
48 0.030275 0.734700 0.018536 0.007456
48 0.116002 0.722585 0.005870 0.013048
48 0.047884 0.365176 0.012357 0.004660
48 0.415817 0.707207 0.010504 0.013358
48 0.322521 0.680336 0.007414 0.006213
48 0.419679 0.942684 0.008959 0.009009
48 0.393729 0.945014 0.012666 0.003728
48 0.541396 0.975458 0.005252 0.008698
48 0.234631 0.876514 0.005870 0.010873
48 0.274174 0.860826 0.016991 0.011805
48 0.357739 0.838925 0.011121 0.005902
48 0.163886 0.870767 0.019462 0.004349
48 0.068736 0.872631 0.006487 0.006834
48 0.204665 0.779745 0.007105 0.028580
48 0.246525 0.814849 0.010504 0.011184
48 0.248996 0.776328 0.006796 0.004349
48 0.299351 0.766853 0.004325 0.009009
48 0.322057 0.751631 0.007105 0.011494
48 0.213315 0.710935 0.006487 0.012116
48 0.077078 0.711712 0.011430 0.004349
48 0.069200 0.600031 0.005561 0.005902
48 0.540315 0.982603 0.007414 0.006213
48 0.571053 0.988972 0.011430 0.006524
48 0.242045 0.874340 0.007105 0.005281
48 0.420914 0.820130 0.012666 0.016154
48 0.416435 0.873097 0.009268 0.012737
48 0.510040 0.844672 0.008650 0.011184
48 0.126352 0.889251 0.009268 0.006524
48 0.046494 0.800093 0.006487 0.004660
48 0.123108 0.777881 0.007105 0.007456
48 0.095304 0.768872 0.010195 0.005592
48 0.229842 0.837061 0.005561 0.004039
48 0.226444 0.779901 0.014211 0.006524
48 0.288230 0.820752 0.008650 0.007456
48 0.205901 0.753650 0.007723 0.011184
48 0.216404 0.753806 0.007105 0.008388
48 0.332407 0.750854 0.004325 0.003728
48 0.006487 0.684840 0.011121 0.006524
48 0.091906 0.635135 0.008341 0.010873
48 0.068119 0.547220 0.005870 0.006524
48 0.128051 0.401678 0.017609 0.017397
48 0.144578 0.354303 0.006796 0.009009
48 0.500309 0.788444 0.006487 0.011184
48 0.364535 0.727866 0.005561 0.012426
48 0.298888 0.696800 0.015137 0.011805
48 0.276799 0.677384 0.009886 0.006524
48 0.291628 0.864399 0.005561 0.004039
48 0.331016 0.854769 0.009577 0.008388
48 0.375348 0.848555 0.017300 0.007145
48 0.356812 0.848245 0.008650 0.011494
48 0.067501 0.886921 0.006487 0.011805
48 0.061631 0.872787 0.008959 0.004039
48 0.057615 0.856322 0.007723 0.009630
48 0.020698 0.822926 0.004943 0.010562
48 0.198486 0.794967 0.005252 0.009320
48 0.259191 0.764834 0.006796 0.008698
48 0.243744 0.750388 0.009886 0.005902
48 0.254402 0.746505 0.007105 0.007456
48 0.193698 0.724604 0.014211 0.010873
48 0.113686 0.776639 0.003089 0.005592
48 0.041551 0.763436 0.007105 0.010873
48 0.004016 0.694004 0.004325 0.004349
48 0.000772 0.610438 0.001545 0.017397
48 0.105499 0.673656 0.012666 0.003417
48 0.066883 0.611059 0.012048 0.006213
48 0.085573 0.639795 0.009886 0.006524
48 0.115848 0.465362 0.006796 0.008077
48 0.135465 0.385057 0.011430 0.011494
48 0.435589 0.777726 0.008650 0.012116
48 0.480692 0.794967 0.008650 0.008077
48 0.360519 0.717925 0.009886 0.009320
48 0.424622 0.721497 0.007723 0.012116
48 0.530738 0.960702 0.008650 0.007766
48 0.295799 0.869369 0.007105 0.006524
48 0.447328 0.846847 0.008032 0.006834
48 0.179796 0.857875 0.004325 0.008388
48 0.033673 0.815160 0.009268 0.010562
48 0.229842 0.810655 0.008032 0.004039
48 0.069354 0.541472 0.005870 0.004970
48 0.097930 0.479341 0.011739 0.013048
48 0.149521 0.360516 0.014211 0.006524
48 0.344918 0.729574 0.005870 0.012116
48 0.476676 0.727710 0.009268 0.004660
48 0.335650 0.711090 0.010812 0.006213
48 0.385542 0.701460 0.011739 0.014911
48 0.422459 0.932122 0.005252 0.008388
48 0.407013 0.841255 0.004634 0.009320
48 0.483472 0.840789 0.010504 0.009630
48 0.066265 0.865486 0.008959 0.007456
48 0.048811 0.867971 0.006796 0.014290
48 0.143188 0.887853 0.012048 0.008698
48 0.150139 0.803666 0.007414 0.013669
48 0.249459 0.834576 0.005870 0.012116
48 0.258418 0.799161 0.007723 0.007766
48 0.135774 0.752097 0.010812 0.009320
48 0.235558 0.742622 0.004016 0.004039
48 0.321594 0.777260 0.004943 0.011184
48 0.363299 0.795433 0.006179 0.005281
48 0.356040 0.751942 0.012048 0.005281
48 0.101019 0.749922 0.006179 0.012426
48 0.195397 0.713110 0.010812 0.015843
48 0.088353 0.656570 0.012975 0.007766
48 0.097312 0.359894 0.009268 0.007145
48 0.372104 0.708139 0.008341 0.007766
48 0.319586 0.706275 0.008959 0.009630
48 0.374112 0.689034 0.008650 0.007456
48 0.356040 0.675365 0.013284 0.008077
48 0.282206 0.914414 0.008959 0.007145
48 0.481619 0.885834 0.008032 0.012116
48 0.288539 0.897018 0.023479 0.018950
48 0.453043 0.845294 0.005870 0.009941
48 0.341520 0.826344 0.007723 0.012426
48 0.366234 0.859894 0.010195 0.010562
48 0.401143 0.878534 0.012048 0.008077
48 0.150911 0.893911 0.007105 0.010873
48 0.176861 0.868282 0.011430 0.011805
48 0.035063 0.869680 0.007723 0.015843
48 0.092524 0.805685 0.013284 0.010873
48 0.283441 0.834265 0.005870 0.004660
48 0.223664 0.810811 0.004943 0.014290
48 0.290856 0.725381 0.004634 0.008698
48 0.066883 0.693538 0.008959 0.009009
48 0.044949 0.682510 0.015755 0.006834
48 0.117702 0.604380 0.004943 0.008388
48 0.147359 0.633737 0.011739 0.008077
48 0.497220 0.814849 0.005870 0.008698
48 0.434353 0.753650 0.009268 0.006834
48 0.380754 0.730040 0.010195 0.007456
48 0.319586 0.942063 0.005870 0.009009
48 0.485326 0.995495 0.011739 0.005281
48 0.569200 0.984001 0.009577 0.005902
48 0.473432 0.861603 0.006487 0.008388
48 0.267532 0.891115 0.009886 0.006524
48 0.335959 0.831469 0.010812 0.022678
48 0.054217 0.871389 0.005252 0.008077
48 0.146741 0.878689 0.006796 0.009630
48 0.030275 0.832401 0.004943 0.005902
48 0.116775 0.780833 0.006796 0.007145
48 0.219030 0.832246 0.009268 0.004349
48 0.235558 0.798695 0.006487 0.004970
48 0.269540 0.833333 0.003398 0.003417
48 0.153846 0.781920 0.005561 0.003728
48 0.124035 0.687015 0.008959 0.005902
48 0.161878 0.703169 0.010504 0.015222
48 0.063330 0.643678 0.004325 0.003107
48 0.088044 0.558714 0.003089 0.003417
48 0.356812 0.732836 0.007414 0.007456
48 0.416744 0.717614 0.008032 0.013048
48 0.382607 0.688723 0.006487 0.006213
48 0.377047 0.671637 0.009577 0.011805
48 0.396664 0.938956 0.008650 0.004660
48 0.313407 0.935073 0.010812 0.004349
48 0.242972 0.945946 0.005870 0.008698
48 0.509422 0.856943 0.006179 0.013358
48 0.154155 0.885057 0.010504 0.004349
48 0.081557 0.896086 0.005561 0.007766
48 0.185975 0.791861 0.009886 0.013048
48 0.249923 0.800714 0.006179 0.010873
48 0.195397 0.748835 0.008341 0.004039
48 0.276954 0.773843 0.004016 0.004349
48 0.320204 0.788133 0.006487 0.011805
48 0.348934 0.788288 0.004634 0.003417
48 0.027031 0.601895 0.013902 0.006524
48 0.122335 0.546909 0.004943 0.008388
48 0.449027 0.738583 0.006487 0.008388
48 0.278653 0.845915 0.023479 0.013048
48 0.157399 0.888941 0.005252 0.009630
48 0.056379 0.836129 0.004016 0.009009
48 0.079858 0.771358 0.007723 0.004970
48 0.196787 0.771047 0.008032 0.009320
48 0.225672 0.727710 0.004634 0.004039
48 0.070281 0.706275 0.010812 0.008388
48 0.008804 0.604846 0.014520 0.008077
48 0.139635 0.634824 0.008032 0.009009
48 0.064411 0.536347 0.008341 0.004660
48 0.092987 0.493010 0.006179 0.008698
48 0.103954 0.507611 0.006487 0.006213
48 0.398208 0.759242 0.012357 0.017397
48 0.267068 0.698664 0.006487 0.008698
48 0.271548 0.687015 0.009886 0.010252
48 0.392030 0.928705 0.006796 0.009009
48 0.293173 0.924200 0.010504 0.009320
48 0.541087 0.965828 0.014520 0.004349
48 0.460148 0.883660 0.005870 0.009630
48 0.488879 0.876359 0.004634 0.004349
48 0.337504 0.867816 0.010195 0.005902
48 0.339512 0.856943 0.007414 0.007145
48 0.411338 0.805374 0.010812 0.009009
48 0.372567 0.824790 0.008650 0.009320
48 0.033673 0.792637 0.008650 0.010873
48 0.187828 0.834421 0.008032 0.003728
48 0.256565 0.831159 0.007723 0.005281
48 0.027495 0.748058 0.008650 0.013669
48 0.002008 0.705809 0.004016 0.004349
48 0.103954 0.704567 0.003398 0.007456
48 0.097312 0.697111 0.006796 0.007456
48 0.128051 0.589003 0.007723 0.007456
48 0.126352 0.527338 0.006796 0.004039
48 0.492895 0.753806 0.010812 0.005902
48 0.370714 0.725381 0.008032 0.024231
48 0.405005 0.952780 0.009268 0.011805
48 0.340593 0.891581 0.005870 0.012426
48 0.474822 0.995651 0.012357 0.008698
48 0.567655 0.977322 0.006487 0.004349
48 0.443157 0.803510 0.012048 0.009009
48 0.175935 0.847468 0.011430 0.011184
48 0.019462 0.789376 0.009268 0.006834
48 0.244671 0.785803 0.006179 0.009630
48 0.293945 0.761883 0.005870 0.016465
48 0.224282 0.717304 0.005561 0.008077
48 0.011276 0.714818 0.012666 0.005592
48 0.129904 0.690277 0.009577 0.007456
48 0.152610 0.683131 0.012975 0.006213
48 0.067192 0.650823 0.023787 0.008698
48 0.053136 0.611681 0.010504 0.027959
48 0.069972 0.526406 0.015755 0.005902
48 0.474822 0.787512 0.009268 0.006834
48 0.502626 0.746039 0.007414 0.008388
48 0.482237 0.760795 0.005561 0.009941
48 0.377819 0.971264 0.006179 0.007766
48 0.376583 0.964896 0.010504 0.008077
48 0.411183 0.978875 0.007414 0.007456
48 0.398208 0.919385 0.009886 0.005902
48 0.378282 0.922026 0.020080 0.011184
48 0.560086 0.987729 0.007414 0.006524
48 0.476830 0.875738 0.005252 0.004970
48 0.329781 0.811432 0.012666 0.017397
48 0.503862 0.835353 0.007414 0.007456
48 0.148285 0.862535 0.010504 0.010873
48 0.161569 0.834576 0.008650 0.009630
48 0.151220 0.758155 0.006487 0.008388
48 0.240500 0.744952 0.004634 0.007456
48 0.196015 0.743709 0.012666 0.010562
48 0.311554 0.763591 0.007723 0.017397
48 0.106426 0.777415 0.004016 0.005902
48 0.129132 0.603759 0.004943 0.010252
48 0.149521 0.649581 0.009268 0.004970
48 0.106271 0.584809 0.005561 0.010873
48 0.101637 0.584032 0.004943 0.011805
48 0.422305 0.788754 0.008650 0.009320
48 0.497065 0.778503 0.012357 0.008077
48 0.596694 0.986797 0.008341 0.007766
48 0.189682 0.855701 0.008650 0.017086
48 0.020389 0.854458 0.004943 0.008388
48 0.216250 0.815160 0.009886 0.006834
48 0.360828 0.781920 0.010504 0.008698
48 0.229842 0.727089 0.004943 0.005281
48 0.088353 0.670705 0.009886 0.008077
48 0.138554 0.605002 0.013902 0.012737
48 0.135310 0.652532 0.006179 0.004660
48 0.078931 0.526406 0.005870 0.015222
48 0.102410 0.499068 0.008341 0.010252
48 0.067346 0.352283 0.019154 0.017397
48 0.320358 0.674588 0.006179 0.005902
48 0.388323 0.903852 0.010504 0.008388
48 0.377510 0.900280 0.009268 0.008077
48 0.535681 0.917676 0.012357 0.008077
48 0.538153 0.955266 0.004943 0.008698
48 0.565029 0.970798 0.008032 0.008698
48 0.487179 0.863467 0.008650 0.011494
48 0.259808 0.926219 0.010504 0.008388
48 0.267995 0.882106 0.006487 0.011494
48 0.366389 0.876514 0.006179 0.006524
48 0.434816 0.817490 0.012048 0.015222
48 0.221501 0.993321 0.008032 0.012116
48 0.140717 0.895775 0.004634 0.009009
48 0.088508 0.892513 0.007105 0.013048
48 0.060550 0.846692 0.012975 0.010873
48 0.034754 0.802578 0.009577 0.004660
48 0.107044 0.784871 0.005870 0.005281
48 0.229688 0.841721 0.005870 0.006524
48 0.110596 0.752718 0.001854 0.002485
48 0.092524 0.566636 0.005870 0.010562
48 0.118937 0.503728 0.007414 0.006524
48 0.132530 0.372476 0.006179 0.010562
48 0.147050 0.369369 0.008032 0.009320
48 0.453043 0.758776 0.005870 0.009630
48 0.260117 0.699441 0.006179 0.010252
48 0.564412 0.957906 0.008032 0.013979
48 0.299506 0.863778 0.008959 0.012737
48 0.355422 0.826188 0.019462 0.015222
48 0.465400 0.846847 0.008959 0.006834
48 0.145042 0.898105 0.004016 0.004349
48 0.174699 0.883660 0.004634 0.006524
48 0.152610 0.844828 0.011121 0.010252
48 0.155082 0.828207 0.006796 0.006834
48 0.144424 0.805064 0.007723 0.008388
48 0.221656 0.827897 0.005252 0.004970
48 0.251158 0.785337 0.003089 0.008698
48 0.133611 0.734700 0.004634 0.004349
48 0.325765 0.773998 0.004016 0.005281
48 0.343065 0.791395 0.007105 0.007766
48 0.339049 0.773066 0.008959 0.006524
48 0.348780 0.773221 0.009886 0.011184
48 0.052827 0.739205 0.038307 0.009630
48 0.059932 0.643212 0.003089 0.004039
48 0.113222 0.547375 0.005252 0.006213
48 0.124189 0.522833 0.006796 0.007456
48 0.124652 0.535415 0.005870 0.010252
48 0.115076 0.511960 0.013284 0.007456
48 0.398517 0.805530 0.006179 0.009941
48 0.411647 0.789997 0.012048 0.008698
48 0.498455 0.796987 0.010195 0.009009
48 0.337195 0.683442 0.007105 0.008698
48 0.387396 0.684374 0.008650 0.006213
48 0.384152 0.895154 0.009577 0.009630
48 0.272166 0.948742 0.011121 0.013048
48 0.272475 0.868748 0.017300 0.007145
48 0.405777 0.814694 0.018227 0.006524
48 0.215941 0.824946 0.005561 0.012116
48 0.246833 0.798074 0.008650 0.006213
48 0.307074 0.795589 0.005561 0.004970
48 0.163114 0.736253 0.007414 0.004349
48 0.117393 0.755980 0.003707 0.005281
48 0.120636 0.732992 0.002780 0.004660
48 0.308465 0.740137 0.012666 0.005902
48 0.085882 0.728642 0.021007 0.006524
48 0.120327 0.589158 0.008959 0.007145
48 0.071208 0.511805 0.005870 0.005281
48 0.012357 0.369059 0.005561 0.014911
48 0.471733 0.792948 0.008650 0.005281
48 0.448563 0.748369 0.012357 0.013669
48 0.395428 0.721187 0.008032 0.013358
48 0.287921 0.694315 0.004325 0.004970
48 0.375348 0.985089 0.016682 0.007456
48 0.293018 0.930569 0.012048 0.006524
48 0.271702 0.929792 0.010812 0.009941
48 0.541242 0.961013 0.012357 0.005902
48 0.484090 0.852128 0.009886 0.009941
48 0.396818 0.840478 0.017609 0.004660
48 0.318041 0.902765 0.005870 0.019882
48 0.025178 0.856011 0.004016 0.009009
48 0.013747 0.768251 0.007723 0.009941
48 0.254866 0.804132 0.004943 0.006524
48 0.154155 0.748524 0.010504 0.010873
48 0.157708 0.781609 0.003398 0.004349
48 0.160643 0.792637 0.014211 0.009630
48 0.208526 0.719633 0.009886 0.007145
48 0.121254 0.742777 0.005870 0.008698
48 0.056997 0.756135 0.011430 0.004349
48 0.092524 0.695092 0.007105 0.012737
48 0.137164 0.686549 0.006796 0.007456
48 0.119246 0.699441 0.008032 0.013358
48 0.158943 0.688102 0.011430 0.013048
48 0.087581 0.610127 0.010812 0.008077
48 0.106271 0.575334 0.004325 0.006213
48 0.135465 0.588381 0.007105 0.006213
48 0.113686 0.522367 0.011121 0.010873
48 0.344609 0.704722 0.005252 0.014601
48 0.414890 0.889873 0.011739 0.007145
48 0.468335 0.886921 0.006796 0.012426
48 0.568119 0.913948 0.017300 0.015533
48 0.324838 0.818111 0.010812 0.005902
48 0.440377 0.838148 0.016991 0.006213
48 0.446092 0.829450 0.010504 0.006213
48 0.167285 0.888475 0.010195 0.009941
48 0.145196 0.841100 0.004325 0.006524
48 0.057152 0.865641 0.008650 0.009009
48 0.055762 0.825567 0.007105 0.012737
48 0.112450 0.783318 0.005561 0.005902
48 0.197251 0.757844 0.013284 0.006524
48 0.267377 0.730662 0.008341 0.004970
48 0.099320 0.623641 0.006487 0.009009
48 0.104727 0.521591 0.009268 0.019882
48 0.531511 0.989127 0.012048 0.007456
48 0.577850 0.983691 0.006487 0.006524
48 0.317732 0.887077 0.008959 0.009009
48 0.270158 0.874029 0.012048 0.006524
48 0.391257 0.809568 0.005870 0.007456
48 0.078777 0.883194 0.006796 0.003728
48 0.048193 0.829761 0.008650 0.008698
48 0.033364 0.823703 0.006796 0.005281
48 0.022706 0.809413 0.005252 0.004660
48 0.105344 0.803666 0.006179 0.011805
48 0.234167 0.770115 0.007414 0.015533
48 0.248224 0.792327 0.012666 0.006524
48 0.253321 0.729730 0.008032 0.008698
48 0.216559 0.732060 0.009268 0.008388
48 0.097158 0.524697 0.007105 0.009320
48 0.089126 0.365176 0.005252 0.009630
48 0.409330 0.783628 0.008650 0.006524
48 0.472042 0.718235 0.009268 0.006834
48 0.253012 0.869525 0.007414 0.004349
48 0.464010 0.853371 0.010504 0.004349
48 0.472196 0.816403 0.010195 0.004349
48 0.136392 0.856943 0.011430 0.016465
48 0.024560 0.833333 0.004634 0.005281
48 0.062095 0.785026 0.014829 0.006213
48 0.190454 0.771202 0.005252 0.006524
48 0.163423 0.828363 0.009268 0.004039
48 0.257800 0.837217 0.006487 0.004970
48 0.277726 0.792637 0.012975 0.005281
48 0.162805 0.749301 0.008650 0.006834
48 0.170837 0.748214 0.008650 0.030755
48 0.287458 0.767630 0.007723 0.007456
48 0.344918 0.759863 0.010195 0.019882
48 0.098548 0.690587 0.011121 0.009320
48 0.054217 0.632961 0.007723 0.013358
48 0.508959 0.778658 0.009577 0.005902
48 0.423386 0.977633 0.011430 0.008698
48 0.399598 0.929947 0.007723 0.005902
48 0.312635 0.929171 0.012357 0.004970
48 0.435125 0.873719 0.008341 0.007145
48 0.499537 0.854924 0.011121 0.006213
48 0.178560 0.889717 0.006179 0.018639
48 0.074606 0.864865 0.006487 0.004349
48 0.020389 0.800093 0.007414 0.012737
48 0.246061 0.765921 0.012666 0.012737
48 0.326074 0.767008 0.012048 0.008077
48 0.333488 0.761727 0.007105 0.018639
48 0.339203 0.766232 0.004943 0.006524
48 0.305530 0.732681 0.008032 0.008388
48 0.112141 0.697732 0.006796 0.015533
48 0.137010 0.698820 0.006487 0.013358
48 0.115076 0.676297 0.009577 0.006834
48 0.065338 0.619913 0.013902 0.012116
48 0.120791 0.637154 0.008032 0.012426
48 0.123108 0.560888 0.011430 0.005902
48 0.383225 0.722274 0.005870 0.007456
48 0.392802 0.705654 0.005870 0.008388
48 0.450263 0.892047 0.012048 0.005902
48 0.455978 0.884126 0.008032 0.006213
48 0.464473 0.876980 0.004634 0.009941
48 0.214396 0.974682 0.014829 0.017086
48 0.264288 0.792637 0.009577 0.005902
48 0.332252 0.776173 0.007723 0.010252
48 0.109824 0.777260 0.002780 0.004970
48 0.113222 0.669773 0.005252 0.013048
48 0.055298 0.643523 0.006179 0.005281
48 0.061168 0.600031 0.008032 0.007145
48 0.075996 0.544113 0.006179 0.019571
48 0.386469 0.789842 0.014211 0.006524
48 0.525023 0.806306 0.010812 0.007766
48 0.472660 0.767474 0.006796 0.009630
48 0.379209 0.710003 0.011430 0.009009
48 0.282824 0.724449 0.011430 0.038521
48 0.299969 0.900590 0.008032 0.013669
48 0.568736 0.925909 0.007414 0.007145
48 0.449799 0.854613 0.008032 0.006213
48 0.350633 0.846070 0.009268 0.006524
48 0.136083 0.896552 0.003398 0.004349
48 0.166667 0.775862 0.006487 0.014601
48 0.194625 0.806151 0.006796 0.010562
48 0.229997 0.831314 0.012048 0.008077
48 0.242972 0.844828 0.005870 0.004039
48 0.136392 0.741069 0.008341 0.008388
48 0.232314 0.749767 0.011739 0.009630
48 0.322984 0.795589 0.006487 0.003728
48 0.219648 0.725225 0.009268 0.004039
48 0.261199 0.713265 0.007105 0.013048
48 0.146895 0.702858 0.009577 0.012737
48 0.077541 0.642591 0.008650 0.004660
48 0.117856 0.598788 0.008959 0.003417
48 0.515137 0.802423 0.005252 0.007456
48 0.454433 0.719633 0.008650 0.005902
48 0.326691 0.705654 0.007105 0.006524
48 0.314180 0.924200 0.015446 0.004349
48 0.542632 0.991923 0.005870 0.005592
48 0.459530 0.891115 0.009577 0.005902
48 0.085728 0.841255 0.006487 0.009941
48 0.098548 0.785337 0.012975 0.015533
48 0.181804 0.800093 0.006487 0.007766
48 0.211616 0.802578 0.018536 0.014601
48 0.244517 0.777415 0.005870 0.007145
48 0.199104 0.734700 0.016373 0.008698
48 0.098548 0.547220 0.009886 0.012116
48 0.094995 0.537900 0.010812 0.008388
48 0.118165 0.531532 0.004016 0.006213
48 0.057615 0.382106 0.014520 0.006834
48 0.384615 0.963187 0.004325 0.004660
48 0.371486 0.956198 0.006487 0.009320
48 0.415663 0.962877 0.005870 0.005281
48 0.421996 0.921404 0.005561 0.011184
48 0.376429 0.855079 0.011430 0.007145
48 0.329935 0.848245 0.008650 0.005902
48 0.074297 0.892669 0.004016 0.007766
48 0.029657 0.854769 0.004943 0.011494
48 0.218567 0.773843 0.015755 0.004970
48 0.226908 0.769649 0.006487 0.014601
48 0.279889 0.785337 0.003707 0.004349
48 0.191381 0.782852 0.005252 0.004970
48 0.192926 0.780211 0.005870 0.006524
48 0.266914 0.798385 0.008650 0.004970
48 0.255329 0.813917 0.007723 0.010562
48 0.209917 0.747126 0.003398 0.006213
48 0.087736 0.625349 0.007414 0.006213
48 0.086654 0.563840 0.004634 0.008698
48 0.070436 0.534172 0.004325 0.008388
48 0.274174 0.697888 0.008959 0.009630
48 0.383380 0.671016 0.008650 0.021125
48 0.418134 0.930413 0.004634 0.004349
48 0.301668 0.875116 0.010812 0.013669
48 0.258109 0.876359 0.007723 0.004970
48 0.381835 0.886766 0.005561 0.005281
48 0.003089 0.771668 0.005561 0.013048
48 0.283441 0.799317 0.011430 0.006213
48 0.302441 0.752563 0.010504 0.010252
48 0.349552 0.790929 0.005252 0.003107
48 0.082484 0.634203 0.004943 0.004660
48 0.087736 0.520814 0.011121 0.010873
48 0.509577 0.748835 0.008341 0.007766
48 0.398054 0.686549 0.006487 0.005592
48 0.266141 0.608574 0.009577 0.010562
48 0.275100 0.616496 0.008959 0.006524
48 0.265678 0.628922 0.006179 0.007145
48 0.270003 0.634980 0.009886 0.005592
48 0.274483 0.644455 0.006487 0.012116
48 0.267532 0.653774 0.007414 0.007766
48 0.290701 0.638397 0.008032 0.009320
48 0.288075 0.646163 0.013284 0.006834
48 0.210226 0.654085 0.005252 0.006524
48 0.257183 0.687947 0.006487 0.011494
48 0.267223 0.666511 0.006796 0.007145
48 0.272629 0.670705 0.004634 0.008698
48 0.276491 0.666822 0.010504 0.011494
48 0.319586 0.663249 0.007105 0.008698
48 0.004479 0.187170 0.008959 0.022057
48 0.000463 0.174899 0.000927 0.014911
48 0.005406 0.161541 0.010812 0.009941
48 0.007569 0.172414 0.006487 0.005592
48 0.001081 0.137776 0.002162 0.007766
48 0.003707 0.124884 0.007414 0.014911
48 0.038153 0.119447 0.014520 0.013979
48 0.043250 0.138397 0.009268 0.007766
48 0.047884 0.041473 0.009268 0.011494
48 0.477603 0.182821 0.019154 0.012116
48 0.458140 0.188413 0.009886 0.012737
48 0.506642 0.220565 0.022861 0.022989
48 0.326382 0.157502 0.004634 0.007456
48 0.099011 0.141659 0.006487 0.006213
48 0.113068 0.167599 0.010504 0.009630
48 0.117238 0.173501 0.008959 0.006524
48 0.226444 0.189500 0.022861 0.012426
48 0.213160 0.191364 0.003707 0.003728
48 0.218721 0.193228 0.003707 0.003728
48 0.221656 0.193072 0.003398 0.003417
48 0.224282 0.195402 0.003707 0.003107
48 0.227525 0.195402 0.004016 0.004970
48 0.230460 0.197422 0.004943 0.004660
48 0.153692 0.185772 0.008341 0.006213
48 0.206364 0.242777 0.009268 0.010252
48 0.005097 0.365797 0.010195 0.008388
48 0.003089 0.351507 0.006179 0.006524
48 0.014674 0.358030 0.010195 0.007145
48 0.328390 0.415036 0.009886 0.008077
48 0.333333 0.416900 0.010504 0.008077
48 0.338431 0.428705 0.009577 0.008077
48 0.360982 0.427307 0.007105 0.009009
48 0.389558 0.417987 0.011739 0.009630
48 0.362682 0.393756 0.015446 0.013358
48 0.368242 0.388319 0.006796 0.007456
48 0.360056 0.414104 0.008341 0.006213
48 0.426166 0.434452 0.010812 0.009009
48 0.415354 0.426375 0.007723 0.006524
48 0.415817 0.432122 0.008032 0.006834
48 0.370559 0.435694 0.019462 0.018329
48 0.347235 0.430724 0.009268 0.006524
48 0.345690 0.440043 0.009268 0.007766
48 0.388940 0.462566 0.011121 0.011184
48 0.409947 0.491146 0.009886 0.009941
48 0.415508 0.484157 0.012975 0.009009
48 0.433272 0.491457 0.011430 0.011184
48 0.401915 0.492389 0.009886 0.007456
48 0.406086 0.506524 0.008341 0.009009
48 0.368706 0.446257 0.008959 0.007766
48 0.375965 0.475614 0.008032 0.008077
48 0.381526 0.470954 0.008032 0.006834
48 0.443003 0.450606 0.012357 0.011494
48 0.434044 0.459149 0.013593 0.011184
48 0.405005 0.460857 0.008650 0.009630
48 0.392030 0.495185 0.009886 0.006213
48 0.374575 0.465673 0.010195 0.008698
48 0.385388 0.500311 0.007105 0.009630
48 0.383534 0.510873 0.007723 0.009009
48 0.364690 0.506834 0.007723 0.005902
48 0.390485 0.515067 0.005561 0.008077
48 0.391257 0.583256 0.007105 0.008388
48 0.417825 0.572693 0.005252 0.005281
48 0.345536 0.537900 0.008959 0.006524
48 0.339821 0.559335 0.007414 0.006524
48 0.368860 0.091643 0.014829 0.014911
48 0.411029 0.083566 0.015755 0.012426
48 0.430182 0.097546 0.015137 0.011805
48 0.360210 0.096148 0.017918 0.020193
48 0.369632 0.131563 0.009577 0.009009
48 0.198950 0.000155 0.006796 0.000311
34 0.922768 0.111059 0.009886 0.011494
39 0.735558 0.081858 0.005561 0.009009
48 0.707445 0.245884 0.011739 0.015222
45 0.932963 0.146785 0.007414 0.009630
42 0.936206 0.149581 0.007105 0.009009
16 0.921223 0.131407 0.007414 0.008077
48 0.261353 0.284716 0.013593 0.010252
48 0.017300 0.379155 0.011121 0.008388
48 0.033673 0.376359 0.014211 0.012116
48 0.117702 0.369991 0.008032 0.013048
48 0.119092 0.359428 0.007105 0.009320
48 0.023942 0.360982 0.012666 0.008077
48 0.113222 0.221497 0.009577 0.007456
48 0.059932 0.171948 0.007414 0.005281
48 0.029966 0.185151 0.008032 0.006834
48 0.027804 0.180336 0.004325 0.004660
48 0.021779 0.195713 0.008959 0.008077
48 0.085110 0.132495 0.006487 0.007145
48 0.054526 0.141814 0.008341 0.007145
48 0.059314 0.139018 0.007414 0.005902
48 0.022088 0.114632 0.007105 0.005592
48 0.376429 0.207052 0.015137 0.012737
48 0.537535 0.278192 0.004943 0.007145
48 0.297807 0.368593 0.011121 0.009630
48 0.310473 0.385834 0.009886 0.009941
48 0.313407 0.373874 0.009577 0.010252
48 0.424158 0.538211 0.008032 0.010873
48 0.433580 0.763281 0.008959 0.011805
48 0.429873 0.801957 0.012048 0.010252
48 0.397436 0.792327 0.008341 0.011494
48 0.203738 0.971109 0.007105 0.011184
48 0.020235 0.700217 0.013902 0.009320
48 0.021779 0.707673 0.012048 0.007456
48 0.027495 0.712644 0.018536 0.007456
42 0.975595 0.122864 0.007414 0.008388
43 0.971579 0.136222 0.006796 0.012737
41 0.946247 0.152377 0.006796 0.007145
16 0.950726 0.154085 0.007105 0.007456
41 0.943157 0.143212 0.008650 0.004349
42 0.926321 0.248680 0.009577 0.006524
42 0.927865 0.244797 0.010195 0.006213
42 0.925394 0.125194 0.008341 0.006834
39 0.919524 0.117583 0.008341 0.008388
39 0.964473 0.152687 0.011739 0.007145
43 0.966018 0.157658 0.010504 0.006524
43 0.966481 0.163094 0.013902 0.006213
43 0.971115 0.170239 0.012666 0.008077
43 0.969571 0.175054 0.012666 0.008388
43 0.985944 0.137310 0.007723 0.006213
42 0.953661 0.156260 0.008032 0.007456
39 0.984090 0.336285 0.008959 0.006524
39 0.974977 0.345760 0.003707 0.009320
39 0.988724 0.325878 0.006487 0.006213
39 0.946555 0.338770 0.003089 0.009009
39 0.950572 0.338925 0.003089 0.007456
39 0.954742 0.339391 0.003398 0.008388
39 0.962311 0.339857 0.003089 0.008077
10 0.958604 0.341255 0.003089 0.009630
39 0.993049 0.317801 0.007723 0.006834
39 0.995675 0.315005 0.007414 0.007456
39 0.996602 0.311277 0.005561 0.006834
39 0.994594 0.098944 0.007105 0.009630
39 0.991968 0.096459 0.006796 0.009009
39 0.996756 0.100342 0.005252 0.009941
39 0.857430 0.313141 0.008959 0.003728
39 0.861291 0.321373 0.008032 0.004039
39 0.859129 0.306306 0.008650 0.004349
39 0.858665 0.301646 0.008959 0.004970
39 0.859747 0.297763 0.008650 0.003417
39 0.861137 0.286269 0.006487 0.002796
39 0.862064 0.278969 0.006487 0.003728
39 0.866389 0.272290 0.008341 0.005902
39 0.869632 0.329450 0.003089 0.007766
48 0.887859 0.331935 0.012357 0.018950
11 0.873957 0.328674 0.003707 0.010562
13 0.862836 0.294501 0.006796 0.003107
11 0.876738 0.286735 0.004325 0.009941
43 0.889404 0.248990 0.011121 0.006524
39 0.912264 0.328829 0.009886 0.003417
39 0.935280 0.342342 0.004016 0.008698
10 0.901452 0.335663 0.002471 0.007766
39 0.901915 0.328829 0.008341 0.003417
39 0.898208 0.336129 0.002780 0.008077
39 0.918906 0.264678 0.007723 0.005592
39 0.910411 0.247748 0.008032 0.004039
39 0.909947 0.251165 0.008341 0.004039
39 0.909175 0.253961 0.008032 0.004039
39 0.908866 0.257689 0.008032 0.004660
39 0.907939 0.260795 0.008650 0.004660
39 0.907631 0.264212 0.009268 0.004660
39 0.919679 0.261106 0.008650 0.006524
39 0.921223 0.257378 0.008650 0.005902
10 0.921378 0.253340 0.009577 0.006524
39 0.932036 0.262193 0.005561 0.008698
39 0.921378 0.270115 0.009577 0.004039
47 0.392184 0.886300 0.006487 0.004349
42 0.952425 0.280833 0.007414 0.004970
39 0.924467 0.338304 0.003398 0.009320
46 0.230151 0.601274 0.008032 0.007145
47 0.942385 0.813451 0.005252 0.005902
46 0.428483 0.775707 0.008032 0.006834
46 0.357275 0.575489 0.006487 0.004039
39 0.930646 0.338925 0.004016 0.009320
48 0.494285 0.789065 0.008032 0.011184
48 0.531511 0.966139 0.009577 0.004349
42 0.887859 0.257067 0.009886 0.002175
47 0.675162 0.794191 0.005252 0.003417
46 0.375193 0.700062 0.007723 0.006524
46 0.255020 0.722274 0.005252 0.004970
47 0.683658 0.207984 0.004325 0.004039
48 0.214859 0.767630 0.007105 0.006213
47 0.311091 0.688723 0.004943 0.004970
46 0.126352 0.652998 0.006796 0.007456
46 0.474513 0.841566 0.005561 0.004349
47 0.377665 0.754582 0.004634 0.008077
46 0.069663 0.643834 0.006487 0.004039
47 0.282978 0.935539 0.006179 0.004039
46 0.726444 0.419696 0.012048 0.009941
47 0.437905 0.736409 0.007723 0.005902
46 0.303213 0.624418 0.004634 0.008077
44 0.895737 0.231438 0.008959 0.004970
47 0.385079 0.781765 0.005870 0.004660
46 0.427402 0.698354 0.005870 0.005592
39 0.916281 0.335974 0.002471 0.009009
46 0.122027 0.664647 0.011121 0.010252
46 0.320667 0.670395 0.006796 0.006213
46 0.036145 0.843119 0.008032 0.006834
39 0.948872 0.287201 0.013284 0.004039
46 0.539234 0.581081 0.007723 0.005902
39 0.974668 0.310966 0.009268 0.003728
47 0.415508 0.745573 0.003707 0.006213
4 0.264906 0.081236 0.003398 0.005281
46 0.385079 0.582790 0.009577 0.009320
5 0.924313 0.163249 0.003707 0.003417
46 0.348934 0.715595 0.007105 0.008388
4 0.253475 0.046132 0.005252 0.004039
39 0.927556 0.339236 0.001545 0.009320
43 0.892493 0.245263 0.012975 0.005281
47 0.364072 0.767164 0.004634 0.005281
46 0.442848 0.682355 0.007723 0.007145
47 0.575069 0.592886 0.005252 0.005902
46 0.098239 0.660609 0.006796 0.005902
46 0.371795 0.587605 0.004016 0.005281
46 0.450417 0.812830 0.007414 0.006524
47 0.402688 0.889873 0.005870 0.004660
47 0.381217 0.768562 0.005561 0.004970
5 0.668057 0.129699 0.005870 0.004039
48 0.329008 0.669773 0.009886 0.004970
39 0.917825 0.316558 0.011739 0.004970
39 0.939141 0.339546 0.003707 0.009320
46 0.356657 0.709382 0.007723 0.004660
46 0.427402 0.709382 0.005252 0.007145
46 0.200031 0.643057 0.009577 0.009320
5 0.127896 0.510407 0.003089 0.004970
39 0.981001 0.340012 0.008341 0.004039
47 0.347235 0.866263 0.006179 0.007145
39 0.919833 0.337527 0.004634 0.010252
46 0.147668 0.690121 0.009268 0.009630
46 0.056225 0.899192 0.014211 0.009630
5 0.307383 0.903231 0.004325 0.005902
4 0.828545 0.136999 0.004325 0.004349
46 0.328390 0.793259 0.008650 0.007145
46 0.154001 0.856632 0.007723 0.008388
48 0.170992 0.834421 0.010812 0.012426
39 0.905159 0.336906 0.003707 0.009009
47 0.408403 0.847623 0.004943 0.004039
46 0.439450 0.711090 0.007723 0.010562
46 0.751467 0.081702 0.007105 0.008077
5 0.205901 0.264057 0.004016 0.004349
48 0.454124 0.780988 0.005561 0.007456
48 0.492431 0.747748 0.011739 0.006834
42 0.862990 0.263747 0.012048 0.007456
47 0.491350 0.915036 0.004634 0.005281
46 0.313407 0.679714 0.012048 0.008698
5 0.978066 0.304287 0.004325 0.002175
46 0.319432 0.801957 0.006179 0.004660
46 0.246370 0.720255 0.010195 0.012116
47 0.459839 0.756135 0.005870 0.004349
47 0.711616 0.180801 0.004634 0.004970
46 0.384924 0.805064 0.006179 0.008388
46 0.215941 0.653930 0.009268 0.007456
46 0.195860 0.820752 0.009268 0.009320
39 0.910102 0.337217 0.004325 0.010873
47 0.410411 0.745573 0.005870 0.004970
48 0.114612 0.561820 0.006796 0.009009
48 0.101174 0.537123 0.004016 0.007456
46 0.381835 0.633893 0.008032 0.007145
46 0.160025 0.843119 0.008032 0.008077
47 0.339203 0.997825 0.004943 0.003728
47 0.308619 0.945169 0.005561 0.002175
46 0.086345 0.537279 0.008959 0.007145
5 0.976985 0.306151 0.005252 0.002796
46 0.405159 0.712333 0.008341 0.008077
5 0.195397 0.286424 0.002780 0.003107
42 0.843528 0.259242 0.010195 0.009009
46 0.149367 0.657502 0.007723 0.007766
46 0.637473 0.147872 0.004634 0.003728
