5 0.988514 0.164415 0.003378 0.004621
48 0.988176 0.499467 0.019595 0.017775
48 0.990709 0.478848 0.018581 0.019197
5 0.991723 0.297369 0.004392 0.002488
48 0.973311 0.561678 0.053378 0.116601
48 0.931926 0.213829 0.014527 0.014575
48 0.953209 0.222894 0.010473 0.011376
48 0.955912 0.211873 0.016554 0.015642
48 0.959291 0.234269 0.012500 0.011376
48 0.947973 0.241735 0.012162 0.014220
48 0.930912 0.243512 0.015878 0.018486
48 0.977365 0.238535 0.011486 0.014931
48 0.973818 0.251333 0.011824 0.017775
48 0.972466 0.261465 0.006419 0.009598
48 0.967736 0.282261 0.011149 0.014220
48 0.959797 0.276573 0.014189 0.016353
48 0.946284 0.275507 0.012162 0.009243
5 0.986655 0.227160 0.002365 0.004266
48 0.980574 0.225738 0.013176 0.009243
48 0.948649 0.172236 0.008784 0.010309
48 0.918750 0.185567 0.008446 0.006399
48 0.916216 0.178457 0.014865 0.012087
48 0.971959 0.171170 0.016892 0.015997
48 0.972297 0.143619 0.008108 0.007821
48 0.954054 0.109314 0.008108 0.007465
48 0.984797 0.096516 0.008108 0.010309
48 0.984122 0.086562 0.008784 0.011020
48 0.976182 0.083541 0.007095 0.007110
48 0.971453 0.083718 0.005068 0.006043
48 0.952365 0.122645 0.010811 0.007821
48 0.941385 0.123534 0.011824 0.011020
48 0.908108 0.146641 0.011486 0.007465
48 0.880068 0.112691 0.010811 0.009243
48 0.871622 0.118734 0.009459 0.013509
48 0.892399 0.164060 0.006419 0.005332
48 0.893581 0.167970 0.005405 0.005332
48 0.903885 0.165304 0.005068 0.004977
48 0.904899 0.169748 0.005743 0.005332
48 0.886149 0.171525 0.009459 0.008887
48 0.870608 0.170636 0.009459 0.014220
48 0.863851 0.167970 0.007432 0.013864
48 0.850338 0.158550 0.007432 0.007821
48 0.843750 0.172947 0.013176 0.008887
48 0.837669 0.167081 0.007770 0.006399
48 0.840203 0.156239 0.010135 0.007465
48 0.835642 0.161038 0.014527 0.008532
48 0.826689 0.160860 0.007432 0.007465
48 0.828041 0.146107 0.006081 0.014931
48 0.869932 0.145041 0.010811 0.004977
48 0.859291 0.146107 0.012500 0.007110
48 0.844257 0.134732 0.016216 0.013509
48 0.868581 0.136154 0.004054 0.013509
48 0.850845 0.123356 0.006419 0.009243
48 0.844764 0.117668 0.009797 0.008532
48 0.827196 0.132065 0.015203 0.012442
5 0.810304 0.112336 0.004392 0.005688
48 0.831250 0.113758 0.009122 0.007821
5 0.913851 0.197121 0.004730 0.002488
48 0.921959 0.309812 0.027703 0.028084
48 0.900169 0.300213 0.034122 0.028084
48 0.868919 0.319410 0.050000 0.038038
9 0.886318 0.278706 0.005743 0.005688
39 0.814865 0.312122 0.006757 0.003555
39 0.820439 0.309456 0.006419 0.004621
39 0.809966 0.320654 0.006419 0.004266
39 0.826014 0.306790 0.006081 0.004266
48 0.864527 0.369534 0.058108 0.062211
48 0.819426 0.361891 0.042905 0.025595
48 0.834966 0.372378 0.021959 0.017419
48 0.842230 0.384820 0.026351 0.018130
48 0.845439 0.400995 0.027365 0.019908
48 0.821453 0.391219 0.030068 0.045859
48 0.797804 0.389264 0.034797 0.063278
48 0.963176 0.140953 0.010135 0.008887
48 0.935980 0.253822 0.011149 0.012087
48 0.939696 0.238358 0.011824 0.011020
48 0.753885 0.313544 0.024662 0.018486
48 0.735980 0.326697 0.033446 0.035549
5 0.709459 0.345539 0.004730 0.004977
5 0.677365 0.296125 0.003378 0.004977
48 0.716385 0.265553 0.028041 0.035549
48 0.930236 0.131354 0.013176 0.015286
48 0.951351 0.156594 0.008108 0.007465
48 0.966385 0.184323 0.007095 0.008887
48 0.959291 0.152506 0.008446 0.011376
48 0.911318 0.212229 0.013176 0.018486
48 0.930068 0.271596 0.008784 0.014220
48 0.813345 0.226271 0.018581 0.008887
48 0.207264 0.545859 0.050338 0.031639
48 0.235135 0.538926 0.051351 0.031994
48 0.221284 0.515464 0.043243 0.026306
48 0.226014 0.500889 0.045946 0.024173
48 0.234966 0.487202 0.051014 0.025240
48 0.695439 0.963918 0.011149 0.007465
48 0.690034 0.965873 0.005743 0.006399
48 0.695101 0.968717 0.008446 0.007821
48 0.692061 0.979381 0.033446 0.027017
9 0.704730 0.961607 0.003378 0.004977
5 0.683784 0.940455 0.003378 0.002488
9 0.732264 0.968361 0.005743 0.003555
48 0.878547 0.167437 0.008446 0.012087
48 0.930574 0.159616 0.011149 0.011376
48 0.945439 0.151973 0.008446 0.015997
48 0.815541 0.215073 0.018919 0.014931
48 0.896453 0.130466 0.008446 0.015642
48 0.930405 0.181123 0.012838 0.008887
9 0.731757 0.959474 0.006757 0.005688
48 0.666554 0.980092 0.017568 0.019908
10 0.690709 0.950053 0.003041 0.003910
48 0.674324 0.967828 0.023649 0.021685
48 0.678716 0.956808 0.025000 0.019552
48 0.658446 0.965339 0.024324 0.039460
48 0.676014 0.946676 0.028378 0.018486
48 0.633446 0.985603 0.015541 0.012442
48 0.611993 0.985069 0.023311 0.018486
48 0.622635 0.978137 0.010811 0.008887
48 0.633446 0.973160 0.013514 0.009598
48 0.635811 0.962496 0.016216 0.015286
48 0.647635 0.962673 0.026351 0.057590
48 0.641216 0.946854 0.015541 0.023818
48 0.897635 0.149307 0.007432 0.009954
48 0.875000 0.109492 0.006757 0.009954
48 0.911487 0.160683 0.012162 0.007821
48 0.841723 0.113580 0.013176 0.006754
48 0.955405 0.097760 0.006757 0.016353
48 0.945270 0.115891 0.008784 0.010665
48 0.934459 0.089051 0.005405 0.007465
48 0.922973 0.256132 0.010811 0.008887
48 0.656250 0.938855 0.012500 0.010665
48 0.647973 0.932101 0.012162 0.011376
48 0.631588 0.926413 0.017230 0.014220
48 0.628378 0.936189 0.021622 0.018130
48 0.625845 0.947743 0.017230 0.018486
48 0.624155 0.959474 0.011149 0.008532
48 0.614865 0.952364 0.015541 0.019197
48 0.620270 0.966761 0.014189 0.015286
48 0.611318 0.965339 0.009122 0.011731
48 0.606250 0.965695 0.017230 0.028795
48 0.605912 0.947387 0.009797 0.010665
48 0.610473 0.935656 0.012162 0.014931
48 0.615878 0.928724 0.008784 0.008887
48 0.582770 0.987736 0.030405 0.011020
48 0.590541 0.972627 0.030405 0.034838
48 0.856588 0.136687 0.007095 0.013864
48 0.850338 0.103626 0.009459 0.010309
48 0.896115 0.099716 0.008446 0.012442
48 0.851351 0.115002 0.005405 0.008887
48 0.958108 0.175435 0.016216 0.015997
48 0.845270 0.127622 0.008784 0.012798
48 0.842905 0.163526 0.005405 0.008532
48 0.948818 0.130288 0.010473 0.012442
48 0.890372 0.115891 0.012500 0.013509
48 0.955405 0.086740 0.007432 0.005688
48 0.834291 0.211162 0.011149 0.009954
48 0.811486 0.241913 0.018243 0.009598
9 0.573818 0.962318 0.004392 0.007110
9 0.576520 0.979737 0.003716 0.006399
48 0.590878 0.930679 0.056757 0.054746
48 0.555574 0.976893 0.046284 0.035549
48 0.560473 0.955386 0.027027 0.023818
48 0.563176 0.922503 0.015541 0.018486
48 0.554054 0.939744 0.027027 0.029506
48 0.537500 0.956985 0.025000 0.025595
48 0.529223 0.980626 0.015203 0.021685
48 0.517568 0.973694 0.033108 0.036260
48 0.491554 0.983114 0.023649 0.023107
48 0.428547 0.974582 0.021959 0.045148
5 0.327365 0.927480 0.002703 0.003555
5 0.177872 0.766442 0.005743 0.003555
48 0.156588 0.979737 0.009797 0.009954
48 0.154561 0.987913 0.010473 0.007821
48 0.152534 0.992535 0.007095 0.007821
48 0.150676 0.977604 0.008108 0.009954
48 0.148311 0.984358 0.007432 0.007110
48 0.146622 0.992001 0.006081 0.008887
48 0.140878 0.992535 0.009459 0.009954
48 0.142399 0.984536 0.008446 0.010309
48 0.143243 0.975116 0.008108 0.009954
48 0.133277 0.992001 0.008446 0.011731
48 0.135473 0.982759 0.009459 0.009598
48 0.136993 0.974049 0.005743 0.010665
48 0.132095 0.974049 0.004730 0.009243
48 0.122973 0.990579 0.017568 0.013153
48 0.127196 0.979204 0.013851 0.011731
48 0.127365 0.972272 0.005405 0.007821
48 0.121959 0.971738 0.006081 0.008887
48 0.188514 0.974760 0.027703 0.027017
48 0.829392 0.169925 0.012162 0.012798
48 0.860473 0.171525 0.007432 0.008176
48 0.868412 0.152151 0.013851 0.010665
48 0.883108 0.149307 0.014865 0.011376
48 0.955068 0.147352 0.009459 0.015286
48 0.947635 0.107892 0.006757 0.008887
48 0.961655 0.106648 0.008446 0.007821
48 0.948649 0.141841 0.009459 0.010665
48 0.863007 0.113580 0.013851 0.006043
48 0.967736 0.149840 0.009797 0.011020
48 0.943750 0.089229 0.003716 0.009954
48 0.894764 0.192144 0.032770 0.015997
48 0.961993 0.226449 0.011149 0.009243
48 0.217568 0.985780 0.025676 0.024884
5 0.113007 0.915748 0.003716 0.002844
48 0.080912 0.949698 0.014527 0.013864
48 0.109459 0.989868 0.018919 0.013153
48 0.095777 0.992001 0.018581 0.015997
48 0.070608 0.962851 0.012162 0.012442
48 0.059628 0.966584 0.013851 0.013509
48 0.857601 0.118201 0.007095 0.011020
48 0.890372 0.125844 0.007095 0.008532
48 0.920439 0.137576 0.011149 0.017775
48 0.834459 0.150018 0.008108 0.010665
48 0.881926 0.139886 0.007095 0.008176
48 0.910304 0.183434 0.007770 0.010665
48 0.919426 0.168503 0.007770 0.007110
48 0.977196 0.198720 0.009122 0.014220
48 0.724155 0.289371 0.032095 0.048347
48 0.049155 0.961074 0.012500 0.013153
48 0.059797 0.952364 0.012162 0.014931
48 0.055068 0.935656 0.014865 0.017064
48 0.044088 0.933878 0.018581 0.024173
48 0.045270 0.951475 0.019595 0.018841
48 0.031926 0.951653 0.011824 0.012087
5 0.065372 0.727160 0.003716 0.003199
5 0.117399 0.735869 0.005068 0.004266
5 0.125676 0.729115 0.004054 0.004266
5 0.064020 0.717028 0.003716 0.003555
6 0.081757 0.645752 0.011486 0.007465
6 0.094764 0.651084 0.011149 0.010309
6 0.105743 0.656417 0.008108 0.008887
6 0.117230 0.662993 0.010135 0.007110
6 0.174324 0.688411 0.003378 0.013153
48 0.867736 0.127266 0.008446 0.007821
48 0.883446 0.128333 0.007432 0.012087
48 0.857770 0.161927 0.009459 0.011731
48 0.888682 0.136154 0.008446 0.015642
48 0.939696 0.090295 0.005068 0.004977
48 0.864358 0.120334 0.008446 0.006754
48 0.936824 0.144508 0.014865 0.010309
48 0.903547 0.100604 0.005743 0.012798
48 0.868074 0.108070 0.008446 0.006399
48 0.974662 0.133843 0.014189 0.016708
5 0.198986 0.714717 0.002703 0.003910
5 0.175000 0.700320 0.004730 0.002844
5 0.158953 0.709029 0.005068 0.003910
5 0.144426 0.705119 0.004392 0.003910
5 0.167568 0.703519 0.006081 0.003555
5 0.151858 0.708319 0.003716 0.003199
5 0.098986 0.736936 0.003378 0.003555
5 0.095439 0.740313 0.004392 0.003910
5 0.034122 0.734803 0.003378 0.004266
5 0.036318 0.734092 0.003041 0.003555
5 0.027196 0.689300 0.004392 0.005688
10 0.103209 0.733558 0.004392 0.003910
48 0.912669 0.095272 0.011824 0.006399
48 0.935473 0.152151 0.006081 0.007110
48 0.945608 0.197476 0.014189 0.007465
48 0.847466 0.213651 0.017230 0.012798
48 0.964189 0.247956 0.014865 0.015286
48 0.809797 0.250622 0.018919 0.010665
5 0.075676 0.760576 0.004054 0.004621
5 0.047635 0.789371 0.004730 0.004621
5 0.039865 0.797369 0.004730 0.004977
5 0.056250 0.796836 0.004392 0.003910
5 0.059966 0.793103 0.004392 0.003555
9 0.054392 0.794170 0.004054 0.004266
48 0.010304 0.816033 0.020608 0.032350
6 0.035135 0.803057 0.005405 0.005688
48 0.080912 0.396907 0.042905 0.025240
48 0.047804 0.345716 0.026014 0.011731
48 0.047804 0.325809 0.026689 0.030928
48 0.898818 0.166015 0.006419 0.006399
48 0.911824 0.170459 0.006757 0.008887
48 0.920439 0.148951 0.013176 0.010665
48 0.893412 0.207785 0.013176 0.013153
48 0.826182 0.097227 0.007770 0.007465
48 0.976351 0.101493 0.007432 0.012442
48 0.982770 0.132599 0.008108 0.008532
5 0.784291 0.188233 0.003716 0.005332
48 0.825676 0.105403 0.009459 0.011020
48 0.858953 0.151973 0.007095 0.008176
48 0.932770 0.116601 0.014189 0.017775
48 0.907095 0.108781 0.018243 0.012087
48 0.948818 0.094028 0.007095 0.018841
48 0.982264 0.104692 0.007770 0.008176
48 0.818919 0.168681 0.009459 0.008176
48 0.822973 0.176146 0.010135 0.011731
48 0.832432 0.177035 0.009459 0.007821
48 0.932432 0.228048 0.008784 0.013864
48 0.944595 0.202631 0.005405 0.007110
48 0.937838 0.201742 0.012162 0.008887
48 0.973649 0.188589 0.012838 0.009598
48 0.939358 0.154639 0.009122 0.009954
48 0.792568 0.348738 0.016216 0.012087
5 0.491385 0.927124 0.004392 0.004977
48 0.921453 0.118557 0.011149 0.023107
48 0.899324 0.183256 0.015541 0.008887
48 0.978209 0.092428 0.008446 0.012087
48 0.902196 0.155883 0.013176 0.014575
48 0.904223 0.118557 0.014527 0.013153
48 0.951351 0.162282 0.014189 0.011731
48 0.905912 0.129044 0.009122 0.010665
48 0.864020 0.137398 0.008446 0.015286
48 0.964527 0.200320 0.008784 0.006754
48 0.941554 0.247778 0.013514 0.009243
48 0.932770 0.261820 0.012838 0.007465
48 0.812331 0.234803 0.017230 0.008887
5 0.370439 0.805012 0.003041 0.002488
5 0.341554 0.780839 0.005405 0.003199
48 0.805405 0.311767 0.012838 0.011376
48 0.793750 0.314255 0.018581 0.013509
48 0.696622 0.257732 0.025676 0.026306
48 0.896959 0.175258 0.011486 0.010665
48 0.953209 0.115357 0.007770 0.008887
48 0.967568 0.124778 0.012838 0.012087
48 0.865878 0.102204 0.010135 0.008887
48 0.947297 0.210451 0.011486 0.008532
48 0.873311 0.205119 0.012162 0.012798
48 0.968750 0.238180 0.010473 0.013509
48 0.949831 0.263953 0.015878 0.018841
48 0.817568 0.200320 0.018919 0.018130
48 0.812669 0.175791 0.009122 0.009598
48 0.834122 0.138109 0.006757 0.011020
48 0.845270 0.107181 0.005405 0.007465
48 0.912331 0.101671 0.012500 0.009243
48 0.874324 0.100782 0.007432 0.008176
48 0.930574 0.098827 0.005743 0.021330
48 0.959459 0.125489 0.008108 0.008532
48 0.966723 0.088340 0.014527 0.008887
48 0.928716 0.170992 0.014189 0.012798
48 0.835811 0.123711 0.011486 0.014220
48 0.882432 0.160683 0.014865 0.014220
48 0.882432 0.101849 0.007432 0.012442
48 0.955912 0.199431 0.008446 0.007821
48 0.949324 0.337718 0.064865 0.078208
48 0.843750 0.144152 0.007770 0.011731
48 0.892905 0.153750 0.007432 0.013864
48 0.968750 0.116068 0.014527 0.012442
48 0.940541 0.166370 0.011486 0.014220
48 0.908108 0.139353 0.016892 0.010665
48 0.939020 0.100604 0.011824 0.015642
48 0.957432 0.190366 0.011486 0.011731
48 0.974324 0.231248 0.012162 0.008176
48 0.820270 0.156061 0.007432 0.005688
48 0.913176 0.126555 0.006081 0.017775
48 0.905405 0.176680 0.009459 0.007821
48 0.957770 0.133665 0.007432 0.011376
48 0.758108 0.266086 0.026351 0.013153
48 0.822635 0.137576 0.008108 0.007821
48 0.966216 0.097227 0.015541 0.012442
48 0.977365 0.158550 0.006757 0.007110
48 0.967230 0.210096 0.011486 0.012798
48 0.977196 0.213473 0.005743 0.011731
48 0.944088 0.228937 0.017230 0.014220
48 0.852196 0.244401 0.067905 0.032350
48 0.896791 0.111091 0.007770 0.007465
48 0.875676 0.139531 0.010811 0.008887
48 0.965203 0.133132 0.009459 0.010309
48 0.820946 0.161571 0.006757 0.006043
48 0.953209 0.253999 0.007095 0.008176
48 0.830236 0.156239 0.013176 0.006754
48 0.945946 0.182901 0.012162 0.011731
48 0.821453 0.145041 0.007095 0.007110
48 0.979561 0.122823 0.012500 0.010309
48 0.974493 0.178813 0.009122 0.009243
48 0.941892 0.218983 0.010135 0.012087
48 0.875507 0.226449 0.032095 0.012798
48 0.860304 0.106470 0.009797 0.009598
48 0.825169 0.118912 0.009797 0.015997
48 0.849155 0.165837 0.006419 0.010309
48 0.941892 0.131710 0.009459 0.008176
48 0.960304 0.117490 0.007770 0.008887
48 0.925845 0.224671 0.009797 0.009243
48 0.961655 0.264486 0.016554 0.014220
48 0.846453 0.277995 0.023986 0.015642
48 0.959459 0.165304 0.008784 0.012798
48 0.973649 0.152328 0.006757 0.008176
48 0.881588 0.121756 0.012500 0.010309
48 0.935473 0.177568 0.009459 0.008887
48 0.841723 0.222538 0.030068 0.011376
48 0.886486 0.253111 0.039189 0.039104
48 0.835304 0.105048 0.010473 0.011731
48 0.858953 0.126911 0.009122 0.007110
48 0.846959 0.153573 0.008108 0.007110
48 0.913851 0.113935 0.006757 0.006754
48 0.835980 0.201386 0.013176 0.011731
48 0.897466 0.141664 0.007095 0.005332
48 0.912838 0.152862 0.010811 0.005688
48 0.922973 0.098649 0.010135 0.015997
48 0.850845 0.146641 0.010473 0.017419
48 0.969764 0.109492 0.009797 0.007110
48 0.972466 0.162993 0.012500 0.007465
48 0.921284 0.247067 0.015541 0.010665
48 0.933615 0.387842 0.025338 0.027017
48 0.820608 0.151617 0.008108 0.005332
48 0.889696 0.099538 0.007095 0.013509
48 0.980068 0.112513 0.011486 0.010309
48 0.930574 0.150196 0.006419 0.009598
48 0.921622 0.162638 0.008784 0.006043
48 0.962162 0.218272 0.010811 0.008532
48 0.019764 0.934945 0.039527 0.020619
48 0.045946 0.908816 0.031757 0.029506
5 0.958277 0.811589 0.003041 0.004266
5 0.768581 0.983292 0.004054 0.002844
5 0.759459 0.979381 0.003378 0.002844
5 0.746115 0.972449 0.003041 0.002488
5 0.682095 0.944543 0.005405 0.003555
5 0.690878 0.943477 0.004730 0.003555
5 0.063007 0.710274 0.003716 0.002133
5 0.063514 0.714362 0.003378 0.002488
48 0.100507 0.710807 0.020608 0.025240
48 0.117230 0.690899 0.018919 0.022396
5 0.084966 0.715428 0.004392 0.002488
5 0.195946 0.713473 0.003378 0.004977
5 0.211149 0.723782 0.005405 0.003555
5 0.024155 0.706008 0.004392 0.002133
5 0.019595 0.687344 0.002703 0.004621
48 0.098818 0.676502 0.016554 0.019197
5 0.103885 0.690544 0.004392 0.002488
5 0.023986 0.687344 0.002703 0.004621
5 0.032264 0.691610 0.001689 0.003910
5 0.945608 0.287416 0.004054 0.002488
2 0.772297 0.749022 0.025000 0.025595
2 0.005068 0.250800 0.010135 0.067188
5 0.061824 0.775329 0.004054 0.004266
5 0.065034 0.771774 0.003041 0.003555
8 0.157432 0.813900 0.004054 0.003199
5 0.161993 0.813189 0.003041 0.002488
5 0.181081 0.829186 0.004730 0.003199
5 0.155405 0.809989 0.003378 0.002488
5 0.188682 0.857270 0.003041 0.003910
5 0.190709 0.858692 0.003716 0.003910
5 0.192736 0.860114 0.003041 0.003910
5 0.195270 0.860291 0.004054 0.004977
5 0.200000 0.862424 0.003378 0.004266
5 0.153378 0.862602 0.004054 0.004621
5 0.227027 0.851937 0.004730 0.003910
5 0.289358 0.874867 0.003716 0.002844
5 0.263176 0.809456 0.004730 0.003555
5 0.267399 0.811767 0.004392 0.003199
5 0.297973 0.820121 0.003378 0.002844
5 0.295608 0.817099 0.003378 0.002488
5 0.208446 0.782261 0.004730 0.003199
5 0.181757 0.769108 0.004054 0.002488
5 0.356588 0.838606 0.002365 0.004266
5 0.395946 0.856914 0.002027 0.003910
5 0.393243 0.855315 0.002027 0.004266
5 0.408615 0.803590 0.004392 0.003910
5 0.416047 0.805368 0.003716 0.003199
5 0.351014 0.772840 0.003378 0.002844
5 0.356250 0.781728 0.003716 0.002844
5 0.375507 0.808212 0.003041 0.003910
5 0.568243 0.886776 0.004730 0.003910
5 0.563851 0.884287 0.004730 0.003910
5 0.559459 0.882154 0.004054 0.003199
5 0.556081 0.880555 0.003378 0.002844
5 0.551689 0.878066 0.004054 0.002844
5 0.639358 0.917526 0.003716 0.002844
5 0.601351 0.903484 0.003378 0.002488
10 0.662838 0.933167 0.002703 0.004977
5 0.447466 0.893708 0.003041 0.004266
5 0.431926 0.885531 0.003041 0.004266
5 0.381757 0.976715 0.004054 0.001777
5 0.613851 0.941699 0.001351 0.002844
44 0.799324 0.270352 0.010135 0.006043
44 0.796622 0.275507 0.007432 0.005688
11 0.290203 0.749022 0.014189 0.008532
5 0.437162 0.889797 0.002027 0.004266
48 0.890034 0.329897 0.032770 0.024173
48 0.278547 0.785460 0.030743 0.038749
48 0.180912 0.897618 0.026014 0.018486
48 0.135473 0.476537 0.019595 0.092073
48 0.163176 0.477604 0.018919 0.089940
55 0.109459 0.527906 0.004054 0.004977
5 0.073311 0.764486 0.002703 0.003199
5 0.313851 0.754888 0.003378 0.002488
5 0.478885 0.974049 0.005068 0.002844
48 0.399155 0.840739 0.023986 0.037682
48 0.195777 0.923569 0.028716 0.037682
48 0.271453 0.900107 0.030743 0.040526
2 0.746453 0.483470 0.032095 0.046925
5 0.252196 0.796125 0.003041 0.002488
5 0.453209 0.896019 0.003041 0.001777
48 0.165878 0.926413 0.029054 0.016353
48 0.030405 0.394597 0.060811 0.027728
5 0.615034 0.901884 0.003716 0.002133
48 0.465203 0.872734 0.025000 0.054035
48 0.351520 0.898151 0.048311 0.030217
48 0.225169 0.807856 0.073986 0.043726
48 0.028885 0.733203 0.057770 0.060078
48 0.030912 0.418415 0.061824 0.021330
5 0.332770 0.916637 0.002027 0.003910
48 0.188514 0.879488 0.035811 0.014220
48 0.263176 0.973338 0.031757 0.019197
48 0.029223 0.673836 0.058446 0.079275
48 0.034459 0.464984 0.052703 0.051191
48 0.322973 0.803235 0.034459 0.043726
48 0.021115 0.783505 0.041554 0.014220
10 0.184291 0.691610 0.008446 0.002488
10 0.754899 0.987913 0.004392 0.002844
5 0.449324 0.902595 0.004730 0.003555
48 0.914527 0.340028 0.020270 0.024529
48 0.875507 0.425347 0.057095 0.045859
48 0.221284 0.934056 0.040541 0.048702
48 0.392399 0.920903 0.035473 0.023107
48 0.076182 0.878422 0.028716 0.028439
5 0.013851 0.863846 0.003378 0.002844
5 0.020270 0.816921 0.002703 0.002844
5 0.573818 0.888909 0.003716 0.001777
5 0.704223 0.967828 0.003041 0.003199
5 0.424493 0.882332 0.002365 0.002844
48 0.302365 0.793637 0.029730 0.046570
5 0.338851 0.773551 0.003378 0.002133
5 0.362162 0.784749 0.004054 0.002488
48 0.174493 0.812478 0.039527 0.027373
48 0.263682 0.856559 0.021959 0.020263
48 0.204392 0.850515 0.029730 0.017419
5 0.400169 0.856026 0.002365 0.002133
48 0.426520 0.934589 0.032770 0.025595
5 0.053547 0.784394 0.002365 0.003199
5 0.493919 0.929257 0.002703 0.003555
48 0.301351 0.898685 0.022297 0.018486
5 0.174155 0.818699 0.003716 0.002133
5 0.657432 0.921258 0.005405 0.002488
48 0.369257 0.824209 0.018243 0.034483
48 0.488513 0.885531 0.031757 0.045503
5 0.330743 0.921969 0.002703 0.003910
10 0.251858 0.976538 0.004392 0.002133
5 0.218919 0.959829 0.002703 0.002133
48 0.189865 0.743335 0.029054 0.038393
48 0.442230 0.861713 0.025000 0.035549
48 0.285980 0.928546 0.026014 0.019197
48 0.401689 0.963029 0.029730 0.045503
5 0.374324 0.870068 0.002703 0.004621
48 0.092905 0.463918 0.013514 0.049058
48 0.030743 0.328119 0.022297 0.037682
6 0.321622 0.763953 0.008108 0.004977
5 0.032770 0.870956 0.004730 0.004266
5 0.197804 0.861891 0.001689 0.002488
48 0.148986 0.901173 0.029730 0.039815
5 0.020101 0.858514 0.006419 0.006399
5 0.383953 0.831497 0.002365 0.004977
10 0.746453 0.984536 0.004392 0.003910
48 0.294088 0.972805 0.026689 0.041593
5 0.273142 0.814966 0.003716 0.001777
5 0.464865 0.835585 0.003378 0.001777
5 0.483615 0.924991 0.003716 0.006399
2 0.648818 0.377177 0.040878 0.036260
5 0.670101 0.927835 0.004392 0.002844
48 0.319595 0.852471 0.068243 0.035549
48 0.003547 0.323676 0.007095 0.065055
55 0.110642 0.533594 0.004392 0.004266
5 0.664527 0.925347 0.004730 0.002133
5 0.385304 0.876289 0.002365 0.002844
5 0.398818 0.876466 0.003716 0.002488
48 0.345270 0.816566 0.033784 0.047636
48 0.078378 0.457519 0.016892 0.038393
48 0.027196 0.369712 0.054392 0.023462
5 0.384628 0.789549 0.004392 0.001422
5 0.632770 0.910238 0.004054 0.003199
5 0.493074 0.915926 0.003716 0.004621
5 0.499662 0.920014 0.002027 0.004266
48 0.173649 0.851937 0.025000 0.040882
48 0.221791 0.873622 0.028716 0.041593
5 0.224831 0.782794 0.001689 0.002844
48 0.276182 0.945432 0.028041 0.013153
48 0.246453 0.946854 0.028041 0.034483
5 0.180743 0.867046 0.002703 0.002844
5 0.377027 0.829541 0.002027 0.003910
5 0.645270 0.924636 0.002703 0.002133
4 0.733784 0.910949 0.002703 0.003199
48 0.257939 0.772663 0.034797 0.041593
48 0.422297 0.851404 0.025000 0.038393
48 0.018243 0.518130 0.027027 0.037327
5 0.246791 0.792926 0.003041 0.001777
5 0.612500 0.909883 0.003378 0.003910
5 0.712331 0.959296 0.004392 0.003910
48 0.041892 0.857092 0.037838 0.038393
6 0.230405 0.646818 0.006081 0.008176
5 0.622128 0.904906 0.003716 0.001777
51 0.115878 0.795592 0.060811 0.053324
48 0.147973 0.955030 0.043243 0.027373
5 0.406250 0.799858 0.003716 0.002133
5 0.346959 0.777462 0.005405 0.002844
48 0.507095 0.897085 0.018243 0.040882
48 0.313851 0.926591 0.029730 0.041593
48 0.086318 0.417881 0.043581 0.017419
2 0.251858 0.669392 0.029392 0.039104
5 0.054392 0.766619 0.002703 0.003199
4 0.559122 0.854781 0.007432 0.003199
5 0.414865 0.971383 0.001351 0.006043
48 0.302365 0.875222 0.043243 0.023462
48 0.377872 0.953964 0.021284 0.045859
48 0.019257 0.542481 0.027703 0.012798
5 0.167399 0.815499 0.004392 0.001422
48 0.417568 0.903662 0.095270 0.050480
48 0.462838 0.956452 0.031081 0.026662
48 0.946284 0.190366 0.013514 0.008887
5 0.242061 0.790793 0.003041 0.002488
5 0.393919 0.816210 0.002703 0.003555
5 0.330912 0.764309 0.004392 0.003555
48 0.212669 0.751333 0.026014 0.034483
48 0.066216 0.515286 0.062162 0.057234
2 0.828378 0.623889 0.045270 0.081052
48 0.083615 0.920903 0.028041 0.025951
48 0.100507 0.972805 0.042905 0.035905
5 0.365034 0.803235 0.002365 0.003910
48 0.223142 0.835229 0.043581 0.023107
48 0.234291 0.762176 0.026014 0.035549
