48 0.737162 0.004975 0.022297 0.009950
5 0.676182 0.004442 0.002365 0.001777
5 0.684797 0.003021 0.002703 0.001777
48 0.987500 0.154407 0.006757 0.006752
48 0.996115 0.641080 0.005068 0.004975
48 0.995439 0.632196 0.005068 0.007107
48 0.988682 0.636461 0.013851 0.009950
48 0.997128 0.636105 0.005743 0.007818
48 0.995777 0.626155 0.007770 0.005686
48 0.995439 0.621358 0.004392 0.005330
48 0.991385 0.611763 0.007770 0.009595
48 0.995608 0.614250 0.007432 0.010306
48 0.988851 0.961443 0.022297 0.051528
51 0.992736 0.826937 0.014527 0.049751
51 0.987162 0.903696 0.025676 0.078891
51 0.987331 0.859986 0.025338 0.044065
51 0.995777 0.774343 0.008446 0.088131
48 0.644932 0.083156 0.017568 0.014925
48 0.642399 0.071429 0.017905 0.014215
6 0.735811 0.074094 0.008784 0.013859
5 0.730743 0.054371 0.003378 0.005686
48 0.667399 0.068586 0.020608 0.017058
52 0.682939 0.103945 0.088176 0.123312
48 0.716385 0.216418 0.017230 0.020611
5 0.734628 0.212509 0.003716 0.005686
5 0.730574 0.194030 0.005068 0.007107
9 0.730743 0.147122 0.006081 0.008529
9 0.731250 0.156006 0.005743 0.008529
5 0.737331 0.225835 0.003041 0.004620
48 0.864865 0.510483 0.004054 0.008173
48 0.867905 0.518124 0.008784 0.007107
48 0.852872 0.509950 0.010473 0.012082
48 0.852534 0.499289 0.008446 0.008529
48 0.860642 0.500533 0.009797 0.010306
48 0.879899 0.496269 0.014527 0.014570
48 0.896622 0.487384 0.004730 0.008884
48 0.890878 0.482232 0.006081 0.010661
48 0.843074 0.461976 0.007770 0.009240
48 0.837331 0.463930 0.005743 0.006752
48 0.828716 0.467306 0.011486 0.011372
48 0.840372 0.521144 0.012500 0.013859
48 0.861149 0.535359 0.013514 0.012438
48 0.817568 0.495913 0.013514 0.014570
48 0.836149 0.489517 0.008784 0.007463
48 0.843750 0.512616 0.008446 0.010306
48 0.839527 0.502665 0.010811 0.011016
48 0.890709 0.516169 0.009797 0.014570
48 0.863007 0.545487 0.019257 0.010661
48 0.907095 0.536070 0.005405 0.006752
48 0.892061 0.536070 0.013176 0.008173
48 0.893919 0.528607 0.008108 0.004620
48 0.905405 0.530206 0.014865 0.005686
48 0.919426 0.527896 0.008446 0.006041
48 0.908446 0.525409 0.010811 0.004620
48 0.909291 0.521322 0.011824 0.004975
48 0.917736 0.520256 0.005068 0.004975
48 0.924831 0.522388 0.005068 0.008529
48 0.866723 0.527008 0.005068 0.009240
48 0.852027 0.522033 0.010135 0.014215
48 0.860304 0.513326 0.005743 0.003909
48 0.839358 0.538380 0.004392 0.004975
48 0.880574 0.553660 0.011149 0.006397
48 0.755912 0.514570 0.019257 0.019190
48 0.943919 0.534115 0.012162 0.004264
48 0.941216 0.527541 0.013514 0.009595
48 0.960304 0.536070 0.013176 0.006752
48 0.912838 0.541222 0.012838 0.009240
48 0.931757 0.539090 0.006081 0.005686
48 0.918581 0.547264 0.011486 0.012793
48 0.901520 0.491294 0.004392 0.005330
48 0.935811 0.484719 0.004054 0.003554
48 0.921959 0.478145 0.006081 0.006041
48 0.888007 0.466951 0.008446 0.006397
48 0.912331 0.465174 0.007770 0.007818
48 0.946622 0.493248 0.011486 0.011372
48 0.967905 0.495025 0.012162 0.017768
48 0.956757 0.495913 0.009459 0.018834
48 0.949324 0.506041 0.009459 0.009240
48 0.924662 0.496446 0.008784 0.009240
48 0.954561 0.521677 0.023311 0.008529
48 0.930912 0.514037 0.004392 0.004620
48 0.937331 0.492893 0.006419 0.009950
48 0.938514 0.501066 0.012838 0.010661
48 0.911824 0.482409 0.006757 0.005330
48 0.927534 0.509239 0.004392 0.003554
48 0.916723 0.490760 0.011824 0.006397
48 0.922297 0.484009 0.018243 0.012082
48 0.916047 0.507285 0.007095 0.006752
48 0.908446 0.409026 0.010135 0.010661
48 0.919257 0.430526 0.008108 0.005330
48 0.912669 0.423241 0.009122 0.009950
48 0.919426 0.424307 0.007095 0.009240
48 0.928209 0.430526 0.007770 0.012438
48 0.917399 0.439588 0.019257 0.010661
48 0.932263 0.458422 0.006419 0.005686
48 0.911824 0.454691 0.014865 0.006752
48 0.897973 0.418977 0.016216 0.014925
48 0.884628 0.434613 0.009122 0.007107
48 0.887500 0.429993 0.008108 0.006397
48 0.899662 0.432303 0.008108 0.010306
48 0.873986 0.437100 0.012162 0.007107
48 0.891216 0.437811 0.008784 0.008529
48 0.918581 0.410092 0.011486 0.007818
5 0.925845 0.214286 0.003716 0.005686
5 0.742568 0.290689 0.004054 0.007107
5 0.850338 0.302594 0.002703 0.005330
5 0.847128 0.303127 0.003041 0.005686
5 0.685304 0.651741 0.003041 0.004975
5 0.663007 0.793355 0.003041 0.005330
5 0.640541 0.944563 0.002703 0.005686
5 0.641723 0.978856 0.003041 0.004620
5 0.841047 0.975657 0.003041 0.003909
5 0.841385 0.970860 0.003716 0.004975
5 0.874493 0.960910 0.004392 0.005686
5 0.970101 0.915778 0.002365 0.004975
5 0.885811 0.922175 0.002703 0.004264
5 0.883277 0.921819 0.002365 0.004975
5 0.881419 0.921109 0.002703 0.004264
5 0.885980 0.917910 0.003041 0.005686
5 0.888682 0.918266 0.003041 0.004975
5 0.897635 0.884151 0.003378 0.005686
5 0.891216 0.882552 0.004054 0.006752
5 0.908446 0.854655 0.002703 0.005686
5 0.900000 0.842040 0.003378 0.004620
5 0.897635 0.840796 0.002703 0.004975
5 0.895270 0.838841 0.002703 0.004620
5 0.887331 0.836176 0.003041 0.005686
5 0.973649 0.856610 0.002703 0.004620
5 0.976014 0.810945 0.006081 0.004975
5 0.975338 0.807036 0.005405 0.002843
5 0.979730 0.859630 0.004054 0.006397
5 0.987669 0.803483 0.003716 0.004264
5 0.906926 0.843817 0.002365 0.005330
5 0.715034 0.004087 0.001689 0.001777
5 0.712500 0.017235 0.002027 0.002488
48 0.730236 0.022743 0.003041 0.004975
5 0.820608 0.099325 0.002027 0.003909
6 0.756926 0.250711 0.002365 0.007463
48 0.809966 0.349147 0.016554 0.013859
48 0.816047 0.359097 0.003716 0.005330
48 0.816723 0.368870 0.008446 0.003554
5 0.636655 0.324982 0.002365 0.001777
5 0.637669 0.326937 0.003041 0.002132
5 0.639020 0.331023 0.003041 0.002488
5 0.640034 0.335999 0.003041 0.001777
9 0.745101 0.328181 0.001689 0.003198
5 0.668412 0.380952 0.001689 0.003554
48 0.952365 0.395522 0.006081 0.006397
48 0.800338 0.419154 0.020270 0.006041
5 0.800169 0.423596 0.003041 0.002843
48 0.859797 0.405117 0.009459 0.008529
48 0.851858 0.416311 0.008446 0.006752
48 0.870946 0.399076 0.010811 0.005686
48 0.871115 0.404762 0.011149 0.007107
48 0.881588 0.400498 0.011149 0.014925
48 0.888345 0.400320 0.003716 0.003198
48 0.894088 0.396055 0.011149 0.011727
48 0.906926 0.399076 0.005743 0.010661
48 0.903716 0.403696 0.003378 0.006397
48 0.901182 0.403163 0.004392 0.008173
48 0.901858 0.410803 0.005743 0.006397
48 0.897804 0.405828 0.007095 0.010661
48 0.892061 0.407072 0.008446 0.011016
48 0.888176 0.410092 0.006757 0.009950
48 0.883108 0.410092 0.006081 0.005686
48 0.868412 0.410803 0.010473 0.007107
48 0.869595 0.416844 0.006081 0.004975
48 0.873311 0.418977 0.005405 0.006397
48 0.864189 0.415068 0.004730 0.004975
48 0.859797 0.418444 0.008108 0.007463
48 0.865878 0.422530 0.008784 0.009950
48 0.852534 0.426972 0.005068 0.005330
48 0.851014 0.422886 0.006757 0.005686
48 0.857601 0.424129 0.008446 0.010306
48 0.862162 0.428216 0.004730 0.006397
48 0.879561 0.424485 0.009797 0.008173
48 0.887331 0.423952 0.005743 0.005686
48 0.856081 0.430171 0.004730 0.004620
48 0.859966 0.433013 0.006419 0.007463
48 0.864865 0.434435 0.004054 0.004620
48 0.852872 0.433902 0.007095 0.007107
48 0.856081 0.437811 0.007432 0.004264
48 0.893243 0.431237 0.004730 0.005330
48 0.905743 0.429460 0.006081 0.006752
48 0.905574 0.435679 0.004392 0.005686
48 0.897466 0.439588 0.007095 0.007107
48 0.916554 0.459666 0.006081 0.005330
48 0.921791 0.461976 0.004392 0.003554
48 0.921959 0.455757 0.004730 0.008884
48 0.926858 0.454869 0.005743 0.006397
48 0.812162 0.470505 0.008784 0.005686
48 0.819088 0.465530 0.005068 0.005686
48 0.821284 0.468728 0.004054 0.003554
48 0.834291 0.456468 0.009122 0.008173
48 0.848649 0.448294 0.008108 0.007463
48 0.854561 0.452736 0.005068 0.006397
48 0.848987 0.465174 0.006757 0.004975
48 0.850169 0.458955 0.007095 0.007463
48 0.858277 0.443497 0.007095 0.007818
48 0.863176 0.442253 0.004054 0.007463
48 0.860642 0.458067 0.013176 0.007107
48 0.881081 0.447228 0.006757 0.008173
48 0.878041 0.454869 0.014189 0.011372
48 0.871622 0.463220 0.008784 0.006752
48 0.879730 0.464819 0.006757 0.007818
48 0.860135 0.474236 0.005405 0.010306
48 0.865372 0.473348 0.005743 0.009240
48 0.873480 0.469083 0.012500 0.007107
48 0.874324 0.474947 0.014189 0.008173
48 0.886655 0.455757 0.005068 0.009595
48 0.890878 0.455402 0.004730 0.010306
48 0.894426 0.453092 0.004392 0.005686
48 0.896453 0.461443 0.008446 0.011016
48 0.903209 0.460377 0.006419 0.004620
48 0.881926 0.440298 0.007770 0.004975
48 0.926182 0.467484 0.004392 0.005330
48 0.892399 0.471926 0.009797 0.009950
48 0.899493 0.450604 0.011149 0.015636
48 0.926689 0.462154 0.005405 0.004620
48 0.915541 0.475302 0.004054 0.006041
48 0.910642 0.476013 0.005743 0.006752
48 0.906081 0.476013 0.004054 0.006041
48 0.905405 0.482765 0.004054 0.007463
48 0.901520 0.474236 0.009122 0.009595
48 0.898480 0.482409 0.008446 0.010306
48 0.891892 0.490227 0.004730 0.004620
48 0.917568 0.497868 0.005405 0.004975
48 0.905405 0.496802 0.008108 0.007107
48 0.907095 0.491827 0.004730 0.003554
48 0.921959 0.501777 0.004730 0.003554
48 0.922635 0.505331 0.006081 0.003554
48 0.922297 0.510661 0.004054 0.007107
48 0.930743 0.498401 0.004730 0.006752
48 0.932095 0.493426 0.004054 0.003198
48 0.929223 0.504797 0.006419 0.006041
48 0.927027 0.489517 0.005405 0.003909
48 0.905405 0.504087 0.006081 0.006752
48 0.912162 0.502488 0.006081 0.005686
48 0.933277 0.508706 0.003041 0.004620
48 0.935642 0.509062 0.001689 0.004620
48 0.940541 0.510483 0.008108 0.007463
48 0.955574 0.509239 0.003041 0.007107
48 0.946622 0.517058 0.003378 0.003554
48 0.950000 0.513504 0.011486 0.005686
48 0.957939 0.514925 0.004392 0.004264
48 0.966216 0.509239 0.005405 0.007107
48 0.979561 0.523276 0.005743 0.005330
48 0.965034 0.516880 0.005068 0.007463
48 0.971115 0.520434 0.009122 0.006752
48 0.927027 0.513326 0.004054 0.003909
48 0.927365 0.517768 0.004730 0.004975
48 0.935135 0.516702 0.008784 0.009950
48 0.930068 0.528429 0.008784 0.004264
48 0.928209 0.533760 0.002365 0.004264
48 0.926689 0.537669 0.002703 0.004975
48 0.927027 0.542644 0.006081 0.007107
48 0.970101 0.537313 0.006419 0.004975
48 0.945777 0.540689 0.005743 0.006752
48 0.974662 0.552239 0.004054 0.007107
48 0.952027 0.534470 0.004054 0.002843
48 0.952196 0.537847 0.007095 0.003909
48 0.969764 0.546198 0.005068 0.006397
48 0.975507 0.543888 0.007095 0.008884
48 0.953209 0.542466 0.008446 0.006041
48 0.947973 0.548507 0.008784 0.007463
48 0.955912 0.546375 0.006419 0.005330
48 0.963176 0.544065 0.008784 0.009240
48 0.932095 0.551883 0.003378 0.003554
48 0.935304 0.550817 0.003716 0.003554
48 0.905405 0.544776 0.006757 0.005686
48 0.899831 0.511372 0.008446 0.009950
48 0.905912 0.514215 0.005068 0.004975
48 0.911487 0.515814 0.006081 0.006752
5 0.694257 0.537847 0.002703 0.005330
5 0.693074 0.544598 0.002365 0.004620
5 0.700338 0.520789 0.002703 0.004620
48 0.878547 0.517946 0.013176 0.007463
48 0.884797 0.507107 0.004054 0.007107
5 0.692230 0.552417 0.002027 0.003909
48 0.888682 0.562900 0.003041 0.010661
48 0.896284 0.566631 0.006081 0.004620
48 0.911824 0.555082 0.007432 0.007107
48 0.916216 0.559168 0.004054 0.005330
48 0.910980 0.570185 0.005743 0.003909
48 0.916385 0.569652 0.005068 0.003554
48 0.920608 0.560057 0.006081 0.004975
48 0.920101 0.565565 0.006419 0.005330
48 0.925507 0.565387 0.005068 0.004975
48 0.922635 0.572139 0.006757 0.008529
48 0.927365 0.572317 0.004054 0.008884
48 0.974493 0.559702 0.005743 0.007107
48 0.970101 0.566276 0.003716 0.006752
48 0.929730 0.563788 0.007432 0.006752
48 0.933277 0.557747 0.005068 0.006752
48 0.932939 0.575693 0.007095 0.004975
48 0.938007 0.575160 0.003041 0.005330
48 0.941385 0.576226 0.003041 0.005330
48 0.937331 0.566276 0.005743 0.011727
48 0.912669 0.564677 0.003716 0.005686
48 0.943919 0.557214 0.004730 0.005686
48 0.939189 0.555082 0.010811 0.009950
48 0.974493 0.565743 0.005068 0.006397
48 0.969595 0.558458 0.005405 0.008173
48 0.963682 0.557925 0.006419 0.008529
48 0.947804 0.553838 0.005743 0.005330
48 0.957770 0.564854 0.005405 0.007463
48 0.950845 0.564144 0.009122 0.006752
48 0.948649 0.570718 0.003378 0.006397
48 0.954223 0.571784 0.007770 0.007818
48 0.953885 0.578714 0.005743 0.006041
48 0.967061 0.551528 0.010473 0.006397
48 0.954223 0.555259 0.015203 0.013149
48 0.908953 0.576048 0.004392 0.008529
48 0.926182 0.579957 0.009122 0.007107
48 0.931250 0.580135 0.002365 0.004620
48 0.961318 0.575871 0.009122 0.013859
6 0.698480 0.589730 0.004392 0.001777
5 0.862500 0.612651 0.002027 0.002843
5 0.870270 0.593106 0.002027 0.002843
48 0.901013 0.575693 0.003378 0.003554
48 0.904054 0.579069 0.008784 0.009595
48 0.909459 0.583333 0.005405 0.006752
48 0.916723 0.586176 0.009122 0.008884
48 0.936318 0.581556 0.011824 0.006041
48 0.927027 0.593461 0.006081 0.005686
48 0.925338 0.588308 0.009459 0.009595
48 0.941554 0.587598 0.004730 0.004620
48 0.934628 0.590441 0.011149 0.011727
48 0.951520 0.588486 0.008446 0.004975
48 0.940541 0.595416 0.008784 0.009595
48 0.961824 0.587953 0.010811 0.009595
48 0.950676 0.585110 0.016892 0.009595
48 0.906250 0.588664 0.008446 0.007463
48 0.913682 0.590263 0.006419 0.004975
48 0.919595 0.593639 0.007432 0.006752
48 0.967905 0.594883 0.006757 0.006397
48 0.973987 0.598614 0.008108 0.008173
48 0.977872 0.601635 0.007770 0.007107
48 0.980236 0.604300 0.004392 0.004620
48 0.983277 0.605366 0.007095 0.007463
48 0.909459 0.599680 0.006081 0.005330
48 0.914189 0.596837 0.013514 0.009595
15 0.880237 0.036070 0.007770 0.004620
15 0.881588 0.044065 0.010473 0.005686
48 0.813007 0.087775 0.013176 0.012082
48 0.813345 0.098614 0.012500 0.010306
5 0.824324 0.080490 0.002027 0.004620
49 0.870101 0.226013 0.034122 0.031983
5 0.919257 0.210554 0.006081 0.003198
48 0.834122 0.165601 0.056081 0.051883
48 0.766047 0.127221 0.039527 0.017058
48 0.798818 0.115672 0.011824 0.011016
48 0.737500 0.489872 0.014189 0.018834
48 0.730743 0.523810 0.031081 0.038380
5 0.697466 0.525942 0.003041 0.004975
48 0.668919 0.522388 0.010811 0.017058
48 0.660980 0.522921 0.008446 0.008173
5 0.706250 0.595949 0.004392 0.002843
5 0.710811 0.595949 0.004054 0.002132
48 0.781926 0.543177 0.036149 0.021677
48 0.788851 0.629709 0.035811 0.022033
48 0.781250 0.636105 0.013851 0.009240
48 0.774831 0.698650 0.008446 0.006397
48 0.747804 0.715174 0.031419 0.014570
48 0.631250 0.857676 0.012500 0.009595
48 0.585811 0.970327 0.018919 0.023810
48 0.616892 0.974769 0.039189 0.029851
1 0.866047 0.208955 0.011824 0.009240
48 0.754899 0.029673 0.021284 0.028785
5 0.738176 0.025942 0.004054 0.002843
5 0.740541 0.034471 0.004054 0.002132
5 0.717399 0.388060 0.001689 0.003554
5 0.671622 0.408493 0.004730 0.003198
5 0.661824 0.408671 0.004054 0.002132
48 0.642736 0.442253 0.039527 0.023099
48 0.866723 0.380064 0.028041 0.035892
48 0.877196 0.432125 0.009122 0.007107
49 0.873311 0.251955 0.027703 0.024876
48 0.776013 0.437456 0.029054 0.049041
48 0.797297 0.444030 0.022297 0.027363
48 0.599324 0.840441 0.014865 0.019900
48 0.596284 0.866382 0.017568 0.041222
5 0.654730 0.870114 0.002703 0.004620
5 0.654054 0.874023 0.002703 0.004620
48 0.697297 0.898188 0.016892 0.007463
48 0.714696 0.894989 0.005068 0.006041
48 0.715709 0.900320 0.006419 0.005330
48 0.720608 0.899254 0.004054 0.006041
48 0.766047 0.884684 0.009797 0.009595
48 0.713851 0.910448 0.008108 0.008529
48 0.756419 0.925728 0.012838 0.007107
48 0.768919 0.924662 0.012838 0.008529
48 0.790034 0.949360 0.010473 0.018124
48 0.780068 0.943852 0.008784 0.011372
48 0.780236 0.955757 0.009797 0.009595
48 0.773986 0.943497 0.004730 0.009950
48 0.778041 0.935501 0.009459 0.005330
48 0.788682 0.940476 0.012500 0.008884
48 0.713513 0.984719 0.013514 0.007818
48 0.720101 0.983120 0.003716 0.006752
48 0.894595 0.861940 0.038514 0.037313
48 0.884966 0.899964 0.040203 0.037313
48 0.877872 0.940298 0.042905 0.036247
48 0.869595 0.975657 0.037162 0.026652
48 0.813851 0.326048 0.050676 0.021677
48 0.782601 0.301883 0.034797 0.015991
5 0.778716 0.140192 0.004730 0.003198
5 0.747297 0.163113 0.003378 0.003554
48 0.782770 0.266347 0.035811 0.045131
48 0.699324 0.355899 0.100000 0.044421
5 0.735642 0.333156 0.003716 0.006041
48 0.685811 0.326404 0.024324 0.023099
48 0.701351 0.321962 0.022973 0.025586
48 0.717736 0.318053 0.019932 0.023454
48 0.731757 0.313433 0.022973 0.024165
48 0.712669 0.452203 0.029392 0.014570
48 0.644088 0.470505 0.026014 0.022033
48 0.664020 0.471748 0.022635 0.023099
5 0.627365 0.466951 0.004730 0.004264
48 0.697973 0.719438 0.026351 0.016702
48 0.695270 0.791222 0.027703 0.031628
48 0.719257 0.797264 0.022297 0.029495
48 0.621115 0.840263 0.030743 0.029495
48 0.716047 0.655117 0.019257 0.015281
48 0.704223 0.669510 0.041554 0.031983
5 0.726858 0.681770 0.003716 0.004620
48 0.781081 0.399787 0.038514 0.015636
48 0.820270 0.398188 0.036486 0.014570
48 0.882770 0.343817 0.018243 0.033760
48 0.770101 0.222281 0.023986 0.016702
48 0.811993 0.212864 0.020608 0.022743
48 0.827872 0.243248 0.017230 0.020256
48 0.833953 0.065565 0.011149 0.012438
48 0.846284 0.066631 0.013514 0.013149
48 0.856250 0.067164 0.011824 0.011372
48 0.835811 0.080490 0.012838 0.011727
48 0.846115 0.080846 0.012500 0.012438
48 0.857432 0.081201 0.012838 0.012438
48 0.836149 0.095593 0.013514 0.014215
48 0.847297 0.096660 0.013514 0.014215
48 0.858615 0.097015 0.011824 0.012793
48 0.837500 0.111585 0.010811 0.012082
48 0.848987 0.111940 0.013514 0.012793
48 0.859459 0.113006 0.012162 0.013504
48 0.837669 0.127221 0.013176 0.014215
48 0.848818 0.127754 0.012500 0.013149
48 0.860304 0.127754 0.012500 0.011727
48 0.795946 0.159204 0.014865 0.024876
48 0.778716 0.159737 0.016216 0.021677
48 0.761318 0.161692 0.016554 0.017768
48 0.764696 0.181947 0.021284 0.014215
5 0.814865 0.073205 0.004054 0.003554
48 0.781588 0.040867 0.014527 0.014215
48 0.792905 0.038557 0.013514 0.015281
48 0.805236 0.035181 0.015878 0.017058
48 0.785135 0.055970 0.012162 0.013149
48 0.796453 0.054016 0.013851 0.012793
48 0.807095 0.050284 0.014189 0.015281
48 0.790541 0.070718 0.011486 0.012082
48 0.800000 0.068230 0.013514 0.014925
48 0.811655 0.065387 0.017905 0.015636
48 0.827872 0.034826 0.013851 0.015636
48 0.839696 0.035004 0.013176 0.014570
48 0.849493 0.034293 0.013176 0.013149
48 0.829899 0.048685 0.011824 0.012793
48 0.841554 0.049751 0.012838 0.014215
48 0.853885 0.050640 0.013176 0.014570
5 0.797635 0.984542 0.002703 0.005330
5 0.795101 0.984186 0.002365 0.005330
48 0.697804 0.978323 0.007095 0.008529
48 0.705236 0.977434 0.010473 0.006041
48 0.700845 0.985785 0.012500 0.009950
48 0.681081 0.968550 0.006081 0.018124
48 0.692905 0.987562 0.010811 0.007107
48 0.685135 0.963220 0.007432 0.003198
48 0.708446 0.964819 0.010135 0.007107
48 0.684122 0.953092 0.011486 0.017768
48 0.694426 0.957889 0.007770 0.006041
48 0.690709 0.960554 0.006419 0.007107
48 0.726351 0.984186 0.012838 0.012438
48 0.743074 0.968905 0.012500 0.008884
48 0.737162 0.971926 0.005405 0.006397
48 0.732095 0.963930 0.010811 0.017413
48 0.716385 0.963220 0.007770 0.015991
48 0.718919 0.972992 0.008108 0.011372
48 0.722635 0.976013 0.006081 0.007463
48 0.727365 0.920220 0.005405 0.010306
48 0.722128 0.920753 0.006419 0.009240
48 0.753041 0.950426 0.013514 0.008173
48 0.723480 0.955224 0.009122 0.011372
48 0.667061 0.980277 0.012500 0.022388
5 0.636486 0.975480 0.003378 0.006397
48 0.684966 0.936745 0.013851 0.015636
48 0.699155 0.946340 0.019932 0.019190
48 0.743243 0.942786 0.005405 0.009950
48 0.738514 0.938166 0.006757 0.007107
48 0.748480 0.944563 0.004392 0.005686
48 0.720946 0.929815 0.008784 0.013149
48 0.702534 0.933013 0.009797 0.009595
48 0.709628 0.935501 0.007095 0.008173
48 0.716216 0.945984 0.006081 0.005686
48 0.729223 0.977434 0.006419 0.005330
48 0.725676 0.969794 0.006081 0.012793
48 0.697297 0.910803 0.006757 0.006397
48 0.684797 0.923419 0.007432 0.011727
48 0.702365 0.923952 0.009459 0.008529
48 0.667230 0.888948 0.010135 0.008173
48 0.673649 0.895878 0.017568 0.013504
48 0.683446 0.890014 0.007432 0.007463
48 0.689020 0.883440 0.010473 0.010661
48 0.714189 0.878998 0.010811 0.013859
48 0.713682 0.872068 0.018581 0.011372
48 0.698142 0.882374 0.007095 0.007107
48 0.720270 0.892324 0.007432 0.009950
48 0.702196 0.905828 0.007770 0.009950
48 0.683108 0.908316 0.004730 0.008529
48 0.686655 0.910981 0.006419 0.013859
48 0.671791 0.921997 0.018581 0.008173
48 0.696115 0.919865 0.013851 0.004620
48 0.708108 0.904940 0.007432 0.009595
48 0.751351 0.896589 0.012838 0.009240
48 0.762331 0.891791 0.019257 0.018124
48 0.767736 0.905828 0.007095 0.011372
48 0.750338 0.907249 0.006081 0.005686
48 0.749831 0.903340 0.013176 0.010661
48 0.790541 0.934257 0.005405 0.004975
48 0.784797 0.927328 0.008784 0.008884
48 0.811655 0.941720 0.007770 0.007107
48 0.771453 0.919687 0.011149 0.006397
48 0.762331 0.918444 0.005743 0.003909
48 0.742905 0.929638 0.006081 0.007107
48 0.737838 0.930171 0.009459 0.008884
48 0.763514 0.935323 0.004054 0.007818
48 0.762669 0.929638 0.004392 0.004975
48 0.754054 0.920398 0.011486 0.005686
48 0.736655 0.944918 0.007770 0.007818
48 0.743750 0.917910 0.005743 0.002843
48 0.743074 0.915423 0.006419 0.003554
48 0.715034 0.933191 0.005068 0.004264
48 0.715541 0.936567 0.008108 0.003909
48 0.731419 0.910448 0.004054 0.007107
48 0.730405 0.904407 0.003378 0.006397
48 0.727365 0.907782 0.004730 0.013859
48 0.741554 0.911336 0.006081 0.005330
48 0.758615 0.934435 0.009122 0.011016
48 0.731926 0.927683 0.003716 0.003909
48 0.732939 0.930881 0.005743 0.003909
48 0.720101 0.905117 0.010473 0.006397
48 0.707264 0.917733 0.009797 0.009595
48 0.709291 0.911336 0.002365 0.003909
48 0.738007 0.904940 0.010473 0.018124
48 0.733446 0.899076 0.008784 0.006397
48 0.743919 0.894634 0.004054 0.007463
48 0.749155 0.889304 0.007095 0.005330
48 0.744426 0.885750 0.010473 0.011727
48 0.724662 0.888948 0.008108 0.008173
48 0.731588 0.884684 0.009797 0.014570
48 0.749324 0.875089 0.005405 0.010306
48 0.755912 0.872424 0.009122 0.006397
48 0.752196 0.866915 0.007770 0.007463
48 0.741892 0.855544 0.012838 0.011727
48 0.743412 0.867981 0.010473 0.008173
48 0.743243 0.862473 0.006081 0.004975
48 0.740203 0.877043 0.004054 0.004975
48 0.735980 0.874911 0.004392 0.006397
48 0.728041 0.869581 0.012162 0.009240
48 0.732601 0.853589 0.009797 0.008529
48 0.726014 0.851102 0.006081 0.005686
48 0.729899 0.858209 0.011149 0.007107
48 0.721453 0.861407 0.014527 0.007818
48 0.735980 0.868692 0.005068 0.006041
48 0.725845 0.877043 0.006419 0.005686
48 0.706250 0.879531 0.004392 0.004975
48 0.705743 0.892857 0.005405 0.003198
48 0.750169 0.971215 0.003716 0.005686
48 0.747297 0.984719 0.004730 0.006397
48 0.744932 0.983476 0.007432 0.008884
48 0.752196 0.980099 0.006419 0.004975
48 0.750676 0.976368 0.006757 0.005330
48 0.731081 0.973525 0.006081 0.003909
48 0.705068 0.960021 0.014865 0.004620
48 0.669764 0.910092 0.008446 0.006397
48 0.663682 0.909204 0.005068 0.005330
48 0.697804 0.859275 0.006419 0.007818
48 0.723142 0.813077 0.007095 0.006397
48 0.714527 0.814321 0.010811 0.009595
48 0.721115 0.818941 0.007770 0.008173
48 0.719932 0.832623 0.008108 0.009950
48 0.716047 0.825871 0.011149 0.010661
48 0.755743 0.802239 0.009459 0.016702
48 0.739189 0.792644 0.009459 0.007463
48 0.768581 0.795665 0.008108 0.007818
48 0.773649 0.765458 0.007432 0.007107
48 0.755237 0.764392 0.009797 0.009240
48 0.741554 0.767235 0.009459 0.008529
48 0.723142 0.762438 0.020608 0.015991
5 0.669764 0.791222 0.003041 0.003909
5 0.694088 0.733653 0.005068 0.003198
5 0.677703 0.734009 0.003378 0.005330
5 0.684628 0.733831 0.003716 0.002132
5 0.688851 0.733653 0.004730 0.002488
48 0.697466 0.748046 0.030068 0.020611
48 0.694088 0.764215 0.027365 0.022388
48 0.755912 0.772743 0.009122 0.006041
48 0.759966 0.767946 0.007770 0.007107
48 0.767230 0.768834 0.010135 0.009595
48 0.753716 0.787313 0.012838 0.011727
48 0.763345 0.778074 0.007095 0.010306
48 0.771791 0.776119 0.005743 0.004264
48 0.797804 0.728500 0.012500 0.009950
48 0.790203 0.731343 0.004730 0.005686
48 0.787331 0.735075 0.005068 0.005330
48 0.780236 0.729389 0.022635 0.013859
48 0.768412 0.737384 0.006419 0.007818
48 0.763007 0.736318 0.007095 0.008529
48 0.789865 0.714641 0.007432 0.007107
48 0.785304 0.704691 0.011149 0.008529
48 0.808953 0.720505 0.008446 0.007463
48 0.801351 0.712509 0.009459 0.007107
48 0.801014 0.706645 0.006081 0.006752
48 0.804561 0.703447 0.009797 0.010306
48 0.816047 0.711620 0.008446 0.006041
48 0.823818 0.701493 0.006419 0.006397
48 0.820101 0.706290 0.007095 0.006041
48 0.804730 0.693852 0.007432 0.009595
48 0.814696 0.703980 0.007095 0.006397
48 0.820777 0.698294 0.010473 0.010661
48 0.827196 0.690298 0.012500 0.009595
48 0.830405 0.683013 0.007432 0.007818
48 0.812331 0.694918 0.009122 0.018124
48 0.801689 0.681059 0.008784 0.011727
48 0.817905 0.676972 0.010135 0.009950
48 0.810304 0.681770 0.013851 0.008173
48 0.808615 0.673241 0.011824 0.009595
48 0.798142 0.669332 0.005743 0.003909
48 0.792061 0.668444 0.007095 0.005686
48 0.821959 0.670398 0.006081 0.008173
48 0.824831 0.673063 0.007095 0.005686
48 0.830743 0.675195 0.008108 0.007107
48 0.798311 0.663824 0.012162 0.007107
48 0.809797 0.648543 0.012162 0.009240
48 0.809459 0.640192 0.007432 0.007463
48 0.824831 0.633618 0.009797 0.012793
48 0.830405 0.647122 0.006081 0.004975
48 0.822804 0.652630 0.004392 0.004620
48 0.829054 0.659559 0.006081 0.004975
48 0.829730 0.666134 0.008784 0.012438
48 0.835473 0.667733 0.006757 0.005686
48 0.862162 0.626333 0.017568 0.011727
48 0.872635 0.622246 0.006081 0.005686
48 0.830405 0.635572 0.008108 0.007463
48 0.835135 0.639481 0.007432 0.006041
48 0.834797 0.651031 0.007432 0.007107
48 0.829561 0.653163 0.012500 0.009240
48 0.837162 0.630242 0.015541 0.013149
48 0.840878 0.655295 0.009459 0.009240
48 0.835980 0.660803 0.010473 0.009595
48 0.837838 0.672530 0.012162 0.011016
48 0.847297 0.663113 0.006757 0.005686
48 0.841892 0.665956 0.007432 0.008529
48 0.847973 0.669510 0.012162 0.009950
48 0.840203 0.646411 0.014189 0.012793
48 0.847804 0.631308 0.012500 0.011016
48 0.841723 0.635927 0.009122 0.009595
48 0.847128 0.642857 0.009122 0.008529
48 0.846959 0.636105 0.008108 0.006397
48 0.854561 0.637171 0.007095 0.006397
48 0.864696 0.636994 0.007770 0.010306
48 0.857601 0.640370 0.012500 0.012082
48 0.852872 0.648898 0.009122 0.009240
48 0.857770 0.648365 0.006757 0.006752
48 0.858446 0.654762 0.006757 0.007463
48 0.865709 0.649076 0.015878 0.012438
48 0.855236 0.664712 0.007770 0.008173
48 0.863007 0.658849 0.013851 0.008529
48 0.879899 0.645167 0.008446 0.008884
48 0.872635 0.641613 0.008108 0.006041
48 0.883277 0.649964 0.005068 0.006397
48 0.872297 0.653696 0.008784 0.008884
48 0.862669 0.664890 0.013851 0.008529
48 0.872804 0.659204 0.013176 0.009950
48 0.885135 0.642146 0.007432 0.008529
48 0.880068 0.639481 0.004054 0.004620
48 0.888345 0.633618 0.010473 0.010661
48 0.873311 0.634684 0.014865 0.012082
48 0.882770 0.635750 0.006757 0.007818
48 0.886149 0.623667 0.005405 0.010661
48 0.879223 0.625977 0.012500 0.011727
48 0.888176 0.627932 0.004730 0.004264
48 0.892230 0.627221 0.006081 0.002843
48 0.899155 0.636461 0.008446 0.007107
48 0.888682 0.643746 0.005068 0.004620
48 0.891554 0.641436 0.005405 0.004975
48 0.895608 0.638948 0.005405 0.007107
48 0.895777 0.618692 0.005068 0.004975
48 0.899324 0.621180 0.007432 0.007107
48 0.897635 0.626155 0.008108 0.004264
48 0.901013 0.629176 0.008108 0.008173
48 0.904899 0.632552 0.005068 0.004975
48 0.912500 0.621891 0.008784 0.007818
48 0.906588 0.628109 0.007770 0.008173
48 0.910473 0.625977 0.005405 0.006041
48 0.907601 0.617981 0.005743 0.006397
48 0.903716 0.616027 0.006081 0.006752
48 0.900507 0.615139 0.009797 0.008529
48 0.917736 0.616382 0.009797 0.008884
48 0.910304 0.613539 0.007095 0.008173
48 0.899155 0.608209 0.007095 0.006041
48 0.899662 0.603589 0.006081 0.005330
48 0.922635 0.600036 0.008108 0.008884
48 0.912669 0.605899 0.019257 0.014215
48 0.924493 0.611940 0.010473 0.009950
48 0.926689 0.604655 0.008784 0.006752
48 0.930068 0.597726 0.009459 0.009950
48 0.935811 0.602878 0.010135 0.008884
48 0.935642 0.610163 0.006419 0.007818
48 0.939020 0.611585 0.005068 0.006397
48 0.943074 0.601279 0.007095 0.007818
48 0.961824 0.594705 0.005405 0.006752
48 0.948311 0.602701 0.006081 0.008529
48 0.942568 0.613895 0.004730 0.006041
48 0.945777 0.615672 0.006419 0.006752
48 0.945946 0.610341 0.004730 0.006041
48 0.977872 0.631841 0.007770 0.009240
48 0.982432 0.633795 0.004054 0.007463
48 0.989358 0.629176 0.011824 0.008884
48 0.987331 0.624378 0.007095 0.007818
48 0.991554 0.620291 0.006081 0.008884
48 0.980068 0.624556 0.008108 0.008884
48 0.983953 0.613184 0.006419 0.006752
48 0.975000 0.622424 0.008108 0.008173
48 0.971622 0.628820 0.006757 0.006752
48 0.981250 0.619225 0.003716 0.004620
48 0.978041 0.616027 0.005405 0.006041
48 0.976858 0.607321 0.009122 0.007818
48 0.973818 0.612473 0.008446 0.006752
48 0.971453 0.616915 0.008446 0.007107
48 0.969088 0.622424 0.007095 0.006752
48 0.968412 0.628287 0.003716 0.004975
48 0.965878 0.625622 0.004730 0.007463
48 0.960135 0.623490 0.008108 0.008173
48 0.963682 0.618337 0.008446 0.007107
48 0.971115 0.603589 0.005068 0.005330
48 0.966554 0.600569 0.010135 0.005686
48 0.959966 0.601635 0.010473 0.008529
48 0.968243 0.608564 0.006757 0.006752
48 0.964696 0.605899 0.005743 0.006397
48 0.955405 0.615494 0.004054 0.004975
48 0.949831 0.617981 0.007095 0.008529
48 0.954899 0.620647 0.009122 0.010306
48 0.963007 0.611763 0.007095 0.008173
48 0.952534 0.604478 0.008446 0.009950
48 0.956588 0.607854 0.007770 0.008884
48 0.974493 0.571784 0.007770 0.004975
48 0.973818 0.576226 0.008446 0.008173
48 0.968074 0.570895 0.006419 0.006041
48 0.938007 0.537491 0.011149 0.004620
48 0.903547 0.541045 0.006419 0.006752
48 0.901351 0.536070 0.005405 0.006041
48 0.895270 0.549218 0.016216 0.005330
48 0.895439 0.543355 0.015203 0.007818
48 0.922635 0.538202 0.004054 0.008884
48 0.890372 0.557036 0.006419 0.011016
48 0.885135 0.558635 0.003378 0.004264
48 0.881757 0.561478 0.010135 0.016347
48 0.891892 0.564854 0.004730 0.007463
48 0.913176 0.560235 0.004730 0.006752
48 0.897635 0.574449 0.006757 0.005330
48 0.888851 0.570362 0.002703 0.006397
48 0.900338 0.586354 0.005405 0.007818
48 0.925845 0.560412 0.007770 0.003554
48 0.912838 0.532338 0.006081 0.004975
48 0.881757 0.529851 0.009459 0.005686
48 0.899493 0.525764 0.007770 0.004620
48 0.891216 0.524876 0.010811 0.009950
48 0.891385 0.530917 0.013176 0.004264
48 0.921453 0.520789 0.005743 0.012438
48 0.916216 0.523987 0.005405 0.003198
48 0.914189 0.527541 0.004054 0.006752
48 0.920270 0.531983 0.009459 0.003554
48 0.919426 0.535892 0.008446 0.009240
48 0.933446 0.486851 0.009459 0.009240
48 0.907095 0.487740 0.007432 0.006752
48 0.910980 0.497335 0.005068 0.006041
48 0.904054 0.508884 0.004730 0.006397
48 0.910642 0.493426 0.003716 0.003198
48 0.911487 0.431237 0.007432 0.006041
48 0.870101 0.431592 0.005068 0.005330
48 0.883277 0.419510 0.013851 0.008884
48 0.877365 0.415245 0.008784 0.009595
48 0.876014 0.408138 0.008108 0.003909
48 0.863345 0.397832 0.014527 0.015281
48 0.844426 0.440654 0.014527 0.011372
48 0.850845 0.443319 0.011149 0.008884
48 0.867736 0.442431 0.007095 0.009240
48 0.862838 0.437456 0.005405 0.004975
48 0.866047 0.437100 0.005068 0.004975
48 0.847128 0.428038 0.007770 0.008884
48 0.842230 0.450426 0.008108 0.010306
48 0.904054 0.440476 0.008108 0.006752
48 0.930743 0.450959 0.006757 0.010661
48 0.911149 0.468550 0.006757 0.008173
48 0.930068 0.470682 0.009459 0.004620
48 0.923986 0.444918 0.004730 0.007818
48 0.906757 0.424485 0.005405 0.004620
48 0.908446 0.416489 0.008108 0.007107
48 0.845439 0.405650 0.023311 0.032338
48 0.825338 0.441542 0.011486 0.017413
48 0.785473 0.485430 0.029054 0.030561
48 0.734628 0.503731 0.011824 0.011016
48 0.824831 0.494492 0.008446 0.015281
48 0.863514 0.555437 0.014865 0.012793
48 0.789189 0.592751 0.014865 0.012082
48 0.782432 0.601812 0.012838 0.012438
48 0.773142 0.631308 0.005743 0.006752
48 0.766385 0.634151 0.009122 0.008884
48 0.768243 0.626510 0.009459 0.008529
48 0.777534 0.608387 0.012500 0.006397
48 0.780236 0.614606 0.005743 0.007463
48 0.745608 0.627576 0.011486 0.014215
48 0.765709 0.619403 0.007770 0.009240
48 0.768243 0.712331 0.008784 0.009595
48 0.791892 0.736318 0.009459 0.009950
48 0.793750 0.741827 0.006419 0.007463
48 0.819426 0.711443 0.005743 0.007107
48 0.834459 0.693852 0.007432 0.008173
6 0.672635 0.776652 0.005405 0.011016
48 0.742230 0.815210 0.010811 0.007818
48 0.668243 0.915778 0.004054 0.006397
48 0.622973 0.915245 0.015541 0.011016
48 0.618074 0.908316 0.008446 0.006397
48 0.585811 0.950071 0.020946 0.070718
48 0.754223 0.959844 0.008446 0.009950
48 0.728041 0.950071 0.008108 0.011727
48 0.655912 0.906716 0.007770 0.011016
48 0.769257 0.718195 0.006081 0.006397
48 0.812669 0.591862 0.007095 0.007463
48 0.851351 0.546731 0.005405 0.008173
48 0.847973 0.548152 0.005405 0.009595
48 0.843919 0.547974 0.004054 0.009240
48 0.840709 0.549751 0.005743 0.008529
48 0.840034 0.542822 0.005068 0.006041
48 0.836486 0.542111 0.004730 0.007463
48 0.832601 0.542644 0.005068 0.008529
48 0.834797 0.551173 0.010135 0.009950
48 0.826520 0.553660 0.048311 0.036247
48 0.868581 0.565032 0.006757 0.007107
48 0.811993 0.510483 0.009797 0.009595
48 0.819764 0.513682 0.015203 0.012438
48 0.828209 0.506752 0.024662 0.014925
48 0.829899 0.517413 0.006419 0.010661
48 0.889020 0.445629 0.011149 0.012082
48 0.835642 0.377399 0.012500 0.012082
48 0.817399 0.376866 0.023986 0.011727
48 0.769257 0.378109 0.008108 0.010661
48 0.784628 0.377576 0.027365 0.013149
48 0.863345 0.326404 0.012500 0.017413
48 0.821284 0.300284 0.037838 0.022033
5 0.799662 0.297619 0.004054 0.006041
5 0.796622 0.294421 0.003378 0.006041
48 0.850338 0.230455 0.018919 0.026652
48 0.882601 0.191542 0.011149 0.022033
48 0.899662 0.190654 0.029054 0.025231
48 0.900338 0.209666 0.025676 0.018479
48 0.721791 0.750888 0.013851 0.008529
48 0.778378 0.766880 0.006081 0.005686
48 0.708277 0.837420 0.012500 0.018124
48 0.857601 0.836887 0.005068 0.004264
48 0.856926 0.842751 0.009122 0.006752
48 0.854392 0.849147 0.006081 0.011727
48 0.862500 0.850391 0.011486 0.017058
48 0.850169 0.860696 0.008446 0.017768
48 0.866723 0.841151 0.009122 0.007818
48 0.856588 0.866915 0.021959 0.023099
48 0.855068 0.881663 0.013514 0.008529
48 0.821453 0.884684 0.009122 0.006041
48 0.830405 0.897299 0.022297 0.031983
5 0.672297 0.726013 0.002703 0.004264
5 0.677872 0.720682 0.002365 0.004264
5 0.669426 0.580313 0.002365 0.004975
5 0.701520 0.594705 0.002365 0.004620
5 0.686993 0.516702 0.003041 0.005686
5 0.727027 0.463753 0.004054 0.003554
5 0.742230 0.386283 0.002703 0.006397
5 0.759797 0.349858 0.002703 0.004620
5 0.707601 0.010661 0.002365 0.002843
5 0.713682 0.021322 0.002365 0.003554
5 0.870101 0.028429 0.002365 0.004264
5 0.820608 0.094172 0.002027 0.004264
5 0.744088 0.253909 0.001689 0.003198
5 0.929561 0.218017 0.002365 0.003909
5 0.635980 0.323028 0.003041 0.002132
5 0.638345 0.328891 0.003716 0.002488
5 0.638514 0.333689 0.003378 0.002132
5 0.742736 0.336532 0.001689 0.003554
5 0.799493 0.504442 0.002365 0.003909
5 0.685980 0.504620 0.003041 0.002843
5 0.799831 0.501599 0.003716 0.001777
5 0.800338 0.560057 0.002703 0.003554
5 0.662838 0.405650 0.003378 0.002488
5 0.792905 0.423419 0.002703 0.001777
5 0.902196 0.841507 0.001689 0.003554
48 0.721453 0.961798 0.007095 0.004620
48 0.716385 0.624200 0.040203 0.036603
48 0.908446 0.563433 0.008784 0.010306
48 0.656757 0.714463 0.020270 0.020256
48 0.689527 0.974769 0.010811 0.023454
48 0.757770 0.916311 0.010135 0.006041
48 0.704899 0.851990 0.017230 0.015281
48 0.705236 0.955757 0.017230 0.006041
48 0.736824 0.801883 0.012838 0.011727
5 0.687500 0.635750 0.004054 0.007107
5 0.753378 0.433013 0.006081 0.004620
48 0.656588 0.409559 0.040203 0.049396
48 0.764527 0.061834 0.018919 0.027008
48 0.877027 0.035004 0.029730 0.027363
48 0.649831 0.618159 0.032095 0.018124
48 0.845777 0.613895 0.031419 0.017413
48 0.900845 0.521677 0.008446 0.005686
48 0.745608 0.788024 0.006757 0.006752
48 0.772297 0.745913 0.022297 0.014215
5 0.648142 0.905473 0.005068 0.005686
5 0.736318 0.435679 0.003716 0.007818
48 0.752365 0.883795 0.005405 0.008529
48 0.826351 0.478856 0.037162 0.013859
48 0.780574 0.659737 0.026014 0.024520
51 0.636993 0.745025 0.056419 0.042289
48 0.970608 0.575515 0.005405 0.006041
48 0.973142 0.583156 0.006419 0.004264
48 0.883108 0.525053 0.007432 0.007463
48 0.814020 0.644279 0.007770 0.007107
48 0.728041 0.896589 0.005405 0.009950
48 0.684966 0.897832 0.006419 0.010306
48 0.722466 0.912402 0.007095 0.008884
48 0.849324 0.656894 0.014189 0.013859
48 0.669595 0.936390 0.018243 0.020611
5 0.639527 0.923063 0.002703 0.004620
5 0.669088 0.603767 0.003716 0.007107
5 0.748818 0.358387 0.004392 0.006041
5 0.719595 0.011727 0.002703 0.003554
48 0.909628 0.448472 0.011149 0.009240
48 0.811655 0.634684 0.006419 0.008529
5 0.645270 0.849325 0.003378 0.005686
48 0.724662 0.897299 0.006081 0.008529
48 0.735811 0.951315 0.010811 0.008529
48 0.695439 0.933724 0.009122 0.006041
48 0.724662 0.882019 0.006081 0.007818
48 0.700338 0.868159 0.008784 0.010661
48 0.732770 0.894989 0.006081 0.005330
5 0.676014 0.576404 0.003378 0.006397
48 0.857601 0.411336 0.012500 0.010306
48 0.833784 0.445984 0.010135 0.012793
48 0.703547 0.818053 0.027365 0.027008
48 0.909797 0.509239 0.006081 0.007107
48 0.873818 0.527363 0.009797 0.010661
5 0.853209 0.600924 0.005068 0.004264
5 0.720608 0.735963 0.006081 0.006397
48 0.750169 0.797441 0.007770 0.009950
5 0.674831 0.682125 0.004392 0.004620
48 0.975507 0.630064 0.005068 0.007818
48 0.918919 0.554193 0.006081 0.005330
48 0.893074 0.572672 0.005743 0.008173
48 0.779730 0.715530 0.016892 0.018124
48 0.741554 0.922353 0.006757 0.006041
48 0.793919 0.678394 0.012838 0.014215
5 0.687500 0.590974 0.002703 0.005686
5 0.750169 0.439232 0.005068 0.005686
48 0.774324 0.583333 0.023649 0.012438
48 0.753041 0.653518 0.027703 0.023454
48 0.964189 0.565565 0.008108 0.006041
48 0.818919 0.659559 0.014865 0.012793
48 0.809797 0.664001 0.010811 0.010306
48 0.747635 0.805792 0.008108 0.009595
48 0.932432 0.608387 0.006081 0.007818
48 0.785304 0.513149 0.030068 0.018479
48 0.692061 0.244136 0.014527 0.015636
48 0.624493 0.577647 0.013851 0.015281
48 0.956757 0.529495 0.013514 0.007107
48 0.919595 0.466240 0.006081 0.004264
48 0.862669 0.464996 0.014527 0.008173
48 0.943412 0.565387 0.005743 0.009950
48 0.833108 0.644456 0.005405 0.005330
48 0.692061 0.907427 0.007770 0.012438
48 0.715541 0.951493 0.007432 0.008173
48 0.771284 0.783227 0.013514 0.010661
5 0.737500 0.458600 0.004730 0.006041
5 0.749155 0.187456 0.003716 0.006041
48 0.912162 0.398365 0.008784 0.011372
48 0.848987 0.419510 0.006757 0.006041
48 0.898480 0.559879 0.009122 0.008884
48 0.715878 0.941365 0.014189 0.006397
5 0.646959 0.980099 0.003378 0.006397
48 0.715203 0.922708 0.008108 0.015991
48 0.695777 0.892146 0.015203 0.004620
48 0.705912 0.861763 0.013176 0.012082
48 0.814696 0.715885 0.009797 0.007463
48 0.820270 0.685679 0.008784 0.008173
48 0.795777 0.717484 0.008446 0.007107
48 0.793412 0.727079 0.006419 0.007107
5 0.674662 0.614073 0.003378 0.004975
5 0.723311 0.012615 0.002703 0.008173
48 0.883108 0.066986 0.020270 0.028074
48 0.883615 0.542644 0.009122 0.017058
48 0.956081 0.593461 0.008784 0.007107
5 0.668750 0.614961 0.003716 0.006752
5 0.686824 0.569829 0.004730 0.005330
48 0.646453 0.580313 0.040878 0.017058
48 0.628041 0.595949 0.020270 0.014215
48 0.678547 0.849858 0.038176 0.070007
48 0.900338 0.517946 0.008784 0.003198
48 0.933446 0.524520 0.010811 0.004975
48 0.927027 0.557392 0.006757 0.004620
48 0.805912 0.653518 0.011824 0.009950
48 0.823311 0.646411 0.006757 0.007107
48 0.700338 0.877221 0.006757 0.006041
48 0.714527 0.977967 0.008108 0.009950
48 0.763514 0.947583 0.006757 0.009595
48 0.730405 0.874378 0.008784 0.006041
5 0.684966 0.589552 0.003041 0.006397
5 0.741892 0.459488 0.002703 0.004975
5 0.745946 0.264925 0.004730 0.006041
48 0.708277 0.700782 0.030743 0.021322
51 0.620946 0.156183 0.040541 0.067164
48 0.927027 0.549218 0.006757 0.007463
48 0.818919 0.639304 0.012838 0.009240
5 0.673142 0.735430 0.003716 0.003909
48 0.730743 0.937989 0.012838 0.012438
5 0.669426 0.575338 0.003716 0.006397
48 0.760811 0.497512 0.014189 0.034826
48 0.828209 0.352701 0.011824 0.021677
48 0.607095 0.047974 0.031081 0.051173
48 0.617568 0.108742 0.031757 0.027008
48 0.917230 0.514037 0.006757 0.006752
48 0.701014 0.914001 0.009459 0.006397
48 0.693243 0.926262 0.010135 0.008884
48 0.756757 0.973348 0.006081 0.013504
48 0.735980 0.920576 0.012500 0.013149
48 0.753378 0.782871 0.006081 0.007107
48 0.690709 0.871180 0.009122 0.008884
5 0.739020 0.332623 0.003041 0.006397
48 0.853209 0.323383 0.017230 0.022743
48 0.751014 0.581201 0.015541 0.038024
48 0.878041 0.600036 0.035135 0.040867
48 0.602027 0.941365 0.032432 0.036958
48 0.919426 0.578181 0.004392 0.011372
48 0.817568 0.668266 0.006081 0.006752
5 0.669595 0.732054 0.002703 0.006397
48 0.758277 0.877754 0.010473 0.007107
48 0.763345 0.800817 0.008446 0.008173
5 0.666554 0.592218 0.004730 0.003909
5 0.752703 0.324449 0.004054 0.006397
48 0.972466 0.589552 0.008446 0.010661
48 0.931588 0.489339 0.003716 0.004975
48 0.830405 0.495025 0.008108 0.017058
48 0.932770 0.532871 0.006757 0.004620
48 0.908277 0.549574 0.009797 0.006752
5 0.772635 0.601635 0.005405 0.005686
48 0.817061 0.662402 0.005743 0.006397
5 0.644764 0.878820 0.004392 0.006397
48 0.681926 0.929638 0.008446 0.009950
48 0.711655 0.971215 0.005743 0.004975
48 0.757939 0.794065 0.008446 0.006041
48 0.894764 0.632019 0.006419 0.007463
5 0.672297 0.576404 0.004054 0.006397
5 0.706757 0.485963 0.005405 0.006752
48 0.876351 0.509950 0.017568 0.012082
49 0.843074 0.210199 0.023311 0.027363
48 0.725676 0.422353 0.030405 0.040156
48 0.669257 0.964996 0.019595 0.015281
48 0.760304 0.910803 0.011149 0.010661
48 0.750338 0.893212 0.006081 0.003909
48 0.810811 0.711087 0.010135 0.012082
5 0.743243 0.379886 0.004054 0.006397
48 0.794764 0.216596 0.015878 0.019545
48 0.754223 0.543710 0.015203 0.037669
48 0.642905 0.781095 0.039865 0.031983
48 0.755405 0.700071 0.026351 0.015636
48 0.951351 0.594883 0.010811 0.009240
48 0.930236 0.442786 0.007770 0.009240
48 0.937838 0.544598 0.012162 0.011016
5 0.805236 0.590085 0.005743 0.006041
48 0.796622 0.698650 0.009459 0.011372
48 0.703547 0.972104 0.011149 0.007463
48 0.750845 0.861585 0.010473 0.008173
48 0.905574 0.621358 0.005068 0.005330
5 0.799662 0.239517 0.006757 0.003554
48 0.664189 0.491827 0.059459 0.017768
48 0.873649 0.307392 0.019595 0.028429
48 0.885642 0.563255 0.005068 0.006397
5 0.854899 0.604478 0.005068 0.003554
48 0.802703 0.670576 0.005405 0.007818
5 0.670439 0.770434 0.005068 0.005686
48 0.680743 0.914890 0.006757 0.006752
48 0.743919 0.976724 0.009459 0.006752
48 0.748649 0.930881 0.006757 0.008173
48 0.743750 0.796375 0.010473 0.009240
48 0.986824 0.620114 0.006757 0.007107
5 0.801858 0.242182 0.006419 0.003909
48 0.772635 0.101102 0.010135 0.015991
48 0.663851 0.298152 0.050000 0.024876
48 0.914527 0.576581 0.008784 0.010306
5 0.859291 0.589730 0.003041 0.006041
48 0.738007 0.980988 0.009122 0.013149
48 0.768919 0.915067 0.011486 0.007818
48 0.869595 0.628287 0.006081 0.006397
48 0.856081 0.630597 0.006757 0.006752
5 0.743919 0.452026 0.004730 0.005686
48 0.651182 0.686212 0.052365 0.028429
48 0.946959 0.577292 0.007432 0.007463
48 0.710135 0.928394 0.006757 0.012438
48 0.773986 0.772743 0.005405 0.005330
48 0.772128 0.759239 0.006419 0.007463
48 0.758446 0.758884 0.007432 0.007463
48 0.912669 0.536603 0.005068 0.004264
48 0.874831 0.558102 0.005743 0.008173
48 0.804899 0.659026 0.007770 0.006752
48 0.793750 0.707711 0.011149 0.008884
48 0.736824 0.903163 0.006757 0.003198
48 0.733446 0.863362 0.011486 0.006041
48 0.708446 0.886638 0.008108 0.012082
5 0.688176 0.621713 0.003378 0.004620
48 0.680068 0.447761 0.036486 0.016347
48 0.623311 0.249467 0.024324 0.019190
48 0.650845 0.600569 0.034122 0.017058
8 0.553547 0.979211 0.004392 0.008173
48 0.926858 0.553838 0.007095 0.005330
5 0.799493 0.564144 0.003716 0.005330
48 0.826351 0.642324 0.008108 0.006752
5 0.675676 0.731166 0.003378 0.004620
48 0.698986 0.967129 0.010811 0.012438
48 0.745608 0.962331 0.015541 0.012793
48 0.732264 0.813433 0.014527 0.017768
5 0.688514 0.610874 0.004730 0.004975
5 0.682939 0.575338 0.003041 0.004264
48 0.810473 0.614783 0.043919 0.036247
51 0.745946 0.741471 0.034459 0.036603
48 0.926858 0.474414 0.005068 0.007818
48 0.932432 0.569474 0.006757 0.008173
48 0.824324 0.679993 0.010135 0.010306
48 0.709122 0.949360 0.006081 0.004620
48 0.723142 0.946340 0.007770 0.006397
48 0.754223 0.941542 0.007095 0.011727
5 0.754054 0.222815 0.003378 0.006397
48 0.833446 0.192786 0.014189 0.006752
48 0.635811 0.646411 0.037162 0.043355
48 0.635642 0.810768 0.046959 0.030917
48 0.852872 0.271322 0.030743 0.038024
51 0.720101 0.581734 0.051014 0.043355
5 0.857095 0.586709 0.004730 0.006397
48 0.806926 0.686034 0.007095 0.007463
48 0.774155 0.733831 0.013176 0.008529
5 0.682939 0.727079 0.004392 0.003554
48 0.768074 0.946340 0.006419 0.012082
48 0.715372 0.865494 0.011824 0.007463
48 0.692905 0.917022 0.008784 0.003198
48 0.764527 0.764570 0.006757 0.006041
48 0.791047 0.720682 0.009122 0.007107
5 0.680574 0.676617 0.004392 0.007107
5 0.706081 0.654762 0.003378 0.004620
5 0.669426 0.598259 0.005068 0.006752
5 0.723818 0.475302 0.006419 0.006041
48 0.833615 0.583156 0.040878 0.020611
48 0.618919 0.871002 0.022973 0.022033
48 0.700845 0.474414 0.017905 0.015636
48 0.659122 0.562900 0.012162 0.010661
48 0.969595 0.529140 0.012162 0.010661
48 0.795608 0.683013 0.008784 0.007818
48 0.761486 0.950426 0.007432 0.009595
48 0.696791 0.888060 0.011149 0.006397
48 0.736655 0.883440 0.009797 0.009950
48 0.740203 0.894101 0.006081 0.006397
5 0.688514 0.615494 0.004730 0.005686
5 0.720777 0.041756 0.002365 0.006752
48 0.754561 0.681592 0.028041 0.015636
48 0.812331 0.111407 0.013176 0.018124
48 0.838513 0.348792 0.010135 0.013859
48 0.818412 0.648898 0.007770 0.008529
48 0.768412 0.890725 0.007095 0.007463
48 0.688345 0.953625 0.005743 0.003909
48 0.748649 0.913468 0.008784 0.009595
10 0.646791 0.938166 0.007095 0.008529
51 0.785473 0.357498 0.052027 0.031983
51 0.719257 0.553127 0.054730 0.035892
48 0.967905 0.587598 0.006081 0.008173
48 0.962331 0.510128 0.004392 0.007463
48 0.900169 0.553660 0.015203 0.004975
5 0.649662 0.861407 0.006081 0.005686
48 0.711824 0.970505 0.006081 0.005686
48 0.943074 0.608564 0.005743 0.006752
5 0.724493 0.028429 0.003041 0.007107
48 0.794426 0.694030 0.020608 0.017768
48 0.884122 0.480988 0.007432 0.024520
48 0.847804 0.536958 0.012500 0.014925
48 0.972297 0.509595 0.006081 0.007818
48 0.919426 0.444741 0.007095 0.008884
5 0.689189 0.726546 0.005405 0.003909
48 0.727027 0.824627 0.010135 0.009595
48 0.709459 0.897832 0.008108 0.008884
48 0.744763 0.876688 0.006419 0.010661
48 0.714527 0.889126 0.012838 0.007107
48 0.779054 0.770789 0.007432 0.004975
48 0.777365 0.777719 0.004730 0.004620
48 0.892399 0.623667 0.009122 0.006397
5 0.680912 0.604833 0.004392 0.007107
5 0.726858 0.044954 0.004392 0.005330
48 0.732601 0.383618 0.013851 0.025942
48 0.665541 0.648543 0.018243 0.039090
48 0.635980 0.265636 0.023311 0.046553
48 0.911487 0.311834 0.032432 0.025942
48 0.691892 0.418088 0.037162 0.055792
48 0.903378 0.568408 0.008784 0.011016
48 0.778885 0.741116 0.019932 0.011727
5 0.683615 0.980988 0.003041 0.004620
48 0.778547 0.756219 0.009122 0.009240
48 0.876351 0.649609 0.010135 0.009950
5 0.687500 0.500355 0.004730 0.005686
5 0.747128 0.351635 0.003716 0.003909
48 0.613007 0.080668 0.036824 0.024876
48 0.968919 0.579957 0.006757 0.008529
48 0.976351 0.515814 0.009459 0.007463
48 0.902703 0.465885 0.010811 0.007107
48 0.743412 0.949183 0.004392 0.006397
48 0.747128 0.921464 0.005743 0.005686
48 0.767399 0.757285 0.007770 0.008529
48 0.988176 0.609275 0.008108 0.008173
5 0.677872 0.670043 0.003716 0.005330
5 0.668243 0.622246 0.004054 0.007818
5 0.722466 0.018124 0.004392 0.007107
48 0.778716 0.564321 0.029054 0.019900
48 0.820946 0.523099 0.025000 0.014215
48 0.643919 0.554193 0.023649 0.013859
51 0.645270 0.713220 0.055405 0.040512
5 0.638176 0.944208 0.003378 0.006397
48 0.758277 0.903696 0.004392 0.006397
48 0.726182 0.933902 0.008446 0.018479
48 0.753378 0.777185 0.018243 0.011372
48 0.768750 0.773987 0.005743 0.005686
48 0.800676 0.719972 0.008784 0.008529
48 0.767061 0.788024 0.015203 0.010306
5 0.777534 0.588841 0.005743 0.003554
48 0.918919 0.598792 0.005405 0.005686
5 0.714696 0.660448 0.002365 0.003909
48 0.852534 0.471393 0.010473 0.006752
48 0.942230 0.517235 0.006081 0.004620
48 0.887838 0.516347 0.006757 0.003554
48 0.720101 0.855188 0.011824 0.007463
5 0.679730 0.648365 0.004054 0.005330
5 0.686993 0.576048 0.005743 0.006397
5 0.740709 0.303483 0.003716 0.006397
