48 0.000620 0.168787 0.001240 0.013031
48 0.001085 0.154980 0.002169 0.015203
48 0.000465 0.225877 0.000930 0.006205
48 0.002634 0.215327 0.005268 0.016134
48 0.000930 0.191902 0.001859 0.005895
48 0.982956 0.171269 0.034087 0.022339
48 0.987140 0.217499 0.025720 0.023581
55 0.997056 0.484797 0.005888 0.023891
6 0.026960 0.025752 0.004958 0.003103
5 0.059498 0.047471 0.004338 0.003103
5 0.111249 0.047161 0.006198 0.003103
5 0.132011 0.051505 0.003719 0.003103
9 0.127828 0.044369 0.005888 0.003103
5 0.165479 0.064071 0.004958 0.004654
9 0.176325 0.061123 0.004958 0.003103
5 0.278277 0.080360 0.004338 0.002482
5 0.301673 0.085634 0.004648 0.003103
5 0.332042 0.077412 0.003409 0.006516
5 0.331887 0.064691 0.003719 0.005895
5 0.392625 0.107043 0.004338 0.002482
5 0.376201 0.112783 0.003719 0.002172
5 0.437403 0.111232 0.005268 0.003413
5 0.447474 0.113093 0.005578 0.002792
5 0.457391 0.111232 0.005578 0.002792
5 0.453517 0.107043 0.004648 0.002482
5 0.479548 0.112938 0.004648 0.003103
5 0.495507 0.126435 0.004338 0.002792
9 0.487760 0.120850 0.004338 0.004034
5 0.534552 0.120074 0.004958 0.003103
5 0.532693 0.128297 0.005578 0.002172
5 0.548342 0.129538 0.004648 0.002172
5 0.578246 0.135278 0.004958 0.003103
5 0.607065 0.127986 0.004958 0.002792
5 0.605981 0.131710 0.005268 0.002172
6 0.566315 0.119299 0.009606 0.004034
5 0.643787 0.130158 0.004648 0.002172
5 0.632476 0.118989 0.004958 0.002792
5 0.648745 0.111077 0.004029 0.002482
5 0.678494 0.124729 0.004648 0.002482
5 0.680818 0.127986 0.004958 0.002792
5 0.692749 0.123798 0.004029 0.002482
6 0.749613 0.116661 0.008057 0.003103
5 0.772389 0.116661 0.005268 0.002482
5 0.804152 0.112938 0.004338 0.003103
5 0.783080 0.112783 0.004958 0.003413
5 0.812519 0.108594 0.005578 0.003103
5 0.829718 0.105957 0.004648 0.002792
5 0.745894 0.087341 0.003099 0.004034
5 0.742795 0.087806 0.003719 0.004964
6 0.740471 0.087031 0.004029 0.005275
6 0.736752 0.086876 0.004648 0.006205
5 0.703595 0.083773 0.004648 0.003723
5 0.703440 0.080515 0.004338 0.002792
5 0.704059 0.071983 0.003719 0.003723
9 0.752402 0.070586 0.003719 0.007136
9 0.755036 0.070897 0.004029 0.007757
5 0.942361 0.103630 0.005578 0.002482
5 0.947165 0.101148 0.004029 0.002482
5 0.933994 0.100062 0.004958 0.002172
5 0.922993 0.084704 0.005268 0.002482
9 0.919895 0.206950 0.004029 0.009308
9 0.923458 0.207571 0.003719 0.008688
9 0.927332 0.208191 0.003409 0.009308
9 0.930586 0.209432 0.003719 0.009308
9 0.936164 0.212535 0.003099 0.005585
9 0.939262 0.220602 0.006817 0.003103
5 0.967307 0.192988 0.004029 0.002482
9 0.960954 0.190195 0.006817 0.003103
9 0.961729 0.187403 0.007127 0.003723
9 0.962194 0.185231 0.006198 0.002482
5 0.332662 0.125349 0.004648 0.004344
5 0.332197 0.129072 0.004338 0.003723
5 0.343353 0.123953 0.002479 0.004654
5 0.301828 0.134657 0.002479 0.004964
5 0.412612 0.109215 0.005888 0.003723
5 0.501704 0.114800 0.004958 0.003103
53 0.728076 0.082222 0.057949 0.026683
9 0.867059 0.292429 0.007437 0.005275
9 0.901611 0.296463 0.005888 0.003413
5 0.875426 0.319113 0.003099 0.004034
5 0.873257 0.320354 0.003719 0.005895
5 0.870468 0.320819 0.002479 0.004344
5 0.865665 0.322370 0.003409 0.004344
6 0.859932 0.322836 0.003719 0.007136
5 0.891230 0.298945 0.003099 0.005275
53 0.868144 0.327645 0.026340 0.021098
5 0.886427 0.355724 0.005268 0.003413
9 0.846607 0.468042 0.007437 0.004654
9 0.851565 0.461216 0.016734 0.007136
9 0.850790 0.456717 0.017044 0.006826
9 0.851875 0.449581 0.016114 0.005585
9 0.808026 0.432051 0.007127 0.003413
9 0.794856 0.455166 0.007437 0.003723
9 0.815463 0.487589 0.005268 0.007136
6 0.879145 0.512876 0.006817 0.004344
5 0.493647 0.408936 0.003719 0.003723
5 0.473660 0.385666 0.004029 0.004964
5 0.475829 0.381011 0.003409 0.004964
5 0.441587 0.402575 0.005578 0.003413
5 0.445615 0.394198 0.006198 0.003413
5 0.446545 0.391561 0.005578 0.002482
5 0.447629 0.388458 0.004648 0.002482
5 0.449644 0.384890 0.004338 0.002792
9 0.366284 0.308098 0.003719 0.005585
9 0.364735 0.313373 0.003719 0.004964
9 0.361946 0.319268 0.003719 0.004964
5 0.295011 0.310580 0.003099 0.004964
5 0.298729 0.342848 0.004338 0.002482
5 0.274094 0.397301 0.004648 0.002792
5 0.273629 0.399007 0.004958 0.003103
5 0.253951 0.418554 0.005268 0.003103
5 0.140998 0.295532 0.004958 0.003413
9 0.243105 0.238753 0.004648 0.007757
9 0.246824 0.225256 0.003409 0.007446
9 0.170902 0.246820 0.004648 0.004034
5 0.090951 0.193143 0.002789 0.004654
5 0.086768 0.193298 0.002479 0.004344
5 0.315773 0.186317 0.004958 0.002792
6 0.295476 0.203692 0.005268 0.005275
5 0.292377 0.203072 0.002789 0.003413
5 0.316238 0.183214 0.003409 0.003413
9 0.309421 0.200900 0.004648 0.004654
5 0.321351 0.141328 0.003099 0.005275
9 0.334211 0.141173 0.004029 0.006826
5 0.977843 0.142414 0.001549 0.004344
48 0.969166 0.209122 0.016424 0.015513
48 0.946545 0.223549 0.012086 0.015824
48 0.964363 0.228824 0.015494 0.007136
48 0.950108 0.207415 0.011776 0.009618
48 0.913542 0.232702 0.018593 0.008067
48 0.930741 0.233944 0.018903 0.007446
48 0.946700 0.324232 0.017354 0.015513
48 0.913387 0.321595 0.013945 0.010239
48 0.907034 0.312287 0.007437 0.008377
48 0.868144 0.347037 0.030679 0.023270
48 0.852340 0.344865 0.007127 0.009618
48 0.860861 0.380701 0.013635 0.027924
48 0.856833 0.405988 0.013635 0.022029
48 0.900217 0.406609 0.019213 0.020788
48 0.897428 0.430344 0.021692 0.035371
48 0.850325 0.430034 0.019833 0.029786
48 0.842268 0.421036 0.007437 0.017996
48 0.893554 0.499224 0.007747 0.008688
48 0.924698 0.479677 0.011776 0.011790
48 0.936319 0.454856 0.020762 0.049643
48 0.929036 0.489916 0.006198 0.005585
55 0.969786 0.479677 0.023861 0.023581
55 0.975054 0.445082 0.022622 0.022650
48 0.613573 0.458889 0.007437 0.007446
48 0.528355 0.488830 0.035327 0.027614
48 0.651224 0.452994 0.010226 0.013031
48 0.470561 0.298480 0.010846 0.013652
48 0.478618 0.298945 0.010846 0.008998
48 0.465138 0.312597 0.014255 0.021409
48 0.467152 0.325473 0.016424 0.024201
48 0.456616 0.310425 0.015804 0.027614
48 0.524791 0.352467 0.015804 0.022339
48 0.518283 0.369376 0.012705 0.021409
48 0.519058 0.397611 0.013015 0.018926
48 0.471181 0.472386 0.025720 0.029476
48 0.439108 0.479832 0.021692 0.027614
48 0.444995 0.464784 0.023551 0.017996
48 0.342113 0.470679 0.025411 0.051505
48 0.322436 0.461682 0.029439 0.041576
48 0.300279 0.452374 0.024791 0.032268
48 0.280911 0.433292 0.015184 0.016444
48 0.264797 0.441980 0.012086 0.017685
48 0.573753 0.441359 0.007747 0.008998
48 0.548807 0.404747 0.023551 0.022650
48 0.560738 0.412814 0.010226 0.007757
48 0.551131 0.417934 0.012086 0.009929
48 0.545398 0.420105 0.011156 0.012411
48 0.539200 0.426311 0.011776 0.011790
48 0.519523 0.426311 0.013945 0.012411
48 0.512240 0.412194 0.011776 0.013962
48 0.510846 0.440273 0.013325 0.013652
48 0.504493 0.435619 0.009916 0.011790
48 0.501395 0.430965 0.009916 0.011790
48 0.500620 0.448495 0.008987 0.012101
48 0.491943 0.444617 0.005888 0.012411
48 0.487605 0.443221 0.007127 0.015824
48 0.479083 0.446013 0.006198 0.015203
48 0.463743 0.444151 0.012086 0.017685
48 0.473040 0.445237 0.008367 0.015513
48 0.448559 0.440428 0.014565 0.023891
48 0.433839 0.440894 0.019833 0.026063
48 0.450108 0.424294 0.016424 0.018306
48 0.461109 0.426466 0.013015 0.018306
48 0.471026 0.435309 0.015494 0.011170
48 0.473350 0.423674 0.010226 0.012721
48 0.466997 0.417778 0.009297 0.008998
48 0.475519 0.414521 0.008987 0.009308
48 0.481562 0.421036 0.011776 0.011790
48 0.470406 0.409246 0.009297 0.009929
48 0.466068 0.408315 0.008677 0.009308
48 0.484196 0.413590 0.008987 0.009929
48 0.493337 0.428483 0.011156 0.008067
48 0.490394 0.418864 0.010846 0.014893
48 0.476449 0.403971 0.012086 0.010549
48 0.461419 0.398852 0.020452 0.025752
48 0.434304 0.418244 0.013945 0.018616
48 0.439417 0.408315 0.008677 0.007446
48 0.422839 0.426466 0.014565 0.009618
48 0.416951 0.439653 0.016424 0.024201
48 0.406260 0.446323 0.009297 0.014583
48 0.411683 0.423363 0.009606 0.013342
5 0.308181 0.425070 0.002169 0.003723
48 0.306632 0.396525 0.019523 0.033509
48 0.320112 0.416848 0.026030 0.035061
48 0.336226 0.424139 0.014255 0.027924
48 0.326464 0.395129 0.020143 0.017065
48 0.343043 0.432671 0.010536 0.016444
48 0.352959 0.434068 0.006817 0.009308
48 0.356988 0.437791 0.006817 0.011170
48 0.360087 0.429879 0.006817 0.007757
48 0.352495 0.421191 0.017044 0.019547
48 0.358537 0.408005 0.023551 0.017996
9 0.366749 0.446323 0.004648 0.002792
48 0.372947 0.444151 0.008367 0.005895
48 0.403936 0.413900 0.013325 0.009929
48 0.402851 0.423829 0.010536 0.010549
48 0.397118 0.423518 0.006508 0.006205
48 0.394329 0.444151 0.013945 0.015203
48 0.385652 0.441359 0.008987 0.013342
48 0.405175 0.433602 0.008367 0.010859
48 0.394949 0.431120 0.012086 0.010239
48 0.387512 0.431741 0.007127 0.007757
48 0.358227 0.384114 0.009916 0.013031
48 0.359002 0.373565 0.012086 0.008688
48 0.362411 0.360999 0.012086 0.008377
48 0.361171 0.367204 0.013325 0.006516
48 0.369383 0.377443 0.011776 0.013342
48 0.369693 0.388923 0.012395 0.012101
48 0.368609 0.399007 0.010846 0.009308
48 0.386582 0.388613 0.013945 0.020788
48 0.377440 0.392802 0.008677 0.014893
48 0.380539 0.381011 0.010536 0.013031
48 0.393399 0.399473 0.010226 0.014583
48 0.451193 0.376978 0.012395 0.011170
48 0.430431 0.391095 0.009916 0.017065
48 0.439262 0.389078 0.008987 0.020478
48 0.445460 0.378219 0.005888 0.018616
48 0.441122 0.373255 0.011466 0.014893
48 0.430121 0.379150 0.008677 0.009308
48 0.434304 0.373100 0.008367 0.010239
48 0.421909 0.391095 0.008367 0.011480
48 0.403471 0.373100 0.013015 0.018306
48 0.409359 0.362550 0.010536 0.009618
48 0.421599 0.350140 0.013325 0.017065
48 0.415401 0.385666 0.010846 0.017996
48 0.409204 0.381167 0.010226 0.013342
48 0.420669 0.376357 0.007127 0.011790
48 0.423458 0.369687 0.007127 0.010239
48 0.426867 0.363791 0.007747 0.007136
48 0.412767 0.372944 0.008057 0.006205
48 0.397738 0.386907 0.012086 0.014272
48 0.408274 0.338970 0.014565 0.017685
48 0.382089 0.331213 0.013635 0.016444
48 0.396343 0.331523 0.009916 0.013342
48 0.390920 0.327490 0.008987 0.013962
48 0.375736 0.344244 0.009606 0.013342
48 0.386427 0.340366 0.007437 0.009929
48 0.390610 0.343469 0.008987 0.013031
48 0.396653 0.346572 0.009916 0.013031
48 0.409668 0.350605 0.014874 0.013031
48 0.383018 0.348433 0.008677 0.007446
48 0.389681 0.362240 0.012086 0.010239
48 0.384723 0.355569 0.012086 0.016134
48 0.383793 0.370928 0.009606 0.010239
48 0.394019 0.372944 0.010226 0.011790
48 0.504028 0.386596 0.013945 0.018616
48 0.504493 0.405057 0.010536 0.017065
48 0.488069 0.396680 0.017973 0.017685
48 0.485745 0.387527 0.011466 0.016134
48 0.478153 0.385510 0.009916 0.014583
48 0.492563 0.374961 0.011466 0.015203
48 0.486985 0.371238 0.010226 0.013962
48 0.480322 0.366429 0.014874 0.018616
48 0.478618 0.375737 0.009606 0.007446
48 0.501549 0.358362 0.012705 0.014893
48 0.466377 0.374186 0.014255 0.017375
48 0.464363 0.356966 0.010226 0.013342
48 0.471181 0.359293 0.008367 0.012411
48 0.308026 0.365498 0.022932 0.020478
48 0.294856 0.362550 0.005268 0.005895
48 0.297490 0.347657 0.012395 0.009618
48 0.314069 0.350605 0.025720 0.014272
48 0.296560 0.355259 0.006198 0.004964
48 0.305392 0.335867 0.018903 0.015824
48 0.317942 0.336488 0.008677 0.012101
48 0.303378 0.322370 0.016114 0.011170
48 0.306322 0.315855 0.011466 0.007446
48 0.306786 0.306702 0.019213 0.013342
48 0.308181 0.297083 0.017663 0.005895
48 0.307561 0.290258 0.013325 0.008998
48 0.340719 0.310115 0.018903 0.017685
48 0.254416 0.411573 0.020452 0.015203
48 0.267896 0.412194 0.011466 0.015824
48 0.258754 0.401179 0.023551 0.009929
48 0.239541 0.409867 0.011776 0.013031
48 0.242330 0.400093 0.009297 0.011480
48 0.266037 0.388923 0.012086 0.008998
48 0.257515 0.387217 0.007437 0.008688
48 0.254106 0.378529 0.009297 0.009929
48 0.245429 0.383183 0.012395 0.021719
48 0.240471 0.367515 0.017973 0.012721
48 0.235048 0.380236 0.010226 0.016444
48 0.233344 0.396835 0.010536 0.020478
48 0.228850 0.409401 0.007747 0.010239
48 0.223892 0.404747 0.009606 0.019547
48 0.264642 0.381477 0.012395 0.008377
48 0.268826 0.372944 0.011466 0.010549
48 0.255346 0.369687 0.014874 0.013342
48 0.258289 0.361309 0.005888 0.009618
48 0.266192 0.361620 0.015494 0.009618
48 0.268671 0.355569 0.011156 0.006205
48 0.266037 0.325318 0.011466 0.017685
48 0.265727 0.339746 0.008367 0.007446
48 0.271614 0.342693 0.008367 0.007757
48 0.279517 0.345796 0.008057 0.006516
48 0.278432 0.331989 0.013945 0.012411
48 0.282151 0.314614 0.010846 0.007446
48 0.278122 0.322215 0.014565 0.010239
48 0.355748 0.314459 0.009297 0.013962
48 0.368764 0.262488 0.009916 0.017375
48 0.357763 0.272107 0.011466 0.016134
48 0.365200 0.280794 0.010226 0.017996
48 0.404400 0.271331 0.014255 0.018926
48 0.403936 0.285293 0.010846 0.010239
48 0.384103 0.289172 0.019523 0.023581
48 0.398203 0.300186 0.018593 0.026993
48 0.413232 0.312752 0.008987 0.012411
48 0.421909 0.312907 0.015804 0.018306
48 0.436009 0.309494 0.010536 0.010239
48 0.427177 0.303909 0.007747 0.007136
48 0.433220 0.319578 0.011776 0.014272
48 0.440657 0.330437 0.011156 0.014272
48 0.444995 0.321595 0.012395 0.013962
48 0.446545 0.349364 0.011776 0.019237
48 0.444995 0.337574 0.009916 0.016755
48 0.453672 0.336177 0.008057 0.011480
48 0.452897 0.354483 0.008987 0.008998
48 0.469786 0.343934 0.011776 0.013342
48 0.476294 0.349054 0.009916 0.009929
48 0.481872 0.350450 0.011156 0.013962
48 0.487140 0.354173 0.009297 0.010859
48 0.465448 0.253801 0.009297 0.010549
48 0.462504 0.263729 0.008367 0.009929
48 0.446390 0.224635 0.008987 0.010549
48 0.445925 0.213466 0.010536 0.014272
48 0.453362 0.217189 0.009297 0.011170
48 0.435699 0.212225 0.008057 0.011170
48 0.433994 0.218895 0.010226 0.007136
48 0.468702 0.238132 0.008367 0.013962
48 0.470871 0.225101 0.008987 0.012721
48 0.473970 0.211139 0.008987 0.013962
48 0.448404 0.202606 0.008677 0.008067
48 0.449334 0.196091 0.009297 0.006826
48 0.440502 0.198728 0.010846 0.016444
48 0.467462 0.206174 0.005888 0.009618
48 0.458011 0.197177 0.007437 0.007136
48 0.475209 0.202761 0.005888 0.006516
48 0.455686 0.207726 0.008367 0.012721
48 0.461884 0.205399 0.006508 0.011170
48 0.422374 0.203072 0.007437 0.013962
48 0.410598 0.199504 0.009297 0.028545
48 0.422993 0.213311 0.005578 0.007136
48 0.422684 0.196091 0.004958 0.003723
48 0.394174 0.209277 0.006817 0.012101
48 0.388751 0.192988 0.006508 0.008067
48 0.396808 0.192522 0.005268 0.011480
48 0.388906 0.201055 0.005578 0.013031
48 0.389371 0.187403 0.005888 0.006826
48 0.373722 0.226187 0.016734 0.026063
48 0.376976 0.207571 0.008987 0.013652
48 0.376046 0.198883 0.006508 0.008688
48 0.359312 0.197021 0.022002 0.035991
48 0.344128 0.188954 0.017663 0.024201
48 0.344438 0.205709 0.012086 0.014893
48 0.326309 0.182904 0.018593 0.015203
48 0.329253 0.206330 0.025101 0.013652
48 0.333901 0.196246 0.010226 0.011480
48 0.334521 0.229289 0.015804 0.013652
48 0.317168 0.226962 0.018283 0.013342
48 0.332507 0.239063 0.013635 0.008377
48 0.341339 0.242166 0.007747 0.012721
48 0.353114 0.246509 0.008987 0.005895
48 0.326464 0.266212 0.014565 0.020478
48 0.309421 0.276916 0.015804 0.010859
48 0.313139 0.266677 0.007127 0.010239
48 0.306786 0.267453 0.006817 0.009929
48 0.311435 0.256748 0.008677 0.007136
48 0.318097 0.257059 0.005268 0.007757
48 0.315463 0.248681 0.014255 0.008998
48 0.327704 0.251629 0.010226 0.006205
48 0.329563 0.245889 0.012086 0.007136
48 0.266966 0.271331 0.031918 0.024511
48 0.288658 0.269935 0.015184 0.011170
48 0.281531 0.255507 0.033158 0.019547
48 0.262938 0.250853 0.008987 0.017685
5 0.256275 0.252249 0.004958 0.004344
48 0.273009 0.243407 0.022932 0.010239
48 0.291602 0.246354 0.016114 0.009929
48 0.245584 0.257214 0.023241 0.039094
48 0.230555 0.235650 0.017973 0.009618
48 0.222498 0.252249 0.010536 0.026063
48 0.225751 0.264195 0.007747 0.014583
48 0.209637 0.249612 0.008367 0.015824
48 0.208553 0.258765 0.007437 0.008067
48 0.202665 0.249612 0.011156 0.019547
48 0.231794 0.263574 0.006198 0.014583
48 0.234583 0.249767 0.006817 0.012411
48 0.204524 0.235960 0.008057 0.007757
48 0.252402 0.207881 0.015184 0.020478
48 0.229935 0.210363 0.015494 0.013031
48 0.270065 0.234099 0.015804 0.010859
48 0.284165 0.236426 0.013015 0.009929
48 0.294391 0.237667 0.012395 0.009929
48 0.291137 0.229600 0.017663 0.009308
48 0.276418 0.226032 0.024171 0.008998
48 0.259529 0.224635 0.014565 0.020478
48 0.262628 0.208812 0.013325 0.017375
48 0.270375 0.214862 0.010846 0.012721
48 0.280756 0.216103 0.013015 0.011480
48 0.291757 0.219051 0.011466 0.009929
48 0.298110 0.220602 0.004338 0.007446
48 0.279672 0.202451 0.010846 0.014583
48 0.288968 0.207881 0.016424 0.008067
48 0.237372 0.202917 0.017354 0.006205
48 0.235668 0.198728 0.012705 0.005275
48 0.219709 0.201210 0.012395 0.007136
48 0.217849 0.207415 0.011776 0.006516
48 0.211652 0.199969 0.009297 0.014583
48 0.220328 0.194694 0.013015 0.008377
48 0.235203 0.194229 0.009916 0.005585
48 0.198327 0.217189 0.018593 0.015513
48 0.209637 0.213931 0.007747 0.012101
48 0.183917 0.212845 0.013325 0.009929
48 0.178494 0.222153 0.014255 0.014272
48 0.186706 0.233323 0.013325 0.019857
48 0.175085 0.232858 0.013015 0.015824
48 0.214286 0.226187 0.010846 0.019857
48 0.218159 0.218120 0.009297 0.011790
48 0.210567 0.287310 0.022002 0.019237
48 0.179269 0.265436 0.019523 0.017685
48 0.190734 0.275365 0.021382 0.023891
48 0.158971 0.291343 0.019213 0.019237
48 0.165944 0.279398 0.016424 0.014583
48 0.143477 0.320819 0.017973 0.014893
48 0.148745 0.310270 0.019213 0.016755
48 0.222498 0.326249 0.009297 0.005895
48 0.224822 0.316320 0.009606 0.006516
48 0.207468 0.310890 0.009606 0.007446
48 0.232104 0.321905 0.009297 0.015203
48 0.230710 0.330903 0.008987 0.007136
48 0.224357 0.321129 0.008057 0.004964
48 0.213821 0.331368 0.008677 0.010549
48 0.236597 0.302048 0.012705 0.019547
48 0.207158 0.298480 0.011466 0.007446
48 0.123179 0.311821 0.012086 0.011170
48 0.133406 0.350450 0.011466 0.010859
48 0.137124 0.339125 0.011466 0.011790
48 0.140378 0.330437 0.010536 0.008067
48 0.126898 0.342073 0.010226 0.011480
48 0.130307 0.331213 0.011466 0.011480
48 0.132631 0.324697 0.009916 0.008998
48 0.118996 0.334006 0.009916 0.018926
48 0.123179 0.322526 0.012705 0.010859
48 0.133096 0.296463 0.007747 0.007757
48 0.136659 0.292585 0.008677 0.008067
48 0.128757 0.302823 0.010226 0.009308
48 0.141308 0.270711 0.011776 0.012101
48 0.137744 0.275985 0.006508 0.006516
48 0.154013 0.250698 0.013015 0.012411
48 0.163619 0.249922 0.008677 0.009618
48 0.151224 0.237977 0.013635 0.013031
48 0.147041 0.245734 0.012086 0.010549
48 0.141153 0.253335 0.011466 0.013342
48 0.134645 0.263264 0.014565 0.013342
48 0.128757 0.272727 0.012705 0.013652
48 0.122560 0.282501 0.012705 0.012101
48 0.055624 0.484952 0.006508 0.006826
5 0.024171 0.521098 0.004958 0.003413
48 0.162070 0.210518 0.016114 0.017065
5 0.254881 0.178405 0.002169 0.004344
48 0.262163 0.184921 0.008677 0.024201
48 0.250387 0.183835 0.007437 0.015203
48 0.236907 0.178871 0.008987 0.010239
48 0.235823 0.187558 0.009916 0.007757
48 0.227301 0.182904 0.007127 0.015824
48 0.222033 0.181973 0.009606 0.017065
48 0.216300 0.178095 0.006198 0.008067
48 0.275023 0.189110 0.012705 0.018926
48 0.284165 0.187093 0.009916 0.021719
48 0.273164 0.179026 0.004648 0.004964
48 0.293306 0.194850 0.009606 0.008688
48 0.294236 0.183525 0.008367 0.013962
48 0.303223 0.192057 0.009606 0.016755
48 0.304617 0.180267 0.008057 0.009929
48 0.184227 0.180112 0.012086 0.011480
48 0.193988 0.183990 0.016734 0.012411
48 0.204989 0.187713 0.013325 0.011170
48 0.212271 0.189110 0.008057 0.008998
48 0.169972 0.172975 0.017044 0.013962
48 0.162070 0.184145 0.012395 0.018306
48 0.174465 0.194074 0.011156 0.009618
48 0.155408 0.200124 0.008987 0.011170
48 0.151224 0.211759 0.009297 0.012721
48 0.162225 0.196711 0.012705 0.006826
48 0.170747 0.211449 0.009297 0.014583
48 0.171986 0.200434 0.010536 0.010549
5 0.150604 0.225256 0.003719 0.004344
48 0.167028 0.221998 0.006198 0.006516
48 0.205454 0.228669 0.007437 0.009308
48 0.134800 0.246199 0.007437 0.008377
48 0.139139 0.240149 0.008677 0.011790
48 0.143787 0.232082 0.008677 0.008688
5 0.137124 0.232237 0.003409 0.004034
48 0.160056 0.243407 0.007747 0.007136
48 0.117911 0.240769 0.013325 0.016134
48 0.124264 0.230375 0.012395 0.015824
48 0.129687 0.218895 0.012705 0.011480
48 0.133561 0.219361 0.005578 0.005585
48 0.112024 0.233944 0.010846 0.014272
48 0.117756 0.224170 0.008057 0.009618
48 0.107995 0.223239 0.019523 0.022650
48 0.135730 0.186782 0.018593 0.021098
48 0.155408 0.174217 0.015804 0.021409
48 0.130462 0.165529 0.016114 0.018306
48 0.122715 0.184611 0.012395 0.013652
48 0.113263 0.184455 0.012086 0.014583
48 0.115897 0.174682 0.008677 0.008688
48 0.119616 0.161496 0.011776 0.012721
48 0.108150 0.173286 0.013015 0.017065
48 0.105671 0.152963 0.008677 0.007446
48 0.112488 0.159324 0.008677 0.013342
48 0.098234 0.175147 0.008677 0.012721
48 0.102107 0.161961 0.010846 0.013652
48 0.092501 0.171424 0.009606 0.014583
48 0.092966 0.156066 0.009916 0.016134
48 0.084289 0.168477 0.007437 0.012411
48 0.079331 0.178871 0.007437 0.010859
48 0.082429 0.153584 0.015494 0.016755
48 0.077316 0.162737 0.007747 0.010239
48 0.071893 0.146913 0.007437 0.011480
48 0.069724 0.161030 0.009297 0.015513
48 0.075147 0.173906 0.008367 0.015824
48 0.067400 0.173596 0.012086 0.016444
48 0.064766 0.149395 0.008677 0.015203
48 0.062287 0.163047 0.006817 0.012721
48 0.059343 0.173131 0.008987 0.013031
48 0.053610 0.145827 0.019833 0.017375
48 0.050821 0.158703 0.019833 0.010239
48 0.048342 0.169873 0.017973 0.013342
48 0.046018 0.177009 0.017663 0.014583
48 0.043384 0.184766 0.016114 0.015203
48 0.037186 0.189885 0.010536 0.012411
48 0.038581 0.139621 0.012705 0.012411
48 0.006508 0.180112 0.010536 0.012721
48 0.020607 0.188489 0.020762 0.022029
48 0.022312 0.168787 0.027890 0.022960
48 0.028355 0.154049 0.027580 0.020788
48 0.020762 0.136519 0.022312 0.018616
48 0.004803 0.138380 0.007747 0.012411
48 0.008522 0.128917 0.006508 0.007757
48 0.004183 0.152187 0.006508 0.008377
48 0.019988 0.221998 0.015804 0.029476
48 0.029904 0.224015 0.007747 0.027924
48 0.032073 0.235495 0.005888 0.014893
48 0.036876 0.217809 0.008057 0.015513
48 0.010691 0.254266 0.012086 0.033819
48 0.051131 0.216103 0.012395 0.022650
48 0.338550 0.322991 0.022622 0.011790
6 0.148590 0.052436 0.007127 0.003103
6 0.309575 0.120385 0.006817 0.003103
6 0.340254 0.125504 0.002479 0.005275
5 0.313759 0.103785 0.004029 0.002792
48 0.319027 0.075085 0.011466 0.007446
48 0.320731 0.069811 0.013015 0.006205
48 0.322126 0.065467 0.011466 0.006205
48 0.323210 0.058951 0.011776 0.009308
48 0.324605 0.052901 0.010846 0.007136
48 0.324605 0.047006 0.014565 0.007136
48 0.326154 0.042507 0.013945 0.006826
48 0.327859 0.037698 0.011776 0.007136
48 0.329873 0.032733 0.011466 0.007136
48 0.332507 0.028079 0.008677 0.007757
48 0.333437 0.021564 0.013015 0.007136
48 0.334521 0.015513 0.012086 0.006205
48 0.332352 0.010859 0.005268 0.004964
48 0.337775 0.011790 0.004958 0.004344
5 0.334831 0.006981 0.004648 0.002792
5 0.335296 0.004809 0.004958 0.002792
5 0.340719 0.005585 0.005268 0.003103
9 0.701890 0.092150 0.007437 0.004344
48 0.723737 0.064071 0.044933 0.023270
48 0.717694 0.047161 0.031608 0.017996
48 0.751007 0.052901 0.036257 0.025752
55 0.929501 0.320819 0.012705 0.013652
5 0.955067 0.309029 0.002479 0.004344
55 0.951968 0.307633 0.002479 0.004034
5 0.958165 0.308874 0.002479 0.004034
48 0.402386 0.459200 0.004648 0.008688
48 0.407809 0.459510 0.006817 0.009308
48 0.407344 0.467267 0.005268 0.006826
48 0.401456 0.477350 0.009606 0.009618
48 0.402231 0.468352 0.005578 0.008998
48 0.491323 0.362861 0.010226 0.011480
48 0.343198 0.284362 0.010226 0.007136
48 0.374496 0.282191 0.007747 0.015824
48 0.304307 0.153118 0.014255 0.006516
5 0.305857 0.123953 0.002479 0.004654
48 0.203440 0.320509 0.005268 0.003723
48 0.204679 0.318027 0.005268 0.003723
48 0.089402 0.217499 0.008367 0.008688
48 0.079641 0.225566 0.009916 0.014272
48 0.085064 0.232237 0.006508 0.005895
48 0.085993 0.228048 0.007747 0.005585
48 0.089247 0.223860 0.009297 0.005275
48 0.065541 0.215638 0.007747 0.015513
48 0.060583 0.216103 0.008987 0.020168
48 0.068330 0.203537 0.008367 0.006826
48 0.070499 0.197797 0.007747 0.007136
48 0.086768 0.201210 0.009916 0.012101
48 0.077781 0.200279 0.010536 0.013962
48 0.074372 0.213155 0.012395 0.013652
48 0.082429 0.217654 0.006817 0.004654
48 0.083049 0.213466 0.007437 0.006205
48 0.084599 0.208812 0.008057 0.007446
48 0.091571 0.211294 0.007747 0.008067
48 0.096529 0.214241 0.007127 0.009618
48 0.092656 0.205244 0.008677 0.008998
48 0.099163 0.207260 0.008677 0.007446
48 0.094825 0.198262 0.008057 0.009308
48 0.072668 0.223705 0.010226 0.009929
48 0.074372 0.239684 0.009297 0.014583
48 0.057174 0.182904 0.007127 0.006516
48 0.063526 0.186627 0.010536 0.007136
5 0.322281 0.088272 0.006198 0.002792
5 0.295940 0.131710 0.003099 0.003413
5 0.306012 0.139466 0.003409 0.002172
4 0.337620 0.140552 0.002169 0.005585
48 0.251782 0.461527 0.022002 0.061123
48 0.359002 0.468352 0.007127 0.006516
48 0.368609 0.475954 0.008367 0.015513
48 0.376976 0.476419 0.007127 0.012721
48 0.260614 0.427242 0.009297 0.009308
48 0.279517 0.358362 0.009916 0.009929
48 0.346142 0.349829 0.009916 0.008377
48 0.255036 0.292429 0.008677 0.008998
5 0.263403 0.281725 0.004958 0.002482
48 0.345832 0.301427 0.006198 0.005895
5 0.468392 0.115420 0.004648 0.003723
48 0.570499 0.984021 0.008677 0.007757
48 0.504338 0.963854 0.005268 0.005275
48 0.805702 0.332454 0.008677 0.007757
5 0.309885 0.113559 0.003099 0.003723
5 0.353579 0.115576 0.004958 0.002172
4 0.175395 0.054608 0.005578 0.003103
5 0.077626 0.038008 0.004029 0.003413
48 0.541680 0.277692 0.008677 0.010549
48 0.530524 0.274279 0.008677 0.012411
48 0.546948 0.278622 0.004958 0.006826
5 0.994577 0.182284 0.002789 0.003413
9 0.878835 0.377754 0.004958 0.014583
55 0.945305 0.405057 0.005268 0.004654
14 0.962194 0.339746 0.013015 0.005585
5 0.857143 0.103785 0.004958 0.002172
