2 0.994579 0.510242 0.010843 0.042831
2 0.968247 0.504500 0.037485 0.046865
2 0.928903 0.497207 0.036245 0.044693
3 0.756351 0.584730 0.014560 0.013656
9 0.705545 0.477033 0.003408 0.006828
5 0.658767 0.469584 0.004647 0.003724
5 0.652416 0.468653 0.004957 0.002483
5 0.651487 0.475947 0.004337 0.002793
8 0.530050 0.412166 0.003098 0.005587
9 0.504647 0.438703 0.003098 0.005276
9 0.527107 0.423960 0.003408 0.005587
9 0.471190 0.414184 0.002478 0.005897
9 0.468401 0.414029 0.003098 0.005587
5 0.461276 0.412942 0.002478 0.004655
5 0.453687 0.411235 0.002788 0.004966
5 0.451053 0.410615 0.002478 0.004345
5 0.440520 0.408442 0.002478 0.004966
5 0.433705 0.408908 0.003098 0.005276
5 0.430607 0.407666 0.003098 0.004655
5 0.420074 0.405649 0.003098 0.004345
5 0.408612 0.403476 0.002478 0.004966
9 0.393123 0.400838 0.004337 0.005276
9 0.380266 0.398821 0.002788 0.004966
5 0.375929 0.397734 0.002788 0.004035
5 0.448420 0.410459 0.002788 0.004035
5 0.373296 0.396803 0.003098 0.005897
9 0.370198 0.398355 0.004957 0.008380
5 0.364467 0.395717 0.002169 0.004345
9 0.352850 0.394320 0.004337 0.007138
9 0.349907 0.394475 0.004027 0.008070
9 0.358581 0.406114 0.006506 0.004035
9 0.367100 0.415891 0.004337 0.007449
5 0.364157 0.415425 0.002788 0.004655
9 0.361214 0.414649 0.003098 0.004966
9 0.340458 0.391993 0.003717 0.006207
9 0.337516 0.391682 0.002788 0.006828
9 0.325743 0.390751 0.003408 0.006207
5 0.319703 0.408287 0.003098 0.004655
9 0.318928 0.389199 0.002788 0.005587
5 0.305762 0.386872 0.003098 0.004655
5 0.298327 0.386251 0.002478 0.004035
5 0.292906 0.386406 0.002788 0.004966
5 0.295694 0.386406 0.002788 0.004966
5 0.288104 0.394320 0.004957 0.002793
5 0.278810 0.390130 0.005576 0.003104
5 0.263011 0.380199 0.002478 0.004345
5 0.257435 0.379423 0.002478 0.004035
5 0.254492 0.378802 0.002788 0.004035
9 0.251084 0.378957 0.004027 0.007449
9 0.252014 0.396338 0.004027 0.006828
9 0.309944 0.406425 0.003408 0.005276
5 0.245043 0.396338 0.003098 0.004966
5 0.242255 0.396027 0.002478 0.004345
5 0.224287 0.376629 0.003717 0.004655
9 0.233271 0.400062 0.003098 0.006207
9 0.216233 0.419770 0.003717 0.007138
5 0.301115 0.449100 0.005576 0.003104
5 0.300031 0.451583 0.004647 0.002483
5 0.293835 0.453290 0.005266 0.002793
5 0.299566 0.454066 0.004337 0.002483
5 0.299257 0.456238 0.004957 0.001862
5 0.298792 0.461980 0.004647 0.002173
9 0.308240 0.450341 0.004957 0.003104
5 0.246128 0.458566 0.002788 0.003414
9 0.353625 0.471601 0.004647 0.007759
9 0.386772 0.464773 0.006506 0.002793
5 0.372986 0.434047 0.002478 0.004655
5 0.407838 0.442737 0.002788 0.004655
9 0.385378 0.478740 0.006196 0.003414
9 0.420694 0.478895 0.004957 0.003104
5 0.452447 0.479671 0.004647 0.002793
5 0.452138 0.481688 0.004647 0.002483
5 0.450898 0.484016 0.005266 0.003414
5 0.450898 0.486189 0.004647 0.003414
9 0.380266 0.444755 0.005266 0.003724
9 0.224907 0.370888 0.003717 0.004345
5 0.306691 0.344041 0.002478 0.004035
5 0.308240 0.340006 0.002478 0.005276
5 0.310564 0.344662 0.002169 0.004655
5 0.298172 0.336903 0.004647 0.002793
5 0.310874 0.339696 0.002788 0.004035
5 0.278656 0.340006 0.003408 0.004035
5 0.282373 0.340161 0.002788 0.004345
5 0.426425 0.551831 0.007125 0.003724
5 0.389560 0.537865 0.003408 0.005587
5 0.859511 0.396027 0.003408 0.005587
5 0.856568 0.396027 0.003098 0.005587
5 0.853934 0.395407 0.002788 0.005587
5 0.851146 0.395251 0.002788 0.005897
5 0.848048 0.394475 0.003408 0.006207
5 0.835967 0.388423 0.005266 0.002173
5 0.827447 0.387027 0.005576 0.003104
5 0.845105 0.381595 0.003098 0.004035
5 0.847893 0.381130 0.002478 0.004966
5 0.841543 0.380664 0.003408 0.004035
5 0.839839 0.376319 0.003098 0.004655
5 0.842782 0.376319 0.002788 0.005276
5 0.845725 0.376629 0.003717 0.004655
5 0.836741 0.375543 0.002478 0.004345
5 0.838600 0.380664 0.003098 0.005276
5 0.835192 0.380509 0.004337 0.004966
5 0.833488 0.375233 0.002788 0.004345
5 0.830235 0.373991 0.004337 0.006207
5 0.832094 0.380199 0.003098 0.004345
5 0.826053 0.379578 0.003408 0.004966
5 0.826828 0.373060 0.002478 0.004345
5 0.823885 0.373526 0.003408 0.005276
5 0.821097 0.372750 0.002788 0.004966
5 0.819393 0.377716 0.003098 0.005587
5 0.816450 0.377716 0.003408 0.006207
5 0.817999 0.371974 0.003408 0.005276
5 0.814591 0.371664 0.002788 0.005276
5 0.813042 0.377561 0.003408 0.005276
5 0.811183 0.371508 0.003408 0.004966
5 0.807931 0.370732 0.003098 0.005276
5 0.810099 0.376474 0.003717 0.005587
9 0.807466 0.376164 0.002788 0.004966
5 0.805607 0.370888 0.002788 0.004966
5 0.803439 0.370422 0.002788 0.005276
5 0.804678 0.375854 0.003408 0.005587
5 0.801425 0.375233 0.002478 0.004345
5 0.800186 0.369801 0.003717 0.005276
5 0.797088 0.369336 0.003098 0.004966
5 0.798947 0.375233 0.002478 0.004345
5 0.794610 0.369025 0.003098 0.005587
5 0.795849 0.373991 0.003098 0.004966
5 0.837206 0.365767 0.004027 0.004655
5 0.844796 0.365456 0.004337 0.004655
5 0.831630 0.363904 0.003408 0.004655
5 0.821406 0.363439 0.004027 0.004345
5 0.819703 0.361266 0.003717 0.004345
9 0.848048 0.366698 0.004027 0.005897
5 0.855328 0.366853 0.003717 0.003724
5 0.851611 0.367008 0.003717 0.004655
5 0.815675 0.361577 0.003717 0.004345
5 0.813352 0.360801 0.002788 0.003414
5 0.807156 0.359094 0.003408 0.003724
5 0.800341 0.358783 0.004027 0.004345
9 0.804368 0.358318 0.004027 0.004655
9 0.810409 0.359249 0.004337 0.004655
53 0.822955 0.371819 0.071561 0.034140
53 0.851766 0.394631 0.019517 0.010863
5 0.914498 0.349938 0.002478 0.004035
5 0.897305 0.347145 0.002169 0.004655
5 0.924721 0.350403 0.002478 0.004966
5 0.928748 0.351800 0.001859 0.003414
53 0.910781 0.335040 0.038414 0.022036
53 0.909541 0.352111 0.042131 0.013346
5 0.894981 0.298417 0.004337 0.003414
5 0.902416 0.299038 0.005576 0.003414
5 0.892968 0.294072 0.004647 0.003414
5 0.860440 0.276381 0.004647 0.003414
5 0.824659 0.261328 0.004957 0.003724
5 0.791202 0.238672 0.004337 0.003104
5 0.787330 0.248448 0.004027 0.002793
5 0.825124 0.209187 0.005266 0.003104
5 0.807156 0.208566 0.004647 0.002483
5 0.776642 0.212446 0.004957 0.002793
5 0.777107 0.207945 0.005266 0.002483
5 0.769052 0.206549 0.005266 0.002793
5 0.729399 0.210894 0.004647 0.002793
5 0.705700 0.208721 0.004337 0.002173
5 0.696097 0.207169 0.006196 0.003414
5 0.688042 0.205773 0.005576 0.003104
5 0.677509 0.204531 0.005576 0.003104
5 0.671933 0.211980 0.004957 0.003104
5 0.669765 0.203135 0.004957 0.002173
5 0.657218 0.201117 0.004647 0.002483
5 0.642813 0.198634 0.004957 0.003104
5 0.625465 0.195531 0.004957 0.003724
5 0.632590 0.205462 0.004337 0.002483
5 0.620818 0.206859 0.006196 0.002793
5 0.602695 0.191806 0.004647 0.003104
5 0.439901 0.175202 0.004337 0.002793
5 0.242100 0.144320 0.004647 0.003104
5 0.168680 0.132682 0.005266 0.002793
5 0.151332 0.123215 0.004647 0.002483
5 0.154740 0.130975 0.004647 0.002483
5 0.148234 0.130199 0.004647 0.002793
5 0.118030 0.118560 0.005576 0.004966
5 0.106413 0.120888 0.004647 0.003414
5 0.098048 0.108007 0.004647 0.003104
5 0.083333 0.109249 0.004337 0.003104
5 0.083333 0.121353 0.005576 0.003104
9 0.075124 0.117474 0.007125 0.003414
5 0.065985 0.107232 0.004957 0.003414
5 0.054678 0.103507 0.005266 0.002793
5 0.044610 0.116077 0.004957 0.003104
5 0.033612 0.121819 0.004647 0.002173
5 0.089529 0.109559 0.003717 0.002483
5 0.095415 0.110180 0.003717 0.003104
5 0.140025 0.034916 0.002478 0.004655
5 0.130886 0.035382 0.003408 0.005587
5 0.035161 0.225481 0.005266 0.003414
5 0.007125 0.188858 0.003098 0.006518
9 0.108581 0.222067 0.003408 0.006518
5 0.157993 0.246431 0.004957 0.002483
5 0.158767 0.244258 0.004027 0.002483
5 0.158767 0.236654 0.005266 0.003414
5 0.097739 0.270174 0.002788 0.004655
9 0.053594 0.236809 0.003098 0.005587
5 0.981413 0.482309 0.002478 0.004345
9 0.959418 0.472843 0.006196 0.004655
5 0.930917 0.432495 0.002478 0.006518
5 0.932156 0.423029 0.002478 0.004966
5 0.942999 0.405649 0.002478 0.004345
5 0.937423 0.389665 0.003098 0.004655
5 0.936648 0.394320 0.002169 0.004035
5 0.938352 0.384389 0.002478 0.004035
5 0.951363 0.386251 0.003717 0.004655
9 0.766883 0.586127 0.007125 0.012725
5 0.749845 0.593575 0.005886 0.004655
5 0.734975 0.586282 0.003408 0.006207
54 0.764405 0.547641 0.024473 0.022036
5 0.992565 0.010087 0.004957 0.002793
48 0.895446 0.421012 0.054213 0.036313
48 0.920849 0.385320 0.029430 0.025760
48 0.925805 0.403166 0.020136 0.056487
48 0.787639 0.403476 0.052974 0.028554
48 0.820322 0.410615 0.048947 0.058349
48 0.762701 0.378957 0.012392 0.014898
48 0.727540 0.392458 0.038104 0.054935
48 0.787639 0.311608 0.028810 0.026691
48 0.835037 0.316884 0.057311 0.030416
48 0.812423 0.295158 0.020136 0.011794
48 0.599597 0.617318 0.018897 0.027933
48 0.649164 0.625853 0.065985 0.032588
13 0.668061 0.448479 0.015180 0.004966
13 0.666357 0.452048 0.012392 0.005276
13 0.666202 0.455773 0.012701 0.004655
13 0.666822 0.459963 0.012701 0.005587
13 0.655359 0.473619 0.011462 0.004966
13 0.655514 0.465549 0.011772 0.004345
13 0.678748 0.496896 0.013631 0.006207
13 0.683240 0.484482 0.012701 0.004966
13 0.682776 0.488361 0.011152 0.004035
13 0.679213 0.507604 0.012082 0.005897
48 0.563197 0.391061 0.011772 0.014898
48 0.565366 0.370112 0.024783 0.035692
9 0.584263 0.404718 0.013631 0.004966
48 0.540737 0.408442 0.007745 0.009932
48 0.553129 0.402545 0.012082 0.019863
9 0.541976 0.401769 0.004647 0.002793
5 0.516729 0.487275 0.009913 0.008690
48 0.476301 0.433582 0.017658 0.009311
48 0.472119 0.461049 0.016729 0.009001
9 0.481877 0.465549 0.006506 0.004966
9 0.461121 0.462135 0.005266 0.003724
48 0.394981 0.437151 0.016729 0.017070
48 0.395911 0.427064 0.006815 0.006828
9 0.439746 0.428305 0.002788 0.003724
9 0.436648 0.427685 0.002788 0.003724
9 0.433860 0.427219 0.002788 0.002793
9 0.447181 0.429237 0.002169 0.003724
5 0.462051 0.431719 0.002788 0.003724
5 0.360440 0.489448 0.004027 0.006207
5 0.371592 0.477033 0.005886 0.003104
5 0.370353 0.479981 0.005266 0.002793
9 0.345260 0.558970 0.006506 0.003724
48 0.500465 0.552607 0.006506 0.006518
48 0.055143 0.635940 0.013631 0.022967
48 0.037330 0.343575 0.017658 0.018001
48 0.054988 0.342179 0.007745 0.005276
48 0.048017 0.340317 0.006196 0.004655
48 0.150558 0.449100 0.029740 0.016139
48 0.217627 0.441341 0.013941 0.010552
48 0.226301 0.445686 0.003408 0.004345
48 0.244114 0.458101 0.003098 0.003724
48 0.276332 0.462135 0.003098 0.004966
48 0.280669 0.463842 0.003098 0.003414
48 0.278346 0.463687 0.002169 0.003104
5 0.307311 0.467722 0.003098 0.003724
5 0.304368 0.467412 0.002788 0.003724
5 0.311958 0.468653 0.002478 0.003724
5 0.309634 0.467722 0.002788 0.003724
9 0.338600 0.411546 0.002478 0.003724
9 0.344331 0.413253 0.002788 0.002793
9 0.329306 0.410615 0.003098 0.003104
9 0.312423 0.407821 0.002788 0.003104
9 0.306382 0.406890 0.003098 0.003724
9 0.386307 0.468032 0.005576 0.003724
9 0.385998 0.470205 0.004957 0.003104
5 0.386772 0.473153 0.004647 0.002793
5 0.453222 0.475171 0.004957 0.002483
9 0.266884 0.332402 0.004647 0.013656
9 0.272615 0.317194 0.003717 0.011173
9 0.270601 0.328833 0.005266 0.013966
13 0.341078 0.346989 0.008674 0.012415
5 0.362144 0.396493 0.002478 0.005276
5 0.359356 0.395251 0.002478 0.005276
5 0.412020 0.404562 0.003098 0.004035
5 0.415118 0.404873 0.003098 0.004655
9 0.522615 0.419305 0.004337 0.004345
53 0.534387 0.467877 0.028501 0.064867
9 0.690830 0.480292 0.006196 0.004655
6 0.953841 0.186840 0.006196 0.002483
5 0.945942 0.184513 0.002788 0.002173
5 0.880112 0.198945 0.004337 0.002483
48 0.720725 0.199100 0.005886 0.005897
48 0.717162 0.208256 0.013011 0.011173
48 0.790892 0.178150 0.007435 0.007449
5 0.633364 0.196462 0.005266 0.004966
5 0.650712 0.200186 0.005266 0.003104
48 0.224133 0.189634 0.038104 0.037865
48 0.175186 0.239137 0.026332 0.033209
48 0.178284 0.257759 0.007745 0.008380
48 0.165273 0.260552 0.020136 0.012725
48 0.142658 0.257604 0.025093 0.014277
48 0.152416 0.216480 0.034077 0.015829
48 0.143587 0.208256 0.013941 0.007449
48 0.184170 0.218343 0.008364 0.013966
48 0.175186 0.218343 0.007125 0.006518
48 0.084727 0.234327 0.008364 0.006207
48 0.051270 0.175512 0.039343 0.034451
48 0.043216 0.192427 0.018278 0.008690
48 0.076053 0.180788 0.015180 0.027002
9 0.116791 0.151459 0.003717 0.008690
48 0.013166 0.175047 0.026332 0.022346
48 0.007590 0.221291 0.015180 0.023588
48 0.032528 0.240999 0.037175 0.014587
48 0.019981 0.229826 0.005266 0.008380
48 0.066295 0.246431 0.032218 0.016139
9 0.032683 0.229361 0.006506 0.003724
48 0.008055 0.336903 0.010533 0.005276
48 0.013011 0.290813 0.005576 0.006207
55 0.009294 0.488672 0.018587 0.023898
55 0.013476 0.455462 0.020756 0.022657
48 0.207559 0.013966 0.005576 0.005587
7 0.090768 0.113594 0.004337 0.002483
4 0.098358 0.113749 0.004647 0.003414
9 0.006815 0.159373 0.001859 0.004035
9 0.009294 0.154873 0.003717 0.001862
55 0.035316 0.190720 0.002478 0.003414
55 0.035006 0.194444 0.003098 0.004035
55 0.039343 0.196617 0.002478 0.003414
55 0.042441 0.196927 0.002478 0.002793
55 0.044765 0.197703 0.002169 0.002483
55 0.047398 0.198479 0.002478 0.003414
55 0.050341 0.198169 0.002788 0.003414
48 0.014405 0.187616 0.007125 0.004655
5 0.087361 0.498138 0.003717 0.002483
5 0.083643 0.497362 0.003717 0.002173
5 0.080081 0.497517 0.003408 0.001862
5 0.076673 0.497672 0.003408 0.002173
5 0.073420 0.497983 0.003098 0.002173
5 0.247212 0.541434 0.003098 0.002793
53 0.300186 0.454376 0.020446 0.020484
9 0.269672 0.382061 0.002788 0.005587
4 0.265799 0.380819 0.002478 0.004345
4 0.277881 0.382682 0.002478 0.003104
9 0.280669 0.384544 0.003098 0.005587
4 0.283302 0.384389 0.002169 0.004035
4 0.286710 0.384233 0.002788 0.003724
9 0.290273 0.384854 0.003098 0.006828
5 0.309944 0.391993 0.004647 0.002483
5 0.308860 0.387647 0.002478 0.004345
5 0.311493 0.387492 0.002788 0.004035
5 0.313662 0.387647 0.002788 0.004345
5 0.316450 0.388423 0.002169 0.003414
9 0.255576 0.397269 0.002478 0.004345
4 0.271530 0.401459 0.002169 0.003414
5 0.344796 0.393544 0.002478 0.003724
53 0.269827 0.384078 0.044610 0.018312
53 0.329926 0.392303 0.074969 0.021726
53 0.393897 0.402079 0.054833 0.019553
53 0.445167 0.410615 0.057621 0.014898
53 0.452138 0.480137 0.008364 0.016139
53 0.385998 0.471757 0.012392 0.019243
53 0.682931 0.495345 0.028191 0.042210
5 0.909387 0.392303 0.002169 0.004966
5 0.906753 0.391372 0.002478 0.004966
5 0.904120 0.391527 0.002788 0.004035
5 0.901797 0.391061 0.003098 0.003724
5 0.899164 0.390751 0.002788 0.003724
53 0.899164 0.391372 0.021995 0.012415
48 0.878098 0.393544 0.011462 0.021726
48 0.880576 0.378181 0.008984 0.012104
6 0.963135 0.388113 0.004337 0.005897
48 0.687732 0.369957 0.008055 0.021726
48 0.690985 0.350403 0.007745 0.014898
48 0.695787 0.361887 0.008674 0.039106
53 0.704616 0.375543 0.007745 0.067660
48 0.760068 0.398976 0.020136 0.022657
5 0.944083 0.465549 0.003408 0.002483
5 0.940366 0.464618 0.003408 0.001862
5 0.937577 0.463842 0.003408 0.002173
5 0.934170 0.463532 0.002788 0.002793
5 0.930143 0.462756 0.004027 0.002483
48 0.288414 0.488051 0.135688 0.064246
48 0.440830 0.515674 0.109046 0.066729
48 0.456165 0.445220 0.103779 0.040658
48 0.302200 0.420236 0.139095 0.045313
48 0.318154 0.322005 0.083643 0.029485
48 0.364932 0.324953 0.009913 0.011173
48 0.059015 0.362973 0.013321 0.038175
48 0.044455 0.368560 0.007125 0.009001
5 0.443154 0.409683 0.002169 0.004345
5 0.573885 0.346679 0.003408 0.001862
5 0.456629 0.411856 0.003098 0.004966
10 0.357032 0.412632 0.002788 0.004035
5 0.301270 0.386561 0.002788 0.003414
8 0.084108 0.113128 0.004647 0.002793
5 0.952912 0.183737 0.002478 0.001241
