5 0.114016 0.627570 0.006299 0.003808
5 0.117480 0.646040 0.006299 0.004189
5 0.102835 0.642041 0.002835 0.005331
5 0.120157 0.640518 0.003465 0.005331
5 0.122205 0.641660 0.003780 0.006093
5 0.126772 0.643564 0.003465 0.005331
5 0.131339 0.645849 0.003150 0.005331
5 0.138583 0.648515 0.003780 0.006855
5 0.142992 0.650229 0.003150 0.005712
5 0.124252 0.643184 0.003465 0.006093
5 0.124409 0.637091 0.003150 0.004570
5 0.126457 0.638423 0.003465 0.004950
5 0.128976 0.639185 0.003465 0.004950
5 0.133543 0.641089 0.003780 0.006474
5 0.135748 0.642422 0.003780 0.005331
5 0.137795 0.643564 0.003465 0.005331
5 0.007559 0.486862 0.004409 0.002666
5 0.140315 0.643564 0.002835 0.005331
5 0.145039 0.645659 0.002835 0.004950
5 0.147087 0.646420 0.003150 0.005712
5 0.142677 0.644897 0.003150 0.005712
5 0.130866 0.640328 0.003465 0.005712
5 0.136063 0.647563 0.003780 0.006474
5 0.147717 0.651752 0.003150 0.005712
5 0.149449 0.647372 0.003465 0.006093
5 0.151969 0.648515 0.003465 0.005331
5 0.150079 0.653085 0.003465 0.006093
5 0.152441 0.654227 0.003150 0.006093
5 0.154488 0.655179 0.003465 0.005712
5 0.154331 0.649276 0.003150 0.005331
5 0.156220 0.650229 0.003150 0.005712
5 0.157323 0.655941 0.003465 0.006474
5 0.158898 0.650990 0.003465 0.007235
5 0.170079 0.539223 0.002520 0.004570
5 0.172441 0.539604 0.002205 0.003808
5 0.174173 0.541508 0.002520 0.003808
5 0.178583 0.543031 0.002520 0.003808
5 0.185354 0.546078 0.002835 0.004570
5 0.189921 0.547791 0.002520 0.003427
5 0.192283 0.548743 0.002835 0.004570
5 0.194173 0.550076 0.003465 0.004189
5 0.206457 0.554646 0.002835 0.003427
5 0.210709 0.556931 0.002520 0.004189
5 0.212913 0.557692 0.003150 0.004189
5 0.215276 0.558264 0.002205 0.003808
5 0.217480 0.559977 0.003465 0.005712
5 0.174646 0.552932 0.002835 0.003808
5 0.170866 0.550076 0.002835 0.004189
5 0.168346 0.549505 0.002835 0.003808
5 0.165984 0.548363 0.003150 0.003808
5 0.186299 0.557311 0.002835 0.004189
5 0.177165 0.559787 0.002835 0.005331
5 0.183622 0.563214 0.002520 0.003808
5 0.197165 0.561691 0.003150 0.003808
48 0.068031 0.528180 0.136063 0.137852
5 0.159370 0.656702 0.003780 0.005712
5 0.160787 0.652513 0.003465 0.005712
5 0.161575 0.658606 0.003780 0.005712
5 0.163307 0.653275 0.003465 0.006474
5 0.165984 0.654037 0.003780 0.006474
5 0.163622 0.658797 0.002835 0.006093
5 0.166299 0.659368 0.003150 0.005712
5 0.168346 0.660510 0.002835 0.006474
5 0.168031 0.654798 0.002835 0.006474
5 0.170079 0.655750 0.003150 0.006855
5 0.188819 0.564166 0.002835 0.004189
5 0.192756 0.566641 0.002520 0.003046
5 0.195591 0.566641 0.002520 0.003808
5 0.197953 0.567403 0.002205 0.003046
5 0.199685 0.569117 0.002520 0.002666
5 0.204252 0.564737 0.002835 0.003046
5 0.206614 0.566832 0.002520 0.004189
5 0.208976 0.567403 0.002205 0.003808
5 0.211339 0.568165 0.002520 0.004570
5 0.213386 0.569307 0.002205 0.004570
5 0.216063 0.570069 0.002520 0.003808
5 0.218110 0.571401 0.002205 0.003427
5 0.220472 0.571973 0.002520 0.004570
5 0.202520 0.570259 0.002520 0.004189
5 0.204882 0.570830 0.002835 0.004570
5 0.209134 0.572353 0.002520 0.003046
5 0.211496 0.573496 0.002205 0.003808
5 0.214016 0.575019 0.002835 0.003808
5 0.216063 0.575590 0.002520 0.004950
5 0.218425 0.576733 0.002835 0.004189
5 0.220787 0.577304 0.003150 0.004570
5 0.222677 0.578446 0.002520 0.004570
5 0.225354 0.579589 0.003465 0.004570
5 0.227874 0.574448 0.002835 0.004189
5 0.227874 0.580731 0.002835 0.003808
5 0.234016 0.578446 0.002520 0.003046
5 0.230079 0.575019 0.002835 0.003808
5 0.230079 0.580922 0.002835 0.003427
5 0.234961 0.583206 0.002520 0.003427
5 0.236850 0.583778 0.001890 0.003046
5 0.239055 0.585682 0.002520 0.003808
5 0.240945 0.581493 0.002520 0.003808
5 0.242992 0.582635 0.002835 0.004570
5 0.245512 0.583016 0.002835 0.003808
5 0.241260 0.586634 0.002520 0.003427
5 0.247717 0.583968 0.002835 0.004189
5 0.243937 0.587395 0.002835 0.004950
5 0.250079 0.584920 0.003150 0.004570
5 0.252441 0.585872 0.002835 0.003427
5 0.254488 0.587395 0.002520 0.004189
5 0.257323 0.587967 0.003150 0.004570
5 0.245827 0.588728 0.002835 0.003808
5 0.248346 0.589490 0.003465 0.004570
5 0.250551 0.590442 0.002835 0.004189
5 0.254803 0.592917 0.003150 0.003808
5 0.257165 0.574829 0.002835 0.004189
5 0.250866 0.571973 0.002835 0.003808
5 0.248189 0.571021 0.003150 0.004189
5 0.243307 0.569497 0.002205 0.004189
5 0.240945 0.568355 0.002520 0.004189
5 0.238740 0.567593 0.002520 0.003427
5 0.236378 0.565689 0.002205 0.003427
5 0.234173 0.565118 0.002205 0.003808
5 0.231811 0.564356 0.002520 0.003808
5 0.228819 0.563785 0.002205 0.003427
5 0.227087 0.562643 0.002520 0.004189
5 0.224567 0.562643 0.002520 0.004950
5 0.221890 0.561691 0.002835 0.004570
5 0.219685 0.560548 0.002835 0.005331
5 0.255276 0.604341 0.002835 0.004570
5 0.252126 0.603199 0.002835 0.003808
5 0.249606 0.601676 0.002835 0.004570
5 0.246614 0.600343 0.003150 0.004189
5 0.243937 0.599962 0.002835 0.004189
5 0.241575 0.598629 0.002520 0.004570
5 0.239370 0.597867 0.003150 0.004570
5 0.237008 0.596725 0.002835 0.003808
5 0.234646 0.595583 0.002520 0.003808
5 0.232598 0.594631 0.002205 0.003427
5 0.230866 0.593679 0.002520 0.003808
5 0.228032 0.592536 0.002520 0.003808
5 0.225669 0.591584 0.002835 0.004189
5 0.223307 0.590632 0.003150 0.003808
5 0.217323 0.587586 0.002520 0.003808
5 0.214646 0.586253 0.002835 0.004189
5 0.212283 0.585491 0.002520 0.003427
5 0.207717 0.583587 0.002835 0.004189
5 0.205197 0.582445 0.002205 0.002666
5 0.202677 0.582064 0.002205 0.003427
5 0.198425 0.579970 0.002520 0.003808
5 0.195748 0.579589 0.002835 0.003808
5 0.193701 0.578256 0.002520 0.003427
5 0.188819 0.581683 0.002835 0.004189
5 0.196063 0.584539 0.003465 0.003808
5 0.200630 0.587776 0.003150 0.004189
5 0.205512 0.587967 0.002835 0.004570
5 0.208189 0.588919 0.003150 0.004189
5 0.212756 0.590442 0.002835 0.004189
5 0.214646 0.592346 0.002205 0.003427
5 0.217008 0.593107 0.002520 0.003427
5 0.221575 0.595011 0.002835 0.004189
5 0.223780 0.596154 0.002205 0.003427
5 0.226929 0.596915 0.002835 0.004189
5 0.233071 0.599771 0.002520 0.003808
5 0.231024 0.599200 0.002835 0.003427
5 0.235276 0.601485 0.002520 0.004950
5 0.237795 0.602628 0.003150 0.004950
5 0.244094 0.605674 0.002520 0.003427
5 0.249921 0.607768 0.002205 0.003808
5 0.253386 0.609101 0.002835 0.004189
5 0.256378 0.609482 0.002520 0.003427
5 0.189134 0.576733 0.002205 0.003427
5 0.186299 0.575971 0.002205 0.003427
5 0.182677 0.578066 0.002520 0.003808
5 0.180000 0.577494 0.002835 0.003427
5 0.171654 0.574067 0.003150 0.004950
5 0.179843 0.572544 0.003150 0.004189
5 0.178110 0.576542 0.002835 0.003808
5 0.175906 0.575590 0.002835 0.004189
5 0.177795 0.571592 0.002205 0.003808
5 0.173228 0.569497 0.002520 0.003427
5 0.169134 0.572734 0.002520 0.004570
5 0.164567 0.570259 0.002835 0.004189
5 0.166299 0.566070 0.002520 0.003427
5 0.161575 0.564737 0.002520 0.003808
5 0.159843 0.569117 0.002835 0.004189
5 0.157165 0.562833 0.002520 0.003808
5 0.157165 0.567974 0.003150 0.004189
5 0.259213 0.617669 0.003150 0.003808
5 0.255906 0.624143 0.002835 0.004570
5 0.253858 0.620716 0.003150 0.003808
5 0.251339 0.620145 0.002520 0.004189
5 0.249449 0.618812 0.002520 0.004570
5 0.247087 0.617860 0.002835 0.003427
5 0.244724 0.617098 0.002520 0.004189
5 0.172598 0.656893 0.003150 0.006093
5 0.170709 0.661653 0.003150 0.005712
5 0.175118 0.657654 0.003780 0.006855
5 0.249921 0.624334 0.002835 0.004950
5 0.247559 0.623762 0.003150 0.004570
5 0.242835 0.615956 0.002520 0.004189
5 0.240787 0.614623 0.002835 0.003808
5 0.244882 0.622430 0.002205 0.004189
5 0.240945 0.621097 0.002520 0.003808
5 0.238583 0.619954 0.002835 0.005331
5 0.238268 0.613481 0.002205 0.003808
5 0.236063 0.618621 0.002835 0.004950
5 0.235906 0.613100 0.002520 0.003808
5 0.234488 0.617289 0.002835 0.003808
5 0.231496 0.616908 0.002520 0.003808
5 0.233386 0.611957 0.002520 0.004570
5 0.231181 0.611386 0.001890 0.003427
5 0.229134 0.609292 0.002205 0.003808
5 0.229449 0.615385 0.002205 0.003808
5 0.227559 0.614623 0.002205 0.003808
5 0.224724 0.613481 0.002835 0.004570
5 0.226772 0.609101 0.001890 0.003427
5 0.222677 0.612338 0.002520 0.003808
5 0.224409 0.607959 0.002835 0.004189
5 0.222047 0.607388 0.002520 0.003808
5 0.220472 0.611386 0.002520 0.004189
5 0.219843 0.606626 0.002520 0.003808
5 0.218110 0.611196 0.002835 0.003808
5 0.217795 0.605864 0.002205 0.004570
5 0.215748 0.609863 0.002520 0.004950
5 0.215748 0.604341 0.003150 0.005331
5 0.213701 0.609101 0.002835 0.003427
5 0.213071 0.602818 0.002835 0.003808
5 0.211181 0.607578 0.002835 0.004189
5 0.210709 0.602056 0.002520 0.003808
5 0.208661 0.606626 0.002835 0.004570
5 0.206457 0.605864 0.002835 0.003808
5 0.208189 0.601104 0.002520 0.004189
5 0.206299 0.600533 0.002520 0.003808
5 0.203622 0.599581 0.002835 0.004189
5 0.203937 0.605484 0.002835 0.003808
5 0.201575 0.598439 0.002520 0.003427
5 0.202047 0.604151 0.002835 0.004189
5 0.199370 0.603199 0.002520 0.003808
5 0.197165 0.602628 0.002520 0.004189
5 0.199213 0.597487 0.002205 0.005331
5 0.196850 0.596915 0.002520 0.003427
5 0.194488 0.595963 0.002205 0.003808
5 0.192283 0.594821 0.002835 0.003808
5 0.194646 0.601295 0.002520 0.003808
5 0.187874 0.592346 0.002835 0.004189
5 0.192283 0.599962 0.002205 0.003427
5 0.190079 0.599200 0.002205 0.004189
5 0.188031 0.598248 0.001890 0.003808
5 0.185827 0.596915 0.003150 0.004189
5 0.183465 0.596725 0.002205 0.003808
5 0.185512 0.591584 0.002520 0.004189
5 0.183150 0.590632 0.002205 0.003808
5 0.176535 0.593679 0.002205 0.003808
5 0.181102 0.595011 0.002520 0.004189
5 0.178110 0.589299 0.002205 0.004189
5 0.175433 0.586443 0.003150 0.004570
5 0.171969 0.585301 0.002520 0.003808
5 0.174646 0.592346 0.002205 0.004189
5 0.172283 0.591013 0.002520 0.004570
5 0.169921 0.589680 0.002835 0.004189
5 0.167244 0.588919 0.002520 0.004189
5 0.164724 0.589109 0.002520 0.003808
5 0.162677 0.588347 0.002835 0.003808
5 0.160787 0.586443 0.002205 0.003808
5 0.158425 0.585872 0.003150 0.003427
5 0.167244 0.583778 0.003150 0.004570
5 0.160472 0.580922 0.002835 0.004950
5 0.155591 0.585301 0.002520 0.003808
5 0.155906 0.579589 0.002520 0.004570
5 0.153701 0.583587 0.003150 0.004189
5 0.151496 0.583016 0.002520 0.003808
5 0.153543 0.578066 0.002205 0.003808
5 0.172598 0.662795 0.003150 0.005712
5 0.175433 0.663176 0.003150 0.005712
5 0.177323 0.658606 0.003150 0.005712
5 0.179843 0.659177 0.003780 0.006093
5 0.177323 0.664128 0.003150 0.006855
5 0.179843 0.665080 0.003780 0.005712
5 0.184409 0.661843 0.003465 0.006093
5 0.184409 0.667365 0.003465 0.006474
5 0.191181 0.664128 0.003150 0.006093
5 0.188976 0.663176 0.003150 0.006474
5 0.186457 0.668126 0.003780 0.006474
5 0.188819 0.669269 0.002835 0.006474
5 0.191654 0.669840 0.003465 0.006093
5 0.193386 0.665461 0.003780 0.006474
5 0.196063 0.666603 0.003465 0.006474
5 0.142677 0.596154 0.003780 0.004950
5 0.146929 0.592536 0.003465 0.004570
5 0.144882 0.597296 0.003150 0.005712
5 0.149134 0.593107 0.003465 0.004950
5 0.151654 0.593869 0.003465 0.005712
5 0.151969 0.600343 0.004094 0.005712
5 0.154016 0.595583 0.003780 0.006093
5 0.158898 0.603960 0.004094 0.005331
5 0.160472 0.598819 0.003465 0.005712
5 0.158268 0.598058 0.003465 0.005712
5 0.162992 0.599200 0.003465 0.005712
5 0.156220 0.602247 0.003780 0.004950
5 0.155906 0.596725 0.003780 0.006093
5 0.164882 0.600724 0.003465 0.004950
5 0.160630 0.604341 0.003150 0.005331
5 0.167559 0.601676 0.004409 0.005331
5 0.169764 0.602628 0.003780 0.005712
5 0.171969 0.603770 0.003780 0.005712
5 0.174331 0.604912 0.003465 0.004189
5 0.176693 0.604532 0.003780 0.005712
5 0.178583 0.606245 0.003150 0.005331
5 0.180945 0.607388 0.003465 0.006093
5 0.183465 0.607959 0.003465 0.006474
5 0.185512 0.608911 0.003150 0.005331
5 0.187717 0.610053 0.003780 0.006093
5 0.190394 0.611767 0.003465 0.005712
5 0.192283 0.612529 0.003465 0.004950
5 0.194646 0.613290 0.003780 0.005712
5 0.197480 0.613861 0.003780 0.006093
5 0.204567 0.611196 0.004724 0.003808
5 0.222677 0.617479 0.005039 0.004189
5 0.250551 0.631188 0.005354 0.004189
5 0.206929 0.617669 0.003150 0.004570
5 0.209134 0.618431 0.003150 0.004570
5 0.211496 0.619383 0.003465 0.006474
5 0.214173 0.620526 0.003150 0.005712
5 0.216220 0.621097 0.002835 0.005331
5 0.218740 0.622049 0.003465 0.005712
5 0.220630 0.623572 0.003465 0.004950
5 0.222835 0.624524 0.002835 0.004570
5 0.225039 0.624905 0.003465 0.005331
5 0.227559 0.626047 0.004094 0.005331
5 0.229606 0.626618 0.003780 0.004950
5 0.234331 0.628903 0.003780 0.006474
5 0.236378 0.629855 0.004094 0.006093
5 0.241260 0.631569 0.004409 0.006474
5 0.244882 0.633473 0.004094 0.007235
5 0.247717 0.634996 0.004724 0.005712
5 0.249921 0.635948 0.004094 0.006855
5 0.163150 0.605293 0.004409 0.006474
5 0.167717 0.607197 0.004094 0.005712
5 0.178425 0.612148 0.004094 0.006474
5 0.180945 0.613100 0.003465 0.005331
5 0.183307 0.613671 0.003780 0.005712
5 0.188031 0.615956 0.003780 0.005712
5 0.190236 0.616717 0.003780 0.005712
5 0.192441 0.618241 0.003780 0.006474
5 0.194803 0.618812 0.003465 0.006093
5 0.197480 0.619193 0.003780 0.006093
5 0.200000 0.619954 0.003150 0.006093
5 0.202362 0.620906 0.003465 0.004950
5 0.204882 0.621478 0.004094 0.006093
5 0.206772 0.623001 0.003465 0.006093
5 0.208819 0.624143 0.003780 0.005331
5 0.211496 0.624714 0.003465 0.005712
5 0.214016 0.625666 0.004094 0.006855
5 0.216693 0.626238 0.003780 0.007235
5 0.218583 0.627380 0.003780 0.006474
5 0.222992 0.629474 0.003780 0.005331
5 0.227402 0.631188 0.003780 0.005712
5 0.236535 0.635567 0.003780 0.006093
5 0.238740 0.636329 0.003780 0.006093
5 0.240945 0.637281 0.003150 0.005712
5 0.242835 0.638614 0.003150 0.005331
5 0.245512 0.639756 0.004094 0.006093
5 0.140472 0.607007 0.003150 0.005331
5 0.142992 0.607197 0.003150 0.005712
5 0.145039 0.609672 0.003465 0.005331
5 0.147244 0.610244 0.004094 0.005712
5 0.149764 0.611386 0.003465 0.004950
5 0.163307 0.617098 0.003465 0.005712
5 0.165197 0.617860 0.003465 0.005712
5 0.167559 0.618812 0.003780 0.006855
5 0.169764 0.620335 0.003780 0.006093
5 0.172126 0.621287 0.003465 0.004950
5 0.174488 0.622239 0.004409 0.006093
5 0.176535 0.623762 0.002835 0.004570
5 0.180945 0.625286 0.004094 0.006855
5 0.188189 0.627951 0.004094 0.005331
5 0.190551 0.628713 0.003780 0.006093
5 0.194961 0.630427 0.003780 0.006474
5 0.197323 0.631759 0.004094 0.006093
5 0.200157 0.632521 0.004094 0.005331
5 0.204724 0.633854 0.004409 0.006474
5 0.206772 0.635377 0.003465 0.005712
5 0.208819 0.636519 0.003150 0.005712
5 0.211181 0.637662 0.003465 0.004950
5 0.213386 0.638423 0.003465 0.005712
5 0.215906 0.639566 0.003465 0.005712
5 0.218110 0.640708 0.003465 0.005712
5 0.222835 0.642232 0.003465 0.005712
5 0.225039 0.643374 0.003465 0.005712
5 0.227244 0.644326 0.004094 0.006093
5 0.229606 0.645659 0.003780 0.005712
5 0.231811 0.646420 0.003780 0.005712
5 0.236378 0.647753 0.003465 0.006093
5 0.250551 0.654417 0.003465 0.004950
5 0.245669 0.651752 0.003150 0.005712
5 0.154331 0.613290 0.003780 0.005712
5 0.138425 0.611577 0.004094 0.006093
5 0.142992 0.613861 0.003150 0.005331
5 0.149764 0.616908 0.003465 0.005331
5 0.152126 0.617669 0.003150 0.005331
5 0.151654 0.623953 0.005354 0.004950
5 0.156220 0.620145 0.003780 0.005712
5 0.158583 0.621478 0.004094 0.006855
5 0.161102 0.622239 0.003465 0.006093
5 0.163307 0.623382 0.003465 0.006093
5 0.167874 0.624714 0.003780 0.006474
5 0.169921 0.625666 0.003465 0.006093
5 0.171811 0.626809 0.003465 0.005331
5 0.174016 0.627951 0.002835 0.006093
5 0.176693 0.629094 0.003150 0.006093
5 0.181260 0.630807 0.003465 0.005712
48 0.304409 0.692879 0.079685 0.116908
48 0.282520 0.761615 0.056693 0.047982
5 0.196063 0.671744 0.003465 0.005331
5 0.197953 0.667365 0.004094 0.005712
5 0.202677 0.669459 0.004094 0.006093
5 0.200472 0.673458 0.003465 0.005712
5 0.183780 0.631569 0.003465 0.005712
5 0.188504 0.633283 0.003465 0.006093
5 0.192913 0.635377 0.003465 0.007235
5 0.195118 0.635948 0.003465 0.006093
5 0.197953 0.636900 0.003465 0.005712
5 0.200315 0.638043 0.003780 0.006474
5 0.204567 0.640137 0.003465 0.005331
5 0.209134 0.642041 0.003780 0.006093
5 0.211654 0.642612 0.003150 0.005712
5 0.213386 0.644326 0.003465 0.006093
5 0.218268 0.645849 0.003150 0.006093
5 0.220472 0.646992 0.003780 0.006855
5 0.225039 0.649086 0.003465 0.006474
5 0.227244 0.650038 0.002835 0.006093
5 0.229764 0.650800 0.003465 0.006093
5 0.231654 0.652133 0.002835 0.005712
5 0.241102 0.655750 0.003465 0.005331
5 0.234016 0.652133 0.003150 0.005712
5 0.243307 0.656702 0.002835 0.005712
5 0.245984 0.657083 0.003150 0.004950
5 0.248819 0.658225 0.003150 0.006474
5 0.133543 0.623001 0.003150 0.006855
5 0.135748 0.623191 0.003150 0.005712
5 0.138110 0.624524 0.003465 0.006093
5 0.140630 0.625476 0.003465 0.006474
5 0.142835 0.626809 0.003465 0.005331
5 0.144882 0.627570 0.003780 0.005331
5 0.147244 0.629094 0.003465 0.006093
5 0.149291 0.629855 0.003780 0.006093
5 0.151496 0.630236 0.002520 0.005331
5 0.154173 0.631379 0.004094 0.006093
5 0.156535 0.632331 0.003780 0.007235
5 0.160787 0.635187 0.003465 0.005331
5 0.165197 0.637091 0.003465 0.006093
5 0.172126 0.639566 0.003465 0.005712
5 0.176693 0.641660 0.003150 0.005331
5 0.179370 0.642041 0.002835 0.005331
5 0.190394 0.647563 0.002835 0.006474
5 0.192598 0.648515 0.003465 0.005331
5 0.197795 0.649276 0.003780 0.006093
5 0.204409 0.652894 0.003780 0.005712
5 0.207244 0.653656 0.003150 0.005712
5 0.211339 0.655179 0.003150 0.004950
5 0.213543 0.656702 0.003150 0.004950
5 0.218425 0.658606 0.003465 0.004950
5 0.220472 0.658987 0.003150 0.005712
5 0.222992 0.660129 0.003150 0.005712
5 0.224882 0.661462 0.002520 0.004570
5 0.227087 0.662224 0.003780 0.006093
5 0.238898 0.666603 0.003465 0.006474
5 0.241102 0.667365 0.003465 0.005712
5 0.244252 0.668507 0.003465 0.005712
5 0.131496 0.626047 0.003465 0.005331
5 0.136220 0.629094 0.002835 0.005331
5 0.138740 0.630427 0.002835 0.004950
5 0.140630 0.630617 0.002835 0.005331
5 0.143150 0.631759 0.003465 0.006093
5 0.145039 0.633283 0.002835 0.005331
5 0.151811 0.636329 0.003150 0.006093
5 0.156693 0.638423 0.003465 0.005712
5 0.163150 0.641660 0.003780 0.006093
5 0.165512 0.642232 0.003465 0.006474
5 0.167874 0.642993 0.003150 0.007235
5 0.170079 0.644136 0.003150 0.005712
5 0.172126 0.644707 0.003465 0.006855
5 0.174646 0.646040 0.003465 0.005712
5 0.177165 0.646992 0.003465 0.006093
5 0.181732 0.648515 0.003150 0.006093
5 0.183622 0.650229 0.003780 0.005712
5 0.188189 0.652133 0.004094 0.005712
5 0.190866 0.652704 0.002520 0.006093
5 0.200000 0.656702 0.004409 0.006474
5 0.202992 0.657273 0.003465 0.005331
5 0.211969 0.660701 0.003780 0.006855
5 0.214646 0.661462 0.002835 0.006855
5 0.195433 0.654227 0.002835 0.006855
5 0.197480 0.655179 0.003150 0.006474
5 0.179370 0.647944 0.002835 0.006474
5 0.176220 0.611386 0.003465 0.005712
5 0.185827 0.614813 0.003150 0.006474
5 0.234016 0.634996 0.003150 0.006474
5 0.231654 0.634425 0.003465 0.006093
5 0.220472 0.628142 0.003780 0.006474
5 0.160945 0.615956 0.003150 0.006474
5 0.158583 0.615575 0.003465 0.004950
5 0.156063 0.614813 0.003465 0.004950
5 0.243307 0.650990 0.003465 0.005712
5 0.247717 0.652323 0.002835 0.004570
5 0.240787 0.650038 0.003465 0.005331
5 0.238898 0.648705 0.004094 0.005712
5 0.234016 0.646992 0.003780 0.005331
5 0.185827 0.626428 0.003780 0.006093
5 0.149291 0.634996 0.003150 0.006474
5 0.181417 0.642612 0.003150 0.005712
5 0.183622 0.644136 0.003780 0.004950
5 0.185354 0.645849 0.003465 0.004570
5 0.201890 0.651942 0.003150 0.005331
5 0.199528 0.650990 0.003465 0.004950
5 0.215906 0.657273 0.003465 0.005331
5 0.209291 0.659939 0.003465 0.006855
5 0.208976 0.654608 0.002835 0.005331
5 0.229449 0.663366 0.003465 0.004570
5 0.236378 0.666603 0.003465 0.005712
5 0.242205 0.673267 0.004409 0.006855
5 0.239370 0.672125 0.003150 0.006093
5 0.237008 0.671744 0.003465 0.005331
5 0.234646 0.670602 0.003150 0.004570
5 0.238740 0.654989 0.003150 0.005331
5 0.231811 0.669840 0.003150 0.005331
5 0.229764 0.669078 0.003465 0.006093
5 0.227244 0.667936 0.004094 0.006093
5 0.207087 0.659177 0.003465 0.006093
5 0.203465 0.663747 0.005669 0.003808
5 0.234331 0.664890 0.004409 0.006855
5 0.204882 0.670602 0.003465 0.006093
5 0.205354 0.676314 0.003780 0.006093
5 0.209764 0.672315 0.003780 0.006474
5 0.209606 0.678027 0.003465 0.005712
5 0.207244 0.676695 0.002520 0.006093
5 0.211811 0.673458 0.004094 0.005712
5 0.211811 0.678789 0.003465 0.005712
5 0.214173 0.673839 0.003150 0.005712
5 0.214173 0.679741 0.003150 0.005331
5 0.215906 0.674981 0.003465 0.006474
5 0.216378 0.680693 0.002520 0.005712
5 0.218425 0.677075 0.004094 0.006093
5 0.220787 0.676695 0.003150 0.006093
5 0.222835 0.677647 0.003465 0.006474
5 0.220787 0.682788 0.003150 0.005331
5 0.223150 0.683359 0.003465 0.005712
5 0.227402 0.680693 0.003780 0.005712
5 0.227874 0.686024 0.004094 0.006474
5 0.229606 0.681645 0.003780 0.006093
5 0.229921 0.687167 0.003150 0.006474
5 0.231969 0.688500 0.003465 0.006093
5 0.234961 0.689642 0.003150 0.006093
5 0.237008 0.684882 0.004094 0.006474
5 0.234173 0.683740 0.004724 0.006474
5 0.231654 0.682978 0.004724 0.006474
5 0.108346 0.649086 0.003150 0.005712
5 0.111024 0.649657 0.003465 0.005331
5 0.113386 0.650609 0.003780 0.005712
5 0.115906 0.650990 0.003780 0.004950
5 0.122520 0.653846 0.003780 0.006093
5 0.124252 0.655179 0.004724 0.005712
5 0.127087 0.655750 0.004094 0.006093
5 0.131181 0.658035 0.003465 0.005331
5 0.133228 0.659368 0.003780 0.005712
5 0.136378 0.660320 0.003780 0.006855
5 0.141417 0.661272 0.004409 0.006474
5 0.143465 0.662605 0.004094 0.006093
5 0.145827 0.662986 0.003780 0.006855
5 0.152283 0.665651 0.003465 0.005331
5 0.157165 0.668126 0.003780 0.005712
5 0.159685 0.669078 0.003780 0.006093
5 0.161732 0.669840 0.004094 0.006093
5 0.163622 0.671363 0.003465 0.004570
5 0.166142 0.672506 0.003465 0.006093
5 0.168189 0.673077 0.003780 0.005712
5 0.170551 0.674410 0.003465 0.006093
5 0.173228 0.675171 0.003150 0.005331
5 0.177480 0.677075 0.003465 0.005331
5 0.180157 0.677837 0.003150 0.006093
5 0.182520 0.678218 0.003465 0.005331
5 0.186772 0.679931 0.003780 0.005712
5 0.191181 0.682407 0.003780 0.006093
5 0.196378 0.684692 0.003465 0.006093
5 0.198583 0.685453 0.003465 0.006093
5 0.200945 0.686596 0.003780 0.005331
5 0.203465 0.687167 0.003150 0.005712
5 0.213858 0.686786 0.005669 0.004189
5 0.207402 0.689071 0.002835 0.004950
5 0.209449 0.690213 0.003780 0.004950
5 0.214646 0.691736 0.004094 0.006474
5 0.223465 0.696116 0.003465 0.005331
5 0.225669 0.696877 0.003465 0.006093
5 0.228189 0.697258 0.004094 0.006855
5 0.231654 0.698401 0.004094 0.006093
5 0.229449 0.702970 0.003465 0.005331
5 0.226299 0.702399 0.003465 0.006474
5 0.223937 0.702209 0.003150 0.006093
5 0.221575 0.701257 0.003465 0.006474
5 0.217008 0.698972 0.003150 0.006474
5 0.214646 0.698401 0.003465 0.006093
5 0.210236 0.696306 0.003465 0.006474
5 0.208346 0.694783 0.003465 0.005712
5 0.205669 0.693831 0.003150 0.006855
5 0.108819 0.654608 0.003465 0.006093
5 0.111339 0.655179 0.002835 0.005712
5 0.113858 0.655369 0.002835 0.006093
5 0.116063 0.656702 0.004094 0.006474
5 0.120472 0.658606 0.003465 0.005712
5 0.122835 0.659939 0.003150 0.006093
5 0.125039 0.660891 0.003780 0.006474
5 0.129606 0.663176 0.003465 0.006474
5 0.131811 0.664128 0.003465 0.006093
5 0.134016 0.664890 0.003465 0.006093
5 0.136220 0.666222 0.004094 0.006474
5 0.138740 0.666603 0.003465 0.005712
5 0.141260 0.667555 0.003465 0.006093
5 0.143622 0.668507 0.003780 0.006474
5 0.146142 0.669459 0.004409 0.006855
5 0.150709 0.670982 0.004094 0.007616
5 0.155591 0.672506 0.003780 0.006855
5 0.157953 0.673458 0.003465 0.007235
5 0.162205 0.676123 0.004409 0.006474
5 0.164409 0.677075 0.003780 0.006093
5 0.166614 0.678027 0.003780 0.005712
5 0.169291 0.678789 0.003465 0.005712
5 0.171654 0.679551 0.003780 0.007235
5 0.175906 0.681455 0.004094 0.006474
5 0.180472 0.683168 0.003780 0.006093
5 0.185039 0.685072 0.004094 0.006855
5 0.187559 0.686405 0.003465 0.006474
5 0.189764 0.687167 0.004094 0.006474
5 0.192126 0.688119 0.003780 0.006855
5 0.194331 0.689642 0.003780 0.006855
5 0.196378 0.689832 0.003465 0.006474
5 0.201417 0.691546 0.004094 0.006093
5 0.107244 0.665270 0.003465 0.005331
5 0.107874 0.670221 0.003465 0.006855
5 0.111969 0.666984 0.003465 0.005712
5 0.110236 0.671554 0.003780 0.006474
5 0.114173 0.667936 0.003465 0.005331
5 0.116220 0.668888 0.003780 0.006474
5 0.119055 0.669269 0.003780 0.006474
5 0.119528 0.674981 0.004094 0.006474
5 0.121890 0.675933 0.003780 0.006093
5 0.121417 0.670411 0.003465 0.005712
5 0.125669 0.672506 0.003780 0.006093
5 0.123307 0.671554 0.003465 0.005712
5 0.126457 0.677837 0.004094 0.006093
5 0.130236 0.674600 0.003465 0.006474
5 0.132441 0.675743 0.004094 0.006474
5 0.133543 0.680693 0.003780 0.006474
5 0.135276 0.676123 0.004094 0.006474
5 0.135748 0.681645 0.003780 0.006855
5 0.142047 0.678789 0.004409 0.006474
5 0.140315 0.683549 0.004724 0.006855
5 0.146772 0.680503 0.004409 0.006093
5 0.145354 0.685834 0.004094 0.006093
5 0.149606 0.687167 0.003780 0.005712
5 0.151496 0.682407 0.003780 0.006093
5 0.153543 0.683359 0.003465 0.005712
5 0.155906 0.684501 0.003780 0.006474
5 0.151811 0.688309 0.003780 0.006474
5 0.160472 0.687357 0.004724 0.006855
5 0.162992 0.688309 0.002835 0.005712
5 0.156535 0.690594 0.003780 0.005712
5 0.164882 0.688690 0.003465 0.006474
5 0.167087 0.690213 0.003465 0.006474
48 0.351968 0.636710 0.084094 0.070830
5 0.174803 0.698020 0.003780 0.006093
5 0.179055 0.693641 0.004724 0.007235
5 0.179370 0.699543 0.004094 0.006093
5 0.181417 0.700685 0.003780 0.007616
5 0.185827 0.703161 0.003780 0.007235
5 0.188504 0.703922 0.003465 0.007235
5 0.190551 0.704494 0.003150 0.006093
5 0.193071 0.705255 0.003780 0.006093
5 0.195118 0.706398 0.004094 0.006093
5 0.192126 0.699924 0.003780 0.006093
5 0.199370 0.702590 0.003780 0.006093
5 0.185039 0.697829 0.003465 0.005712
5 0.160945 0.692308 0.003780 0.006093
5 0.202047 0.703732 0.003465 0.006093
5 0.200000 0.708111 0.003780 0.005712
5 0.201890 0.709634 0.003780 0.005712
5 0.172126 0.697639 0.003465 0.006093
5 0.204252 0.710777 0.003465 0.006474
5 0.205984 0.705446 0.003780 0.006474
5 0.206457 0.712110 0.003465 0.005331
5 0.208189 0.707159 0.003780 0.006093
5 0.208346 0.712871 0.003465 0.006855
5 0.210551 0.707921 0.003465 0.006855
5 0.210709 0.714204 0.003780 0.005712
5 0.213228 0.714775 0.003780 0.006093
5 0.222047 0.713443 0.003780 0.007235
5 0.224567 0.714395 0.003780 0.006093
5 0.220000 0.718393 0.002835 0.005712
5 0.214961 0.716108 0.003465 0.005712
5 0.219370 0.712681 0.004094 0.005712
5 0.187402 0.698972 0.003780 0.005712
5 0.217638 0.716870 0.003780 0.005712
5 0.222835 0.719155 0.003465 0.005712
5 0.217165 0.711729 0.004094 0.005331
5 0.214646 0.710586 0.004094 0.006093
5 0.220945 0.695354 0.003465 0.005331
5 0.196850 0.702209 0.003150 0.005331
5 0.176220 0.693260 0.003465 0.005712
5 0.174016 0.692689 0.002835 0.005331
5 0.189921 0.699543 0.003150 0.005331
5 0.171811 0.691356 0.004094 0.006474
5 0.163465 0.692879 0.003780 0.006474
5 0.169764 0.696306 0.003780 0.006474
5 0.169449 0.690784 0.003780 0.006093
5 0.183307 0.696116 0.003780 0.006093
5 0.194646 0.700876 0.003780 0.005712
5 0.212283 0.709444 0.004409 0.006855
5 0.198425 0.691356 0.003780 0.007235
5 0.211811 0.691165 0.003465 0.006855
5 0.212441 0.697068 0.003465 0.006474
5 0.173701 0.680122 0.002835 0.006093
5 0.218268 0.663938 0.003780 0.007235
5 0.187717 0.646611 0.003780 0.006093
5 0.110394 0.683359 0.003465 0.004950
5 0.112913 0.684120 0.003465 0.005712
5 0.120157 0.686976 0.004094 0.006093
5 0.129134 0.690784 0.004409 0.006855
5 0.133543 0.693069 0.003780 0.006093
5 0.136535 0.694212 0.004094 0.006855
5 0.140630 0.695735 0.004094 0.006855
5 0.145354 0.698210 0.004094 0.006474
5 0.149764 0.699543 0.004724 0.006855
5 0.154646 0.701828 0.004409 0.006855
5 0.157008 0.702018 0.003465 0.005712
5 0.159370 0.702780 0.004409 0.007235
5 0.161417 0.704684 0.004094 0.006474
5 0.165669 0.705826 0.003780 0.006474
5 0.167874 0.707159 0.003780 0.006093
5 0.170551 0.707921 0.003465 0.006855
5 0.173071 0.709254 0.003465 0.005712
5 0.177165 0.711538 0.004094 0.006474
5 0.179685 0.712110 0.004094 0.006855
5 0.182362 0.712681 0.003780 0.007235
5 0.184567 0.714014 0.003780 0.006855
5 0.186772 0.714585 0.003150 0.005712
5 0.188819 0.715918 0.003465 0.006093
5 0.191496 0.716489 0.003780 0.007235
5 0.194173 0.715918 0.004094 0.007616
5 0.195906 0.718393 0.004409 0.007235
5 0.197795 0.719916 0.003780 0.006474
5 0.199685 0.720678 0.003780 0.006474
5 0.202362 0.721630 0.004094 0.006855
5 0.204567 0.722963 0.004094 0.007235
5 0.207087 0.723724 0.003465 0.006474
5 0.209134 0.725057 0.004409 0.006855
5 0.211654 0.725248 0.003780 0.006474
5 0.213543 0.726771 0.003780 0.006474
5 0.216220 0.727913 0.003465 0.006474
5 0.218583 0.729436 0.005039 0.006474
5 0.120472 0.699162 0.004094 0.006093
5 0.122835 0.700114 0.003780 0.005712
5 0.123780 0.704113 0.004409 0.006855
5 0.128504 0.706969 0.003780 0.006474
5 0.130866 0.707921 0.004724 0.006855
5 0.134331 0.704494 0.004724 0.006855
5 0.137008 0.705065 0.005039 0.007235
5 0.139370 0.706398 0.004094 0.006855
5 0.140000 0.711538 0.004094 0.005712
5 0.142362 0.712300 0.004409 0.006474
5 0.144724 0.713443 0.004094 0.006474
5 0.148976 0.709444 0.004409 0.006093
5 0.146614 0.714585 0.004094 0.005712
5 0.148819 0.715918 0.004094 0.006855
5 0.135276 0.720297 0.004094 0.007235
5 0.137480 0.722011 0.004094 0.006855
5 0.152913 0.711729 0.004094 0.006855
5 0.155276 0.712681 0.004409 0.005712
5 0.153543 0.717441 0.004094 0.006093
5 0.156063 0.718393 0.003465 0.005712
5 0.158110 0.718774 0.004409 0.007235
5 0.162677 0.715347 0.004094 0.006474
5 0.164567 0.716299 0.004094 0.006855
5 0.166929 0.717631 0.003780 0.005712
5 0.168976 0.718583 0.003465 0.005331
5 0.173701 0.720678 0.004094 0.006474
5 0.178583 0.721630 0.003780 0.005331
5 0.182835 0.724486 0.003465 0.005712
5 0.184882 0.725438 0.003780 0.005331
5 0.187717 0.726009 0.003780 0.006474
5 0.189764 0.726961 0.003465 0.006855
5 0.192126 0.727913 0.003780 0.005712
5 0.194331 0.728865 0.003150 0.006093
5 0.196378 0.730388 0.003465 0.005331
5 0.198583 0.731912 0.003465 0.005331
5 0.200630 0.732673 0.003150 0.005331
5 0.202677 0.733625 0.004094 0.005712
5 0.205512 0.734387 0.004094 0.007235
5 0.207874 0.736291 0.003780 0.004950
5 0.209606 0.736291 0.003465 0.005712
5 0.212126 0.737243 0.004094 0.006093
5 0.215118 0.738005 0.003780 0.005331
5 0.213858 0.742193 0.003780 0.006093
5 0.210394 0.742003 0.004409 0.006474
5 0.208189 0.740289 0.003780 0.006855
5 0.205512 0.739909 0.004724 0.006855
5 0.203150 0.739909 0.004409 0.006093
5 0.201260 0.738385 0.003780 0.006093
5 0.199213 0.737053 0.003465 0.005712
5 0.196693 0.736291 0.004094 0.006474
5 0.194646 0.735148 0.003780 0.006474
5 0.192598 0.733816 0.004094 0.006855
5 0.190394 0.732292 0.003465 0.006093
5 0.188031 0.732292 0.003780 0.006093
5 0.185669 0.731150 0.004094 0.005331
5 0.183465 0.729817 0.004094 0.007235
5 0.181417 0.728675 0.004409 0.007235
5 0.179213 0.727723 0.003780 0.006093
5 0.176850 0.726961 0.004094 0.006855
5 0.174646 0.725819 0.004724 0.006855
5 0.169449 0.724295 0.003780 0.006855
5 0.167559 0.723343 0.003780 0.006474
5 0.165039 0.722391 0.003780 0.006855
5 0.162992 0.721439 0.004094 0.006474
5 0.148346 0.726390 0.003780 0.006474
5 0.151181 0.727532 0.004409 0.007235
5 0.153701 0.729056 0.003780 0.005712
5 0.158583 0.730388 0.004724 0.007616
5 0.161102 0.731912 0.003465 0.006093
5 0.163780 0.733054 0.005039 0.006855
5 0.174803 0.737624 0.003780 0.006855
5 0.177008 0.738766 0.003780 0.006855
5 0.179370 0.739718 0.004094 0.006474
5 0.181575 0.740480 0.004094 0.006474
5 0.185827 0.742574 0.004409 0.007616
5 0.188189 0.744288 0.004094 0.006474
5 0.190709 0.744478 0.003465 0.006855
5 0.192756 0.745811 0.003780 0.006474
5 0.195433 0.746382 0.004094 0.006855
5 0.196850 0.747715 0.003780 0.006474
5 0.199213 0.748858 0.003465 0.006474
5 0.201417 0.749619 0.003465 0.005712
5 0.204094 0.749810 0.004409 0.006855
5 0.205669 0.752285 0.003780 0.006474
5 0.208031 0.753237 0.004724 0.007616
5 0.210236 0.754189 0.004094 0.006474
5 0.212598 0.754951 0.004409 0.005712
5 0.214646 0.755903 0.003465 0.005331
5 0.216693 0.757045 0.004409 0.006093
5 0.219370 0.757426 0.004094 0.006093
5 0.221260 0.758759 0.004094 0.005712
5 0.223465 0.760091 0.004094 0.006093
5 0.227559 0.761615 0.003465 0.006093
5 0.230079 0.762947 0.004724 0.006474
5 0.282047 0.647182 0.004094 0.005712
5 0.261102 0.654608 0.006929 0.004570
5 0.267087 0.653656 0.005669 0.004189
5 0.259528 0.657845 0.005039 0.004189
5 0.263937 0.659939 0.005669 0.003808
5 0.289449 0.650609 0.003780 0.004950
5 0.287244 0.654989 0.004409 0.006093
5 0.283150 0.671173 0.003150 0.005712
5 0.262835 0.662986 0.005984 0.003808
5 0.256535 0.662414 0.006614 0.004189
5 0.256063 0.665842 0.005669 0.004189
5 0.261417 0.666222 0.005669 0.004189
5 0.252756 0.674410 0.006614 0.004570
5 0.276693 0.669840 0.003465 0.006093
5 0.278898 0.672125 0.004724 0.006855
5 0.274331 0.674981 0.003780 0.005712
5 0.270394 0.679170 0.004094 0.005712
5 0.248976 0.679931 0.007244 0.004950
5 0.255433 0.681835 0.005669 0.004950
5 0.247717 0.687738 0.005984 0.004570
5 0.265669 0.695925 0.004724 0.006474
5 0.253543 0.688119 0.006299 0.005331
5 0.251811 0.692498 0.005984 0.004189
5 0.251339 0.695354 0.005669 0.004570
5 0.247402 0.701447 0.005984 0.004570
5 0.246299 0.704113 0.005039 0.005331
5 0.239055 0.706588 0.005669 0.004189
5 0.238740 0.709444 0.006299 0.003808
5 0.244409 0.711158 0.005669 0.004189
5 0.242677 0.714204 0.006614 0.004189
5 0.236850 0.713633 0.006299 0.003808
5 0.235748 0.716108 0.005984 0.003427
5 0.241102 0.718203 0.005984 0.004570
5 0.239843 0.721249 0.006614 0.004570
5 0.235118 0.718393 0.005984 0.003427
5 0.234016 0.720868 0.006299 0.003808
5 0.232756 0.723534 0.005669 0.003808
5 0.237953 0.725438 0.005984 0.003808
5 0.237008 0.727723 0.006614 0.004570
5 0.231969 0.725628 0.005354 0.003427
5 0.230236 0.728104 0.005669 0.003808
5 0.229134 0.731150 0.006614 0.004570
5 0.234961 0.733244 0.005669 0.004189
5 0.233543 0.735148 0.005354 0.003427
5 0.228504 0.734196 0.005984 0.003808
5 0.227559 0.736481 0.005984 0.004570
5 0.233071 0.737624 0.005669 0.003808
5 0.231969 0.739909 0.005984 0.003808
5 0.231339 0.741622 0.005984 0.004189
5 0.230866 0.744097 0.005039 0.004570
5 0.229134 0.750190 0.005984 0.003808
5 0.255118 0.725819 0.005039 0.006855
5 0.252913 0.736862 0.005039 0.003046
5 0.253701 0.738957 0.004724 0.002666
5 0.253543 0.741813 0.005039 0.003046
5 0.248031 0.748286 0.005984 0.003808
5 0.246299 0.750381 0.005039 0.003427
5 0.243622 0.752666 0.005984 0.003427
5 0.241417 0.754760 0.005354 0.003808
5 0.039528 0.442879 0.005354 0.003808
5 0.045039 0.444212 0.005669 0.004189
5 0.051969 0.446687 0.005669 0.003808
5 0.057480 0.447829 0.005354 0.005331
5 0.048661 0.448972 0.004724 0.003808
5 0.048031 0.453732 0.005354 0.004189
5 0.056220 0.451447 0.005984 0.004189
5 0.060157 0.452780 0.005039 0.003046
5 0.042520 0.451637 0.005039 0.003808
5 0.064252 0.459254 0.005669 0.003808
5 0.068976 0.460967 0.006299 0.004189
5 0.073228 0.462300 0.005984 0.004570
5 0.077795 0.463062 0.005669 0.004570
5 0.090551 0.465347 0.005984 0.005331
5 0.101732 0.466870 0.006299 0.004570
5 0.107087 0.470868 0.005039 0.004950
5 0.110866 0.473534 0.005669 0.004189
5 0.117638 0.476200 0.004724 0.003427
5 0.141102 0.481912 0.005669 0.004189
5 0.167087 0.488576 0.007244 0.004570
5 0.173228 0.491432 0.006299 0.004189
5 0.177638 0.493145 0.005669 0.003808
5 0.181890 0.493907 0.005354 0.003808
5 0.185827 0.495240 0.006299 0.004189
5 0.191654 0.497334 0.005354 0.003808
5 0.196535 0.498477 0.006299 0.004570
5 0.207244 0.506283 0.006929 0.004189
5 0.210866 0.511424 0.006614 0.004570
5 0.221260 0.501333 0.005984 0.004189
5 0.225984 0.501714 0.005984 0.004189
5 0.233071 0.503046 0.006299 0.004570
5 0.225984 0.508759 0.005984 0.003808
5 0.232598 0.508949 0.004094 0.003427
5 0.239528 0.510663 0.005354 0.003046
5 0.259370 0.516756 0.005984 0.003808
5 0.264095 0.518279 0.005354 0.003808
5 0.269449 0.519421 0.005984 0.004570
5 0.275591 0.521896 0.005669 0.004189
5 0.296693 0.519802 0.007559 0.005331
5 0.302520 0.522468 0.007874 0.006093
5 0.296063 0.530274 0.006299 0.004950
5 0.301102 0.532178 0.005039 0.004189
5 0.308819 0.528751 0.005984 0.004189
5 0.306457 0.533892 0.007559 0.005331
5 0.321732 0.530274 0.006614 0.004950
5 0.316220 0.538081 0.006299 0.004570
5 0.311654 0.535986 0.005984 0.004950
5 0.323937 0.540937 0.006614 0.004950
5 0.328504 0.543031 0.005669 0.005331
5 0.306142 0.555598 0.006299 0.004570
5 0.330079 0.533892 0.006299 0.003808
5 0.315748 0.531988 0.005984 0.004570
5 0.342992 0.548934 0.005669 0.004189
5 0.349764 0.542460 0.005984 0.004189
5 0.333386 0.544935 0.005354 0.003808
5 0.337638 0.546649 0.005669 0.004950
5 0.353386 0.548934 0.005669 0.004189
5 0.352441 0.556740 0.005669 0.003808
5 0.360157 0.547791 0.005984 0.004950
5 0.358110 0.551409 0.005669 0.003808
5 0.356535 0.555027 0.005669 0.004189
5 0.364724 0.550647 0.006299 0.004570
5 0.363622 0.554455 0.005984 0.004570
5 0.360630 0.557121 0.005669 0.004570
5 0.372126 0.560358 0.005354 0.004189
5 0.380472 0.581112 0.006299 0.004570
5 0.385512 0.565689 0.005669 0.004189
5 0.392913 0.571211 0.005984 0.004570
5 0.398898 0.575400 0.005354 0.004570
5 0.402205 0.578256 0.005669 0.003427
5 0.415906 0.586062 0.006614 0.003808
5 0.431339 0.595202 0.005354 0.003808
5 0.435433 0.597487 0.005984 0.003808
5 0.448031 0.605484 0.005984 0.004570
5 0.452598 0.608340 0.005669 0.003427
5 0.457638 0.611386 0.006299 0.004950
5 0.465512 0.616337 0.006929 0.004950
5 0.480157 0.623762 0.005984 0.004570
5 0.486929 0.627570 0.006299 0.004570
5 0.491496 0.629665 0.005984 0.004189
5 0.496850 0.632331 0.006614 0.004950
5 0.512756 0.641470 0.005039 0.003427
5 0.524409 0.648515 0.006299 0.004570
5 0.533071 0.653846 0.005984 0.004570
5 0.538425 0.657654 0.005984 0.005331
5 0.542205 0.660510 0.005984 0.004950
5 0.595276 0.699543 0.005039 0.003808
5 0.612598 0.710967 0.006299 0.003808
5 0.610709 0.714585 0.006929 0.004189
5 0.656850 0.739147 0.005354 0.004570
5 0.660630 0.741813 0.005984 0.003808
5 0.664567 0.744859 0.006299 0.004570
5 0.659213 0.745621 0.007559 0.005331
5 0.717323 0.786748 0.005984 0.005331
5 0.721417 0.790175 0.005984 0.004570
5 0.728504 0.796458 0.006299 0.004189
5 0.732441 0.800076 0.006614 0.005331
5 0.766929 0.830541 0.008189 0.005331
5 0.776221 0.839299 0.005984 0.004570
5 0.771811 0.834920 0.007874 0.004950
5 0.790866 0.839490 0.006299 0.005712
5 0.794331 0.842346 0.006299 0.005331
5 0.800000 0.846725 0.005039 0.004950
5 0.803150 0.849962 0.007559 0.004570
5 0.798740 0.854722 0.006299 0.004189
5 0.759685 0.834730 0.007559 0.004570
5 0.815591 0.857197 0.005984 0.004570
5 0.813858 0.860625 0.006299 0.003808
5 0.817480 0.863290 0.005984 0.005331
5 0.805827 0.865004 0.006614 0.004189
5 0.809921 0.869573 0.005984 0.005712
5 0.793071 0.878142 0.005669 0.005331
6 0.802520 0.891470 0.013858 0.012186
5 0.803622 0.887662 0.005354 0.005331
5 0.826929 0.873001 0.005984 0.004189
5 0.861732 0.907464 0.005669 0.007616
5 0.847087 0.904227 0.005984 0.004950
5 0.871181 0.928789 0.006929 0.005331
5 0.878110 0.934311 0.005669 0.004189
5 0.887244 0.943260 0.005669 0.005331
5 0.890079 0.947258 0.006299 0.004950
5 0.885512 0.969916 0.005984 0.006093
5 0.895433 0.979436 0.006299 0.005331
5 0.900787 0.989337 0.005039 0.004570
5 0.904567 0.988385 0.004409 0.004950
5 0.011181 0.488005 0.005984 0.004189
5 0.014488 0.491622 0.005669 0.003046
5 0.015433 0.488957 0.005039 0.003046
5 0.019370 0.493145 0.005354 0.003808
5 0.020630 0.490861 0.006614 0.003808
5 0.024252 0.494478 0.005669 0.003427
5 0.025039 0.491622 0.005984 0.003046
5 0.030709 0.495811 0.006614 0.003808
5 0.058583 0.480198 0.006299 0.003808
5 0.073543 0.505522 0.004094 0.006474
5 0.082520 0.507807 0.003780 0.006474
5 0.105197 0.523420 0.005669 0.004189
5 0.120000 0.526847 0.005039 0.004189
5 0.129134 0.529132 0.005039 0.003427
5 0.124252 0.527609 0.005354 0.003427
5 0.122362 0.530655 0.003465 0.003427
5 0.125984 0.531988 0.003150 0.003046
5 0.117795 0.529703 0.002520 0.002285
5 0.094961 0.523610 0.003465 0.004570
5 0.145039 0.504189 0.005354 0.004570
2 0.728661 0.990861 0.038110 0.018279
2 0.647874 0.983054 0.045354 0.033892
2 0.801890 0.994669 0.036535 0.010663
2 0.770079 0.980579 0.041575 0.036558
2 0.739843 0.953732 0.034016 0.034653
2 0.708819 0.929360 0.029921 0.036177
2 0.678425 0.903275 0.035276 0.035034
2 0.644724 0.880427 0.030866 0.039604
2 0.609606 0.858530 0.039370 0.043031
2 0.574646 0.835682 0.040630 0.047601
2 0.534803 0.816070 0.031496 0.041889
2 0.503465 0.790937 0.035591 0.040366
2 0.429134 0.749238 0.041260 0.044554
2 0.345984 0.762757 0.039370 0.038081
2 0.321732 0.792079 0.039370 0.045697
2 0.465354 0.880427 0.041890 0.049505
2 0.501575 0.901181 0.038740 0.045316
2 0.539843 0.916603 0.040945 0.047982
5 0.009134 0.480388 0.003780 0.007235
5 0.012126 0.481340 0.004094 0.008378
5 0.019055 0.483435 0.004094 0.007997
5 0.021890 0.483625 0.003465 0.008378
5 0.024252 0.484196 0.003150 0.007997
5 0.026299 0.485529 0.003465 0.006855
5 0.171024 0.518469 0.006929 0.004189
5 0.181417 0.516565 0.006299 0.004189
5 0.191024 0.520183 0.006614 0.004570
5 0.205827 0.529322 0.006614 0.005331
5 0.185827 0.529132 0.005669 0.004189
5 0.190236 0.530655 0.005039 0.004189
5 0.221575 0.540746 0.005984 0.004570
6 0.217638 0.543412 0.008189 0.006093
5 0.273386 0.564737 0.007559 0.005331
5 0.268346 0.566451 0.006299 0.003427
5 0.266142 0.559406 0.006299 0.004570
6 0.239370 0.544364 0.010709 0.006474
6 0.251969 0.548934 0.010709 0.005712
5 0.258583 0.551790 0.005669 0.003808
5 0.271181 0.557502 0.005669 0.003808
5 0.223780 0.547410 0.005354 0.003427
5 0.234646 0.551790 0.003780 0.003046
5 0.248976 0.556931 0.005984 0.004189
5 0.308661 0.572353 0.005039 0.003808
5 0.317795 0.581683 0.006299 0.004189
5 0.323307 0.587014 0.005984 0.004189
5 0.298268 0.599391 0.005039 0.006093
5 0.328346 0.590251 0.005984 0.005331
5 0.332598 0.593107 0.005039 0.004189
5 0.336693 0.595202 0.005039 0.004570
5 0.345827 0.598819 0.006299 0.004950
5 0.355906 0.601295 0.005669 0.005331
5 0.367244 0.604341 0.006929 0.005331
5 0.371496 0.611196 0.004724 0.003808
5 0.375433 0.608911 0.005669 0.003808
5 0.382047 0.606436 0.005669 0.003427
5 0.385669 0.609101 0.005354 0.003427
5 0.381260 0.613671 0.005984 0.004189
5 0.375591 0.613671 0.005354 0.004189
5 0.373701 0.616146 0.005984 0.003808
5 0.372283 0.618621 0.006299 0.004189
5 0.377008 0.619954 0.005039 0.003046
5 0.379213 0.617669 0.005669 0.003808
5 0.386142 0.618050 0.005669 0.004570
5 0.381575 0.621287 0.005354 0.004189
5 0.391496 0.621478 0.005669 0.004570
5 0.396693 0.624524 0.005354 0.004570
5 0.385984 0.624143 0.005354 0.003808
5 0.394803 0.630236 0.005354 0.003808
5 0.396535 0.618431 0.005669 0.003808
5 0.399843 0.614433 0.004724 0.003427
5 0.394803 0.611577 0.005984 0.003808
5 0.402835 0.609672 0.005669 0.006855
5 0.399528 0.607959 0.004724 0.006474
5 0.404252 0.612338 0.005984 0.005331
5 0.407244 0.614433 0.005669 0.004189
6 0.320157 0.618621 0.006614 0.005712
5 0.263622 0.606245 0.003780 0.005331
6 0.292441 0.622239 0.004094 0.009139
6 0.345827 0.674600 0.005039 0.016375
6 0.350551 0.674410 0.004409 0.016756
5 0.369291 0.694402 0.005354 0.003427
5 0.364882 0.696687 0.005984 0.004189
5 0.350079 0.701066 0.004094 0.005331
5 0.340472 0.718774 0.005669 0.004950
5 0.344724 0.720487 0.004724 0.003808
5 0.357795 0.715918 0.005669 0.004570
5 0.357795 0.719155 0.006299 0.004189
6 0.338110 0.712681 0.009764 0.013328
6 0.537638 0.941546 0.015118 0.006474
6 0.569606 0.947829 0.012913 0.012947
5 0.632913 0.993145 0.005984 0.005331
9 0.347087 0.851676 0.016378 0.009520
1 0.031811 0.612529 0.017008 0.015613
1 0.024724 0.633663 0.016693 0.019040
11 0.075433 0.595011 0.011654 0.007997
11 0.106929 0.592917 0.005354 0.008378
7 0.015748 0.558073 0.006929 0.004189
7 0.023307 0.558264 0.006299 0.003046
5 0.140787 0.553884 0.005039 0.003427
5 0.140945 0.556550 0.004724 0.002666
9 0.175906 0.747715 0.007244 0.004950
9 0.442205 0.904227 0.008819 0.006474
9 0.490866 0.923267 0.007244 0.003427
9 0.517323 0.932597 0.003465 0.005331
9 0.530551 0.898515 0.007874 0.008759
9 0.510551 0.926123 0.005039 0.006093
9 0.512913 0.927266 0.004724 0.005331
9 0.482520 0.913176 0.005039 0.004570
9 0.554331 0.808644 0.005039 0.005712
9 0.625984 0.851676 0.011024 0.006474
5 0.259213 0.575400 0.003150 0.006093
5 0.252598 0.573305 0.003150 0.005712
5 0.181260 0.561120 0.002835 0.004950
5 0.231969 0.582064 0.002205 0.004950
5 0.221260 0.589109 0.002205 0.004570
5 0.219055 0.588538 0.002835 0.005712
5 0.210394 0.589871 0.003150 0.004570
5 0.209921 0.584349 0.002205 0.004950
5 0.219213 0.594250 0.003150 0.004950
5 0.240000 0.602437 0.002520 0.003808
5 0.247244 0.606245 0.002520 0.004570
5 0.251811 0.625095 0.002835 0.004950
5 0.238425 0.631188 0.003150 0.004189
5 0.251969 0.638043 0.003150 0.004950
5 0.143937 0.680503 0.002520 0.005331
5 0.138583 0.661272 0.002520 0.004950
5 0.119528 0.653846 0.002835 0.006093
5 0.114961 0.639756 0.003150 0.005331
5 0.105197 0.638043 0.003150 0.003427
5 0.128976 0.645088 0.002835 0.005331
5 0.133858 0.647182 0.003150 0.005712
5 0.140630 0.649848 0.002835 0.004189
5 0.148504 0.664699 0.002835 0.004950
5 0.159685 0.675171 0.003150 0.004570
5 0.152756 0.672886 0.003150 0.006093
5 0.138898 0.679170 0.003780 0.005712
5 0.142520 0.685644 0.002835 0.004950
5 0.165354 0.694402 0.003150 0.005712
5 0.148032 0.596344 0.001890 0.003046
5 0.147087 0.599200 0.002520 0.004189
5 0.165354 0.623953 0.002520 0.004950
5 0.169449 0.608911 0.002520 0.004570
5 0.164882 0.607197 0.002205 0.004950
5 0.172126 0.609101 0.002205 0.004950
8 0.174173 0.609672 0.003150 0.006093
5 0.179213 0.630236 0.002520 0.004570
5 0.183150 0.626618 0.002205 0.004189
8 0.185827 0.632902 0.002520 0.004570
8 0.190866 0.634044 0.002520 0.005331
8 0.192756 0.630046 0.002520 0.004189
5 0.206614 0.641851 0.002520 0.003427
5 0.202047 0.639947 0.002835 0.004950
5 0.215591 0.646040 0.002835 0.004950
5 0.222677 0.648134 0.002520 0.005331
8 0.236535 0.653656 0.002520 0.004950
5 0.221102 0.665270 0.003150 0.005331
5 0.224882 0.667365 0.003150 0.004950
5 0.222677 0.666984 0.003780 0.006474
5 0.204409 0.659177 0.003150 0.005331
5 0.200157 0.668888 0.002835 0.004189
5 0.198110 0.673267 0.002520 0.004570
5 0.202677 0.675171 0.002835 0.005331
5 0.193543 0.671363 0.002205 0.003808
5 0.218740 0.682407 0.002835 0.005331
5 0.224724 0.679741 0.002205 0.003808
5 0.219055 0.700114 0.002835 0.004950
5 0.203307 0.692498 0.002835 0.004950
5 0.203622 0.705255 0.002835 0.004570
5 0.181102 0.695925 0.002520 0.004950
5 0.188976 0.682216 0.002520 0.004189
5 0.193701 0.684120 0.001890 0.004189
5 0.182677 0.683930 0.002520 0.004570
5 0.181575 0.666794 0.002835 0.005331
5 0.186457 0.663366 0.002520 0.004570
5 0.181417 0.661272 0.002520 0.003427
5 0.178268 0.682978 0.001890 0.004189
5 0.207402 0.671744 0.002205 0.004570
8 0.146929 0.634996 0.002835 0.006474
5 0.154331 0.637281 0.002520 0.004950
5 0.158898 0.640137 0.002205 0.004570
5 0.162362 0.636710 0.002835 0.005331
8 0.167402 0.637471 0.002205 0.004570
5 0.174331 0.640708 0.002835 0.004189
5 0.192283 0.654798 0.002205 0.003427
5 0.194961 0.649276 0.001890 0.003808
4 0.204094 0.616717 0.003150 0.004950
5 0.203150 0.587967 0.003150 0.005331
5 0.191496 0.582445 0.003780 0.005712
5 0.185197 0.580160 0.003150 0.004189
5 0.180472 0.589680 0.002520 0.004189
5 0.198740 0.586253 0.003150 0.004950
8 0.200630 0.581302 0.003150 0.004189
5 0.149134 0.582254 0.002835 0.005331
5 0.189606 0.593869 0.002520 0.004950
5 0.242677 0.621858 0.002205 0.004570
5 0.206614 0.572925 0.003150 0.005712
4 0.166142 0.554646 0.002835 0.004950
4 0.168819 0.554646 0.002520 0.004950
5 0.158268 0.686215 0.002835 0.005331
5 0.238583 0.579970 0.002835 0.005331
5 0.236063 0.579208 0.002205 0.004570
5 0.231654 0.577304 0.001575 0.003046
5 0.110709 0.608530 0.002835 0.004570
9 0.118898 0.588157 0.009764 0.005712
9 0.102205 0.572353 0.003465 0.005331
9 0.096063 0.571021 0.003780 0.005712
9 0.117795 0.593488 0.006299 0.003427
5 0.108819 0.596154 0.003465 0.004189
5 0.107559 0.601866 0.004094 0.003427
5 0.124094 0.582635 0.004409 0.003046
5 0.144882 0.615956 0.002520 0.003427
5 0.140945 0.612719 0.002205 0.004570
8 0.220315 0.642041 0.002835 0.006093
8 0.225354 0.631188 0.002835 0.004950
5 0.229606 0.632140 0.003150 0.005331
5 0.200945 0.613671 0.002520 0.003427
4 0.179055 0.594059 0.002205 0.005331
5 0.241260 0.519231 0.003150 0.002666
5 0.254016 0.563595 0.004094 0.003046
5 0.237008 0.557502 0.005354 0.003046
5 0.204094 0.543983 0.004409 0.002666
5 0.198898 0.542270 0.002835 0.003046
5 0.031181 0.487053 0.003150 0.006093
5 0.016850 0.483244 0.003465 0.004570
5 0.033701 0.488005 0.002520 0.004950
5 0.029134 0.486481 0.002205 0.004950
5 0.014488 0.482483 0.003150 0.006093
5 0.058898 0.513328 0.001260 0.002285
5 0.033071 0.504951 0.001890 0.002285
5 0.010394 0.498096 0.002520 0.003046
5 0.024409 0.502094 0.002205 0.001904
5 0.026772 0.503046 0.002520 0.002285
5 0.029764 0.503808 0.001575 0.001523
5 0.042677 0.508568 0.002205 0.002666
5 0.048661 0.509711 0.001575 0.001142
5 0.051339 0.510663 0.002520 0.003046
5 0.056535 0.512376 0.002205 0.001904
5 0.139685 0.548553 0.004724 0.002666
5 0.008504 0.441546 0.004409 0.003427
48 0.169134 0.480960 0.012598 0.008378
10 0.405039 0.714775 0.007559 0.009901
48 0.643150 0.797982 0.576378 0.404037
5 0.044724 0.565118 0.004409 0.005331
5 0.101890 0.591584 0.003465 0.004950
5 0.098425 0.591394 0.004094 0.005331
2 0.065827 0.637852 0.015748 0.016756
5 0.269606 0.635567 0.004409 0.003046
5 0.268189 0.638614 0.004094 0.003046
5 0.265984 0.641851 0.005354 0.004189
5 0.272126 0.644326 0.005039 0.003808
5 0.264724 0.645468 0.004724 0.003808
5 0.262992 0.649086 0.005039 0.004189
5 0.262205 0.651752 0.004724 0.003427
5 0.258110 0.660701 0.005354 0.003808
5 0.266457 0.658225 0.005669 0.004189
5 0.245039 0.692498 0.005039 0.004189
5 0.030709 0.443260 0.004724 0.004570
5 0.053386 0.455446 0.004094 0.003808
5 0.202677 0.500952 0.004724 0.003427
5 0.214488 0.500952 0.005669 0.003427
5 0.280945 0.518660 0.004409 0.003808
5 0.286457 0.526466 0.005354 0.004189
5 0.367244 0.556359 0.004409 0.003808
5 0.603465 0.705446 0.005669 0.004950
5 0.781417 0.868241 0.005039 0.004570
5 0.807244 0.853389 0.005039 0.004570
5 0.816850 0.875666 0.004094 0.004189
5 0.823937 0.878713 0.005039 0.004189
5 0.889921 0.974105 0.004724 0.004570
5 0.900157 0.983816 0.003780 0.004189
5 0.054646 0.493907 0.005354 0.003808
5 0.198740 0.522848 0.005039 0.003808
5 0.213071 0.535415 0.004094 0.003808
5 0.348189 0.709825 0.004094 0.003808
9 0.276850 0.512567 0.012598 0.007616
6 0.289134 0.562833 0.012598 0.007616
6 0.357165 0.675362 0.006929 0.011043
6 0.253386 0.758378 0.008504 0.013328
6 0.256378 0.760091 0.008189 0.012947
6 0.259213 0.761043 0.008189 0.012567
