48 0.997158 0.875610 0.005683 0.025000
48 0.992469 0.981402 0.015061 0.021951
48 0.941461 0.957165 0.023302 0.013720
43 0.182154 0.889787 0.013072 0.007622
48 0.897556 0.982165 0.014493 0.012500
48 0.876812 0.990549 0.008241 0.006707
48 0.940608 0.976982 0.023302 0.011890
48 0.748650 0.742378 0.030406 0.014024
48 0.964621 0.983841 0.019040 0.021341
48 0.877948 0.421799 0.008241 0.007622
40 0.516340 0.360976 0.013072 0.012805
42 0.517334 0.674848 0.008241 0.005183
48 0.330918 0.844970 0.007104 0.008841
39 0.525433 0.675305 0.007388 0.004268
48 0.727621 0.779116 0.011083 0.016768
48 0.973998 0.967378 0.026996 0.017683
48 0.843990 0.378811 0.034101 0.034451
48 0.945865 0.984299 0.009946 0.008232
48 0.935635 0.984146 0.012219 0.006707
42 0.465473 0.417378 0.006820 0.007317
33 0.407076 0.472104 0.016766 0.013110
43 0.491901 0.670122 0.010230 0.010976
45 0.485081 0.381555 0.009093 0.011890
33 0.307047 0.459756 0.009946 0.015854
33 0.498721 0.415549 0.018187 0.010366
42 0.402529 0.432927 0.007104 0.012195
48 0.974282 0.933841 0.009946 0.010366
40 0.495595 0.376372 0.013072 0.014939
48 0.914180 0.981402 0.013072 0.010366
48 0.862177 0.974543 0.010230 0.010061
5 0.780477 0.798476 0.005399 0.003049
5 0.569906 0.890396 0.002558 0.005183
48 0.916027 0.965549 0.010514 0.012195
48 0.863171 0.986281 0.012219 0.010366
51 0.836459 0.502744 0.097471 0.117073
5 0.283035 0.647104 0.005115 0.003963
48 0.878090 0.974390 0.013072 0.010976
48 0.871839 0.947713 0.007957 0.008232
48 0.898551 0.971189 0.009093 0.009451
5 0.289571 0.644817 0.005683 0.004878
5 0.123899 0.673171 0.003978 0.004268
