48 0.958463 0.618760 0.013199 0.012871
48 0.970691 0.641576 0.018245 0.016381
48 0.982531 0.622465 0.011646 0.011700
48 0.975155 0.601014 0.017081 0.017161
55 0.973020 0.660296 0.015140 0.013261
48 0.991460 0.647816 0.013975 0.011700
48 0.989713 0.660686 0.012811 0.014821
48 0.960016 0.668292 0.015528 0.012871
48 0.993207 0.678237 0.012811 0.015601
48 0.958075 0.678822 0.014752 0.012090
48 0.977484 0.716069 0.023292 0.020281
48 0.980784 0.699493 0.017469 0.015991
48 0.930901 0.729524 0.012422 0.014431
48 0.947787 0.737520 0.012811 0.012480
48 0.977096 0.741225 0.014752 0.015991
48 0.919837 0.750585 0.009705 0.009750
48 0.946817 0.749805 0.014752 0.011310
48 0.958657 0.780226 0.012034 0.015991
48 0.930318 0.791732 0.011258 0.011700
48 0.950116 0.784321 0.006599 0.007800
48 0.953222 0.797972 0.016693 0.017161
48 0.937112 0.808697 0.016304 0.012090
48 0.945846 0.822543 0.015140 0.013261
48 0.968750 0.762480 0.014363 0.014041
48 0.992042 0.815913 0.012034 0.014041
48 0.982143 0.826443 0.017857 0.010920
48 0.981172 0.810452 0.008152 0.007800
48 0.993012 0.768721 0.012422 0.013261
48 0.931871 0.841459 0.009705 0.011310
48 0.926825 0.884360 0.018245 0.027691
48 0.967974 0.876950 0.016693 0.019111
48 0.969720 0.891381 0.010093 0.008970
48 0.990489 0.934477 0.009705 0.014041
48 0.979620 0.933892 0.009705 0.013651
48 0.963703 0.924337 0.013587 0.007800
48 0.963703 0.915562 0.015916 0.008970
48 0.966421 0.974649 0.011258 0.014041
48 0.983696 0.976014 0.010093 0.010530
48 0.934006 0.984204 0.018634 0.012090
48 0.783967 0.036661 0.006599 0.005460
