48 0.998835 0.306357 0.002329 0.005070
48 0.975349 0.671607 0.049301 0.049142
48 0.999030 0.453783 0.001941 0.015211
48 0.996894 0.475624 0.006211 0.037051
48 0.409550 0.109399 0.003106 0.004290
48 0.120730 0.301872 0.012422 0.010920
48 0.954775 0.349844 0.004270 0.003900
48 0.970497 0.344774 0.010093 0.010920
48 0.970497 0.358814 0.009317 0.021061
48 0.934588 0.388456 0.007376 0.007800
48 0.913626 0.388651 0.003494 0.004290
48 0.872283 0.429992 0.004658 0.005070
48 0.827834 0.472309 0.004270 0.004680
48 0.648098 0.467239 0.011258 0.011700
48 0.974185 0.492395 0.014363 0.006630
48 0.990683 0.513456 0.005435 0.005850
48 0.995924 0.514626 0.004270 0.004290
48 0.937306 0.512870 0.023680 0.024181
48 0.783773 0.512480 0.004658 0.004680
48 0.930512 0.541732 0.024845 0.021841
48 0.740489 0.555967 0.005047 0.004290
48 0.923719 0.572153 0.023680 0.023401
48 0.830551 0.579953 0.056289 0.053822
48 0.880435 0.602379 0.029503 0.034711
48 0.687306 0.654836 0.006599 0.007020
48 0.372865 0.648596 0.020575 0.025741
48 0.379076 0.661271 0.005823 0.005850
48 0.386064 0.662637 0.006599 0.003900
48 0.846079 0.670047 0.004270 0.004680
48 0.906056 0.678237 0.055124 0.030421
48 0.305318 0.693838 0.006599 0.006240
48 0.336374 0.679017 0.007376 0.006240
48 0.491071 0.698518 0.004658 0.003900
48 0.892663 0.701443 0.003494 0.004290
48 0.650621 0.744150 0.013199 0.013261
48 0.650233 0.757995 0.021739 0.013651
48 0.151592 0.754680 0.004270 0.004680
48 0.054154 0.814158 0.004270 0.004290
48 0.803377 0.794267 0.004270 0.004290
48 0.833075 0.817668 0.017857 0.016771
48 0.860443 0.840679 0.010481 0.012090
48 0.865489 0.856864 0.017469 0.015601
48 0.911297 0.959633 0.053960 0.061232
24 0.313082 0.736934 0.005047 0.006630
54 0.977679 0.459243 0.018245 0.019111
48 0.691382 0.799727 0.006988 0.004290
10 0.990489 0.517941 0.005047 0.003900
51 0.877523 0.878705 0.029891 0.030421
