48 0.011390 0.422345 0.007070 0.004754
48 0.010343 0.624406 0.010212 0.008875
48 0.001178 0.943740 0.002357 0.011727
48 0.003011 0.792076 0.006023 0.021553
48 0.004975 0.770365 0.009950 0.018067
48 0.007201 0.750555 0.014402 0.017750
48 0.003142 0.730903 0.006284 0.013946
48 0.003273 0.720444 0.006546 0.015848
48 0.013223 0.682567 0.026447 0.014897
48 0.002880 0.689223 0.005761 0.011094
48 0.007855 0.693185 0.010474 0.010143
48 0.003535 0.741363 0.007070 0.005071
48 0.004713 0.709667 0.009427 0.010143
48 0.005499 0.530586 0.010998 0.012044
48 0.006284 0.520919 0.012569 0.010460
48 0.005237 0.510935 0.010474 0.010777
48 0.007855 0.499525 0.015711 0.012678
5 0.006415 0.483518 0.003928 0.002853
48 0.010867 0.463233 0.021733 0.015531
48 0.009427 0.471949 0.018853 0.015214
48 0.008641 0.901743 0.017282 0.015214
48 0.003535 0.833597 0.007070 0.017116
48 0.018984 0.431537 0.022781 0.011094
48 0.006284 0.451506 0.012045 0.009826
48 0.008641 0.851030 0.017282 0.041838
48 0.010212 0.893661 0.019900 0.014263
48 0.012962 0.614897 0.015449 0.010777
48 0.010474 0.633756 0.013616 0.011727
48 0.008641 0.672742 0.017282 0.011094
48 0.002488 0.891759 0.004975 0.011727
48 0.005368 0.910777 0.010736 0.009826
48 0.000000 0.979398 0.000000 0.021553
48 0.990835 0.999366 0.013616 0.001268
48 0.865279 0.995880 0.015449 0.008241
48 0.008248 0.984945 0.010736 0.012995
48 0.057999 0.985895 0.012831 0.008558
48 0.073972 0.987639 0.008641 0.007607
5 0.131448 0.986529 0.005761 0.003487
48 0.895391 0.997464 0.011783 0.005071
48 0.766955 0.991601 0.016235 0.011094
48 0.771799 0.997464 0.017020 0.005071
48 0.778738 0.992868 0.011521 0.012361
48 0.784237 0.994136 0.008379 0.011727
48 0.793532 0.997464 0.008641 0.005071
48 0.808850 0.996038 0.014664 0.007924
48 0.820372 0.997781 0.013616 0.004437
48 0.834904 0.995404 0.013354 0.009192
48 0.726761 0.996830 0.010736 0.006339
48 0.742734 0.996355 0.006023 0.005388
48 0.738151 0.993344 0.007855 0.010143
48 0.732260 0.991601 0.010212 0.011094
48 0.944881 0.998415 0.021733 0.003170
48 0.982849 0.997147 0.021210 0.005705
48 0.951165 0.992235 0.020686 0.015531
48 0.031029 0.980824 0.011783 0.011094
48 0.020162 0.982884 0.012569 0.020285
48 0.997905 0.080507 0.004190 0.017116
48 0.998691 0.166561 0.002618 0.014263
48 0.994763 0.191918 0.010474 0.011727
48 0.997905 0.234548 0.004190 0.013946
48 0.995941 0.247544 0.008117 0.007607
48 0.997120 0.367512 0.005761 0.009826
48 0.994632 0.378922 0.010736 0.017433
48 0.991883 0.414897 0.016235 0.022187
48 0.987955 0.445959 0.021472 0.017116
48 0.994108 0.455468 0.011783 0.014580
48 0.949332 0.010618 0.012831 0.009192
48 0.993061 0.498098 0.012831 0.016799
48 0.995810 0.530269 0.008379 0.017750
1 0.732522 0.475753 0.007594 0.011410
1 0.700445 0.470998 0.006284 0.012044
1 0.676093 0.465135 0.008903 0.011094
1 0.849568 0.050396 0.009688 0.008241
1 0.844069 0.072266 0.010736 0.007607
1 0.837392 0.100158 0.010474 0.006973
1 0.827704 0.139461 0.010998 0.008875
1 0.820634 0.165610 0.009427 0.007290
1 0.812254 0.204596 0.010474 0.007290
1 0.799948 0.257528 0.011521 0.007924
1 0.777167 0.351347 0.009427 0.007290
1 0.771406 0.374326 0.010474 0.008241
1 0.763682 0.403962 0.011259 0.007924
1 0.753993 0.448019 0.011259 0.007290
1 0.643624 0.456418 0.006808 0.011410
1 0.619272 0.451981 0.006808 0.010777
48 0.989788 0.024723 0.019900 0.017116
48 0.975779 0.017116 0.010736 0.012678
48 0.973946 0.032488 0.013354 0.012995
48 0.997251 0.041997 0.005499 0.011094
48 0.990966 0.038352 0.011259 0.009509
48 0.947237 0.020761 0.014402 0.011094
48 0.939906 0.039778 0.009688 0.006656
48 0.990573 0.554675 0.010998 0.011410
48 0.993323 0.618384 0.013354 0.015848
48 0.990443 0.629794 0.019115 0.010143
48 0.990443 0.639303 0.014402 0.011410
48 0.989657 0.650713 0.017020 0.013312
48 0.983504 0.656735 0.023043 0.013312
48 0.978659 0.665135 0.025923 0.016165
48 0.989526 0.775119 0.009950 0.011727
48 0.990443 0.786212 0.019115 0.016799
48 0.984944 0.813312 0.019115 0.017750
48 0.982456 0.824564 0.019377 0.011094
48 0.980885 0.833122 0.015711 0.011727
48 0.986122 0.971157 0.012569 0.013312
48 0.942917 0.033597 0.009427 0.012044
48 0.935454 0.030903 0.007070 0.006022
48 0.932574 0.037559 0.005499 0.007924
48 0.938596 0.053883 0.022781 0.024723
5 0.943964 0.116165 0.002618 0.004754
5 0.943703 0.092710 0.003142 0.004754
48 0.969364 0.044849 0.010998 0.007924
48 0.983111 0.046751 0.017544 0.009826
48 0.974208 0.054041 0.015449 0.011727
48 0.987038 0.056735 0.011259 0.010143
48 0.986122 0.064184 0.010998 0.010460
48 0.970149 0.063233 0.021995 0.013629
48 0.990443 0.080349 0.010212 0.017433
48 0.979576 0.079556 0.009427 0.015848
48 0.969756 0.078447 0.010736 0.014897
48 0.961770 0.076862 0.010998 0.017433
48 0.995418 0.114422 0.006023 0.008875
48 0.994632 0.120444 0.006023 0.008241
48 0.989526 0.117591 0.006808 0.014580
48 0.955224 0.106339 0.010474 0.009192
48 0.956009 0.111727 0.012045 0.006656
48 0.956140 0.117274 0.008641 0.006339
48 0.974077 0.106815 0.010474 0.011410
48 0.982325 0.123930 0.007594 0.006339
48 0.982980 0.129477 0.005761 0.007924
48 0.986384 0.132647 0.007332 0.009192
48 0.978921 0.140571 0.011259 0.013629
48 0.928384 0.124089 0.009165 0.005388
48 0.953129 0.135024 0.010474 0.008241
48 0.950642 0.144532 0.015973 0.009509
48 0.964650 0.102219 0.009427 0.009192
48 0.946059 0.154675 0.009427 0.011410
48 0.952605 0.156101 0.009950 0.011094
48 0.974208 0.157845 0.011259 0.014580
48 0.962163 0.158162 0.010736 0.012044
48 0.952736 0.125515 0.010736 0.008241
48 0.932181 0.079239 0.014140 0.009509
48 0.932181 0.088114 0.015711 0.010777
48 0.929694 0.098098 0.014402 0.010460
48 0.926159 0.104913 0.015711 0.006339
48 0.924980 0.113471 0.021733 0.016482
48 0.921838 0.132171 0.019115 0.016482
48 0.991228 0.160063 0.011783 0.020285
48 0.983111 0.160697 0.008641 0.011410
5 0.986908 0.259113 0.003666 0.002853
5 0.915685 0.224247 0.002618 0.005388
48 0.967400 0.119176 0.011783 0.009509
48 0.965043 0.133756 0.014402 0.012678
48 0.994501 0.233281 0.007855 0.011410
48 0.140613 0.428843 0.009950 0.011410
48 0.141529 0.440412 0.010736 0.011727
48 0.140875 0.448653 0.013092 0.010460
48 0.090469 0.431696 0.020162 0.011410
48 0.067295 0.417116 0.015711 0.009509
48 0.024614 0.409667 0.014140 0.010460
48 0.047133 0.434548 0.009950 0.006339
48 0.050537 0.452932 0.016758 0.012678
48 0.077900 0.452773 0.010212 0.008558
48 0.061796 0.484152 0.014140 0.013629
48 0.049620 0.464501 0.013354 0.007924
48 0.075936 0.467036 0.009950 0.013629
48 0.728201 0.982409 0.005761 0.004754
48 0.729641 0.976387 0.007070 0.009826
48 0.742210 0.983677 0.011259 0.011094
48 0.736580 0.981933 0.006284 0.008875
48 0.056821 0.435499 0.011521 0.013312
48 0.068473 0.436609 0.018068 0.012995
48 0.066510 0.445642 0.017806 0.012678
48 0.043467 0.470365 0.011521 0.012678
48 0.046478 0.481933 0.020162 0.018067
5 0.068604 0.485261 0.003142 0.005705
48 0.085363 0.492076 0.022519 0.014263
48 0.108536 0.485261 0.004451 0.006339
48 0.110500 0.494770 0.015187 0.017750
48 0.121629 0.489382 0.011783 0.010143
48 0.119534 0.495246 0.004975 0.005388
48 0.126997 0.498415 0.015187 0.011094
48 0.100288 0.491284 0.012569 0.013312
48 0.131055 0.457211 0.014402 0.011727
48 0.112464 0.467670 0.006023 0.007290
48 0.122414 0.469572 0.010212 0.007924
48 0.131579 0.470840 0.011783 0.009192
48 0.132757 0.479715 0.012569 0.012361
48 0.178057 0.437876 0.015711 0.011727
48 0.171642 0.443265 0.018068 0.006656
48 0.208170 0.444374 0.010998 0.008241
48 0.227546 0.455626 0.010998 0.007290
48 0.210264 0.454041 0.013092 0.012361
48 0.209086 0.462599 0.009165 0.007290
48 0.254910 0.451981 0.005499 0.005071
48 0.226761 0.474643 0.008903 0.011094
48 0.235402 0.477813 0.009427 0.006656
48 0.259230 0.477021 0.012045 0.010143
48 0.232391 0.483360 0.007070 0.007607
48 0.224273 0.487322 0.010212 0.009826
48 0.235009 0.511252 0.016496 0.010777
48 0.236842 0.520919 0.008641 0.007924
48 0.177795 0.466878 0.017806 0.012678
48 0.166405 0.468304 0.006546 0.007290
48 0.211312 0.487639 0.008903 0.014263
48 0.208039 0.503170 0.009688 0.006022
48 0.207384 0.512837 0.012045 0.015848
48 0.222179 0.511886 0.005499 0.006973
48 0.159466 0.495563 0.008903 0.009192
48 0.164834 0.506339 0.014925 0.007290
48 0.026447 0.543265 0.009427 0.011410
48 0.022650 0.551981 0.006023 0.004120
48 0.056428 0.574643 0.014402 0.010777
5 0.020686 0.572266 0.005237 0.002853
48 0.035088 0.578605 0.024614 0.014263
48 0.057869 0.583994 0.008379 0.009826
48 0.078424 0.577179 0.011259 0.008875
48 0.022650 0.606656 0.023828 0.013312
48 0.035742 0.616957 0.007070 0.007290
48 0.017282 0.625674 0.008903 0.008875
48 0.031160 0.635975 0.009950 0.009826
48 0.038230 0.633281 0.005237 0.010777
48 0.084184 0.519334 0.009688 0.012361
48 0.089029 0.535341 0.006284 0.007607
48 0.086672 0.554517 0.009427 0.012361
48 0.095051 0.555309 0.005237 0.005071
48 0.098193 0.549921 0.010998 0.008241
48 0.108143 0.556418 0.010474 0.008558
48 0.119534 0.559429 0.010736 0.006973
48 0.094527 0.610618 0.010474 0.006656
48 0.106834 0.614739 0.023043 0.012995
48 0.075936 0.608399 0.009950 0.014263
48 0.092171 0.623455 0.013092 0.006973
48 0.090731 0.632805 0.008641 0.007924
48 0.099895 0.632013 0.009165 0.012044
48 0.069259 0.638827 0.009688 0.014263
48 0.103692 0.645008 0.012045 0.009509
48 0.102121 0.651981 0.005761 0.008241
48 0.055643 0.648178 0.004975 0.007607
48 0.176355 0.536925 0.004975 0.006339
48 0.194946 0.573217 0.008117 0.007924
48 0.203718 0.573376 0.007332 0.009509
48 0.200838 0.585895 0.006284 0.007290
48 0.196256 0.539303 0.005499 0.005388
48 0.199921 0.544849 0.008117 0.012044
48 0.213014 0.548177 0.009165 0.011094
48 0.208432 0.555151 0.008379 0.011094
48 0.208693 0.561648 0.008903 0.005705
48 0.224928 0.579398 0.009950 0.009509
48 0.222964 0.618542 0.011783 0.011094
48 0.212228 0.626783 0.010736 0.010460
48 0.224535 0.629002 0.013878 0.013629
48 0.125949 0.663233 0.012569 0.007290
48 0.147944 0.665135 0.010998 0.013629
48 0.138125 0.641521 0.016496 0.012044
48 0.022781 0.660222 0.018329 0.012678
48 0.020031 0.694453 0.011783 0.011410
48 0.055119 0.668780 0.011783 0.011410
48 0.063891 0.674485 0.011521 0.015214
48 0.075412 0.678605 0.010998 0.009509
48 0.050406 0.682884 0.009688 0.011094
48 0.075936 0.686371 0.006284 0.005388
48 0.059309 0.691759 0.011259 0.015531
48 0.055250 0.700951 0.006284 0.008558
48 0.047787 0.720127 0.005499 0.010777
48 0.057345 0.715372 0.017806 0.009509
48 0.073056 0.713788 0.012045 0.008241
48 0.083792 0.715214 0.013092 0.014263
48 0.089421 0.694929 0.019115 0.023772
50 0.067950 0.704437 0.012831 0.013629
48 0.076198 0.725990 0.013616 0.006656
48 0.076853 0.730428 0.013354 0.007290
48 0.079209 0.738510 0.013878 0.011410
5 0.086672 0.738193 0.003666 0.002536
5 0.090861 0.753724 0.002095 0.003803
5 0.090207 0.757528 0.002880 0.004437
48 0.064153 0.736767 0.007855 0.006022
48 0.015449 0.704913 0.015187 0.010143
48 0.027101 0.705705 0.011259 0.011094
48 0.036004 0.719176 0.008641 0.010143
48 0.016758 0.711569 0.005761 0.006973
48 0.023566 0.715372 0.010474 0.006339
5 0.052239 0.707924 0.003928 0.006022
48 0.014533 0.745325 0.008117 0.008558
48 0.032731 0.749128 0.024614 0.011727
48 0.026970 0.754517 0.010474 0.007290
48 0.045824 0.759905 0.011521 0.011094
48 0.051191 0.754675 0.011259 0.006973
48 0.061011 0.757052 0.007855 0.006022
48 0.066771 0.758479 0.007332 0.006339
48 0.064022 0.805071 0.013878 0.011410
48 0.055643 0.804120 0.006023 0.006339
48 0.020948 0.775594 0.014140 0.010777
48 0.019508 0.791601 0.032207 0.029477
48 0.143231 0.690650 0.009427 0.010777
48 0.139827 0.698574 0.011521 0.010143
48 0.128437 0.697306 0.012307 0.012044
48 0.151872 0.695246 0.007855 0.006022
48 0.150825 0.700475 0.008379 0.007607
48 0.148992 0.707765 0.008903 0.010777
48 0.136161 0.719810 0.009427 0.013312
48 0.115868 0.712520 0.008641 0.005705
48 0.126080 0.718542 0.008117 0.010777
50 0.117308 0.694929 0.013616 0.012361
48 0.161168 0.746434 0.008117 0.009509
48 0.163655 0.739461 0.007332 0.006973
48 0.169547 0.693344 0.007070 0.007290
48 0.160906 0.698891 0.009688 0.008241
48 0.159335 0.705388 0.009165 0.007290
48 0.196517 0.712837 0.016496 0.012044
48 0.210526 0.724089 0.012045 0.007924
48 0.208432 0.728368 0.007855 0.006339
48 0.188007 0.722187 0.012045 0.012361
48 0.183556 0.731062 0.011521 0.010460
48 0.196125 0.735658 0.007855 0.006973
48 0.203849 0.735975 0.012831 0.010777
48 0.178188 0.741521 0.006546 0.007290
48 0.199529 0.754358 0.011521 0.011410
48 0.175831 0.749445 0.007070 0.007924
48 0.180937 0.751189 0.008379 0.008241
48 0.181854 0.758162 0.006023 0.005071
48 0.185258 0.769572 0.019639 0.009509
48 0.165357 0.758003 0.014402 0.011727
48 0.161561 0.786846 0.009427 0.008558
5 0.936894 0.126466 0.002618 0.002536
5 0.934014 0.140095 0.002618 0.003803
5 0.934538 0.136926 0.002095 0.003803
48 0.922231 0.147861 0.013092 0.016799
48 0.908091 0.152932 0.006284 0.011727
48 0.918303 0.158003 0.015711 0.008558
5 0.924980 0.163391 0.003928 0.002219
48 0.916470 0.165452 0.012045 0.010143
48 0.906520 0.175911 0.013092 0.005705
48 0.907436 0.183043 0.015973 0.012995
48 0.910186 0.194136 0.014140 0.011094
48 0.904556 0.199208 0.022257 0.008558
48 0.908353 0.206022 0.012569 0.008241
48 0.900759 0.212044 0.018853 0.012044
48 0.899712 0.219334 0.015711 0.010143
5 0.903247 0.225515 0.002357 0.002219
48 0.892904 0.227258 0.012569 0.006339
9 0.912281 0.234548 0.003142 0.005071
48 0.902723 0.230111 0.012307 0.009509
48 0.903509 0.235658 0.008117 0.004754
5 0.911626 0.244216 0.002357 0.002853
48 0.901021 0.243582 0.008903 0.007290
48 0.897486 0.251030 0.019639 0.010777
5 0.904294 0.263867 0.002357 0.004120
48 0.892642 0.260856 0.009950 0.010777
9 0.905080 0.272266 0.003928 0.006973
5 0.904032 0.281141 0.001833 0.003170
48 0.892118 0.271632 0.018329 0.012678
5 0.906913 0.287322 0.002880 0.004754
48 0.891202 0.279556 0.018068 0.010777
5 0.898272 0.291601 0.002357 0.003170
48 0.880335 0.290174 0.012045 0.015531
48 0.890940 0.291284 0.010212 0.009509
48 0.889238 0.301743 0.011521 0.007607
48 0.884656 0.308241 0.018591 0.013629
48 0.880990 0.319493 0.015449 0.011410
48 0.877193 0.326307 0.014140 0.011094
48 0.875229 0.338193 0.021210 0.010777
48 0.878371 0.349604 0.012831 0.008241
48 0.866457 0.345325 0.007332 0.009192
48 0.877193 0.358954 0.009427 0.009192
48 0.868028 0.363391 0.015711 0.014897
9 0.883346 0.375911 0.004451 0.012044
5 0.879288 0.381300 0.003142 0.003170
5 0.884394 0.368780 0.001833 0.002853
5 0.885179 0.366561 0.002357 0.001585
48 0.870123 0.374010 0.018853 0.012678
48 0.859911 0.380349 0.010474 0.017750
48 0.868159 0.385103 0.010736 0.012678
48 0.866195 0.394295 0.007332 0.007607
5 0.876800 0.398257 0.004451 0.002219
48 0.857162 0.395563 0.011783 0.012678
48 0.870516 0.398257 0.007070 0.006656
48 0.866457 0.406022 0.013092 0.012678
48 0.855852 0.406022 0.006023 0.006339
48 0.863446 0.415055 0.013354 0.011094
48 0.852579 0.414739 0.009950 0.006656
5 0.901021 0.409192 0.004190 0.003170
48 0.858602 0.426307 0.025137 0.015214
48 0.857947 0.433914 0.018591 0.010777
48 0.853758 0.441204 0.010736 0.005705
48 0.854936 0.446117 0.009950 0.005388
48 0.855067 0.453249 0.014402 0.012044
48 0.841451 0.460063 0.006023 0.010460
48 0.852186 0.463708 0.015973 0.010777
48 0.843545 0.468621 0.010736 0.009826
48 0.849306 0.473693 0.013878 0.012361
48 0.838439 0.493344 0.008379 0.004754
48 0.838439 0.489065 0.009950 0.004437
48 0.838701 0.483835 0.011521 0.006656
48 0.850353 0.484786 0.014925 0.011094
48 0.848128 0.495404 0.012045 0.008875
48 0.846557 0.504120 0.013616 0.011094
5 0.860566 0.509667 0.002357 0.003170
5 0.862268 0.508716 0.002618 0.004437
48 0.829798 0.510777 0.007855 0.009826
48 0.843153 0.513788 0.013092 0.010143
48 0.833726 0.520444 0.009950 0.010777
48 0.842236 0.522504 0.012307 0.011727
48 0.829406 0.530428 0.013878 0.011727
5 0.844986 0.555943 0.002618 0.004437
48 0.832417 0.546910 0.025137 0.028843
5 0.841189 0.573217 0.001833 0.004120
48 0.822205 0.565610 0.010998 0.013629
5 0.837130 0.579239 0.002618 0.004754
48 0.821681 0.574326 0.013092 0.006973
48 0.827704 0.588114 0.014664 0.011094
48 0.821288 0.597464 0.024876 0.015214
48 0.810029 0.604120 0.007070 0.010143
48 0.822598 0.608399 0.012831 0.009826
5 0.836999 0.613154 0.002880 0.005388
48 0.816968 0.616640 0.023043 0.011727
48 0.818801 0.626307 0.012569 0.010143
48 0.807541 0.633122 0.014140 0.012361
48 0.817099 0.634865 0.010736 0.010143
48 0.799424 0.639303 0.017282 0.008875
48 0.817361 0.642789 0.007594 0.005071
48 0.802959 0.648970 0.017020 0.014897
5 0.819324 0.671791 0.003142 0.005388
5 0.821288 0.662282 0.002880 0.004754
48 0.809898 0.658162 0.014140 0.014263
48 0.803744 0.668463 0.020162 0.014580
5 0.815659 0.688273 0.002618 0.004120
48 0.796020 0.675436 0.008379 0.006339
48 0.800209 0.685261 0.024090 0.017750
5 0.810552 0.698891 0.003928 0.003170
48 0.798246 0.700792 0.023828 0.012678
48 0.798507 0.710460 0.019115 0.013629
48 0.793663 0.722187 0.021995 0.012995
48 0.791830 0.732488 0.024090 0.012044
5 0.802697 0.741046 0.003928 0.002536
48 0.793794 0.743106 0.015449 0.014263
48 0.789605 0.751981 0.016496 0.007290
48 0.786201 0.758637 0.019639 0.013629
48 0.019770 0.442472 0.015973 0.011410
48 0.940298 0.191442 0.017282 0.012044
48 0.963996 0.191442 0.011259 0.016482
48 0.965698 0.202536 0.006808 0.012044
48 0.936371 0.200634 0.013092 0.009509
48 0.970804 0.184152 0.004451 0.008875
48 0.976826 0.188273 0.009165 0.010143
48 0.984158 0.191442 0.007594 0.010143
5 0.796282 0.777655 0.002618 0.004754
5 0.792616 0.781617 0.003142 0.004437
48 0.785284 0.777179 0.014664 0.009509
5 0.791307 0.800792 0.002618 0.004754
48 0.784368 0.790333 0.013354 0.014897
5 0.789866 0.808716 0.002880 0.005388
5 0.791699 0.811410 0.002357 0.005071
48 0.770359 0.796830 0.013092 0.013312
48 0.781095 0.800475 0.012569 0.010460
48 0.775203 0.808875 0.022781 0.013312
5 0.785808 0.817908 0.005237 0.004120
48 0.772584 0.826783 0.011783 0.023138
48 0.765384 0.818700 0.010998 0.011410
5 0.784891 0.831220 0.002880 0.004754
5 0.817361 0.837559 0.002357 0.004120
48 0.765515 0.849762 0.025923 0.021553
48 0.762503 0.863550 0.014664 0.009826
48 0.757790 0.882726 0.028280 0.037401
5 0.779785 0.879081 0.002095 0.003487
5 0.781095 0.872108 0.001571 0.002219
5 0.764598 0.924723 0.002618 0.005388
48 0.756481 0.909350 0.012569 0.012044
48 0.752815 0.918384 0.012569 0.012361
48 0.750196 0.931220 0.013092 0.009509
48 0.745090 0.936450 0.009165 0.006656
48 0.750720 0.941363 0.011521 0.010143
9 0.763551 0.942789 0.005237 0.007924
48 0.737759 0.947068 0.011259 0.009509
48 0.740770 0.952932 0.006808 0.004120
48 0.748756 0.950396 0.008641 0.006022
48 0.748756 0.954517 0.007594 0.004754
48 0.739984 0.956418 0.005761 0.004754
48 0.737235 0.962124 0.009688 0.006022
48 0.979576 0.211094 0.007855 0.008241
48 0.987562 0.223772 0.010212 0.008241
48 0.985206 0.240729 0.010212 0.016799
5 0.978397 0.249762 0.002357 0.001902
48 0.971328 0.235975 0.018068 0.014263
48 0.956664 0.231854 0.011783 0.012995
48 0.929955 0.233914 0.008117 0.006339
48 0.943572 0.232964 0.014925 0.014580
48 0.930741 0.228051 0.011783 0.007924
48 0.930479 0.220602 0.008641 0.008875
48 0.934276 0.209984 0.014140 0.011094
48 0.951689 0.270840 0.024876 0.035816
48 0.967138 0.273059 0.011259 0.011727
48 0.940691 0.259905 0.009165 0.013946
48 0.924195 0.264501 0.018591 0.017433
48 0.925242 0.278605 0.014402 0.010777
48 0.919482 0.284945 0.019115 0.011410
48 0.915030 0.294929 0.011783 0.011094
48 0.912019 0.307132 0.009427 0.006339
48 0.928908 0.306656 0.011783 0.014263
48 0.934800 0.309033 0.011521 0.019651
48 0.932443 0.289699 0.011521 0.012044
48 0.947237 0.306973 0.015449 0.019968
48 0.957711 0.302536 0.005499 0.008558
48 0.959806 0.313471 0.008641 0.010777
8 0.969626 0.329477 0.005761 0.004754
8 0.980361 0.331854 0.005237 0.003803
6 0.988348 0.346910 0.004451 0.007924
5 0.936894 0.338352 0.003666 0.002853
9 0.904294 0.297623 0.003928 0.008875
5 0.994632 0.319651 0.002357 0.003487
5 0.995549 0.314897 0.002618 0.004754
48 0.976172 0.320127 0.029327 0.019651
48 0.984551 0.311569 0.010998 0.009509
48 0.978921 0.299525 0.012831 0.011410
48 0.988348 0.291125 0.014925 0.014263
48 0.975517 0.282250 0.011783 0.011094
48 0.990704 0.267987 0.016496 0.011727
48 0.994501 0.276228 0.010474 0.009826
48 0.976172 0.270681 0.008903 0.010777
48 0.971982 0.350079 0.023566 0.022504
48 0.970935 0.374010 0.013092 0.013312
9 0.982325 0.376862 0.003404 0.005705
5 0.976957 0.391918 0.003142 0.002853
5 0.977219 0.397781 0.002095 0.004437
5 0.974993 0.398891 0.002357 0.004754
48 0.967400 0.394929 0.012307 0.010777
48 0.946845 0.387956 0.010998 0.010143
48 0.969233 0.406498 0.007070 0.006656
48 0.939120 0.377179 0.009165 0.008241
48 0.931134 0.364659 0.010998 0.014263
48 0.946321 0.342948 0.012569 0.013946
48 0.929301 0.337242 0.009427 0.012044
48 0.933229 0.347068 0.005237 0.009509
48 0.925504 0.351506 0.008641 0.008875
48 0.746269 0.961173 0.009427 0.011094
48 0.743126 0.971632 0.013616 0.011727
48 0.807148 0.980666 0.013354 0.009509
48 0.823121 0.983994 0.014925 0.010460
48 0.817753 0.990650 0.008903 0.011727
48 0.838439 0.986212 0.016235 0.011727
48 0.866064 0.989382 0.011259 0.007290
48 0.871301 0.984469 0.010736 0.008241
48 0.869992 0.976387 0.012307 0.010460
48 0.882037 0.978447 0.011259 0.008241
48 0.910579 0.988273 0.022781 0.017116
5 0.888322 0.941680 0.003404 0.002536
48 0.868159 0.968621 0.006546 0.003803
48 0.871956 0.963867 0.012045 0.009509
48 0.883215 0.967512 0.012045 0.011094
48 0.870909 0.953407 0.007332 0.008241
48 0.879681 0.956577 0.009165 0.008241
48 0.879681 0.949445 0.009688 0.008558
48 0.886620 0.949287 0.006808 0.012044
48 0.889631 0.952139 0.006546 0.013312
48 0.897093 0.950555 0.009427 0.009509
48 0.923540 0.954200 0.011521 0.009826
48 0.894344 0.960380 0.009688 0.009509
48 0.909531 0.974168 0.011783 0.009826
48 0.919612 0.979873 0.009427 0.005388
48 0.779131 0.977813 0.032207 0.025357
5 0.980623 0.387005 0.002095 0.003803
5 0.927206 0.415531 0.003666 0.001902
48 0.959413 0.401268 0.017282 0.010143
48 0.952605 0.411094 0.008903 0.010143
48 0.963079 0.414263 0.010998 0.008875
48 0.943048 0.408082 0.008117 0.007290
48 0.929170 0.402694 0.018068 0.011727
48 0.936371 0.387480 0.010474 0.011094
5 0.916339 0.406181 0.002357 0.004120
5 0.917649 0.399525 0.001833 0.004120
48 0.906913 0.401902 0.019115 0.013312
48 0.897355 0.386212 0.013616 0.018067
48 0.903902 0.370998 0.014140 0.011727
48 0.905342 0.361965 0.012307 0.010777
48 0.905342 0.352456 0.009688 0.008241
48 0.915161 0.354675 0.009427 0.008241
48 0.912019 0.337559 0.025137 0.024089
5 0.898272 0.415531 0.003928 0.002536
48 0.927206 0.434707 0.010998 0.017433
48 0.918303 0.431220 0.010998 0.015531
48 0.937287 0.434231 0.010212 0.012678
48 0.948154 0.433122 0.009427 0.008558
48 0.934276 0.445166 0.008379 0.009826
48 0.956533 0.439937 0.008379 0.008241
48 0.955748 0.450396 0.010998 0.011410
5 0.962556 0.471791 0.002618 0.004754
48 0.953129 0.459746 0.009950 0.009826
48 0.939513 0.457052 0.010474 0.008241
48 0.923933 0.451981 0.011783 0.011410
48 0.940168 0.466086 0.011783 0.010460
48 0.949201 0.477971 0.015187 0.012044
5 0.912412 0.477496 0.002880 0.004754
48 0.918696 0.477496 0.013878 0.018700
5 0.911495 0.487005 0.002095 0.003487
48 0.906651 0.476228 0.012307 0.017433
48 0.907960 0.457845 0.015973 0.013629
48 0.881906 0.462282 0.016235 0.012361
48 0.884525 0.473217 0.014140 0.010143
48 0.885572 0.454200 0.013092 0.008875
48 0.888191 0.444691 0.014664 0.011410
48 0.888976 0.434231 0.011521 0.009509
48 0.905080 0.437559 0.014402 0.012361
48 0.890678 0.424881 0.015973 0.011727
48 0.904949 0.427100 0.014664 0.014897
48 0.980361 0.464501 0.012569 0.008558
48 0.983504 0.476545 0.016235 0.012995
48 0.974732 0.483518 0.012831 0.012361
48 0.973815 0.496355 0.013092 0.013946
48 0.985860 0.492710 0.013092 0.021236
48 0.974077 0.519493 0.024090 0.012678
48 0.968185 0.532964 0.011783 0.014263
48 0.982063 0.541363 0.018068 0.012678
48 0.960592 0.544216 0.009688 0.006339
48 0.964389 0.553090 0.017806 0.010777
5 0.943179 0.552456 0.003142 0.002536
48 0.961246 0.561648 0.012045 0.012044
48 0.972244 0.561331 0.006808 0.006339
48 0.955355 0.570681 0.007594 0.010460
48 0.988741 0.571474 0.009427 0.010777
48 0.987431 0.583360 0.010474 0.014263
48 0.975910 0.581616 0.014140 0.019017
48 0.957057 0.584628 0.014140 0.011727
5 0.939644 0.577338 0.002880 0.004754
5 0.923933 0.584945 0.002880 0.002219
48 0.924849 0.574643 0.021995 0.017750
5 0.891856 0.577971 0.005237 0.002853
48 0.906651 0.565452 0.019115 0.015848
48 0.923933 0.551347 0.010212 0.011094
48 0.890285 0.566403 0.009427 0.010143
48 0.881383 0.561807 0.009950 0.013629
48 0.903640 0.549762 0.007855 0.007924
48 0.893689 0.551506 0.010474 0.012678
48 0.888845 0.543740 0.005499 0.005388
48 0.870254 0.555784 0.011259 0.023138
48 0.859780 0.555626 0.006546 0.010777
48 0.863970 0.540095 0.011259 0.016482
48 0.874444 0.524247 0.026970 0.022821
48 0.882561 0.511093 0.012307 0.011727
48 0.876669 0.499683 0.008903 0.010460
48 0.893689 0.505230 0.010474 0.016482
48 0.940168 0.515689 0.010736 0.006973
48 0.933621 0.533756 0.023828 0.015848
48 0.930479 0.543740 0.009688 0.009826
48 0.920660 0.540570 0.012569 0.011727
48 0.903247 0.535975 0.018068 0.013312
5 0.926421 0.628209 0.003142 0.003803
48 0.971851 0.613946 0.018591 0.017116
48 0.947107 0.611094 0.012569 0.019017
48 0.948416 0.632647 0.024614 0.024089
48 0.972244 0.641521 0.012569 0.016482
48 0.960723 0.650079 0.010998 0.011410
48 0.946059 0.646910 0.023566 0.010777
48 0.938596 0.655784 0.012307 0.009509
5 0.974208 0.673376 0.004451 0.002853
48 0.978136 0.678764 0.026970 0.011727
48 0.966091 0.666086 0.013354 0.018700
48 0.904949 0.601268 0.012569 0.017116
48 0.920791 0.600475 0.010212 0.012361
48 0.920922 0.610460 0.013092 0.010777
48 0.891856 0.606339 0.012045 0.013946
48 0.883608 0.602060 0.011259 0.012995
48 0.889369 0.592393 0.019639 0.013312
48 0.876015 0.589699 0.011783 0.014263
48 0.847997 0.596513 0.009165 0.012678
48 0.849830 0.605547 0.008641 0.008558
48 0.866850 0.610143 0.018591 0.010777
48 0.912935 0.628051 0.012831 0.011727
48 0.887012 0.622346 0.010212 0.011727
48 0.909269 0.955468 0.006546 0.014263
48 0.915030 0.963708 0.010212 0.012361
48 0.897617 0.968938 0.019900 0.024089
5 0.931003 0.939461 0.004975 0.002536
48 0.947499 0.967829 0.010736 0.018067
48 0.956402 0.974960 0.007594 0.006973
48 0.965698 0.967036 0.010998 0.016482
48 0.979969 0.966720 0.006546 0.008875
48 0.973553 0.976545 0.010474 0.010777
48 0.976957 0.984786 0.009950 0.006339
48 0.976565 0.990174 0.014402 0.008875
48 0.988610 0.982409 0.016496 0.011727
48 0.944095 0.980824 0.006546 0.009192
48 0.949463 0.981616 0.006808 0.010143
48 0.836999 0.976862 0.023305 0.012678
48 0.840141 0.967353 0.013354 0.010777
48 0.828882 0.967036 0.009165 0.005071
48 0.822336 0.962441 0.007070 0.010460
48 0.824300 0.952932 0.010474 0.012361
48 0.844986 0.960697 0.015711 0.007607
48 0.834381 0.954517 0.009688 0.012361
48 0.806887 0.959746 0.029589 0.019651
48 0.777690 0.953724 0.011521 0.010777
48 0.787379 0.955626 0.012569 0.011410
48 0.784106 0.964659 0.008641 0.004754
48 0.784237 0.961173 0.014664 0.006022
48 0.846819 0.618384 0.017282 0.020285
48 0.851925 0.633914 0.018068 0.012044
48 0.845378 0.641363 0.014402 0.017433
48 0.868945 0.645325 0.019115 0.015214
48 0.883085 0.644691 0.011783 0.015848
48 0.890154 0.653883 0.011783 0.015848
8 0.905604 0.667353 0.005499 0.004120
48 0.902723 0.659271 0.019639 0.015848
5 0.921053 0.649287 0.002880 0.003487
48 0.912804 0.650713 0.014140 0.015214
48 0.915030 0.639778 0.012831 0.010460
48 0.891726 0.633122 0.022781 0.011727
48 0.947761 0.665452 0.009688 0.011094
48 0.932312 0.694612 0.019115 0.012361
48 0.946190 0.701743 0.010212 0.021553
48 0.929694 0.709350 0.020162 0.020285
5 0.905211 0.734865 0.003666 0.006656
5 0.902200 0.749287 0.003404 0.005705
48 0.924718 0.735024 0.020162 0.020285
48 0.940298 0.720444 0.013092 0.010143
48 0.950903 0.730428 0.013354 0.011727
48 0.965829 0.735499 0.023305 0.012995
5 0.979838 0.753407 0.003142 0.005071
5 0.980361 0.738827 0.002618 0.002536
48 0.970542 0.747544 0.011783 0.008558
48 0.954176 0.744216 0.016758 0.006339
48 0.936371 0.748653 0.020424 0.015214
48 0.925504 0.756101 0.012831 0.012995
48 0.965436 0.764501 0.010998 0.009509
48 0.964258 0.776387 0.009165 0.012995
48 0.937287 0.774010 0.009165 0.012044
48 0.935847 0.770365 0.016235 0.013629
48 0.914375 0.760222 0.013616 0.016165
5 0.972506 0.804754 0.003142 0.004437
5 0.924064 0.787639 0.004190 0.002536
48 0.913983 0.796038 0.010736 0.014897
48 0.920398 0.798098 0.008379 0.013312
48 0.931003 0.803170 0.009688 0.022187
48 0.954176 0.814422 0.010998 0.009826
48 0.952998 0.823455 0.012307 0.010143
5 0.965960 0.840887 0.002618 0.004437
48 0.947237 0.838827 0.013878 0.019334
48 0.940822 0.852139 0.016235 0.010460
48 0.929039 0.857845 0.019377 0.012361
48 0.976041 0.853883 0.015449 0.017750
48 0.973553 0.869889 0.017806 0.013629
48 0.970542 0.879556 0.020162 0.013946
48 0.967269 0.900000 0.015711 0.010460
48 0.970542 0.889699 0.015449 0.008875
48 0.975386 0.910460 0.013092 0.012361
48 0.965043 0.909509 0.008641 0.008558
48 0.963472 0.917750 0.010212 0.010460
48 0.964781 0.928368 0.008117 0.008875
48 0.957319 0.935975 0.019377 0.013312
48 0.973553 0.934390 0.012569 0.019651
48 0.982587 0.942155 0.010212 0.009826
48 0.984813 0.929794 0.009950 0.009192
48 0.929825 0.932171 0.009950 0.010777
48 0.919874 0.929160 0.008379 0.012995
48 0.929955 0.920444 0.012307 0.015214
48 0.920529 0.906022 0.015973 0.012995
7 0.933752 0.950872 0.005761 0.006973
48 0.924457 0.882250 0.018591 0.023138
48 0.938466 0.881616 0.012045 0.011727
5 0.867112 0.912837 0.002880 0.005071
48 0.896439 0.900634 0.051584 0.064976
48 0.894999 0.861014 0.014140 0.013629
48 0.902069 0.846910 0.011521 0.007607
48 0.899319 0.833914 0.011783 0.015214
48 0.912150 0.821712 0.018591 0.012361
48 0.925504 0.816165 0.018591 0.010143
48 0.834119 0.672266 0.013878 0.012678
48 0.856245 0.670840 0.008379 0.007924
48 0.905865 0.684469 0.013878 0.016165
48 0.891726 0.688590 0.010736 0.016165
48 0.882430 0.695880 0.012569 0.009826
48 0.876931 0.685103 0.016235 0.018067
48 0.885179 0.675594 0.011259 0.009192
48 0.861875 0.689540 0.012307 0.017433
48 0.884132 0.705547 0.012307 0.010143
48 0.899712 0.705705 0.010998 0.014897
48 0.881644 0.722504 0.006284 0.004120
48 0.880990 0.732488 0.009165 0.008875
48 0.893297 0.737401 0.014402 0.012995
48 0.864493 0.729002 0.013354 0.020285
48 0.885572 0.744216 0.007855 0.006339
48 0.889893 0.765293 0.010212 0.009826
48 0.876800 0.761014 0.010212 0.013312
48 0.884132 0.752139 0.019639 0.014580
48 0.867505 0.755943 0.008903 0.012678
48 0.858864 0.748177 0.008379 0.006656
48 0.860304 0.742472 0.008117 0.007290
48 0.854150 0.688114 0.008903 0.010143
48 0.979183 0.703328 0.015973 0.019017
48 0.779785 0.945325 0.017806 0.011727
48 0.796675 0.948178 0.011259 0.012361
48 0.818277 0.942948 0.012569 0.013946
48 0.786855 0.928685 0.028803 0.024723
48 0.806363 0.935499 0.025923 0.028209
48 0.828358 0.938035 0.012307 0.019968
48 0.840665 0.938827 0.014402 0.015214
48 0.851139 0.942631 0.012307 0.017750
5 0.849961 0.950238 0.005237 0.002536
48 0.857554 0.913946 0.010474 0.014897
48 0.847473 0.907607 0.011783 0.012361
48 0.837261 0.907132 0.010212 0.012044
48 0.855067 0.895880 0.014925 0.010460
48 0.855590 0.903803 0.004975 0.004754
48 0.861351 0.904279 0.005499 0.005705
48 0.843153 0.898732 0.009950 0.008558
48 0.852186 0.882884 0.033255 0.015531
48 0.860173 0.867987 0.017806 0.018067
48 0.787510 0.881775 0.011259 0.020285
48 0.803483 0.874643 0.007594 0.008558
48 0.822598 0.876704 0.010212 0.008875
48 0.836345 0.860539 0.015711 0.021553
48 0.809767 0.805230 0.007594 0.009192
48 0.808720 0.784152 0.007594 0.008875
48 0.848128 0.794612 0.008903 0.013312
48 0.858864 0.792393 0.010998 0.013946
48 0.855852 0.816323 0.012307 0.016165
48 0.877979 0.820602 0.008903 0.010777
48 0.931919 0.909033 0.007855 0.008875
48 0.934407 0.900317 0.012831 0.010460
48 0.921445 0.897781 0.010998 0.004754
48 0.931003 0.838035 0.008117 0.010143
48 0.926028 0.828685 0.007070 0.008558
48 0.823252 0.747544 0.016758 0.011727
48 0.839487 0.746276 0.014664 0.015531
48 0.826656 0.729477 0.024090 0.026307
48 0.833202 0.693502 0.012569 0.012044
48 0.833464 0.683518 0.015711 0.010460
48 0.825216 0.712044 0.011783 0.009192
48 0.815266 0.775277 0.020162 0.017750
5 0.824823 0.783835 0.002618 0.003803
48 0.830584 0.785420 0.007855 0.008875
48 0.846164 0.780824 0.017544 0.017433
5 0.880073 0.787639 0.002095 0.003803
48 0.872087 0.788590 0.012831 0.015214
48 0.876146 0.809192 0.013092 0.010777
5 0.869207 0.810301 0.001833 0.002853
48 0.814087 0.794136 0.019377 0.013629
48 0.834643 0.806339 0.019115 0.015848
5 0.799031 0.800475 0.002880 0.004754
5 0.797984 0.807449 0.002357 0.003487
9 0.795758 0.817591 0.003666 0.006022
48 0.802173 0.818700 0.014925 0.024723
48 0.820765 0.826941 0.030636 0.019651
5 0.873527 0.848019 0.003142 0.002219
48 0.853496 0.831537 0.025923 0.019334
5 0.782927 0.865135 0.003142 0.003487
5 0.826394 0.858479 0.002618 0.004120
5 0.824823 0.863867 0.002618 0.003487
48 0.795758 0.851981 0.015711 0.017750
48 0.807672 0.853724 0.009688 0.014263
48 0.811731 0.864818 0.012569 0.013629
48 0.795496 0.868621 0.015187 0.011094
48 0.790914 0.882409 0.017544 0.022821
48 0.787772 0.899683 0.009165 0.012361
48 0.795758 0.903011 0.012045 0.013312
48 0.814742 0.898732 0.039015 0.039620
48 0.851532 0.883518 0.032993 0.018067
48 0.859649 0.867195 0.017806 0.020285
48 0.136554 0.752456 0.009688 0.006973
1 0.496989 0.560063 0.010474 0.007607
43 0.261587 0.379081 0.008903 0.007607
39 0.310160 0.424406 0.011259 0.012044
9 0.276905 0.429160 0.004975 0.014580
48 0.110238 0.754041 0.018329 0.010777
48 0.103561 0.763233 0.010212 0.008241
48 0.129091 0.763233 0.012569 0.008241
48 0.116392 0.765135 0.008117 0.005705
48 0.145850 0.765610 0.011521 0.009826
48 0.140482 0.773059 0.012831 0.010143
5 0.090338 0.778605 0.002095 0.002853
48 0.099372 0.780507 0.007594 0.006656
48 0.104609 0.773851 0.013878 0.011727
48 0.119534 0.791125 0.009688 0.006973
48 0.143362 0.799683 0.008117 0.012044
48 0.130532 0.799842 0.011259 0.012995
5 0.146242 0.834707 0.003404 0.004754
5 0.141136 0.835024 0.004190 0.002219
5 0.135114 0.830903 0.004190 0.002219
48 0.145719 0.823455 0.011783 0.017750
48 0.094658 0.812361 0.012307 0.011410
48 0.106572 0.803645 0.032993 0.023138
5 0.135245 0.841046 0.004975 0.002853
48 0.129484 0.850555 0.010736 0.016165
48 0.119403 0.854675 0.009950 0.017433
48 0.148337 0.856735 0.012307 0.015214
48 0.139827 0.852773 0.010998 0.015531
48 0.936109 0.842314 0.006808 0.007924
48 0.984813 0.845008 0.008379 0.006339
48 0.982849 0.862124 0.007594 0.008241
48 0.904294 0.695087 0.012307 0.006973
48 0.896570 0.714897 0.013092 0.009192
48 0.882299 0.714897 0.022781 0.016165
48 0.888191 0.725832 0.007332 0.008875
48 0.896439 0.725990 0.011783 0.009192
48 0.839880 0.715531 0.013354 0.008558
48 0.851925 0.724564 0.006023 0.005705
48 0.844069 0.728843 0.012831 0.009826
48 0.848913 0.739303 0.006284 0.007290
48 0.830846 0.754200 0.008379 0.007924
5 0.808458 0.747544 0.002880 0.004754
48 0.950380 0.772108 0.017544 0.019017
48 0.946976 0.804754 0.023305 0.025990
48 0.984682 0.884945 0.010212 0.005071
48 0.966483 0.702219 0.012045 0.010460
48 0.965305 0.713788 0.012831 0.011410
48 0.905865 0.809509 0.010212 0.009509
48 0.846557 0.674485 0.011521 0.013312
5 0.849961 0.658320 0.004713 0.003170
48 0.895915 0.644216 0.006023 0.007290
48 0.956926 0.669255 0.010736 0.014263
48 0.985467 0.616006 0.006023 0.010460
48 0.958759 0.609192 0.013354 0.011410
48 0.987824 0.593027 0.011783 0.006973
48 0.965305 0.587639 0.007594 0.006973
48 0.966614 0.578130 0.008117 0.006973
48 0.961246 0.572900 0.007332 0.006656
48 0.087850 0.870523 0.020686 0.014263
48 0.096360 0.863074 0.012569 0.012044
48 0.092825 0.881458 0.016496 0.012044
5 0.074889 0.900951 0.004713 0.002853
48 0.089290 0.890967 0.032469 0.016482
48 0.076984 0.918700 0.014664 0.012361
48 0.085625 0.911569 0.022519 0.013312
48 0.111286 0.915531 0.011521 0.008558
48 0.105394 0.904437 0.011259 0.011094
48 0.115868 0.899842 0.012307 0.007607
5 0.116784 0.941680 0.003142 0.003803
48 0.125687 0.927892 0.009950 0.011727
48 0.072139 0.929319 0.017020 0.010777
48 0.090992 0.942631 0.010212 0.012678
48 0.101335 0.934865 0.009427 0.009826
48 0.100288 0.943740 0.009427 0.010460
48 0.099110 0.953407 0.010736 0.010143
48 0.077638 0.951347 0.013878 0.009192
48 0.095575 0.966561 0.009950 0.014897
5 0.078162 0.975594 0.004975 0.002536
5 0.074889 0.980507 0.004190 0.002219
5 0.080126 0.981458 0.004190 0.002853
5 0.117570 0.976070 0.002618 0.003487
48 0.105787 0.964025 0.009950 0.012361
48 0.115082 0.968621 0.010212 0.010777
48 0.125033 0.968304 0.011259 0.012044
48 0.116654 0.958954 0.009165 0.010460
48 0.136292 0.977021 0.014402 0.017433
48 0.134067 0.963233 0.007332 0.012044
48 0.147290 0.968938 0.015449 0.015214
48 0.157240 0.976387 0.011783 0.009826
5 0.169285 0.961173 0.004451 0.005388
5 0.159859 0.956418 0.004451 0.002853
48 0.150956 0.955309 0.012831 0.009509
5 0.172296 0.948178 0.003666 0.005388
48 0.146635 0.939620 0.012569 0.019334
48 0.160251 0.941204 0.013616 0.015531
5 0.178188 0.935182 0.002357 0.002853
48 0.138518 0.924089 0.007855 0.005388
48 0.156062 0.925674 0.012045 0.010460
5 0.178581 0.932171 0.002095 0.002536
5 0.179235 0.929319 0.001833 0.002536
5 0.180152 0.925040 0.002618 0.004754
5 0.181068 0.920602 0.001833 0.002853
48 0.147683 0.913154 0.006808 0.008241
48 0.141136 0.906815 0.016235 0.018384
5 0.162084 0.890808 0.004713 0.002853
48 0.169023 0.876387 0.013354 0.010777
48 0.159597 0.856418 0.013878 0.013312
48 0.127128 0.881458 0.017020 0.022187
5 0.205027 0.803804 0.002095 0.002536
5 0.211574 0.769097 0.002095 0.004754
5 0.217596 0.740729 0.002618 0.005071
5 0.016889 0.812995 0.004451 0.002536
5 0.019377 0.823455 0.003142 0.004437
48 0.011652 0.822821 0.011783 0.013946
48 0.023043 0.826466 0.009950 0.012995
48 0.046347 0.830586 0.013092 0.015531
48 0.064022 0.835341 0.008641 0.010460
48 0.094266 0.841997 0.024090 0.015531
48 0.970411 0.572108 0.004713 0.004437
48 0.981278 0.550555 0.012831 0.008241
48 0.933229 0.563233 0.015187 0.013946
48 0.937025 0.550555 0.012831 0.011410
48 0.912543 0.550713 0.013092 0.015531
48 0.912019 0.574802 0.007332 0.006022
48 0.881906 0.538827 0.023043 0.014580
48 0.891726 0.527100 0.009165 0.007607
48 0.900105 0.526466 0.011783 0.013312
48 0.873134 0.510618 0.008641 0.005705
48 0.882954 0.502536 0.009427 0.010460
48 0.884656 0.495880 0.010212 0.007924
48 0.902985 0.508875 0.010212 0.014263
48 0.912673 0.507132 0.011259 0.015848
48 0.923802 0.510618 0.010474 0.012044
48 0.915554 0.532488 0.004451 0.005705
48 0.918696 0.527258 0.006546 0.007290
48 0.929825 0.522662 0.009950 0.012044
48 0.931396 0.480190 0.008379 0.009509
48 0.943048 0.447861 0.008117 0.008875
48 0.930086 0.395721 0.013092 0.006022
48 0.944488 0.398732 0.009950 0.011410
48 0.952736 0.381933 0.006023 0.008241
48 0.968447 0.386371 0.012831 0.009509
48 0.917780 0.385895 0.006284 0.008558
48 0.965567 0.364659 0.009688 0.009192
48 0.953653 0.344057 0.006808 0.018700
48 0.969626 0.309984 0.009950 0.005071
48 0.967269 0.304437 0.005237 0.007290
48 0.960199 0.293819 0.008903 0.011410
48 0.966352 0.288748 0.006546 0.006339
48 0.939382 0.294770 0.007594 0.012678
48 0.923802 0.293978 0.006808 0.006022
48 0.112071 0.841997 0.009427 0.006022
48 0.042943 0.851506 0.019900 0.012995
48 0.058916 0.853566 0.014140 0.015848
48 0.042943 0.862282 0.023566 0.012361
48 0.050013 0.877179 0.016758 0.014263
48 0.033517 0.875911 0.011521 0.011094
48 0.030636 0.889699 0.009950 0.009509
48 0.046085 0.895087 0.012045 0.017116
48 0.013878 0.885737 0.013616 0.009192
48 0.039015 0.910618 0.018853 0.013946
48 0.040717 0.921712 0.013354 0.010143
48 0.007332 0.947861 0.010998 0.014897
48 0.008117 0.933281 0.008379 0.015531
48 0.009688 0.974802 0.009950 0.010460
5 0.048835 0.982092 0.002357 0.003487
5 0.017937 0.515689 0.002357 0.004437
5 0.037313 0.443106 0.001833 0.003803
5 0.043729 0.410777 0.003142 0.004437
9 0.036397 0.420444 0.003666 0.006022
5 0.017937 0.415055 0.004451 0.002853
5 0.154491 0.446910 0.003142 0.004437
5 0.146242 0.471315 0.004451 0.002536
5 0.190364 0.540729 0.002618 0.003170
5 0.138125 0.544374 0.002880 0.004754
48 0.057476 0.423455 0.017020 0.013312
5 0.055119 0.507765 0.004975 0.003803
48 0.924195 0.298891 0.004451 0.005705
48 0.920005 0.310777 0.009165 0.006656
48 0.948285 0.221870 0.010736 0.011410
48 0.970149 0.214580 0.007855 0.006973
48 0.981278 0.227575 0.006023 0.012678
48 0.977481 0.129002 0.006284 0.006973
48 0.991621 0.132488 0.006284 0.010777
48 0.952474 0.130586 0.007070 0.005705
5 0.965436 0.094770 0.004713 0.002536
48 0.855198 0.585895 0.019377 0.016165
48 0.864886 0.598257 0.010998 0.011727
48 0.870123 0.586529 0.004713 0.007924
48 0.848259 0.752298 0.011783 0.019334
48 0.871694 0.741521 0.011521 0.009826
48 0.879942 0.739778 0.011783 0.008875
48 0.863708 0.677021 0.012307 0.012678
48 0.937156 0.220444 0.006808 0.009192
48 0.949463 0.182250 0.007855 0.013312
48 0.987824 0.186212 0.010212 0.007924
5 0.937025 0.115055 0.004451 0.003170
5 0.935847 0.129319 0.002095 0.003170
5 0.957711 0.027100 0.001833 0.003487
48 0.940429 0.025357 0.009165 0.005071
5 0.944881 0.102536 0.001833 0.004120
48 0.916994 0.177496 0.010474 0.015214
48 0.907567 0.167987 0.009950 0.015848
48 0.989526 0.212678 0.007855 0.008241
5 0.035088 0.505071 0.004190 0.004120
50 0.043729 0.528209 0.012045 0.009192
48 0.046478 0.512995 0.022257 0.009192
48 0.038754 0.518542 0.026709 0.014580
48 0.028672 0.534073 0.012307 0.008241
48 0.054726 0.554200 0.012569 0.009192
48 0.024221 0.586212 0.022781 0.013629
48 0.038885 0.590491 0.009688 0.008875
48 0.024090 0.594770 0.010998 0.007924
50 0.060094 0.633281 0.010736 0.014580
48 0.047395 0.639937 0.011521 0.012044
48 0.046609 0.616006 0.011521 0.018067
48 0.071354 0.621395 0.008117 0.011727
48 0.080649 0.645325 0.015711 0.015848
5 0.054857 0.659588 0.005499 0.003170
48 0.010212 0.662599 0.008379 0.008558
48 0.023828 0.667829 0.009427 0.008241
48 0.031029 0.687163 0.010212 0.012044
48 0.042943 0.673851 0.009427 0.019651
48 0.035742 0.738669 0.018068 0.014263
48 0.063367 0.745166 0.019377 0.013312
48 0.069783 0.768304 0.018591 0.013312
48 0.069652 0.778605 0.015187 0.012361
48 0.055643 0.793819 0.009688 0.010460
48 0.069390 0.787956 0.012045 0.010777
48 0.041765 0.783043 0.011259 0.013629
48 0.046609 0.775753 0.016758 0.018067
5 0.080649 0.762124 0.003666 0.004120
48 0.039277 0.883043 0.006808 0.005705
48 0.086934 0.899842 0.013092 0.007607
48 0.116654 0.948178 0.006023 0.010460
48 0.111155 0.976228 0.008117 0.008875
48 0.160382 0.970048 0.008641 0.006022
48 0.170333 0.888114 0.006023 0.005705
48 0.099502 0.853724 0.026185 0.014263
48 0.152134 0.871315 0.005237 0.005705
48 0.155669 0.867353 0.006023 0.006022
48 0.144017 0.868938 0.007332 0.007290
48 0.179628 0.863233 0.010998 0.007924
48 0.176617 0.871474 0.007070 0.010460
48 0.169416 0.860539 0.009427 0.008241
48 0.133805 0.817116 0.014140 0.014580
48 0.139434 0.806973 0.018068 0.012044
48 0.080649 0.748653 0.011521 0.005705
48 0.058916 0.787005 0.009427 0.006339
48 0.144933 0.733597 0.006546 0.008558
48 0.139303 0.730586 0.004713 0.006339
48 0.028934 0.558003 0.012831 0.012995
48 0.785939 0.770206 0.015449 0.005705
48 0.855983 0.645642 0.007332 0.011410
48 0.871040 0.630428 0.013878 0.016482
48 0.862268 0.440887 0.006808 0.005705
48 0.917780 0.376704 0.013616 0.008558
5 0.896439 0.308875 0.002357 0.004120
48 0.848259 0.689699 0.006023 0.005071
48 0.124771 0.938827 0.006546 0.009509
48 0.105263 0.927575 0.014140 0.007924
48 0.132626 0.818384 0.012307 0.007607
48 0.160382 0.828685 0.012307 0.014897
48 0.186567 0.827892 0.012831 0.017750
48 0.167321 0.819968 0.029327 0.014580
48 0.161037 0.799208 0.010474 0.013629
48 0.179759 0.809033 0.034302 0.014263
48 0.193375 0.805388 0.009165 0.007607
48 0.181985 0.802377 0.011521 0.009192
48 0.173475 0.800792 0.008117 0.007924
48 0.184603 0.788273 0.023043 0.021553
48 0.198874 0.766878 0.014402 0.016165
48 0.196779 0.743265 0.014402 0.009509
48 0.149777 0.743740 0.014140 0.011727
48 0.134067 0.741046 0.013616 0.011410
48 0.119141 0.737876 0.015711 0.012678
48 0.133281 0.729952 0.008903 0.010143
48 0.139434 0.730111 0.004451 0.006656
5 0.099372 0.709509 0.003404 0.005388
5 0.098455 0.705547 0.003666 0.002536
48 0.112464 0.719968 0.011259 0.011094
50 0.130793 0.708241 0.021210 0.012361
5 0.213538 0.716482 0.002880 0.004120
48 0.160513 0.690650 0.005761 0.008241
48 0.178319 0.671474 0.008903 0.012995
48 0.179104 0.657211 0.012569 0.011727
48 0.199398 0.675753 0.016496 0.012044
48 0.214061 0.676387 0.015449 0.011410
48 0.215109 0.665927 0.024352 0.016482
6 0.214847 0.655309 0.008117 0.004754
5 0.225321 0.652773 0.004451 0.002219
48 0.227677 0.647227 0.006546 0.005071
48 0.213538 0.648970 0.018068 0.008558
48 0.219691 0.639778 0.011521 0.009826
48 0.222309 0.608875 0.014664 0.010777
48 0.233307 0.592393 0.007332 0.006973
48 0.087065 0.598415 0.018068 0.015848
48 0.106703 0.589857 0.023305 0.021553
48 0.105132 0.575119 0.018591 0.007290
48 0.133543 0.629160 0.011521 0.010143
48 0.158942 0.628685 0.024614 0.023772
48 0.183818 0.629160 0.009950 0.008875
48 0.177533 0.620127 0.009950 0.009826
48 0.134721 0.619334 0.018068 0.012678
5 0.134459 0.603487 0.003404 0.002536
48 0.139827 0.608875 0.026185 0.019651
48 0.158942 0.609984 0.009950 0.009192
48 0.162346 0.597147 0.009950 0.010143
48 0.119272 0.550713 0.018591 0.009826
48 0.154883 0.584152 0.017544 0.013946
48 0.154491 0.576704 0.013616 0.006656
48 0.147814 0.563550 0.008641 0.008241
5 0.150170 0.553249 0.002880 0.002219
5 0.141136 0.553883 0.002618 0.001585
48 0.169547 0.560539 0.009165 0.006022
48 0.181592 0.561965 0.006546 0.013312
48 0.188138 0.559113 0.004975 0.007607
48 0.188138 0.548970 0.006546 0.013312
48 0.176486 0.582092 0.014664 0.006022
48 0.188138 0.574960 0.009688 0.023455
48 0.149777 0.541046 0.015187 0.016482
48 0.169809 0.535024 0.009165 0.010143
48 0.181723 0.540729 0.009427 0.013312
48 0.218644 0.558320 0.009950 0.012361
48 0.227023 0.550079 0.008903 0.009826
48 0.238151 0.553566 0.012831 0.014263
48 0.236580 0.562758 0.015973 0.009826
48 0.222964 0.568938 0.012831 0.010143
48 0.216680 0.516640 0.008641 0.009509
5 0.224012 0.524089 0.003928 0.004120
48 0.177141 0.478130 0.012307 0.011727
48 0.171511 0.488748 0.016235 0.010143
48 0.192852 0.500792 0.012307 0.029160
48 0.199660 0.501268 0.008641 0.009826
48 0.201885 0.478605 0.015711 0.022187
48 0.091778 0.479239 0.007594 0.008875
48 0.093087 0.467353 0.005499 0.009826
48 0.084446 0.469414 0.013354 0.022187
48 0.185520 0.454200 0.032731 0.019017
48 0.220607 0.446117 0.009165 0.011727
48 0.241817 0.451981 0.009688 0.010143
48 0.244698 0.464342 0.009165 0.007607
48 0.257135 0.465452 0.012045 0.011094
48 0.248756 0.484786 0.010474 0.009826
48 0.257921 0.486688 0.007332 0.007924
48 0.251375 0.494612 0.015187 0.010460
48 0.249280 0.505388 0.017806 0.014263
48 0.160120 0.656101 0.009688 0.015214
48 0.152527 0.650872 0.006023 0.005388
48 0.126735 0.652773 0.010474 0.008558
48 0.111809 0.436450 0.009950 0.007607
48 0.094658 0.520602 0.009165 0.012995
5 0.097931 0.512678 0.002095 0.002853
48 0.106311 0.519968 0.013092 0.009192
48 0.931657 0.721870 0.006808 0.007924
48 0.977088 0.923138 0.010736 0.006022
48 0.121498 0.526149 0.018329 0.017116
48 0.160906 0.915531 0.016496 0.009826
48 0.161168 0.906498 0.024352 0.011410
48 0.148730 0.896513 0.007332 0.008558
48 0.169547 0.898891 0.017544 0.013946
48 0.157764 0.897147 0.007594 0.006656
48 0.024876 0.910618 0.010998 0.006339
5 0.959544 0.594136 0.002357 0.002219
