48 0.047313 0.978764 0.011796 0.013312
48 0.033814 0.976387 0.015203 0.016799
48 0.015596 0.980190 0.013893 0.011094
48 0.096461 0.979873 0.016776 0.016799
48 0.495675 0.976704 0.063958 0.044691
48 0.025819 0.990808 0.021232 0.018384
48 0.010616 0.984469 0.010223 0.009509
48 0.039450 0.988431 0.011271 0.011094
48 0.594495 0.993661 0.044037 0.012678
48 0.105767 0.988431 0.013893 0.015531
48 0.178506 0.985420 0.043512 0.029160
48 0.189253 0.980190 0.045085 0.039620
48 0.225557 0.977813 0.033814 0.035499
48 0.238663 0.985895 0.036959 0.028209
48 0.329358 0.992710 0.009699 0.010143
48 0.304587 0.992710 0.011533 0.012044
48 0.401966 0.984786 0.050066 0.030428
48 0.341153 0.981933 0.034862 0.034231
48 0.427130 0.984945 0.021756 0.021870
48 0.477851 0.992552 0.033028 0.014897
5 0.546134 0.995087 0.003932 0.005388
48 0.300655 0.930586 0.061337 0.063391
48 0.279554 0.905864 0.007077 0.006973
48 0.282307 0.903328 0.006815 0.006973
48 0.277720 0.876387 0.035387 0.032330
48 0.604849 0.079081 0.020708 0.018700
48 0.613368 0.087956 0.013630 0.013629
48 0.620839 0.091759 0.011271 0.010460
48 0.632241 0.097464 0.017300 0.014263
48 0.634862 0.112361 0.017300 0.018067
48 0.613893 0.109509 0.013106 0.012361
48 0.611271 0.100317 0.013106 0.012995
48 0.624902 0.124564 0.022018 0.019017
48 0.548755 0.054992 0.018087 0.018067
48 0.561206 0.054517 0.013630 0.013312
48 0.568938 0.057052 0.007602 0.006973
48 0.564482 0.063550 0.011271 0.011727
48 0.573263 0.061490 0.010485 0.009509
48 0.548100 0.095404 0.019397 0.017750
48 0.534207 0.034390 0.012058 0.011094
48 0.530406 0.068463 0.029096 0.025357
48 0.500524 0.107924 0.015990 0.016165
48 0.505636 0.115689 0.014679 0.015848
48 0.517955 0.134390 0.012582 0.011410
48 0.523198 0.129635 0.008912 0.008875
48 0.533552 0.148177 0.014941 0.010460
48 0.563827 0.123930 0.012058 0.012678
48 0.549672 0.137401 0.018349 0.017433
48 0.574836 0.072108 0.014155 0.012995
5 0.477982 0.047702 0.004980 0.004754
48 0.507208 0.054675 0.017824 0.017433
48 0.499083 0.086529 0.018349 0.018384
48 0.510878 0.094770 0.013106 0.012678
48 0.485059 0.083994 0.014941 0.014580
48 0.485321 0.097147 0.019659 0.019968
48 0.551507 0.163708 0.017300 0.016165
48 0.552031 0.074802 0.021494 0.021553
48 0.502490 0.068938 0.042464 0.038352
48 0.474967 0.093502 0.017300 0.015848
48 0.513499 0.121870 0.012058 0.012361
48 0.514417 0.128843 0.013368 0.014263
48 0.538794 0.043740 0.018611 0.014580
48 0.468414 0.033914 0.017824 0.017750
48 0.480865 0.023930 0.016514 0.016799
5 0.489646 0.131220 0.004718 0.003803
48 0.568676 0.116640 0.015990 0.014580
48 0.590170 0.111569 0.011271 0.010777
48 0.605242 0.113946 0.014679 0.014897
48 0.598427 0.119493 0.019397 0.019017
48 0.558978 0.170364 0.017562 0.019968
48 0.575885 0.191759 0.012582 0.012044
48 0.584273 0.181616 0.013630 0.013312
48 0.585059 0.193344 0.012058 0.012044
48 0.563827 0.177971 0.011009 0.010460
48 0.568676 0.182250 0.010747 0.010777
48 0.584273 0.165769 0.012582 0.012678
48 0.597641 0.179081 0.011009 0.009509
48 0.578244 0.159113 0.007864 0.007607
48 0.588991 0.158162 0.013630 0.012678
48 0.609568 0.144057 0.012320 0.011094
48 0.621887 0.150238 0.009699 0.010143
48 0.600393 0.134865 0.008650 0.008558
48 0.522805 0.106656 0.011796 0.011727
48 0.533945 0.116482 0.012582 0.012361
48 0.538925 0.109509 0.012058 0.012995
48 0.525688 0.086371 0.012844 0.011094
48 0.518873 0.090650 0.012320 0.013312
5 0.430406 0.112520 0.004194 0.004437
5 0.421887 0.115848 0.004456 0.004754
48 0.389646 0.169255 0.018087 0.019651
48 0.394626 0.160063 0.010747 0.010777
48 0.394889 0.176704 0.009174 0.010460
48 0.402752 0.174326 0.011271 0.013312
48 0.408257 0.178922 0.009699 0.009826
48 0.413893 0.140729 0.014155 0.013946
48 0.420708 0.135341 0.011009 0.012678
48 0.436828 0.119968 0.014941 0.013629
48 0.444299 0.111093 0.017300 0.014897
48 0.492005 0.160697 0.012058 0.011410
48 0.500000 0.152615 0.011271 0.011094
48 0.475098 0.145008 0.016514 0.017433
48 0.482962 0.152298 0.012320 0.010460
48 0.479292 0.161965 0.014417 0.013312
48 0.422543 0.161331 0.015203 0.015214
48 0.420052 0.178922 0.011271 0.010460
48 0.412582 0.186371 0.014155 0.013946
48 0.430144 0.128368 0.012582 0.010777
48 0.445609 0.150555 0.011533 0.011410
48 0.457274 0.150872 0.013893 0.013312
48 0.466841 0.140571 0.018349 0.018067
48 0.466579 0.178288 0.014155 0.012361
48 0.590957 0.100634 0.011271 0.010460
48 0.579423 0.126149 0.015990 0.015214
48 0.573919 0.153090 0.009174 0.010143
48 0.582831 0.152139 0.008650 0.008241
48 0.474443 0.169255 0.015727 0.017116
48 0.421232 0.191601 0.016252 0.015531
48 0.424640 0.199208 0.013630 0.017433
48 0.430013 0.208399 0.014417 0.014897
48 0.460813 0.229319 0.022018 0.023772
48 0.460550 0.184945 0.014155 0.013629
48 0.412189 0.154675 0.018087 0.017116
48 0.447837 0.182726 0.013893 0.011727
48 0.511927 0.177338 0.016776 0.015531
48 0.531848 0.184469 0.013630 0.013312
48 0.522018 0.195880 0.014417 0.013946
48 0.582831 0.143899 0.013893 0.012044
48 0.591743 0.136767 0.009699 0.009826
48 0.610878 0.132488 0.011271 0.011410
48 0.616514 0.162599 0.012582 0.012678
48 0.529751 0.101109 0.009961 0.009509
48 0.538008 0.097940 0.013893 0.014580
5 0.505374 0.160380 0.004194 0.004437
5 0.514810 0.162599 0.004194 0.003170
5 0.410354 0.041997 0.004456 0.004754
48 0.557929 0.208558 0.012844 0.013946
48 0.544823 0.197623 0.016514 0.016165
48 0.528178 0.214263 0.012582 0.013312
48 0.535256 0.206815 0.011533 0.011094
48 0.501442 0.194453 0.011533 0.010460
48 0.581913 0.233439 0.014679 0.015531
48 0.576278 0.242789 0.015465 0.014580
48 0.567759 0.250555 0.015727 0.015531
48 0.569987 0.264184 0.012320 0.012361
48 0.553866 0.264342 0.014155 0.014580
48 0.542464 0.287163 0.015990 0.016482
48 0.545872 0.270681 0.009699 0.008875
48 0.552163 0.297623 0.011796 0.012044
48 0.524377 0.298098 0.011796 0.011727
48 0.530144 0.304279 0.010747 0.010777
48 0.537615 0.309509 0.013630 0.012995
48 0.569332 0.287005 0.007864 0.012995
48 0.526999 0.232171 0.015465 0.015531
48 0.536042 0.241046 0.015203 0.013629
48 0.542857 0.246434 0.009436 0.010460
5 0.543381 0.181616 0.003670 0.003803
5 0.528834 0.171632 0.003408 0.003487
5 0.532241 0.174485 0.003408 0.003487
48 0.486239 0.139620 0.012058 0.010460
48 0.522543 0.258162 0.014941 0.014263
48 0.529882 0.250396 0.012844 0.014580
5 0.634338 0.138193 0.005242 0.003170
48 0.436959 0.201585 0.012058 0.012678
5 0.458585 0.206498 0.003932 0.004120
48 0.449934 0.203487 0.017038 0.017750
48 0.427130 0.268463 0.017038 0.014580
48 0.465662 0.279081 0.013893 0.014897
48 0.471691 0.284311 0.013893 0.012044
48 0.482438 0.288431 0.012844 0.012678
48 0.449803 0.264818 0.013106 0.019334
48 0.456356 0.264976 0.009961 0.009509
5 0.410616 0.291442 0.003932 0.004120
5 0.407602 0.292552 0.003145 0.003803
5 0.405111 0.288906 0.002883 0.004754
48 0.481258 0.249445 0.012058 0.011410
48 0.513761 0.273851 0.012582 0.012678
48 0.351245 0.208558 0.015203 0.015848
48 0.372346 0.187797 0.017038 0.014263
48 0.380865 0.196672 0.013106 0.014263
48 0.371166 0.198415 0.011009 0.013946
48 0.366186 0.211727 0.010485 0.010777
48 0.386107 0.219810 0.038794 0.039620
48 0.411009 0.226624 0.015727 0.015214
48 0.460288 0.295880 0.012058 0.012361
48 0.472870 0.246751 0.008912 0.009826
48 0.506684 0.315531 0.012058 0.011727
48 0.531455 0.338669 0.017038 0.018700
48 0.524640 0.334073 0.013893 0.015214
48 0.499214 0.321870 0.010223 0.010460
48 0.491350 0.330111 0.009174 0.008558
5 0.490433 0.321870 0.004718 0.004120
48 0.525950 0.375753 0.009699 0.008558
5 0.528965 0.368304 0.004194 0.003803
48 0.528047 0.361173 0.015465 0.012995
48 0.515990 0.359905 0.014941 0.015531
48 0.513368 0.347227 0.014941 0.012995
48 0.510878 0.335499 0.015727 0.014263
48 0.544037 0.218859 0.008650 0.007924
48 0.496986 0.205388 0.027261 0.028526
48 0.511665 0.218067 0.013106 0.013312
48 0.481258 0.236926 0.011533 0.012995
48 0.491743 0.225515 0.013630 0.011727
48 0.517300 0.239144 0.014941 0.011727
48 0.485190 0.213312 0.016776 0.019017
5 0.629620 0.149762 0.004718 0.004754
48 0.369725 0.252773 0.020708 0.019334
48 0.383224 0.266878 0.015203 0.015848
5 0.408519 0.202377 0.003932 0.004120
48 0.395020 0.263391 0.012058 0.012678
5 0.409305 0.261965 0.005505 0.004120
5 0.440105 0.251664 0.004194 0.002536
48 0.393316 0.249762 0.010747 0.012044
48 0.401835 0.255943 0.011533 0.011094
48 0.403277 0.245959 0.011796 0.011410
48 0.412058 0.242789 0.014155 0.014580
48 0.419528 0.233439 0.016514 0.016799
48 0.397379 0.228051 0.014155 0.013629
48 0.468938 0.238827 0.018873 0.019334
48 0.423460 0.217274 0.004980 0.005388
48 0.364875 0.221078 0.016776 0.016799
48 0.352687 0.224089 0.024377 0.023455
48 0.502097 0.185578 0.012844 0.011727
48 0.513893 0.199366 0.010223 0.015214
48 0.603408 0.215848 0.010485 0.012044
48 0.607077 0.209984 0.008912 0.009192
48 0.612058 0.201743 0.008388 0.008558
48 0.551507 0.230745 0.008388 0.008875
48 0.546920 0.226624 0.006029 0.006339
48 0.536959 0.225990 0.008126 0.006973
48 0.529489 0.221712 0.011009 0.009192
48 0.536566 0.217591 0.009961 0.010460
48 0.543775 0.209826 0.013368 0.010143
5 0.539450 0.267353 0.003670 0.003487
48 0.502621 0.277813 0.011796 0.011094
48 0.457143 0.272425 0.007339 0.006656
48 0.504456 0.232488 0.015465 0.013629
48 0.503801 0.223296 0.009436 0.008558
48 0.560550 0.287797 0.012320 0.009509
48 0.553342 0.284786 0.010485 0.009192
48 0.567235 0.273534 0.008912 0.007607
48 0.552031 0.216482 0.008388 0.008875
48 0.412058 0.281458 0.014679 0.013946
48 0.422018 0.277655 0.012582 0.012678
48 0.420052 0.288590 0.009174 0.009192
48 0.432896 0.287797 0.015990 0.014580
48 0.435387 0.297464 0.012582 0.011094
48 0.448886 0.297464 0.013368 0.014897
48 0.415203 0.296989 0.013106 0.012044
48 0.391612 0.300000 0.012582 0.013629
48 0.400655 0.296038 0.015990 0.019017
48 0.416514 0.307449 0.009436 0.008875
48 0.422412 0.312837 0.011796 0.010777
48 0.450721 0.315372 0.011271 0.010143
48 0.369201 0.279398 0.023853 0.022504
48 0.355046 0.285737 0.019659 0.020602
48 0.359633 0.294929 0.009436 0.009826
48 0.364744 0.290808 0.006553 0.005388
48 0.351769 0.275436 0.026212 0.027258
48 0.436304 0.315055 0.013368 0.012678
48 0.425819 0.321553 0.012320 0.011094
48 0.434469 0.326466 0.010223 0.010143
48 0.444299 0.323613 0.012058 0.012044
48 0.455046 0.335341 0.010485 0.010777
48 0.463827 0.317433 0.014941 0.014263
48 0.448493 0.305705 0.014155 0.013629
48 0.466972 0.304596 0.014941 0.014580
48 0.472477 0.297940 0.013893 0.012678
48 0.420446 0.327100 0.009436 0.010777
48 0.393709 0.316006 0.011009 0.012044
48 0.405242 0.308716 0.009436 0.008875
48 0.382569 0.316482 0.012844 0.011727
48 0.387811 0.323772 0.014941 0.012995
48 0.394758 0.327100 0.014155 0.013946
48 0.400262 0.334073 0.022018 0.019017
48 0.415596 0.344691 0.013893 0.012361
48 0.406553 0.341680 0.012058 0.010777
48 0.414810 0.335341 0.009699 0.008875
5 0.419004 0.378922 0.004456 0.003487
48 0.422018 0.354358 0.017824 0.018384
48 0.430799 0.352139 0.014941 0.015848
48 0.443512 0.335024 0.011009 0.012678
48 0.446658 0.341046 0.008388 0.007607
48 0.438663 0.346117 0.011271 0.013946
48 0.474050 0.212837 0.010747 0.010460
48 0.544430 0.234707 0.015727 0.014263
48 0.601573 0.171315 0.017824 0.018700
48 0.608257 0.166403 0.018611 0.019017
48 0.579292 0.115055 0.017824 0.017116
48 0.517693 0.036767 0.014155 0.011410
48 0.525164 0.029635 0.013368 0.013629
48 0.432634 0.260063 0.012320 0.012361
48 0.366448 0.235975 0.013106 0.012361
48 0.544037 0.146434 0.010223 0.008875
48 0.362123 0.332013 0.013368 0.011727
48 0.367366 0.345642 0.017562 0.017433
48 0.380341 0.358320 0.016776 0.017433
48 0.387942 0.362441 0.017824 0.018700
48 0.391481 0.370681 0.017038 0.014263
48 0.388729 0.384786 0.014679 0.012678
48 0.400131 0.383835 0.010223 0.010143
48 0.401311 0.370998 0.010485 0.011094
48 0.406160 0.377021 0.011271 0.011094
48 0.343906 0.371315 0.037746 0.036450
48 0.390695 0.401585 0.014941 0.014580
48 0.379292 0.391601 0.021494 0.021870
48 0.377064 0.408875 0.028571 0.029160
48 0.355701 0.409033 0.015203 0.015531
48 0.366710 0.419651 0.022543 0.020919
48 0.319266 0.394612 0.015727 0.015214
48 0.310092 0.405864 0.015727 0.014897
48 0.303014 0.393819 0.012058 0.012995
48 0.356619 0.436767 0.012844 0.012678
5 0.419135 0.397306 0.004194 0.004120
48 0.449410 0.421078 0.009174 0.009192
48 0.393316 0.393819 0.013368 0.009826
48 0.404063 0.388748 0.007602 0.006656
5 0.441940 0.426624 0.003145 0.004437
48 0.442333 0.416799 0.013368 0.015214
48 0.431586 0.416165 0.008650 0.007607
48 0.434731 0.411886 0.006553 0.006022
48 0.470249 0.436292 0.011533 0.011094
48 0.463827 0.432171 0.011271 0.011094
48 0.479685 0.445483 0.009436 0.008558
5 0.484535 0.437084 0.004456 0.003803
48 0.401704 0.426466 0.014941 0.013629
48 0.412713 0.422504 0.014417 0.019017
48 0.424377 0.408875 0.013106 0.011410
48 0.417824 0.412361 0.013630 0.017116
48 0.449017 0.458637 0.011009 0.010143
48 0.454522 0.465452 0.008912 0.009826
48 0.473526 0.454992 0.009174 0.009192
48 0.470642 0.448177 0.010747 0.010143
48 0.461992 0.457211 0.013368 0.013629
48 0.430668 0.466719 0.013106 0.012995
48 0.440105 0.463550 0.015203 0.015531
48 0.440236 0.444057 0.011796 0.012044
48 0.429620 0.452773 0.012582 0.012995
48 0.420446 0.445008 0.010485 0.010143
48 0.461206 0.444532 0.009699 0.009192
48 0.431717 0.438352 0.016776 0.015848
48 0.289515 0.863391 0.036435 0.035499
48 0.314024 0.848653 0.060288 0.056735
48 0.255832 0.926624 0.008912 0.007290
48 0.188729 0.957369 0.018349 0.017433
48 0.203408 0.943582 0.013106 0.010777
48 0.115727 0.935024 0.014941 0.014580
48 0.105505 0.887797 0.028047 0.017116
48 0.009961 0.796513 0.013630 0.012044
48 0.497772 0.423772 0.014679 0.013312
48 0.493840 0.417591 0.011009 0.009192
48 0.498165 0.413629 0.010223 0.008875
48 0.507733 0.411410 0.011009 0.010777
48 0.486632 0.414739 0.007602 0.007924
48 0.408519 0.432964 0.009174 0.011410
48 0.376147 0.454041 0.009961 0.010460
48 0.444299 0.378605 0.009436 0.011094
48 0.450721 0.374643 0.009699 0.009509
48 0.464613 0.369414 0.012320 0.011727
48 0.502883 0.392076 0.012320 0.012044
48 0.498820 0.398574 0.010485 0.009192
48 0.507864 0.385737 0.011271 0.010777
48 0.503408 0.381300 0.009174 0.009509
48 0.507339 0.371315 0.011796 0.011094
48 0.515072 0.392235 0.013106 0.012361
48 0.488860 0.339303 0.013106 0.011727
48 0.493971 0.386054 0.007602 0.008241
48 0.476671 0.397781 0.010747 0.011410
48 0.494758 0.378447 0.011796 0.009509
48 0.499345 0.374010 0.010485 0.010143
5 0.376671 0.431854 0.004194 0.003487
48 0.384535 0.475753 0.012582 0.011410
48 0.397117 0.462599 0.011009 0.012361
48 0.403932 0.457369 0.011009 0.010143
48 0.390301 0.456735 0.014679 0.012678
48 0.505898 0.354992 0.013106 0.012044
48 0.467497 0.395563 0.015990 0.015214
48 0.476147 0.376070 0.008126 0.007924
48 0.480341 0.368780 0.010223 0.011727
48 0.486107 0.376228 0.011796 0.012044
48 0.490695 0.394929 0.012058 0.012044
48 0.405636 0.444532 0.014417 0.012995
48 0.361468 0.488748 0.012058 0.013312
48 0.351900 0.492393 0.015465 0.013629
5 0.353735 0.473376 0.003932 0.002853
48 0.350328 0.481141 0.011271 0.010777
5 0.406291 0.522504 0.004194 0.004120
5 0.427654 0.514422 0.003932 0.003803
48 0.424640 0.502853 0.015727 0.014897
48 0.403014 0.494929 0.011271 0.011094
48 0.395282 0.488431 0.008388 0.008875
48 0.401966 0.483835 0.010223 0.010460
48 0.392005 0.479398 0.008126 0.007290
48 0.424115 0.473376 0.014679 0.014897
48 0.435125 0.484628 0.021494 0.020919
48 0.423198 0.462124 0.011796 0.009509
48 0.372215 0.464184 0.008388 0.007924
48 0.379030 0.467829 0.015203 0.015848
48 0.447575 0.528368 0.013368 0.012044
48 0.479161 0.490016 0.012582 0.012044
48 0.442071 0.515689 0.009174 0.010143
48 0.471691 0.518067 0.012844 0.011094
48 0.469856 0.498098 0.011796 0.010460
48 0.416383 0.481141 0.010747 0.010143
48 0.454128 0.384786 0.015990 0.017116
48 0.482569 0.345325 0.014155 0.011727
48 0.475491 0.349762 0.009436 0.009826
5 0.393840 0.414105 0.003932 0.003487
48 0.318349 0.412044 0.013893 0.015848
5 0.287025 0.386371 0.004718 0.003803
5 0.263172 0.386529 0.005242 0.005388
48 0.283617 0.380666 0.010485 0.010143
5 0.160682 0.637559 0.002621 0.004120
5 0.017824 0.552615 0.002621 0.002853
51 0.046265 0.034390 0.020183 0.023138
48 0.217038 0.080349 0.155701 0.152456
48 0.325819 0.050872 0.132110 0.093502
5 0.716514 0.316957 0.002359 0.004437
6 0.694233 0.302377 0.004980 0.008875
5 0.271953 0.278922 0.004980 0.003170
5 0.266579 0.285578 0.004718 0.003803
6 0.264351 0.281300 0.009174 0.009826
48 0.288073 0.277338 0.017300 0.012678
48 0.280865 0.283835 0.013893 0.011727
48 0.324377 0.239620 0.012320 0.012044
48 0.338401 0.254041 0.014155 0.013629
48 0.343644 0.244216 0.015727 0.013629
48 0.332110 0.233122 0.017300 0.016165
48 0.312451 0.252932 0.012582 0.013312
48 0.322936 0.254358 0.016776 0.018067
48 0.317431 0.246910 0.015727 0.012678
5 0.242071 0.312203 0.003932 0.004437
5 0.467104 0.336450 0.003670 0.004120
48 0.466710 0.359113 0.014417 0.015214
48 0.477720 0.388748 0.019135 0.012361
48 0.432896 0.400475 0.016514 0.017433
48 0.425950 0.396197 0.007864 0.007607
48 0.462254 0.389065 0.013368 0.012995
5 0.417562 0.374485 0.004718 0.004754
5 0.413499 0.370364 0.003408 0.003487
48 0.346658 0.239303 0.033814 0.047544
48 0.424902 0.421078 0.012582 0.011727
48 0.352949 0.444057 0.009174 0.008875
48 0.390301 0.443423 0.015203 0.015214
48 0.397117 0.435816 0.014155 0.012678
48 0.379685 0.517750 0.011271 0.010460
48 0.396986 0.532964 0.015465 0.014897
48 0.416776 0.509350 0.015203 0.013312
48 0.421625 0.487480 0.012320 0.010777
48 0.416121 0.495563 0.014417 0.012995
48 0.437877 0.524564 0.012320 0.011410
48 0.454784 0.535499 0.013630 0.012995
5 0.395806 0.511410 0.004194 0.004120
48 0.453735 0.581300 0.015203 0.018384
48 0.432110 0.574802 0.012320 0.011094
48 0.431717 0.562916 0.013106 0.013312
5 0.388073 0.563391 0.003932 0.004754
5 0.384535 0.567512 0.004718 0.004754
5 0.376147 0.568463 0.004194 0.004754
5 0.379817 0.564659 0.004718 0.005388
6 0.406160 0.543106 0.009699 0.009826
5 0.398689 0.523138 0.003670 0.003487
48 0.441284 0.534865 0.010223 0.009826
5 0.434993 0.546117 0.003932 0.004437
48 0.438139 0.581141 0.014417 0.016799
5 0.470380 0.606656 0.003408 0.003803
48 0.464220 0.501426 0.009436 0.008241
48 0.490695 0.266719 0.012582 0.011094
48 0.497510 0.271315 0.012582 0.013946
48 0.507208 0.267987 0.011533 0.008558
48 0.578506 0.063233 0.006815 0.006656
5 0.593971 0.073534 0.004194 0.005071
5 0.590433 0.078130 0.004456 0.004754
48 0.447706 0.348653 0.007864 0.007607
48 0.400524 0.397306 0.009436 0.007924
48 0.455570 0.522662 0.007864 0.008241
48 0.462516 0.521395 0.010223 0.008241
48 0.460157 0.540412 0.010747 0.010143
48 0.411009 0.587163 0.012058 0.011094
48 0.405111 0.557369 0.012320 0.012361
48 0.425295 0.555151 0.013893 0.012995
48 0.456356 0.606022 0.011533 0.010777
48 0.473919 0.619810 0.014155 0.011727
48 0.435780 0.622821 0.010747 0.011410
5 0.430668 0.632330 0.004718 0.003803
5 0.436828 0.636926 0.003408 0.004120
5 0.434600 0.647861 0.004194 0.003803
5 0.684404 0.307765 0.003670 0.002536
5 0.695020 0.321236 0.002359 0.003487
5 0.668545 0.318384 0.004456 0.002853
5 0.668545 0.336133 0.003408 0.003487
5 0.666710 0.301585 0.003932 0.002219
5 0.690564 0.319493 0.003408 0.002536
48 0.672477 0.298098 0.002883 0.003487
4 0.690564 0.212678 0.003932 0.002536
4 0.684797 0.212520 0.003932 0.002853
48 0.693840 0.209350 0.004194 0.002853
48 0.703014 0.213312 0.004194 0.002536
48 0.701704 0.227734 0.003145 0.002219
5 0.731455 0.193027 0.003932 0.001902
5 0.700655 0.208716 0.003670 0.002219
5 0.711533 0.232330 0.003408 0.002536
5 0.714155 0.238986 0.004456 0.002536
53 0.674312 0.301902 0.027523 0.038986
5 0.698165 0.277338 0.004456 0.002536
53 0.695544 0.284628 0.015990 0.022821
5 0.644299 0.350713 0.004194 0.002219
48 0.609699 0.928685 0.006291 0.014580
48 0.722543 0.046593 0.009699 0.008241
5 0.530275 0.278447 0.004718 0.004120
48 0.445609 0.683360 0.005767 0.006973
48 0.440236 0.680824 0.007602 0.008875
48 0.469069 0.690333 0.006553 0.006973
48 0.460288 0.680349 0.006815 0.006022
48 0.467759 0.707924 0.007077 0.007290
48 0.471166 0.700158 0.004456 0.003803
48 0.283486 0.517591 0.008126 0.008875
5 0.311927 0.509826 0.004194 0.004120
48 0.378768 0.509667 0.014679 0.014580
48 0.289777 0.512203 0.009174 0.006973
48 0.315334 0.585578 0.007339 0.007924
48 0.310747 0.587797 0.004980 0.005388
48 0.323067 0.579873 0.009174 0.010460
48 0.308126 0.591442 0.005505 0.005071
48 0.230799 0.875277 0.011796 0.010460
48 0.211533 0.845959 0.006291 0.005705
5 0.169987 0.797781 0.003408 0.003170
5 0.173001 0.794612 0.002621 0.003170
48 0.334207 0.514105 0.016776 0.014580
48 0.360288 0.526624 0.014417 0.014263
48 0.350066 0.529635 0.016514 0.016482
48 0.367104 0.534231 0.011271 0.011094
48 0.372870 0.525990 0.015465 0.015531
6 0.373919 0.487797 0.009699 0.008875
5 0.381258 0.487480 0.004456 0.003803
48 0.340629 0.497623 0.011796 0.011410
48 0.331455 0.502536 0.014941 0.011727
48 0.399083 0.565927 0.012844 0.011727
48 0.395413 0.573693 0.012844 0.014580
48 0.385845 0.577655 0.012582 0.012995
48 0.392267 0.583360 0.011271 0.011094
48 0.442071 0.649921 0.011796 0.010460
48 0.440498 0.604913 0.018611 0.017433
48 0.430013 0.618067 0.010223 0.008875
48 0.441022 0.617274 0.016514 0.016799
48 0.411140 0.634865 0.016514 0.015214
48 0.411533 0.647227 0.014679 0.012678
48 0.371166 0.597147 0.017300 0.013946
48 0.375229 0.589857 0.013368 0.012044
48 0.384142 0.587639 0.014941 0.013312
10 0.439712 0.544057 0.005505 0.004754
48 0.441809 0.595563 0.011796 0.010777
5 0.468938 0.628368 0.004194 0.004120
48 0.478506 0.650079 0.012844 0.008875
48 0.485059 0.653090 0.018087 0.009192
48 0.486239 0.657845 0.013630 0.007924
48 0.476278 0.660539 0.009436 0.006973
48 0.483355 0.677971 0.013630 0.008875
48 0.491612 0.682092 0.017038 0.008241
48 0.480996 0.665927 0.011009 0.007607
48 0.498689 0.701109 0.014417 0.008241
48 0.488336 0.704279 0.010485 0.007607
48 0.479292 0.708082 0.010223 0.008875
48 0.491874 0.687639 0.009699 0.007924
48 0.502621 0.719810 0.011271 0.008875
48 0.498558 0.706815 0.006291 0.007607
48 0.501442 0.712203 0.017300 0.015214
48 0.493709 0.733597 0.012320 0.009192
48 0.483093 0.726307 0.017824 0.014263
48 0.451507 0.724564 0.011271 0.010143
48 0.461861 0.723613 0.012058 0.011410
48 0.461861 0.714580 0.011533 0.011094
48 0.436042 0.686371 0.009174 0.007924
48 0.415203 0.692710 0.014155 0.012995
48 0.427130 0.672266 0.009699 0.010777
48 0.416252 0.683360 0.011533 0.010777
48 0.450590 0.644533 0.018873 0.018067
48 0.461337 0.630745 0.015203 0.015848
10 0.427523 0.623772 0.008388 0.007607
48 0.420315 0.607607 0.010747 0.009509
48 0.451507 0.611410 0.008126 0.007607
48 0.420577 0.550396 0.010223 0.011094
48 0.388860 0.614263 0.012844 0.012044
48 0.363696 0.603328 0.013368 0.012995
48 0.361206 0.637242 0.011009 0.010460
5 0.362779 0.658479 0.004194 0.004120
8 0.367628 0.658637 0.004980 0.005071
48 0.371691 0.647702 0.007864 0.007924
48 0.385845 0.662124 0.013106 0.013312
48 0.392923 0.666719 0.010485 0.010460
48 0.357143 0.624723 0.012844 0.013312
48 0.351245 0.620919 0.012582 0.013946
48 0.366579 0.679081 0.011271 0.011727
48 0.370118 0.684786 0.013106 0.013629
48 0.374050 0.689857 0.012058 0.011727
48 0.381127 0.695404 0.009436 0.009509
48 0.373657 0.715372 0.012320 0.011410
48 0.347444 0.711727 0.017562 0.011727
48 0.368807 0.709826 0.011533 0.011727
48 0.392661 0.655309 0.011533 0.011727
48 0.371560 0.639778 0.012844 0.010460
48 0.379161 0.605388 0.011796 0.012044
48 0.383093 0.597464 0.010747 0.010777
48 0.388991 0.602694 0.011533 0.010460
48 0.388598 0.632171 0.013368 0.012995
48 0.386501 0.650079 0.011796 0.011410
48 0.427916 0.591125 0.011271 0.012044
48 0.432241 0.595880 0.009436 0.009509
48 0.445347 0.589540 0.013630 0.010777
48 0.455570 0.593978 0.012058 0.013946
48 0.365793 0.546117 0.013893 0.014580
48 0.315990 0.534548 0.015465 0.014897
48 0.322805 0.529319 0.012844 0.012044
48 0.334076 0.539144 0.013368 0.012044
48 0.318611 0.546751 0.013893 0.012678
48 0.341415 0.545800 0.010747 0.011410
48 0.339056 0.556577 0.011796 0.010143
48 0.295413 0.537401 0.013630 0.011094
5 0.293185 0.527734 0.003408 0.004437
5 0.291481 0.532805 0.002097 0.003803
48 0.313630 0.563550 0.014941 0.015214
48 0.321101 0.567987 0.009961 0.009509
48 0.311402 0.551030 0.010485 0.010460
48 0.343644 0.571632 0.012058 0.011727
10 0.380341 0.573059 0.007339 0.006339
48 0.352425 0.544374 0.018611 0.018067
48 0.391874 0.518384 0.013630 0.013629
48 0.351769 0.579398 0.014679 0.013946
5 0.300917 0.605388 0.004194 0.004437
5 0.304325 0.608716 0.003670 0.004120
5 0.310878 0.615214 0.004194 0.003803
48 0.353473 0.570206 0.018611 0.020285
48 0.377326 0.535658 0.009174 0.011410
48 0.380079 0.531220 0.008388 0.008875
48 0.389384 0.538352 0.011796 0.011727
48 0.384797 0.541997 0.011533 0.010143
48 0.360550 0.517274 0.010747 0.010143
48 0.280079 0.558637 0.011796 0.012361
48 0.284928 0.551981 0.013630 0.011094
48 0.289515 0.559905 0.007077 0.006656
48 0.293054 0.557369 0.008912 0.009192
48 0.310747 0.578922 0.013368 0.016165
48 0.377982 0.614105 0.014155 0.012995
48 0.415596 0.616640 0.012320 0.012361
48 0.409961 0.620761 0.008388 0.007924
48 0.380603 0.641521 0.013106 0.013312
48 0.341153 0.583201 0.019135 0.017750
48 0.300262 0.578605 0.011271 0.012995
48 0.305767 0.572108 0.009699 0.009509
5 0.432634 0.635341 0.003932 0.004120
48 0.422412 0.678288 0.011796 0.011410
48 0.427130 0.685103 0.014417 0.015531
48 0.420183 0.695087 0.007864 0.007607
48 0.444954 0.708875 0.010747 0.010460
48 0.439581 0.714422 0.008912 0.008875
48 0.465007 0.672108 0.007339 0.007924
48 0.473263 0.676228 0.007077 0.007290
48 0.493316 0.719176 0.006291 0.006339
48 0.488336 0.710777 0.008912 0.008558
48 0.501573 0.736767 0.013368 0.012995
5 0.434207 0.731379 0.003932 0.003487
8 0.437746 0.734865 0.004718 0.004754
48 0.481389 0.758479 0.009699 0.009509
48 0.451900 0.695721 0.010485 0.012044
48 0.369987 0.703803 0.006029 0.006022
48 0.392005 0.737876 0.013893 0.013312
48 0.415465 0.724247 0.011009 0.010143
48 0.387680 0.702853 0.007864 0.007290
5 0.449017 0.756260 0.005242 0.005071
10 0.449541 0.745959 0.006291 0.005388
48 0.443644 0.758796 0.011796 0.011410
48 0.427130 0.739461 0.013368 0.012044
48 0.423198 0.732488 0.006029 0.005705
48 0.413368 0.738986 0.012058 0.014263
48 0.438401 0.764342 0.011271 0.010460
48 0.451114 0.764184 0.013106 0.011410
5 0.483093 0.797306 0.004718 0.004120
48 0.457405 0.769731 0.012058 0.012361
48 0.433028 0.772742 0.010485 0.010777
48 0.447444 0.785262 0.011009 0.011094
48 0.450721 0.801109 0.014417 0.014263
48 0.514810 0.779715 0.011533 0.011410
48 0.528178 0.793819 0.016776 0.016799
48 0.509043 0.749762 0.012058 0.011094
48 0.502752 0.756894 0.013106 0.013312
48 0.510878 0.761331 0.014155 0.011410
48 0.502097 0.765769 0.008126 0.006973
48 0.504980 0.768780 0.008650 0.008558
48 0.512713 0.767829 0.015727 0.013629
48 0.535256 0.810935 0.012582 0.012995
48 0.542071 0.804279 0.011009 0.009826
48 0.530144 0.804120 0.024377 0.019017
5 0.586107 0.818542 0.003670 0.004754
5 0.579685 0.777813 0.002883 0.003803
5 0.598034 0.755784 0.002883 0.004754
48 0.453604 0.732330 0.010223 0.010460
48 0.389646 0.642789 0.009174 0.008875
48 0.394626 0.638352 0.010747 0.013312
48 0.398296 0.643740 0.005505 0.005071
48 0.422805 0.642789 0.008912 0.008241
48 0.451114 0.665927 0.012058 0.010143
48 0.328965 0.603011 0.014155 0.016165
48 0.318087 0.599366 0.011796 0.012044
48 0.328309 0.568938 0.007602 0.008241
48 0.324771 0.559746 0.008388 0.011410
48 0.318349 0.523772 0.008650 0.007290
48 0.330013 0.522979 0.035125 0.032964
8 0.390826 0.504596 0.004718 0.005071
48 0.309961 0.482092 0.013368 0.013946
48 0.300917 0.484786 0.011533 0.011727
48 0.305898 0.490016 0.008912 0.008875
48 0.297117 0.493661 0.011271 0.010460
48 0.293316 0.500000 0.009961 0.009826
48 0.316514 0.450713 0.013368 0.010777
48 0.323329 0.457686 0.009174 0.009509
48 0.328702 0.470840 0.009961 0.009826
48 0.304718 0.463074 0.009174 0.008875
48 0.305767 0.448019 0.009699 0.010460
48 0.303145 0.438986 0.015990 0.012678
10 0.401966 0.405864 0.009174 0.009826
5 0.369463 0.448177 0.005505 0.005071
48 0.337615 0.427892 0.015203 0.015848
48 0.276540 0.420127 0.012582 0.012361
48 0.281520 0.412837 0.009436 0.007924
48 0.291874 0.423138 0.012320 0.013312
48 0.287680 0.418859 0.009699 0.009192
48 0.265269 0.439303 0.013630 0.013312
48 0.271691 0.433280 0.011796 0.011410
48 0.316383 0.462124 0.013106 0.010143
48 0.295937 0.480507 0.007339 0.008241
48 0.292136 0.477655 0.008126 0.008875
48 0.282307 0.478922 0.011009 0.010777
48 0.277982 0.474010 0.008650 0.009192
48 0.269069 0.464976 0.010747 0.010777
48 0.277851 0.461807 0.009961 0.011410
48 0.258716 0.443106 0.008388 0.008875
48 0.249803 0.446117 0.011009 0.010460
48 0.265531 0.450079 0.011009 0.010143
48 0.242071 0.487005 0.016514 0.015531
48 0.455046 0.427892 0.013106 0.012044
5 0.487942 0.433280 0.003408 0.003170
5 0.485976 0.429794 0.004194 0.003803
48 0.478899 0.355784 0.009961 0.011094
48 0.465924 0.326466 0.010223 0.008241
10 0.456356 0.253724 0.006291 0.005388
10 0.460813 0.258796 0.005242 0.004754
48 0.485845 0.257369 0.008650 0.008241
48 0.490301 0.253090 0.009699 0.009826
48 0.487811 0.296355 0.007339 0.006973
48 0.475229 0.312520 0.014679 0.015214
48 0.480865 0.259588 0.006553 0.006973
48 0.481520 0.304279 0.007339 0.006973
48 0.483748 0.300158 0.006553 0.006339
48 0.370904 0.267987 0.012582 0.009826
48 0.365269 0.260539 0.008650 0.008875
48 0.335125 0.270048 0.013893 0.012678
48 0.301835 0.290491 0.025950 0.026941
48 0.311402 0.306973 0.034076 0.036450
48 0.305242 0.300000 0.037484 0.033914
48 0.326474 0.303962 0.012844 0.012678
48 0.353211 0.339937 0.013368 0.012995
5 0.341415 0.352773 0.004456 0.004437
48 0.321101 0.338035 0.012058 0.011094
48 0.316514 0.332805 0.008126 0.008241
48 0.329882 0.327100 0.009174 0.009509
48 0.336697 0.325198 0.010223 0.010777
5 0.302752 0.258796 0.004194 0.004120
48 0.331455 0.253724 0.012844 0.012995
48 0.331848 0.321395 0.006291 0.007607
48 0.326474 0.316799 0.010223 0.010460
48 0.267890 0.312520 0.022018 0.020919
48 0.272215 0.302219 0.028047 0.025040
48 0.285714 0.316006 0.011533 0.012678
5 0.312713 0.351506 0.004194 0.003803
48 0.275623 0.367512 0.009174 0.009826
48 0.248362 0.348019 0.012320 0.012678
48 0.256094 0.339620 0.013630 0.014263
48 0.262779 0.333281 0.010223 0.009192
48 0.252556 0.311569 0.014417 0.014580
48 0.288467 0.332013 0.015465 0.013629
48 0.287156 0.345008 0.011271 0.010460
48 0.271035 0.338352 0.007864 0.007290
48 0.243119 0.332488 0.010747 0.010143
48 0.241678 0.341838 0.017824 0.011727
48 0.246527 0.320444 0.011271 0.010143
48 0.259895 0.359905 0.012844 0.012361
48 0.270380 0.362758 0.014417 0.014263
48 0.292005 0.365927 0.015203 0.016799
48 0.295675 0.354200 0.017824 0.014897
48 0.305898 0.350872 0.012582 0.012044
48 0.207602 0.360697 0.022018 0.020919
48 0.269987 0.349287 0.012582 0.013312
48 0.299607 0.329636 0.011009 0.012044
5 0.175360 0.377338 0.004194 0.004754
5 0.141940 0.412203 0.003932 0.004120
5 0.134993 0.416482 0.004194 0.004437
48 0.152163 0.417591 0.014417 0.013629
48 0.153866 0.434390 0.015727 0.018067
48 0.171560 0.396038 0.011796 0.012361
48 0.186239 0.388590 0.017562 0.013946
48 0.183224 0.395404 0.013106 0.012361
48 0.215203 0.368780 0.024640 0.024406
48 0.217562 0.381458 0.011533 0.010460
48 0.188860 0.378130 0.012844 0.012678
48 0.228571 0.375119 0.009436 0.008558
48 0.233028 0.370206 0.010485 0.008875
48 0.220446 0.418067 0.016252 0.015214
48 0.201835 0.413629 0.011533 0.011410
48 0.212844 0.388590 0.008912 0.008875
48 0.185452 0.410460 0.010747 0.011410
48 0.247706 0.384786 0.017300 0.018384
48 0.256225 0.390491 0.014417 0.014580
48 0.253080 0.409667 0.018611 0.019334
48 0.262516 0.398891 0.016514 0.018067
48 0.176409 0.428526 0.013106 0.012678
48 0.279948 0.440254 0.011533 0.010143
48 0.284535 0.446117 0.011271 0.009826
5 0.246920 0.433122 0.004194 0.004120
5 0.243119 0.436767 0.003932 0.004437
5 0.237615 0.442948 0.003932 0.003487
5 0.197903 0.492868 0.004718 0.004437
5 0.202097 0.488431 0.004194 0.005071
5 0.217038 0.471949 0.004194 0.005071
5 0.208388 0.481300 0.004194 0.004754
5 0.283486 0.591125 0.004980 0.004437
5 0.404718 0.549762 0.004194 0.002219
5 0.161730 0.475911 0.004194 0.004754
48 0.158453 0.446910 0.014417 0.013946
48 0.190957 0.473059 0.014417 0.013629
5 0.223722 0.457686 0.004456 0.004437
48 0.205898 0.406022 0.011271 0.009509
48 0.212320 0.413629 0.008388 0.007607
48 0.144561 0.427892 0.011796 0.010777
48 0.195413 0.459113 0.013368 0.012361
48 0.173788 0.444691 0.010485 0.011410
5 0.105767 0.442948 0.004456 0.004754
5 0.092529 0.464342 0.004718 0.005705
6 0.193185 0.498257 0.009961 0.010143
10 0.191481 0.516006 0.004980 0.008875
5 0.210354 0.522504 0.003932 0.004120
5 0.218873 0.526624 0.003670 0.004120
48 0.238794 0.514263 0.011009 0.011727
48 0.234600 0.505705 0.013106 0.011727
48 0.258716 0.501902 0.008912 0.009826
48 0.255046 0.508875 0.011009 0.010460
48 0.276933 0.507290 0.013893 0.014263
48 0.240629 0.524247 0.012058 0.012044
48 0.249279 0.528685 0.013630 0.012678
48 0.254915 0.532805 0.013368 0.013312
48 0.259502 0.539620 0.009961 0.012361
48 0.266579 0.509826 0.012058 0.011094
48 0.204849 0.380190 0.010747 0.009826
48 0.205111 0.392868 0.009699 0.009826
48 0.230799 0.410777 0.017562 0.014580
48 0.219528 0.442789 0.012320 0.012678
48 0.214941 0.450396 0.016252 0.015214
48 0.223722 0.505705 0.013893 0.014263
48 0.182962 0.448653 0.012058 0.015531
48 0.298952 0.565769 0.012844 0.012678
48 0.301573 0.556735 0.009699 0.009192
48 0.214941 0.486846 0.012582 0.013946
48 0.222018 0.493344 0.012058 0.012361
48 0.187418 0.466086 0.012058 0.011727
48 0.211140 0.423296 0.012844 0.011094
48 0.206029 0.431220 0.014155 0.014897
48 0.236566 0.425832 0.024377 0.021236
48 0.325426 0.384469 0.027523 0.025990
48 0.211927 0.498732 0.017038 0.015531
48 0.208912 0.460380 0.012058 0.010460
48 0.198296 0.449128 0.009174 0.009509
48 0.274050 0.521870 0.019659 0.019334
48 0.211402 0.535341 0.013368 0.015214
48 0.259502 0.578605 0.014155 0.012995
48 0.227130 0.550396 0.011796 0.011094
48 0.240236 0.563391 0.013893 0.012995
48 0.232634 0.556260 0.015990 0.013946
48 0.246003 0.467829 0.013368 0.013946
48 0.239318 0.462282 0.007339 0.007290
5 0.223591 0.602853 0.004718 0.004437
5 0.220315 0.602694 0.003408 0.003487
8 0.213893 0.612837 0.004718 0.004754
5 0.207208 0.620285 0.004456 0.004437
48 0.185845 0.616323 0.008912 0.009826
6 0.158716 0.606973 0.006029 0.005705
5 0.149148 0.604279 0.004194 0.004120
48 0.169856 0.594453 0.012058 0.012995
48 0.164089 0.588431 0.011533 0.011094
48 0.154653 0.583360 0.011533 0.012361
48 0.177720 0.601426 0.009436 0.009826
48 0.191612 0.597147 0.013106 0.010143
48 0.186107 0.601743 0.007339 0.007290
48 0.198689 0.601743 0.011533 0.011094
48 0.138663 0.570681 0.010485 0.012995
5 0.128965 0.581616 0.003670 0.004437
5 0.145347 0.590650 0.003932 0.003487
48 0.146658 0.578288 0.014417 0.014897
48 0.179030 0.530586 0.013630 0.012678
48 0.184273 0.545008 0.013106 0.013629
48 0.201966 0.592710 0.013893 0.012678
48 0.219790 0.582092 0.013368 0.012361
48 0.251900 0.585103 0.013106 0.013312
48 0.268283 0.583518 0.010223 0.010143
48 0.263827 0.588273 0.011271 0.010777
48 0.271953 0.596355 0.010747 0.013629
48 0.279161 0.597306 0.008388 0.011094
48 0.232765 0.607607 0.014679 0.014580
48 0.241547 0.615689 0.013893 0.013629
48 0.246920 0.608716 0.012582 0.010460
48 0.250459 0.623455 0.011271 0.010777
48 0.255308 0.627734 0.009961 0.010460
48 0.261730 0.621078 0.012844 0.012361
5 0.277982 0.635658 0.004456 0.004120
5 0.272477 0.635975 0.002883 0.004120
48 0.261730 0.635182 0.014941 0.013946
48 0.247706 0.595880 0.011533 0.013312
48 0.287942 0.647227 0.011271 0.011410
48 0.281258 0.640571 0.012582 0.012678
48 0.281913 0.606181 0.017038 0.013629
48 0.295282 0.614422 0.013368 0.012995
48 0.302621 0.632647 0.014941 0.014580
48 0.284142 0.613154 0.014679 0.010460
10 0.275098 0.647702 0.007077 0.006022
48 0.248231 0.634707 0.011533 0.012361
48 0.240629 0.628685 0.012058 0.011094
5 0.261206 0.649604 0.004456 0.004754
48 0.274181 0.660697 0.012582 0.012361
48 0.268545 0.655784 0.007602 0.008241
48 0.258978 0.657528 0.010485 0.010460
48 0.247969 0.661648 0.012058 0.011727
48 0.239318 0.660539 0.011009 0.011410
48 0.209961 0.634231 0.012582 0.015214
48 0.251900 0.672108 0.013630 0.012995
48 0.266972 0.666244 0.009174 0.008875
48 0.254915 0.652773 0.009699 0.009826
48 0.174574 0.499842 0.011009 0.010777
48 0.159240 0.483201 0.011796 0.011727
48 0.149541 0.479081 0.017038 0.014897
48 0.143119 0.489699 0.007339 0.006339
48 0.124246 0.490174 0.013106 0.012995
48 0.134731 0.467195 0.009961 0.010777
48 0.072608 0.453249 0.015727 0.015848
48 0.081914 0.448177 0.013893 0.012678
48 0.088204 0.442631 0.012844 0.011727
5 0.013499 0.473376 0.004456 0.004120
48 0.055701 0.479081 0.015465 0.014897
48 0.061861 0.470523 0.015727 0.013629
5 0.077720 0.399366 0.004980 0.003803
5 0.079292 0.401426 0.004456 0.004120
5 0.080341 0.404596 0.003932 0.004120
5 0.057667 0.377496 0.003670 0.004437
5 0.040760 0.354358 0.003932 0.004437
5 0.087418 0.410618 0.004456 0.004120
5 0.087811 0.406181 0.004194 0.003487
48 0.093185 0.424564 0.011271 0.011094
48 0.100917 0.424723 0.007864 0.006973
48 0.102490 0.429319 0.008912 0.008558
48 0.098558 0.435341 0.009961 0.009192
48 0.111009 0.463867 0.012320 0.011094
48 0.090301 0.491125 0.022280 0.023138
48 0.097510 0.507132 0.008912 0.008875
48 0.070118 0.502219 0.013368 0.012995
48 0.083224 0.519176 0.013893 0.013312
48 0.099345 0.530428 0.014155 0.009826
48 0.093316 0.523138 0.015203 0.017433
48 0.126737 0.506815 0.017038 0.017116
48 0.130668 0.482092 0.015465 0.015214
48 0.104849 0.472266 0.013630 0.012044
48 0.121625 0.553090 0.015727 0.012678
48 0.114941 0.545483 0.014417 0.016482
48 0.117955 0.521553 0.020446 0.018700
48 0.144692 0.562441 0.016776 0.011727
48 0.153735 0.554675 0.010747 0.010777
48 0.164744 0.555626 0.012320 0.013312
48 0.159633 0.545800 0.007339 0.006973
48 0.220052 0.569572 0.013368 0.013312
48 0.218611 0.539461 0.008388 0.008241
48 0.204456 0.531062 0.012582 0.012361
48 0.190170 0.537718 0.011271 0.011094
48 0.258716 0.478447 0.013106 0.012361
48 0.285583 0.504437 0.012320 0.009826
48 0.274050 0.495087 0.015990 0.013946
48 0.266317 0.486212 0.009961 0.010143
48 0.166972 0.505230 0.014679 0.012044
48 0.200524 0.521078 0.011009 0.012044
48 0.133421 0.526466 0.012058 0.014580
48 0.128440 0.544216 0.010485 0.010777
48 0.132110 0.541046 0.011533 0.012044
48 0.138270 0.538035 0.008650 0.007290
48 0.182962 0.558162 0.022543 0.023455
48 0.100917 0.481933 0.018349 0.017433
48 0.111796 0.481616 0.009699 0.009192
48 0.143512 0.470365 0.009699 0.009509
48 0.206291 0.545642 0.011533 0.012995
48 0.214810 0.548494 0.010747 0.010460
48 0.209568 0.553883 0.008126 0.008558
48 0.212582 0.560539 0.009961 0.009826
48 0.210354 0.569572 0.008650 0.009509
48 0.206291 0.571157 0.005242 0.005071
48 0.125426 0.598574 0.014417 0.013629
5 0.100393 0.589223 0.005242 0.005071
48 0.104718 0.605705 0.009699 0.009509
48 0.112713 0.605705 0.013106 0.012044
48 0.111271 0.611886 0.007077 0.006022
48 0.140105 0.613629 0.013368 0.011410
48 0.147313 0.620444 0.013630 0.011727
48 0.170904 0.637876 0.014155 0.014897
48 0.143381 0.634231 0.011009 0.014580
48 0.137353 0.627417 0.014155 0.013629
48 0.194758 0.658479 0.020970 0.019334
48 0.217431 0.681300 0.011796 0.010460
48 0.230013 0.693819 0.014417 0.016482
48 0.239187 0.702219 0.011796 0.011094
48 0.236304 0.698574 0.010747 0.012044
48 0.224509 0.685578 0.010223 0.009509
48 0.176540 0.692551 0.014941 0.014580
5 0.162123 0.667036 0.003932 0.004120
5 0.155832 0.673851 0.003932 0.003803
5 0.149410 0.680824 0.004194 0.004437
5 0.145872 0.686054 0.003932 0.004120
5 0.133028 0.697623 0.004456 0.003803
48 0.152687 0.696830 0.012844 0.012361
48 0.140367 0.704596 0.010747 0.010777
48 0.148100 0.711410 0.013106 0.012361
48 0.161599 0.725040 0.010747 0.011094
48 0.167104 0.720127 0.010223 0.009509
48 0.165924 0.708716 0.011009 0.010777
48 0.152818 0.720761 0.008388 0.008241
48 0.156750 0.715214 0.010485 0.009826
48 0.177457 0.733122 0.010485 0.009509
48 0.175885 0.740254 0.008388 0.007290
5 0.212451 0.741997 0.004456 0.005071
5 0.172739 0.753724 0.004194 0.003803
48 0.181782 0.744849 0.014417 0.014580
48 0.188991 0.754041 0.013106 0.011410
5 0.172477 0.760856 0.004718 0.004120
5 0.177588 0.769097 0.003932 0.003487
5 0.175885 0.764184 0.004194 0.003803
5 0.182045 0.762282 0.004456 0.003803
48 0.191219 0.719334 0.010747 0.009192
48 0.177720 0.722187 0.014679 0.012361
48 0.186632 0.730745 0.009436 0.009192
48 0.213630 0.714580 0.010485 0.009826
48 0.209436 0.710935 0.008388 0.008241
48 0.307339 0.671157 0.029096 0.023772
48 0.308126 0.695087 0.029096 0.024723
48 0.291481 0.682567 0.013106 0.011727
48 0.262385 0.710618 0.013106 0.012044
48 0.268283 0.716165 0.010223 0.009826
48 0.271298 0.705071 0.016776 0.017433
48 0.276802 0.699049 0.014155 0.016165
48 0.284010 0.690650 0.014417 0.013312
5 0.324509 0.723930 0.003145 0.004437
48 0.304587 0.721395 0.036173 0.010777
48 0.366186 0.699525 0.012058 0.011410
48 0.342464 0.674485 0.008126 0.012044
48 0.347837 0.675277 0.005242 0.009826
5 0.359633 0.655626 0.002621 0.003487
5 0.406946 0.671949 0.003408 0.003803
48 0.362123 0.710143 0.007077 0.009826
48 0.241415 0.669255 0.013630 0.012361
48 0.266972 0.674802 0.011796 0.010777
48 0.287811 0.633597 0.012582 0.012678
48 0.274836 0.622662 0.008126 0.007924
48 0.302883 0.619176 0.011271 0.009192
48 0.293709 0.699841 0.008126 0.008875
48 0.317693 0.732013 0.009961 0.007290
48 0.314941 0.739778 0.008126 0.007607
48 0.321101 0.742155 0.005767 0.005388
48 0.374967 0.749762 0.011271 0.005388
48 0.349803 0.756577 0.013368 0.009509
48 0.290039 0.742631 0.005505 0.006973
48 0.294889 0.742789 0.005242 0.007290
48 0.227261 0.658320 0.012058 0.011410
48 0.232110 0.651506 0.015465 0.014897
48 0.237484 0.642314 0.011533 0.011094
48 0.221232 0.624406 0.020446 0.018384
48 0.234338 0.623455 0.008912 0.008241
48 0.135387 0.651506 0.015465 0.014897
48 0.130013 0.634865 0.010485 0.009509
48 0.125557 0.620127 0.009436 0.007924
48 0.115596 0.595404 0.012582 0.009826
48 0.120970 0.587797 0.015465 0.012361
48 0.171953 0.565452 0.008388 0.008241
48 0.168676 0.568938 0.007077 0.006973
48 0.180472 0.573693 0.007077 0.006339
5 0.141022 0.689065 0.004718 0.004437
48 0.100917 0.666086 0.016776 0.016799
48 0.105111 0.646593 0.017824 0.013946
48 0.111533 0.653090 0.008126 0.009826
48 0.118480 0.662916 0.013106 0.012361
48 0.105767 0.675594 0.013893 0.012361
48 0.093185 0.660380 0.015990 0.012995
5 0.065007 0.648653 0.003670 0.003487
5 0.065138 0.652298 0.003932 0.003803
5 0.075623 0.662282 0.003408 0.004120
48 0.071953 0.641997 0.011796 0.011727
48 0.079685 0.650396 0.014679 0.015214
48 0.086894 0.655784 0.011796 0.011410
48 0.113761 0.676704 0.006815 0.007607
48 0.116383 0.681458 0.011009 0.010777
48 0.122412 0.687322 0.012058 0.011094
48 0.129751 0.662599 0.014155 0.014263
5 0.088336 0.618859 0.004194 0.004754
48 0.054784 0.623296 0.015203 0.014897
48 0.061861 0.609350 0.014679 0.013629
48 0.047182 0.615689 0.012058 0.014263
48 0.092267 0.626307 0.014155 0.013312
48 0.102359 0.623138 0.015465 0.013312
5 0.096986 0.614580 0.004718 0.004437
48 0.078506 0.628843 0.009174 0.008875
48 0.083486 0.632171 0.008126 0.007924
48 0.086239 0.638352 0.016252 0.013946
48 0.076802 0.635658 0.011009 0.009826
48 0.060813 0.569889 0.011533 0.012044
48 0.065400 0.584628 0.013368 0.013629
48 0.073788 0.592710 0.015990 0.015214
48 0.080079 0.587956 0.014417 0.014580
48 0.090039 0.578922 0.012844 0.012361
48 0.100393 0.574168 0.011533 0.012361
48 0.096330 0.566403 0.012320 0.011410
48 0.078899 0.553249 0.011533 0.011727
48 0.084010 0.556577 0.007077 0.006973
48 0.089122 0.558796 0.012058 0.010143
48 0.125164 0.533914 0.008650 0.007924
48 0.148362 0.515372 0.014155 0.012044
48 0.141940 0.509509 0.008126 0.006656
48 0.148886 0.523613 0.009961 0.009509
48 0.143512 0.531854 0.007077 0.007607
48 0.159371 0.499208 0.008912 0.008875
48 0.163303 0.491284 0.012058 0.015214
48 0.115727 0.509826 0.014417 0.014897
48 0.077588 0.508716 0.011009 0.009509
48 0.082569 0.504279 0.012058 0.013312
48 0.068021 0.463550 0.019659 0.016799
48 0.131324 0.462758 0.012058 0.011410
48 0.058978 0.455943 0.009436 0.008558
48 0.061861 0.398415 0.018349 0.017116
48 0.071691 0.407290 0.015465 0.014580
48 0.079554 0.418859 0.017038 0.017433
48 0.173919 0.461173 0.011796 0.012678
48 0.179423 0.464659 0.007602 0.009509
48 0.165662 0.433597 0.013106 0.014580
48 0.180079 0.418067 0.007864 0.009509
48 0.196855 0.422029 0.010485 0.009826
48 0.085452 0.436292 0.014155 0.009826
48 0.035911 0.441680 0.009436 0.007924
48 0.032372 0.445959 0.006553 0.006339
48 0.017562 0.427417 0.012582 0.017433
48 0.027130 0.422345 0.010223 0.012995
48 0.018742 0.400951 0.014417 0.013946
48 0.023329 0.393502 0.017824 0.014897
48 0.029358 0.386846 0.013106 0.012361
48 0.039712 0.372742 0.014417 0.011410
8 0.014941 0.385103 0.004718 0.003803
48 0.034862 0.379398 0.012058 0.010143
48 0.043119 0.387480 0.011796 0.011094
48 0.047313 0.378288 0.009174 0.007290
48 0.051245 0.382884 0.010747 0.010143
48 0.056094 0.388590 0.012058 0.010777
48 0.060682 0.390491 0.010223 0.011410
5 0.072608 0.387797 0.004194 0.004120
48 0.040236 0.395246 0.010223 0.009509
48 0.046003 0.399049 0.013368 0.012044
48 0.035518 0.414739 0.012320 0.013629
48 0.041153 0.416482 0.012058 0.008875
48 0.034338 0.404437 0.013630 0.012044
48 0.046265 0.446593 0.013893 0.012678
48 0.028440 0.461173 0.015465 0.015214
48 0.035125 0.467670 0.009961 0.009826
48 0.041809 0.464184 0.010747 0.009192
48 0.050721 0.486688 0.012320 0.011094
48 0.041940 0.477496 0.012582 0.011094
5 0.047051 0.511886 0.004980 0.005705
48 0.136566 0.491601 0.010485 0.008875
48 0.037090 0.532013 0.011271 0.011094
5 0.031193 0.526466 0.004718 0.004437
48 0.041415 0.538986 0.009436 0.008558
48 0.044823 0.525674 0.011009 0.011094
48 0.057798 0.530111 0.013893 0.014897
48 0.049541 0.529319 0.009436 0.008875
48 0.048362 0.544216 0.013368 0.012678
48 0.066055 0.537084 0.014679 0.012361
48 0.072870 0.545008 0.012058 0.009192
48 0.068676 0.552456 0.008388 0.007607
48 0.053735 0.552456 0.008388 0.006973
48 0.038008 0.556418 0.012058 0.011094
48 0.026868 0.552932 0.012320 0.012995
48 0.135518 0.601268 0.011009 0.013946
5 0.010092 0.551030 0.003932 0.004120
48 0.021363 0.559271 0.014417 0.013629
48 0.042333 0.593978 0.014417 0.013312
48 0.034862 0.580349 0.006291 0.006339
48 0.182700 0.657845 0.011009 0.012361
48 0.216776 0.642631 0.017300 0.018700
48 0.202490 0.668304 0.012320 0.012361
48 0.178899 0.668780 0.015990 0.015214
48 0.170904 0.676862 0.018349 0.014263
48 0.163434 0.681616 0.014941 0.012995
5 0.145347 0.676862 0.003932 0.004120
48 0.179554 0.709192 0.009961 0.010460
48 0.158978 0.691442 0.020183 0.021236
48 0.191874 0.682567 0.006291 0.006022
48 0.197379 0.686688 0.013630 0.011727
48 0.202097 0.680032 0.008912 0.007924
48 0.204980 0.694770 0.011009 0.008875
48 0.210354 0.698415 0.008650 0.010460
48 0.216514 0.693185 0.006291 0.006339
48 0.211140 0.673851 0.014941 0.013312
48 0.225819 0.712361 0.013893 0.012995
48 0.220839 0.720602 0.011271 0.010460
48 0.159764 0.703803 0.013368 0.011727
48 0.115596 0.729160 0.015203 0.015531
48 0.124640 0.725198 0.005505 0.005705
5 0.091350 0.740571 0.004456 0.004120
48 0.127392 0.732964 0.013630 0.012361
48 0.133290 0.737242 0.009699 0.010777
48 0.136304 0.741363 0.007864 0.006973
48 0.142333 0.743740 0.014155 0.012361
48 0.120183 0.748653 0.017562 0.015848
48 0.130144 0.747702 0.007077 0.006339
5 0.100393 0.735341 0.003670 0.002536
5 0.101704 0.732964 0.004194 0.003487
8 0.096068 0.729002 0.004456 0.004437
5 0.094102 0.727575 0.003670 0.004120
5 0.074050 0.751506 0.004456 0.004437
48 0.148624 0.752615 0.012058 0.011094
48 0.153866 0.762916 0.013106 0.010777
48 0.169332 0.771474 0.012582 0.012044
48 0.160813 0.769255 0.012320 0.010777
48 0.152949 0.780032 0.013893 0.013312
48 0.155963 0.773851 0.011533 0.009826
48 0.163434 0.780507 0.009174 0.008558
48 0.313368 0.749921 0.011796 0.008875
48 0.312713 0.758003 0.011533 0.007924
48 0.301573 0.750079 0.009699 0.010460
5 0.328178 0.773217 0.003145 0.005388
5 0.328309 0.780666 0.002359 0.005071
48 0.302228 0.737718 0.008912 0.013629
48 0.287811 0.720602 0.006291 0.006656
48 0.287680 0.758796 0.014941 0.009509
48 0.287549 0.770523 0.018349 0.013312
48 0.308257 0.783518 0.028309 0.025357
48 0.352556 0.770998 0.030406 0.020602
48 0.099869 0.756260 0.011533 0.013312
48 0.231586 0.634073 0.008650 0.007924
48 0.189384 0.620285 0.008126 0.006973
48 0.184010 0.597464 0.005767 0.005705
48 0.180603 0.596672 0.004718 0.004120
48 0.179817 0.593027 0.011533 0.008875
48 0.193316 0.586371 0.008126 0.007607
48 0.171429 0.574643 0.005767 0.005071
48 0.209436 0.586529 0.011533 0.012361
48 0.109174 0.626783 0.006029 0.006656
48 0.094364 0.650555 0.005242 0.005388
48 0.050590 0.663391 0.017824 0.013946
48 0.059502 0.669255 0.011533 0.011727
48 0.065793 0.675277 0.014155 0.014263
48 0.056356 0.686529 0.012058 0.010777
48 0.071691 0.683677 0.013893 0.013312
48 0.080603 0.687639 0.006029 0.007290
48 0.085059 0.687639 0.007602 0.007924
48 0.058847 0.695880 0.010747 0.009826
48 0.040498 0.675911 0.011796 0.011727
48 0.045609 0.681616 0.008388 0.008558
48 0.035518 0.684628 0.012844 0.011410
48 0.027392 0.684311 0.010223 0.008875
48 0.024509 0.690016 0.010223 0.008241
48 0.022936 0.699366 0.014941 0.012995
48 0.033028 0.696672 0.008388 0.009509
48 0.100917 0.706339 0.011533 0.011727
48 0.096723 0.712995 0.009436 0.008558
48 0.095413 0.703170 0.012058 0.011094
48 0.091612 0.700475 0.010747 0.010777
48 0.087287 0.697147 0.011533 0.011094
48 0.081258 0.725357 0.014155 0.014263
48 0.101573 0.743582 0.009174 0.009509
48 0.090301 0.762441 0.010747 0.011727
48 0.079685 0.766244 0.009436 0.010460
48 0.084535 0.768621 0.016514 0.020285
5 0.056488 0.770365 0.004456 0.004120
5 0.062647 0.770840 0.003670 0.003803
5 0.070511 0.755468 0.004194 0.004120
5 0.059633 0.767036 0.003932 0.004437
48 0.016776 0.725990 0.013630 0.013629
48 0.031979 0.727258 0.011533 0.010460
48 0.038663 0.727100 0.010747 0.011410
48 0.038139 0.722345 0.004980 0.004437
48 0.023460 0.729319 0.004980 0.005071
48 0.023984 0.735499 0.014941 0.012995
48 0.030013 0.737242 0.006553 0.006973
48 0.037090 0.735975 0.008650 0.006339
48 0.047575 0.751506 0.013893 0.014580
48 0.037615 0.748336 0.010223 0.009509
48 0.040891 0.758162 0.009961 0.009509
48 0.052556 0.755943 0.008650 0.008875
48 0.056356 0.757369 0.006815 0.007290
48 0.066579 0.740095 0.012058 0.012678
48 0.063696 0.725990 0.012058 0.011727
48 0.071822 0.730269 0.010485 0.013312
48 0.084535 0.717433 0.012320 0.012995
48 0.060550 0.734231 0.011533 0.009826
48 0.068676 0.778764 0.013630 0.013946
48 0.073788 0.787956 0.010747 0.010143
48 0.079161 0.783360 0.012582 0.009826
48 0.092923 0.796989 0.011796 0.011094
48 0.081782 0.790808 0.011533 0.012678
48 0.084273 0.794295 0.007602 0.007607
48 0.108257 0.794453 0.010485 0.010460
48 0.107208 0.811252 0.016252 0.015531
48 0.112713 0.816799 0.010485 0.010777
48 0.115334 0.801268 0.013630 0.012044
48 0.119659 0.806498 0.012320 0.012361
48 0.125164 0.808875 0.010223 0.010143
48 0.132110 0.803011 0.012058 0.012361
48 0.124771 0.797781 0.009436 0.008241
48 0.139056 0.782092 0.011271 0.011727
48 0.129358 0.781458 0.010747 0.010460
48 0.131979 0.775119 0.009174 0.007924
48 0.134338 0.790808 0.009699 0.009509
48 0.138925 0.795404 0.008388 0.009192
48 0.144692 0.788590 0.011009 0.010777
48 0.150328 0.795563 0.008650 0.008241
48 0.149017 0.767987 0.007602 0.006339
48 0.207471 0.770048 0.013368 0.011727
48 0.205242 0.778922 0.014679 0.012361
48 0.212975 0.783994 0.008650 0.009192
48 0.284666 0.749604 0.012582 0.007607
48 0.098296 0.631854 0.010485 0.008558
48 0.032241 0.601268 0.012058 0.012044
48 0.016776 0.587956 0.013630 0.013312
48 0.027261 0.591125 0.011533 0.012044
48 0.040105 0.606815 0.013106 0.011094
48 0.031324 0.644374 0.010747 0.013312
48 0.026343 0.638986 0.012320 0.012678
48 0.105767 0.614105 0.015465 0.011727
48 0.281389 0.488748 0.010223 0.008875
48 0.285452 0.494136 0.010485 0.009509
48 0.305767 0.496672 0.006553 0.005071
48 0.303014 0.474643 0.010485 0.009826
48 0.316252 0.476070 0.016514 0.013946
48 0.359240 0.501902 0.013368 0.012995
6 0.370249 0.494929 0.008126 0.008558
48 0.461075 0.547385 0.008912 0.010143
48 0.466579 0.558003 0.012582 0.009826
48 0.471298 0.504913 0.008388 0.008241
48 0.476933 0.508558 0.012320 0.012361
48 0.462385 0.494612 0.005242 0.004754
48 0.460419 0.464501 0.008650 0.007924
48 0.482700 0.412678 0.005505 0.005705
48 0.487680 0.407765 0.009174 0.008558
11 0.285321 0.192710 0.017038 0.013312
5 0.300393 0.206022 0.004194 0.003803
10 0.304718 0.212995 0.006553 0.006973
10 0.302752 0.215372 0.006291 0.006656
48 0.543250 0.082726 0.008126 0.007607
48 0.625950 0.136609 0.013630 0.012044
5 0.569463 0.129002 0.003932 0.003803
5 0.608781 0.068780 0.004456 0.003803
5 0.612582 0.071157 0.004194 0.002853
5 0.610747 0.073217 0.004718 0.003803
5 0.603408 0.070681 0.003145 0.003803
5 0.606291 0.069889 0.003145 0.003487
48 0.569069 0.067353 0.005767 0.007924
48 0.538532 0.065769 0.006553 0.006022
5 0.529620 0.026783 0.003932 0.003487
5 0.528309 0.028843 0.003932 0.003170
48 0.509567 0.047702 0.011533 0.010460
48 0.519135 0.047385 0.009174 0.008558
48 0.451900 0.120602 0.014155 0.012995
48 0.457667 0.112044 0.014679 0.010460
48 0.444299 0.129477 0.009436 0.008558
48 0.401311 0.153249 0.008912 0.008558
5 0.471953 0.206339 0.004456 0.004437
5 0.404063 0.264025 0.003932 0.003803
5 0.368807 0.328843 0.004718 0.004120
48 0.355177 0.354834 0.013106 0.012995
48 0.411402 0.382092 0.011796 0.012361
48 0.371822 0.367353 0.009699 0.008875
5 0.473394 0.472900 0.004718 0.005071
48 0.459502 0.530269 0.007339 0.006973
5 0.390695 0.553566 0.004456 0.004120
5 0.341678 0.731696 0.003408 0.002219
48 0.276802 0.735182 0.013630 0.011727
48 0.069594 0.700317 0.011796 0.011727
48 0.050459 0.732964 0.010223 0.009192
48 0.016645 0.706815 0.013893 0.013946
48 0.026868 0.711727 0.008650 0.009192
48 0.054260 0.741680 0.009436 0.009509
48 0.060288 0.746751 0.012058 0.012678
48 0.059240 0.804120 0.013106 0.014580
48 0.067890 0.822345 0.013630 0.012995
48 0.076802 0.827575 0.013630 0.010777
5 0.108257 0.854200 0.004718 0.005071
5 0.116252 0.843423 0.002883 0.005071
5 0.134207 0.858320 0.004194 0.004437
5 0.094102 0.866878 0.004718 0.004437
48 0.098952 0.845166 0.011796 0.010460
48 0.138925 0.841838 0.011009 0.012044
48 0.148362 0.837718 0.022018 0.013312
48 0.158847 0.832330 0.014155 0.013946
48 0.172084 0.828368 0.022805 0.019968
48 0.163172 0.819017 0.014417 0.012678
48 0.145478 0.852139 0.009961 0.010460
48 0.156619 0.849762 0.012320 0.012678
48 0.173526 0.860222 0.015727 0.014580
48 0.163565 0.858954 0.008912 0.008875
48 0.165400 0.843423 0.009436 0.008241
48 0.182176 0.854834 0.009961 0.008241
48 0.175623 0.845959 0.013630 0.012044
48 0.189384 0.857052 0.008650 0.008875
48 0.201704 0.856260 0.008126 0.007290
48 0.217824 0.869889 0.013630 0.014263
48 0.210092 0.836609 0.018087 0.019334
48 0.223984 0.826149 0.022280 0.022504
48 0.201048 0.832013 0.014155 0.012678
48 0.205898 0.824089 0.009174 0.008241
48 0.197772 0.794770 0.016514 0.016799
48 0.205505 0.792235 0.013630 0.011727
48 0.186370 0.798257 0.013630 0.011727
48 0.180341 0.803011 0.011009 0.010460
48 0.201704 0.811410 0.011271 0.010143
48 0.191612 0.809509 0.009436 0.011410
48 0.206815 0.807607 0.005767 0.005071
48 0.206684 0.800792 0.006029 0.004754
48 0.215465 0.812837 0.010485 0.009826
48 0.232110 0.802853 0.009699 0.009509
48 0.251507 0.834231 0.012844 0.012678
48 0.244954 0.806656 0.014417 0.013312
48 0.251114 0.798098 0.012582 0.011410
48 0.243512 0.790491 0.011009 0.010777
48 0.217431 0.774485 0.009174 0.009826
48 0.234076 0.782092 0.009436 0.010460
48 0.229227 0.777021 0.009699 0.009826
48 0.243775 0.758637 0.059240 0.055468
48 0.242071 0.841680 0.034862 0.031379
48 0.265400 0.824723 0.015465 0.014580
48 0.264613 0.810460 0.028571 0.027892
48 0.261337 0.841363 0.012058 0.010460
48 0.265662 0.834548 0.013368 0.011410
5 0.273526 0.842314 0.003408 0.004120
48 0.274181 0.831537 0.008912 0.007924
5 0.363303 0.812520 0.004194 0.003487
5 0.370380 0.819334 0.004194 0.003803
48 0.351638 0.820919 0.015990 0.015214
5 0.369856 0.830269 0.004718 0.004120
48 0.314548 0.821712 0.013106 0.012361
48 0.319135 0.814422 0.010223 0.009192
48 0.330537 0.811252 0.007864 0.006656
48 0.331455 0.817433 0.007602 0.009509
48 0.338139 0.809984 0.007864 0.009192
48 0.328702 0.823772 0.007864 0.005071
48 0.367759 0.835182 0.012582 0.013946
48 0.356488 0.845325 0.017824 0.020285
48 0.365924 0.793819 0.018349 0.015531
48 0.387156 0.768621 0.011009 0.010777
48 0.373526 0.803011 0.011533 0.010460
48 0.379948 0.808716 0.013368 0.012995
48 0.385714 0.818384 0.014417 0.013946
48 0.394233 0.821870 0.010485 0.013312
48 0.401311 0.817433 0.005242 0.005071
48 0.392792 0.811727 0.010747 0.010143
48 0.415072 0.834231 0.012320 0.011410
48 0.419790 0.840254 0.010747 0.010143
48 0.414679 0.845483 0.006815 0.006022
48 0.406553 0.840729 0.011009 0.010460
48 0.400262 0.833914 0.014155 0.015848
48 0.409305 0.829319 0.009174 0.008558
5 0.435256 0.834548 0.004980 0.004437
5 0.441022 0.828209 0.004456 0.004437
5 0.448362 0.819968 0.003932 0.003803
5 0.475885 0.773376 0.004456 0.004437
5 0.455439 0.821712 0.004980 0.004754
5 0.474050 0.804437 0.004456 0.002536
48 0.464875 0.788114 0.016514 0.013629
48 0.469463 0.779715 0.013630 0.010777
48 0.445478 0.770365 0.011271 0.009192
48 0.421101 0.746593 0.009699 0.011094
48 0.396986 0.782409 0.012844 0.012995
48 0.398034 0.757528 0.009699 0.008875
48 0.408257 0.754834 0.011271 0.011727
48 0.403932 0.749762 0.010485 0.010460
48 0.389253 0.796672 0.017300 0.015531
48 0.467104 0.828843 0.011533 0.010777
5 0.421232 0.856418 0.004194 0.003803
5 0.430668 0.849762 0.004194 0.003803
48 0.442595 0.848494 0.011271 0.010143
48 0.491219 0.839620 0.009436 0.008241
48 0.473919 0.822504 0.014679 0.013312
48 0.481258 0.815214 0.014155 0.013946
48 0.490826 0.802377 0.013368 0.012361
48 0.490564 0.813946 0.018611 0.020285
48 0.502752 0.809509 0.014679 0.012044
48 0.520184 0.828209 0.011271 0.009509
48 0.508126 0.818700 0.011796 0.008241
48 0.513761 0.824089 0.007864 0.007607
48 0.538139 0.852932 0.013630 0.013312
48 0.512451 0.854992 0.039318 0.040254
48 0.528178 0.871474 0.031455 0.032013
48 0.502228 0.879715 0.042464 0.042789
48 0.558322 0.844216 0.013106 0.014263
5 0.565793 0.850872 0.002883 0.004754
48 0.554522 0.833597 0.018611 0.015848
48 0.538270 0.817750 0.010747 0.011410
48 0.552031 0.825040 0.012058 0.010777
48 0.545085 0.819176 0.014417 0.009192
5 0.434338 0.888906 0.004194 0.004120
5 0.518480 0.900634 0.003145 0.003487
48 0.482438 0.899366 0.030668 0.028843
48 0.468938 0.890808 0.009961 0.009192
48 0.482700 0.880666 0.010747 0.010460
48 0.474836 0.884786 0.009699 0.010460
48 0.461730 0.870840 0.024902 0.022504
48 0.413499 0.881458 0.010747 0.010777
48 0.419921 0.885103 0.009436 0.009192
48 0.449934 0.872583 0.008126 0.007607
48 0.460813 0.888906 0.011009 0.011094
48 0.424640 0.897940 0.012058 0.011410
48 0.396461 0.899049 0.011271 0.011727
48 0.415465 0.891759 0.009436 0.009826
48 0.408650 0.895404 0.009436 0.009509
48 0.495675 0.909192 0.031979 0.032647
5 0.487942 0.939937 0.004456 0.005388
48 0.533028 0.945325 0.023853 0.025674
5 0.542333 0.959271 0.003145 0.004754
5 0.562910 0.938193 0.002883 0.005071
48 0.440760 0.779398 0.014417 0.012678
48 0.370380 0.757528 0.007864 0.006973
48 0.159764 0.691759 0.019659 0.019334
48 0.074181 0.705547 0.009961 0.009509
48 0.057405 0.710143 0.017824 0.016165
48 0.025819 0.827892 0.012320 0.011410
48 0.032503 0.820761 0.011009 0.011094
48 0.039843 0.815055 0.013630 0.012361
48 0.088467 0.801426 0.007602 0.009192
48 0.087287 0.844216 0.012582 0.012995
48 0.082045 0.835658 0.011533 0.010460
48 0.079948 0.852932 0.013106 0.013312
48 0.056881 0.844057 0.011009 0.009509
5 0.051376 0.877496 0.005242 0.002853
48 0.050066 0.850713 0.008388 0.007607
48 0.027523 0.841838 0.019921 0.016482
5 0.052556 0.861014 0.003932 0.003487
48 0.048362 0.862599 0.010223 0.011727
48 0.067497 0.867987 0.016514 0.016799
48 0.061861 0.876228 0.011009 0.009826
48 0.046396 0.888590 0.016776 0.014263
48 0.043119 0.898415 0.013368 0.014263
48 0.107077 0.874643 0.013893 0.012995
48 0.074312 0.860856 0.016514 0.016482
48 0.118611 0.823772 0.014417 0.013312
48 0.122936 0.826941 0.010485 0.009509
48 0.139712 0.889540 0.014679 0.014897
5 0.157143 0.897781 0.003932 0.004120
48 0.149017 0.896196 0.013368 0.015531
48 0.122412 0.889699 0.015203 0.016482
48 0.160288 0.903962 0.010747 0.008875
48 0.168152 0.912520 0.012844 0.012678
48 0.176802 0.916323 0.009699 0.009509
48 0.182962 0.922187 0.013106 0.014897
48 0.139056 0.912995 0.009699 0.009826
48 0.146920 0.913629 0.009699 0.009192
48 0.152163 0.925198 0.010747 0.009509
48 0.166317 0.924089 0.009699 0.009192
48 0.176278 0.931696 0.010747 0.011727
48 0.167104 0.935182 0.011796 0.011094
48 0.171298 0.927575 0.009699 0.009192
48 0.124640 0.924406 0.013368 0.014263
48 0.174312 0.881141 0.011533 0.010777
48 0.189122 0.889540 0.011796 0.012361
48 0.193971 0.895087 0.011009 0.009509
48 0.199214 0.902060 0.017824 0.014580
48 0.211009 0.892551 0.012582 0.012678
48 0.217169 0.886846 0.012844 0.011410
48 0.208781 0.877654 0.010747 0.009509
48 0.198558 0.866403 0.008650 0.007924
48 0.183355 0.875753 0.012844 0.010143
48 0.182176 0.883835 0.010485 0.010460
48 0.179161 0.865610 0.009174 0.008875
48 0.259502 0.881299 0.016252 0.009192
48 0.220577 0.920127 0.010747 0.010777
48 0.232634 0.914422 0.009174 0.008875
48 0.157012 0.863867 0.013106 0.010460
48 0.095544 0.895404 0.013368 0.012678
48 0.091481 0.856101 0.009436 0.009509
48 0.339712 0.832964 0.023067 0.021553
48 0.353997 0.881775 0.013368 0.012678
48 0.358847 0.877021 0.008388 0.007607
48 0.367366 0.884152 0.016514 0.012361
48 0.363041 0.891759 0.016776 0.014897
48 0.358716 0.899683 0.012844 0.012995
48 0.352163 0.892868 0.011271 0.008241
48 0.332241 0.876387 0.013893 0.013312
48 0.348100 0.903962 0.013630 0.012678
48 0.337877 0.914263 0.020970 0.015531
48 0.336828 0.906656 0.009961 0.008558
48 0.326737 0.894136 0.011796 0.010777
48 0.344430 0.874960 0.009436 0.008558
48 0.336566 0.866086 0.008912 0.007924
48 0.491481 0.696355 0.022543 0.013312
48 0.252556 0.462124 0.018611 0.018384
48 0.295151 0.433914 0.014679 0.013312
5 0.603014 0.669889 0.002359 0.004120
5 0.607339 0.626783 0.003670 0.004754
5 0.625557 0.615848 0.003408 0.005071
5 0.638794 0.551506 0.003145 0.005705
5 0.645741 0.513946 0.003408 0.004754
5 0.765531 0.234231 0.003932 0.004437
5 0.882962 0.069255 0.004456 0.004120
5 0.825033 0.031696 0.003932 0.003803
5 0.839318 0.044849 0.004718 0.004120
5 0.884404 0.087480 0.004194 0.004437
5 0.896068 0.103487 0.003932 0.004754
5 0.910223 0.100000 0.003932 0.003487
5 0.905767 0.108875 0.003932 0.004120
48 0.360157 0.612044 0.012582 0.012044
48 0.367235 0.618067 0.013630 0.012678
48 0.373657 0.624723 0.011796 0.011410
48 0.364351 0.564501 0.006815 0.006973
48 0.318742 0.887322 0.015203 0.015531
48 0.386763 0.870206 0.033290 0.032647
48 0.368283 0.853566 0.038270 0.037401
48 0.379030 0.862441 0.030406 0.029794
48 0.430668 0.903328 0.015203 0.015848
48 0.397248 0.939303 0.022805 0.023138
48 0.408781 0.929319 0.032241 0.031062
48 0.411927 0.912995 0.012844 0.011094
48 0.436173 0.918542 0.040367 0.040571
48 0.452031 0.933597 0.038008 0.037718
48 0.462385 0.943582 0.009436 0.009509
11 0.587025 0.916006 0.006029 0.012678
11 0.575491 0.964501 0.013368 0.007607
5 0.615072 0.922662 0.004456 0.003803
5 0.578637 0.915055 0.002883 0.005071
48 0.587156 0.943265 0.028309 0.028526
48 0.395806 0.621553 0.013106 0.012678
5 0.462254 0.565293 0.003408 0.003487
48 0.461992 0.660380 0.010747 0.009826
48 0.444430 0.659905 0.009174 0.008241
48 0.434600 0.698098 0.019921 0.021236
48 0.457012 0.686529 0.010223 0.009509
48 0.472084 0.748653 0.011009 0.011410
48 0.465138 0.741838 0.013368 0.013629
48 0.480734 0.741363 0.010485 0.008875
48 0.492136 0.747068 0.010747 0.011410
48 0.484404 0.749762 0.009961 0.010460
48 0.369856 0.561648 0.011009 0.011410
48 0.359371 0.559588 0.009961 0.010460
10 0.586763 0.081933 0.004456 0.004754
48 0.066055 0.428685 0.028309 0.024406
48 0.057143 0.419493 0.025688 0.026941
48 0.019135 0.631537 0.012582 0.012361
48 0.186370 0.818542 0.029358 0.025040
48 0.225688 0.930111 0.011009 0.010460
48 0.242857 0.937242 0.012844 0.010777
48 0.238663 0.928843 0.018611 0.020602
5 0.325426 0.957845 0.004456 0.004437
5 0.243119 0.882250 0.004456 0.004120
48 0.243775 0.898574 0.019921 0.017116
48 0.246789 0.948653 0.015990 0.013946
48 0.267759 0.939303 0.011796 0.009192
48 0.276016 0.910618 0.012058 0.010143
48 0.441153 0.959430 0.033028 0.030428
48 0.368545 0.936450 0.035125 0.032647
48 0.338532 0.954675 0.013368 0.013312
48 0.354784 0.957686 0.011271 0.010460
48 0.363303 0.964818 0.009961 0.010143
48 0.364351 0.954200 0.030406 0.028209
48 0.375098 0.976704 0.012582 0.011727
48 0.240105 0.908082 0.008912 0.008241
48 0.274836 0.919968 0.013368 0.012995
48 0.270773 0.893027 0.012582 0.011727
48 0.246789 0.916482 0.008650 0.009192
48 0.155177 0.943265 0.021494 0.020285
48 0.140105 0.952139 0.025950 0.032330
48 0.127392 0.947068 0.010485 0.010777
48 0.047182 0.938986 0.019397 0.019968
48 0.025164 0.910618 0.011009 0.010777
48 0.039974 0.908716 0.011796 0.010777
48 0.014548 0.893661 0.014941 0.013629
48 0.025688 0.897464 0.012058 0.011727
48 0.029096 0.888273 0.011533 0.011094
48 0.036042 0.862916 0.011271 0.014263
48 0.018480 0.829952 0.009699 0.009826
48 0.042464 0.803645 0.011533 0.012995
5 0.083093 0.816799 0.003145 0.004437
8 0.071822 0.803645 0.004194 0.004120
48 0.031848 0.783201 0.013368 0.013946
48 0.025426 0.773693 0.016252 0.015848
48 0.022018 0.793344 0.008912 0.008241
48 0.011140 0.781775 0.009699 0.011094
48 0.017300 0.768780 0.017300 0.018700
48 0.010747 0.763391 0.012058 0.012361
5 0.229882 0.958796 0.004718 0.003803
48 0.256619 0.948970 0.008912 0.009509
48 0.258060 0.953724 0.008126 0.008241
48 0.263565 0.903011 0.008650 0.008875
48 0.020052 0.509350 0.014941 0.017750
48 0.020052 0.492235 0.013893 0.012678
48 0.027392 0.496513 0.010747 0.011727
48 0.028965 0.506022 0.012844 0.011727
48 0.330144 0.146910 0.120315 0.111252
11 0.188860 0.097781 0.012844 0.017433
11 0.235911 0.126941 0.012058 0.013629
56 0.270904 0.195721 0.017562 0.017433
56 0.287025 0.207132 0.008912 0.007924
13 0.415072 0.075594 0.013893 0.011094
13 0.418873 0.074643 0.012582 0.011727
13 0.421887 0.071474 0.010223 0.010460
48 0.425164 0.026624 0.006291 0.006973
48 0.493054 0.013312 0.014679 0.010777
48 0.474574 0.128368 0.017038 0.017116
48 0.015858 0.346276 0.010747 0.016799
48 0.014155 0.366561 0.008388 0.012995
48 0.019135 0.354834 0.016252 0.018700
48 0.015596 0.410301 0.011796 0.015531
48 0.018218 0.441838 0.009699 0.010143
48 0.014548 0.484628 0.008126 0.008875
48 0.011533 0.487163 0.007864 0.011410
48 0.011927 0.512520 0.008650 0.015848
48 0.016514 0.567512 0.013106 0.015531
48 0.011271 0.578922 0.008912 0.007924
48 0.012582 0.624089 0.013106 0.016482
48 0.014679 0.647068 0.006291 0.006656
48 0.025557 0.653566 0.010747 0.011410
48 0.012058 0.658320 0.012582 0.015848
48 0.007995 0.707290 0.006029 0.012995
48 0.008781 0.722662 0.006553 0.009509
48 0.008388 0.848653 0.010485 0.014263
48 0.012451 0.839778 0.013893 0.014897
48 0.008388 0.887005 0.013106 0.012361
48 0.016121 0.933122 0.013368 0.014580
48 0.011664 0.941521 0.011271 0.011094
48 0.059502 0.951506 0.013106 0.012678
48 0.025819 0.977655 0.006553 0.007924
48 0.005505 0.978288 0.007339 0.007290
48 0.074181 0.948811 0.029358 0.029477
48 0.084535 0.956735 0.018087 0.018067
48 0.089122 0.969255 0.026737 0.028526
48 0.099869 0.956735 0.011009 0.012361
48 0.106815 0.972900 0.009699 0.011727
48 0.126212 0.977655 0.013893 0.016165
48 0.132896 0.971474 0.012582 0.013312
48 0.110223 0.943106 0.012320 0.012995
48 0.086501 0.911410 0.013630 0.013629
48 0.088336 0.900951 0.013106 0.012995
48 0.230668 0.391918 0.037221 0.037718
48 0.456356 0.853249 0.012582 0.012678
48 0.434469 0.862916 0.022805 0.032013
5 0.431979 0.847861 0.003670 0.003803
48 0.591874 0.983835 0.015203 0.012678
48 0.598952 0.925040 0.007864 0.008558
48 0.609174 0.942948 0.009961 0.006973
13 0.602097 0.899525 0.007864 0.008875
13 0.599869 0.894929 0.007077 0.011727
13 0.590039 0.880983 0.008912 0.016165
13 0.592267 0.884152 0.007077 0.011094
45 0.568807 0.889065 0.004194 0.008241
5 0.705374 0.117591 0.003145 0.003803
5 0.713761 0.129002 0.003670 0.004437
5 0.720839 0.127575 0.003145 0.004120
5 0.723329 0.127100 0.002883 0.003803
5 0.718742 0.117591 0.003145 0.003170
5 0.703932 0.133281 0.003408 0.003487
5 0.701311 0.133914 0.001835 0.003487
5 0.701966 0.138352 0.004194 0.002853
5 0.714024 0.134073 0.003145 0.003803
5 0.728440 0.131062 0.004194 0.003487
5 0.702752 0.141838 0.003670 0.004120
5 0.707077 0.144216 0.002883 0.003170
5 0.736435 0.143582 0.003932 0.003170
5 0.751769 0.145008 0.003145 0.002853
5 0.742857 0.135658 0.003145 0.003803
5 0.704718 0.160222 0.003932 0.003487
5 0.710485 0.148653 0.003932 0.002536
5 0.717562 0.167512 0.004456 0.004120
5 0.707208 0.163550 0.003145 0.002536
5 0.709830 0.160697 0.003145 0.003170
5 0.708388 0.159588 0.003408 0.003487
5 0.711927 0.161965 0.003670 0.003170
5 0.709043 0.164342 0.003670 0.002853
5 0.737353 0.165135 0.002097 0.005071
5 0.739056 0.163550 0.001835 0.005705
5 0.731455 0.163233 0.003408 0.003170
5 0.735518 0.170998 0.004194 0.004754
5 0.746265 0.161965 0.003670 0.004437
5 0.741678 0.143899 0.003408 0.003803
5 0.740629 0.159271 0.002883 0.004120
5 0.742202 0.156577 0.002359 0.003803
5 0.722543 0.153566 0.002359 0.004120
5 0.708650 0.134548 0.002883 0.004120
5 0.707995 0.157052 0.002621 0.003487
5 0.704194 0.165452 0.002359 0.002536
5 0.743775 0.167670 0.003408 0.004437
5 0.746396 0.167512 0.003932 0.004120
5 0.746789 0.171474 0.003670 0.003170
5 0.748493 0.169889 0.003408 0.003803
5 0.749148 0.164818 0.002621 0.003170
5 0.751114 0.169097 0.002883 0.002853
5 0.721887 0.177813 0.003670 0.003803
5 0.730144 0.179081 0.003408 0.003803
5 0.740236 0.173693 0.003670 0.003803
5 0.728178 0.173693 0.003145 0.003170
5 0.724640 0.170523 0.002883 0.003170
5 0.737353 0.183677 0.003670 0.002853
48 0.707471 0.174802 0.007864 0.008558
5 0.736173 0.185261 0.003408 0.002853
5 0.735518 0.186846 0.003670 0.003487
5 0.735518 0.188748 0.003670 0.002853
5 0.733945 0.190174 0.003670 0.002536
5 0.727654 0.196197 0.003145 0.003803
5 0.726081 0.199683 0.003670 0.003170
5 0.729620 0.202219 0.003932 0.003170
5 0.717562 0.198574 0.003408 0.003487
5 0.716514 0.199842 0.004456 0.004120
5 0.701573 0.200634 0.004456 0.002536
5 0.699345 0.197781 0.003145 0.002536
5 0.708257 0.206973 0.002621 0.004437
5 0.703801 0.203487 0.003145 0.001902
5 0.712844 0.205230 0.003932 0.004120
5 0.720183 0.208558 0.003408 0.003803
5 0.721625 0.211569 0.003145 0.003487
5 0.716514 0.217750 0.004456 0.004437
5 0.717431 0.215372 0.003670 0.003487
5 0.718742 0.221712 0.003145 0.003487
5 0.722543 0.225040 0.003408 0.003170
5 0.720970 0.220444 0.003408 0.003487
5 0.725688 0.213788 0.002883 0.002853
5 0.726081 0.219017 0.002621 0.002536
5 0.730275 0.215214 0.003670 0.003170
5 0.709043 0.219334 0.002097 0.003170
5 0.704980 0.228209 0.002883 0.004437
5 0.706553 0.223772 0.002359 0.003803
5 0.714417 0.231062 0.002359 0.004437
5 0.707339 0.215531 0.002359 0.003170
5 0.695413 0.233439 0.004194 0.003487
5 0.691874 0.230111 0.003932 0.002536
5 0.690564 0.233281 0.003932 0.002536
5 0.690564 0.235341 0.003408 0.002853
5 0.683093 0.228209 0.003145 0.003170
5 0.665924 0.219017 0.002883 0.002536
5 0.667890 0.226624 0.002097 0.002536
5 0.669725 0.225990 0.002097 0.003170
5 0.671560 0.228843 0.002621 0.003803
5 0.677457 0.231220 0.001835 0.004120
5 0.679423 0.232647 0.002097 0.003803
5 0.668545 0.234707 0.004456 0.002219
5 0.669987 0.237718 0.003145 0.003803
5 0.676671 0.235499 0.002359 0.004437
5 0.679030 0.236926 0.002359 0.003487
5 0.678113 0.240887 0.002621 0.003803
5 0.675623 0.244216 0.002359 0.004120
5 0.678637 0.249604 0.004194 0.003487
5 0.662778 0.240571 0.004456 0.003170
5 0.668021 0.241204 0.003932 0.003803
5 0.667497 0.244532 0.004456 0.003487
5 0.671560 0.255309 0.004194 0.002853
5 0.662123 0.246751 0.003145 0.002853
5 0.666579 0.246434 0.003145 0.002219
5 0.715072 0.241997 0.003670 0.002853
5 0.712189 0.245166 0.004718 0.002853
5 0.707208 0.245959 0.003670 0.002536
5 0.707339 0.248336 0.004456 0.002219
5 0.701573 0.258796 0.004456 0.002853
5 0.700393 0.262282 0.003145 0.002853
5 0.685583 0.268621 0.002883 0.004120
5 0.691219 0.282726 0.002097 0.003170
5 0.697117 0.269097 0.003932 0.003803
5 0.696330 0.270998 0.003408 0.003170
5 0.691874 0.296989 0.004456 0.003170
5 0.690826 0.312361 0.003932 0.005388
5 0.711664 0.151823 0.004194 0.003803
5 0.713893 0.150079 0.003408 0.003487
53 0.748100 0.169255 0.011533 0.008241
53 0.715858 0.139937 0.031455 0.032013
53 0.736173 0.154834 0.023329 0.027575
53 0.709305 0.163233 0.022543 0.018384
53 0.723591 0.178447 0.016514 0.016482
53 0.732896 0.195880 0.011009 0.014580
53 0.704456 0.203487 0.016514 0.017750
53 0.725295 0.212995 0.014155 0.016482
53 0.718873 0.195087 0.011271 0.011727
53 0.707077 0.218700 0.009174 0.007607
53 0.704456 0.226941 0.008650 0.009509
53 0.722412 0.220444 0.013106 0.012995
53 0.712320 0.243582 0.010747 0.011094
53 0.707208 0.249762 0.008388 0.009509
53 0.704587 0.258954 0.007864 0.009509
53 0.698689 0.271315 0.009699 0.009509
53 0.670511 0.223613 0.014155 0.013629
53 0.686370 0.231379 0.018087 0.012678
53 0.674312 0.237242 0.017038 0.013629
53 0.665007 0.245800 0.011009 0.012361
53 0.671429 0.257845 0.012844 0.007924
5 0.980734 0.036926 0.004456 0.004120
5 0.985321 0.222504 0.003670 0.003803
5 0.970511 0.209192 0.003932 0.003803
48 0.197248 0.948653 0.011796 0.011410
48 0.271691 0.956418 0.036959 0.038352
48 0.284273 0.979873 0.010747 0.009826
48 0.358060 0.974802 0.027261 0.024406
48 0.448886 0.976070 0.008650 0.007924
5 0.159764 0.458954 0.004980 0.004437
48 0.258191 0.898257 0.013106 0.013946
48 0.592005 0.977655 0.008650 0.004754
48 0.453473 0.709984 0.007339 0.012044
48 0.443250 0.719651 0.013106 0.016165
48 0.440629 0.703328 0.006815 0.011410
48 0.432896 0.711569 0.007602 0.013312
48 0.358978 0.733280 0.010223 0.021236
48 0.346265 0.740095 0.019921 0.008241
48 0.339712 0.725674 0.006815 0.007924
9 0.370511 0.735024 0.006553 0.006973
9 0.349017 0.728209 0.008126 0.003487
48 0.296986 0.695563 0.005767 0.006022
48 0.230931 0.810618 0.011533 0.014263
48 0.241153 0.813471 0.009436 0.014263
48 0.252163 0.819810 0.013106 0.015531
48 0.275623 0.771949 0.036959 0.026941
48 0.290301 0.797464 0.039056 0.024723
48 0.266186 0.785895 0.023853 0.019334
48 0.279685 0.802060 0.019397 0.013629
48 0.289253 0.811094 0.013893 0.010143
48 0.256881 0.788114 0.018349 0.011727
48 0.264220 0.800475 0.017824 0.012995
48 0.275098 0.808875 0.014941 0.013312
48 0.283748 0.816799 0.014417 0.011410
48 0.149148 0.829636 0.009436 0.009826
48 0.226737 0.853566 0.008912 0.010143
48 0.202228 0.730269 0.021232 0.022187
48 0.187942 0.704596 0.017824 0.017116
48 0.330668 0.460222 0.013368 0.011410
48 0.326868 0.452773 0.008388 0.008558
48 0.296986 0.468621 0.012582 0.010460
48 0.272608 0.447861 0.007339 0.008241
48 0.278375 0.453249 0.007864 0.006973
48 0.285321 0.455468 0.006553 0.008241
48 0.272739 0.479715 0.007077 0.007924
48 0.301835 0.276070 0.009699 0.008241
48 0.318480 0.342631 0.011533 0.012678
48 0.314417 0.346751 0.012320 0.013312
48 0.308781 0.341363 0.003670 0.004437
48 0.283093 0.368621 0.007339 0.008875
48 0.304849 0.361173 0.010485 0.011094
48 0.332896 0.420761 0.018349 0.021870
48 0.367104 0.336926 0.006553 0.006973
48 0.280079 0.295721 0.009174 0.007607
48 0.373001 0.352456 0.014155 0.017750
48 0.358191 0.425990 0.024377 0.019651
48 0.462910 0.399366 0.009436 0.008875
48 0.465269 0.376704 0.008912 0.009826
48 0.480996 0.406022 0.008912 0.007607
48 0.484666 0.400634 0.007339 0.006973
48 0.530275 0.350079 0.010485 0.012995
48 0.497248 0.350079 0.009436 0.009826
48 0.498427 0.254675 0.012844 0.014897
48 0.505636 0.247544 0.007864 0.014580
48 0.458322 0.795246 0.011796 0.012044
48 0.290433 0.969572 0.018873 0.021553
48 0.139187 0.925990 0.025164 0.028209
48 0.120446 0.958637 0.025426 0.023772
48 0.086239 0.826941 0.005242 0.006339
48 0.063434 0.835341 0.008912 0.012995
48 0.012058 0.858637 0.007864 0.006973
48 0.028571 0.880983 0.007864 0.008558
48 0.357929 0.481616 0.004456 0.006022
48 0.298689 0.219334 0.010747 0.010777
48 0.418611 0.575594 0.008388 0.007607
48 0.464220 0.687322 0.008388 0.008558
48 0.460157 0.693344 0.008126 0.007924
48 0.449279 0.689382 0.009436 0.006973
48 0.448100 0.677338 0.007077 0.006973
48 0.452294 0.680349 0.008650 0.007924
48 0.465269 0.695404 0.007339 0.006339
48 0.431717 0.670364 0.005242 0.004437
48 0.404325 0.654358 0.006029 0.005388
48 0.474050 0.734073 0.008650 0.008875
9 0.598558 0.955784 0.013893 0.006022
48 0.610616 0.937876 0.006553 0.006339
13 0.595806 0.892076 0.010485 0.013629
48 0.258453 0.919334 0.009961 0.008558
48 0.262779 0.928685 0.007602 0.006973
48 0.269987 0.926624 0.007864 0.007924
48 0.267104 0.931854 0.005242 0.005071
48 0.250590 0.939620 0.007339 0.006656
48 0.216907 0.925040 0.006553 0.005388
48 0.199083 0.881299 0.006029 0.006022
48 0.250721 0.884152 0.006029 0.005388
48 0.290957 0.890808 0.013630 0.014263
48 0.303014 0.883043 0.015727 0.017750
48 0.300262 0.891601 0.011271 0.010777
48 0.304587 0.896989 0.009436 0.008875
48 0.210747 0.964501 0.034600 0.036133
48 0.061468 0.926941 0.014941 0.016799
48 0.068938 0.920761 0.011009 0.010777
48 0.073657 0.924247 0.007864 0.007607
48 0.093185 0.906656 0.007602 0.007290
48 0.086894 0.922979 0.011271 0.012044
48 0.128440 0.872266 0.015203 0.012678
48 0.124115 0.878764 0.008650 0.009826
48 0.112189 0.869097 0.012058 0.010777
48 0.118873 0.863391 0.018087 0.015214
5 0.170511 0.897306 0.003932 0.003170
5 0.219135 0.880824 0.004194 0.003803
48 0.125033 0.817116 0.007339 0.006973
48 0.197248 0.747227 0.006553 0.006022
48 0.186501 0.712361 0.010747 0.009826
48 0.195544 0.712995 0.010485 0.011094
48 0.198558 0.715689 0.009699 0.008241
48 0.122149 0.676862 0.005767 0.005388
48 0.267104 0.602536 0.006291 0.006339
48 0.091481 0.791284 0.004718 0.004754
48 0.407733 0.219968 0.008126 0.007607
48 0.062647 0.813154 0.008388 0.011094
48 0.052949 0.811569 0.015203 0.015531
13 0.582831 0.910143 0.005505 0.015531
5 0.556094 0.963550 0.003408 0.007607
5 0.546265 0.261648 0.004194 0.003487
6 0.531062 0.017274 0.013630 0.009826
5 0.282700 0.538669 0.003408 0.003487
