13 0.364038 0.001375 0.013596 0.002750
13 0.365738 0.003438 0.014276 0.006875
9 0.616587 0.002406 0.007478 0.003438
9 0.628654 0.002063 0.009177 0.004125
56 0.529572 0.001547 0.020394 0.003094
56 0.572230 0.007391 0.016655 0.014782
38 0.284840 0.002922 0.019035 0.005844
38 0.258838 0.005672 0.019375 0.011344
38 0.401088 0.001891 0.018355 0.003781
31 0.102991 0.681678 0.039429 0.055689
31 0.151258 0.651770 0.044867 0.041939
27 0.542828 0.465796 0.027192 0.014438
27 0.542998 0.474046 0.026852 0.014438
31 0.558634 0.478515 0.054725 0.024063
31 0.563222 0.117051 0.104011 0.041595
27 0.828348 0.519079 0.012916 0.024063
24 0.296227 0.448092 0.012576 0.007906
28 0.821720 0.519079 0.008498 0.017876
27 0.428110 0.147301 0.083277 0.034720
23 0.140551 0.211757 0.050646 0.028876
10 0.183889 0.077174 0.009517 0.005844
57 0.384092 0.065658 0.014956 0.004813
57 0.381203 0.058267 0.013936 0.003781
57 0.380014 0.054830 0.014956 0.004469
57 0.393950 0.055345 0.014956 0.006875
57 0.392760 0.050533 0.015976 0.008250
48 0.190347 0.816776 0.008838 0.008938
48 0.229096 0.693365 0.014276 0.013750
31 0.662814 0.461327 0.064582 0.017876
31 0.650578 0.475077 0.063222 0.018563
31 0.641061 0.487625 0.065262 0.020282
31 0.650918 0.500172 0.063222 0.020626
48 0.323249 0.042283 0.008838 0.011000
48 0.304895 0.051392 0.017675 0.017532
9 0.165364 0.079409 0.009857 0.006875
11 0.384772 0.017188 0.019714 0.008938
11 0.438477 0.125301 0.011557 0.016844
11 0.418763 0.129770 0.012237 0.017532
11 0.548606 0.103472 0.013596 0.006875
31 0.641061 0.043658 0.015636 0.038501
24 0.647689 0.068408 0.007818 0.003438
23 0.647349 0.058955 0.005778 0.017532
5 0.320020 0.145067 0.003739 0.002063
5 0.314752 0.155552 0.003399 0.003094
35 0.479096 0.107597 0.037729 0.085940
35 0.503399 0.089034 0.027192 0.062564
35 0.391910 0.118082 0.027872 0.064971
35 0.366927 0.134582 0.034330 0.086284
35 0.324609 0.145583 0.032631 0.086971
35 0.275323 0.157099 0.032631 0.088690
48 0.637152 0.080440 0.020054 0.011688
28 0.973487 0.396872 0.008158 0.003094
23 0.889191 0.708147 0.016995 0.028188
23 0.880863 0.706085 0.015976 0.026126
28 0.814922 0.508938 0.007138 0.007906
13 0.225867 0.079237 0.007818 0.003781
13 0.419443 0.050361 0.008838 0.005844
13 0.428620 0.048298 0.008838 0.005156
13 0.451394 0.048470 0.008838 0.004813
57 0.476207 0.044517 0.013596 0.006531
56 0.399388 0.025266 0.011557 0.021657
56 0.386812 0.033173 0.020394 0.013407
56 0.435588 0.016672 0.052685 0.026470
56 0.406186 0.048298 0.015636 0.013407
56 0.420292 0.043142 0.013936 0.008594
56 0.435928 0.041595 0.015296 0.014438
56 0.458362 0.038845 0.018015 0.011688
56 0.469579 0.032829 0.015296 0.016157
56 0.484364 0.009969 0.016315 0.009625
56 0.488103 0.028188 0.016315 0.017188
56 0.559143 0.011000 0.014956 0.011688
56 0.548097 0.017532 0.018015 0.015125
56 0.532971 0.019422 0.014956 0.011344
56 0.519205 0.022688 0.017335 0.013063
48 0.483005 0.555517 0.009517 0.008250
50 0.340245 0.798900 0.011557 0.006875
48 0.934738 0.928670 0.010877 0.009282
36 0.482835 0.019422 0.018015 0.011344
24 0.864718 0.097112 0.007478 0.004469
28 0.760027 0.071502 0.008158 0.004813
23 0.817811 0.521485 0.007478 0.016501
38 0.416723 0.130801 0.016315 0.017532
38 0.435758 0.125129 0.012916 0.019938
