6 0.634042 0.086638 0.005019 0.013423
5 0.664009 0.023185 0.002952 0.004271
5 0.634780 0.032794 0.002362 0.003966
5 0.651314 0.086486 0.003543 0.005796
5 0.624446 0.123551 0.003543 0.004881
5 0.620165 0.151312 0.003838 0.005491
9 0.647919 0.132855 0.006200 0.013118
5 0.632270 0.180293 0.003248 0.004881
5 0.611751 0.186547 0.003543 0.003966
5 0.635518 0.207444 0.003838 0.006101
5 0.606584 0.215528 0.003838 0.005796
5 0.598760 0.245729 0.004724 0.005796
5 0.603189 0.260525 0.004133 0.005491
5 0.622232 0.269829 0.003838 0.005796
5 0.614999 0.317724 0.003543 0.004576
5 0.611013 0.360738 0.003838 0.005186
5 0.603779 0.388499 0.003543 0.005186
5 0.607617 0.387126 0.003543 0.004271
5 0.599793 0.394448 0.003248 0.004271
5 0.598465 0.426174 0.002952 0.004271
5 0.588279 0.463087 0.003248 0.004271
9 0.594036 0.454698 0.003543 0.008237
5 0.565397 0.481849 0.003543 0.005186
5 0.581931 0.507016 0.003543 0.005491
5 0.578978 0.525168 0.004133 0.005186
5 0.608355 0.504728 0.005610 0.003966
5 0.666962 0.376602 0.004133 0.004576
5 0.566430 0.622026 0.003838 0.005491
5 0.573812 0.613941 0.003248 0.005186
5 0.566430 0.646431 0.005019 0.005491
5 0.534396 0.681056 0.003543 0.004576
5 0.530410 0.685479 0.003248 0.004271
5 0.525982 0.689902 0.003248 0.005186
5 0.560968 0.709732 0.002952 0.004576
5 0.520077 0.750000 0.003838 0.005796
5 0.519634 0.777151 0.003543 0.005186
5 0.516534 0.796675 0.003838 0.004576
5 0.504429 0.880262 0.003248 0.004576
5 0.496605 0.912142 0.003543 0.004881
5 0.527310 0.912447 0.004724 0.006711
5 0.516829 0.951037 0.003838 0.005186
5 0.488633 0.970256 0.003543 0.004576
5 0.523177 0.895973 0.003543 0.004271
5 0.503100 0.839079 0.003543 0.004576
5 0.490257 0.987492 0.003838 0.004881
5 0.862563 0.327486 0.005019 0.003356
5 0.870830 0.329469 0.004429 0.003661
5 0.953056 0.431513 0.004724 0.003356
5 0.951284 0.435479 0.004724 0.002746
5 0.854591 0.503051 0.005610 0.004271
5 0.855920 0.522575 0.004133 0.004271
5 0.776646 0.488408 0.003838 0.002441
5 0.737821 0.570927 0.004724 0.005186
5 0.800709 0.829927 0.004133 0.003356
5 0.560083 0.066657 0.003543 0.006406
5 0.553735 0.080384 0.002067 0.003966
5 0.545320 0.127669 0.002362 0.004576
5 0.515648 0.291946 0.002657 0.004271
5 0.491143 0.379805 0.003248 0.004271
5 0.529672 0.377822 0.002952 0.004576
5 0.726749 0.080232 0.002067 0.004271
5 0.731178 0.052471 0.002657 0.004271
48 0.992766 0.386211 0.014467 0.014643
48 0.947446 0.418700 0.020667 0.017999
48 0.968556 0.430445 0.011515 0.009152
48 0.943165 0.429225 0.012696 0.007322
48 0.940065 0.385448 0.015353 0.018609
48 0.904635 0.481696 0.027163 0.032337
48 0.888102 0.391245 0.018305 0.010067
48 0.890611 0.426480 0.023324 0.018914
48 0.823590 0.426022 0.024505 0.022270
48 0.871568 0.509152 0.030115 0.037218
48 0.659728 0.939597 0.023324 0.014033
48 0.813847 0.752135 0.009153 0.009457
48 0.894006 0.526083 0.008857 0.010677
48 0.722468 0.963697 0.018896 0.016473
48 0.448627 0.537828 0.041039 0.039658
5 0.697963 0.254576 0.001771 0.003966
48 0.784027 0.970561 0.013286 0.011287
48 0.794656 0.968883 0.009153 0.008542
48 0.661943 0.961257 0.028934 0.031117
48 0.691467 0.889719 0.010629 0.014948
48 0.685415 0.861501 0.035134 0.043319
48 0.735459 0.847163 0.008267 0.006711
48 0.783584 0.855552 0.012991 0.011897
48 0.803071 0.823215 0.017715 0.013728
48 0.686891 0.586486 0.028048 0.027151
48 0.674195 0.597010 0.016239 0.019524
48 0.826395 0.596858 0.036020 0.043624
48 0.850901 0.602502 0.018305 0.026236
48 0.792442 0.570622 0.050192 0.030811
48 0.861677 0.580689 0.019782 0.019219
48 0.855477 0.569250 0.008562 0.006711
48 0.844257 0.573825 0.010334 0.008542
48 0.838943 0.548505 0.018010 0.021354
48 0.825066 0.546217 0.015058 0.019219
48 0.818276 0.532642 0.019782 0.015253
48 0.749040 0.548658 0.042516 0.037523
48 0.709182 0.538286 0.033658 0.029591
48 0.705787 0.517694 0.015058 0.012813
48 0.753617 0.486272 0.034544 0.028066
48 0.784027 0.505186 0.033363 0.034167
48 0.762622 0.507169 0.013581 0.013118
48 0.804990 0.458664 0.018010 0.019829
48 0.811633 0.481239 0.028934 0.024100
48 0.844848 0.460952 0.035134 0.028676
48 0.841453 0.439140 0.034249 0.023490
48 0.898730 0.561928 0.028344 0.029896
5 0.872158 0.566046 0.003543 0.003356
