48 0.018316 0.242753 0.023634 0.096125
5 0.249335 0.400824 0.005318 0.003357
5 0.287149 0.368325 0.004727 0.005493
5 0.280354 0.381141 0.004136 0.005493
5 0.282422 0.379616 0.004136 0.004272
5 0.286558 0.376564 0.004136 0.004883
5 0.285081 0.391059 0.004136 0.004577
5 0.288331 0.390449 0.003545 0.004577
5 0.290103 0.388770 0.002954 0.003662
5 0.291876 0.387092 0.004136 0.004577
5 0.294092 0.385719 0.003840 0.004883
5 0.296012 0.384193 0.003545 0.004272
5 0.298227 0.383125 0.003840 0.003967
5 0.301477 0.380684 0.004431 0.004577
5 0.306204 0.377632 0.003840 0.003967
5 0.290842 0.374275 0.004431 0.005188
5 0.293205 0.372444 0.003840 0.004577
4 0.295421 0.371071 0.004136 0.004883
5 0.298966 0.359780 0.003545 0.004272
5 0.311669 0.360543 0.003545 0.003967
5 0.255391 0.503052 0.004431 0.003357
5 0.259823 0.500915 0.004431 0.003967
5 0.264549 0.498779 0.004431 0.003967
5 0.269719 0.496033 0.005318 0.003967
5 0.274151 0.493439 0.004727 0.003662
5 0.279468 0.491303 0.004136 0.003662
5 0.284343 0.488557 0.005022 0.003662
5 0.289069 0.486115 0.003250 0.003052
5 0.293944 0.483979 0.004727 0.003052
5 0.298966 0.481538 0.004727 0.003662
5 0.303545 0.484895 0.006204 0.004272
5 0.308863 0.482148 0.005022 0.003662
5 0.307238 0.476961 0.005908 0.003662
5 0.312555 0.474672 0.005318 0.003357
5 0.314919 0.478792 0.004727 0.003662
5 0.317873 0.472078 0.004727 0.003662
5 0.333530 0.463686 0.003545 0.005188
5 0.331610 0.464144 0.002659 0.003662
5 0.296603 0.488251 0.004727 0.003662
5 0.292024 0.487031 0.005022 0.003662
5 0.292171 0.490082 0.004136 0.003052
5 0.287445 0.492676 0.005318 0.003357
5 0.280354 0.496186 0.004136 0.003052
5 0.274298 0.499237 0.005022 0.003662
5 0.268981 0.501526 0.004431 0.003357
5 0.264549 0.503662 0.004431 0.003357
5 0.259675 0.506256 0.004727 0.003052
5 0.054948 0.277235 0.002363 0.005188
9 0.022895 0.309277 0.006204 0.002746
48 0.219202 0.501526 0.011226 0.010070
48 0.229099 0.474062 0.010931 0.010070
48 0.230133 0.451938 0.011226 0.011596
48 0.258198 0.474519 0.012408 0.011596
48 0.272378 0.466738 0.009453 0.009460
48 0.301477 0.424474 0.024520 0.020751
48 0.437962 0.373207 0.009749 0.009155
48 0.444018 0.381752 0.010044 0.009155
48 0.450222 0.390143 0.009453 0.007629
48 0.448744 0.362984 0.008863 0.007629
48 0.455244 0.371529 0.007681 0.007629
48 0.467504 0.389991 0.020975 0.015258
48 0.355539 0.326060 0.025111 0.020446
48 0.482570 0.335215 0.010340 0.010070
48 0.444313 0.321178 0.009453 0.007629
48 0.233235 0.317821 0.010931 0.014953
48 0.577843 0.110772 0.012408 0.010375
48 0.609749 0.080714 0.011226 0.010070
48 0.627326 0.131675 0.010931 0.009460
48 0.617578 0.132743 0.012112 0.011596
48 0.089956 0.265792 0.017430 0.014648
48 0.024668 0.301038 0.026292 0.015563
48 0.035598 0.259689 0.026883 0.018920
48 0.490103 0.200031 0.012999 0.012511
51 0.326440 0.553402 0.135303 0.110772
5 0.362334 0.599786 0.004431 0.005798
5 0.384786 0.610314 0.003250 0.004272
53 0.361448 0.612450 0.061743 0.054318
51 0.427179 0.353677 0.030724 0.023802
51 0.392171 0.345285 0.035155 0.027769
53 0.302068 0.351999 0.092467 0.074153
51 0.363515 0.267623 0.023929 0.038450
53 0.138257 0.207049 0.121123 0.074153
53 0.058789 0.211932 0.030724 0.097345
