48 0.869610 0.999085 0.021559 0.001831
48 0.871973 0.987183 0.023331 0.025633
48 0.772888 0.989320 0.023036 0.021361
48 0.730803 0.972383 0.043414 0.055233
48 0.718104 0.980775 0.033373 0.038450
48 0.689900 0.985658 0.059657 0.028685
48 0.653278 0.989777 0.023627 0.020446
48 0.640579 0.994355 0.022445 0.011291
48 0.628766 0.996338 0.051388 0.007324
48 0.483609 0.987641 0.026285 0.013732
48 0.487153 0.993134 0.025694 0.012511
48 0.489368 0.995270 0.031896 0.009460
48 0.510041 0.986726 0.029533 0.013732
48 0.512404 0.992524 0.029533 0.013122
48 0.516391 0.995270 0.025694 0.009460
48 0.418783 0.988251 0.028352 0.013122
48 0.422327 0.993134 0.028352 0.013732
48 0.444920 0.987946 0.025103 0.015563
48 0.425281 0.994812 0.028352 0.010375
48 0.445806 0.993439 0.028647 0.013122
48 0.449203 0.996033 0.026580 0.007934
48 0.391317 0.994355 0.010041 0.011291
5 0.410219 0.846048 0.004725 0.003357
5 0.444330 0.855661 0.005021 0.004272
5 0.431335 0.834300 0.005611 0.004272
5 0.405641 0.809735 0.004430 0.003357
5 0.416421 0.800732 0.005316 0.004272
5 0.425133 0.793256 0.004430 0.003357
5 0.436651 0.814007 0.005021 0.003967
5 0.451418 0.812634 0.005611 0.004272
5 0.441524 0.794324 0.005316 0.004272
5 0.456143 0.807904 0.005021 0.003967
5 0.459835 0.787763 0.004725 0.003967
5 0.485824 0.772811 0.005316 0.003967
5 0.480065 0.795850 0.004430 0.003052
5 0.497342 0.794934 0.005316 0.004272
5 0.496604 0.800275 0.005021 0.003967
5 0.491140 0.776625 0.005907 0.003662
5 0.498376 0.770064 0.005021 0.003357
5 0.507679 0.766707 0.005907 0.004577
5 0.524217 0.757553 0.004725 0.003967
5 0.551683 0.767775 0.006497 0.004883
5 0.563792 0.756027 0.006497 0.004577
6 0.563940 0.766707 0.013290 0.008239
5 0.579740 0.751602 0.005907 0.004272
5 0.566450 0.740616 0.005907 0.004272
5 0.564235 0.737870 0.006202 0.004883
5 0.592882 0.741074 0.005611 0.004577
5 0.606025 0.737717 0.005316 0.003967
5 0.626993 0.731004 0.005907 0.004577
5 0.612079 0.712542 0.005611 0.004272
5 0.627437 0.722765 0.006202 0.004577
5 0.618872 0.716204 0.005611 0.004272
5 0.643975 0.717730 0.005611 0.003662
5 0.656379 0.692554 0.005021 0.003967
5 0.677496 0.696521 0.004725 0.003967
9 0.659776 0.714831 0.011223 0.007629
5 0.688866 0.694233 0.005021 0.004272
7 0.700089 0.688129 0.005611 0.004272
5 0.698612 0.669057 0.005021 0.003967
5 0.715741 0.680500 0.005021 0.003662
5 0.724454 0.657156 0.004135 0.003967
5 0.729770 0.669515 0.005316 0.004272
5 0.744684 0.660818 0.005611 0.003967
5 0.751181 0.661581 0.005021 0.004272
5 0.756202 0.655020 0.005611 0.003967
5 0.738925 0.644950 0.005316 0.003357
5 0.766834 0.648764 0.006202 0.004272
5 0.769935 0.651358 0.005316 0.003967
5 0.778057 0.643119 0.006202 0.004577
5 0.783373 0.644797 0.006202 0.004272
7 0.787950 0.637778 0.005907 0.004272
5 0.814826 0.612756 0.005316 0.004883
5 0.785440 0.620690 0.005611 0.004883
9 0.790313 0.626335 0.010041 0.006408
5 0.819108 0.625420 0.005611 0.004577
5 0.862227 0.602838 0.006202 0.005188
5 0.883048 0.592005 0.005316 0.004272
5 0.883048 0.587580 0.005907 0.003967
5 0.895009 0.581019 0.005021 0.003662
5 0.897224 0.584681 0.004725 0.004272
5 0.908447 0.578883 0.005316 0.004272
5 0.908890 0.563473 0.005611 0.003967
5 0.920112 0.568050 0.005021 0.003967
5 0.923213 0.570644 0.005316 0.004272
5 0.943296 0.554928 0.005316 0.004577
5 0.927791 0.548978 0.005611 0.003662
5 0.959835 0.547299 0.005316 0.003967
5 0.965594 0.548215 0.006202 0.004577
5 0.975783 0.538755 0.006497 0.004577
5 0.987153 0.537077 0.005021 0.004272
5 0.994241 0.529142 0.005611 0.003662
5 0.999409 0.055233 0.001181 0.003052
5 0.999557 0.053097 0.000886 0.003052
5 0.966775 0.023497 0.003839 0.005493
5 0.956881 0.024565 0.005316 0.003357
5 0.957767 0.022276 0.005316 0.003662
5 0.962197 0.025328 0.005907 0.003662
5 0.962345 0.022887 0.005021 0.003662
5 0.962788 0.020598 0.005316 0.003357
5 0.957472 0.019683 0.005316 0.003357
5 0.958506 0.017241 0.005611 0.003357
5 0.959244 0.015105 0.005907 0.003357
5 0.964265 0.015258 0.005907 0.003662
5 0.963969 0.018157 0.005316 0.003357
5 0.967513 0.018309 0.003544 0.004883
8 0.956143 0.039213 0.004430 0.006408
5 0.946692 0.042722 0.004430 0.003052
5 0.946545 0.045011 0.004725 0.002746
5 0.945954 0.046842 0.004725 0.002746
7 0.944773 0.052792 0.004725 0.003052
7 0.945068 0.050961 0.004725 0.002441
7 0.945216 0.049130 0.005021 0.002441
7 0.941081 0.048520 0.004430 0.002441
5 0.940786 0.050504 0.004430 0.002746
7 0.940638 0.052182 0.003544 0.002441
7 0.940343 0.054318 0.004135 0.002441
7 0.944330 0.057217 0.005021 0.002746
5 0.939161 0.056454 0.004725 0.002441
5 0.941672 0.046536 0.005021 0.002746
5 0.941967 0.044095 0.004430 0.003357
5 0.949055 0.061489 0.005021 0.003357
5 0.944773 0.061031 0.004725 0.003052
7 0.939900 0.060726 0.005611 0.003052
5 0.942262 0.065304 0.005021 0.003052
5 0.985824 0.052640 0.002953 0.005188
5 0.983904 0.051877 0.002658 0.004883
5 0.981689 0.051114 0.002953 0.005188
5 0.979327 0.050961 0.002363 0.004883
5 0.977407 0.050198 0.002658 0.003967
5 0.992174 0.043790 0.002658 0.005188
5 0.994536 0.044553 0.003249 0.004883
5 0.996456 0.044400 0.002953 0.004577
8 0.998523 0.044858 0.002953 0.004883
5 0.987153 0.043485 0.003249 0.003967
5 0.985086 0.043027 0.002658 0.004272
5 0.983018 0.042569 0.002658 0.003967
5 0.980803 0.042417 0.002953 0.004883
5 0.978588 0.042264 0.002658 0.004577
5 0.976521 0.041654 0.002658 0.004577
5 0.974454 0.041807 0.002658 0.004272
5 0.972239 0.041349 0.002363 0.003967
5 0.970319 0.041044 0.002658 0.005188
5 0.968104 0.041196 0.002953 0.004883
5 0.966332 0.040433 0.002953 0.004577
7 0.961754 0.039823 0.002658 0.004577
5 0.963822 0.040281 0.002658 0.004272
7 0.962788 0.044400 0.003544 0.005188
5 0.967070 0.045621 0.003249 0.005188
5 0.969433 0.046079 0.003249 0.004883
5 0.971796 0.045316 0.002658 0.004577
5 0.973863 0.045621 0.002658 0.004577
5 0.975930 0.046079 0.002658 0.004272
5 0.986710 0.048215 0.002953 0.004272
5 0.984495 0.047757 0.002658 0.003967
5 0.982132 0.046994 0.002658 0.003662
5 0.980213 0.046994 0.002363 0.003662
5 0.977998 0.046384 0.002658 0.004272
5 0.975192 0.049741 0.002953 0.004883
5 0.972682 0.049741 0.002658 0.004272
9 0.989663 0.045163 0.004135 0.008544
5 0.998080 0.039518 0.003249 0.005188
5 0.994979 0.034788 0.004725 0.003052
5 0.980213 0.032499 0.005316 0.003357
5 0.986267 0.037687 0.003839 0.005188
5 0.989073 0.038145 0.003544 0.004883
5 0.991140 0.038297 0.003544 0.005188
5 0.993207 0.038145 0.002953 0.004272
5 0.995422 0.038602 0.002658 0.004577
5 0.998523 0.032499 0.002953 0.003357
5 0.987596 0.033720 0.005907 0.003357
5 0.983461 0.037382 0.003544 0.005188
5 0.954371 0.033110 0.003839 0.005188
5 0.956881 0.033872 0.003544 0.004272
5 0.959982 0.033872 0.003839 0.005493
5 0.962197 0.034483 0.003544 0.005493
5 0.965003 0.033872 0.004430 0.006103
5 0.967366 0.034788 0.003839 0.006103
5 0.970171 0.035093 0.004135 0.005493
5 0.973420 0.035856 0.003544 0.005188
5 0.976078 0.035246 0.003544 0.005188
5 0.978441 0.036161 0.003544 0.005188
5 0.981099 0.036314 0.002953 0.004883
5 0.952304 0.016021 0.003839 0.005798
5 0.952156 0.066372 0.005907 0.004577
5 0.947283 0.065761 0.005611 0.003357
5 0.990549 0.090937 0.005907 0.004883
5 0.947874 0.098108 0.002658 0.005188
5 0.950089 0.098718 0.003544 0.005188
5 0.952451 0.098718 0.003544 0.005188
5 0.955109 0.099329 0.002953 0.004577
5 0.957177 0.099023 0.003544 0.005188
5 0.959835 0.099634 0.003544 0.005798
7 0.945659 0.098261 0.002953 0.004883
5 0.943739 0.097803 0.002658 0.004577
5 0.941524 0.097498 0.002953 0.004577
5 0.937980 0.096125 0.002953 0.004883
5 0.935765 0.095056 0.002658 0.004577
5 0.933993 0.091395 0.004430 0.002746
5 0.934436 0.089411 0.005316 0.003052
5 0.945954 0.088038 0.003544 0.005188
5 0.935027 0.087580 0.004725 0.002441
5 0.935470 0.084986 0.005021 0.003357
5 0.936060 0.083155 0.005021 0.002746
5 0.936503 0.081172 0.004725 0.003052
5 0.936799 0.078883 0.004725 0.002746
5 0.937242 0.077205 0.004430 0.003052
5 0.940047 0.075679 0.004135 0.003052
5 0.940490 0.073543 0.003839 0.002441
5 0.940638 0.071712 0.004135 0.002441
5 0.938571 0.086054 0.002953 0.004272
5 0.939604 0.081477 0.002658 0.004272
5 0.948317 0.084071 0.003544 0.004577
5 0.949055 0.079799 0.003249 0.003967
5 0.949646 0.075526 0.003249 0.004577
5 0.952599 0.073848 0.003249 0.004883
5 0.951861 0.077662 0.003544 0.004577
5 0.951418 0.080714 0.002658 0.003967
5 0.950827 0.084986 0.003249 0.005188
5 0.949793 0.089106 0.003544 0.004272
6 0.952894 0.085444 0.004430 0.012817
5 0.954962 0.090174 0.003249 0.004577
5 0.956881 0.090479 0.002953 0.004577
5 0.959096 0.090632 0.003249 0.004272
5 0.961902 0.087275 0.002953 0.004883
5 0.959835 0.086512 0.002363 0.003967
5 0.957620 0.086054 0.002658 0.004272
5 0.964708 0.084529 0.002658 0.004883
5 0.962493 0.083155 0.002953 0.004577
5 0.960721 0.082240 0.002953 0.004577
5 0.958801 0.081935 0.002658 0.003967
5 0.956438 0.081324 0.002658 0.004577
5 0.955257 0.073543 0.003249 0.004883
5 0.960868 0.069576 0.003249 0.004272
5 0.962936 0.070034 0.002658 0.004577
5 0.964855 0.070796 0.002953 0.004883
5 0.966775 0.071712 0.002658 0.005493
5 0.957767 0.072933 0.002953 0.004272
5 0.954814 0.077662 0.002953 0.003967
5 0.957029 0.076900 0.002658 0.004272
5 0.959244 0.078273 0.003544 0.004577
5 0.961607 0.078120 0.002363 0.004272
5 0.963379 0.078731 0.002363 0.004272
5 0.965446 0.079951 0.003544 0.004272
5 0.959982 0.073543 0.003249 0.004883
5 0.962197 0.074001 0.002953 0.003967
5 0.964265 0.074611 0.002363 0.003967
5 0.966480 0.075984 0.002658 0.004272
5 0.981099 0.061489 0.004725 0.003357
5 0.992321 0.054013 0.004725 0.003052
5 0.997194 0.051877 0.004430 0.002441
5 0.996899 0.054318 0.004430 0.002441
5 0.992174 0.056912 0.005611 0.003357
5 0.997785 0.057217 0.004430 0.002746
5 0.987744 0.061642 0.006202 0.003662
5 0.990992 0.461550 0.004430 0.005188
5 0.994979 0.220171 0.003544 0.005798
5 0.996604 0.236192 0.003249 0.004883
5 0.993946 0.247330 0.003839 0.005188
5 0.990254 0.261062 0.004135 0.005188
5 0.990106 0.274336 0.003839 0.004883
5 0.984643 0.278456 0.003544 0.005188
5 0.972682 0.314770 0.003839 0.005188
5 0.970467 0.333689 0.004135 0.005188
5 0.942115 0.381904 0.004725 0.006408
5 0.948760 0.377937 0.004430 0.004577
5 0.924099 0.415471 0.004135 0.003967
5 0.912729 0.425084 0.004430 0.004883
5 0.914649 0.442630 0.004135 0.004577
9 0.877880 0.504883 0.007974 0.009460
5 0.874779 0.517394 0.003544 0.003967
5 0.822947 0.582850 0.005021 0.004272
5 0.675133 0.623589 0.005316 0.004577
5 0.580774 0.330943 0.003249 0.004577
5 0.610602 0.321941 0.006202 0.004883
5 0.851890 0.685078 0.006202 0.003662
5 0.868576 0.696826 0.005907 0.004577
5 0.927200 0.680043 0.006202 0.004577
5 0.953928 0.698657 0.004725 0.006408
5 0.897519 0.723680 0.003544 0.003967
5 0.906232 0.734666 0.005021 0.005798
5 0.961016 0.784101 0.004135 0.005188
5 0.957324 0.781202 0.004430 0.006713
5 0.935322 0.814464 0.003544 0.005493
5 0.949941 0.832011 0.004430 0.005798
5 0.937537 0.927678 0.003249 0.004883
5 0.916864 0.958346 0.003839 0.005188
5 0.930744 0.970705 0.003249 0.004883
5 0.911843 0.990388 0.003249 0.005188
6 0.912434 0.965670 0.005021 0.008850
5 0.907413 0.969942 0.003839 0.005798
5 0.749114 0.990998 0.003249 0.004577
5 0.746308 0.985505 0.004135 0.002746
5 0.744979 0.983216 0.004430 0.003052
5 0.744093 0.981233 0.004430 0.003357
5 0.742912 0.978944 0.004430 0.003662
5 0.741878 0.976655 0.004135 0.002746
5 0.740549 0.974062 0.004430 0.003052
5 0.739220 0.972078 0.004135 0.003357
5 0.738334 0.970400 0.004135 0.003052
5 0.737596 0.967959 0.004430 0.003662
5 0.736119 0.965822 0.003839 0.003052
5 0.734790 0.963534 0.002953 0.002746
5 0.733609 0.961245 0.004725 0.003662
5 0.732428 0.958956 0.004135 0.002746
5 0.731394 0.957125 0.003839 0.002746
5 0.730508 0.954532 0.004430 0.003662
5 0.728884 0.952395 0.004725 0.003662
5 0.733461 0.951938 0.003839 0.005188
5 0.728588 0.950412 0.004135 0.003357
5 0.727112 0.948123 0.004725 0.003662
5 0.725783 0.945987 0.004430 0.003662
5 0.735676 0.941105 0.004725 0.003662
5 0.737448 0.945072 0.004135 0.003662
5 0.739368 0.946903 0.004430 0.003052
5 0.740402 0.949344 0.004135 0.003052
5 0.742026 0.951175 0.005021 0.003662
5 0.743503 0.953616 0.003839 0.003052
5 0.743946 0.955752 0.005316 0.003662
5 0.746899 0.959719 0.005316 0.003662
5 0.749409 0.966890 0.005021 0.003967
5 0.751772 0.971163 0.005021 0.003357
5 0.752953 0.973604 0.005021 0.002746
5 0.753839 0.976045 0.003839 0.002746
5 0.686208 0.941257 0.003249 0.004577
5 0.682664 0.933018 0.005611 0.003357
8 0.708949 0.944461 0.005021 0.006713
5 0.713083 0.941257 0.003249 0.003967
5 0.732132 0.930729 0.004135 0.003052
6 0.708506 0.907537 0.007088 0.004883
5 0.707177 0.904638 0.004430 0.002746
5 0.704814 0.900519 0.005611 0.003662
5 0.703485 0.897620 0.004725 0.002746
9 0.696102 0.910742 0.008269 0.005188
5 0.683107 0.888312 0.004725 0.004272
5 0.603514 0.883888 0.003839 0.004577
5 0.597460 0.875801 0.004135 0.005493
5 0.608683 0.879463 0.003544 0.004883
5 0.616214 0.909826 0.004430 0.005188
5 0.619315 0.916692 0.004725 0.004883
5 0.637035 0.961550 0.004135 0.006103
5 0.617838 0.971315 0.002953 0.005493
5 0.600413 0.987031 0.003544 0.004577
5 0.604991 0.983674 0.003249 0.005188
5 0.608535 0.982911 0.003249 0.005493
5 0.612965 0.979707 0.003839 0.004577
5 0.614146 0.992524 0.004430 0.003967
5 0.631867 0.986878 0.003839 0.005493
5 0.638364 0.983674 0.005021 0.005188
5 0.643237 0.982911 0.004135 0.004883
5 0.643089 0.977266 0.004430 0.004577
5 0.648110 0.979554 0.003839 0.004272
5 0.948169 0.014495 0.005021 0.002746
9 0.996308 0.095667 0.007383 0.005188
9 0.997342 0.091395 0.005316 0.003967
9 0.996751 0.087580 0.006497 0.003662
9 0.998376 0.082392 0.003249 0.002441
9 0.998376 0.079646 0.003249 0.003662
9 0.999114 0.076900 0.001772 0.003662
9 0.995718 0.067592 0.008565 0.003967
9 0.994832 0.064693 0.009746 0.003052
9 0.994979 0.061947 0.008860 0.003662
9 0.996456 0.059506 0.007088 0.002441
51 0.834613 0.121910 0.134082 0.119927
51 0.718252 0.062405 0.075605 0.034483
51 0.722977 0.105890 0.052569 0.040281
51 0.660366 0.116570 0.054932 0.068355
48 0.615771 0.103448 0.023036 0.021971
48 0.584465 0.100549 0.018311 0.025938
48 0.421589 0.062557 0.015653 0.017699
48 0.461311 0.107720 0.008269 0.008544
51 0.433550 0.108331 0.047844 0.036009
48 0.604400 0.073085 0.031601 0.018004
51 0.990549 0.078578 0.015948 0.017394
51 0.588157 0.320720 0.029829 0.027464
51 0.607501 0.332621 0.028352 0.025633
48 0.700975 0.380226 0.025694 0.029905
48 0.699350 0.295850 0.036031 0.036314
48 0.670555 0.303174 0.029829 0.023497
48 0.713969 0.329722 0.041642 0.032652
48 0.673952 0.324382 0.049025 0.037839
48 0.790904 0.359628 0.018311 0.017394
48 0.809214 0.372139 0.019492 0.014953
48 0.827968 0.382972 0.020378 0.016478
48 0.776728 0.381446 0.018901 0.014648
48 0.795334 0.393500 0.019492 0.014953
48 0.813644 0.406622 0.020673 0.015563
48 0.798435 0.484132 0.017425 0.026549
48 0.755316 0.447666 0.015653 0.037839
48 0.768311 0.444919 0.013881 0.032957
48 0.781748 0.440952 0.019492 0.033567
48 0.851152 0.398535 0.027171 0.019530
48 0.670703 0.545011 0.039575 0.032957
48 0.642794 0.531126 0.015062 0.015563
48 0.633491 0.545316 0.016539 0.015258
48 0.694625 0.552945 0.008269 0.007934
48 0.651654 0.561642 0.013290 0.008850
48 0.587714 0.529600 0.031896 0.038145
53 0.895157 0.117180 0.051388 0.153189
53 0.828559 0.057675 0.110750 0.050046
53 0.709539 0.141440 0.077673 0.054013
48 0.494241 0.664022 0.022150 0.023802
48 0.506054 0.653799 0.015653 0.019225
48 0.491583 0.647696 0.014471 0.014342
48 0.457324 0.678364 0.035145 0.037229
48 0.455848 0.599329 0.019787 0.017089
48 0.493503 0.628929 0.019492 0.019530
48 0.624779 0.640220 0.009746 0.007934
48 0.831217 0.696826 0.024513 0.022887
51 0.782782 0.710253 0.057590 0.043637
51 0.804637 0.784712 0.046958 0.068660
48 0.836090 0.793561 0.017129 0.022276
48 0.703633 0.728715 0.026875 0.016478
48 0.743207 0.751602 0.006793 0.006103
48 0.750295 0.758926 0.005021 0.005493
48 0.757531 0.761215 0.004135 0.003967
48 0.762256 0.767013 0.005316 0.005188
48 0.772741 0.759689 0.004430 0.003967
48 0.755759 0.771895 0.004725 0.003967
48 0.747490 0.780287 0.004725 0.003662
48 0.757974 0.783033 0.003839 0.003052
48 0.773627 0.777846 0.004430 0.003662
48 0.743946 0.727189 0.005907 0.005493
48 0.888512 0.751144 0.009155 0.008239
5 0.805818 0.933323 0.004430 0.005188
48 0.796958 0.916539 0.025694 0.025938
48 0.760780 0.898535 0.032487 0.027769
48 0.738777 0.883888 0.011518 0.010070
48 0.763733 0.943699 0.018901 0.025328
51 0.505316 0.815075 0.040756 0.028074
48 0.613999 0.857492 0.022445 0.019530
48 0.610602 0.851846 0.022150 0.016784
48 0.606320 0.846659 0.023627 0.018004
48 0.604400 0.841471 0.025694 0.016784
48 0.601299 0.835825 0.027171 0.018920
48 0.598198 0.830638 0.028057 0.017699
48 0.595245 0.825603 0.025103 0.014953
48 0.593178 0.819500 0.021559 0.014953
48 0.588895 0.814922 0.024808 0.016173
48 0.587123 0.809429 0.019492 0.016173
48 0.586828 0.803174 0.015948 0.012206
48 0.578263 0.807446 0.007679 0.008544
48 0.633934 0.847421 0.026875 0.020751
48 0.628175 0.841013 0.027171 0.018920
48 0.626255 0.835215 0.026285 0.017089
48 0.625517 0.830790 0.024808 0.019225
48 0.622711 0.825298 0.022741 0.016784
48 0.619758 0.819347 0.025103 0.015868
48 0.615771 0.813702 0.024808 0.016173
48 0.613999 0.809735 0.024217 0.017394
48 0.611193 0.803631 0.026285 0.017394
48 0.607944 0.799359 0.025103 0.016173
48 0.604696 0.794172 0.025694 0.017394
48 0.599823 0.789747 0.022445 0.014648
5 0.595836 0.857492 0.003249 0.003662
48 0.573390 0.814312 0.002067 0.003967
48 0.537212 0.883125 0.004135 0.006103
48 0.559510 0.886939 0.025694 0.019225
48 0.556852 0.879310 0.023331 0.015563
48 0.553455 0.874733 0.023627 0.015563
48 0.551979 0.868172 0.023036 0.016478
48 0.550650 0.863442 0.028057 0.017394
48 0.546958 0.858712 0.025989 0.017089
48 0.543562 0.852762 0.025694 0.016173
48 0.540461 0.848184 0.027761 0.020446
48 0.538836 0.842386 0.026285 0.018004
48 0.536769 0.837046 0.029238 0.018309
48 0.532634 0.830180 0.025103 0.017394
5 0.515653 0.842844 0.005316 0.003662
5 0.518311 0.847574 0.005316 0.003967
48 0.582989 0.874428 0.026580 0.021056
48 0.579740 0.868325 0.025989 0.019225
48 0.575901 0.863137 0.025399 0.016173
48 0.572061 0.857644 0.025989 0.017394
48 0.570437 0.852304 0.025694 0.016478
48 0.568074 0.847116 0.025103 0.015258
48 0.565712 0.841318 0.023922 0.017089
48 0.563054 0.836741 0.023922 0.015258
48 0.559510 0.831248 0.024513 0.017089
48 0.556409 0.826060 0.024217 0.015258
48 0.553308 0.821025 0.027466 0.015563
48 0.552422 0.816601 0.025103 0.014648
48 0.578854 0.802563 0.027171 0.021361
48 0.530862 0.901434 0.025694 0.018920
48 0.528057 0.895178 0.027761 0.017394
48 0.526285 0.890296 0.027761 0.017394
48 0.522445 0.884803 0.027761 0.019225
48 0.519049 0.879158 0.026875 0.017089
48 0.516539 0.873818 0.025989 0.017394
48 0.513733 0.868630 0.026285 0.016784
48 0.510780 0.863595 0.026875 0.016478
48 0.507679 0.858865 0.026580 0.018615
48 0.504725 0.853830 0.025399 0.015868
48 0.502363 0.846506 0.025399 0.017089
5 0.502067 0.842386 0.005907 0.003967
5 0.524365 0.868020 0.006202 0.003967
48 0.510632 0.909826 0.024217 0.014953
48 0.508269 0.904638 0.021855 0.014342
48 0.505611 0.900519 0.021855 0.014037
5 0.494536 0.904944 0.003839 0.005188
48 0.508565 0.914098 0.030715 0.016173
48 0.501624 0.896704 0.026285 0.016173
48 0.498523 0.889991 0.027761 0.018004
48 0.496604 0.884956 0.027466 0.020140
48 0.493060 0.880531 0.026875 0.018004
48 0.490549 0.875191 0.028943 0.015258
48 0.487005 0.869393 0.025399 0.018920
48 0.484495 0.864815 0.026875 0.015868
48 0.482132 0.859017 0.022150 0.015258
48 0.477112 0.856881 0.026875 0.021361
5 0.463969 0.869850 0.004135 0.004577
48 0.456586 0.939884 0.016539 0.013427
48 0.467070 0.933933 0.007974 0.008239
48 0.477407 0.928288 0.020378 0.013427
48 0.482280 0.929814 0.024217 0.020140
48 0.474897 0.922185 0.030124 0.018920
48 0.473272 0.916997 0.025103 0.018309
48 0.470024 0.912420 0.026285 0.017699
48 0.466923 0.906927 0.027761 0.017699
48 0.465003 0.901587 0.028647 0.017394
48 0.461754 0.896857 0.031601 0.020140
48 0.458801 0.891059 0.027466 0.018309
48 0.456291 0.886176 0.026580 0.017699
48 0.450532 0.882362 0.025694 0.017394
48 0.450384 0.873818 0.025399 0.018004
5 0.440195 0.956363 0.006202 0.003662
5 0.501772 0.939426 0.004725 0.005188
5 0.509008 0.953769 0.005021 0.005188
5 0.511666 0.958041 0.005021 0.004577
5 0.434436 0.936070 0.003544 0.002746
5 0.429415 0.926610 0.003544 0.005188
48 0.455257 0.933323 0.016243 0.010070
48 0.453485 0.927525 0.015653 0.012511
48 0.450827 0.922948 0.018606 0.011291
48 0.448021 0.917455 0.016539 0.010070
5 0.418340 0.906469 0.003839 0.004577
48 0.443739 0.912267 0.014471 0.011291
48 0.440638 0.907995 0.015948 0.011291
48 0.437389 0.903723 0.020083 0.012511
48 0.436651 0.896094 0.017425 0.012511
48 0.435027 0.891059 0.018901 0.012206
48 0.430892 0.885108 0.018901 0.013122
48 0.429711 0.954989 0.020673 0.016173
48 0.428677 0.948123 0.017425 0.014037
48 0.426019 0.941715 0.018015 0.012817
48 0.418636 0.939731 0.023922 0.016173
48 0.413615 0.931035 0.020378 0.016478
48 0.411695 0.923100 0.023627 0.017089
48 0.405493 0.913030 0.023036 0.014037
9 0.558328 0.540281 0.004430 0.006408
5 0.497194 0.532194 0.003839 0.003662
5 0.392351 0.985505 0.003839 0.004577
5 0.389250 0.979402 0.003544 0.003967
5 0.527761 0.976655 0.003544 0.004577
5 0.519492 0.959872 0.002953 0.003967
5 0.941081 0.069728 0.005021 0.002746
9 0.941819 0.067592 0.005907 0.002136
9 0.967513 0.098413 0.004135 0.009460
9 0.985381 0.089564 0.003839 0.005798
9 0.973568 0.093378 0.007383 0.005493
5 0.943296 0.087275 0.002953 0.004883
5 0.989811 0.088343 0.003839 0.002136
48 0.441376 0.849558 0.064678 0.040891
5 0.415830 0.912267 0.004725 0.002136
5 0.416421 0.890449 0.001772 0.003662
5 0.387626 0.974977 0.002067 0.003662
48 0.423509 0.897620 0.010632 0.019225
48 0.438275 0.924474 0.021264 0.035703
9 0.684731 0.909368 0.003839 0.005493
48 0.671737 0.916082 0.022741 0.018920
48 0.667011 0.909979 0.021559 0.013427
48 0.639841 0.931645 0.007383 0.009155
48 0.631276 0.915166 0.007974 0.007324
48 0.635263 0.922338 0.009451 0.013122
48 0.657561 0.926762 0.011518 0.007934
48 0.517572 0.927220 0.024513 0.017394
48 0.521412 0.932560 0.025103 0.013427
48 0.523479 0.938358 0.024513 0.014648
48 0.538984 0.916539 0.026580 0.018004
48 0.541494 0.923100 0.026285 0.011596
48 0.545334 0.928593 0.025103 0.015868
48 0.547549 0.933781 0.025399 0.014648
48 0.550797 0.939121 0.023036 0.013122
5 0.517425 0.955600 0.002953 0.003357
48 0.553160 0.943241 0.023036 0.013427
48 0.555818 0.949039 0.025399 0.013427
48 0.558181 0.954684 0.026580 0.015563
48 0.560396 0.960482 0.025103 0.016784
48 0.566893 0.970705 0.025694 0.014037
48 0.568665 0.975282 0.023922 0.012817
5 0.524513 0.970552 0.002953 0.005188
48 0.525546 0.945987 0.025694 0.013427
48 0.529533 0.949802 0.024217 0.013732
48 0.533077 0.955142 0.024217 0.013427
48 0.535440 0.960330 0.023627 0.014037
48 0.537950 0.965212 0.024513 0.014037
48 0.541347 0.971010 0.025399 0.010986
48 0.543414 0.975740 0.023036 0.012511
48 0.545186 0.982759 0.025989 0.015563
48 0.407708 0.965670 0.029238 0.014953
5 0.450532 0.955294 0.003249 0.004577
48 0.416568 0.953464 0.007383 0.008239
48 0.393089 0.962618 0.008860 0.014342
48 0.403574 0.956820 0.023331 0.017394
48 0.398701 0.949039 0.021855 0.012206
48 0.397519 0.941715 0.020083 0.018920
48 0.395009 0.926152 0.016834 0.012206
48 0.390727 0.916845 0.007679 0.012511
48 0.402983 0.906927 0.023922 0.013427
48 0.399882 0.900366 0.025399 0.016173
9 0.403426 0.856424 0.004725 0.003967
5 0.438275 0.844217 0.004725 0.002136
48 0.431778 0.601312 0.008860 0.007629
48 0.589634 0.889991 0.028057 0.017394
48 0.593916 0.895331 0.023036 0.012817
48 0.595097 0.900061 0.031896 0.012511
48 0.598641 0.906774 0.027171 0.014953
48 0.600709 0.912573 0.026580 0.014953
48 0.605139 0.916692 0.025399 0.014037
48 0.607797 0.921422 0.027171 0.012511
48 0.610159 0.926762 0.024217 0.011596
48 0.613556 0.932408 0.023922 0.013122
48 0.615328 0.937748 0.023331 0.013427
48 0.619167 0.942325 0.022741 0.013427
48 0.574129 0.898077 0.015357 0.014037
48 0.572209 0.906774 0.023331 0.014342
48 0.574572 0.911504 0.024513 0.012206
48 0.576934 0.917150 0.025103 0.011901
48 0.580626 0.922185 0.024217 0.012817
48 0.583727 0.927373 0.023922 0.015258
48 0.587419 0.932560 0.024808 0.014037
48 0.592144 0.937290 0.018901 0.010070
48 0.591849 0.943851 0.024217 0.013427
48 0.594950 0.948276 0.023922 0.013732
48 0.597903 0.956515 0.026875 0.021666
48 0.618576 0.874275 0.016834 0.010986
48 0.645895 0.860391 0.010632 0.009460
48 0.634672 0.865273 0.012995 0.011291
48 0.629947 0.870766 0.005907 0.005188
48 0.639693 0.877174 0.008269 0.008239
48 0.650030 0.871681 0.021855 0.013732
48 0.653426 0.882820 0.027466 0.016478
48 0.656232 0.888007 0.025989 0.015258
48 0.658447 0.893805 0.026875 0.015868
48 0.665830 0.902655 0.031010 0.012206
48 0.817336 0.915929 0.011518 0.014953
5 0.613999 0.905401 0.005907 0.002441
48 0.464708 0.955905 0.026285 0.016784
48 0.487448 0.944461 0.028647 0.017699
48 0.469285 0.961092 0.024808 0.013122
48 0.472977 0.965517 0.025103 0.015258
48 0.475044 0.971010 0.024513 0.015258
48 0.479179 0.976350 0.026875 0.020446
48 0.481689 0.981385 0.027171 0.012817
48 0.490254 0.950717 0.025989 0.013122
4 0.450384 0.976961 0.004725 0.003357
48 0.495422 0.960177 0.025103 0.013122
48 0.499557 0.964907 0.024513 0.012206
48 0.502510 0.970095 0.024513 0.013427
48 0.505021 0.975740 0.027171 0.013122
48 0.507383 0.981691 0.024808 0.016478
48 0.638364 0.904638 0.021559 0.011901
48 0.645747 0.913640 0.022741 0.012817
48 0.631128 0.888312 0.028352 0.014648
48 0.646190 0.920049 0.023627 0.012817
48 0.642794 0.908758 0.024513 0.015258
48 0.415387 0.982759 0.029829 0.016784
48 0.437242 0.971010 0.023922 0.015258
48 0.439309 0.977724 0.026875 0.013427
48 0.442853 0.981996 0.023922 0.012206
53 0.640727 0.980775 0.024513 0.014648
53 0.622268 0.974367 0.050797 0.029295
53 0.661400 0.950870 0.041051 0.025023
53 0.965446 0.069271 0.069108 0.077510
53 0.957472 0.021056 0.023036 0.015258
48 0.550059 0.115502 0.028057 0.024718
48 0.517277 0.116265 0.021559 0.018309
48 0.485676 0.056454 0.022150 0.021361
48 0.582250 0.018920 0.018606 0.021971
48 0.643237 0.028990 0.017129 0.038450
5 0.929120 0.020446 0.003544 0.005493
5 0.930154 0.015410 0.002658 0.004577
5 0.999262 0.017547 0.001477 0.004577
5 0.997342 0.016784 0.002363 0.004272
5 0.994832 0.018004 0.002658 0.004883
5 0.995275 0.021666 0.004725 0.002441
5 0.942115 0.042569 0.004725 0.002136
9 0.995275 0.101312 0.008269 0.003662
48 0.402835 0.454074 0.023036 0.019530
48 0.417454 0.478792 0.019197 0.023802
48 0.432369 0.496948 0.021855 0.028990
48 0.476816 0.530516 0.016243 0.013122
48 0.500000 0.551877 0.012995 0.016173
48 0.484347 0.544706 0.005316 0.005493
48 0.409776 0.696369 0.025103 0.028685
48 0.648996 0.924321 0.020969 0.012817
5 0.537212 0.883125 0.003544 0.003662
48 0.634377 0.899603 0.026580 0.014648
48 0.623892 0.879463 0.026875 0.014037
4 0.645304 0.958041 0.006497 0.005798
5 0.698021 0.950412 0.003839 0.004577
4 0.717070 0.938206 0.004135 0.005188
4 0.714855 0.939426 0.003839 0.005188
5 0.724454 0.944461 0.004135 0.003052
5 0.750886 0.939121 0.003249 0.005188
5 0.739811 0.933781 0.002953 0.004272
48 0.701270 0.957888 0.021559 0.021971
48 0.952747 0.974825 0.011223 0.014342
51 0.579592 0.043943 0.027466 0.017699
