56 0.448613 0.098812 0.433279 0.197624
56 0.359869 0.024356 0.024144 0.046337
56 0.441599 0.006535 0.033605 0.013069
56 0.402447 0.017624 0.040131 0.035248
38 0.449755 0.034851 0.036868 0.066535
38 0.469331 0.012475 0.058401 0.024950
38 0.512561 0.021386 0.050245 0.038020
38 0.536052 0.015248 0.049592 0.030495
29 0.004894 0.025545 0.009788 0.051089
23 0.125285 0.025941 0.213377 0.051881
48 0.059054 0.020594 0.118108 0.041188
5 0.019086 0.007525 0.004894 0.004752
48 0.842088 0.623366 0.047635 0.052277
48 0.859217 0.674653 0.041436 0.057426
48 0.883034 0.711089 0.023165 0.035248
48 0.466721 0.720990 0.044698 0.032079
48 0.837847 0.728911 0.013051 0.028119
48 0.977325 0.676238 0.024470 0.036040
48 0.986134 0.637228 0.023165 0.025347
48 0.985971 0.565347 0.028059 0.051881
48 0.648287 0.718218 0.030016 0.043168
48 0.422512 0.985148 0.081566 0.029703
6 0.122838 0.773267 0.005546 0.009109
10 0.380587 0.221188 0.006852 0.003564
10 0.410930 0.207129 0.010114 0.007129
10 0.391354 0.208119 0.005546 0.007525
6 0.821533 0.263762 0.003915 0.006337
48 0.790865 0.283366 0.028059 0.050297
48 0.861664 0.781584 0.029364 0.043960
11 0.372920 0.224356 0.010440 0.005941
5 0.369331 0.254851 0.005220 0.002772
5 0.373899 0.252871 0.004568 0.001980
5 0.377325 0.250891 0.004894 0.002772
5 0.376835 0.248713 0.005220 0.003168
5 0.381240 0.246337 0.004894 0.002376
5 0.381729 0.248911 0.005220 0.003564
5 0.384502 0.244158 0.004894 0.002772
5 0.385971 0.246337 0.004568 0.002376
5 0.389070 0.242376 0.005546 0.002376
5 0.389560 0.244356 0.003263 0.001584
5 0.408646 0.233465 0.004241 0.002772
5 0.405383 0.237030 0.004241 0.001980
5 0.408646 0.235248 0.004241 0.002376
5 0.412561 0.231089 0.003589 0.001980
5 0.416639 0.228911 0.004568 0.002376
5 0.412561 0.233069 0.003589 0.001980
5 0.414029 0.234653 0.003915 0.002772
5 0.416803 0.231089 0.004241 0.001980
5 0.420718 0.227327 0.004241 0.001584
5 0.417781 0.232673 0.004894 0.002772
5 0.421370 0.229109 0.004241 0.001980
5 0.422186 0.230891 0.005220 0.002376
5 0.406199 0.239208 0.004568 0.001584
5 0.410440 0.237030 0.003915 0.001188
5 0.410440 0.238812 0.004568 0.002376
5 0.407015 0.240990 0.004241 0.001980
5 0.407667 0.242376 0.004894 0.002376
5 0.414845 0.236832 0.004241 0.002376
5 0.415498 0.238614 0.004241 0.001980
5 0.411582 0.240792 0.004241 0.002376
5 0.412561 0.242376 0.004241 0.002376
5 0.416150 0.240198 0.004894 0.001980
5 0.417292 0.242178 0.003915 0.001980
5 0.418760 0.234455 0.004241 0.002376
5 0.423002 0.232277 0.004894 0.001980
5 0.423165 0.234455 0.004568 0.002376
5 0.419413 0.236634 0.004241 0.001980
5 0.420392 0.238020 0.004241 0.002376
5 0.421044 0.239802 0.004894 0.001980
5 0.421860 0.242178 0.004568 0.002772
5 0.413377 0.244158 0.004568 0.001980
5 0.414356 0.246139 0.004568 0.001980
5 0.409299 0.246139 0.004894 0.002772
5 0.410440 0.248713 0.004568 0.002376
5 0.405057 0.248515 0.004241 0.002772
5 0.406362 0.250297 0.004241 0.003168
5 0.424470 0.236436 0.005220 0.002376
5 0.425449 0.238218 0.004568 0.001980
5 0.426427 0.240000 0.005220 0.002376
5 0.430179 0.223564 0.004894 0.003564
5 0.432463 0.226931 0.004241 0.003168
5 0.432137 0.230297 0.004241 0.001980
5 0.433116 0.232475 0.002936 0.001584
5 0.434584 0.220990 0.003915 0.002376
5 0.435073 0.222970 0.004894 0.002376
5 0.436378 0.224950 0.004241 0.003168
5 0.438499 0.219208 0.005220 0.001980
5 0.439641 0.220990 0.004241 0.002376
5 0.440457 0.222772 0.004568 0.001980
5 0.443230 0.217426 0.004894 0.002376
5 0.443883 0.219406 0.004241 0.001584
5 0.444861 0.220792 0.003589 0.001980
5 0.447471 0.215842 0.004241 0.001584
5 0.448124 0.217426 0.003589 0.001584
5 0.448940 0.219208 0.004568 0.001980
5 0.464111 0.209307 0.003589 0.001980
5 0.467700 0.208119 0.003589 0.001980
5 0.464111 0.211683 0.004894 0.002772
5 0.468189 0.209901 0.003915 0.002376
5 0.469331 0.211881 0.004894 0.001584
5 0.466395 0.215248 0.004241 0.001980
5 0.466884 0.217030 0.004568 0.001584
5 0.470962 0.213465 0.004894 0.002376
5 0.471615 0.215446 0.005546 0.001584
5 0.472431 0.217228 0.004568 0.001980
5 0.467863 0.218812 0.004568 0.002772
5 0.469494 0.220396 0.003915 0.001980
5 0.473246 0.219010 0.004241 0.001584
5 0.476509 0.204554 0.004894 0.001980
5 0.477651 0.206535 0.003915 0.001980
5 0.478303 0.208515 0.003915 0.001980
5 0.479772 0.210693 0.004241 0.002376
5 0.480261 0.212871 0.003915 0.001980
5 0.481077 0.214851 0.004241 0.001980
5 0.482055 0.216634 0.004241 0.002376
5 0.480750 0.203168 0.003589 0.002376
5 0.481403 0.204950 0.003589 0.001980
5 0.481566 0.207129 0.003915 0.002376
5 0.482708 0.209307 0.003589 0.001980
5 0.484013 0.211089 0.004241 0.002376
5 0.484992 0.213267 0.004241 0.001980
5 0.485644 0.214851 0.003589 0.001980
5 0.486134 0.217426 0.003915 0.002376
5 0.490212 0.215446 0.003589 0.002376
5 0.489070 0.213267 0.004568 0.001980
5 0.487765 0.211287 0.003915 0.001188
5 0.487276 0.209109 0.003589 0.002376
5 0.486134 0.207525 0.003915 0.002376
5 0.485318 0.205149 0.003589 0.002376
5 0.484502 0.203366 0.003915 0.001980
5 0.484176 0.201188 0.003915 0.002376
5 0.487765 0.199802 0.003263 0.001980
5 0.488744 0.201584 0.003915 0.002376
5 0.489070 0.204158 0.003915 0.001980
5 0.490212 0.205941 0.003589 0.002376
5 0.490865 0.207525 0.003589 0.001584
5 0.491843 0.209901 0.003589 0.002376
5 0.492985 0.211485 0.003915 0.001584
5 0.493475 0.213267 0.003589 0.001980
5 0.491028 0.198218 0.003915 0.001980
5 0.492007 0.200000 0.003915 0.001584
5 0.492496 0.201980 0.004241 0.003168
5 0.493964 0.203960 0.003915 0.001584
5 0.494454 0.206139 0.004241 0.001980
5 0.495269 0.208119 0.003263 0.001980
5 0.496085 0.209703 0.003589 0.001980
5 0.496900 0.211881 0.003263 0.001584
5 0.494943 0.196832 0.005220 0.002376
5 0.495759 0.199010 0.004241 0.001980
5 0.496900 0.200594 0.004568 0.001980
5 0.497064 0.202376 0.003589 0.002376
5 0.497879 0.204158 0.003915 0.002772
5 0.498532 0.206733 0.005220 0.002376
5 0.499837 0.208713 0.003915 0.002376
5 0.500326 0.210495 0.004894 0.001980
5 0.515987 0.187525 0.003589 0.001980
5 0.514519 0.190495 0.004568 0.002376
5 0.519250 0.186337 0.003589 0.001980
5 0.522675 0.184554 0.003915 0.002376
5 0.608320 0.147129 0.004894 0.001980
5 0.608646 0.148911 0.004894 0.002376
5 0.610114 0.150495 0.004568 0.002376
5 0.599674 0.150495 0.003263 0.002376
5 0.595595 0.152277 0.003589 0.002772
5 0.597064 0.154257 0.004568 0.001980
5 0.611419 0.153069 0.003915 0.001980
5 0.603752 0.148911 0.003589 0.002376
5 0.604894 0.150693 0.003915 0.001980
5 0.605873 0.153069 0.003915 0.002772
5 0.597553 0.156832 0.004894 0.003168
5 0.635563 0.137228 0.005220 0.001980
5 0.636378 0.139406 0.003589 0.001584
5 0.637684 0.140792 0.003589 0.001980
5 0.638336 0.142772 0.004241 0.001980
5 0.639152 0.145149 0.003915 0.001980
5 0.639967 0.146733 0.004241 0.001980
5 0.641109 0.148713 0.004568 0.002772
5 0.641925 0.150693 0.004241 0.001980
5 0.632137 0.140792 0.004241 0.001980
5 0.637684 0.152673 0.004241 0.002772
5 0.636542 0.150693 0.003915 0.001980
5 0.630016 0.155446 0.003263 0.001980
5 0.629853 0.153267 0.003589 0.002376
5 0.632626 0.151881 0.003915 0.001980
5 0.635237 0.148713 0.003915 0.001980
5 0.634258 0.146733 0.003915 0.001980
5 0.633442 0.144752 0.004241 0.001980
5 0.627896 0.150891 0.004241 0.002376
5 0.627243 0.147129 0.003589 0.001980
5 0.629201 0.144158 0.002936 0.002376
5 0.633279 0.142376 0.004568 0.001980
5 0.630832 0.147723 0.003589 0.002376
5 0.632137 0.150099 0.004241 0.002376
5 0.626427 0.139802 0.003263 0.002376
5 0.630832 0.138812 0.004241 0.001980
5 0.644372 0.133861 0.003263 0.002376
5 0.645840 0.135644 0.004241 0.001980
5 0.646166 0.138020 0.003589 0.001980
5 0.646982 0.140000 0.003915 0.001980
5 0.648450 0.141584 0.004241 0.001980
5 0.649266 0.143762 0.003915 0.001584
5 0.647961 0.132475 0.003915 0.001980
5 0.649266 0.134455 0.003915 0.002772
5 0.650082 0.136436 0.003589 0.001188
5 0.650734 0.138416 0.003589 0.001188
5 0.652202 0.140000 0.003263 0.001980
5 0.652692 0.142178 0.004241 0.002376
5 0.652529 0.130297 0.003915 0.001584
5 0.653018 0.132871 0.003589 0.001980
5 0.653507 0.134455 0.003915 0.001980
5 0.654649 0.137030 0.003589 0.002376
5 0.655465 0.138614 0.003915 0.002376
5 0.656607 0.140396 0.004241 0.001980
5 0.655791 0.143168 0.004568 0.002772
5 0.655465 0.129109 0.004568 0.002376
5 0.656770 0.131287 0.003915 0.002772
5 0.657259 0.133465 0.004894 0.002376
5 0.657912 0.135248 0.004241 0.001980
5 0.659217 0.137426 0.004241 0.002376
5 0.659543 0.139604 0.004241 0.001980
5 0.660359 0.141584 0.003915 0.001980
5 0.659869 0.127525 0.003589 0.002376
5 0.660685 0.129703 0.003915 0.001980
5 0.661338 0.131683 0.003915 0.001980
5 0.661990 0.133465 0.003915 0.001584
5 0.662969 0.136040 0.003915 0.001980
5 0.664111 0.137822 0.004241 0.002376
5 0.664274 0.140594 0.003915 0.002376
5 0.663458 0.126139 0.003589 0.001980
5 0.664111 0.128515 0.004241 0.002772
5 0.664763 0.130495 0.003589 0.001980
5 0.665905 0.132079 0.003263 0.001980
5 0.666068 0.134257 0.004894 0.002376
5 0.667374 0.136436 0.003589 0.002772
5 0.670310 0.122970 0.003589 0.002772
5 0.670636 0.125347 0.004241 0.002772
5 0.671941 0.127327 0.003589 0.001980
5 0.672431 0.129109 0.003915 0.002376
5 0.673736 0.131287 0.003915 0.001980
5 0.673573 0.121386 0.003589 0.001980
5 0.674388 0.123960 0.003915 0.002376
5 0.675693 0.125743 0.004568 0.001980
5 0.676672 0.127525 0.003915 0.001584
5 0.677325 0.129703 0.003915 0.002772
5 0.677162 0.120198 0.004241 0.002772
5 0.678140 0.121980 0.004241 0.002376
5 0.678956 0.123762 0.003915 0.001980
5 0.680098 0.125743 0.004241 0.001980
5 0.681077 0.127921 0.003589 0.002376
5 0.680914 0.118416 0.003915 0.001584
5 0.681566 0.120396 0.003263 0.002376
5 0.682219 0.122178 0.003915 0.001980
5 0.683687 0.124356 0.004241 0.002376
5 0.684666 0.126535 0.003589 0.001980
5 0.690701 0.120990 0.003263 0.001980
5 0.687113 0.122574 0.003915 0.001980
5 0.690049 0.119208 0.003915 0.001584
5 0.686297 0.120990 0.004241 0.001980
53 0.644372 0.140792 0.117455 0.051881
53 0.456117 0.227723 0.183361 0.063366
48 0.921207 0.735644 0.023817 0.017030
48 0.916150 0.722376 0.028059 0.015842
6 0.059706 0.752673 0.003915 0.011485
6 0.062806 0.751485 0.004894 0.012277
5 0.069494 0.752673 0.003263 0.003564
5 0.070636 0.761188 0.003589 0.004752
6 0.069005 0.756436 0.007504 0.003960
48 0.360848 0.704356 0.024144 0.021782
48 0.425775 0.723762 0.026101 0.020990
9 0.145840 0.495248 0.009788 0.007525
6 0.063295 0.765545 0.012398 0.010297
6 0.051223 0.756238 0.005220 0.011485
48 0.153344 0.602376 0.033279 0.030891
48 0.161011 0.625743 0.032300 0.020594
48 0.153507 0.582178 0.023165 0.018218
50 0.168842 0.642178 0.036868 0.032871
48 0.119902 0.610297 0.030995 0.017426
48 0.106199 0.630693 0.025775 0.028911
48 0.126754 0.626337 0.027732 0.017822
48 0.102447 0.615248 0.011093 0.012277
48 0.094290 0.617624 0.011746 0.013861
48 0.082545 0.626139 0.025449 0.034059
48 0.060848 0.634257 0.034258 0.036040
48 0.097879 0.668515 0.022838 0.030891
48 0.085644 0.673465 0.016639 0.028119
48 0.074062 0.680396 0.023491 0.024554
48 0.068842 0.656040 0.034584 0.024158
48 0.111419 0.666535 0.016639 0.021386
48 0.121370 0.663168 0.023491 0.028119
48 0.141436 0.647129 0.015334 0.019802
48 0.131485 0.657624 0.021533 0.032079
48 0.146982 0.659406 0.012072 0.011089
48 0.172104 0.579208 0.017292 0.026535
48 0.139804 0.636040 0.008157 0.007129
48 0.189723 0.623762 0.030343 0.045941
48 0.207504 0.558614 0.019576 0.021782
48 0.206525 0.618812 0.023491 0.044752
48 0.216966 0.614653 0.026754 0.045149
48 0.227569 0.607723 0.030995 0.043168
48 0.193312 0.580198 0.019902 0.022178
48 0.211909 0.575644 0.025122 0.022574
48 0.187113 0.566733 0.017945 0.018218
48 0.197064 0.562970 0.008483 0.016238
48 0.187276 0.596238 0.015008 0.017030
48 0.197716 0.595644 0.012398 0.010297
48 0.248124 0.575644 0.006852 0.006733
48 0.235073 0.553663 0.032953 0.037228
48 0.216639 0.526337 0.017618 0.027723
48 0.226917 0.521584 0.014682 0.022178
48 0.237520 0.520198 0.016313 0.024950
48 0.266395 0.485149 0.017945 0.025347
48 0.185155 0.493267 0.020555 0.023366
48 0.131648 0.566337 0.018597 0.016634
48 0.126264 0.554059 0.015661 0.015050
48 0.122512 0.544752 0.016639 0.014653
48 0.124307 0.530099 0.030016 0.032871
48 0.139641 0.555248 0.019576 0.036436
48 0.172431 0.501584 0.017945 0.020198
48 0.185155 0.511287 0.029038 0.019010
48 0.182871 0.522772 0.014029 0.009505
48 0.079935 0.591287 0.055465 0.047525
48 0.041272 0.582574 0.036215 0.050693
48 0.055954 0.564950 0.021207 0.027327
48 0.105873 0.556040 0.035563 0.054653
48 0.102447 0.759604 0.034584 0.050693
48 0.077977 0.762178 0.011093 0.013069
48 0.218597 0.690495 0.114192 0.117624
48 0.142088 0.738416 0.096248 0.051881
48 0.179935 0.749901 0.024470 0.017030
48 0.152855 0.687525 0.035563 0.047525
48 0.127406 0.696238 0.027080 0.040396
48 0.109299 0.709307 0.026754 0.046733
48 0.084176 0.713267 0.030016 0.044356
48 0.361011 0.618416 0.027732 0.021782
48 0.354812 0.602772 0.032300 0.025347
48 0.290049 0.637822 0.036542 0.047921
48 0.391843 0.588119 0.018923 0.022970
48 0.400163 0.606931 0.016639 0.022574
48 0.424144 0.601386 0.039152 0.025743
48 0.401794 0.585149 0.017292 0.021782
48 0.423165 0.589703 0.028711 0.014257
48 0.416150 0.577822 0.037520 0.023762
48 0.434747 0.635842 0.014682 0.017030
48 0.371778 0.648119 0.025775 0.016238
48 0.374225 0.666733 0.022186 0.028119
48 0.384992 0.662772 0.015661 0.028911
48 0.391517 0.657228 0.020881 0.037624
48 0.145024 0.825347 0.021207 0.015842
48 0.121207 0.798812 0.026427 0.022970
48 0.181892 0.815050 0.017945 0.016634
48 0.227406 0.779208 0.039152 0.030495
48 0.223328 0.760000 0.018597 0.027723
48 0.230016 0.755050 0.013703 0.014653
48 0.061990 0.816832 0.048940 0.029703
48 0.215661 0.898416 0.091354 0.098614
48 0.129364 0.872871 0.023817 0.025347
48 0.144046 0.868515 0.021207 0.022970
48 0.169821 0.837426 0.050571 0.028119
48 0.178140 0.859802 0.035889 0.024554
48 0.196737 0.847327 0.016313 0.027327
48 0.169821 0.804554 0.014029 0.014653
48 0.234258 0.822970 0.035237 0.041980
48 0.274715 0.745347 0.033279 0.041980
48 0.191517 0.769505 0.016313 0.024554
48 0.194127 0.534653 0.027406 0.030099
48 0.179445 0.575248 0.014356 0.027327
48 0.176020 0.599406 0.019250 0.019406
48 0.150082 0.554257 0.016313 0.032871
48 0.159054 0.548911 0.015334 0.027723
48 0.170310 0.547327 0.015661 0.027723
48 0.140457 0.527921 0.016639 0.030099
48 0.148940 0.525347 0.012724 0.028119
48 0.158401 0.520198 0.017292 0.033663
48 0.048613 0.455842 0.054812 0.060990
48 0.036542 0.487921 0.030669 0.033267
48 0.019902 0.493663 0.016313 0.031287
48 0.074878 0.550891 0.036868 0.025347
48 0.079119 0.566535 0.037520 0.022574
48 0.090865 0.649703 0.017945 0.019406
48 0.097716 0.668515 0.022512 0.030099
48 0.117455 0.643762 0.034584 0.017030
48 0.113051 0.600990 0.036868 0.017822
48 0.243230 0.499208 0.015987 0.016238
48 0.254812 0.488317 0.019576 0.022178
48 0.206199 0.489109 0.015661 0.022178
48 0.215987 0.485149 0.013703 0.022178
48 0.223817 0.480000 0.013703 0.023762
48 0.249103 0.514455 0.017292 0.020594
48 0.254812 0.501188 0.008483 0.008317
48 0.259217 0.511287 0.010114 0.016634
48 0.278956 0.504356 0.011093 0.020198
48 0.260848 0.459604 0.015987 0.029703
48 0.249918 0.460396 0.016313 0.022574
48 0.313214 0.477228 0.022838 0.041188
48 0.322349 0.475446 0.018923 0.040792
48 0.329853 0.471485 0.020881 0.043960
48 0.338336 0.468515 0.025449 0.049109
48 0.361501 0.453663 0.058728 0.062178
48 0.508320 0.461782 0.034584 0.053069
48 0.516966 0.494059 0.021207 0.017030
48 0.521207 0.507525 0.019902 0.022574
5 0.490538 0.465149 0.002936 0.003564
5 0.492170 0.469505 0.002284 0.003564
4 0.499184 0.489703 0.003263 0.005149
5 0.526427 0.569703 0.002936 0.003564
5 0.557749 0.570495 0.004241 0.003564
5 0.596737 0.505545 0.021533 0.024158
5 0.613214 0.553861 0.037520 0.047129
5 0.605710 0.524554 0.015987 0.019406
5 0.586786 0.554059 0.051876 0.060990
5 0.710930 0.435050 0.020228 0.029703
48 0.755302 0.389505 0.023491 0.024950
48 0.775856 0.373861 0.024144 0.030891
48 0.707830 0.386733 0.025775 0.019406
48 0.740783 0.375446 0.037520 0.019010
48 0.839967 0.379604 0.053834 0.040792
48 0.801468 0.394851 0.029690 0.041980
48 0.832300 0.352079 0.046330 0.033267
48 0.769984 0.229901 0.018271 0.020990
48 0.808483 0.270495 0.028711 0.018218
48 0.801468 0.243762 0.023165 0.031287
48 0.878793 0.097822 0.029690 0.034851
48 0.904078 0.091485 0.025449 0.032475
48 0.916476 0.107921 0.026754 0.015446
48 0.928548 0.095446 0.035889 0.045149
48 0.968516 0.095248 0.049266 0.071683
48 0.980424 0.289109 0.027406 0.102178
48 0.900816 0.290297 0.016966 0.035644
48 0.907341 0.274851 0.013051 0.011881
48 0.904894 0.352673 0.017945 0.024158
48 0.907504 0.320198 0.017292 0.017822
48 0.903426 0.308317 0.020228 0.015446
48 0.886786 0.316238 0.017618 0.017822
48 0.983197 0.358812 0.022512 0.033267
48 0.988581 0.382178 0.013051 0.021386
48 0.884992 0.507327 0.025775 0.048317
48 0.869494 0.510693 0.029364 0.049505
48 0.857749 0.519208 0.024144 0.044356
48 0.950082 0.644951 0.049592 0.042376
48 0.917781 0.602772 0.024144 0.044356
48 0.413540 0.702772 0.015334 0.021782
12 0.940457 0.814257 0.002936 0.003168
12 0.932953 0.819406 0.003589 0.003960
48 0.928222 0.752277 0.024144 0.021782
48 0.988744 0.745545 0.017945 0.027327
48 0.959217 0.745545 0.057423 0.057426
48 0.937520 0.718614 0.020555 0.018614
48 0.959706 0.699208 0.025122 0.025743
5 0.601958 0.749307 0.002610 0.003960
5 0.647308 0.755446 0.001958 0.002772
48 0.633279 0.752673 0.011746 0.012277
48 0.645840 0.762178 0.018597 0.032871
48 0.607830 0.729109 0.013703 0.014257
48 0.563948 0.693861 0.032300 0.036436
48 0.550734 0.704158 0.018271 0.030891
48 0.537684 0.720990 0.028711 0.015446
48 0.540457 0.679406 0.016639 0.023366
48 0.526917 0.683564 0.013703 0.019010
48 0.491680 0.658812 0.015661 0.036832
5 0.381077 0.624950 0.003915 0.003168
48 0.426101 0.647921 0.017618 0.030099
48 0.414356 0.649703 0.020228 0.028119
48 0.404241 0.652871 0.016966 0.028911
48 0.428548 0.625941 0.032300 0.020198
48 0.431648 0.614455 0.022838 0.013861
48 0.396411 0.631683 0.013051 0.019010
48 0.409625 0.624356 0.022512 0.019406
48 0.384339 0.635248 0.018271 0.019802
48 0.361990 0.635050 0.015987 0.021782
48 0.370310 0.627723 0.009788 0.006337
48 0.372431 0.635050 0.011419 0.009901
48 0.381892 0.608713 0.029038 0.036436
48 0.342577 0.573069 0.030016 0.037228
48 0.303915 0.564158 0.028385 0.012277
48 0.353670 0.534257 0.013051 0.014257
48 0.266884 0.538812 0.013051 0.020990
48 0.216639 0.500198 0.023491 0.015842
48 0.220881 0.506337 0.024796 0.013861
5 0.188091 0.468515 0.004241 0.002376
5 0.189233 0.471287 0.005220 0.003168
5 0.190049 0.473663 0.004241 0.002376
5 0.190375 0.475644 0.004894 0.002376
9 0.192496 0.456040 0.002610 0.005149
48 0.208320 0.447525 0.040131 0.040396
9 0.083687 0.474653 0.004241 0.008317
5 0.083197 0.480990 0.003263 0.004356
5 0.085155 0.485347 0.003263 0.004356
5 0.101958 0.512871 0.002284 0.003168
5 0.083197 0.536238 0.003915 0.003168
5 0.054323 0.550297 0.003589 0.002772
8 0.131321 0.514059 0.005546 0.003960
5 0.136215 0.511683 0.004241 0.003168
48 0.005383 0.498812 0.010767 0.025743
48 0.011256 0.494455 0.012072 0.020198
48 0.011256 0.522178 0.013377 0.024158
48 0.025775 0.540198 0.026101 0.028515
48 0.033768 0.513861 0.015334 0.022574
48 0.044046 0.505743 0.014356 0.019010
48 0.068026 0.497426 0.040783 0.034059
48 0.065090 0.493069 0.014029 0.015050
48 0.041925 0.535644 0.016639 0.024950
48 0.052365 0.528119 0.021207 0.029703
48 0.066884 0.524158 0.025449 0.026535
48 0.085155 0.518020 0.024144 0.027723
6 0.046656 0.756436 0.004568 0.011881
6 0.055954 0.753663 0.004894 0.012673
9 0.054486 0.794653 0.004568 0.008317
9 0.049429 0.796634 0.008157 0.005149
48 0.132626 0.794059 0.012724 0.020594
48 0.137520 0.790099 0.013377 0.020594
48 0.145840 0.791287 0.016966 0.025347
48 0.157912 0.808911 0.018271 0.019406
48 0.152365 0.787921 0.016966 0.023366
48 0.163295 0.783960 0.012724 0.024950
48 0.172757 0.778614 0.021207 0.026139
48 0.183687 0.796040 0.022186 0.020594
48 0.197064 0.788713 0.018923 0.020198
48 0.199511 0.804752 0.021860 0.018218
48 0.205546 0.824554 0.027406 0.019802
48 0.199511 0.816832 0.028385 0.014653
48 0.207341 0.843960 0.019250 0.024554
48 0.217781 0.839010 0.017292 0.024158
9 0.452365 0.906337 0.002936 0.004356
5 0.457586 0.919802 0.002284 0.003564
9 0.465742 0.942772 0.004241 0.008317
9 0.443393 0.882574 0.002610 0.003564
9 0.430343 0.848713 0.003915 0.007129
5 0.435889 0.863168 0.002610 0.004356
9 0.557259 0.905347 0.004568 0.006337
9 0.555302 0.899604 0.002610 0.005149
48 0.516803 0.771485 0.016313 0.027723
5 0.595269 0.733663 0.002284 0.003564
5 0.591680 0.723762 0.002284 0.002772
5 0.597553 0.726733 0.002284 0.003168
5 0.614192 0.768713 0.002284 0.003168
48 0.596900 0.777822 0.023817 0.014257
48 0.590865 0.760198 0.021533 0.012277
48 0.572757 0.738812 0.046656 0.055050
48 0.547308 0.762772 0.016639 0.026931
48 0.551550 0.748515 0.019250 0.045149
48 0.674062 0.707525 0.024796 0.015446
48 0.795269 0.640990 0.012072 0.022574
5 0.851550 0.598614 0.002610 0.003564
48 0.979119 0.601782 0.033931 0.036040
48 0.991843 0.661980 0.010440 0.024158
48 0.702936 0.806733 0.030995 0.018218
48 0.699511 0.796436 0.010440 0.011881
48 0.686297 0.816040 0.012072 0.012277
48 0.660033 0.825149 0.042414 0.031287
48 0.670799 0.843168 0.017618 0.012673
48 0.676509 0.831287 0.025122 0.013465
48 0.714193 0.830693 0.030016 0.016238
48 0.730179 0.838812 0.023491 0.031683
48 0.750408 0.830099 0.018923 0.025347
5 0.800489 0.841188 0.004241 0.001584
9 0.454486 0.912475 0.003915 0.008713
48 0.228711 0.971287 0.034584 0.026535
48 0.211582 0.761980 0.017945 0.030099
48 0.243393 0.763762 0.022186 0.046337
48 0.233116 0.796040 0.032953 0.022178
48 0.248450 0.814257 0.024470 0.030099
48 0.263948 0.808317 0.024796 0.038812
48 0.289723 0.799604 0.039804 0.041188
48 0.258401 0.749109 0.017618 0.032871
48 0.249266 0.754851 0.015661 0.030891
48 0.277162 0.771683 0.036868 0.028119
48 0.344209 0.736634 0.015661 0.023762
48 0.316803 0.719010 0.031974 0.025743
48 0.333442 0.714257 0.014356 0.022574
48 0.403263 0.784356 0.018271 0.015446
48 0.331648 0.778614 0.046656 0.043564
48 0.376835 0.769703 0.015008 0.022574
48 0.360033 0.768515 0.025122 0.044752
5 0.334910 0.700792 0.004894 0.002772
5 0.338825 0.699208 0.004894 0.002772
5 0.305873 0.711287 0.004894 0.002376
5 0.301305 0.712871 0.003589 0.002376
5 0.272920 0.723168 0.004241 0.002376
5 0.261664 0.728119 0.003263 0.002772
5 0.256770 0.730099 0.003915 0.002772
5 0.252529 0.732277 0.004568 0.003168
5 0.165416 0.818812 0.022838 0.017030
48 0.168026 0.851881 0.028059 0.015842
48 0.191517 0.854455 0.009788 0.013069
6 0.581566 0.975644 0.003589 0.007525
9 0.575530 0.972871 0.003915 0.006733
5 0.572431 0.962970 0.002936 0.004356
48 0.785971 0.910891 0.018271 0.014257
48 0.081077 0.839208 0.115824 0.083960
9 0.082545 0.787921 0.004568 0.007525
9 0.085155 0.786337 0.005220 0.007525
9 0.201631 0.147525 0.006525 0.003564
5 0.224959 0.125545 0.004241 0.003960
5 0.226427 0.123564 0.003915 0.003960
5 0.229853 0.128911 0.004894 0.004356
5 0.233605 0.122574 0.002610 0.004356
5 0.261338 0.119604 0.005220 0.003168
5 0.200489 0.129703 0.002936 0.003564
5 0.196737 0.151683 0.003263 0.003168
5 0.114192 0.119604 0.002610 0.003960
5 0.117945 0.107327 0.002936 0.003168
5 0.129690 0.099604 0.003589 0.004356
5 0.119250 0.109505 0.003589 0.005149
5 0.123165 0.112871 0.003589 0.004752
5 0.125122 0.114059 0.003589 0.003960
5 0.128874 0.117624 0.002610 0.003960
5 0.130832 0.119010 0.003263 0.005149
5 0.132953 0.120594 0.004241 0.005149
5 0.136705 0.123762 0.003263 0.004356
5 0.138499 0.124950 0.003589 0.005149
5 0.142577 0.127921 0.003915 0.004752
5 0.155139 0.119208 0.003589 0.003960
5 0.149266 0.115842 0.002936 0.003564
5 0.144698 0.110891 0.004241 0.003960
5 0.141436 0.108911 0.004241 0.003960
5 0.137357 0.105941 0.003915 0.004356
5 0.132790 0.103366 0.003915 0.005545
56 0.371452 0.106535 0.128874 0.051485
56 0.272268 0.053663 0.029038 0.048713
56 0.287439 0.050297 0.016313 0.011089
56 0.313051 0.037426 0.023817 0.041584
56 0.328874 0.040198 0.017618 0.023366
56 0.372268 0.016436 0.015661 0.016238
56 0.506525 0.061188 0.165416 0.067723
5 0.248450 0.344752 0.001631 0.002772
5 0.250245 0.343366 0.001958 0.002376
5 0.252365 0.343168 0.002284 0.001980
5 0.256933 0.341386 0.001631 0.003168
5 0.263458 0.338614 0.002284 0.002376
5 0.265579 0.337624 0.002610 0.002772
5 0.272920 0.335248 0.002284 0.002772
5 0.274715 0.334257 0.002610 0.003960
48 0.578956 0.323762 0.021860 0.036832
48 0.570147 0.350099 0.029690 0.019802
48 0.499674 0.284752 0.023817 0.024554
48 0.510277 0.613861 0.017618 0.020594
5 0.515661 0.645941 0.002284 0.003960
5 0.497553 0.738020 0.002610 0.003564
5 0.274388 0.705149 0.002610 0.004356
5 0.277325 0.699604 0.003263 0.005149
5 0.310604 0.709307 0.003915 0.002376
5 0.236378 0.605545 0.002936 0.003960
5 0.196900 0.499802 0.002284 0.003168
12 0.091354 0.531881 0.003915 0.003168
5 0.106362 0.247327 0.003915 0.001980
5 0.108320 0.249901 0.004568 0.003168
5 0.148450 0.227525 0.003263 0.005149
5 0.150897 0.226535 0.002936 0.003960
5 0.142577 0.213663 0.003263 0.004356
5 0.221697 0.103366 0.004241 0.003960
5 0.226101 0.106535 0.004568 0.003960
5 0.449592 0.220990 0.003915 0.001584
5 0.464600 0.213465 0.004568 0.002376
5 0.473409 0.220594 0.004568 0.002376
5 0.470473 0.222178 0.003915 0.001584
5 0.482545 0.218614 0.003263 0.002376
5 0.526101 0.183168 0.003589 0.001980
5 0.527243 0.185149 0.004568 0.001980
5 0.522675 0.186733 0.003915 0.001980
5 0.518923 0.188713 0.004894 0.002772
5 0.521044 0.190297 0.004568 0.002772
5 0.524470 0.188317 0.003589 0.001980
5 0.527732 0.186931 0.004894 0.002376
5 0.528385 0.188713 0.004894 0.001980
5 0.529853 0.190297 0.003915 0.001980
5 0.522838 0.192475 0.003589 0.002376
5 0.525122 0.190099 0.004241 0.002376
5 0.517945 0.191683 0.003589 0.002376
5 0.633768 0.153861 0.004241 0.002772
5 0.628548 0.141980 0.004894 0.002772
5 0.630179 0.145743 0.004241 0.002376
5 0.627080 0.148911 0.003915 0.001584
5 0.625286 0.145545 0.004241 0.002772
5 0.624470 0.143168 0.005220 0.001980
5 0.622023 0.141584 0.005546 0.001980
5 0.620718 0.144356 0.004894 0.001980
5 0.622023 0.146337 0.004894 0.002772
5 0.623002 0.148713 0.004894 0.001980
5 0.623980 0.150297 0.004241 0.002772
5 0.625286 0.152277 0.004241 0.001980
5 0.617455 0.143366 0.006199 0.002376
5 0.617292 0.145941 0.005220 0.002772
5 0.618108 0.147921 0.004894 0.002772
5 0.619576 0.150099 0.004568 0.002376
5 0.621044 0.151881 0.004894 0.001980
5 0.606688 0.154851 0.004241 0.002376
5 0.600816 0.152475 0.004241 0.002376
5 0.601794 0.154455 0.003589 0.002376
5 0.602936 0.156436 0.003915 0.002376
5 0.599021 0.159010 0.003915 0.001980
5 0.599837 0.160792 0.002936 0.001584
5 0.596900 0.165149 0.003589 0.002376
5 0.591517 0.154257 0.005220 0.003564
5 0.592659 0.156634 0.004894 0.002772
5 0.593964 0.158812 0.004894 0.003168
5 0.595432 0.160792 0.003915 0.002376
5 0.596411 0.162376 0.003263 0.002376
5 0.589886 0.160594 0.005220 0.002772
5 0.588581 0.158614 0.004568 0.003564
5 0.591354 0.163168 0.004894 0.002376
5 0.587765 0.156040 0.004894 0.003168
5 0.684992 0.118614 0.004241 0.001980
5 0.684013 0.117030 0.003589 0.002772
5 0.687439 0.115842 0.004568 0.002772
5 0.688418 0.117426 0.003915 0.002772
5 0.816150 0.250693 0.002284 0.003960
5 0.818597 0.256040 0.002610 0.003564
48 0.802773 0.213069 0.012724 0.012673
48 0.844698 0.226337 0.009788 0.015446
48 0.852365 0.226535 0.010767 0.009505
5 0.795759 0.714059 0.001958 0.003168
5 0.797390 0.718218 0.002610 0.004356
48 0.717781 0.747921 0.014356 0.013861
48 0.727406 0.742772 0.010114 0.013861
48 0.681240 0.754851 0.013703 0.021386
48 0.694617 0.746931 0.022186 0.028515
48 0.767047 0.679010 0.013703 0.009901
48 0.747961 0.679406 0.019902 0.032079
5 0.673736 0.556238 0.003263 0.005149
5 0.668842 0.535049 0.003915 0.002376
5 0.670473 0.537030 0.004568 0.002376
5 0.670962 0.539802 0.004241 0.002376
5 0.672431 0.542376 0.003915 0.002772
5 0.672757 0.544752 0.003915 0.002772
5 0.673899 0.547327 0.004894 0.003168
5 0.674878 0.549505 0.004894 0.002772
5 0.647798 0.564356 0.002936 0.005545
5 0.650245 0.563564 0.003263 0.004752
5 0.635563 0.561386 0.003263 0.004356
5 0.634095 0.557228 0.002936 0.003168
9 0.628222 0.542574 0.006199 0.010297
48 0.574551 0.680990 0.013051 0.021782
48 0.435237 0.671485 0.025449 0.024950
48 0.450245 0.683762 0.035889 0.020198
5 0.361501 0.689703 0.003915 0.002772
5 0.345188 0.696634 0.003915 0.002376
48 0.339641 0.676238 0.008483 0.008317
48 0.310604 0.648119 0.010440 0.015446
48 0.332137 0.651881 0.035889 0.015050
48 0.308157 0.637228 0.015987 0.011881
9 0.481240 0.116040 0.016313 0.008713
9 0.503752 0.108713 0.016313 0.007525
53 0.108157 0.191683 0.075367 0.060990
53 0.004568 0.868515 0.009135 0.056238
48 0.648777 0.694851 0.015334 0.019406
5 0.676183 0.925545 0.004241 0.005545
47 0.435073 0.916436 0.006852 0.007129
47 0.111256 0.908119 0.015661 0.011089
53 0.132953 0.300000 0.036868 0.047129
5 0.089070 0.303762 0.004568 0.007129
47 0.090049 0.345743 0.010440 0.007129
53 0.006199 0.318812 0.012398 0.039604
23 0.005383 0.274653 0.010767 0.020990
23 0.002773 0.278614 0.005546 0.018614
23 0.001305 0.283960 0.002610 0.020594
28 0.052692 0.295446 0.047961 0.023762
24 0.079282 0.279208 0.018271 0.010297
26 0.083197 0.282772 0.017618 0.011089
26 0.087113 0.287525 0.020228 0.011089
28 0.050082 0.287525 0.035563 0.020594
28 0.045188 0.279604 0.031648 0.015842
28 0.017618 0.302376 0.016313 0.013069
56 0.391517 0.144752 0.028059 0.027327
56 0.422186 0.133861 0.035889 0.028515
48 0.107830 0.229901 0.015334 0.018614
56 0.054976 0.338416 0.022512 0.016238
38 0.306036 0.094455 0.020228 0.043168
37 0.309951 0.134059 0.050245 0.054257
38 0.348940 0.075842 0.066232 0.051089
7 0.446493 0.314653 0.009462 0.005149
7 0.447308 0.318020 0.007830 0.005545
6 0.093964 0.780990 0.007830 0.014257
6 0.142414 0.770693 0.012724 0.007129
5 0.153670 0.771881 0.004568 0.003168
5 0.148940 0.773861 0.005546 0.003168
5 0.138989 0.777822 0.005220 0.003960
4 0.466232 0.325545 0.006525 0.003960
4 0.465579 0.321782 0.005220 0.002772
4 0.465090 0.318416 0.005546 0.003168
4 0.460522 0.313465 0.006199 0.005941
48 0.445514 0.642376 0.029038 0.032475
26 0.012887 0.167129 0.025775 0.011881
26 0.016966 0.176238 0.033931 0.020594
23 0.092496 0.270099 0.007504 0.012673
48 0.634910 0.253663 0.013703 0.030495
48 0.579772 0.875644 0.016966 0.020594
48 0.696085 0.437426 0.021860 0.028119
48 0.466232 0.558020 0.021533 0.019802
48 0.929201 0.769901 0.022186 0.023762
48 0.621370 0.761584 0.022512 0.026139
48 0.875041 0.254455 0.018271 0.026535
48 0.584666 0.480594 0.028711 0.028911
48 0.415661 0.837426 0.018923 0.017822
48 0.447145 0.849901 0.021860 0.024554
48 0.610767 0.463168 0.036542 0.049505
48 0.574878 0.365941 0.033279 0.035644
5 0.237194 0.346139 0.005220 0.003960
5 0.818271 0.835644 0.005220 0.003168
5 0.093964 0.506733 0.003263 0.005941
48 0.371289 0.912277 0.031974 0.032079
48 0.585481 0.839010 0.031648 0.052673
48 0.883850 0.649505 0.023491 0.011881
48 0.401468 0.534455 0.027080 0.013861
48 0.296248 0.534653 0.007178 0.008713
48 0.301305 0.554851 0.028385 0.017426
48 0.381729 0.820792 0.010440 0.008317
48 0.441925 0.827723 0.025122 0.015842
48 0.615987 0.807327 0.015008 0.018614
48 0.667700 0.559208 0.009462 0.007921
48 0.707504 0.275644 0.004241 0.003960
48 0.254976 0.605941 0.027732 0.033267
48 0.281240 0.221584 0.048287 0.065347
48 0.603100 0.709505 0.030343 0.028911
48 0.374878 0.742376 0.022838 0.011485
48 0.394617 0.690495 0.012724 0.021782
48 0.901958 0.386535 0.051223 0.045941
48 0.971126 0.324554 0.034910 0.038416
48 0.850571 0.247129 0.011746 0.030099
48 0.410440 0.341584 0.066558 0.043960
48 0.301958 0.620198 0.029690 0.032475
48 0.929038 0.303960 0.022512 0.017822
5 0.256770 0.109505 0.007178 0.005149
5 0.631158 0.824356 0.002936 0.005149
5 0.577651 0.979010 0.002936 0.004752
5 0.323817 0.704753 0.004894 0.003564
5 0.261175 0.670297 0.002936 0.005149
5 0.096574 0.969109 0.004568 0.003960
5 0.076020 0.949307 0.004568 0.003960
51 0.770636 0.612079 0.028059 0.032871
48 0.049429 0.067921 0.057096 0.070891
48 0.481892 0.922178 0.052202 0.050297
48 0.317781 0.694257 0.011746 0.011089
48 0.276020 0.663366 0.008483 0.009505
48 0.384992 0.395050 0.035237 0.032871
48 0.964763 0.178812 0.028711 0.013861
48 0.755139 0.811683 0.014029 0.014653
48 0.758728 0.798614 0.007504 0.009901
48 0.713377 0.721980 0.032300 0.034851
48 0.745024 0.211089 0.015987 0.026931
48 0.779772 0.809505 0.015008 0.045149
48 0.716803 0.460792 0.044372 0.030495
48 0.867537 0.406733 0.033279 0.038020
48 0.675530 0.379010 0.031648 0.038020
48 0.358564 0.323960 0.039152 0.026931
48 0.329364 0.383168 0.016639 0.023366
48 0.885644 0.184356 0.028385 0.031287
5 0.651387 0.552079 0.003589 0.005545
5 0.846982 0.843366 0.003263 0.005149
5 0.482871 0.990099 0.003263 0.005545
5 0.427080 0.839208 0.003263 0.004752
26 0.020392 0.199208 0.017945 0.027723
51 0.825285 0.724158 0.015334 0.013069
26 0.043230 0.188911 0.014029 0.021386
48 0.638010 0.696238 0.014682 0.015050
48 0.668679 0.449109 0.031648 0.028515
48 0.785807 0.340396 0.036868 0.062970
48 0.512235 0.279406 0.015661 0.024158
48 0.390538 0.518416 0.039152 0.020594
48 0.305710 0.541782 0.007178 0.010297
48 0.394127 0.420396 0.028059 0.023366
48 0.245514 0.471485 0.021207 0.028911
48 0.918597 0.194455 0.023817 0.011881
48 0.685644 0.500396 0.008809 0.011485
48 0.594290 0.682772 0.030995 0.033267
48 0.616313 0.224158 0.020228 0.014257
48 0.697716 0.859208 0.022512 0.022574
48 0.831648 0.475049 0.052202 0.049505
48 0.506036 0.584554 0.031974 0.041980
48 0.630832 0.519010 0.030343 0.032871
48 0.900163 0.593663 0.024796 0.025347
48 0.482871 0.830891 0.022186 0.027723
5 0.190212 0.349703 0.004568 0.003960
5 0.156770 0.332871 0.004894 0.005149
5 0.129038 0.250693 0.005546 0.003960
5 0.250082 0.321782 0.005546 0.004356
5 0.284176 0.309703 0.005873 0.003960
5 0.027732 0.013663 0.003915 0.004356
5 0.080261 0.953465 0.004568 0.003564
5 0.073083 0.946733 0.003915 0.003564
5 0.149429 0.503960 0.005873 0.004356
48 0.318923 0.748317 0.049266 0.037624
48 0.626917 0.779010 0.015987 0.015842
48 0.444861 0.699406 0.053834 0.024554
48 0.283850 0.528515 0.011746 0.020990
48 0.191843 0.404950 0.048287 0.071683
48 0.491843 0.500990 0.013377 0.009505
48 0.892659 0.824356 0.069821 0.059802
48 0.680261 0.588317 0.037847 0.052673
48 0.720228 0.850495 0.015987 0.026535
48 0.366395 0.712277 0.017618 0.008317
48 0.401794 0.681782 0.014029 0.020198
48 0.510440 0.750495 0.024470 0.026931
48 0.837357 0.426535 0.039478 0.045149
48 0.829690 0.255248 0.011746 0.024950
48 0.486460 0.756832 0.026754 0.020594
48 0.271452 0.634257 0.022838 0.029703
5 0.073899 0.330891 0.004241 0.005941
5 0.121044 0.245149 0.005220 0.004752
5 0.118760 0.226535 0.005220 0.003960
5 0.209625 0.364951 0.002936 0.005149
5 0.230506 0.354257 0.002936 0.005149
5 0.307830 0.270495 0.005546 0.003960
5 0.987113 0.777426 0.005546 0.003168
5 0.293148 0.757426 0.002936 0.005149
6 0.076509 0.728713 0.006199 0.013465
48 0.979119 0.619208 0.016966 0.017030
48 0.308972 0.578614 0.005873 0.006337
48 0.420392 0.388713 0.031648 0.048713
48 0.847635 0.123564 0.020881 0.025347
48 0.447635 0.814257 0.017618 0.010297
48 0.283850 0.652277 0.007830 0.007921
48 0.711909 0.277426 0.007178 0.008317
48 0.121533 0.447723 0.066884 0.087525
48 0.977814 0.804554 0.039152 0.047129
48 0.708972 0.882970 0.097879 0.059802
48 0.575367 0.930495 0.023165 0.032871
48 0.608320 0.266733 0.011419 0.022574
48 0.781240 0.640396 0.022512 0.019010
48 0.410767 0.748317 0.024144 0.010693
48 0.748776 0.549505 0.035237 0.041584
48 0.916966 0.337822 0.027732 0.034851
5 0.094290 0.083366 0.003263 0.005149
5 0.566884 0.946139 0.002936 0.004752
5 0.361990 0.692277 0.005546 0.003960
51 0.859706 0.708317 0.028711 0.019406
48 0.511909 0.824752 0.016966 0.013069
48 0.930506 0.596436 0.027406 0.045149
48 0.919739 0.291881 0.029364 0.030099
48 0.635726 0.334851 0.015987 0.028911
48 0.358238 0.402376 0.013703 0.011089
48 0.774551 0.543960 0.012398 0.009109
48 0.849266 0.557822 0.017618 0.020990
48 0.738336 0.794653 0.004568 0.004356
48 0.436052 0.881980 0.011419 0.015842
48 0.828385 0.590099 0.033931 0.026139
48 0.642251 0.287129 0.026427 0.030099
48 0.561990 0.279208 0.024470 0.040396
48 0.592985 0.245545 0.019250 0.014257
48 0.414029 0.681782 0.012398 0.020990
48 0.621207 0.635842 0.092659 0.115248
48 0.921860 0.651089 0.026427 0.050693
48 0.973736 0.708713 0.046003 0.020990
48 0.864763 0.160792 0.021860 0.023762
48 0.554160 0.483366 0.045351 0.051089
48 0.955465 0.159208 0.030995 0.034851
5 0.314356 0.296238 0.004894 0.003960
5 0.202610 0.514257 0.004568 0.005149
48 0.265905 0.880000 0.045024 0.096634
48 0.499511 0.804950 0.031974 0.033663
48 0.527406 0.441782 0.023165 0.037624
48 0.781892 0.246535 0.034258 0.028119
48 0.603100 0.342574 0.006199 0.009505
48 0.304894 0.572871 0.012724 0.005941
48 0.332953 0.682970 0.012072 0.023366
48 0.860522 0.146337 0.008809 0.005941
48 0.408972 0.821980 0.020555 0.014653
48 0.734747 0.797624 0.006525 0.007921
48 0.738173 0.804950 0.008157 0.013861
48 0.510930 0.548119 0.025449 0.031683
48 0.601468 0.272277 0.015334 0.024158
48 0.607667 0.209505 0.024470 0.018218
48 0.783034 0.752673 0.026101 0.043960
48 0.378793 0.751485 0.024796 0.013861
48 0.719739 0.485941 0.031321 0.034851
48 0.864111 0.245149 0.018597 0.029307
48 0.801305 0.254653 0.035889 0.024554
48 0.387602 0.852673 0.020228 0.026139
48 0.474062 0.898416 0.035237 0.021782
48 0.370636 0.355049 0.048287 0.049505
48 0.361990 0.299208 0.021207 0.025743
5 0.145188 0.370891 0.005220 0.003564
5 0.126264 0.236238 0.005220 0.004356
5 0.213703 0.362574 0.002610 0.005149
5 0.946330 0.792079 0.004894 0.003960
5 0.463622 0.936040 0.002610 0.005149
5 0.354160 0.693267 0.004894 0.003564
5 0.342414 0.889505 0.002936 0.004752
48 0.386949 0.965743 0.033279 0.036832
48 0.630016 0.459604 0.033931 0.058218
48 0.605383 0.366931 0.030343 0.040792
48 0.609135 0.340396 0.007830 0.003564
48 0.301794 0.532673 0.009788 0.011881
48 0.306688 0.697426 0.014356 0.011089
48 0.874878 0.151089 0.014682 0.025743
48 0.344861 0.852673 0.026101 0.014257
48 0.425449 0.169307 0.093312 0.074851
48 0.598369 0.404950 0.045024 0.040000
48 0.586460 0.272277 0.015987 0.031287
48 0.540783 0.283960 0.032953 0.045149
48 0.623491 0.255842 0.014356 0.025347
48 0.628059 0.853663 0.026101 0.020990
48 0.858075 0.446535 0.029364 0.032079
48 0.454812 0.582772 0.030669 0.018614
48 0.905546 0.488119 0.028385 0.027327
48 0.806036 0.318614 0.030995 0.035248
48 0.288091 0.429901 0.038499 0.037624
48 0.845840 0.750495 0.023165 0.029307
5 0.115824 0.271287 0.005873 0.005545
5 0.306036 0.266931 0.006525 0.003960
5 0.382219 0.283762 0.005546 0.003564
5 0.014519 0.010297 0.004241 0.003960
5 0.910440 0.847525 0.002936 0.005545
5 0.488581 0.991287 0.002936 0.003960
5 0.354486 0.903168 0.004894 0.003564
5 0.100326 0.972475 0.004894 0.003564
48 0.839804 0.533663 0.018923 0.028119
48 0.870147 0.334257 0.018923 0.018218
48 0.971615 0.210297 0.045024 0.041188
48 0.481892 0.289901 0.027406 0.020594
48 0.597064 0.344950 0.009788 0.010297
48 0.560033 0.532277 0.014682 0.031683
48 0.300816 0.581584 0.007178 0.009901
48 0.442577 0.391485 0.029690 0.017822
48 0.445514 0.835248 0.024470 0.010297
48 0.743230 0.813663 0.009788 0.009109
48 0.694127 0.556634 0.011419 0.008317
48 0.633931 0.909307 0.048940 0.038020
48 0.731974 0.626139 0.040783 0.036436
48 0.932300 0.420594 0.121697 0.068119
48 0.861827 0.726733 0.024470 0.021386
48 0.624959 0.494257 0.023165 0.019802
48 0.884992 0.734455 0.038173 0.028119
48 0.395595 0.822574 0.013377 0.015842
48 0.337031 0.363168 0.026101 0.018218
5 0.195595 0.351485 0.004894 0.003564
5 0.129364 0.232277 0.006199 0.005149
5 0.221370 0.358218 0.003589 0.006733
5 0.262806 0.314257 0.006199 0.004356
5 0.218434 0.131485 0.003589 0.003960
5 0.578793 0.966535 0.003263 0.004356
5 0.329364 0.702574 0.004894 0.003168
5 0.357586 0.930099 0.003263 0.005941
5 0.129527 0.992475 0.005220 0.004752
26 0.009135 0.201386 0.013703 0.028119
26 0.054160 0.184752 0.015661 0.024158
26 0.043230 0.228317 0.015987 0.033663
26 0.064437 0.220594 0.014029 0.026139
48 0.084666 0.883564 0.041436 0.020594
48 0.296411 0.724554 0.022512 0.022574
48 0.321207 0.534257 0.015334 0.012673
48 0.297553 0.453465 0.040457 0.018218
48 0.403263 0.865347 0.012398 0.018218
48 0.404894 0.810693 0.013051 0.009505
48 0.694290 0.841980 0.022186 0.019010
48 0.629364 0.407921 0.005873 0.007129
48 0.635889 0.425743 0.011093 0.005545
48 0.456281 0.891287 0.006852 0.006733
48 0.459706 0.762178 0.025449 0.024950
48 0.424796 0.676040 0.014356 0.022178
48 0.956117 0.678218 0.036215 0.030495
48 0.760522 0.337228 0.028711 0.036832
48 0.858564 0.272673 0.017292 0.017030
48 0.489723 0.775644 0.033931 0.032871
48 0.436705 0.428119 0.038825 0.047525
48 0.344861 0.661386 0.024144 0.022178
5 0.127406 0.254653 0.005546 0.003960
5 0.232953 0.353069 0.002610 0.005149
5 0.244535 0.347723 0.002936 0.004752
5 0.727569 0.063762 0.004568 0.003960
5 0.663458 0.546931 0.003589 0.007129
5 0.577488 0.961980 0.003263 0.004752
5 0.417129 0.813069 0.002936 0.005545
48 0.949755 0.617426 0.026754 0.013465
48 0.692985 0.420594 0.026754 0.022970
48 0.828711 0.320594 0.030016 0.036040
48 0.590375 0.333663 0.006199 0.005149
48 0.317292 0.423366 0.019902 0.027723
48 0.310930 0.676040 0.013703 0.038812
48 0.274062 0.465347 0.015661 0.012673
48 0.721044 0.818020 0.017618 0.009109
48 0.637847 0.553465 0.007830 0.012277
48 0.623491 0.385941 0.018923 0.013861
48 0.555302 0.235050 0.019576 0.028119
48 0.820718 0.814653 0.022512 0.015050
48 0.637684 0.879802 0.027080 0.019406
48 0.470473 0.787921 0.022186 0.024950
48 0.370147 0.726139 0.023817 0.022574
48 0.352692 0.512277 0.030016 0.038416
48 0.604078 0.789109 0.020555 0.017822
7 0.299347 0.285347 0.006852 0.005149
48 0.360848 0.828911 0.024144 0.022970
48 0.300163 0.391287 0.022838 0.027723
48 0.288907 0.401188 0.014682 0.015050
48 0.317129 0.388515 0.016313 0.022178
48 0.286949 0.495644 0.022512 0.028911
5 0.132463 0.246337 0.005220 0.004752
5 0.132463 0.229901 0.005220 0.004356
5 0.279608 0.294851 0.003915 0.005941
5 0.014682 0.018218 0.004568 0.003960
5 0.905710 0.847921 0.002610 0.004752
5 0.890049 0.865545 0.003915 0.005149
5 0.904241 0.861782 0.005546 0.005545
5 0.580261 0.971089 0.003589 0.004752
5 0.112561 0.788515 0.005220 0.003960
5 0.029364 0.562574 0.004568 0.003564
51 0.419739 0.759802 0.033605 0.021782
48 0.836705 0.512079 0.027080 0.027723
48 0.323491 0.949307 0.097553 0.087921
48 0.501142 0.828515 0.010440 0.019010
48 0.966395 0.581188 0.015008 0.020990
48 0.918923 0.271683 0.018597 0.024554
48 0.885808 0.217624 0.059380 0.044752
48 0.661338 0.321584 0.050245 0.053861
48 0.277814 0.477030 0.021207 0.017030
48 0.798369 0.157624 0.015661 0.014257
48 0.369821 0.846733 0.013377 0.010297
48 0.783524 0.786535 0.011419 0.006337
48 0.621370 0.819010 0.008157 0.007921
48 0.235073 0.402574 0.072104 0.098614
48 0.666068 0.691485 0.027080 0.026931
48 0.803589 0.868317 0.093964 0.064554
48 0.687765 0.788515 0.018923 0.030891
48 0.754976 0.770495 0.034584 0.043960
48 0.814356 0.786337 0.017618 0.010693
48 0.531974 0.701386 0.037520 0.032475
48 0.676183 0.866733 0.036868 0.040000
48 0.725938 0.243762 0.022838 0.023366
48 0.320718 0.863762 0.016966 0.014257
48 0.325612 0.895842 0.037847 0.024554
48 0.239152 0.489703 0.016966 0.016238
48 0.348613 0.419208 0.054486 0.024158
5 0.216150 0.360990 0.002936 0.005149
5 0.261501 0.340000 0.002936 0.005941
5 0.980914 0.779208 0.004894 0.002772
5 0.292496 0.741188 0.003589 0.005149
5 0.275530 0.709505 0.002936 0.005941
5 0.092496 0.965149 0.005546 0.004752
5 0.069494 0.943564 0.005220 0.005149
5 0.178467 0.421188 0.003263 0.006733
51 0.533768 0.811881 0.021533 0.022178
48 0.823328 0.106535 0.030995 0.037228
48 0.964763 0.563168 0.024144 0.017426
48 0.695432 0.328713 0.027732 0.029307
48 0.585318 0.302970 0.013703 0.009505
48 0.294290 0.588515 0.005220 0.005545
48 0.738010 0.595446 0.011746 0.018614
48 0.657259 0.574059 0.009462 0.007525
48 0.423491 0.508911 0.024796 0.025347
48 0.428222 0.879604 0.008157 0.009505
48 0.157423 0.439802 0.053181 0.097030
48 0.714356 0.220594 0.015334 0.023762
48 0.816476 0.802376 0.021207 0.010297
48 0.355139 0.680396 0.016639 0.016634
48 0.877325 0.629901 0.020881 0.026535
48 0.710767 0.605545 0.021207 0.019802
48 0.825285 0.567327 0.023817 0.029703
48 0.842741 0.276634 0.022838 0.020198
48 0.720555 0.423366 0.021207 0.032475
48 0.395595 0.845347 0.015987 0.019406
48 0.384176 0.309307 0.029690 0.036436
48 0.303589 0.361386 0.023817 0.032079
48 0.408972 0.547525 0.029690 0.024158
5 0.239641 0.350099 0.002936 0.005545
5 0.270473 0.335842 0.003263 0.007129
5 0.918108 0.857030 0.002610 0.004752
5 0.570147 0.956040 0.002284 0.003960
5 0.084339 0.956832 0.004894 0.003960
48 0.378467 0.938416 0.037194 0.026535
48 0.649592 0.460198 0.020881 0.029307
48 0.785155 0.398614 0.022512 0.030495
48 0.883361 0.289703 0.034258 0.036832
48 0.269494 0.451881 0.015008 0.026931
48 0.395759 0.872673 0.013703 0.013861
48 0.685155 0.510099 0.011746 0.007921
48 0.712724 0.302376 0.019250 0.007525
48 0.735726 0.721980 0.022838 0.044356
48 0.815824 0.794455 0.018597 0.011089
48 0.351876 0.808713 0.019250 0.013465
48 0.765416 0.579802 0.045677 0.031683
48 0.792659 0.548911 0.034258 0.062574
48 0.619413 0.741188 0.033605 0.020990
48 0.926264 0.137426 0.024144 0.024554
48 0.277162 0.366139 0.023165 0.023366
48 0.475693 0.737822 0.027406 0.021386
48 0.276672 0.607525 0.020881 0.016634
5 0.076183 0.329703 0.003589 0.005941
5 0.122675 0.242970 0.005220 0.004356
5 0.205383 0.366535 0.002936 0.005149
5 0.235237 0.351881 0.003263 0.005149
5 0.505710 0.301980 0.003915 0.007525
5 0.106525 0.035446 0.004894 0.005941
5 0.300326 0.769109 0.002936 0.005545
24 0.086786 0.267129 0.005220 0.009109
48 0.491843 0.874455 0.053181 0.054653
48 0.546329 0.793069 0.056444 0.044752
48 0.323817 0.620594 0.036215 0.035644
48 0.700489 0.366535 0.034584 0.038416
48 0.864274 0.324158 0.026101 0.019406
48 0.331648 0.410891 0.030343 0.024950
48 0.339641 0.549703 0.029364 0.022970
48 0.336215 0.640000 0.021860 0.019010
48 0.212072 0.513861 0.008483 0.011485
48 0.763785 0.810693 0.005220 0.006337
48 0.749755 0.801386 0.003915 0.004356
48 0.519576 0.953663 0.086460 0.051485
48 0.841599 0.797030 0.021207 0.025743
48 0.455302 0.530891 0.032300 0.036832
48 0.901305 0.169307 0.028385 0.028119
48 0.934421 0.156238 0.024796 0.030495
48 0.465905 0.706535 0.025449 0.017426
48 0.980424 0.138614 0.020881 0.024554
5 0.152529 0.330099 0.004894 0.005941
5 0.219086 0.360000 0.002936 0.005545
5 0.224307 0.357426 0.002936 0.005941
48 0.671615 0.500000 0.018597 0.016238
48 0.691517 0.493465 0.015334 0.013465
48 0.711256 0.327129 0.014356 0.022178
48 0.346982 0.401188 0.012724 0.023762
48 0.302610 0.477822 0.017292 0.025743
48 0.915334 0.161782 0.012724 0.009901
48 0.342414 0.840198 0.024470 0.013861
48 0.793638 0.786139 0.012072 0.011089
48 0.503426 0.639802 0.022186 0.029703
48 0.669168 0.788911 0.029364 0.033267
48 0.002447 0.558614 0.004894 0.035248
48 0.656607 0.231881 0.040131 0.041584
48 0.761175 0.409109 0.027406 0.025347
48 0.387276 0.496040 0.030016 0.029703
48 0.893312 0.758614 0.030016 0.022574
48 0.652039 0.854455 0.023165 0.028119
48 0.699511 0.511683 0.022186 0.022178
5 0.133931 0.387723 0.006199 0.005545
5 0.168189 0.359802 0.005546 0.004356
5 0.246493 0.346337 0.002936 0.005941
5 0.110604 0.084950 0.003263 0.005149
5 0.870147 0.880000 0.001958 0.004752
5 0.897879 0.863564 0.002610 0.004356
5 0.854976 0.817624 0.005546 0.003564
5 0.197227 0.469109 0.002936 0.005149
48 0.162480 0.075050 0.129853 0.108911
48 0.311746 0.842574 0.036215 0.050297
48 0.557423 0.861188 0.031648 0.024950
48 0.594127 0.320990 0.030016 0.042376
48 0.401958 0.799010 0.020881 0.020990
48 0.392659 0.811881 0.010767 0.005545
48 0.357912 0.842178 0.005220 0.005941
48 0.623491 0.714851 0.020228 0.031683
48 0.694780 0.829307 0.015334 0.008713
48 0.795269 0.795049 0.006199 0.005149
48 0.697716 0.561782 0.010767 0.010693
48 0.627732 0.415248 0.007830 0.009109
48 0.727732 0.766931 0.022512 0.025743
6 0.251387 0.977822 0.012724 0.010297
48 0.245024 0.584554 0.025449 0.012673
48 0.576346 0.275050 0.019250 0.045545
48 0.688744 0.307723 0.022838 0.022178
48 0.809299 0.776040 0.021860 0.010693
48 0.837520 0.785149 0.015661 0.007525
48 0.449103 0.571089 0.025122 0.021386
48 0.493148 0.609307 0.036868 0.036832
48 0.602121 0.872079 0.024470 0.027723
48 0.331648 0.821782 0.019902 0.025347
48 0.324959 0.331089 0.043719 0.049109
48 0.386949 0.763366 0.022838 0.020198
5 0.277814 0.286733 0.004241 0.005545
6 0.938499 0.790297 0.011419 0.009109
48 0.640294 0.773663 0.012072 0.013861
48 0.743067 0.793663 0.007504 0.007129
48 0.280587 0.589307 0.007178 0.009505
48 0.516313 0.665743 0.032953 0.025347
48 0.787765 0.219010 0.027080 0.022178
48 0.641109 0.211089 0.013051 0.014257
48 0.817129 0.688119 0.050571 0.049505
48 0.753670 0.719010 0.018923 0.043960
48 0.818108 0.739604 0.020555 0.033663
48 0.800653 0.752871 0.029364 0.052277
48 0.735726 0.781584 0.023491 0.011485
48 0.454486 0.875644 0.022186 0.022178
48 0.451550 0.948119 0.033931 0.038812
48 0.816966 0.647327 0.032626 0.029703
48 0.269657 0.347723 0.027080 0.022970
48 0.315334 0.593069 0.030343 0.024950
48 0.908483 0.250099 0.025122 0.021782
5 0.117618 0.223762 0.004894 0.003960
5 0.023980 0.010693 0.004894 0.004752
5 0.358238 0.691287 0.004568 0.003564
5 0.256607 0.658614 0.002284 0.004752
5 0.118760 0.785941 0.005220 0.004356
48 0.088581 0.890891 0.034910 0.017822
48 0.948450 0.597822 0.015008 0.013861
48 0.734421 0.354059 0.053507 0.047525
48 0.620881 0.368317 0.011093 0.011089
48 0.295759 0.520594 0.014029 0.015446
48 0.319576 0.577822 0.008809 0.010297
48 0.724796 0.304554 0.014682 0.007129
48 0.281729 0.598218 0.007504 0.006733
48 0.434421 0.896238 0.008157 0.007129
48 0.342577 0.708119 0.018923 0.020594
48 0.750082 0.500000 0.045024 0.047129
48 0.463785 0.590297 0.032953 0.023366
48 0.805547 0.579802 0.026101 0.026931
48 0.644046 0.800792 0.024796 0.027723
48 0.735073 0.260000 0.026101 0.023366
48 0.475367 0.654653 0.024144 0.022970
48 0.406362 0.291485 0.042741 0.029307
48 0.286623 0.338416 0.020555 0.024950
48 0.447635 0.505545 0.026754 0.025743
5 0.204241 0.344950 0.005220 0.004752
5 0.215171 0.339406 0.004894 0.004752
5 0.221533 0.332475 0.004568 0.004356
5 0.374715 0.588911 0.004894 0.003960
5 0.019902 0.813267 0.003263 0.005941
51 0.200816 0.272079 0.100163 0.137030
48 0.502447 0.711881 0.045024 0.049505
48 0.806362 0.371287 0.030343 0.052673
48 0.558401 0.322376 0.024470 0.049901
48 0.925612 0.120000 0.047635 0.022970
48 0.845677 0.527525 0.011746 0.016634
48 0.906852 0.513267 0.021860 0.019802
48 0.360685 0.850891 0.008157 0.009901
48 0.530016 0.758416 0.024470 0.043564
48 0.640783 0.500990 0.007830 0.008713
48 0.729527 0.309505 0.004568 0.005941
48 0.268842 0.504951 0.017618 0.029307
48 0.299511 0.596436 0.011093 0.014257
48 0.287276 0.587129 0.021207 0.044752
48 0.499184 0.158020 0.024796 0.022970
48 0.340457 0.200990 0.096900 0.070891
48 0.644535 0.389703 0.028385 0.030891
48 0.794127 0.611089 0.021533 0.018218
48 0.773573 0.697030 0.024144 0.013465
48 0.862316 0.583960 0.031321 0.022574
48 0.900979 0.143366 0.030343 0.030099
48 0.765253 0.271485 0.026427 0.020198
48 0.603915 0.829901 0.023491 0.048713
48 0.334095 0.512673 0.020881 0.028119
5 0.126101 0.257228 0.006199 0.004356
5 0.287765 0.330297 0.003915 0.005545
5 0.461990 0.247723 0.006525 0.005149
5 0.113703 0.088119 0.002284 0.005149
5 0.950897 0.790297 0.004894 0.003564
5 0.364274 0.947327 0.003589 0.005545
5 0.064274 0.435050 0.003263 0.006733
48 0.940131 0.336832 0.027732 0.022574
48 0.625775 0.338416 0.006525 0.005941
48 0.236378 0.477822 0.013377 0.009901
48 0.716803 0.278416 0.005873 0.007921
48 0.598369 0.919208 0.021533 0.038020
48 0.538825 0.535049 0.029690 0.032475
48 0.377488 0.555842 0.037847 0.046337
48 0.014682 0.467327 0.029364 0.035644
48 0.692007 0.232079 0.028711 0.029307
48 0.762480 0.829307 0.012398 0.025347
48 0.472920 0.469901 0.044698 0.059802
48 0.789560 0.484950 0.055465 0.053465
48 0.814845 0.547921 0.022512 0.024158
48 0.684013 0.470693 0.021860 0.021782
48 0.498695 0.522574 0.030343 0.032871
48 0.856770 0.303564 0.029364 0.033663
5 0.304241 0.261980 0.005546 0.003564
5 0.880098 0.868317 0.002936 0.005149
48 0.360522 0.874653 0.044372 0.040792
48 0.672757 0.761386 0.015661 0.013069
48 0.486134 0.686535 0.025449 0.014653
48 0.623491 0.320198 0.019576 0.015446
48 0.274715 0.535644 0.015008 0.019406
48 0.368842 0.524951 0.025122 0.016238
48 0.753344 0.804158 0.004568 0.005149
48 0.623165 0.826337 0.009788 0.008317
48 0.755791 0.199802 0.023165 0.037624
48 0.575204 0.228911 0.019576 0.031683
48 0.587928 0.223762 0.021533 0.033267
48 0.623165 0.237426 0.020881 0.015446
48 0.431648 0.790693 0.038499 0.046337
48 0.729527 0.524752 0.024144 0.022970
48 0.489070 0.561782 0.031321 0.047921
48 0.899511 0.619208 0.028711 0.031287
48 0.803915 0.180792 0.029364 0.033663
48 0.947308 0.130297 0.026427 0.026139
48 0.635073 0.358614 0.026427 0.028119
5 0.241925 0.348911 0.002936 0.005545
5 0.369168 0.277822 0.004241 0.002772
5 0.928222 0.909307 0.006525 0.003168
5 0.448940 0.897228 0.002610 0.005149
5 0.426427 0.824356 0.003263 0.005941
5 0.347961 0.695446 0.004894 0.003168
5 0.253018 0.640594 0.002936 0.005941
6 0.376672 0.609901 0.007504 0.004752
48 0.414682 0.952079 0.039152 0.045941
48 0.659217 0.757624 0.026427 0.045941
48 0.940457 0.573069 0.017292 0.015050
48 0.292822 0.582772 0.004894 0.008317
48 0.298369 0.575050 0.006852 0.003168
48 0.798695 0.147129 0.019576 0.012277
48 0.815987 0.139604 0.018271 0.008317
48 0.432300 0.821584 0.008483 0.009109
48 0.645840 0.496238 0.006852 0.004752
48 0.707504 0.824158 0.016639 0.007921
48 0.647798 0.578020 0.010767 0.009901
48 0.592496 0.433465 0.013703 0.020198
48 0.214845 0.430891 0.010114 0.009505
48 0.014519 0.600792 0.029038 0.063366
48 0.722023 0.673861 0.016966 0.040000
48 0.771778 0.686535 0.019250 0.013069
5 0.154976 0.331683 0.005220 0.005941
48 0.407015 0.739208 0.024470 0.010693
48 0.453834 0.666931 0.016966 0.025347
48 0.743067 0.423366 0.027732 0.024554
48 0.467700 0.622178 0.037520 0.041980
48 0.420718 0.859208 0.026427 0.029703
48 0.474551 0.872277 0.023817 0.037624
5 0.142251 0.321782 0.005220 0.005149
5 0.226917 0.355842 0.002936 0.005149
5 0.774878 0.074455 0.005220 0.004752
5 0.141599 0.150495 0.005220 0.003168
6 0.139478 0.229703 0.011419 0.014257
51 0.540130 0.838614 0.015334 0.020198
51 0.808972 0.628119 0.027080 0.022178
48 0.885644 0.120198 0.021860 0.019406
48 0.071615 0.126139 0.061664 0.070891
48 0.260359 0.959802 0.056117 0.055842
48 0.891680 0.660396 0.028059 0.017030
48 0.684339 0.486337 0.019250 0.011881
48 0.685808 0.401386 0.028059 0.019406
48 0.610767 0.334059 0.007830 0.005941
48 0.323165 0.677030 0.019250 0.038416
48 0.831321 0.173267 0.012398 0.020990
48 0.769005 0.533465 0.013703 0.011089
48 0.626917 0.834455 0.014682 0.011089
48 0.676509 0.506535 0.010767 0.009505
48 0.696900 0.684356 0.033931 0.041188
48 0.406688 0.907921 0.047961 0.050297
48 0.021860 0.517030 0.015008 0.022574
48 0.730179 0.674851 0.024796 0.042772
48 0.792496 0.812871 0.016313 0.030495
48 0.771126 0.818020 0.012072 0.043960
48 0.768026 0.449703 0.059380 0.055050
48 0.552692 0.667327 0.029364 0.024554
48 0.394943 0.711683 0.025122 0.030891
48 0.522838 0.846139 0.018597 0.026535
48 0.526264 0.875248 0.033931 0.023762
48 0.932300 0.232871 0.033605 0.036436
48 0.750571 0.240396 0.031648 0.034059
48 0.385808 0.830297 0.014682 0.010693
48 0.555628 0.836238 0.018923 0.025743
48 0.264600 0.377030 0.033279 0.030099
48 0.256770 0.547921 0.028711 0.044752
48 0.437684 0.741584 0.023817 0.032871
48 0.880914 0.779208 0.020881 0.036832
5 0.510767 0.300198 0.003589 0.007129
5 0.854323 0.824356 0.005546 0.003564
5 0.291843 0.746337 0.002936 0.005149
5 0.328874 0.853663 0.002610 0.005149
5 0.103752 0.975644 0.004568 0.004356
48 0.483524 0.675049 0.024144 0.013069
48 0.890049 0.338416 0.024796 0.043960
48 0.822675 0.208515 0.040131 0.030495
48 0.586949 0.333861 0.004568 0.005545
48 0.336868 0.530099 0.017292 0.009901
48 0.298532 0.676040 0.016966 0.034851
48 0.745514 0.174851 0.024796 0.020990
48 0.838989 0.152871 0.032953 0.049109
48 0.777325 0.183564 0.021207 0.009109
48 0.719086 0.801386 0.009788 0.011485
48 0.629527 0.839802 0.008809 0.005941
48 0.724470 0.213069 0.015334 0.030891
48 0.597390 0.254455 0.020881 0.014653
48 0.713214 0.680198 0.018271 0.037624
48 0.695595 0.537228 0.051550 0.031287
48 0.705383 0.185941 0.037194 0.032871
5 0.124796 0.238416 0.004894 0.004752
5 0.104241 0.242376 0.005546 0.004752
5 0.447961 0.207129 0.005873 0.003960
5 0.208972 0.136238 0.004241 0.005545
5 0.152855 0.142970 0.005546 0.003168
5 0.836542 0.919208 0.005873 0.003960
51 0.893638 0.548317 0.084176 0.058218
48 0.280098 0.851089 0.029038 0.045941
48 0.554160 0.437228 0.058401 0.059406
48 0.342414 0.684158 0.008809 0.009109
48 0.317129 0.644158 0.009788 0.008317
48 0.404405 0.445149 0.038825 0.026139
48 0.807015 0.115644 0.023817 0.030891
48 0.324307 0.873465 0.020228 0.011485
48 0.540130 0.743168 0.016639 0.023366
48 0.617129 0.429109 0.017292 0.013861
48 0.619086 0.413267 0.006852 0.005149
48 0.418760 0.491089 0.022512 0.018218
48 0.237847 0.577624 0.011746 0.009901
48 0.828385 0.756436 0.026101 0.018218
48 0.802773 0.813069 0.012724 0.028515
48 0.711093 0.791485 0.016639 0.013069
48 0.815334 0.285941 0.031321 0.031683
48 0.873573 0.351881 0.023817 0.028911
48 0.432626 0.538218 0.024144 0.028515
5 0.131321 0.314653 0.004241 0.005149
5 0.130832 0.248713 0.005220 0.004752
5 0.211582 0.363564 0.002936 0.005545
5 0.290375 0.328911 0.003263 0.005941
5 0.459380 0.925347 0.002610 0.005149
5 0.264763 0.680396 0.002936 0.004752
26 0.035400 0.194653 0.014029 0.025743
48 0.295106 0.845941 0.020555 0.043564
48 0.899021 0.673267 0.027732 0.020594
48 0.284176 0.688911 0.021533 0.015446
48 0.231158 0.466931 0.014029 0.016634
48 0.717618 0.297228 0.010767 0.006733
48 0.707015 0.258614 0.018923 0.026931
48 0.794780 0.663960 0.038499 0.031287
48 0.678303 0.729109 0.048940 0.030891
48 0.769821 0.166733 0.023165 0.021386
48 0.344372 0.377426 0.030343 0.025347
5 0.148940 0.326139 0.004894 0.005149
5 0.572757 0.947723 0.002284 0.003960
5 0.107830 0.979010 0.004894 0.003960
26 0.073573 0.216040 0.015987 0.029703
48 0.635563 0.762574 0.014356 0.009901
48 0.694127 0.499604 0.012724 0.008317
48 0.659054 0.420000 0.031974 0.025743
48 0.962806 0.287129 0.047635 0.033267
48 0.288907 0.546139 0.004241 0.006337
48 0.278793 0.673069 0.024470 0.012277
48 0.919086 0.173663 0.014356 0.029703
48 0.844372 0.099010 0.036542 0.022970
48 0.861664 0.117426 0.016313 0.024158
48 0.822023 0.156634 0.010767 0.020198
48 0.633931 0.421188 0.006525 0.008317
48 0.639152 0.418218 0.006525 0.004752
48 0.723165 0.295050 0.007504 0.009505
48 0.775693 0.200000 0.021207 0.021386
48 0.629037 0.213861 0.017618 0.020594
48 0.632953 0.867525 0.024144 0.012277
48 0.809625 0.440198 0.039478 0.043960
48 0.660359 0.599802 0.023491 0.020990
5 0.207341 0.365941 0.003589 0.005545
5 0.254976 0.342376 0.002936 0.005149
5 0.389396 0.270693 0.004894 0.004356
5 0.102936 0.041188 0.004241 0.005545
5 0.633605 0.829505 0.003263 0.005149
5 0.479119 0.979010 0.002936 0.005545
5 0.262969 0.675446 0.002610 0.004356
6 0.173899 0.894059 0.009135 0.011485
48 0.979119 0.581980 0.012398 0.020198
48 0.907015 0.650297 0.015008 0.015050
48 0.285318 0.704753 0.017945 0.013861
48 0.744372 0.803564 0.008809 0.006337
48 0.275856 0.656832 0.018597 0.009901
48 0.468189 0.509109 0.021533 0.016238
48 0.455302 0.887525 0.006852 0.006337
48 0.735237 0.210495 0.015987 0.027327
48 0.644535 0.248317 0.012072 0.030891
48 0.669984 0.625941 0.024470 0.028119
48 0.684013 0.653267 0.027080 0.025743
48 0.779282 0.713069 0.027732 0.027327
48 0.831974 0.769109 0.017618 0.007921
48 0.836705 0.776832 0.019902 0.013069
48 0.392333 0.775446 0.015987 0.014257
48 0.384992 0.796238 0.027406 0.028911
48 0.870310 0.469109 0.057749 0.033663
48 0.920718 0.694851 0.053507 0.039208
48 0.903263 0.776436 0.034910 0.027327
48 0.402284 0.726733 0.024796 0.022970
48 0.809299 0.531683 0.020555 0.017822
48 0.769821 0.297426 0.029690 0.041980
48 0.732953 0.398218 0.036868 0.038416
48 0.299837 0.892673 0.022838 0.021386
5 0.993148 0.778218 0.001958 0.004752
5 0.813866 0.837228 0.004894 0.003168
48 0.576183 0.892079 0.046982 0.049505
48 0.946003 0.583168 0.011419 0.010693
48 0.946819 0.610099 0.030669 0.015446
48 0.948613 0.374455 0.052529 0.055050
48 0.842741 0.203960 0.028059 0.043564
48 0.313540 0.567525 0.012398 0.010297
48 0.788907 0.160000 0.009788 0.011089
48 0.776183 0.557822 0.015661 0.014653
48 0.319739 0.515248 0.024796 0.026139
48 0.699674 0.778218 0.021860 0.021386
48 0.663622 0.285545 0.026101 0.041188
48 0.701305 0.638614 0.030343 0.043960
48 0.592496 0.769109 0.023491 0.018218
48 0.949755 0.264950 0.037847 0.045149
48 0.840783 0.255049 0.013051 0.022970
48 0.742904 0.285743 0.026101 0.027327
48 0.887113 0.251881 0.017618 0.026931
48 0.829201 0.232277 0.028385 0.023366
48 0.613051 0.298416 0.027406 0.035248
48 0.714356 0.579802 0.041436 0.035644
48 0.300326 0.869703 0.036868 0.022178
48 0.418597 0.311683 0.030016 0.030099
48 0.873736 0.606733 0.028711 0.027723
5 0.119576 0.251089 0.005546 0.003960
6 0.254486 0.100990 0.008483 0.006337
5 0.236378 0.121584 0.004241 0.007129
5 0.260522 0.115842 0.006199 0.005149
5 0.084502 0.164356 0.004568 0.003960
5 0.425612 0.835446 0.002936 0.005149
5 0.343883 0.894257 0.002610 0.003960
5 0.010277 0.745149 0.003589 0.007525
29 0.097553 0.270099 0.007830 0.017426
26 0.053507 0.223366 0.016313 0.031683
48 0.898369 0.644356 0.010114 0.007129
48 0.662480 0.488317 0.027080 0.028515
48 0.729853 0.321782 0.028059 0.022574
48 0.323328 0.647327 0.020228 0.009901
48 0.791191 0.131287 0.021533 0.029703
48 0.810114 0.605148 0.020228 0.028515
48 0.627243 0.396832 0.008809 0.009505
48 0.367210 0.501386 0.021207 0.023762
48 0.682219 0.275644 0.034584 0.046733
48 0.753344 0.654851 0.038499 0.037624
48 0.435237 0.477228 0.031974 0.046733
48 0.410767 0.471485 0.028711 0.027327
48 0.752365 0.308119 0.026101 0.027723
5 0.237520 0.351287 0.002610 0.004752
5 0.268189 0.336832 0.002610 0.005149
5 0.143067 0.777426 0.006199 0.003960
48 0.523817 0.908317 0.058401 0.050297
48 0.579282 0.519208 0.015987 0.029307
48 0.269005 0.586337 0.016639 0.031287
48 0.269168 0.664752 0.009135 0.007525
48 0.933605 0.184752 0.014682 0.028119
48 0.825449 0.151287 0.010440 0.010297
48 0.911745 0.521980 0.007504 0.004752
48 0.722023 0.308713 0.011093 0.006733
