31 0.981135 0.006531 0.037729 0.013063
23 0.890721 0.055517 0.032971 0.032657
48 0.125935 0.981093 0.012576 0.013063
48 0.124065 0.988312 0.009517 0.004813
48 0.251700 0.982124 0.006458 0.013063
48 0.060333 0.888793 0.012576 0.016157
48 0.070020 0.828463 0.010877 0.010313
48 0.313052 0.865074 0.008158 0.005844
48 0.507818 0.859574 0.006118 0.010657
48 0.502209 0.857683 0.006458 0.013063
48 0.512407 0.859230 0.006458 0.008594
48 0.512067 0.867136 0.006458 0.005844
48 0.782121 0.766071 0.010197 0.011344
48 0.784670 0.778790 0.013936 0.016157
48 0.785860 0.789962 0.008158 0.006188
48 0.766995 0.775696 0.008498 0.013407
48 0.757138 0.782399 0.007818 0.011688
48 0.749320 0.800791 0.006458 0.025095
48 0.754589 0.794603 0.008838 0.008594
48 0.756458 0.802166 0.009857 0.007906
48 0.719918 0.774149 0.012916 0.010313
48 0.720598 0.780681 0.010877 0.006188
48 0.720258 0.786181 0.011557 0.009625
48 0.708362 0.799759 0.010877 0.014782
48 0.715330 0.799931 0.007818 0.015125
48 0.715670 0.790650 0.007138 0.004813
48 0.709381 0.791509 0.007478 0.004469
48 0.705303 0.788243 0.012237 0.006188
48 0.723997 0.801650 0.009517 0.018563
48 0.697655 0.796494 0.007818 0.008250
48 0.731135 0.797697 0.007478 0.029907
48 0.704283 0.776384 0.009517 0.009969
48 0.704283 0.783946 0.009517 0.005156
48 0.637831 0.773805 0.010537 0.007563
48 0.626785 0.785150 0.006798 0.011000
48 0.635452 0.783431 0.005778 0.010313
48 0.639531 0.787384 0.007138 0.007906
48 0.640381 0.781024 0.006118 0.005500
48 0.635452 0.793572 0.005099 0.009969
48 0.642760 0.766586 0.006798 0.008938
48 0.662984 0.764352 0.009177 0.009969
48 0.657546 0.765211 0.005778 0.010313
48 0.668933 0.764868 0.006118 0.011000
48 0.671482 0.772087 0.009177 0.008250
48 0.663154 0.771571 0.007478 0.004469
48 0.647179 0.766243 0.004759 0.011688
48 0.642930 0.758164 0.007818 0.009282
48 0.702753 0.769680 0.013256 0.006188
48 0.718559 0.767790 0.014956 0.004469
48 0.737933 0.767790 0.011557 0.005156
48 0.614548 0.761602 0.010877 0.013407
48 0.603671 0.770883 0.008838 0.009282
48 0.605540 0.762805 0.007818 0.011000
48 0.592624 0.764180 0.008498 0.016501
48 0.587695 0.763493 0.007478 0.017188
48 0.578008 0.762289 0.008498 0.015469
48 0.583107 0.768133 0.007138 0.007906
48 0.588885 0.751289 0.005099 0.007906
48 0.577838 0.786868 0.012916 0.019938
48 0.577158 0.775868 0.010197 0.005500
48 0.578858 0.753008 0.006798 0.005844
48 0.604351 0.753008 0.005438 0.012032
48 0.564582 0.754727 0.013596 0.017532
48 0.553875 0.757649 0.008498 0.015813
48 0.558294 0.766415 0.005778 0.004469
48 0.541978 0.768649 0.016655 0.008938
48 0.519884 0.754727 0.008498 0.018907
48 0.538579 0.756274 0.007138 0.005500
48 0.539089 0.751633 0.006118 0.005844
48 0.539429 0.746476 0.006118 0.005156
48 0.540789 0.778102 0.018355 0.014094
48 0.525833 0.781884 0.011557 0.018219
48 0.526683 0.765383 0.008498 0.005156
48 0.518865 0.765040 0.007818 0.003094
48 0.527532 0.800447 0.014276 0.007219
48 0.505099 0.777587 0.006798 0.012375
48 0.500680 0.774665 0.006118 0.013407
48 0.502039 0.767962 0.008838 0.006188
48 0.508668 0.769852 0.006458 0.007906
48 0.509517 0.776899 0.006118 0.008938
48 0.528382 0.698350 0.008498 0.011344
48 0.535350 0.699381 0.010877 0.010657
48 0.533141 0.687865 0.005099 0.006875
48 0.527362 0.689240 0.006458 0.007563
48 0.524643 0.685803 0.005099 0.005500
48 0.531611 0.673427 0.007478 0.011688
48 0.616247 0.685803 0.006118 0.013750
48 0.623725 0.703506 0.010877 0.009282
48 0.631373 0.702819 0.006458 0.006531
48 0.617097 0.702647 0.005099 0.007563
48 0.641061 0.691990 0.004759 0.009625
48 0.631883 0.684771 0.007478 0.014438
48 0.632223 0.674630 0.006798 0.009969
48 0.638341 0.676349 0.008838 0.011344
48 0.638511 0.683224 0.008498 0.003781
48 0.638851 0.664318 0.007818 0.012719
48 0.632733 0.664661 0.007138 0.012719
48 0.628484 0.664146 0.004759 0.012375
48 0.621006 0.664318 0.005438 0.012032
48 0.616927 0.664833 0.005438 0.011000
48 0.627294 0.650052 0.013256 0.012375
48 0.631713 0.640770 0.005778 0.008938
48 0.638511 0.652630 0.009177 0.011344
48 0.618627 0.652114 0.006798 0.013750
48 0.626105 0.636645 0.008158 0.005500
48 0.684908 0.647473 0.006798 0.006531
48 0.685078 0.657099 0.006458 0.013407
48 0.690687 0.654864 0.006118 0.017188
48 0.698504 0.656239 0.009517 0.014438
48 0.694765 0.667755 0.013596 0.007219
48 0.693576 0.677037 0.018015 0.009969
48 0.716179 0.666036 0.019714 0.007219
48 0.688817 0.683740 0.005099 0.004813
48 0.694086 0.683568 0.007478 0.004469
48 0.703093 0.683053 0.009177 0.006188
48 0.691536 0.692162 0.008498 0.006531
48 0.702243 0.693194 0.008838 0.007219
48 0.702583 0.687693 0.011557 0.005156
48 0.703943 0.677209 0.004759 0.007563
48 0.743542 0.717085 0.009857 0.013063
48 0.741502 0.707460 0.007138 0.008938
48 0.736914 0.653145 0.010197 0.015125
48 0.744052 0.650739 0.006118 0.013063
48 0.748640 0.652802 0.005778 0.013750
48 0.760027 0.644723 0.011557 0.013407
48 0.762576 0.657442 0.016655 0.015469
48 0.758838 0.665865 0.013936 0.006188
48 0.752889 0.658474 0.004759 0.008594
48 0.775323 0.666552 0.009517 0.008938
48 0.781271 0.660708 0.008498 0.011688
48 0.781441 0.672052 0.011557 0.013063
48 0.790959 0.667583 0.014276 0.018563
48 0.789259 0.677724 0.009517 0.009282
48 0.799286 0.671021 0.010537 0.015125
48 0.744392 0.624957 0.010877 0.006188
48 0.742012 0.631317 0.012916 0.007219
48 0.726886 0.609660 0.010537 0.007906
48 0.727906 0.616879 0.008498 0.009969
48 0.805065 0.596081 0.011897 0.011688
48 0.839225 0.587315 0.016315 0.014094
48 0.764446 0.569096 0.024473 0.009969
48 0.785860 0.567549 0.019714 0.011000
48 0.680999 0.589550 0.005778 0.005500
48 0.574779 0.627191 0.006798 0.009282
48 0.572060 0.621176 0.013596 0.004813
48 0.566281 0.616191 0.004759 0.005844
48 0.571040 0.616363 0.004759 0.006188
48 0.575799 0.615332 0.006118 0.006875
48 0.573589 0.610691 0.005099 0.005844
48 0.582427 0.627363 0.008498 0.009625
48 0.583277 0.619457 0.008838 0.008250
48 0.591604 0.612410 0.007818 0.008594
48 0.599252 0.599863 0.007478 0.007563
48 0.599422 0.604847 0.009857 0.005844
48 0.598063 0.617566 0.005099 0.007219
48 0.597893 0.624957 0.005438 0.008250
48 0.610299 0.614300 0.012576 0.005500
48 0.597723 0.630285 0.004419 0.003094
48 0.607410 0.599003 0.010877 0.006531
48 0.614888 0.590925 0.006798 0.004813
48 0.608260 0.594362 0.007818 0.004125
48 0.614378 0.599863 0.006458 0.006875
48 0.614548 0.594534 0.005438 0.004469
48 0.643440 0.580268 0.006798 0.004813
48 0.581747 0.585940 0.009177 0.005156
48 0.591264 0.586284 0.003059 0.007219
48 0.627464 0.546064 0.010877 0.023032
48 0.636132 0.545376 0.013256 0.023032
48 0.648878 0.542970 0.014276 0.012719
48 0.652617 0.535579 0.013596 0.006875
48 0.642590 0.535751 0.009857 0.007906
48 0.618797 0.532485 0.018015 0.007563
48 0.630693 0.531970 0.012576 0.007906
48 0.590585 0.505500 0.008498 0.012032
48 0.643950 0.528876 0.015976 0.007906
48 0.692726 0.454624 0.016995 0.009969
48 0.682869 0.453420 0.004079 0.006188
48 0.703433 0.453249 0.007138 0.009969
48 0.754249 0.483499 0.013596 0.018907
48 0.657206 0.526470 0.011897 0.007906
48 0.735894 0.490375 0.010877 0.009969
48 0.674371 0.244242 0.012237 0.007219
48 0.675051 0.235648 0.015636 0.012719
48 0.676241 0.251633 0.013936 0.006875
48 0.683888 0.238570 0.010197 0.015125
48 0.668253 0.266415 0.006798 0.006188
48 0.673012 0.264868 0.004759 0.005156
48 0.691706 0.267102 0.005438 0.008250
48 0.695445 0.251289 0.008838 0.006875
48 0.701564 0.235820 0.009517 0.010313
48 0.693236 0.231351 0.008498 0.006875
48 0.690517 0.223960 0.011217 0.011344
48 0.689497 0.217429 0.009177 0.005844
48 0.700204 0.222757 0.009517 0.005500
48 0.700714 0.227570 0.009857 0.005500
48 0.699354 0.217257 0.009177 0.006875
48 0.709041 0.223273 0.006798 0.010657
48 0.713460 0.222069 0.008158 0.015813
48 0.622536 0.234273 0.014616 0.006531
48 0.613868 0.236851 0.006118 0.006875
48 0.624235 0.246820 0.015296 0.006188
48 0.615228 0.249742 0.008838 0.007219
48 0.624065 0.250602 0.012916 0.004813
48 0.621686 0.256102 0.019714 0.006875
48 0.616587 0.267446 0.009517 0.008250
48 0.626105 0.267274 0.011557 0.007906
48 0.625255 0.272946 0.015976 0.008938
48 0.624405 0.284462 0.007478 0.006531
48 0.629334 0.289962 0.015296 0.006531
48 0.640551 0.289790 0.007818 0.006875
48 0.605031 0.299244 0.006118 0.016157
48 0.628484 0.304056 0.011557 0.006531
48 0.628654 0.310932 0.015976 0.008594
48 0.631543 0.321073 0.016995 0.006188
48 0.586846 0.311619 0.010537 0.005844
48 0.610979 0.331385 0.013936 0.008938
48 0.597723 0.339464 0.008498 0.006531
48 0.606900 0.338261 0.009857 0.005500
48 0.641400 0.358371 0.012916 0.007219
48 0.637322 0.339979 0.015636 0.007563
48 0.600272 0.328807 0.008158 0.006531
48 0.635452 0.376934 0.011217 0.009969
48 0.627634 0.377449 0.007138 0.012375
48 0.641740 0.377106 0.003399 0.011688
48 0.821890 0.069783 0.019035 0.022001
48 0.742012 0.154177 0.009517 0.005844
48 0.746091 0.161396 0.017675 0.011344
48 0.746941 0.167927 0.013936 0.007219
48 0.755269 0.174287 0.006798 0.004813
48 0.747621 0.174630 0.011217 0.011000
48 0.685078 0.222585 0.004419 0.014094
48 0.654827 0.229976 0.014616 0.009625
48 0.696295 0.258680 0.009857 0.008594
48 0.697995 0.265555 0.009857 0.009282
48 0.660435 0.262633 0.013596 0.005500
48 0.659075 0.258508 0.014276 0.005500
48 0.665364 0.254555 0.004419 0.005844
48 0.692896 0.241320 0.011897 0.020626
48 0.703263 0.244242 0.012916 0.008594
48 0.665024 0.241664 0.004419 0.005500
48 0.634942 0.257133 0.008158 0.012375
48 0.609619 0.235648 0.004419 0.007906
48 0.623046 0.260399 0.017675 0.007219
48 0.505269 0.165521 0.023453 0.021657
48 0.529742 0.190443 0.003059 0.002063
48 0.533651 0.187521 0.005438 0.007906
48 0.538239 0.187006 0.005778 0.006875
48 0.535690 0.180818 0.005438 0.005500
48 0.529232 0.198350 0.007478 0.009625
48 0.562033 0.243383 0.008498 0.015125
48 0.555744 0.243039 0.010197 0.018563
48 0.548097 0.244930 0.009857 0.011344
48 0.532971 0.247336 0.012916 0.012719
48 0.539769 0.240117 0.009517 0.010657
48 0.541298 0.248195 0.007818 0.008250
48 0.568661 0.268649 0.002719 0.003094
48 0.575289 0.290134 0.006458 0.008938
48 0.554895 0.309900 0.007138 0.009969
48 0.578008 0.314713 0.007138 0.009969
48 0.549456 0.305088 0.009177 0.007906
48 0.519205 0.312479 0.016655 0.006875
48 0.507308 0.311963 0.010537 0.006531
48 0.506628 0.317979 0.010537 0.011688
48 0.517165 0.325026 0.019375 0.013407
48 0.549626 0.311275 0.008838 0.007219
48 0.629844 0.298728 0.016995 0.010313
5 0.642590 0.318494 0.003059 0.001719
48 0.614038 0.338089 0.007818 0.004469
48 0.618287 0.343761 0.004759 0.004125
48 0.599762 0.332760 0.011217 0.006875
48 0.634092 0.384840 0.008498 0.005844
48 0.596193 0.517016 0.011557 0.008250
48 0.598572 0.505844 0.012237 0.014094
48 0.676411 0.474046 0.004759 0.011688
48 0.673691 0.481437 0.007478 0.009969
48 0.680319 0.481781 0.010537 0.005844
48 0.684228 0.474390 0.014276 0.015813
48 0.673351 0.488656 0.006118 0.007219
48 0.704453 0.495359 0.015976 0.009625
48 0.699184 0.478343 0.016995 0.015469
48 0.689497 0.467343 0.012576 0.006531
27 0.762407 0.555517 0.015636 0.007563
48 0.777362 0.600722 0.017675 0.015469
48 0.790279 0.600034 0.010877 0.014094
48 0.781611 0.620832 0.019375 0.013063
48 0.796907 0.618769 0.013256 0.010313
48 0.777532 0.627363 0.009857 0.006875
48 0.804045 0.630113 0.009177 0.015813
48 0.795037 0.632864 0.007478 0.006188
48 0.722298 0.618597 0.004759 0.005156
28 0.779572 0.553283 0.014616 0.007219
48 0.721278 0.644895 0.008838 0.007563
48 0.719748 0.651255 0.006458 0.004469
48 0.774133 0.658130 0.009857 0.010657
48 0.802685 0.663286 0.006458 0.003781
48 0.730965 0.688897 0.006458 0.010313
48 0.731815 0.681334 0.005438 0.003438
48 0.711081 0.676693 0.004759 0.005844
48 0.696805 0.692850 0.003399 0.006531
48 0.695445 0.687693 0.003399 0.005156
48 0.711761 0.685631 0.008838 0.012719
48 0.623215 0.710725 0.015296 0.006531
48 0.592454 0.665521 0.004079 0.004813
48 0.590925 0.642833 0.004419 0.011000
48 0.593984 0.642661 0.003739 0.005844
48 0.594494 0.646786 0.004759 0.003094
48 0.596193 0.642145 0.002719 0.004125
48 0.598572 0.642661 0.003399 0.003781
48 0.589055 0.630285 0.004759 0.005156
48 0.601632 0.623754 0.004759 0.020969
48 0.614718 0.623754 0.008498 0.014094
48 0.655167 0.604503 0.004419 0.005156
48 0.645989 0.522173 0.010537 0.007563
48 0.749320 0.501203 0.011217 0.005500
48 0.722468 0.469749 0.008498 0.008594
48 0.725187 0.476109 0.019375 0.006875
48 0.713120 0.480406 0.005438 0.003781
48 0.757138 0.669818 0.013256 0.005844
48 0.766485 0.670333 0.008158 0.006188
48 0.619986 0.733242 0.009517 0.008938
48 0.628994 0.732554 0.011217 0.006875
48 0.628654 0.737539 0.011217 0.005156
48 0.628994 0.742523 0.012576 0.006188
48 0.645989 0.735648 0.010537 0.017876
48 0.623385 0.715538 0.007478 0.003781
48 0.609109 0.741664 0.012237 0.009282
48 0.658396 0.741148 0.009517 0.006875
48 0.622536 0.748367 0.006458 0.003438
48 0.613698 0.769852 0.010537 0.004469
48 0.625935 0.763149 0.014616 0.011000
48 0.636642 0.758852 0.008158 0.023719
48 0.600102 0.750602 0.005099 0.007906
48 0.597723 0.767790 0.010537 0.027157
48 0.670802 0.780165 0.009857 0.005844
48 0.649218 0.788587 0.014276 0.020626
48 0.739463 0.777243 0.015976 0.018563
48 0.735554 0.804916 0.006118 0.016157
48 0.741842 0.794603 0.012576 0.036782
48 0.750680 0.772946 0.005778 0.008594
48 0.750680 0.782571 0.005778 0.012032
48 0.671992 0.759883 0.004079 0.007906
48 0.570870 0.792197 0.006458 0.008594
48 0.757308 0.789447 0.007478 0.003094
48 0.778892 0.799072 0.004419 0.007219
48 0.761387 0.785321 0.002039 0.005844
48 0.764616 0.786181 0.005099 0.004813
48 0.682529 0.923341 0.004079 0.004125
48 0.522264 0.808869 0.004419 0.002750
48 0.446295 0.682365 0.011557 0.007563
48 0.432869 0.680474 0.009857 0.009969
48 0.420122 0.682021 0.006798 0.004813
48 0.415874 0.674630 0.015296 0.011344
48 0.407886 0.677552 0.004079 0.003438
48 0.397179 0.647817 0.007818 0.016844
48 0.403467 0.650395 0.006118 0.012375
48 0.409585 0.650911 0.007478 0.010657
48 0.338715 0.863183 0.005099 0.004125
48 0.122536 0.993469 0.011897 0.005500
48 0.097043 0.861464 0.007138 0.008938
48 0.187627 0.777415 0.010197 0.007906
48 0.193236 0.907872 0.008498 0.008938
48 0.137322 0.682537 0.018355 0.007906
48 0.171142 0.629598 0.008498 0.006531
48 0.156356 0.614644 0.008158 0.012375
48 0.173182 0.622723 0.009177 0.013407
48 0.174031 0.612582 0.006118 0.006875
48 0.172332 0.606222 0.010877 0.006531
48 0.188987 0.600206 0.009517 0.010313
48 0.189327 0.607769 0.010197 0.006875
48 0.193236 0.628051 0.006458 0.013063
48 0.219069 0.592128 0.004419 0.010657
48 0.219409 0.585425 0.010537 0.004125
48 0.222468 0.589206 0.004419 0.006188
48 0.227226 0.589206 0.005778 0.006875
48 0.231305 0.588690 0.005099 0.007219
48 0.236064 0.591097 0.005778 0.005156
48 0.236234 0.599175 0.006118 0.011688
48 0.247791 0.597456 0.006118 0.014438
48 0.232325 0.605706 0.004419 0.004813
48 0.241672 0.599175 0.006798 0.011688
48 0.272604 0.565486 0.010197 0.013063
48 0.234194 0.569955 0.017675 0.012375
48 0.234874 0.561533 0.009517 0.006531
48 0.242182 0.562049 0.006458 0.005500
48 0.280082 0.578034 0.006798 0.011344
48 0.284330 0.521485 0.005778 0.006875
48 0.274813 0.517876 0.005778 0.008594
48 0.269714 0.517188 0.006458 0.009282
48 0.264956 0.535923 0.005778 0.011000
48 0.269375 0.532485 0.004419 0.004125
48 0.261727 0.532314 0.002719 0.005156
48 0.266145 0.526298 0.005438 0.009625
48 0.254249 0.509282 0.004759 0.009969
48 0.265126 0.502063 0.004759 0.005844
48 0.259347 0.509453 0.008158 0.010313
48 0.257648 0.517188 0.011557 0.007906
48 0.265126 0.510313 0.004079 0.012032
48 0.265296 0.518391 0.005099 0.006188
48 0.244901 0.521485 0.006458 0.011688
48 0.243712 0.530595 0.005438 0.007906
48 0.257138 0.523891 0.011217 0.005500
48 0.243542 0.537126 0.005099 0.006531
48 0.220768 0.537298 0.005099 0.006188
48 0.221108 0.532485 0.008498 0.003438
48 0.233855 0.534892 0.009517 0.006875
48 0.232155 0.529735 0.007478 0.004813
48 0.227056 0.531454 0.004759 0.006188
48 0.231305 0.525095 0.007818 0.006531
48 0.226207 0.525782 0.005099 0.007219
48 0.221788 0.529392 0.005778 0.002750
48 0.221448 0.521313 0.007138 0.014094
48 0.229266 0.518563 0.012576 0.007906
48 0.224677 0.505672 0.008838 0.013063
48 0.158906 0.511860 0.006458 0.015125
48 0.158566 0.521313 0.007138 0.004469
48 0.157376 0.534892 0.012237 0.006188
48 0.162305 0.542111 0.017335 0.005500
48 0.174881 0.541595 0.009857 0.009282
48 0.182019 0.542798 0.007818 0.007563
48 0.170632 0.526298 0.015636 0.007563
48 0.174201 0.517876 0.008498 0.012719
48 0.168253 0.517876 0.004759 0.011344
48 0.181169 0.521657 0.006798 0.012032
48 0.191876 0.546580 0.015296 0.008250
48 0.195955 0.574080 0.005778 0.013063
48 0.200374 0.572190 0.006458 0.012719
48 0.222808 0.495703 0.005778 0.008250
48 0.159245 0.502578 0.007818 0.004125
48 0.665024 0.957546 0.006458 0.006531
48 0.504419 0.867480 0.011557 0.007219
48 0.513426 0.784462 0.005778 0.013063
48 0.515976 0.787040 0.004079 0.003781
48 0.532121 0.762633 0.006458 0.004469
48 0.658736 0.790478 0.008158 0.026470
48 0.650918 0.774149 0.018355 0.013063
48 0.651598 0.758508 0.010197 0.018219
48 0.625085 0.664661 0.004759 0.013407
48 0.567811 0.627535 0.009857 0.010657
48 0.408056 0.643692 0.014616 0.004469
48 0.050306 0.526985 0.015636 0.015125
48 0.034670 0.508594 0.014956 0.014782
48 0.049286 0.507563 0.016995 0.015469
48 0.101632 0.419388 0.005438 0.006875
48 0.108939 0.417326 0.010537 0.010313
48 0.059653 0.431420 0.017335 0.011000
48 0.007308 0.395325 0.007138 0.013750
48 0.013766 0.402716 0.008498 0.014094
48 0.067471 0.384496 0.005778 0.007906
48 0.061183 0.384153 0.006118 0.020282
48 0.029232 0.352699 0.014276 0.014438
48 0.022264 0.354589 0.009177 0.012719
48 0.019714 0.335510 0.009517 0.005500
48 0.015806 0.341183 0.006458 0.010657
48 0.075969 0.370746 0.006458 0.007219
48 0.074949 0.380887 0.008498 0.013063
48 0.082427 0.380028 0.006458 0.008594
48 0.076139 0.393262 0.008158 0.011688
48 0.082427 0.396184 0.005099 0.005844
48 0.083787 0.387590 0.009177 0.009969
48 0.086166 0.381746 0.004419 0.003094
48 0.092794 0.391887 0.006798 0.012375
48 0.100272 0.382778 0.005438 0.010657
48 0.091944 0.376934 0.008498 0.020969
48 0.114888 0.381403 0.011557 0.011344
48 0.133243 0.379340 0.005438 0.018907
48 0.137152 0.376590 0.007138 0.029220
48 0.124405 0.361636 0.029232 0.015125
48 0.091434 0.351839 0.006798 0.004469
48 0.090755 0.345480 0.008838 0.009625
48 0.098572 0.337917 0.023793 0.006875
48 0.107070 0.342386 0.008838 0.008938
48 0.073419 0.332932 0.004759 0.007906
48 0.081917 0.328807 0.016995 0.015469
48 0.096873 0.330870 0.016315 0.013407
48 0.104691 0.328463 0.005438 0.006531
48 0.095173 0.317463 0.014276 0.007219
48 0.079028 0.302681 0.015296 0.010657
48 0.080897 0.317807 0.016995 0.009969
48 0.075629 0.265211 0.010537 0.009969
48 0.082087 0.252492 0.010537 0.007906
48 0.091774 0.258852 0.004759 0.008250
48 0.070020 0.250773 0.008838 0.016844
48 0.068661 0.240633 0.008158 0.004125
48 0.087865 0.254383 0.002379 0.004813
48 0.090075 0.249398 0.004759 0.006531
48 0.087186 0.249570 0.002379 0.004125
48 0.069001 0.235132 0.004079 0.004125
48 0.072570 0.233757 0.003739 0.004813
48 0.077498 0.231007 0.009517 0.009625
48 0.083956 0.232038 0.005438 0.007563
48 0.093984 0.232726 0.004419 0.007563
48 0.100782 0.232210 0.011897 0.010657
48 0.108770 0.233929 0.005438 0.005844
48 0.082937 0.257821 0.004079 0.002750
48 0.185758 0.136817 0.015976 0.005500
48 0.182359 0.145067 0.003739 0.002750
48 0.186948 0.141801 0.010877 0.004469
48 0.183889 0.129254 0.015636 0.006875
48 0.178280 0.118254 0.005099 0.012375
48 0.183039 0.118597 0.006458 0.013750
48 0.175221 0.119801 0.004419 0.009969
48 0.200204 0.089550 0.009517 0.005844
48 0.225357 0.073565 0.010197 0.008250
48 0.196465 0.094878 0.010197 0.008250
48 0.240483 0.297353 0.007818 0.009625
48 0.249490 0.296494 0.014956 0.012719
48 0.303365 0.301134 0.009177 0.010313
48 0.299116 0.344104 0.007478 0.013750
48 0.308634 0.334307 0.006118 0.009282
48 0.282291 0.437092 0.007138 0.008594
48 0.282461 0.446030 0.008158 0.012719
48 0.408566 0.238054 0.005438 0.005844
48 0.459041 0.222413 0.009857 0.011000
48 0.470088 0.219491 0.016995 0.006531
48 0.468389 0.224132 0.010197 0.004125
48 0.469409 0.203850 0.012237 0.006188
48 0.458532 0.205913 0.008838 0.007563
48 0.458702 0.213475 0.006458 0.009625
48 0.468899 0.212272 0.016655 0.010657
48 0.435758 0.176865 0.010877 0.005844
48 0.427260 0.175834 0.008838 0.010657
48 0.426411 0.168787 0.008498 0.004125
48 0.427600 0.164490 0.012237 0.007219
48 0.414174 0.168443 0.008498 0.008250
48 0.435588 0.170505 0.010537 0.007563
48 0.471788 0.126848 0.011557 0.009625
48 0.465330 0.113957 0.015636 0.007906
48 0.471448 0.098144 0.012237 0.014782
48 0.397009 0.116019 0.012237 0.005844
48 0.389701 0.117222 0.003739 0.004813
48 0.430320 0.128738 0.009517 0.015469
48 0.431849 0.139395 0.009177 0.009969
48 0.430150 0.104675 0.007818 0.008594
48 0.426751 0.090409 0.005778 0.009625
48 0.447995 0.075455 0.018355 0.012032
48 0.219918 0.099519 0.007478 0.014094
48 0.222128 0.990718 0.005778 0.004125
48 0.624575 0.164318 0.012576 0.012375
48 0.048776 0.201272 0.012576 0.021657
48 0.083956 0.259883 0.016995 0.008250
48 0.089565 0.233242 0.006458 0.007219
48 0.733685 0.693709 0.004419 0.005500
48 0.747621 0.005500 0.023453 0.011000
48 0.808973 0.003953 0.013596 0.007906
48 0.816961 0.018391 0.013936 0.013407
48 0.826818 0.006016 0.018015 0.012032
48 0.848402 0.004985 0.012916 0.009969
48 0.188647 0.118254 0.005438 0.015813
48 0.192726 0.075627 0.006798 0.011688
48 0.228416 0.065658 0.008838 0.008938
48 0.086676 0.241492 0.008158 0.012032
48 0.078348 0.241664 0.011217 0.011000
48 0.120496 0.292197 0.020054 0.008938
48 0.117097 0.308181 0.011217 0.015469
48 0.095173 0.309900 0.014956 0.012719
48 0.016995 0.322963 0.010877 0.012719
48 0.010367 0.326916 0.008498 0.010313
48 0.035350 0.365246 0.016315 0.020282
48 0.021924 0.401856 0.011217 0.013063
48 0.056084 0.386043 0.006798 0.017876
48 0.039089 0.390512 0.009517 0.014438
48 0.037390 0.400997 0.010197 0.009282
48 0.045717 0.399450 0.011217 0.011000
48 0.057954 0.410107 0.015296 0.013063
48 0.043678 0.408388 0.014616 0.010313
48 0.008158 0.409935 0.009517 0.016157
48 0.008668 0.423513 0.010537 0.008938
48 0.012746 0.432107 0.018015 0.015125
48 0.013256 0.440186 0.014276 0.005844
48 0.023453 0.422482 0.016995 0.006875
48 0.025153 0.428670 0.010197 0.011688
48 0.027362 0.414232 0.008498 0.008250
48 0.018015 0.416466 0.011557 0.011344
48 0.130014 0.445170 0.010537 0.020626
48 0.130863 0.460983 0.010877 0.017876
48 0.138001 0.444311 0.007478 0.014094
48 0.141400 0.462358 0.012916 0.017188
48 0.035520 0.528532 0.015296 0.015469
48 0.069680 0.507906 0.012916 0.018219
48 0.201394 0.541079 0.003739 0.006188
48 0.205642 0.544517 0.012916 0.010313
48 0.194596 0.552252 0.007818 0.005844
48 0.193236 0.556892 0.010537 0.006875
48 0.193066 0.562049 0.010197 0.005500
48 0.205812 0.553111 0.014616 0.006875
48 0.205133 0.560158 0.011897 0.008594
48 0.205982 0.566861 0.007478 0.008250
48 0.206492 0.575971 0.010537 0.011344
48 0.190517 0.571158 0.006458 0.009969
48 0.191027 0.577862 0.004079 0.004813
48 0.159245 0.577002 0.015976 0.005844
48 0.154997 0.594019 0.008158 0.017876
48 0.155506 0.605363 0.007138 0.006875
48 0.179640 0.600378 0.005778 0.013407
48 0.165024 0.612754 0.012576 0.009969
48 0.195615 0.619285 0.015976 0.020282
48 0.236064 0.586628 0.005778 0.005156
48 0.243712 0.589722 0.011557 0.008594
48 0.248640 0.688897 0.008498 0.011000
48 0.259857 0.692334 0.005099 0.005500
48 0.136472 0.692678 0.011897 0.008938
48 0.077158 0.703334 0.010197 0.014438
48 0.077328 0.663802 0.010537 0.014438
48 0.217539 0.850120 0.013596 0.012375
48 0.225527 0.845308 0.010537 0.008250
48 0.264956 0.915263 0.005778 0.003781
48 0.266485 0.910278 0.009517 0.009625
48 0.269205 0.903403 0.008838 0.008938
48 0.270564 0.896528 0.008838 0.006875
48 0.111489 0.987796 0.008158 0.005844
48 0.118287 0.983499 0.009517 0.018563
48 0.195955 0.985562 0.013256 0.018563
48 0.589225 0.893950 0.009857 0.016844
48 0.615058 0.888793 0.005778 0.012032
48 0.690177 0.908903 0.009857 0.007563
48 0.697825 0.908560 0.006798 0.004813
48 0.690687 0.915091 0.008838 0.008250
48 0.697485 0.914747 0.007478 0.007563
48 0.688987 0.925576 0.010197 0.006531
48 0.686608 0.919388 0.005438 0.007219
48 0.692216 0.920935 0.009857 0.004813
48 0.693576 0.930904 0.015976 0.007563
48 0.694426 0.939842 0.010197 0.011000
48 0.692216 0.946545 0.005778 0.004469
48 0.698844 0.946373 0.008158 0.004813
48 0.690687 0.984359 0.015636 0.006531
48 0.692556 0.989000 0.013936 0.006188
48 0.694086 0.992265 0.010877 0.004469
48 0.695105 0.996906 0.012237 0.006188
48 0.654487 0.995359 0.012576 0.005844
48 0.746091 0.976281 0.004759 0.005500
48 0.731815 0.972671 0.024473 0.018907
48 0.750850 0.914060 0.004759 0.005500
48 0.781781 0.909419 0.006798 0.005156
48 0.813222 0.954795 0.005099 0.006531
48 0.814922 0.949811 0.005778 0.004813
31 0.930319 0.872465 0.012916 0.048814
31 0.940347 0.872121 0.013256 0.044689
31 0.910095 0.808353 0.013256 0.053970
31 0.920632 0.808182 0.011217 0.041939
31 0.940007 0.683568 0.013936 0.043658
31 0.932019 0.564283 0.021754 0.042283
48 0.873895 0.076487 0.011557 0.014094
48 0.714650 0.038673 0.010537 0.009282
48 0.718899 0.053283 0.012237 0.026126
48 0.716009 0.089206 0.007138 0.010657
48 0.711421 0.090581 0.006798 0.010657
48 0.709211 0.081471 0.007138 0.012375
48 0.724167 0.077346 0.008498 0.011000
48 0.721448 0.089378 0.006458 0.006875
48 0.726207 0.084565 0.005099 0.005500
48 0.704623 0.070815 0.004079 0.004125
48 0.712271 0.069096 0.012576 0.006875
48 0.693406 0.105535 0.008838 0.011688
48 0.676411 0.095222 0.004759 0.008938
48 0.671652 0.102784 0.009517 0.011688
48 0.646499 0.113441 0.008838 0.011688
48 0.694935 0.055174 0.009177 0.020969
48 0.690007 0.062908 0.008838 0.015125
48 0.681509 0.067033 0.011557 0.017876
48 0.664004 0.063596 0.012576 0.015125
48 0.753909 0.210897 0.009517 0.012032
48 0.760707 0.209522 0.008158 0.012719
48 0.752549 0.203678 0.005438 0.004469
48 0.757988 0.201444 0.007478 0.006188
48 0.778722 0.243898 0.014276 0.010657
48 0.848912 0.275009 0.012576 0.006188
48 0.815942 0.293572 0.020734 0.005500
48 0.737763 0.312822 0.011897 0.007563
48 0.687797 0.052080 0.007818 0.009969
48 0.744901 0.305603 0.009177 0.008938
48 0.741502 0.300275 0.005099 0.004469
48 0.744901 0.292369 0.011217 0.012032
48 0.755948 0.280165 0.008838 0.004813
48 0.755099 0.295462 0.010537 0.028532
48 0.785690 0.306635 0.021414 0.006188
48 0.797417 0.313682 0.003399 0.008594
48 0.780252 0.313338 0.013256 0.007906
48 0.782291 0.319869 0.009177 0.006531
48 0.790959 0.312822 0.009517 0.007563
48 0.797757 0.331385 0.004079 0.013063
48 0.676750 0.388622 0.017675 0.019594
48 0.648708 0.444655 0.010537 0.011344
48 0.631883 0.438982 0.007478 0.019251
48 0.638511 0.437607 0.008498 0.008938
48 0.637661 0.431763 0.008158 0.004813
48 0.639021 0.444826 0.008838 0.006188
48 0.645819 0.436060 0.004079 0.005844
48 0.599762 0.479546 0.007818 0.013750
48 0.591604 0.472843 0.010537 0.005156
48 0.580048 0.486937 0.007138 0.017532
48 0.212271 0.605363 0.013256 0.008250
48 0.211761 0.595050 0.010877 0.008938
48 0.251530 0.594019 0.004079 0.008250
5 0.317131 0.610003 0.002719 0.003094
48 0.297077 0.614816 0.008158 0.010657
48 0.306254 0.605191 0.004759 0.005844
48 0.317301 0.603988 0.005778 0.006188
48 0.307784 0.595050 0.006458 0.015813
48 0.318491 0.600034 0.005438 0.003781
48 0.321040 0.592643 0.009857 0.012375
48 0.314922 0.581128 0.017335 0.012032
48 0.303875 0.580612 0.006798 0.011000
48 0.300306 0.562564 0.008498 0.007906
48 0.314582 0.566518 0.015296 0.019251
48 0.305744 0.567893 0.005099 0.015125
48 0.290789 0.570987 0.005099 0.011000
48 0.290109 0.578034 0.004419 0.003094
48 0.261897 0.576487 0.009177 0.006875
48 0.280421 0.570299 0.006118 0.005500
48 0.280761 0.562221 0.007478 0.012032
48 0.314582 0.550189 0.009177 0.012032
48 0.307784 0.549330 0.006458 0.011688
48 0.304045 0.536611 0.005778 0.008938
48 0.311013 0.535407 0.008838 0.008594
48 0.300306 0.522001 0.007138 0.007219
48 0.299286 0.510828 0.005099 0.015813
48 0.309653 0.518219 0.012916 0.005156
48 0.306934 0.510141 0.011557 0.017188
48 0.305235 0.498109 0.008158 0.006875
48 0.286030 0.499484 0.005778 0.014438
48 0.288579 0.505844 0.006798 0.021657
48 0.286880 0.517360 0.008158 0.004125
48 0.279742 0.513407 0.004759 0.016157
48 0.272774 0.503609 0.010537 0.019251
48 0.198844 0.513407 0.006118 0.015469
48 0.208532 0.513922 0.006458 0.017188
48 0.203263 0.515813 0.004759 0.014094
48 0.180999 0.509110 0.006458 0.005500
48 0.449864 0.649536 0.009857 0.005844
48 0.452753 0.674115 0.006798 0.013063
48 0.445955 0.674630 0.012237 0.012719
48 0.432869 0.671021 0.009857 0.010313
48 0.425901 0.674802 0.005438 0.011688
48 0.439157 0.677896 0.005438 0.006188
48 0.421652 0.638020 0.004419 0.004125
48 0.429810 0.643520 0.010537 0.018563
48 0.422672 0.645239 0.004419 0.004813
48 0.422162 0.650739 0.003399 0.006188
48 0.402107 0.633895 0.007478 0.005500
48 0.398878 0.617222 0.004419 0.005844
48 0.404827 0.615160 0.008838 0.011344
48 0.399558 0.599519 0.005778 0.011000
48 0.387491 0.592300 0.005438 0.011000
48 0.383073 0.592300 0.004759 0.006875
48 0.379844 0.592300 0.005778 0.011000
48 0.387322 0.693537 0.015976 0.018907
48 0.387322 0.705053 0.015296 0.006188
48 0.386982 0.710382 0.007818 0.004469
48 0.354861 0.717944 0.008158 0.012032
48 0.337356 0.719663 0.004419 0.006531
48 0.341944 0.714850 0.005438 0.011344
48 0.624065 0.795634 0.014956 0.009282
48 0.538579 0.786696 0.015976 0.007906
48 0.542488 0.792540 0.026513 0.008594
48 0.775323 0.693194 0.021754 0.019594
48 0.807614 0.694740 0.010197 0.015813
48 0.814582 0.695772 0.007818 0.013750
48 0.715840 0.658130 0.016995 0.012719
48 0.555065 0.266586 0.021074 0.026470
48 0.546567 0.286181 0.008838 0.013407
5 0.592624 0.297869 0.002379 0.005156
48 0.595853 0.322791 0.012916 0.006875
48 0.546737 0.252320 0.005099 0.006188
48 0.551326 0.251461 0.005438 0.005844
48 0.589565 0.188037 0.005778 0.009625
48 0.614378 0.183568 0.015296 0.008938
48 0.614038 0.204194 0.013256 0.015125
48 0.605880 0.207288 0.009177 0.013063
48 0.603841 0.210725 0.015976 0.015813
48 0.603841 0.220694 0.007138 0.007563
48 0.612848 0.217944 0.012916 0.008938
48 0.609449 0.223273 0.008158 0.006531
48 0.657716 0.251461 0.009517 0.011344
48 0.531271 0.597284 0.005438 0.004469
48 0.531441 0.588518 0.005778 0.006188
48 0.536370 0.596941 0.006118 0.004469
48 0.553025 0.583190 0.005438 0.006531
48 0.540109 0.587487 0.004759 0.004125
48 0.536880 0.591097 0.005778 0.003781
48 0.531611 0.583018 0.006118 0.006875
48 0.540279 0.583534 0.006458 0.005156
48 0.548436 0.584050 0.004419 0.005500
48 0.544697 0.584050 0.003739 0.004813
48 0.535860 0.583190 0.004419 0.006531
48 0.535690 0.587659 0.004759 0.003781
48 0.600102 0.583878 0.007138 0.010657
48 0.594664 0.585940 0.004419 0.007906
48 0.606730 0.591612 0.010197 0.005500
48 0.591094 0.605363 0.006118 0.006188
48 0.591604 0.599691 0.007138 0.005844
48 0.607920 0.605363 0.007818 0.006188
48 0.607240 0.623066 0.008498 0.013407
48 0.602821 0.610863 0.013936 0.008938
48 0.476717 0.716741 0.007818 0.016501
48 0.483005 0.717429 0.007478 0.013750
48 0.491332 0.718116 0.006458 0.015813
48 0.512407 0.725507 0.005099 0.012032
48 0.497451 0.727226 0.006458 0.005844
48 0.497451 0.719319 0.007138 0.009969
48 0.497791 0.712100 0.006458 0.005156
48 0.502889 0.724132 0.005099 0.009282
48 0.507648 0.723960 0.005099 0.009625
48 0.503059 0.714850 0.004079 0.008594
48 0.508838 0.715022 0.008158 0.008938
48 0.502039 0.732726 0.015636 0.008594
48 0.513596 0.704194 0.009517 0.012032
48 0.608430 0.790993 0.005438 0.013063
48 0.665194 0.756274 0.012237 0.006875
48 0.620496 0.770196 0.005099 0.004469
48 0.631033 0.770024 0.005099 0.004125
28 0.778552 0.556377 0.013256 0.005156
31 0.962950 0.446889 0.014956 0.048814
31 0.944256 0.350120 0.009517 0.033345
31 0.962780 0.260743 0.006458 0.030595
28 0.894460 0.197834 0.015976 0.018219
28 0.903637 0.070127 0.009857 0.011688
