56 0.990375 0.843960 0.019250 0.049109
56 0.978467 0.889505 0.043067 0.045941
31 0.985481 0.763960 0.029038 0.106931
56 0.456444 0.970297 0.433279 0.059406
56 0.367700 0.996634 0.024144 0.006733
5 0.019413 0.994653 0.004241 0.002772
5 0.008972 0.976634 0.004894 0.003168
5 0.008320 0.973861 0.004894 0.003168
5 0.006852 0.971683 0.003915 0.002772
5 0.005873 0.968911 0.003915 0.001980
5 0.014519 0.964752 0.004241 0.003168
9 0.020718 0.996832 0.004241 0.002376
5 0.018271 0.947525 0.003263 0.003564
5 0.015498 0.924752 0.003589 0.003960
56 0.934421 0.877030 0.020228 0.026535
56 0.449429 0.981980 0.033605 0.036040
56 0.484992 0.957822 0.020555 0.019406
56 0.476183 0.975446 0.019902 0.015842
56 0.410277 0.985148 0.040131 0.029703
28 0.270147 0.293861 0.031321 0.044356
23 0.033116 0.353069 0.030995 0.045545
23 0.016313 0.355049 0.031974 0.046337
23 0.021697 0.337624 0.043393 0.043168
38 0.457586 0.996832 0.036868 0.006337
38 0.477161 0.991485 0.058401 0.017030
38 0.520392 0.997228 0.050245 0.005545
38 0.543883 0.987327 0.049592 0.025347
27 0.557749 0.675049 0.084502 0.051089
29 0.008809 0.970693 0.017618 0.058614
28 0.631811 0.214257 0.040131 0.014257
28 0.012072 0.239604 0.024144 0.015050
31 0.713214 0.702178 0.092659 0.083960
28 0.051876 0.227327 0.033931 0.038812
28 0.051060 0.265545 0.048613 0.032871
23 0.133116 0.935248 0.213377 0.129505
28 0.582382 0.007921 0.029364 0.015842
23 0.856933 0.086733 0.036215 0.019010
28 0.552692 0.013267 0.033931 0.017822
26 0.551876 0.002970 0.032953 0.005941
48 0.064274 0.966139 0.123328 0.067723
5 0.026917 0.998614 0.004894 0.002772
28 0.001631 0.366733 0.003263 0.036436
28 0.090701 0.238614 0.039804 0.020198
28 0.640457 0.202970 0.030016 0.010693
