53 0.699837 0.030495 0.064600 0.060990
11 0.711419 0.003564 0.004894 0.007129
32 0.291680 0.043762 0.160522 0.087525
48 0.912072 0.015644 0.086460 0.031287
48 0.618597 0.014257 0.103100 0.028515
11 0.713214 0.070891 0.005220 0.020594
11 0.720228 0.041980 0.005546 0.013465
13 0.718434 0.031485 0.004568 0.013069
11 0.707667 0.021386 0.007178 0.018218
13 0.704405 0.028119 0.004568 0.018218
13 0.702121 0.013861 0.005873 0.014257
5 0.691680 0.015248 0.002610 0.005149
5 0.684339 0.017228 0.002936 0.005149
5 0.694453 0.014455 0.002284 0.005149
5 0.695432 0.019208 0.002284 0.004356
5 0.717945 0.005743 0.005546 0.002772
5 0.693475 0.010693 0.003589 0.002376
5 0.680587 0.024158 0.003263 0.005545
5 0.683361 0.022970 0.002936 0.004752
5 0.685481 0.022178 0.003263 0.003960
5 0.687928 0.021782 0.002284 0.003960
5 0.690212 0.020198 0.002936 0.004752
5 0.697390 0.018020 0.002936 0.005149
5 0.682545 0.028515 0.002610 0.005545
5 0.684829 0.027327 0.002610 0.003960
5 0.686949 0.027129 0.002284 0.004356
5 0.689396 0.026337 0.002610 0.004356
5 0.691191 0.024752 0.002936 0.004356
5 0.687276 0.017624 0.002936 0.005149
5 0.693964 0.025149 0.002610 0.004356
5 0.695759 0.023762 0.002936 0.005545
5 0.692333 0.008119 0.004568 0.002772
5 0.684339 0.033069 0.002936 0.004356
5 0.687439 0.031287 0.002610 0.006337
5 0.684829 0.042376 0.003915 0.005545
5 0.686297 0.037624 0.002936 0.004752
10 0.690375 0.033663 0.003263 0.005545
10 0.692985 0.034851 0.003915 0.005545
13 0.700816 0.026733 0.005220 0.014653
39 0.750082 0.050099 0.004568 0.009901
39 0.692333 0.092475 0.005873 0.009109
39 0.684176 0.090693 0.005220 0.010297
39 0.685808 0.084554 0.004568 0.009109
39 0.683687 0.078218 0.004894 0.008317
39 0.680750 0.080792 0.005546 0.007129
39 0.688744 0.093465 0.003915 0.007921
18 0.761827 0.056832 0.007830 0.026535
10 0.984339 0.599208 0.002610 0.005545
10 0.986623 0.599208 0.001958 0.004752
10 0.989233 0.598614 0.001958 0.005149
10 0.991843 0.598416 0.002610 0.005545
10 0.994290 0.598218 0.002284 0.005941
48 0.980750 0.685545 0.030669 0.027723
11 0.751550 0.665743 0.023165 0.016634
14 0.392659 0.803564 0.018597 0.008713
11 0.340620 0.840594 0.021533 0.011485
14 0.413866 0.796040 0.019250 0.008713
14 0.432137 0.787723 0.019250 0.009505
14 0.450897 0.779406 0.020228 0.009505
12 0.436542 0.734059 0.005220 0.003564
5 0.268026 0.903960 0.007504 0.005149
10 0.282545 0.909307 0.005220 0.003960
10 0.354323 0.944356 0.003263 0.006733
10 0.360685 0.943762 0.006199 0.002376
10 0.361664 0.946139 0.005546 0.003168
10 0.361827 0.949307 0.005220 0.003960
39 0.318597 0.923168 0.002936 0.006337
10 0.246819 0.979406 0.008809 0.004752
5 0.229201 0.974851 0.004894 0.002772
5 0.248450 0.985743 0.005546 0.003168
5 0.237194 0.987921 0.004568 0.002772
5 0.237684 0.990297 0.004241 0.001980
5 0.239967 0.993069 0.004894 0.003564
5 0.253181 0.984752 0.004568 0.002772
5 0.248287 0.988713 0.006525 0.002772
5 0.253670 0.986535 0.003589 0.002376
10 0.252692 0.994455 0.004894 0.003168
10 0.251387 0.992673 0.005546 0.002772
10 0.256281 0.992673 0.004241 0.003564
14 0.696085 0.120594 0.018597 0.009901
13 0.567210 0.083762 0.012724 0.008317
13 0.567210 0.085941 0.012724 0.005545
13 0.569168 0.088911 0.014029 0.006733
13 0.530832 0.089307 0.004568 0.007525
6 0.533931 0.087525 0.004241 0.007921
8 0.535400 0.116634 0.004568 0.002772
8 0.537031 0.132079 0.003915 0.002772
8 0.537357 0.136832 0.003263 0.002772
5 0.542904 0.229109 0.004568 0.002772
6 0.596737 0.634257 0.005220 0.013069
6 0.592333 0.632079 0.004894 0.013465
6 0.671615 0.666535 0.008157 0.004752
5 0.944046 0.714059 0.004894 0.002376
5 0.945840 0.709703 0.003915 0.002376
8 0.198532 0.759406 0.004894 0.002772
5 0.140946 0.781188 0.005220 0.003564
5 0.124144 0.787921 0.006199 0.003564
5 0.218597 0.774852 0.004568 0.002772
5 0.266395 0.768713 0.004241 0.005545
5 0.098858 0.794851 0.007178 0.004752
5 0.087602 0.798218 0.004241 0.003564
11 0.239641 0.815248 0.025775 0.010693
11 0.243556 0.818614 0.021860 0.010297
11 0.229853 0.807723 0.019902 0.009109
11 0.224633 0.804554 0.019250 0.008317
11 0.223654 0.800594 0.020555 0.008317
11 0.215824 0.817426 0.020555 0.010297
11 0.211746 0.814257 0.018271 0.008713
11 0.206362 0.811683 0.019902 0.009109
11 0.187928 0.818218 0.020881 0.007921
11 0.193964 0.820396 0.017945 0.006733
11 0.197227 0.824158 0.019902 0.008713
11 0.176835 0.825941 0.018923 0.005941
11 0.180587 0.829901 0.019250 0.009109
13 0.223817 0.824951 0.015661 0.007921
13 0.222186 0.821386 0.013703 0.007129
11 0.145351 0.853663 0.023165 0.008317
11 0.143393 0.849307 0.023817 0.008317
11 0.151387 0.840792 0.020881 0.008713
11 0.135563 0.841584 0.022512 0.008713
11 0.134258 0.838020 0.020555 0.008713
11 0.124959 0.860594 0.024796 0.007921
11 0.122512 0.856634 0.022512 0.008713
11 0.114029 0.855842 0.021207 0.008713
11 0.116639 0.847525 0.023817 0.011089
11 0.109135 0.867129 0.021207 0.009109
11 0.104894 0.863960 0.019250 0.007525
11 0.094454 0.864554 0.019902 0.007921
11 0.087113 0.864158 0.022838 0.008713
11 0.086460 0.872079 0.016966 0.007921
11 0.076020 0.872079 0.020228 0.008713
11 0.054976 0.884951 0.020555 0.015446
11 0.038336 0.896238 0.020555 0.012673
13 0.090538 0.875050 0.015334 0.009109
11 0.017781 0.904356 0.021207 0.009901
48 0.458075 0.977822 0.030016 0.023762
48 0.450082 0.991881 0.014682 0.009901
9 0.312561 0.919406 0.003915 0.006733
9 0.315661 0.920000 0.003589 0.006337
5 0.247471 0.992079 0.005546 0.003960
5 0.236215 0.985545 0.003915 0.002772
5 0.235073 0.983762 0.004241 0.002376
5 0.227243 0.977624 0.002936 0.001980
5 0.224307 0.970297 0.002284 0.002376
5 0.224959 0.973069 0.002936 0.002376
5 0.226591 0.975248 0.002284 0.001980
5 0.223002 0.967129 0.002284 0.001584
5 0.220555 0.962178 0.001958 0.001980
5 0.218760 0.956832 0.002284 0.002376
5 0.220555 0.942376 0.003263 0.005149
5 0.696411 0.013465 0.001631 0.003168
5 0.692496 0.019802 0.002284 0.004752
5 0.682708 0.037822 0.002936 0.004356
5 0.688581 0.035446 0.002936 0.005149
5 0.689886 0.030891 0.002284 0.004752
5 0.691680 0.029109 0.002610 0.005149
5 0.693638 0.024752 0.002610 0.004356
5 0.696737 0.028515 0.002284 0.004752
5 0.698042 0.021584 0.002936 0.005149
5 0.694780 0.029703 0.002936 0.004752
5 0.695759 0.034455 0.002284 0.004752
5 0.697716 0.033861 0.002284 0.004356
13 0.530343 0.080000 0.004894 0.011089
9 0.573083 0.106139 0.006852 0.004752
5 0.533442 0.153267 0.003263 0.005545
9 0.580261 0.149901 0.004894 0.017030
9 0.590049 0.231089 0.015987 0.007525
9 0.588744 0.235446 0.014682 0.007525
5 0.566721 0.967723 0.002610 0.005149
5 0.563948 0.967921 0.002284 0.005545
5 0.560685 0.968713 0.002284 0.003960
5 0.561338 0.974851 0.002284 0.005149
5 0.563948 0.974257 0.002284 0.004752
5 0.566884 0.973465 0.002936 0.004752
5 0.562153 0.980198 0.002610 0.004752
5 0.562643 0.984752 0.002284 0.003564
5 0.568026 0.982970 0.002610 0.003960
5 0.567863 0.978020 0.002284 0.004356
5 0.564600 0.978614 0.002284 0.003960
5 0.565416 0.982772 0.002610 0.004356
5 0.566232 0.988515 0.002284 0.003960
5 0.568679 0.988515 0.001958 0.003960
4 0.558564 0.988911 0.004568 0.003168
4 0.558238 0.991881 0.004568 0.002772
4 0.558891 0.994455 0.003263 0.001584
5 0.557423 0.973663 0.001631 0.001980
48 0.725285 0.965545 0.018271 0.019010
5 0.350897 0.933267 0.004894 0.002772
6 0.431321 0.904554 0.002610 0.006337
6 0.430179 0.911683 0.004241 0.002376
5 0.429690 0.889901 0.002610 0.003960
5 0.429527 0.885347 0.002284 0.003564
5 0.357749 0.930891 0.005546 0.002772
6 0.349103 0.903762 0.011093 0.003960
6 0.347961 0.907525 0.011419 0.004356
6 0.349266 0.913069 0.012072 0.003564
6 0.349266 0.917030 0.012724 0.005149
6 0.350408 0.923168 0.010440 0.004752
6 0.349592 0.927327 0.009462 0.004356
6 0.362153 0.912079 0.011746 0.004752
6 0.360685 0.915842 0.010767 0.003564
6 0.361338 0.919010 0.010767 0.003564
6 0.361827 0.922970 0.011093 0.005149
6 0.398695 0.894455 0.011093 0.003564
6 0.399674 0.898020 0.011093 0.003564
6 0.401468 0.901188 0.011419 0.003564
6 0.401794 0.904554 0.010767 0.003960
6 0.401794 0.908317 0.011419 0.003564
6 0.402773 0.911485 0.010767 0.003564
6 0.402936 0.914653 0.011093 0.004356
6 0.403426 0.918218 0.010767 0.003564
6 0.403263 0.921386 0.011093 0.003564
6 0.403263 0.924950 0.010440 0.003564
6 0.403426 0.927921 0.010767 0.003960
6 0.404405 0.931683 0.010114 0.003564
6 0.404568 0.934851 0.009788 0.003564
6 0.403915 0.938614 0.011746 0.004752
9 0.236215 0.944356 0.005873 0.004356
9 0.237847 0.949307 0.007830 0.003960
9 0.238825 0.955644 0.009788 0.004752
9 0.241599 0.960792 0.008157 0.004752
9 0.242741 0.963762 0.007830 0.004356
9 0.243719 0.966535 0.008483 0.004356
9 0.244046 0.969703 0.009135 0.005149
9 0.245351 0.972673 0.008483 0.003960
9 0.245840 0.975644 0.009462 0.004356
5 0.253997 0.990495 0.004241 0.002376
5 0.253018 0.989109 0.005546 0.002772
5 0.213703 0.939802 0.002610 0.003960
5 0.215987 0.938614 0.002610 0.003960
5 0.219086 0.938218 0.002284 0.004752
48 0.231974 0.934257 0.016313 0.012673
5 0.092496 0.977228 0.004241 0.005149
5 0.089233 0.978020 0.004241 0.005149
5 0.100979 0.973861 0.003589 0.005545
5 0.104568 0.973069 0.002936 0.005545
5 0.106525 0.987723 0.002936 0.004752
9 0.086460 0.979406 0.005220 0.006337
9 0.083361 0.981386 0.004894 0.006337
5 0.087602 0.984554 0.006852 0.003960
9 0.093475 0.982970 0.006199 0.003168
9 0.115334 0.976238 0.006199 0.003960
5 0.085481 0.996040 0.003915 0.004752
5 0.109299 0.987921 0.003263 0.004356
5 0.111419 0.986931 0.002936 0.005545
5 0.088744 0.996634 0.002610 0.001980
5 0.122349 0.969703 0.002610 0.005941
5 0.119576 0.970495 0.002936 0.006733
48 0.130995 0.987525 0.046656 0.020990
5 0.104078 0.990693 0.002610 0.003564
13 0.036542 0.993663 0.006525 0.010297
13 0.033116 0.995248 0.004241 0.007921
13 0.030016 0.995644 0.004568 0.008713
13 0.027406 0.996634 0.004568 0.006733
13 0.023817 0.996238 0.003263 0.005941
13 0.020881 0.997822 0.003263 0.002772
9 0.362806 0.930693 0.007178 0.003168
48 0.482545 0.981188 0.022186 0.029703
48 0.420881 0.951881 0.011093 0.006733
5 0.380098 0.411089 0.003915 0.002376
5 0.367210 0.425545 0.002284 0.003564
5 0.365090 0.399802 0.002610 0.003564
5 0.368352 0.401188 0.003263 0.003960
5 0.380424 0.403762 0.004568 0.001980
5 0.381892 0.417228 0.004241 0.002772
34 0.364111 0.356832 0.016313 0.014257
6 0.403752 0.846139 0.011419 0.008317
6 0.412887 0.842970 0.011419 0.009901
6 0.416476 0.840792 0.011419 0.010297
6 0.408483 0.844752 0.010440 0.011089
6 0.420228 0.838812 0.011746 0.010297
6 0.434910 0.833465 0.011746 0.008317
6 0.439641 0.830099 0.010767 0.008713
6 0.417945 0.854653 0.011093 0.006337
6 0.419086 0.858020 0.011419 0.005941
6 0.420392 0.862178 0.012072 0.006337
6 0.448613 0.843168 0.003915 0.011089
6 0.452529 0.841980 0.003915 0.012673
6 0.456281 0.840198 0.004241 0.012277
6 0.460848 0.838614 0.004894 0.012277
6 0.396900 0.858416 0.010767 0.005941
9 0.388418 0.848911 0.006199 0.007525
9 0.388907 0.856238 0.008483 0.003960
9 0.387928 0.863564 0.005220 0.003564
9 0.331321 0.831485 0.009462 0.005149
5 0.310930 0.878812 0.004568 0.003168
5 0.304405 0.881980 0.004568 0.003168
56 0.243883 0.769109 0.042088 0.045941
56 0.023165 0.851881 0.046330 0.049109
56 0.019413 0.897426 0.038825 0.045941
9 0.804731 0.737228 0.004241 0.010693
6 0.795922 0.745347 0.006852 0.004752
5 0.818923 0.749703 0.003263 0.006337
5 0.815824 0.751287 0.002936 0.005545
5 0.812724 0.752079 0.003263 0.004752
5 0.810114 0.752079 0.003263 0.005545
5 0.939804 0.935446 0.004241 0.002376
5 0.939967 0.939604 0.005220 0.001980
48 0.927732 0.894852 0.017292 0.016238
48 0.968352 0.894852 0.033931 0.020198
48 0.960033 0.886535 0.016639 0.009109
4 0.711256 0.955248 0.001958 0.001584
9 0.573083 0.948911 0.004894 0.002376
56 0.491028 0.563762 0.103100 0.192871
56 0.546982 0.473069 0.028385 0.019406
56 0.558564 0.521188 0.025449 0.020594
56 0.718108 0.558416 0.125285 0.199604
48 0.959217 0.570495 0.068515 0.048713
48 0.264111 0.955050 0.059706 0.089901
48 0.290375 0.941188 0.024796 0.062970
48 0.303915 0.919406 0.017945 0.026535
48 0.304241 0.937822 0.013377 0.019802
48 0.306688 0.989901 0.026101 0.020198
56 0.570473 0.390891 0.018597 0.033267
56 0.587276 0.324356 0.022838 0.039604
56 0.645677 0.224158 0.131811 0.078416
56 0.653834 0.255842 0.123328 0.073663
56 0.622675 0.156040 0.023165 0.019010
56 0.596248 0.143762 0.017945 0.019010
56 0.591354 0.170693 0.018597 0.014257
57 0.569821 0.130891 0.008157 0.017030
57 0.574551 0.155248 0.004568 0.018218
57 0.577488 0.155446 0.004568 0.013861
57 0.630506 0.125149 0.015987 0.010297
57 0.645840 0.119010 0.015987 0.009901
56 0.667863 0.112871 0.028711 0.021386
47 0.788907 0.181782 0.010440 0.010297
47 0.799511 0.223564 0.011419 0.020990
47 0.633605 0.189109 0.009788 0.009901
47 0.629201 0.173861 0.009462 0.007921
9 0.709135 0.379406 0.018597 0.011089
56 0.645840 0.459802 0.054486 0.032475
57 0.693475 0.438020 0.014029 0.018218
16 0.617618 0.189307 0.011093 0.015050
55 0.722186 0.461584 0.008157 0.009109
48 0.729038 0.437426 0.013377 0.017030
5 0.784502 0.439208 0.003589 0.006337
55 0.819086 0.461782 0.012724 0.010297
48 0.806199 0.470099 0.008483 0.024554
57 0.464927 0.707921 0.011093 0.015446
5 0.477977 0.673267 0.003263 0.005545
5 0.480424 0.672673 0.002936 0.005149
35 0.105710 0.774852 0.029364 0.044752
35 0.173899 0.760198 0.018271 0.023366
26 0.191028 0.696436 0.010114 0.017822
31 0.301305 0.716634 0.031648 0.059010
31 0.292007 0.720396 0.030016 0.061782
31 0.281729 0.724554 0.029038 0.058218
23 0.269168 0.720000 0.042414 0.101386
23 0.215824 0.709505 0.036868 0.072475
31 0.175367 0.715644 0.045351 0.088713
7 0.460033 0.656040 0.005873 0.007525
23 0.307667 0.367525 0.043719 0.057030
34 0.392007 0.377426 0.041436 0.064950
24 0.456444 0.680792 0.011093 0.013465
28 0.075367 0.757030 0.050245 0.072475
26 0.088581 0.726931 0.019902 0.019406
23 0.097227 0.761188 0.048940 0.049109
28 0.116150 0.754257 0.040457 0.053465
28 0.124470 0.750099 0.039478 0.053069
28 0.134421 0.748317 0.034584 0.046337
28 0.141109 0.740594 0.043393 0.057030
28 0.148613 0.734455 0.043393 0.060594
28 0.305710 0.703366 0.015661 0.027723
28 0.270147 0.747525 0.022838 0.050297
28 0.251713 0.707327 0.023165 0.056238
28 0.238989 0.708911 0.020555 0.056238
28 0.226754 0.712277 0.025449 0.055050
28 0.209625 0.726931 0.025775 0.046337
26 0.198369 0.726733 0.013051 0.015050
24 0.202610 0.724158 0.010440 0.013069
26 0.204894 0.741584 0.018271 0.021782
28 0.182055 0.697030 0.027406 0.053069
28 0.516476 0.315446 0.021533 0.030495
28 0.509135 0.316238 0.020555 0.031287
18 0.769657 0.055644 0.005873 0.024950
28 0.500489 0.318812 0.020881 0.027723
28 0.518760 0.338614 0.027406 0.017426
28 0.527080 0.356040 0.019902 0.029307
28 0.515498 0.366337 0.015008 0.020594
26 0.509135 0.366733 0.017945 0.022178
28 0.502610 0.367921 0.018597 0.025347
28 0.497064 0.372475 0.017945 0.022574
28 0.491680 0.377624 0.016313 0.021782
26 0.487439 0.418020 0.024796 0.015446
27 0.453344 0.406931 0.017292 0.028119
5 0.158564 0.773663 0.005220 0.003564
38 0.305710 0.362376 0.033279 0.053069
26 0.441436 0.086337 0.022186 0.011089
28 0.173083 0.744950 0.014029 0.036436
23 0.485808 0.266535 0.018923 0.026931
23 0.456770 0.155248 0.020228 0.015842
23 0.429038 0.105149 0.013703 0.024950
7 0.019250 0.824356 0.007830 0.005149
7 0.025612 0.822376 0.008157 0.005149
6 0.477161 0.812277 0.011419 0.009505
6 0.473573 0.814851 0.012072 0.009901
6 0.468842 0.816436 0.011746 0.009109
6 0.465579 0.819010 0.011746 0.007921
6 0.460522 0.820594 0.011419 0.007921
6 0.452202 0.824158 0.011746 0.008713
6 0.447635 0.826337 0.011746 0.006733
6 0.457259 0.823366 0.012724 0.008713
6 0.516639 0.797822 0.012072 0.012277
6 0.525285 0.793267 0.010440 0.011089
6 0.530343 0.792277 0.011419 0.009901
6 0.508483 0.800594 0.011419 0.009901
6 0.503915 0.801386 0.010767 0.009901
6 0.501794 0.803564 0.010440 0.009505
6 0.498695 0.805941 0.011419 0.010297
6 0.533442 0.789901 0.010440 0.009109
6 0.538336 0.788713 0.010440 0.009901
6 0.541925 0.786931 0.011093 0.009505
6 0.546166 0.785149 0.010440 0.009901
6 0.551387 0.784752 0.010440 0.009901
6 0.556607 0.783168 0.011093 0.012277
6 0.564600 0.779604 0.009462 0.010693
6 0.569331 0.778416 0.009135 0.011485
6 0.573083 0.776832 0.008809 0.011485
6 0.577651 0.776040 0.009462 0.009901
6 0.582219 0.775644 0.007504 0.009901
6 0.586786 0.774852 0.010767 0.012277
6 0.590212 0.772871 0.009135 0.010693
6 0.594617 0.772475 0.009462 0.013069
6 0.599184 0.771089 0.009462 0.011089
5 0.486460 0.669901 0.003915 0.005149
9 0.675204 0.170891 0.016639 0.009109
56 0.684666 0.155644 0.081892 0.060198
10 0.360848 0.941386 0.007830 0.002376
5 0.984666 0.611881 0.002610 0.005545
5 0.987276 0.611881 0.002610 0.005545
5 0.990049 0.611683 0.002936 0.005941
5 0.992333 0.611089 0.002936 0.005545
5 0.995106 0.610693 0.002610 0.005545
53 0.989560 0.604752 0.013703 0.019802
5 0.850571 0.927921 0.005873 0.003168
5 0.805710 0.927723 0.005546 0.003564
5 0.869168 0.823366 0.006525 0.003168
53 0.549266 0.789505 0.114519 0.053465
53 0.435400 0.841584 0.108646 0.073663
56 0.421044 0.775644 0.059706 0.043168
56 0.485318 0.750693 0.091680 0.057426
56 0.531321 0.730099 0.029690 0.042376
56 0.558075 0.723762 0.022512 0.024950
56 0.574225 0.713663 0.026754 0.030099
56 0.627080 0.700000 0.065253 0.032079
56 0.682545 0.685941 0.036542 0.019010
6 0.547635 0.813861 0.006199 0.007129
6 0.538662 0.814455 0.005220 0.006733
48 0.545514 0.828317 0.024144 0.024950
5 0.096411 0.975842 0.005546 0.005545
28 0.314193 0.429109 0.105057 0.034455
28 0.460196 0.252871 0.061011 0.019406
28 0.458238 0.232079 0.048613 0.019802
28 0.461990 0.240792 0.047635 0.018218
28 0.452529 0.222376 0.046330 0.020990
28 0.452529 0.116832 0.024144 0.015050
48 0.517455 0.933861 0.029364 0.034059
48 0.501958 0.972871 0.021207 0.012277
48 0.727896 0.944158 0.024796 0.023762
48 0.603589 0.975446 0.021533 0.041188
48 0.775367 0.112277 0.033605 0.045545
6 0.374062 0.910693 0.012072 0.005149
5 0.430506 0.894852 0.002936 0.005149
5 0.929364 0.916238 0.006199 0.003564
28 0.471289 0.100990 0.023817 0.011089
48 0.799347 0.525941 0.009788 0.024554
6 0.330016 0.896634 0.012724 0.005545
6 0.430343 0.867525 0.003915 0.012277
6 0.403589 0.860000 0.012398 0.007525
5 0.434258 0.803564 0.005220 0.004752
26 0.523817 0.400198 0.023817 0.016238
5 0.485808 0.681386 0.005220 0.003564
6 0.759706 0.315644 0.004241 0.013465
5 0.552365 0.376832 0.002610 0.005149
50 0.883687 0.434059 0.034910 0.172673
48 0.945514 0.383366 0.009135 0.007129
48 0.503426 0.830495 0.022186 0.022178
48 0.914029 0.350495 0.019250 0.012673
48 0.759870 0.803366 0.041762 0.035248
48 0.780261 0.948119 0.014682 0.025347
48 0.746982 0.741188 0.016639 0.011485
48 0.924959 0.490693 0.017618 0.018218
48 0.869984 0.979802 0.020555 0.010297
48 0.423002 0.941584 0.011419 0.012277
5 0.069005 0.975644 0.002284 0.005149
6 0.433768 0.893069 0.003589 0.011881
5 0.345351 0.824158 0.004894 0.003168
28 0.498695 0.133465 0.012072 0.022970
48 0.986623 0.740594 0.007830 0.006337
48 0.692333 0.957426 0.033279 0.034455
48 0.720228 0.985148 0.042741 0.017822
48 0.944535 0.619802 0.022838 0.033267
5 0.482708 0.851287 0.004241 0.002772
26 0.527080 0.409109 0.014682 0.009505
48 0.888091 0.930693 0.004568 0.007921
48 0.945677 0.390099 0.013377 0.006337
48 0.979282 0.485347 0.020555 0.015446
48 0.773246 0.947129 0.004568 0.014653
48 0.200000 0.871683 0.069168 0.038020
48 0.817455 0.846733 0.026427 0.013465
48 0.818597 0.856040 0.027406 0.011485
48 0.674225 0.987129 0.047308 0.024158
5 0.150408 0.950297 0.003915 0.005941
5 0.474062 0.852277 0.003915 0.003168
6 0.927080 0.679802 0.005546 0.013861
5 0.383034 0.419010 0.004568 0.002376
28 0.490375 0.110297 0.015008 0.019406
28 0.492659 0.137624 0.008483 0.017030
28 0.435726 0.102772 0.011419 0.020990
48 0.050245 0.987129 0.010440 0.009109
48 0.961501 0.635050 0.023491 0.012277
48 0.777651 0.898812 0.010767 0.047129
48 0.524307 0.978416 0.018271 0.032871
48 0.371289 0.864554 0.030016 0.021386
48 0.435563 0.718812 0.024796 0.019802
5 0.032137 0.908713 0.004894 0.005149
6 0.372431 0.914851 0.012072 0.006337
28 0.509625 0.058020 0.018271 0.013861
48 0.744698 0.763366 0.011419 0.017822
48 0.987928 0.750099 0.008483 0.010297
48 0.935073 0.388515 0.008483 0.011881
48 0.627243 0.478218 0.038825 0.018614
48 0.919739 0.843564 0.027406 0.011881
48 0.954323 0.488515 0.028711 0.020198
48 0.357749 0.979802 0.029038 0.015842
5 0.935726 0.739010 0.003263 0.006337
28 0.484502 0.117624 0.015008 0.021386
48 0.889233 0.955644 0.020555 0.012673
48 0.922349 0.787129 0.016313 0.009901
48 0.804078 0.071485 0.061664 0.047921
48 0.918923 0.381980 0.018597 0.047129
48 0.960522 0.414653 0.035237 0.025347
48 0.594617 0.895644 0.069494 0.087525
48 0.973736 0.850693 0.020555 0.020594
5 0.302610 0.886733 0.004894 0.003960
48 0.924144 0.798218 0.012724 0.013861
48 0.970310 0.395842 0.011093 0.014653
48 0.962153 0.376634 0.022838 0.010297
48 0.627406 0.043366 0.105710 0.068515
48 0.757259 0.853861 0.032626 0.037228
48 0.678140 0.778614 0.039478 0.088713
48 0.674878 0.848119 0.021860 0.012277
48 0.457912 0.923366 0.030343 0.031287
48 0.580098 0.573465 0.041109 0.052277
6 0.359869 0.937624 0.011746 0.005149
5 0.522023 0.847327 0.003915 0.002772
28 0.506036 0.050495 0.017618 0.009109
48 0.350408 0.810495 0.010440 0.009901
48 0.855954 0.843168 0.020555 0.034851
48 0.797879 0.907327 0.012072 0.032475
48 0.904405 0.901980 0.022838 0.020990
48 0.507178 0.871485 0.030995 0.040000
48 0.647961 0.296436 0.114845 0.065347
5 0.228222 0.971683 0.004241 0.003564
6 0.372268 0.903762 0.012398 0.007129
6 0.443067 0.946337 0.003915 0.014653
5 0.506199 0.848713 0.006199 0.003960
6 0.428874 0.835644 0.012072 0.011881
48 0.647145 0.504356 0.022512 0.022574
48 0.779935 0.856238 0.015334 0.044356
48 0.495432 0.909703 0.050571 0.022970
48 0.958728 0.149901 0.019250 0.020990
48 0.958891 0.194059 0.033279 0.076040
48 0.420555 0.911881 0.013051 0.016238
5 0.379608 0.829505 0.004894 0.003564
6 0.811582 0.735842 0.010114 0.014257
48 0.935563 0.398812 0.007504 0.007921
48 0.785807 0.900792 0.012072 0.045545
48 0.621370 0.969703 0.020555 0.033663
48 0.815987 0.395644 0.006525 0.017426
6 0.450408 0.833465 0.012724 0.007525
5 0.935237 0.915644 0.004894 0.003168
5 0.531811 0.098020 0.004568 0.002772
28 0.504405 0.287327 0.014356 0.024950
26 0.462806 0.158416 0.022512 0.012673
48 0.416966 0.731089 0.016966 0.011089
48 0.981240 0.613465 0.006852 0.007129
48 0.945351 0.397426 0.014682 0.007525
48 0.941436 0.353663 0.008157 0.014257
48 0.136542 0.972277 0.015987 0.021386
48 0.233605 0.859802 0.011093 0.014257
48 0.676509 0.892673 0.025775 0.078416
48 0.769657 0.970891 0.033931 0.020198
48 0.924307 0.151683 0.048940 0.022970
48 0.961175 0.831683 0.024144 0.020594
48 0.957096 0.850495 0.014029 0.022574
48 0.913377 0.959406 0.034258 0.019406
5 0.554812 0.375248 0.002936 0.004356
26 0.544535 0.389109 0.011746 0.006733
48 0.874388 0.971485 0.030016 0.010297
48 0.893312 0.942574 0.009788 0.013465
48 0.764927 0.954653 0.015334 0.014653
48 0.965579 0.665545 0.068842 0.060594
48 0.474062 0.937624 0.058075 0.033663
13 0.103752 0.980000 0.015008 0.009109
5 0.030832 0.930495 0.004241 0.005149
5 0.545351 0.845545 0.004894 0.003168
5 0.360522 0.805941 0.003263 0.005545
51 0.869168 0.602178 0.115498 0.173861
48 0.523491 0.828317 0.021860 0.021782
48 0.853997 0.789307 0.032300 0.045149
48 0.894943 0.844356 0.020881 0.041188
48 0.920391 0.856040 0.028059 0.017030
48 0.863948 0.942574 0.020881 0.030099
48 0.478630 0.841188 0.024796 0.011881
48 0.957749 0.870693 0.012724 0.022574
48 0.696411 0.908119 0.019250 0.046733
5 0.125285 0.966535 0.003263 0.005941
5 0.402610 0.816040 0.005220 0.003564
28 0.441109 0.078812 0.019576 0.010297
48 0.943393 0.373663 0.006199 0.006733
48 0.625612 0.097426 0.103426 0.067327
48 0.892496 0.789307 0.051876 0.041980
48 0.761011 0.912079 0.024470 0.027723
48 0.938989 0.304356 0.071126 0.047129
48 0.985155 0.400000 0.019902 0.051485
48 0.820718 0.476040 0.015334 0.029307
5 0.289560 0.888713 0.004894 0.003960
26 0.545677 0.394455 0.010767 0.007921
5 0.489233 0.850297 0.004894 0.002376
5 0.488091 0.713861 0.005220 0.006733
48 0.979608 0.598218 0.007504 0.009109
48 0.767537 0.944752 0.007504 0.005149
48 0.914519 0.877228 0.041762 0.025347
48 0.818760 0.977822 0.041436 0.035644
48 0.964927 0.938020 0.061664 0.092277
48 0.920228 0.178614 0.053181 0.036436
5 0.228059 0.969109 0.004568 0.002376
5 0.501631 0.849109 0.004241 0.003168
5 0.471778 0.733861 0.007178 0.005545
5 0.383197 0.422970 0.005546 0.003960
5 0.362153 0.398416 0.003263 0.004752
48 0.876183 0.959406 0.004894 0.008317
48 0.205873 0.782970 0.030016 0.031683
48 0.606852 0.822772 0.026101 0.024158
48 0.920881 0.418218 0.026427 0.038812
48 0.903915 0.745545 0.047308 0.048713
48 0.385155 0.964554 0.030995 0.024158
48 0.407504 0.957426 0.016313 0.026535
48 0.478140 0.705149 0.023817 0.028119
48 0.911582 0.976436 0.020228 0.023366
6 0.416476 0.873267 0.012724 0.006337
28 0.520718 0.361386 0.012398 0.024950
28 0.490865 0.293465 0.013377 0.025347
26 0.421207 0.108317 0.009135 0.017030
48 0.796901 0.857228 0.025122 0.034455
48 0.880098 0.937228 0.017945 0.028911
48 0.920391 0.829901 0.026101 0.020198
48 0.648287 0.793267 0.028711 0.066535
48 0.909299 0.940990 0.033279 0.025347
6 0.391028 0.948911 0.004241 0.011089
6 0.360196 0.933267 0.012398 0.004356
48 0.148940 0.795049 0.117781 0.083564
48 0.993638 0.750297 0.006199 0.005149
48 0.920555 0.773465 0.004894 0.008713
48 0.983850 0.780198 0.030995 0.038812
48 0.551387 0.887327 0.026101 0.075644
48 0.419086 0.882574 0.012724 0.016238
5 0.041599 0.978812 0.004894 0.003564
6 0.385644 0.951287 0.003915 0.011089
5 0.398695 0.821386 0.005220 0.003960
5 0.536215 0.161980 0.004894 0.003960
48 0.962316 0.625545 0.017945 0.008317
48 0.983197 0.620396 0.014682 0.006733
48 0.858075 0.902574 0.011746 0.029307
48 0.288581 0.829505 0.036215 0.033663
48 0.820228 0.867525 0.028059 0.012277
48 0.807015 0.903762 0.012724 0.034851
48 0.322838 0.978812 0.017945 0.040792
6 0.372920 0.925545 0.012398 0.005545
6 0.406525 0.866337 0.013051 0.006733
5 0.356933 0.901584 0.005220 0.003564
26 0.491680 0.423366 0.015661 0.010297
28 0.497390 0.267129 0.009462 0.010693
28 0.457586 0.190495 0.027080 0.045941
48 0.769494 0.736436 0.006852 0.002772
48 0.922839 0.214851 0.045351 0.021782
5 0.035237 0.929505 0.003263 0.004752
5 0.573083 0.842970 0.006199 0.003564
5 0.762643 0.301386 0.002936 0.004752
28 0.497064 0.288515 0.011419 0.024158
26 0.451060 0.109307 0.017945 0.010297
48 0.973409 0.615248 0.008809 0.005149
48 0.622186 0.989703 0.005873 0.007921
48 0.822675 0.900396 0.027080 0.040000
48 0.503263 0.988911 0.023165 0.022178
48 0.419902 0.897426 0.012398 0.015050
48 0.925285 0.772079 0.005873 0.006733
48 0.991354 0.812673 0.014029 0.008713
48 0.574878 0.975644 0.017618 0.048713
48 0.821697 0.947525 0.035563 0.029703
48 0.975693 0.869901 0.021860 0.020990
48 0.764763 0.988515 0.016313 0.011881
5 0.030995 0.950495 0.005873 0.003960
5 0.115171 0.970891 0.003263 0.006733
5 0.430995 0.900000 0.002610 0.004356
48 0.802284 0.946535 0.011746 0.022970
48 0.982219 0.369703 0.009462 0.008317
48 0.565090 0.824951 0.022838 0.024554
48 0.584666 0.824158 0.020881 0.025347
48 0.942904 0.419406 0.016313 0.038812
48 0.706525 0.862376 0.043393 0.045545
48 0.586623 0.965941 0.013703 0.022178
5 0.309462 0.884158 0.004894 0.003564
5 0.359706 0.796436 0.004894 0.003960
5 0.485155 0.685149 0.005220 0.003168
5 0.928548 0.706931 0.002610 0.006337
26 0.476672 0.389109 0.025449 0.017030
48 0.865090 0.963168 0.010114 0.012673
48 0.819250 0.834653 0.026101 0.012277
48 0.812398 0.878218 0.039804 0.013861
48 0.654160 0.887525 0.027406 0.091881
48 0.720228 0.904950 0.035563 0.045941
48 0.631811 0.651881 0.008809 0.010297
48 0.783850 0.983564 0.025122 0.014653
6 0.400000 0.878416 0.013051 0.006337
5 0.457912 0.853663 0.004894 0.003564
5 0.445514 0.801782 0.004894 0.004356
23 0.331811 0.369109 0.043719 0.084752
31 0.019413 0.771881 0.038825 0.106931
48 0.954160 0.452673 0.082545 0.045149
48 0.755465 0.883564 0.030995 0.020594
48 0.855954 0.871683 0.022512 0.032475
5 0.078793 0.981584 0.006199 0.007525
6 0.467537 0.834059 0.006525 0.011881
5 0.606688 0.840198 0.004894 0.002772
48 0.929690 0.980990 0.017945 0.022178
48 0.470799 0.482574 0.032626 0.020990
48 0.800326 0.780594 0.042414 0.076040
48 0.481240 0.881188 0.026754 0.041980
48 0.659380 0.411287 0.107015 0.086733
5 0.478793 0.853465 0.007504 0.003960
5 0.595432 0.840792 0.005220 0.003168
5 0.794290 0.054851 0.002936 0.005149
5 0.380750 0.413861 0.005220 0.003960
28 0.536215 0.353267 0.015987 0.028515
48 0.993148 0.758020 0.009135 0.005545
48 0.987602 0.760198 0.003915 0.009109
48 0.947471 0.344554 0.006525 0.007129
48 0.988744 0.826337 0.017292 0.021782
48 0.134747 0.912871 0.041109 0.026931
48 0.964927 0.348515 0.038825 0.041980
48 0.952692 0.786535 0.028711 0.041188
48 0.874551 0.845941 0.021860 0.041188
48 0.792170 0.950099 0.010440 0.024554
48 0.960196 0.505941 0.072431 0.021782
5 0.516476 0.847723 0.005220 0.003564
5 0.778956 0.634455 0.002936 0.004752
26 0.393801 0.151881 0.018923 0.024158
48 0.931158 0.364356 0.016313 0.042772
48 0.795269 0.838218 0.021207 0.013861
48 0.556117 0.937030 0.025122 0.023762
48 0.321207 0.947327 0.014029 0.016634
48 0.940457 0.263762 0.082545 0.041980
7 0.034258 0.819406 0.003915 0.007921
5 0.494943 0.163762 0.003915 0.007525
9 0.339967 0.816040 0.007830 0.012277
51 0.925122 0.077228 0.099511 0.106931
26 0.463295 0.410297 0.011746 0.019802
31 0.388581 0.558614 0.105710 0.214257
48 0.965905 0.607525 0.012072 0.019802
48 0.661011 0.961188 0.026754 0.026931
48 0.787602 0.736238 0.031974 0.012673
5 0.327896 0.909505 0.003263 0.005941
6 0.487276 0.829703 0.004894 0.012673
5 0.469821 0.852475 0.004568 0.002772
5 0.769821 0.643762 0.004241 0.006733
28 0.492822 0.260594 0.008157 0.019010
48 0.890865 0.986139 0.013377 0.007921
48 0.637031 0.507525 0.010114 0.010693
48 0.880098 0.891089 0.025122 0.048317
48 0.709625 0.777030 0.027406 0.082376
48 0.453670 0.883366 0.030995 0.049505
5 0.050082 0.973069 0.006199 0.003960
5 0.181240 0.933465 0.006852 0.003960
5 0.329853 0.925148 0.002610 0.004752
6 0.363948 0.888911 0.013377 0.005941
5 0.611746 0.839208 0.005873 0.003168
5 0.535073 0.124752 0.005873 0.003960
5 0.378303 0.408515 0.004894 0.003564
28 0.437520 0.072277 0.016313 0.009109
48 0.794127 0.968119 0.012398 0.013069
