5 0.768334 0.952074 0.002411 0.005343
5 0.767832 0.944846 0.001808 0.006600
5 0.524513 0.878536 0.004219 0.003457
5 0.525417 0.879793 0.004420 0.004085
5 0.526723 0.881992 0.004219 0.004714
5 0.529435 0.886078 0.005224 0.004085
5 0.530340 0.887964 0.005023 0.004085
6 0.526321 0.896606 0.006229 0.005028
5 0.545409 0.897234 0.004219 0.002514
5 0.545409 0.895506 0.004621 0.003457
5 0.544103 0.892206 0.005224 0.003771
5 0.541893 0.889378 0.004822 0.003143
5 0.540084 0.886549 0.005224 0.003143
5 0.538678 0.884507 0.004822 0.003457
5 0.512658 0.859365 0.004621 0.005343
5 0.511453 0.857165 0.005023 0.000314
5 0.510348 0.855123 0.004822 0.004400
5 0.507937 0.850409 0.004420 0.005028
5 0.557766 0.849151 0.004420 0.005657
5 0.559172 0.848052 0.003215 0.005971
5 0.560980 0.847109 0.003617 0.006600
5 0.563392 0.844595 0.003617 0.005971
5 0.576552 0.849309 0.004621 0.004085
5 0.578059 0.851037 0.004822 0.004400
5 0.579064 0.853080 0.004420 0.004714
5 0.580470 0.854808 0.004822 0.004400
5 0.582278 0.856694 0.004420 0.004400
5 0.580972 0.840352 0.002612 0.005657
5 0.505425 0.846637 0.004621 0.004400
5 0.504018 0.844752 0.005023 0.004400
5 0.502512 0.842866 0.005224 0.004400
5 0.501808 0.840038 0.004621 0.003771
5 0.493169 0.828410 0.004621 0.003771
5 0.490757 0.823853 0.004621 0.004085
5 0.489351 0.822439 0.003818 0.003771
5 0.488045 0.820082 0.004822 0.004714
5 0.486639 0.818039 0.004822 0.005028
5 0.485533 0.815996 0.004621 0.004714
5 0.482017 0.810025 0.005224 0.004714
5 0.479506 0.805468 0.004621 0.004400
5 0.477798 0.803111 0.004420 0.004714
5 0.476592 0.801068 0.004822 0.004400
5 0.475085 0.798711 0.004621 0.004714
5 0.473478 0.797454 0.004621 0.004085
5 0.472473 0.795569 0.004219 0.004085
5 0.471469 0.793369 0.005023 0.004085
5 0.470062 0.790541 0.004219 0.004085
5 0.476391 0.784255 0.004018 0.006600
5 0.470866 0.774199 0.003818 0.005343
5 0.460217 0.758171 0.005425 0.004085
9 0.461623 0.751100 0.007836 0.007542
6 0.454189 0.751100 0.007434 0.011942
6 0.442435 0.737744 0.004822 0.007857
5 0.498895 0.725959 0.003617 0.005657
5 0.495982 0.720773 0.003818 0.005343
5 0.493570 0.716845 0.004621 0.005028
5 0.509243 0.727530 0.005023 0.004400
5 0.513361 0.728944 0.004018 0.005971
5 0.511855 0.718888 0.003416 0.004085
5 0.513964 0.717159 0.003215 0.004400
7 0.505425 0.712131 0.003014 0.006285
7 0.507434 0.710559 0.004621 0.005657
5 0.509042 0.708674 0.003014 0.005657
5 0.511252 0.707731 0.003818 0.006285
5 0.513964 0.708045 0.003617 0.006285
5 0.515471 0.706003 0.003818 0.005971
5 0.516074 0.716216 0.003014 0.005028
5 0.517681 0.714645 0.003014 0.005657
5 0.517581 0.705060 0.003617 0.005343
5 0.436307 0.717316 0.004621 0.005971
9 0.431384 0.714959 0.004018 0.005657
8 0.426964 0.707102 0.004822 0.005657
5 0.428471 0.686204 0.005023 0.005343
5 0.406470 0.671904 0.004822 0.003143
5 0.397328 0.671276 0.005023 0.003143
5 0.398031 0.663891 0.005224 0.004085
5 0.398433 0.657605 0.005224 0.004714
5 0.407374 0.660277 0.004219 0.002514
5 0.407474 0.656348 0.004822 0.003457
8 0.382158 0.654148 0.004822 0.005971
10 0.302793 0.671119 0.007635 0.007857
5 0.312839 0.672062 0.003617 0.004085
5 0.315049 0.670333 0.003215 0.004400
5 0.317762 0.668762 0.003818 0.005028
5 0.323789 0.663576 0.003416 0.005343
5 0.326502 0.661376 0.004018 0.004085
5 0.290135 0.657605 0.002009 0.004714
10 0.285413 0.657134 0.002612 0.007542
5 0.282700 0.656034 0.002411 0.005971
5 0.279988 0.655405 0.002612 0.006600
5 0.263311 0.639221 0.002612 0.006285
5 0.283504 0.685889 0.004822 0.005343
5 0.284710 0.687932 0.004822 0.005028
5 0.287824 0.692646 0.005023 0.006914
5 0.289934 0.693432 0.004018 0.004714
5 0.291642 0.689661 0.004621 0.004714
5 0.290336 0.686989 0.004822 0.004400
5 0.300784 0.682118 0.004822 0.004085
5 0.305405 0.678818 0.004822 0.005657
5 0.303998 0.686361 0.004420 0.004400
5 0.320976 0.680861 0.003818 0.005971
5 0.323287 0.678661 0.003617 0.005343
5 0.325095 0.676933 0.004420 0.005028
5 0.329616 0.673947 0.003818 0.004714
7 0.333434 0.669862 0.003416 0.006600
7 0.298573 0.696417 0.004822 0.005657
5 0.294957 0.700031 0.004822 0.004714
5 0.300482 0.698774 0.004219 0.004085
5 0.296765 0.702074 0.004420 0.004400
5 0.302491 0.700346 0.005023 0.005343
5 0.300281 0.719202 0.004219 0.005343
5 0.303797 0.715745 0.004420 0.004714
5 0.306309 0.714016 0.004219 0.005657
5 0.345188 0.682747 0.004018 0.005971
5 0.342676 0.683847 0.003818 0.004400
5 0.335544 0.668605 0.003617 0.005971
5 0.340868 0.685889 0.003818 0.004714
5 0.336448 0.690132 0.004219 0.005657
5 0.330319 0.695003 0.004420 0.005343
5 0.336649 0.674733 0.005023 0.004400
5 0.334137 0.676461 0.003617 0.004714
5 0.330721 0.679761 0.003617 0.005028
5 0.326502 0.682747 0.004018 0.005343
5 0.322082 0.686361 0.004018 0.004400
5 0.275769 0.683218 0.004621 0.005028
5 0.271047 0.679290 0.004822 0.004085
5 0.268234 0.674890 0.004018 0.004714
5 0.255777 0.658705 0.005224 0.004400
5 0.254571 0.657134 0.004822 0.003771
7 0.265923 0.684475 0.003818 0.005657
5 0.245128 0.659177 0.004018 0.004714
9 0.223227 0.607637 0.004822 0.003457
8 0.222925 0.605123 0.005425 0.002828
8 0.223026 0.602451 0.006028 0.003771
5 0.174000 0.607322 0.004420 0.002828
5 0.174201 0.604808 0.004420 0.003457
5 0.174000 0.601980 0.004018 0.002828
5 0.207856 0.615965 0.002612 0.004400
5 0.174000 0.599466 0.005224 0.003457
5 0.174704 0.594752 0.005425 0.003457
5 0.175407 0.589723 0.005224 0.004085
5 0.175608 0.587209 0.004420 0.004714
5 0.179325 0.571496 0.005425 0.003457
5 0.173599 0.558611 0.004822 0.003457
7 0.216094 0.601823 0.004621 0.003143
5 0.153406 0.533155 0.005023 0.004714
5 0.154712 0.516342 0.004420 0.005028
5 0.153205 0.514299 0.004621 0.004714
5 0.127989 0.523570 0.002411 0.004400
8 0.083986 0.525770 0.002813 0.005657
5 0.078762 0.483972 0.004420 0.005028
5 0.076753 0.482087 0.004822 0.005028
5 0.075045 0.479573 0.004621 0.004400
5 0.073538 0.477844 0.004420 0.004714
5 0.071830 0.475801 0.004219 0.005028
5 0.070123 0.473759 0.004420 0.004714
5 0.068314 0.472187 0.004018 0.004085
5 0.056962 0.462445 0.002210 0.005343
5 0.054752 0.464959 0.002612 0.005971
5 0.052944 0.465588 0.002612 0.005343
5 0.051236 0.468573 0.002411 0.005028
5 0.048825 0.470616 0.002411 0.005343
5 0.046815 0.471873 0.002411 0.004714
5 0.050332 0.503143 0.003014 0.005657
5 0.034860 0.494343 0.003818 0.005028
5 0.027928 0.501571 0.003617 0.005657
5 0.026120 0.503771 0.003617 0.005657
9 0.027125 0.497329 0.006430 0.008485
5 0.020695 0.508642 0.004420 0.007228
5 0.053546 0.591452 0.004621 0.004400
5 0.054049 0.599309 0.004420 0.004400
5 0.052843 0.606537 0.004420 0.003771
5 0.050432 0.611565 0.002813 0.008171
5 0.042897 0.616750 0.003818 0.004714
5 0.043902 0.618479 0.003818 0.003771
5 0.047519 0.622722 0.005425 0.004714
5 0.050332 0.625707 0.004621 0.005028
5 0.055053 0.631678 0.004018 0.005657
5 0.056862 0.620050 0.004420 0.003771
5 0.059574 0.622093 0.004219 0.005343
5 0.031947 0.610308 0.004018 0.005657
5 0.084087 0.582181 0.003416 0.004085
5 0.084589 0.585167 0.004018 0.004400
5 0.032349 0.621150 0.004420 0.002828
5 0.032248 0.624136 0.005023 0.003143
5 0.068314 0.655563 0.003617 0.004400
5 0.070323 0.653677 0.003215 0.005028
5 0.074945 0.665305 0.002009 0.005657
5 0.077456 0.664991 0.002210 0.006285
5 0.080169 0.665619 0.002411 0.005028
5 0.082781 0.665933 0.002411 0.005657
5 0.084991 0.666248 0.002411 0.006914
5 0.098855 0.650849 0.002009 0.006285
5 0.101065 0.651320 0.002009 0.005971
8 0.073639 0.646606 0.005023 0.005971
5 0.107494 0.651948 0.002411 0.005971
5 0.088005 0.650377 0.004420 0.004085
5 0.086498 0.655563 0.005023 0.003143
5 0.098955 0.665619 0.005023 0.004400
5 0.070926 0.692803 0.004822 0.005343
5 0.077054 0.699717 0.004219 0.003457
5 0.102471 0.670805 0.003617 0.005971
5 0.104179 0.672376 0.004621 0.004714
5 0.112919 0.651791 0.002813 0.006285
9 0.115331 0.651163 0.002411 0.006914
9 0.121157 0.652106 0.002813 0.006914
5 0.138738 0.639063 0.004621 0.003457
5 0.137633 0.641892 0.005626 0.002828
5 0.139040 0.644249 0.004420 0.003143
5 0.143962 0.658391 0.003014 0.003143
5 0.101969 0.681647 0.003818 0.005657
5 0.108298 0.688875 0.003617 0.005028
5 0.111814 0.693903 0.003416 0.005657
5 0.081374 0.705374 0.004018 0.004714
5 0.086297 0.710874 0.003818 0.003771
5 0.089713 0.714173 0.003818 0.004085
5 0.042696 0.720302 0.003416 0.005657
5 0.036166 0.726116 0.004018 0.003457
5 0.050030 0.741515 0.004420 0.004714
5 0.046112 0.762571 0.003818 0.006600
5 0.049327 0.771213 0.003818 0.005657
5 0.054551 0.748900 0.004621 0.005028
5 0.056761 0.750157 0.005023 0.003771
5 0.058268 0.752986 0.004822 0.004400
5 0.065401 0.761942 0.004621 0.004714
5 0.068917 0.766656 0.004018 0.005343
5 0.080872 0.781112 0.005023 0.005343
5 0.082680 0.782841 0.003818 0.005657
9 0.036769 0.762728 0.007635 0.010057
5 0.086598 0.788812 0.004018 0.005657
5 0.074643 0.797297 0.004621 0.005657
5 0.080269 0.804525 0.003818 0.005657
5 0.032449 0.777341 0.005023 0.004714
5 0.039180 0.784884 0.004420 0.004085
5 0.040285 0.787398 0.004621 0.004714
5 0.048624 0.796512 0.004822 0.004714
5 0.053144 0.803111 0.004621 0.005343
5 0.057766 0.808611 0.004621 0.005028
5 0.075146 0.829667 0.004420 0.005028
5 0.078561 0.833752 0.004018 0.005657
5 0.086197 0.842866 0.004018 0.005028
5 0.087904 0.844752 0.004621 0.005028
5 0.090115 0.846009 0.004219 0.005028
5 0.091621 0.848366 0.003617 0.005343
5 0.093028 0.850409 0.004018 0.005028
5 0.076753 0.849309 0.004420 0.005971
5 0.079466 0.851508 0.004219 0.005343
5 0.081475 0.853394 0.004219 0.005343
5 0.085393 0.859365 0.004018 0.004085
5 0.099156 0.873507 0.002612 0.004714
5 0.101165 0.848052 0.003818 0.005971
5 0.102371 0.849937 0.003818 0.004714
5 0.107796 0.856694 0.004621 0.004400
10 0.110609 0.860937 0.005023 0.005343
5 0.114929 0.864865 0.004420 0.005028
5 0.116335 0.866593 0.004420 0.005343
5 0.126582 0.861094 0.003215 0.005028
5 0.118043 0.824481 0.003818 0.004714
5 0.120253 0.825739 0.004219 0.005343
5 0.140547 0.882621 0.004621 0.004085
5 0.136126 0.839723 0.005023 0.002514
7 0.133514 0.838309 0.003818 0.006600
7 0.141752 0.838938 0.002612 0.006600
5 0.147780 0.839409 0.002210 0.006285
5 0.091119 0.793055 0.004219 0.005343
5 0.027828 0.771213 0.004621 0.005028
5 0.033052 0.524356 0.004621 0.002828
5 0.033353 0.521213 0.006028 0.002200
5 0.029335 0.530170 0.003617 0.006285
5 0.026622 0.526398 0.004621 0.005028
5 0.016375 0.439975 0.003014 0.004400
5 0.023709 0.433375 0.002813 0.005657
5 0.026823 0.431332 0.002210 0.005343
5 0.030038 0.428661 0.003014 0.006285
5 0.035363 0.423633 0.002813 0.006285
10 0.033153 0.436047 0.006028 0.006600
5 0.019892 0.497800 0.004018 0.004400
5 0.082982 0.432432 0.004018 0.005657
10 0.026020 0.409491 0.007434 0.008799
5 0.016074 0.392835 0.002411 0.005028
5 0.018184 0.390321 0.002612 0.005028
5 0.020695 0.388749 0.002813 0.005028
5 0.070424 0.354023 0.004621 0.004714
5 0.130500 0.409334 0.004219 0.005971
5 0.132007 0.407448 0.004018 0.005971
5 0.133916 0.405248 0.005023 0.005343
5 0.140446 0.400063 0.004018 0.005657
10 0.126381 0.412634 0.004018 0.006914
10 0.124372 0.414048 0.004822 0.006600
5 0.098051 0.440132 0.002813 0.003457
5 0.099960 0.438404 0.003416 0.004400
5 0.102170 0.436675 0.003416 0.004085
5 0.111915 0.453645 0.004420 0.003457
5 0.133414 0.452231 0.003617 0.004400
5 0.143359 0.444060 0.005023 0.003143
5 0.155415 0.448146 0.004621 0.003143
5 0.180330 0.444217 0.005023 0.002828
5 0.180330 0.446574 0.005023 0.002514
5 0.179626 0.451760 0.004018 0.004085
5 0.180129 0.454745 0.004621 0.002514
5 0.180129 0.459145 0.004621 0.004400
5 0.180129 0.462131 0.005425 0.003457
5 0.238497 0.637021 0.004018 0.005028
5 0.236789 0.635764 0.003416 0.003771
5 0.235885 0.633721 0.003617 0.004085
5 0.234579 0.631521 0.004219 0.003457
5 0.233374 0.629007 0.003818 0.003457
5 0.231163 0.693118 0.003818 0.005971
5 0.138035 0.734444 0.004822 0.007542
5 0.140647 0.738215 0.004018 0.005657
5 0.143560 0.741043 0.004219 0.005028
5 0.145168 0.743715 0.004621 0.004714
10 0.214185 0.769956 0.004018 0.006914
10 0.215692 0.776084 0.007032 0.003457
10 0.213783 0.778755 0.004822 0.002514
10 0.213080 0.781112 0.004219 0.002828
5 0.213382 0.783784 0.005224 0.003771
5 0.212879 0.787084 0.005425 0.002828
5 0.213482 0.788969 0.005023 0.002828
5 0.212779 0.791640 0.004420 0.003771
5 0.160739 0.759271 0.004018 0.004400
5 0.162146 0.760999 0.004018 0.004085
5 0.163653 0.762728 0.004219 0.003143
5 0.164858 0.764771 0.003818 0.004714
5 0.166566 0.766185 0.003617 0.005657
5 0.168073 0.768070 0.004621 0.005028
5 0.132911 0.767599 0.004219 0.003457
5 0.141049 0.781427 0.004420 0.004714
5 0.139441 0.779227 0.004822 0.005343
5 0.138738 0.777970 0.004621 0.004714
5 0.160137 0.800440 0.003617 0.003771
5 0.118947 0.763199 0.004018 0.005343
7 0.101266 0.729887 0.004420 0.004714
7 0.106691 0.735387 0.004018 0.004400
5 0.120856 0.714016 0.005023 0.004400
5 0.126180 0.719830 0.004420 0.004085
5 0.129094 0.723130 0.004621 0.004400
5 0.168676 0.840352 0.004621 0.005028
5 0.296765 0.826210 0.004420 0.003143
5 0.295861 0.823853 0.005425 0.005343
5 0.305405 0.825581 0.004420 0.005657
5 0.210970 0.806568 0.004822 0.004085
5 0.223930 0.795883 0.005827 0.005343
5 0.665762 0.797612 0.004219 0.004400
5 0.666767 0.800126 0.004621 0.004400
5 0.668977 0.801383 0.004219 0.004400
5 0.670384 0.804211 0.003818 0.003771
5 0.674000 0.775770 0.003818 0.005971
5 0.667872 0.780798 0.003617 0.005343
5 0.650291 0.779541 0.003818 0.002828
5 0.680631 0.826524 0.004621 0.004400
5 0.722624 0.786298 0.003818 0.005028
5 0.718103 0.779070 0.003617 0.005657
5 0.696906 0.730987 0.003818 0.005657
5 0.693791 0.726430 0.003617 0.004714
5 0.684448 0.724230 0.003416 0.005343
5 0.745328 0.719673 0.004621 0.003771
9 0.660639 0.673319 0.004822 0.007228
5 0.674302 0.695003 0.004018 0.005971
10 0.660538 0.685261 0.008238 0.010999
9 0.665160 0.679761 0.004621 0.006285
5 0.812437 0.549340 0.003416 0.007542
5 0.817460 0.548397 0.002612 0.005028
5 0.821680 0.545255 0.003416 0.004400
5 0.825296 0.543683 0.003818 0.003771
5 0.866888 0.465588 0.005425 0.003457
5 0.921037 0.516342 0.004420 0.003771
5 0.949668 0.441546 0.005425 0.003771
5 0.865883 0.314582 0.005023 0.002514
5 0.865582 0.312225 0.004420 0.002828
5 0.865180 0.310182 0.004420 0.003143
5 0.864677 0.307354 0.005425 0.002514
5 0.864477 0.304997 0.005023 0.003457
5 0.863673 0.300911 0.005023 0.003457
5 0.862869 0.296040 0.004621 0.002514
5 0.861965 0.291640 0.004822 0.001886
5 0.861865 0.289126 0.005425 0.003771
5 0.855535 0.297297 0.002411 0.005028
5 0.858650 0.314268 0.002612 0.005657
5 0.856741 0.302954 0.002411 0.006285
5 0.859353 0.320239 0.002009 0.003771
5 0.859353 0.276241 0.004822 0.002514
5 0.859353 0.273884 0.004822 0.003457
5 0.857746 0.271684 0.004822 0.003457
5 0.857143 0.267285 0.004420 0.002828
5 0.746132 0.320082 0.003818 0.002200
5 0.746534 0.317410 0.004621 0.002514
5 0.745931 0.315211 0.004219 0.001886
5 0.745228 0.313011 0.006028 0.002514
5 0.744826 0.310968 0.003617 0.002828
5 0.744424 0.309082 0.003617 0.002200
5 0.744324 0.306568 0.004621 0.003457
5 0.743319 0.302483 0.004621 0.002828
5 0.743219 0.299969 0.004822 0.003457
5 0.742716 0.297612 0.005023 0.003771
5 0.742315 0.295097 0.004219 0.003143
5 0.734880 0.297926 0.004621 0.003771
5 0.734981 0.300283 0.004822 0.002828
9 0.735885 0.302954 0.004621 0.002514
5 0.735584 0.305468 0.005224 0.003143
5 0.726944 0.304525 0.005626 0.003143
5 0.724533 0.294626 0.002411 0.005343
5 0.723629 0.288341 0.003014 0.005343
5 0.736588 0.312225 0.003617 0.002828
5 0.693289 0.309082 0.002612 0.005971
5 0.685051 0.294469 0.002612 0.005657
9 0.686558 0.301540 0.002411 0.005971
5 0.688969 0.312696 0.002411 0.006285
5 0.693591 0.321182 0.002813 0.006285
5 0.693892 0.315996 0.003014 0.005971
5 0.695499 0.330453 0.002612 0.006600
5 0.688668 0.319453 0.002612 0.006600
5 0.689371 0.324481 0.002411 0.005343
5 0.690476 0.330138 0.001808 0.006600
5 0.691280 0.335324 0.002612 0.006285
5 0.679325 0.278913 0.004822 0.002828
5 0.678923 0.276241 0.005224 0.003143
5 0.678823 0.273884 0.005023 0.003457
5 0.677818 0.271842 0.005425 0.003143
5 0.677918 0.269799 0.004822 0.004085
5 0.676311 0.262099 0.005626 0.003143
5 0.676110 0.259742 0.004822 0.002828
5 0.673599 0.250314 0.005023 0.004085
5 0.672795 0.246229 0.005023 0.003457
9 0.685855 0.270585 0.003416 0.006914
9 0.682238 0.251571 0.003416 0.005343
5 0.680631 0.241358 0.003014 0.005657
5 0.721117 0.222502 0.004018 0.004400
9 0.722423 0.227373 0.005023 0.002828
5 0.713884 0.228944 0.004420 0.003457
5 0.713281 0.225959 0.005626 0.003143
5 0.716697 0.247643 0.002411 0.006285
5 0.670283 0.216373 0.003617 0.003457
5 0.669279 0.214331 0.004420 0.004400
5 0.668575 0.210874 0.004219 0.005028
5 0.668274 0.207888 0.004420 0.005343
5 0.667671 0.204588 0.004822 0.005028
5 0.663854 0.196417 0.004822 0.005028
5 0.662347 0.191232 0.005023 0.003457
5 0.661443 0.186518 0.005224 0.004085
5 0.660739 0.183532 0.005023 0.003771
5 0.660840 0.181332 0.004420 0.003771
5 0.660137 0.178975 0.005827 0.002828
5 0.659735 0.176776 0.004219 0.002828
5 0.659634 0.173790 0.004420 0.003143
5 0.658730 0.171276 0.005023 0.003143
5 0.667571 0.173319 0.003818 0.006600
5 0.657525 0.165305 0.005023 0.003143
5 0.657525 0.162791 0.005827 0.003771
5 0.656620 0.159648 0.005224 0.003143
5 0.646574 0.156034 0.005224 0.004085
5 0.655415 0.147706 0.005224 0.002514
5 0.655013 0.145035 0.004018 0.004085
5 0.664657 0.145349 0.002009 0.004714
5 0.643359 0.149120 0.004018 0.002828
5 0.642958 0.146763 0.004822 0.003143
5 0.639843 0.139692 0.005425 0.003457
5 0.640948 0.120522 0.004822 0.002828
5 0.715793 0.103708 0.005425 0.003143
9 0.748644 0.095223 0.005626 0.003143
5 0.744826 0.101351 0.004018 0.002828
5 0.715692 0.111251 0.005224 0.005028
9 0.735785 0.093809 0.014467 0.005343
5 0.571529 0.043055 0.005023 0.003771
5 0.571127 0.040698 0.005425 0.004714
5 0.569922 0.037869 0.004621 0.003457
5 0.540386 0.088466 0.004621 0.004085
5 0.539582 0.083124 0.005023 0.004085
5 0.539180 0.078881 0.003416 0.004400
5 0.538075 0.073853 0.004420 0.005028
5 0.537472 0.069610 0.004018 0.004714
5 0.537071 0.065368 0.004420 0.004400
5 0.536367 0.061911 0.004219 0.005028
5 0.535865 0.058140 0.004018 0.005028
5 0.544203 0.066153 0.004621 0.007857
8 0.545107 0.073853 0.003215 0.005657
5 0.543902 0.057668 0.003215 0.005971
5 0.543601 0.054054 0.004621 0.005028
5 0.532148 0.038969 0.003416 0.004400
5 0.531344 0.035041 0.004621 0.004714
5 0.529034 0.020270 0.004018 0.005343
5 0.080772 0.035827 0.004420 0.005028
9 0.090115 0.051383 0.003014 0.006600
5 0.036669 0.122564 0.004219 0.005657
5 0.039883 0.118636 0.004219 0.004714
9 0.039281 0.114708 0.005023 0.004400
5 0.023307 0.123036 0.004420 0.005343
5 0.029536 0.122564 0.003617 0.005657
5 0.011151 0.098052 0.003416 0.004400
10 0.015572 0.202231 0.012256 0.004714
6 0.014065 0.206003 0.005626 0.002200
5 0.030842 0.228787 0.003818 0.003771
5 0.081776 0.219987 0.004420 0.005028
5 0.085393 0.223444 0.004822 0.005657
5 0.088608 0.227216 0.004018 0.005657
5 0.091119 0.228787 0.003416 0.004400
5 0.104983 0.258642 0.005023 0.004400
9 0.031143 0.291483 0.005224 0.006600
5 0.039180 0.281113 0.002411 0.005971
5 0.042094 0.281113 0.002210 0.006600
5 0.050030 0.306254 0.003617 0.006600
5 0.047720 0.302954 0.003818 0.005028
5 0.041390 0.293840 0.004420 0.005028
5 0.107394 0.296826 0.005023 0.004085
5 0.108700 0.305783 0.004420 0.003143
5 0.109102 0.309554 0.005224 0.003771
5 0.097247 0.316310 0.004420 0.002828
5 0.097348 0.318668 0.004621 0.003143
5 0.097147 0.321496 0.005425 0.003143
5 0.096946 0.324167 0.005425 0.002200
5 0.084991 0.357637 0.004018 0.004400
5 0.097046 0.340038 0.004420 0.004400
5 0.112819 0.332338 0.004621 0.004085
5 0.095339 0.329824 0.004219 0.005343
5 0.095740 0.334224 0.005425 0.003457
5 0.084187 0.341609 0.004018 0.005028
5 0.085694 0.343652 0.004621 0.004714
5 0.088306 0.335324 0.003818 0.005657
5 0.090215 0.334538 0.004420 0.005343
5 0.135322 0.299497 0.005425 0.004400
9 0.131304 0.325267 0.005425 0.007542
5 0.138035 0.319139 0.004018 0.006600
5 0.144264 0.313796 0.004018 0.005971
10 0.145771 0.317725 0.007836 0.007542
5 0.162045 0.293840 0.004621 0.004400
5 0.168073 0.285041 0.005023 0.005657
5 0.188869 0.272313 0.004018 0.005343
4 0.109705 0.316310 0.004822 0.002828
4 0.109906 0.319767 0.004822 0.002200
5 0.110709 0.322124 0.004420 0.002514
5 0.111312 0.325110 0.004420 0.004714
5 0.109805 0.359208 0.004219 0.005657
5 0.118344 0.351980 0.003617 0.005028
5 0.120354 0.350094 0.002813 0.003771
5 0.122363 0.348366 0.004018 0.005343
5 0.124171 0.347109 0.003215 0.004085
5 0.130199 0.341452 0.003617 0.004714
5 0.128290 0.342866 0.003416 0.004400
4 0.113824 0.355908 0.004219 0.004714
4 0.128089 0.354965 0.004219 0.004085
4 0.138939 0.346166 0.004219 0.004714
5 0.156721 0.337838 0.002009 0.004400
5 0.055455 0.383407 0.004822 0.005657
5 0.072735 0.390949 0.002411 0.005657
5 0.077858 0.387649 0.004219 0.005971
5 0.074844 0.399591 0.003818 0.005971
5 0.082881 0.393149 0.004219 0.005028
5 0.118646 0.408234 0.004621 0.005657
5 0.122966 0.404305 0.003617 0.005343
5 0.128993 0.399591 0.003617 0.005971
5 0.103074 0.421904 0.004822 0.003457
5 0.107193 0.418448 0.004621 0.004714
5 0.110609 0.415619 0.002210 0.004085
5 0.103978 0.434947 0.003014 0.005657
5 0.106389 0.433061 0.002612 0.004400
5 0.133816 0.395663 0.003215 0.004400
5 0.150492 0.383250 0.003215 0.004085
5 0.155415 0.394249 0.003818 0.005971
5 0.156922 0.395820 0.004420 0.004714
5 0.157726 0.383721 0.004018 0.005028
5 0.158931 0.385607 0.004018 0.003143
5 0.164055 0.390949 0.004219 0.005657
5 0.165461 0.392520 0.003818 0.004400
5 0.167973 0.396449 0.004822 0.004085
5 0.170082 0.398334 0.004219 0.004714
5 0.171589 0.399591 0.004018 0.004085
5 0.173197 0.434789 0.004018 0.006600
5 0.172795 0.425361 0.003617 0.005343
5 0.163452 0.441232 0.003014 0.005028
5 0.181535 0.414991 0.004621 0.002828
5 0.180832 0.421747 0.003617 0.002514
5 0.180832 0.424576 0.003617 0.002514
5 0.180631 0.427404 0.004018 0.002514
5 0.180631 0.429761 0.004018 0.002200
5 0.180731 0.432275 0.004621 0.002828
5 0.166265 0.449717 0.003014 0.003143
5 0.183444 0.500000 0.002009 0.005028
5 0.213783 0.455845 0.004420 0.004714
5 0.206550 0.474859 0.002411 0.006914
5 0.203938 0.474701 0.002813 0.006600
5 0.200924 0.475016 0.002411 0.006600
5 0.196002 0.474230 0.001808 0.004400
5 0.193791 0.473759 0.002210 0.005343
5 0.191380 0.473287 0.002210 0.005028
5 0.180028 0.465116 0.004822 0.003771
5 0.189070 0.461188 0.002009 0.005343
5 0.208861 0.463074 0.002210 0.004714
5 0.186659 0.472816 0.002009 0.004085
5 0.189070 0.473130 0.002009 0.004085
5 0.216697 0.517756 0.001808 0.005343
5 0.208559 0.488215 0.002009 0.005343
5 0.205847 0.488058 0.002612 0.005657
5 0.202933 0.488529 0.002009 0.005971
5 0.200924 0.488372 0.001607 0.005657
5 0.204340 0.499686 0.004018 0.005657
5 0.174000 0.494972 0.004420 0.004400
5 0.220313 0.532527 0.002210 0.005343
5 0.221720 0.516813 0.002612 0.005343
4 0.185955 0.499214 0.002210 0.007228
5 0.163753 0.493872 0.002813 0.004085
5 0.167872 0.605280 0.002612 0.004400
5 0.164356 0.559397 0.003215 0.006285
5 0.167370 0.576524 0.002411 0.005343
5 0.166767 0.582967 0.003215 0.006914
48 0.188869 0.568196 0.014868 0.015085
48 0.188266 0.525927 0.042998 0.050597
5 0.115531 0.515713 0.004822 0.002514
5 0.099658 0.531741 0.002009 0.003771
5 0.102070 0.530798 0.002009 0.004400
5 0.109303 0.530170 0.002009 0.005028
5 0.125678 0.529698 0.004621 0.002828
5 0.121459 0.522784 0.001808 0.005343
5 0.083484 0.502514 0.004219 0.005028
5 0.164055 0.515713 0.003818 0.006285
5 0.098453 0.520899 0.002411 0.005343
48 0.113020 0.551226 0.035162 0.034569
48 0.145369 0.564268 0.031545 0.044940
48 0.153205 0.601666 0.026321 0.032370
5 0.129898 0.631364 0.002612 0.006914
5 0.087402 0.658705 0.004822 0.004400
5 0.137131 0.623664 0.005023 0.003457
5 0.140245 0.632621 0.003617 0.005657
5 0.145971 0.628221 0.003818 0.003771
5 0.141250 0.646763 0.004822 0.005028
5 0.093832 0.672847 0.004018 0.006285
5 0.067310 0.678347 0.004018 0.005343
5 0.167872 0.699403 0.003014 0.005343
5 0.168977 0.694532 0.004018 0.005028
5 0.168977 0.683218 0.004018 0.005028
5 0.165963 0.683689 0.003617 0.003457
5 0.163653 0.684318 0.003416 0.003457
48 0.161945 0.685732 0.003215 0.003771
5 0.115029 0.697517 0.004219 0.005343
5 0.119449 0.702546 0.003818 0.005971
5 0.219610 0.678190 0.003617 0.005657
5 0.158127 0.689189 0.003617 0.004400
5 0.155716 0.689975 0.003215 0.004085
6 0.159333 0.696260 0.005224 0.005971
48 0.167069 0.661062 0.044002 0.049340
48 0.228953 0.729101 0.076552 0.093652
9 0.267631 0.787712 0.005224 0.008485
5 0.151396 0.738844 0.003818 0.003771
5 0.148885 0.734287 0.003617 0.002828
5 0.166968 0.754714 0.004018 0.005343
5 0.164055 0.773099 0.003416 0.003143
5 0.159735 0.766499 0.003617 0.003771
5 0.161744 0.767913 0.004420 0.003457
5 0.136428 0.766028 0.003617 0.003457
5 0.174000 0.763985 0.004018 0.004400
5 0.168977 0.792740 0.003617 0.004085
5 0.134117 0.769956 0.004621 0.003143
5 0.043199 0.803740 0.004420 0.005343
5 0.028632 0.786141 0.003014 0.005343
5 0.063593 0.828881 0.003416 0.004085
5 0.065200 0.817882 0.004219 0.005343
5 0.067711 0.819610 0.004018 0.005028
5 0.087000 0.870365 0.004822 0.003457
5 0.086598 0.867222 0.004420 0.003457
5 0.132108 0.829038 0.004219 0.005657
5 0.045610 0.934947 0.004420 0.005028
48 0.023508 0.025456 0.026924 0.029541
48 0.049026 0.038341 0.020896 0.021370
5 0.029938 0.036769 0.004822 0.005028
48 0.110910 0.049497 0.036568 0.033627
6 0.122664 0.070396 0.007032 0.004400
5 0.128190 0.069767 0.003215 0.006285
48 0.023810 0.361251 0.026723 0.040541
5 0.039783 0.364079 0.005224 0.005343
5 0.043400 0.367379 0.004420 0.004400
5 0.045107 0.368950 0.003416 0.003771
5 0.032851 0.378221 0.005023 0.005343
5 0.031244 0.380421 0.004219 0.005343
5 0.023810 0.386706 0.004621 0.005343
5 0.014567 0.382935 0.005023 0.004085
5 0.032449 0.368322 0.003416 0.003771
12 0.082781 0.421276 0.004420 0.005971
48 0.109705 0.444846 0.022504 0.021684
48 0.084489 0.466845 0.023910 0.027970
48 0.093832 0.479730 0.021298 0.023570
48 0.098252 0.485072 0.020896 0.021056
48 0.104179 0.492929 0.013864 0.014771
48 0.108499 0.496229 0.018887 0.030170
48 0.121157 0.498429 0.011654 0.032055
48 0.134418 0.494972 0.021298 0.032684
48 0.141451 0.485229 0.021700 0.027656
5 0.135122 0.465273 0.003416 0.003457
48 0.150291 0.479730 0.022504 0.032370
48 0.156520 0.470145 0.025316 0.035827
48 0.198513 0.460874 0.020896 0.014142
5 0.223729 0.436518 0.003014 0.006285
48 0.199015 0.448774 0.025919 0.015085
48 0.199719 0.438089 0.024111 0.015085
48 0.200824 0.432118 0.022704 0.010685
48 0.201527 0.419547 0.024513 0.015713
48 0.205144 0.408391 0.020896 0.012885
48 0.199618 0.399120 0.019490 0.023256
48 0.188869 0.390949 0.025316 0.026398
48 0.180932 0.377436 0.017882 0.025770
5 0.205947 0.363765 0.004018 0.004714
5 0.217902 0.372564 0.004219 0.005343
5 0.229054 0.374293 0.004822 0.003143
5 0.204139 0.373821 0.004018 0.004714
48 0.174201 0.371779 0.015270 0.025770
48 0.159835 0.365022 0.025919 0.036141
48 0.144163 0.362665 0.011855 0.021370
48 0.141451 0.369736 0.018485 0.030484
48 0.133816 0.373350 0.019691 0.027656
48 0.129094 0.380421 0.022704 0.029855
48 0.120856 0.384192 0.017480 0.028598
48 0.114728 0.389378 0.022504 0.026398
48 0.109805 0.394720 0.023910 0.027656
48 0.104481 0.401006 0.024915 0.030170
48 0.095640 0.408548 0.028933 0.032055
5 0.225537 0.428347 0.003014 0.005028
5 0.231867 0.425047 0.003215 0.005343
5 0.234278 0.423476 0.004420 0.005343
5 0.228953 0.417505 0.004219 0.004714
5 0.228953 0.408234 0.004621 0.004400
5 0.227446 0.381835 0.005224 0.003771
5 0.220213 0.381207 0.004420 0.005028
5 0.223327 0.385292 0.004219 0.005657
5 0.228652 0.371307 0.005224 0.003457
10 0.216496 0.376179 0.006229 0.007542
10 0.213884 0.353866 0.006631 0.005657
5 0.207655 0.346009 0.004621 0.005028
5 0.200121 0.352137 0.004420 0.004714
5 0.197709 0.354180 0.004822 0.005028
5 0.204440 0.342552 0.005023 0.005028
5 0.198815 0.341923 0.004219 0.005028
5 0.180330 0.343180 0.004621 0.003771
5 0.183444 0.347423 0.004822 0.004085
5 0.185152 0.348837 0.005023 0.003771
5 0.186458 0.354023 0.004822 0.005343
50 0.084690 0.285984 0.025116 0.025770
13 0.019791 0.244186 0.004219 0.007542
48 0.073237 0.118793 0.056862 0.043369
5 0.115632 0.086895 0.004621 0.004085
10 0.254169 0.046826 0.005626 0.008171
48 0.296162 0.028284 0.041390 0.035198
48 0.329717 0.035669 0.034157 0.036769
48 0.351818 0.046512 0.019289 0.019485
5 0.378240 0.079981 0.005425 0.002828
5 0.379144 0.076367 0.005224 0.003143
5 0.378642 0.084067 0.005023 0.002200
5 0.379847 0.085638 0.004621 0.003457
5 0.379847 0.089723 0.005023 0.002828
5 0.381254 0.095537 0.003818 0.003143
6 0.383765 0.114865 0.007635 0.004085
48 0.299478 0.069925 0.040386 0.036141
48 0.334740 0.077153 0.040185 0.034255
48 0.359253 0.101508 0.032550 0.056568
48 0.354631 0.142363 0.031746 0.026398
48 0.308821 0.157134 0.043801 0.028284
5 0.364979 0.176147 0.005827 0.004714
5 0.347499 0.178975 0.004621 0.003457
5 0.305606 0.200346 0.004822 0.004714
5 0.294957 0.202074 0.004822 0.004400
5 0.398332 0.086895 0.005023 0.002828
5 0.398533 0.089252 0.004621 0.003143
5 0.398533 0.091923 0.005425 0.003457
5 0.398533 0.095066 0.004621 0.002828
5 0.399036 0.097737 0.005224 0.003143
5 0.399638 0.100723 0.005224 0.003457
5 0.400241 0.103708 0.004822 0.002514
5 0.402351 0.120050 0.004219 0.002514
5 0.423749 0.115651 0.005626 0.003143
5 0.424252 0.118636 0.004621 0.002200
5 0.422745 0.107165 0.005626 0.003143
5 0.435202 0.112508 0.004420 0.003143
5 0.403958 0.128536 0.004621 0.003771
48 0.438316 0.126807 0.011453 0.021056
5 0.482319 0.138749 0.005425 0.003457
5 0.523106 0.134192 0.004621 0.003143
5 0.509343 0.130264 0.004822 0.002828
5 0.446655 0.074953 0.002009 0.005343
5 0.428069 0.078096 0.002210 0.006600
48 0.477898 0.043683 0.067310 0.045255
48 0.466747 0.069767 0.024111 0.024513
48 0.495680 0.064425 0.011252 0.021999
5 0.505324 0.064111 0.002411 0.004400
5 0.515773 0.063482 0.002411 0.004400
48 0.489351 0.081238 0.098654 0.034255
48 0.472674 0.102923 0.024312 0.037398
48 0.494876 0.091766 0.024111 0.022627
48 0.541089 0.115965 0.011654 0.013828
5 0.548624 0.083281 0.003416 0.006285
48 0.562889 0.075581 0.031545 0.075110
48 0.549226 0.018070 0.029938 0.036141
5 0.570022 0.034884 0.004420 0.003143
5 0.576753 0.013828 0.002612 0.006285
34 0.626683 0.070082 0.032148 0.054683
34 0.702029 0.053426 0.016476 0.062225
34 0.762708 0.048397 0.014065 0.063482
48 0.709363 0.081867 0.019892 0.014142
5 0.704541 0.088781 0.002612 0.005343
5 0.701226 0.090981 0.003215 0.004714
48 0.758389 0.049811 0.055656 0.043055
48 0.692887 0.056254 0.054852 0.038969
48 0.631404 0.070239 0.055254 0.044940
48 0.657726 0.025299 0.026321 0.014142
56 0.619349 0.035669 0.046414 0.020427
10 0.573538 0.016970 0.003818 0.006285
10 0.811131 0.088781 0.016476 0.006600
5 0.802692 0.083909 0.005224 0.003143
5 0.799176 0.074639 0.003818 0.005971
5 0.804601 0.074010 0.003014 0.006600
5 0.807012 0.074167 0.003014 0.006285
5 0.810428 0.073224 0.003014 0.006285
5 0.813140 0.072753 0.002813 0.006600
5 0.818063 0.071653 0.003014 0.005028
5 0.813844 0.084067 0.005425 0.003457
5 0.820273 0.071339 0.003014 0.005657
5 0.822182 0.070867 0.002813 0.005343
5 0.824995 0.069767 0.002411 0.006285
5 0.827306 0.069453 0.002612 0.005657
5 0.829415 0.068982 0.003215 0.005343
5 0.831927 0.068510 0.003014 0.005657
5 0.834137 0.068353 0.003014 0.004714
5 0.836548 0.067410 0.003014 0.005343
5 0.839060 0.067568 0.003215 0.005657
5 0.846494 0.070553 0.004822 0.003457
5 0.840064 0.076367 0.005224 0.004400
5 0.821278 0.082181 0.005023 0.003457
5 0.829415 0.085167 0.005224 0.004400
5 0.828511 0.101666 0.003014 0.006600
5 0.839361 0.085795 0.005827 0.003143
5 0.840768 0.091609 0.005023 0.002828
5 0.853024 0.085795 0.006229 0.003143
5 0.858348 0.074010 0.006028 0.004085
5 0.849508 0.077938 0.005224 0.003143
5 0.862266 0.079195 0.005023 0.003143
5 0.848302 0.066153 0.003215 0.005343
5 0.851015 0.065839 0.003416 0.005343
5 0.853928 0.065211 0.002411 0.005343
5 0.856138 0.064582 0.003215 0.004714
5 0.858348 0.063953 0.003215 0.005343
5 0.861764 0.063325 0.003215 0.005343
5 0.864477 0.063168 0.003014 0.005657
5 0.866586 0.062854 0.003617 0.005657
5 0.869299 0.062539 0.004219 0.005657
5 0.873217 0.074324 0.005224 0.003457
5 0.874422 0.080610 0.004822 0.003457
5 0.894113 0.073539 0.005224 0.003771
5 0.896624 0.076996 0.005425 0.004400
5 0.913402 0.064268 0.005626 0.003457
5 0.914306 0.073853 0.005023 0.003771
5 0.936709 0.063796 0.004822 0.003143
5 0.944846 0.060811 0.007032 0.004085
5 0.945449 0.056254 0.005425 0.003771
5 0.958710 0.054683 0.004621 0.003143
5 0.963733 0.054525 0.004621 0.002828
48 0.933996 0.090666 0.024312 0.017285
48 0.925357 0.115022 0.007836 0.008799
48 0.881153 0.157291 0.092224 0.062539
5 0.920133 0.198303 0.002612 0.005657
5 0.924754 0.197203 0.003014 0.005971
5 0.929877 0.196103 0.002813 0.006285
5 0.932188 0.195475 0.003416 0.005657
5 0.935202 0.195160 0.002612 0.005657
5 0.938316 0.194375 0.002813 0.005971
5 0.943641 0.192803 0.002612 0.005343
5 0.946454 0.193275 0.002612 0.005657
10 0.949468 0.192646 0.002612 0.006285
5 0.952080 0.191546 0.001808 0.004714
5 0.954390 0.190289 0.002411 0.005343
10 0.957404 0.190603 0.003215 0.005971
12 0.957605 0.183690 0.008841 0.004085
5 0.946052 0.215745 0.003014 0.005343
57 0.901246 0.226430 0.009845 0.007228
5 0.855937 0.257071 0.005224 0.003143
5 0.856440 0.259585 0.005425 0.003143
5 0.857344 0.264613 0.005626 0.003143
5 0.856942 0.261942 0.004822 0.003457
5 0.851718 0.253457 0.003215 0.006600
48 0.856239 0.249843 0.009443 0.013199
5 0.851115 0.268385 0.003215 0.005657
48 0.850512 0.335009 0.024513 0.027027
48 0.853426 0.354337 0.018686 0.015399
48 0.830520 0.352923 0.034760 0.032684
5 0.821881 0.321025 0.002210 0.005971
5 0.804601 0.331552 0.005827 0.003143
5 0.809222 0.339566 0.002612 0.005343
5 0.805204 0.333595 0.005425 0.002828
5 0.802893 0.325739 0.005224 0.004714
5 0.808720 0.324324 0.002813 0.005657
5 0.811332 0.324167 0.002813 0.005971
6 0.824694 0.305468 0.002612 0.005028
5 0.817661 0.309711 0.005023 0.002828
5 0.817862 0.312068 0.004621 0.003143
5 0.818063 0.314739 0.005023 0.002828
10 0.828712 0.327938 0.005023 0.003457
6 0.819670 0.298554 0.002612 0.005657
10 0.816657 0.280641 0.003014 0.005028
48 0.837653 0.265713 0.028531 0.045569
48 0.842978 0.303583 0.026723 0.037712
5 0.819771 0.251571 0.002813 0.005343
5 0.813743 0.263514 0.003215 0.005343
5 0.814647 0.270113 0.003416 0.005971
10 0.819068 0.265871 0.004219 0.005028
48 0.762407 0.261156 0.008238 0.006285
48 0.744525 0.182118 0.035162 0.036769
48 0.773558 0.174261 0.030139 0.036769
48 0.800683 0.170805 0.032550 0.030484
5 0.829918 0.139378 0.004621 0.004085
5 0.829717 0.136392 0.004621 0.003143
5 0.829817 0.134192 0.005224 0.003143
5 0.834438 0.155563 0.002411 0.005028
5 0.806209 0.142678 0.004219 0.003143
5 0.764818 0.148806 0.004219 0.004085
48 0.788527 0.128378 0.040788 0.020427
5 0.755576 0.156348 0.005023 0.004085
34 0.695801 0.148334 0.016878 0.026398
48 0.703436 0.151791 0.029335 0.028284
48 0.683544 0.155563 0.017681 0.020742
48 0.684248 0.130264 0.025116 0.019170
48 0.713984 0.132935 0.034760 0.035827
48 0.688467 0.188246 0.028732 0.042112
48 0.693390 0.220773 0.026522 0.032370
48 0.702532 0.263042 0.028330 0.044626
48 0.772152 0.278598 0.020896 0.022942
5 0.718606 0.257700 0.003014 0.006285
48 0.709363 0.302954 0.027125 0.038969
48 0.714386 0.338781 0.026321 0.042740
5 0.729958 0.322596 0.005224 0.002828
5 0.730058 0.324796 0.005425 0.002828
48 0.738999 0.348366 0.031344 0.032370
5 0.723428 0.231772 0.005023 0.003457
5 0.640948 0.116750 0.005224 0.002828
48 0.539281 0.155248 0.014467 0.013199
5 0.588809 0.203017 0.002612 0.005657
5 0.563593 0.203960 0.002813 0.005657
5 0.569218 0.203803 0.002813 0.005343
10 0.572433 0.203646 0.002813 0.006285
5 0.576452 0.202388 0.002813 0.005657
5 0.579566 0.202231 0.002612 0.005971
48 0.431284 0.060497 0.009845 0.016028
48 0.420735 0.039126 0.024111 0.032998
57 0.135423 0.112822 0.010448 0.007542
57 0.144866 0.092080 0.010850 0.006914
57 0.131505 0.104337 0.006229 0.010685
48 0.039482 0.088624 0.010247 0.011314
5 0.195198 0.266970 0.004219 0.004714
5 0.201427 0.262099 0.005425 0.005028
5 0.197810 0.260685 0.004621 0.004714
5 0.206852 0.258171 0.004621 0.003457
10 0.205546 0.254871 0.007635 0.006914
5 0.211774 0.253928 0.005626 0.005028
5 0.255274 0.230673 0.005827 0.005657
10 0.276572 0.203017 0.005827 0.005028
5 0.080671 0.086581 0.005425 0.007857
48 0.825196 0.033784 0.030942 0.067568
48 0.879445 0.021056 0.061081 0.042112
5 0.928772 0.152577 0.005023 0.003457
5 0.929174 0.155563 0.004621 0.003143
5 0.951979 0.214802 0.002009 0.004714
5 0.954692 0.214173 0.002210 0.005971
48 0.923448 0.280327 0.100462 0.047140
5 0.927567 0.306411 0.005827 0.003143
48 0.880450 0.055468 0.026120 0.013514
5 0.927064 0.310811 0.004822 0.003143
5 0.941531 0.308454 0.005224 0.003457
5 0.970866 0.304368 0.005224 0.002828
5 0.956399 0.305940 0.004822 0.002828
48 0.938919 0.334381 0.070323 0.042112
5 0.970464 0.374136 0.005626 0.003457
5 0.969460 0.366593 0.004822 0.002200
5 0.968555 0.362665 0.005023 0.002514
5 0.970766 0.376493 0.004621 0.002514
5 0.971067 0.378536 0.004420 0.002828
5 0.974884 0.397234 0.005224 0.003143
5 0.977095 0.403991 0.005626 0.003457
5 0.977898 0.406977 0.005224 0.003143
5 0.969560 0.369107 0.004621 0.002828
48 0.918224 0.415462 0.100060 0.039598
48 0.901949 0.351508 0.028129 0.018542
48 0.900542 0.382778 0.025316 0.044626
48 0.934599 0.379007 0.052843 0.037712
48 0.880450 0.383878 0.023709 0.025456
48 0.857545 0.377278 0.011252 0.012256
48 0.859453 0.391578 0.009443 0.012571
48 0.860960 0.400849 0.008037 0.009114
5 0.803797 0.395349 0.004219 0.003143
5 0.803797 0.390006 0.004621 0.003143
48 0.753064 0.394563 0.034157 0.031113
48 0.971469 0.471245 0.024513 0.032370
48 0.921640 0.497329 0.082781 0.061282
48 0.859453 0.517442 0.080972 0.053111
48 0.777075 0.522942 0.072936 0.056568
5 0.794555 0.542426 0.003818 0.005028
5 0.787623 0.546040 0.004018 0.005343
5 0.785714 0.547612 0.004219 0.005343
5 0.789632 0.551226 0.004018 0.003143
5 0.791441 0.552954 0.002009 0.004085
48 0.729757 0.555311 0.035765 0.039598
48 0.701326 0.564582 0.036367 0.031113
48 0.680430 0.586581 0.032751 0.042426
5 0.645670 0.650220 0.003416 0.004400
5 0.629094 0.623821 0.004018 0.005028
5 0.597046 0.605908 0.003818 0.005028
5 0.595640 0.598523 0.005023 0.004085
5 0.585292 0.594437 0.004420 0.004714
48 0.607394 0.610622 0.008439 0.009428
48 0.601668 0.616122 0.008238 0.008485
48 0.613020 0.623036 0.006028 0.005971
48 0.609604 0.624921 0.007635 0.008485
10 0.607294 0.628221 0.005425 0.006914
5 0.600362 0.634821 0.004018 0.005028
5 0.602572 0.633092 0.004018 0.005343
48 0.589612 0.630421 0.024714 0.025770
48 0.569218 0.643777 0.033353 0.027341
10 0.595540 0.645349 0.005626 0.005343
48 0.565501 0.667348 0.008238 0.006600
48 0.567611 0.671119 0.008037 0.005971
48 0.555757 0.645349 0.005626 0.005343
48 0.611613 0.658077 0.030942 0.027027
48 0.633414 0.698303 0.048423 0.045255
48 0.661744 0.711188 0.016677 0.013199
5 0.658630 0.731144 0.004420 0.003457
5 0.657123 0.728001 0.004621 0.004085
5 0.645670 0.740101 0.004621 0.003143
5 0.624071 0.734915 0.003215 0.004714
48 0.666968 0.754871 0.046414 0.044626
48 0.692184 0.761156 0.012859 0.011942
48 0.629898 0.782998 0.034157 0.068196
48 0.653808 0.826681 0.045811 0.060654
5 0.648182 0.847580 0.004822 0.004400
48 0.634117 0.844437 0.018485 0.020742
48 0.606389 0.857008 0.045007 0.059082
48 0.578260 0.813639 0.063492 0.039598
48 0.539683 0.837838 0.050231 0.046512
5 0.517079 0.813639 0.004621 0.004400
5 0.517782 0.815996 0.004822 0.004085
5 0.519389 0.817882 0.004018 0.004085
48 0.499799 0.803425 0.025116 0.017285
48 0.503516 0.777498 0.049427 0.043997
5 0.516074 0.742772 0.003014 0.004714
5 0.514567 0.746229 0.004822 0.002828
48 0.533052 0.758014 0.029335 0.047769
48 0.538477 0.729415 0.027728 0.025141
5 0.522704 0.725801 0.003416 0.004714
48 0.555053 0.723916 0.037573 0.039912
48 0.575548 0.714016 0.028732 0.034569
48 0.605184 0.715902 0.038577 0.038969
48 0.536769 0.688875 0.036769 0.052797
48 0.506329 0.690446 0.045409 0.045255
48 0.479707 0.722030 0.039984 0.067568
48 0.453185 0.719202 0.026321 0.040541
48 0.398935 0.754085 0.080571 0.054997
5 0.358449 0.778284 0.002813 0.004085
5 0.350713 0.749214 0.004219 0.004400
5 0.274663 0.654620 0.002813 0.005028
10 0.334740 0.620365 0.006831 0.003771
5 0.362065 0.620993 0.002813 0.006285
48 0.291240 0.638435 0.036367 0.038655
48 0.323789 0.642363 0.032349 0.035827
48 0.349005 0.646920 0.019691 0.034255
48 0.359353 0.664833 0.029536 0.029227
48 0.369500 0.681804 0.020896 0.027341
48 0.365582 0.698774 0.024714 0.026084
48 0.388286 0.694375 0.023508 0.017285
48 0.351818 0.706788 0.028129 0.034569
48 0.337352 0.719359 0.028531 0.032055
48 0.324392 0.728473 0.029536 0.033941
48 0.304903 0.744186 0.038377 0.030170
48 0.272554 0.715431 0.016275 0.025456
48 0.274864 0.725801 0.022102 0.025456
48 0.282299 0.736801 0.020092 0.025456
5 0.290135 0.758957 0.004420 0.005028
5 0.293651 0.762728 0.004219 0.004400
48 0.131003 0.703174 0.022905 0.030484
48 0.142254 0.709617 0.022504 0.029541
48 0.152502 0.717159 0.022504 0.027027
48 0.158931 0.727373 0.021700 0.024199
48 0.167973 0.737901 0.031344 0.033312
48 0.179827 0.752357 0.021700 0.024513
48 0.188969 0.763671 0.025517 0.028913
48 0.199920 0.773413 0.023307 0.023884
48 0.200121 0.790541 0.021298 0.014142
5 0.228250 0.792426 0.004420 0.004714
48 0.196002 0.799026 0.025116 0.023570
48 0.184348 0.810811 0.026321 0.031427
48 0.170987 0.817568 0.019289 0.028598
5 0.187462 0.825896 0.004018 0.003771
48 0.165963 0.824481 0.015672 0.026084
48 0.152301 0.824167 0.014467 0.030484
48 0.141250 0.824010 0.015270 0.025770
48 0.136026 0.817882 0.017681 0.019170
48 0.129596 0.810339 0.022102 0.022942
48 0.123367 0.800597 0.020896 0.020427
48 0.117038 0.792426 0.019088 0.017913
48 0.109001 0.786298 0.022303 0.024513
48 0.102672 0.775141 0.018485 0.023570
48 0.095339 0.769327 0.018686 0.020113
48 0.088105 0.760371 0.021901 0.024199
48 0.081274 0.750786 0.021499 0.020742
48 0.073036 0.741672 0.017480 0.018856
48 0.066205 0.733344 0.021901 0.022942
48 0.057062 0.719987 0.018887 0.028913
48 0.042797 0.712131 0.012457 0.009428
48 0.035564 0.662319 0.030139 0.050597
48 0.071127 0.588624 0.026924 0.038969
48 0.069520 0.616908 0.021700 0.025770
48 0.080269 0.632621 0.030340 0.030798
48 0.111212 0.632935 0.033153 0.031427
5 0.101467 0.603551 0.002009 0.004714
5 0.108901 0.603551 0.002411 0.004714
5 0.099458 0.609994 0.004420 0.002514
5 0.086900 0.606537 0.003818 0.004400
48 0.054651 0.529541 0.040185 0.050911
5 0.069721 0.492300 0.004420 0.004714
5 0.105686 0.373821 0.003617 0.004085
48 0.094434 0.383407 0.004018 0.004400
48 0.084790 0.380264 0.003215 0.003771
48 0.087101 0.378693 0.003416 0.004400
48 0.121258 0.143149 0.011855 0.024199
33 0.103476 0.093180 0.005224 0.009742
48 0.322986 0.113451 0.008640 0.006914
48 0.522503 0.023727 0.014667 0.014142
48 0.529737 0.055154 0.009845 0.018542
48 0.794254 0.051383 0.004420 0.007857
5 0.962327 0.018070 0.005425 0.002828
48 0.962829 0.029855 0.009644 0.021999
48 0.956600 0.042426 0.007233 0.005657
5 0.772855 0.147392 0.003818 0.003771
48 0.486940 0.173319 0.090215 0.036769
48 0.473277 0.225016 0.102270 0.025770
48 0.384368 0.231930 0.036568 0.020113
57 0.120052 0.157448 0.007434 0.004400
57 0.119048 0.162791 0.007032 0.003771
56 0.715491 0.179290 0.023709 0.027970
48 0.826000 0.194532 0.027326 0.038341
48 0.830621 0.229730 0.028531 0.035198
5 0.852421 0.233030 0.005023 0.003457
5 0.833032 0.178975 0.003215 0.005971
5 0.816858 0.140635 0.004621 0.002828
5 0.975990 0.326053 0.003014 0.004085
10 0.860257 0.324953 0.003014 0.006285
5 0.861061 0.329353 0.002612 0.005657
5 0.818365 0.292740 0.002813 0.006600
57 0.552039 0.310654 0.003416 0.016028
57 0.555857 0.312068 0.003416 0.015713
48 0.571429 0.314582 0.030540 0.011942
48 0.518184 0.340666 0.020494 0.025141
13 0.517581 0.267128 0.010046 0.005028
13 0.512156 0.255185 0.011252 0.005028
50 0.104782 0.288655 0.015069 0.014771
48 0.061885 0.438246 0.024513 0.029855
48 0.051738 0.448146 0.024312 0.027656
48 0.041290 0.453803 0.020293 0.028284
48 0.032248 0.464959 0.027928 0.037398
48 0.025015 0.473602 0.020293 0.037712
51 0.947358 0.581553 0.037774 0.029227
51 0.910991 0.588309 0.036970 0.030798
51 0.883263 0.598680 0.026924 0.031427
51 0.834941 0.633407 0.043199 0.048083
48 0.943641 0.598680 0.017882 0.012571
48 0.760398 0.608580 0.039180 0.037398
48 0.750753 0.633407 0.037975 0.029855
48 0.774965 0.644720 0.023709 0.034884
48 0.804099 0.678504 0.032550 0.032684
48 0.773659 0.679918 0.029134 0.034884
48 0.711272 0.684632 0.049829 0.051226
5 0.663452 0.669390 0.004420 0.003771
5 0.519188 0.642206 0.004420 0.004085
48 0.594033 0.583910 0.024714 0.022627
48 0.570223 0.598837 0.029737 0.023570
48 0.541089 0.611722 0.035765 0.026713
47 0.469962 0.649906 0.008439 0.010057
5 0.264718 0.668133 0.003818 0.005028
48 0.278983 0.672847 0.025517 0.025141
48 0.255475 0.706317 0.023508 0.028598
48 0.244123 0.690603 0.022504 0.025456
48 0.233976 0.677247 0.022704 0.026398
48 0.225537 0.665619 0.021901 0.025770
48 0.079164 0.674576 0.017681 0.017913
51 0.099056 0.701131 0.030942 0.032684
48 0.132710 0.760685 0.013864 0.016656
48 0.039783 0.821967 0.024915 0.038655
48 0.050633 0.852294 0.032550 0.036455
48 0.068917 0.872250 0.026522 0.034884
48 0.059273 0.888278 0.026924 0.032370
48 0.044806 0.898649 0.029737 0.041798
5 0.031445 0.876179 0.004621 0.005028
48 0.335242 0.789598 0.044404 0.039283
48 0.297569 0.810968 0.054651 0.038026
48 0.300080 0.855594 0.042797 0.059397
48 0.746032 0.770427 0.063492 0.067568
48 0.810428 0.744815 0.084187 0.071025
48 0.765521 0.724544 0.019691 0.017913
48 0.750753 0.730044 0.010649 0.013828
48 0.886076 0.699089 0.073538 0.066310
48 0.957103 0.661062 0.063693 0.057511
48 0.971770 0.745757 0.044404 0.082338
48 0.871509 0.753457 0.014266 0.012256
48 0.903154 0.766970 0.012055 0.012256
48 0.886980 0.821653 0.022303 0.021056
48 0.872614 0.833595 0.012859 0.015399
48 0.882660 0.848052 0.016878 0.022313
48 0.919128 0.831553 0.016677 0.020113
48 0.897629 0.846952 0.011051 0.013199
48 0.923749 0.866750 0.055254 0.071025
48 0.824794 0.833438 0.026120 0.033941
48 0.800281 0.850723 0.040185 0.047140
48 0.767732 0.814582 0.014868 0.014456
51 0.687663 0.904934 0.164959 0.151163
48 0.916416 0.961659 0.036568 0.016342
48 0.497388 0.894092 0.037975 0.046512
48 0.514969 0.921276 0.035765 0.050597
5 0.491059 0.858422 0.003617 0.005343
5 0.464336 0.857480 0.004018 0.005971
5 0.465943 0.855908 0.004018 0.004085
5 0.484328 0.857165 0.003818 0.005343
5 0.469359 0.876493 0.003617 0.005657
5 0.454089 0.849623 0.004420 0.005343
5 0.466546 0.844123 0.005224 0.003771
5 0.474483 0.850566 0.004219 0.005343
53 0.477396 0.859522 0.042194 0.040226
5 0.474282 0.895192 0.004219 0.005343
48 0.469861 0.818668 0.009042 0.010685
48 0.473779 0.823067 0.008037 0.009428
48 0.475186 0.831867 0.017681 0.015713
48 0.460016 0.835952 0.019088 0.021999
48 0.447559 0.841766 0.017480 0.017913
48 0.438115 0.846952 0.009845 0.013828
48 0.433896 0.819610 0.019088 0.014456
48 0.433092 0.827938 0.017079 0.011628
48 0.430983 0.851194 0.012859 0.014142
48 0.423850 0.853708 0.008640 0.009742
48 0.417521 0.857951 0.009644 0.011314
48 0.412096 0.861722 0.008037 0.010057
48 0.408680 0.863136 0.007635 0.009742
48 0.404260 0.865022 0.006430 0.009114
48 0.401648 0.867693 0.008841 0.010685
48 0.429074 0.858580 0.008640 0.010057
48 0.422443 0.862665 0.008640 0.011314
48 0.416014 0.866908 0.009845 0.012256
48 0.411392 0.870050 0.007434 0.008485
48 0.406570 0.873664 0.011855 0.011942
48 0.402954 0.876650 0.007434 0.007857
48 0.394515 0.869736 0.009845 0.012256
48 0.430782 0.865022 0.012859 0.012885
48 0.435101 0.871307 0.013462 0.010999
48 0.438618 0.875864 0.014467 0.010685
48 0.441230 0.880735 0.013663 0.010371
5 0.436608 0.885921 0.004018 0.005028
5 0.428772 0.884664 0.003617 0.005028
5 0.433896 0.895192 0.004219 0.005343
48 0.444043 0.885135 0.012859 0.010999
48 0.447358 0.890006 0.013462 0.011942
48 0.451175 0.897077 0.013864 0.010371
48 0.454792 0.901634 0.013060 0.010057
48 0.458509 0.907291 0.013663 0.011314
48 0.462427 0.912476 0.014266 0.012256
5 0.460619 0.923476 0.004219 0.005971
48 0.444645 0.914362 0.004018 0.005343
48 0.464838 0.917976 0.014667 0.012571
48 0.469158 0.924419 0.012457 0.014771
48 0.473679 0.930233 0.012658 0.013828
48 0.477597 0.937146 0.014868 0.015085
48 0.485031 0.947360 0.017681 0.020427
48 0.475186 0.955060 0.013663 0.014456
48 0.467450 0.959931 0.012256 0.014771
48 0.459815 0.963859 0.010247 0.014456
5 0.445550 0.961031 0.004621 0.004400
5 0.446655 0.954903 0.003617 0.005343
5 0.425357 0.922376 0.004420 0.006285
48 0.421037 0.878064 0.011453 0.011314
48 0.414406 0.881207 0.009845 0.010685
48 0.419831 0.887806 0.017882 0.014456
48 0.424854 0.895192 0.019490 0.009742
48 0.427969 0.902420 0.019691 0.010371
48 0.433494 0.911848 0.020293 0.012256
48 0.440125 0.920333 0.019892 0.013514
48 0.441732 0.929918 0.012658 0.013199
48 0.449869 0.929447 0.008841 0.009742
48 0.450372 0.935418 0.014667 0.011628
48 0.454792 0.940603 0.016275 0.011942
48 0.457304 0.948774 0.017279 0.011314
48 0.388688 0.876179 0.008238 0.010057
5 0.385071 0.870365 0.004219 0.004085
48 0.382560 0.877593 0.013261 0.016028
48 0.388085 0.885607 0.009443 0.010057
48 0.394615 0.888592 0.015672 0.011628
48 0.397529 0.893463 0.017079 0.010685
48 0.400743 0.899906 0.018284 0.011628
48 0.406771 0.906977 0.020695 0.011942
48 0.411091 0.914676 0.019289 0.009114
48 0.415913 0.920490 0.019691 0.008171
48 0.419831 0.927718 0.019490 0.009428
48 0.423850 0.933689 0.017882 0.008171
48 0.427868 0.939818 0.018686 0.009114
48 0.432088 0.946103 0.017480 0.009742
48 0.435503 0.951917 0.018284 0.010685
48 0.439622 0.959459 0.017279 0.012571
48 0.444244 0.974701 0.009243 0.010371
48 0.447961 0.971245 0.006631 0.008485
48 0.452080 0.969987 0.007233 0.009114
48 0.455395 0.966688 0.006631 0.010057
48 0.421037 0.981772 0.009042 0.009428
48 0.426060 0.981458 0.005023 0.005657
48 0.429777 0.973759 0.011252 0.010371
48 0.425959 0.968888 0.011252 0.008799
48 0.422343 0.962602 0.012859 0.009428
48 0.417119 0.955688 0.010850 0.008799
48 0.415210 0.950974 0.011453 0.008171
48 0.410488 0.946889 0.010046 0.010057
48 0.407977 0.942018 0.010247 0.008485
48 0.403757 0.936832 0.011855 0.008799
48 0.400241 0.930704 0.012055 0.010371
48 0.395620 0.923790 0.011654 0.012256
48 0.391802 0.915776 0.009644 0.010057
48 0.387081 0.908862 0.009443 0.009428
48 0.380852 0.902734 0.011051 0.008485
48 0.377135 0.897549 0.009243 0.008799
48 0.372212 0.889849 0.013462 0.012256
48 0.365682 0.881521 0.013261 0.011942
48 0.360257 0.874136 0.010850 0.009742
48 0.356641 0.868322 0.010448 0.009428
48 0.351316 0.865651 0.015069 0.012256
48 0.349809 0.872564 0.008841 0.007228
48 0.352421 0.890478 0.009644 0.010999
48 0.356339 0.887021 0.008238 0.009114
48 0.358147 0.884192 0.007434 0.007228
48 0.357645 0.923947 0.032550 0.027027
48 0.338457 0.913891 0.012256 0.010057
48 0.369299 0.943903 0.031344 0.024199
48 0.380651 0.963074 0.031947 0.027341
48 0.392807 0.979101 0.031746 0.017913
5 0.337151 0.983658 0.004420 0.004400
5 0.318666 0.982558 0.005626 0.003457
48 0.337452 0.838938 0.016275 0.026084
5 0.342475 0.852294 0.003818 0.005028
48 0.357143 0.828096 0.010649 0.006914
48 0.358449 0.832810 0.010448 0.008171
48 0.361865 0.837209 0.013261 0.008171
48 0.364678 0.843338 0.010850 0.007228
48 0.357545 0.844437 0.007836 0.007542
48 0.362065 0.849623 0.010046 0.010371
48 0.369600 0.848052 0.009042 0.008485
48 0.366988 0.856537 0.009845 0.010371
48 0.372514 0.862822 0.009243 0.012256
48 0.380551 0.862979 0.010448 0.012571
48 0.374322 0.852608 0.010046 0.010057
48 0.380249 0.849151 0.009443 0.010685
48 0.385674 0.846480 0.007836 0.011628
48 0.389090 0.843966 0.008640 0.009742
48 0.394515 0.840823 0.009845 0.009742
48 0.398031 0.848052 0.010850 0.012256
48 0.391903 0.851823 0.008640 0.011628
48 0.384669 0.854965 0.010649 0.012256
48 0.406068 0.833438 0.010448 0.010057
48 0.411392 0.831710 0.009443 0.009742
48 0.417822 0.827624 0.009042 0.008485
48 0.422845 0.824796 0.009443 0.010999
48 0.425357 0.831710 0.008439 0.010371
48 0.420635 0.836267 0.009042 0.008799
48 0.412899 0.837995 0.010046 0.010371
48 0.267330 0.891735 0.013462 0.012256
48 0.228451 0.878378 0.066305 0.066625
5 0.232972 0.902734 0.004621 0.002828
5 0.161644 0.865336 0.004219 0.004085
48 0.122262 0.940289 0.040386 0.057197
5 0.149689 0.948617 0.004018 0.004085
5 0.134217 0.934318 0.003215 0.003771
5 0.142053 0.932275 0.003215 0.004085
48 0.154611 0.938561 0.019088 0.021684
48 0.144364 0.919705 0.025517 0.031113
48 0.159032 0.913891 0.015069 0.013828
48 0.172092 0.910434 0.039582 0.054683
48 0.143560 0.985858 0.011453 0.012571
5 0.110408 0.988844 0.005023 0.004085
5 0.111814 0.990729 0.004621 0.004085
5 0.103878 0.993872 0.004822 0.005343
5 0.096645 0.991986 0.004018 0.004085
5 0.077054 0.944846 0.004219 0.004714
5 0.089110 0.963074 0.002612 0.004714
48 0.213080 0.981615 0.037975 0.024199
57 0.209865 0.945789 0.006229 0.009742
10 0.212779 0.944532 0.005224 0.007857
10 0.216094 0.942960 0.005827 0.007857
10 0.219510 0.941232 0.005023 0.007542
10 0.222725 0.938875 0.006229 0.008485
10 0.226140 0.937304 0.005827 0.008485
10 0.033052 0.850723 0.004621 0.005657
48 0.411995 0.011628 0.026321 0.023256
48 0.240607 0.016342 0.048021 0.025770
5 0.095941 0.027656 0.005425 0.003771
48 0.791441 0.418762 0.087201 0.054997
5 0.972775 0.387964 0.004219 0.002828
5 0.971670 0.385607 0.004420 0.002514
5 0.971067 0.383721 0.004420 0.002514
5 0.971368 0.381207 0.004621 0.002514
5 0.973478 0.392206 0.004018 0.002514
5 0.974282 0.356065 0.002009 0.003771
5 0.973177 0.351037 0.002210 0.004400
5 0.976994 0.321496 0.002210 0.004400
5 0.813844 0.252200 0.003014 0.004714
5 0.816556 0.251886 0.002009 0.004085
5 0.836347 0.166562 0.003014 0.005028
5 0.837854 0.171747 0.002411 0.004085
5 0.838959 0.177247 0.003014 0.005657
5 0.841873 0.189975 0.002813 0.005343
5 0.818063 0.137021 0.005023 0.003143
13 0.147780 0.026556 0.009042 0.004714
5 0.103576 0.029384 0.004621 0.002828
5 0.114326 0.030798 0.005224 0.003143
5 0.099759 0.980201 0.003416 0.004400
5 0.548021 0.901791 0.004219 0.005343
5 0.529034 0.870836 0.004822 0.005028
5 0.534961 0.880578 0.003818 0.003771
5 0.532047 0.875707 0.004822 0.005971
5 0.238296 0.788341 0.004420 0.005971
5 0.239200 0.794155 0.004621 0.005028
5 0.156118 0.787084 0.004018 0.004714
5 0.158429 0.785669 0.003818 0.004400
5 0.160940 0.784412 0.004822 0.005028
5 0.492465 0.974544 0.004018 0.005028
5 0.681133 0.718259 0.004018 0.005343
5 0.708660 0.763042 0.004018 0.005028
5 0.714688 0.773099 0.004420 0.005657
5 0.414004 0.688404 0.006631 0.005343
5 0.293651 0.697203 0.005023 0.005343
5 0.957906 0.214331 0.002612 0.004400
5 0.828813 0.157134 0.003215 0.005657
5 0.831826 0.144720 0.003215 0.005343
5 0.832931 0.149906 0.003014 0.005028
16 0.729154 0.066782 0.010850 0.009114
5 0.146675 0.086109 0.005626 0.002514
5 0.146876 0.083752 0.004018 0.002828
5 0.004621 0.102451 0.003215 0.003771
5 0.007635 0.098837 0.002813 0.003457
5 0.021599 0.088781 0.003818 0.004085
5 0.029435 0.081395 0.004219 0.004400
48 0.022805 0.065839 0.039984 0.046826
5 0.111111 0.195317 0.003617 0.003457
9 0.100161 0.194532 0.005023 0.004400
9 0.101768 0.199246 0.004621 0.004400
56 0.116034 0.187461 0.013864 0.021056
9 0.155114 0.206788 0.005626 0.003771
5 0.091119 0.220616 0.004219 0.004400
48 0.050131 0.242615 0.034760 0.049654
48 0.077456 0.316939 0.032751 0.034884
48 0.043500 0.349937 0.038377 0.038026
48 0.069017 0.325110 0.027125 0.037398
48 0.056259 0.338152 0.033353 0.030798
48 0.047619 0.315211 0.017681 0.016342
5 0.127386 0.456945 0.004018 0.004400
5 0.113623 0.454745 0.004621 0.003771
5 0.129496 0.455845 0.004621 0.004714
5 0.138738 0.447360 0.003416 0.004085
5 0.056761 0.473130 0.004219 0.002828
5 0.067812 0.490258 0.003818 0.004400
5 0.066205 0.488215 0.003818 0.004085
5 0.084690 0.490729 0.004219 0.004085
5 0.082479 0.495757 0.004219 0.004714
5 0.081073 0.487272 0.004219 0.004714
5 0.074744 0.498114 0.004420 0.004400
5 0.076753 0.500000 0.003617 0.004400
5 0.078059 0.502043 0.004621 0.004085
5 0.087804 0.495286 0.004420 0.004400
5 0.091621 0.499214 0.004018 0.004085
5 0.093530 0.501100 0.003416 0.003457
5 0.052039 0.583281 0.003215 0.003771
5 0.084489 0.587681 0.003818 0.003771
5 0.085795 0.592709 0.004018 0.004400
5 0.137030 0.662791 0.003617 0.004400
5 0.130802 0.654934 0.003215 0.003771
5 0.132208 0.656820 0.004420 0.003771
5 0.074041 0.708831 0.003818 0.004085
5 0.078360 0.714016 0.003215 0.003771
5 0.092023 0.718730 0.004018 0.003143
5 0.090918 0.716531 0.004621 0.003771
5 0.083484 0.707102 0.003416 0.003143
5 0.084690 0.709302 0.003014 0.003143
5 0.094033 0.733187 0.003215 0.003143
5 0.098151 0.738058 0.003818 0.003457
5 0.103476 0.731930 0.004420 0.003771
5 0.109705 0.739158 0.003617 0.003143
5 0.124573 0.755343 0.004018 0.004085
5 0.117239 0.749057 0.004219 0.004085
5 0.118847 0.750786 0.003818 0.003143
5 0.110508 0.753300 0.003617 0.004400
5 0.113723 0.756914 0.003617 0.004085
5 0.151195 0.748429 0.003416 0.004085
5 0.153205 0.751100 0.004219 0.005028
48 0.150392 0.760685 0.010247 0.011628
48 0.156319 0.755028 0.011252 0.011628
5 0.145067 0.787241 0.004018 0.003771
5 0.146574 0.789126 0.003014 0.003143
5 0.142355 0.783155 0.004219 0.003771
5 0.169379 0.769956 0.004018 0.003771
5 0.170886 0.771842 0.003416 0.003143
5 0.172393 0.773570 0.003215 0.003457
5 0.181435 0.830295 0.005224 0.005657
5 0.248342 0.810339 0.004420 0.002828
9 0.140044 0.877750 0.011654 0.008799
9 0.106490 0.853708 0.005626 0.004714
5 0.094937 0.859365 0.002612 0.005971
5 0.104882 0.876021 0.004018 0.004714
5 0.083584 0.954274 0.002813 0.002828
5 0.086598 0.959617 0.003215 0.004085
5 0.137533 0.945632 0.003818 0.003771
5 0.138638 0.947674 0.003215 0.003457
5 0.151195 0.950189 0.003818 0.003457
5 0.114426 0.995286 0.004219 0.003143
5 0.094635 0.996072 0.002813 0.002828
9 0.176713 0.987744 0.005827 0.007542
5 0.302190 0.977844 0.003617 0.002200
5 0.330520 0.988372 0.004018 0.002514
5 0.332228 0.986958 0.004219 0.002828
5 0.342174 0.878378 0.003215 0.004400
5 0.339160 0.874293 0.004420 0.003771
5 0.324794 0.879793 0.003818 0.003457
5 0.332329 0.875550 0.004420 0.003771
9 0.310830 0.845695 0.004822 0.006285
5 0.315351 0.816939 0.003416 0.004714
5 0.461824 0.858580 0.003818 0.004400
5 0.470464 0.853394 0.003818 0.004714
5 0.461322 0.867065 0.003617 0.003143
9 0.500201 0.830453 0.005023 0.006600
5 0.511955 0.840038 0.004420 0.002514
5 0.503014 0.828881 0.003416 0.004085
5 0.514266 0.845066 0.005425 0.002514
5 0.513161 0.842238 0.003617 0.002514
5 0.499096 0.821810 0.003215 0.005657
5 0.489753 0.806725 0.003818 0.005657
5 0.493771 0.810654 0.004219 0.003457
5 0.504420 0.793683 0.004219 0.003457
5 0.560478 0.836738 0.003818 0.003457
48 0.536769 0.857794 0.019490 0.014771
48 0.565803 0.886235 0.052642 0.042740
5 0.598252 0.877593 0.004219 0.004085
5 0.594033 0.867693 0.003416 0.003143
9 0.589311 0.855751 0.005626 0.004400
5 0.589210 0.861565 0.003416 0.004085
5 0.590717 0.859522 0.004018 0.004400
5 0.592224 0.857794 0.003014 0.004085
5 0.584589 0.844909 0.003014 0.004085
5 0.587302 0.849151 0.004018 0.005028
5 0.667571 0.811754 0.003818 0.005028
5 0.661744 0.807040 0.003014 0.004400
5 0.669982 0.810968 0.003014 0.004085
5 0.653305 0.793997 0.003416 0.004085
5 0.666164 0.782055 0.003014 0.004085
5 0.669881 0.778441 0.003215 0.004400
48 0.702632 0.799811 0.039381 0.052168
5 0.738798 0.799654 0.004018 0.004714
5 0.820876 0.536141 0.004219 0.004400
5 0.820072 0.533627 0.004621 0.003143
48 0.778983 0.553740 0.008037 0.008171
5 0.276170 0.212602 0.004219 0.004085
5 0.249247 0.229415 0.003818 0.003771
5 0.676010 0.256914 0.004219 0.003457
9 0.683946 0.262728 0.003215 0.005657
48 0.663653 0.241986 0.010850 0.011942
5 0.676612 0.221559 0.002612 0.005028
5 0.671690 0.220302 0.002411 0.004400
5 0.713382 0.223602 0.004219 0.002200
5 0.668475 0.178661 0.002813 0.005343
5 0.666064 0.162948 0.002411 0.005343
5 0.647780 0.158705 0.004420 0.003143
5 0.655616 0.150534 0.004420 0.001886
5 0.640948 0.142363 0.004420 0.003143
5 0.655114 0.142363 0.004219 0.003143
9 0.583384 0.113294 0.005827 0.002200
5 0.694696 0.111094 0.005023 0.002200
48 0.778983 0.365022 0.011252 0.010371
5 0.612518 0.609365 0.003416 0.005028
5 0.615531 0.613451 0.003416 0.004400
5 0.614326 0.629478 0.003014 0.004400
5 0.612216 0.631050 0.002813 0.004400
48 0.649287 0.620207 0.053245 0.073853
48 0.592626 0.609365 0.009042 0.008799
5 0.536669 0.631364 0.002813 0.003771
48 0.561583 0.661219 0.007233 0.007542
48 0.212980 0.633250 0.022504 0.023884
48 0.216094 0.653991 0.023910 0.028284
10 0.222725 0.825581 0.005425 0.004400
5 0.535765 0.918762 0.005827 0.005343
5 0.527828 0.884035 0.004822 0.003771
5 0.508539 0.853551 0.004018 0.003771
5 0.506229 0.848837 0.005023 0.004400
5 0.484428 0.813168 0.005224 0.004085
5 0.481214 0.807982 0.005224 0.004400
5 0.474483 0.779227 0.005023 0.004714
5 0.441531 0.726116 0.005827 0.006600
5 0.497589 0.724230 0.004219 0.004714
5 0.494776 0.718730 0.004219 0.004400
5 0.509644 0.719516 0.003818 0.004714
5 0.519389 0.712131 0.004420 0.004400
5 0.439020 0.721716 0.004018 0.004085
5 0.396926 0.667976 0.005023 0.003457
5 0.408278 0.653206 0.004420 0.002828
5 0.316054 0.683218 0.004822 0.005657
5 0.327607 0.676147 0.004621 0.005343
5 0.331525 0.672219 0.004822 0.005028
5 0.303597 0.703331 0.004822 0.004400
5 0.326502 0.697517 0.004018 0.004714
5 0.260398 0.664676 0.004822 0.004400
5 0.258590 0.662791 0.004822 0.004400
5 0.257484 0.660905 0.005023 0.004400
5 0.201125 0.649434 0.003617 0.006600
5 0.175105 0.591923 0.005425 0.002828
5 0.162146 0.524356 0.005224 0.004714
5 0.151195 0.531427 0.005023 0.004400
5 0.151296 0.512414 0.005224 0.004714
5 0.158328 0.505028 0.004822 0.005657
5 0.159333 0.498272 0.006028 0.005971
5 0.071529 0.495129 0.004822 0.004714
5 0.031746 0.498429 0.004822 0.005028
5 0.096946 0.662476 0.005425 0.004400
5 0.100964 0.668290 0.005827 0.004085
5 0.105184 0.685418 0.003818 0.004400
5 0.037874 0.728316 0.005425 0.004714
5 0.039783 0.730044 0.004420 0.005028
5 0.046012 0.737272 0.005626 0.005028
8 0.056359 0.775456 0.004621 0.005343
5 0.053245 0.746229 0.004822 0.004085
5 0.059775 0.755185 0.004621 0.005028
5 0.061583 0.757385 0.004621 0.004400
5 0.077758 0.777184 0.004420 0.004400
5 0.051537 0.800440 0.005023 0.004400
5 0.059675 0.810339 0.004018 0.004085
5 0.060981 0.812539 0.003014 0.003457
5 0.063492 0.815996 0.004822 0.004085
5 0.070524 0.824010 0.005224 0.005657
5 0.076854 0.831238 0.005023 0.004400
5 0.082479 0.855123 0.005023 0.004400
5 0.084187 0.857637 0.005224 0.004400
5 0.089009 0.790069 0.005224 0.005028
5 0.081374 0.837052 0.005626 0.005343
5 0.173498 0.780484 0.004621 0.005343
5 0.218405 0.800754 0.004822 0.004400
5 0.656118 0.156977 0.006229 0.003457
5 0.695600 0.107951 0.006430 0.004714
5 0.528230 0.015713 0.004822 0.004400
11 0.691179 0.734444 0.004420 0.005028
5 0.319670 0.667505 0.002813 0.005657
10 0.322684 0.666719 0.004822 0.007228
10 0.018083 0.517756 0.005224 0.004085
10 0.020293 0.519799 0.004420 0.003771
5 0.297971 0.719359 0.002813 0.003143
5 0.038678 0.120993 0.004621 0.004400
5 0.045911 0.301069 0.003818 0.004400
5 0.149889 0.278913 0.004420 0.004714
5 0.181435 0.279855 0.005626 0.004714
5 0.127888 0.258014 0.004621 0.005028
5 0.138236 0.392363 0.004420 0.005343
5 0.213783 0.458988 0.004420 0.004085
5 0.114527 0.887178 0.004420 0.005028
5 0.029837 0.382307 0.005425 0.006600
5 0.026723 0.384192 0.003215 0.006600
5 0.166767 0.459302 0.006430 0.003457
5 0.235584 0.415305 0.004621 0.004085
5 0.182540 0.354023 0.004621 0.004714
5 0.324392 0.188561 0.005827 0.003771
5 0.717400 0.089252 0.003416 0.005657
5 0.884368 0.077467 0.005425 0.003457
5 0.179727 0.276084 0.005827 0.005343
5 0.191581 0.265871 0.005023 0.005028
5 0.958509 0.010371 0.004621 0.005657
5 0.974483 0.394720 0.005224 0.003143
5 0.783605 0.550283 0.003617 0.005028
5 0.651196 0.736486 0.005224 0.004714
5 0.630802 0.742615 0.004219 0.003771
5 0.297971 0.615965 0.006028 0.004400
5 0.363773 0.642049 0.005827 0.003771
5 0.380551 0.707417 0.004822 0.002514
5 0.671589 0.689503 0.003818 0.005028
5 0.549427 0.631521 0.005023 0.004085
5 0.611312 0.588624 0.005023 0.004400
5 0.265521 0.670962 0.004219 0.003771
5 0.115833 0.747329 0.005023 0.004400
5 0.758690 0.737429 0.004822 0.004085
5 0.468455 0.855280 0.004219 0.004714
5 0.444143 0.858894 0.005425 0.004400
5 0.368194 0.876964 0.004219 0.005343
5 0.262708 0.869893 0.005425 0.005657
10 0.375829 0.053583 0.005023 0.002828
5 0.141953 0.954588 0.004621 0.004085
10 0.006229 0.100880 0.004420 0.005657
10 0.507233 0.835638 0.004621 0.006285
16 0.156721 0.210088 0.010046 0.004085
