48 0.056638 0.988847 0.026913 0.022306
48 0.082145 0.997330 0.020888 0.005341
48 0.329183 0.988847 0.041374 0.022306
48 0.362723 0.992146 0.034143 0.015708
48 0.582145 0.964499 0.029926 0.071002
5 0.609661 0.980836 0.002611 0.006283
48 0.858004 0.982407 0.030930 0.035187
48 0.912231 0.961514 0.061056 0.076971
48 0.444969 0.967169 0.026311 0.046183
48 0.273649 0.983349 0.048002 0.025762
5 0.129042 0.994659 0.005423 0.003770
13 0.180860 0.993560 0.009038 0.004713
5 0.136674 0.996387 0.004619 0.002828
5 0.561157 0.982721 0.004820 0.004398
5 0.560153 0.978794 0.004820 0.004084
5 0.559249 0.974081 0.005021 0.004084
5 0.567986 0.975338 0.004017 0.005341
5 0.566781 0.971254 0.003213 0.004713
5 0.566379 0.968426 0.004419 0.004713
5 0.565776 0.965284 0.004017 0.004713
5 0.565575 0.963085 0.004419 0.004084
5 0.564973 0.960572 0.004419 0.005341
5 0.557743 0.964970 0.004419 0.004713
5 0.557441 0.962300 0.004218 0.005655
5 0.531834 0.952718 0.005222 0.004084
5 0.544386 0.944549 0.004619 0.004084
5 0.540671 0.941408 0.004017 0.003456
5 0.557642 0.928684 0.002611 0.006283
5 0.554429 0.913604 0.002611 0.005655
5 0.548604 0.915017 0.002611 0.005969
5 0.547499 0.909362 0.002410 0.007226
5 0.472786 0.954131 0.002812 0.005027
5 0.479012 0.952246 0.002812 0.006912
5 0.483531 0.951461 0.002209 0.006598
5 0.474593 0.964499 0.003213 0.005655
5 0.479112 0.963556 0.003414 0.006283
5 0.481924 0.963399 0.002209 0.007226
5 0.486041 0.962300 0.003213 0.006283
5 0.490460 0.961514 0.002410 0.004713
5 0.486242 0.951461 0.003213 0.005341
5 0.490661 0.949576 0.002410 0.006598
5 0.492870 0.949733 0.002812 0.006283
5 0.501105 0.913604 0.005222 0.003142
5 0.498695 0.911404 0.005624 0.003142
5 0.502410 0.960101 0.004218 0.005027
5 0.509038 0.958373 0.002209 0.005969
5 0.576722 0.841188 0.002611 0.004713
5 0.579434 0.841345 0.002008 0.005027
5 0.581844 0.840402 0.002410 0.005027
5 0.584555 0.839931 0.002209 0.005341
5 0.578028 0.852183 0.002812 0.005341
5 0.580137 0.852183 0.002611 0.004713
5 0.584957 0.852183 0.003013 0.005969
5 0.587668 0.851712 0.002812 0.005655
5 0.592890 0.851712 0.003213 0.005655
5 0.581141 0.865379 0.003013 0.005341
5 0.584053 0.865536 0.002410 0.005027
5 0.589175 0.863965 0.002611 0.006283
5 0.591685 0.863651 0.003213 0.005655
5 0.594497 0.863808 0.002812 0.005341
5 0.597208 0.862551 0.002611 0.005341
5 0.581241 0.878102 0.002812 0.005027
5 0.589074 0.876217 0.002410 0.005655
7 0.606447 0.854854 0.006226 0.003770
5 0.606347 0.857681 0.004820 0.002513
7 0.606748 0.860509 0.004820 0.003142
5 0.608556 0.866007 0.005624 0.003456
5 0.610062 0.852655 0.005423 0.006283
5 0.627837 0.853126 0.004017 0.002199
5 0.627335 0.855482 0.004619 0.002513
5 0.627837 0.858467 0.005624 0.003456
5 0.628439 0.865850 0.005222 0.003770
5 0.611167 0.881715 0.005222 0.002828
5 0.601225 0.876217 0.004218 0.005027
5 0.583350 0.884072 0.003414 0.005655
5 0.588974 0.896481 0.003013 0.005969
5 0.760494 0.572573 0.002611 0.005969
5 0.757080 0.581370 0.004619 0.004084
5 0.766419 0.572730 0.002812 0.005655
7 0.895863 0.561263 0.002611 0.006598
5 0.898373 0.561106 0.001607 0.005655
5 0.898674 0.567232 0.002611 0.006598
5 0.900884 0.561891 0.002209 0.005341
5 0.901185 0.566918 0.002410 0.005341
8 0.903595 0.562048 0.002008 0.006283
5 0.903696 0.566604 0.001808 0.005969
5 0.906206 0.562205 0.002008 0.005341
5 0.906307 0.566761 0.002209 0.006283
5 0.908817 0.562048 0.002410 0.005027
5 0.908616 0.567232 0.002812 0.005969
5 0.911328 0.562677 0.002209 0.006283
5 0.914139 0.562520 0.002611 0.005341
5 0.916851 0.562363 0.002410 0.005027
8 0.919261 0.562834 0.002008 0.006598
5 0.921671 0.562991 0.002008 0.005655
5 0.924483 0.563305 0.002812 0.006912
5 0.894356 0.585768 0.002410 0.006598
5 0.896867 0.585925 0.002209 0.006283
5 0.899578 0.586082 0.002812 0.006598
5 0.902189 0.585925 0.002410 0.006283
5 0.947881 0.508954 0.005021 0.003142
5 0.941655 0.436224 0.002209 0.005969
5 0.939144 0.435124 0.002410 0.006912
5 0.936232 0.433396 0.002611 0.006598
5 0.933119 0.431825 0.002410 0.005341
5 0.917654 0.438109 0.002410 0.007854
5 0.914943 0.434810 0.003414 0.005655
5 0.894557 0.430883 0.004820 0.002828
5 0.894557 0.425385 0.005222 0.003142
5 0.894758 0.422400 0.004820 0.003456
5 0.909922 0.433082 0.003816 0.004084
5 0.072806 0.983192 0.004619 0.004713
50 0.814320 0.932611 0.030327 0.078228
48 0.909620 0.903393 0.086764 0.057493
48 0.978409 0.854540 0.019884 0.026390
48 0.980619 0.877631 0.020687 0.024191
48 0.974895 0.890826 0.016067 0.011624
48 0.971882 0.909205 0.018478 0.032045
48 0.969271 0.944706 0.016067 0.016965
48 0.993774 0.952246 0.007230 0.009425
48 0.993473 0.960415 0.008235 0.008797
48 0.873870 0.835061 0.031332 0.059692
48 0.981020 0.823594 0.015063 0.019793
48 0.985740 0.787308 0.018076 0.046497
10 0.982627 0.750707 0.002611 0.007854
10 0.986041 0.749607 0.003013 0.005655
5 0.984334 0.761389 0.002008 0.004713
48 0.974593 0.730914 0.018277 0.016023
50 0.961538 0.616400 0.011448 0.019478
53 0.979414 0.614986 0.018678 0.034873
48 0.945270 0.616400 0.017072 0.036444
48 0.935328 0.623468 0.005624 0.016651
10 0.942057 0.581527 0.004218 0.017593
10 0.945672 0.581684 0.003816 0.016651
10 0.883812 0.557022 0.017473 0.003770
10 0.864431 0.557807 0.017273 0.004713
10 0.880197 0.571002 0.003414 0.016023
10 0.865334 0.570374 0.004218 0.019164
10 0.868950 0.572887 0.003816 0.014138
10 0.875577 0.574458 0.003816 0.011624
5 0.854288 0.577128 0.003013 0.006283
10 0.964852 0.789350 0.006427 0.003456
10 0.842639 0.565818 0.004218 0.013195
6 0.850773 0.566290 0.004419 0.012253
6 0.855192 0.566133 0.003213 0.011938
5 0.851075 0.575243 0.002611 0.004398
6 0.827275 0.579171 0.003615 0.010996
5 0.795240 0.583255 0.002209 0.004713
5 0.788411 0.564248 0.005021 0.003142
5 0.802169 0.566133 0.002410 0.005655
5 0.773248 0.560320 0.004820 0.003456
5 0.767925 0.567703 0.002611 0.005027
5 0.770034 0.570845 0.004820 0.002513
5 0.770536 0.576029 0.005423 0.002828
10 0.770737 0.567075 0.003013 0.006283
5 0.775356 0.572887 0.005021 0.002828
10 0.769432 0.578385 0.007632 0.003142
5 0.770536 0.580270 0.004619 0.002513
5 0.775658 0.580113 0.005624 0.002828
5 0.776059 0.582941 0.004820 0.002828
5 0.771139 0.585925 0.005423 0.003142
10 0.758486 0.572887 0.002611 0.007226
5 0.757682 0.583569 0.005423 0.002828
10 0.755172 0.564248 0.005222 0.003142
10 0.755774 0.566447 0.004820 0.003142
5 0.739205 0.580741 0.002611 0.005969
5 0.746234 0.557179 0.006226 0.003456
5 0.755774 0.556865 0.004820 0.002828
5 0.732376 0.557650 0.002611 0.005655
5 0.730167 0.556708 0.003013 0.005655
6 0.727556 0.557336 0.004218 0.008168
10 0.734786 0.583412 0.003013 0.005655
10 0.735891 0.589538 0.003615 0.006598
10 0.733179 0.592523 0.003816 0.007540
10 0.731974 0.584826 0.003816 0.007854
10 0.728861 0.585925 0.004017 0.008168
10 0.729765 0.593151 0.003013 0.007540
10 0.722434 0.579799 0.004419 0.006598
10 0.726049 0.584983 0.003213 0.006283
10 0.723438 0.585140 0.002410 0.006598
10 0.727556 0.595979 0.003816 0.006912
10 0.724744 0.596764 0.003816 0.006598
57 0.714099 0.586239 0.011046 0.006912
57 0.710082 0.596764 0.006628 0.010368
10 0.711488 0.592209 0.004619 0.006283
10 0.714300 0.592052 0.004218 0.005341
10 0.715304 0.596450 0.004218 0.005969
10 0.721832 0.597549 0.004017 0.006283
10 0.718819 0.598021 0.004419 0.005969
10 0.719823 0.592209 0.003615 0.006912
5 0.707672 0.589538 0.003414 0.004713
10 0.708476 0.599592 0.003816 0.005341
10 0.704559 0.595350 0.004419 0.006912
10 0.712894 0.603990 0.004218 0.007226
39 0.690199 0.585140 0.009038 0.007854
5 0.692207 0.622840 0.005021 0.004713
10 0.690400 0.617185 0.004218 0.008483
39 0.620104 0.636663 0.008636 0.006598
39 0.610364 0.640276 0.008034 0.006283
10 0.632657 0.641847 0.005222 0.010682
43 0.617293 0.608860 0.004619 0.012567
48 0.897269 0.750707 0.019482 0.033616
48 0.822655 0.814483 0.020084 0.035501
48 0.828580 0.847942 0.017072 0.011938
48 0.830689 0.866321 0.012452 0.021678
48 0.750452 0.866478 0.064471 0.037700
57 0.594497 0.942507 0.005624 0.008168
57 0.595300 0.949733 0.004820 0.007540
57 0.597108 0.959472 0.005222 0.015708
57 0.602029 0.950518 0.005423 0.014138
57 0.600823 0.939994 0.004619 0.008797
56 0.614280 0.934967 0.022695 0.042099
47 0.595601 0.930412 0.007431 0.005341
47 0.593493 0.924757 0.004419 0.009111
10 0.607753 0.893340 0.003213 0.006598
5 0.612573 0.887213 0.004820 0.002513
5 0.599719 0.880930 0.003213 0.006283
5 0.595903 0.876532 0.003615 0.006283
5 0.591986 0.877003 0.003414 0.005341
5 0.591585 0.837732 0.002611 0.005341
48 0.569492 0.889413 0.028319 0.071002
38 0.622615 0.600377 0.006025 0.013823
42 0.617895 0.598649 0.005021 0.010996
42 0.810102 0.816054 0.005423 0.005341
48 0.559048 0.835533 0.026712 0.046183
5 0.542378 0.849984 0.004619 0.004084
5 0.547098 0.871819 0.003213 0.005027
10 0.549910 0.879202 0.002812 0.009111
5 0.546194 0.881715 0.003013 0.005969
5 0.553424 0.896795 0.003013 0.005969
10 0.553324 0.903864 0.003213 0.007540
10 0.551215 0.930883 0.004619 0.009425
5 0.530026 0.902765 0.002812 0.007226
5 0.506327 0.919573 0.002812 0.006912
5 0.503816 0.920201 0.002611 0.005655
5 0.504720 0.925385 0.002812 0.005969
48 0.490962 0.930097 0.030729 0.028589
48 0.440651 0.923343 0.026511 0.049010
48 0.470978 0.899780 0.042177 0.026390
5 0.492669 0.889413 0.002410 0.005655
48 0.512352 0.891926 0.031733 0.017593
57 0.375577 0.983820 0.012452 0.007854
57 0.307893 0.969369 0.012452 0.006598
57 0.262201 0.963399 0.006628 0.012253
57 0.258486 0.962143 0.006829 0.012881
48 0.224041 0.970154 0.035148 0.024505
57 0.183872 0.978637 0.014260 0.005655
5 0.123720 0.994031 0.005222 0.003142
48 0.113175 0.930883 0.016268 0.016965
48 0.146616 0.941408 0.008034 0.009739
48 0.129243 0.911718 0.005824 0.007540
48 0.123117 0.898681 0.015264 0.016023
48 0.132456 0.887842 0.006226 0.010053
48 0.099116 0.894439 0.013055 0.013195
48 0.085660 0.858467 0.017473 0.021678
48 0.060856 0.864907 0.011247 0.005655
48 0.118096 0.828621 0.019683 0.019793
48 0.137678 0.831762 0.015465 0.014138
48 0.134465 0.814797 0.012251 0.012881
48 0.140791 0.808671 0.010846 0.010053
48 0.162482 0.820610 0.027315 0.032674
48 0.158867 0.841973 0.008034 0.008797
48 0.150733 0.803644 0.015063 0.013823
48 0.083953 0.786993 0.014862 0.015708
48 0.104439 0.783852 0.014461 0.011938
48 0.028419 0.748979 0.013858 0.013195
48 0.047399 0.751806 0.016067 0.022620
48 0.067182 0.750236 0.013055 0.017593
48 0.087467 0.746937 0.015867 0.026704
48 0.109761 0.745523 0.023900 0.033930
48 0.079032 0.722746 0.005021 0.007854
48 0.029323 0.685988 0.003615 0.006598
48 0.037357 0.695256 0.013256 0.020735
48 0.056537 0.695727 0.014662 0.014766
48 0.074011 0.699026 0.012653 0.018850
48 0.091685 0.701854 0.011850 0.018850
48 0.064471 0.712064 0.004419 0.008483
48 0.133661 0.705309 0.020285 0.023877
48 0.153444 0.707352 0.013657 0.021049
48 0.175738 0.709708 0.022896 0.018850
6 0.251557 0.739868 0.011046 0.010053
6 0.315425 0.729343 0.010243 0.004084
6 0.324563 0.729815 0.008435 0.004398
6 0.333300 0.737826 0.013055 0.004084
6 0.336614 0.757147 0.006829 0.011938
6 0.254268 0.767515 0.003615 0.012567
6 0.254368 0.785108 0.003414 0.011310
6 0.220024 0.786679 0.004218 0.009425
6 0.218919 0.796733 0.004419 0.011938
6 0.244627 0.790135 0.004820 0.008797
6 0.243121 0.799246 0.003816 0.010053
6 0.215806 0.819196 0.006226 0.019793
6 0.213898 0.836475 0.004419 0.012881
6 0.240309 0.818096 0.005824 0.018850
6 0.235790 0.850298 0.005624 0.018536
6 0.240410 0.851241 0.006427 0.019164
6 0.211589 0.854540 0.005021 0.012567
6 0.208978 0.874489 0.005824 0.019164
6 0.233280 0.877003 0.006628 0.020421
6 0.244828 0.874018 0.005624 0.017593
6 0.206367 0.893025 0.005021 0.012881
48 0.265917 0.881244 0.008034 0.008797
48 0.321952 0.817625 0.089576 0.100848
6 0.388934 0.820924 0.003816 0.020107
6 0.395762 0.822652 0.004218 0.012881
6 0.410825 0.845115 0.004218 0.013195
48 0.395059 0.857053 0.035750 0.040214
48 0.387226 0.895225 0.010846 0.017279
6 0.325367 0.943921 0.019281 0.008483
6 0.325869 0.936224 0.018678 0.008168
6 0.306186 0.931197 0.018678 0.010053
6 0.286604 0.925385 0.012854 0.007226
6 0.253063 0.946748 0.012051 0.008483
6 0.239807 0.940936 0.012051 0.008168
48 0.486644 0.973453 0.029323 0.018536
48 0.509038 0.969054 0.010243 0.016651
48 0.517172 0.967012 0.010444 0.016965
5 0.525105 0.952875 0.005824 0.003142
5 0.542579 0.953660 0.003414 0.005969
5 0.545290 0.949262 0.004017 0.004713
57 0.689395 0.923971 0.012251 0.005027
48 0.772645 0.773641 0.028520 0.056236
48 0.693814 0.741125 0.019884 0.012567
48 0.748443 0.584354 0.015465 0.037072
6 0.806387 0.534716 0.004419 0.012567
6 0.818337 0.539271 0.003816 0.018536
6 0.829484 0.537072 0.003615 0.012881
6 0.832898 0.537072 0.003213 0.012881
10 0.837718 0.538486 0.004419 0.017593
6 0.845752 0.538014 0.003615 0.014766
10 0.849869 0.536601 0.003414 0.018850
6 0.862623 0.539585 0.002812 0.013509
10 0.866037 0.536601 0.004419 0.018222
10 0.869351 0.535815 0.004218 0.017279
10 0.873167 0.537700 0.004218 0.017279
10 0.875778 0.531888 0.003013 0.008168
10 0.879193 0.531888 0.003013 0.009425
6 0.886222 0.533773 0.003013 0.013195
10 0.890339 0.533616 0.004017 0.011624
10 0.890339 0.544141 0.003615 0.010053
6 0.901386 0.536601 0.004419 0.013823
6 0.904901 0.536129 0.003013 0.012881
6 0.909922 0.536287 0.004218 0.013195
10 0.913436 0.533459 0.003213 0.008168
10 0.913939 0.540371 0.002611 0.006283
6 0.917955 0.536287 0.003414 0.012567
10 0.921972 0.535815 0.003414 0.012253
10 0.925989 0.527333 0.007431 0.003456
6 0.925989 0.536758 0.004218 0.011624
6 0.930508 0.535187 0.003213 0.012253
6 0.933822 0.534559 0.003414 0.009739
6 0.937337 0.536287 0.003213 0.012567
6 0.941555 0.534559 0.004017 0.012881
6 0.945873 0.535972 0.004218 0.012567
6 0.955011 0.534087 0.003615 0.012567
5 0.943864 0.506126 0.002611 0.005655
6 0.928399 0.510211 0.003816 0.013195
6 0.923177 0.508797 0.003414 0.011624
6 0.918859 0.513352 0.003615 0.013823
10 0.912231 0.511153 0.002410 0.005655
10 0.909620 0.504870 0.002812 0.006912
10 0.908014 0.498272 0.002410 0.005655
5 0.907913 0.492303 0.002611 0.006283
6 0.897469 0.511938 0.012251 0.005969
10 0.886724 0.510053 0.008034 0.005341
5 0.874874 0.508011 0.005222 0.003770
39 0.790721 0.509268 0.004017 0.008797
48 0.842137 0.482249 0.115284 0.045240
48 0.946074 0.481307 0.076521 0.045240
7 0.950994 0.454760 0.003615 0.006598
10 0.956015 0.450518 0.008034 0.004398
5 0.948383 0.450675 0.005624 0.003456
48 0.973489 0.428998 0.016871 0.022306
48 0.917855 0.425542 0.008435 0.014766
6 0.924382 0.434025 0.004218 0.012881
5 0.906809 0.424599 0.004419 0.004713
5 0.908014 0.420829 0.004017 0.003456
5 0.904499 0.406849 0.002209 0.005027
6 0.897971 0.406063 0.002812 0.005969
48 0.868749 0.424285 0.047198 0.019164
48 0.813316 0.426642 0.066078 0.013823
5 0.863125 0.449733 0.005824 0.002828
5 0.841936 0.446277 0.005222 0.003456
5 0.847560 0.450047 0.003213 0.005341
5 0.847660 0.454917 0.002611 0.005655
6 0.857602 0.452089 0.002812 0.010682
10 0.833199 0.449576 0.002209 0.006283
10 0.830990 0.449576 0.002209 0.008168
10 0.828078 0.449733 0.003615 0.008483
5 0.764009 0.460415 0.004820 0.003456
48 0.751958 0.466384 0.023298 0.045555
6 0.755071 0.492303 0.013457 0.003770
14 0.765917 0.529375 0.003414 0.019478
48 0.731171 0.537386 0.017473 0.031103
12 0.698333 0.571159 0.003213 0.006283
48 0.451798 0.742539 0.044788 0.022934
48 0.493774 0.739554 0.041173 0.028904
48 0.515264 0.769086 0.026311 0.054665
48 0.518980 0.819824 0.023298 0.053095
48 0.566981 0.799560 0.012051 0.015080
48 0.507030 0.852026 0.043181 0.027019
48 0.466359 0.856582 0.041374 0.027333
48 0.445371 0.829092 0.023097 0.052152
48 0.440048 0.778354 0.019683 0.052466
48 0.612071 0.835375 0.013457 0.013195
48 0.939948 0.331134 0.029725 0.028275
48 0.921671 0.349042 0.032135 0.034559
5 0.920064 0.316368 0.004820 0.005027
5 0.963246 0.316997 0.004419 0.002513
5 0.908014 0.319353 0.004017 0.005341
48 0.964953 0.300031 0.017875 0.018850
48 0.957823 0.280710 0.015264 0.016651
48 0.947479 0.277725 0.011850 0.008797
48 0.949689 0.272856 0.009440 0.007226
48 0.932918 0.303173 0.006427 0.005027
5 0.972183 0.269871 0.004218 0.004398
48 0.941555 0.248036 0.010444 0.021678
48 0.949488 0.251492 0.013055 0.014138
48 0.968668 0.247722 0.011649 0.009739
48 0.971982 0.252592 0.006226 0.006912
48 0.966861 0.256833 0.006427 0.007854
48 0.958526 0.237669 0.005824 0.008483
48 0.968668 0.240811 0.012051 0.011624
48 0.965154 0.227458 0.005824 0.013195
48 0.970576 0.231228 0.005423 0.004398
48 0.960133 0.216934 0.005423 0.015394
48 0.964752 0.207666 0.007833 0.006283
48 0.968066 0.215049 0.012051 0.014138
48 0.948885 0.213007 0.017473 0.016337
48 0.965053 0.189601 0.013657 0.012253
48 0.955111 0.195099 0.007833 0.009425
5 0.954609 0.199969 0.005222 0.002199
48 0.950894 0.178134 0.011046 0.038329
48 0.962944 0.164467 0.016670 0.014766
48 0.958727 0.175463 0.005021 0.006598
48 0.939446 0.164625 0.011448 0.013195
5 0.956718 0.154728 0.005423 0.002828
5 0.941354 0.155671 0.004419 0.002199
48 0.968367 0.133522 0.007030 0.011938
48 0.947881 0.128652 0.013055 0.020421
48 0.945672 0.141690 0.011850 0.012567
48 0.933019 0.114986 0.008636 0.005027
48 0.954609 0.092523 0.006427 0.011624
48 0.943563 0.085768 0.008837 0.013195
48 0.942257 0.096450 0.008636 0.005655
48 0.936634 0.067075 0.010243 0.012881
48 0.956919 0.061106 0.013055 0.013509
48 0.964752 0.064405 0.009038 0.013195
48 0.966057 0.051681 0.006025 0.009111
48 0.960233 0.049167 0.009640 0.009739
48 0.952902 0.047440 0.007431 0.009425
48 0.948484 0.050110 0.006628 0.007226
5 0.953505 0.041942 0.005021 0.002828
48 0.945973 0.027961 0.013657 0.013195
48 0.941856 0.016808 0.013055 0.010996
48 0.931914 0.012567 0.008435 0.010053
48 0.902892 0.028746 0.020687 0.015394
10 0.897570 0.040214 0.008034 0.003142
5 0.887427 0.038800 0.005824 0.002828
48 0.917755 0.053095 0.010645 0.010053
48 0.925085 0.056708 0.005222 0.005341
48 0.902290 0.054822 0.013858 0.018536
48 0.898775 0.072887 0.012452 0.010682
48 0.920767 0.087810 0.008636 0.012253
48 0.912432 0.097078 0.013256 0.006283
48 0.900482 0.090324 0.013055 0.012253
48 0.896967 0.111530 0.019683 0.015708
48 0.884917 0.108074 0.008435 0.012567
48 0.889636 0.098492 0.008636 0.009739
48 0.873870 0.098492 0.008034 0.006598
48 0.866740 0.096607 0.008636 0.005341
48 0.924081 0.142947 0.012854 0.015080
48 0.919261 0.169180 0.013657 0.014766
48 0.897871 0.170280 0.021490 0.016965
48 0.911428 0.163368 0.006427 0.007540
5 0.880799 0.174521 0.005824 0.004713
5 0.881101 0.171850 0.004820 0.003770
5 0.889536 0.200911 0.005624 0.003456
5 0.899478 0.202011 0.004619 0.002513
48 0.917855 0.185046 0.010846 0.008168
48 0.918658 0.193214 0.011247 0.008168
48 0.907210 0.184888 0.008837 0.007226
48 0.906809 0.191329 0.008435 0.006283
48 0.909118 0.197455 0.009440 0.008483
48 0.923880 0.215677 0.018076 0.014138
48 0.907612 0.217091 0.013256 0.020735
48 0.890239 0.217405 0.023499 0.020107
48 0.895361 0.236412 0.017273 0.018536
48 0.881904 0.237041 0.010444 0.009111
48 0.909620 0.241910 0.010444 0.014452
48 0.927395 0.240968 0.017072 0.020107
48 0.887929 0.261389 0.020486 0.016337
5 0.910323 0.260917 0.003013 0.005341
48 0.918859 0.266415 0.012452 0.015708
48 0.941052 0.269557 0.010645 0.010682
5 0.915445 0.308514 0.003615 0.004398
5 0.914340 0.320767 0.005021 0.005027
47 0.911428 0.325479 0.004820 0.005655
5 0.840229 0.316368 0.005021 0.002513
5 0.824864 0.316839 0.002812 0.005341
48 0.767323 0.294533 0.017473 0.019793
50 0.735389 0.282124 0.019482 0.014452
48 0.774352 0.205309 0.027114 0.022934
48 0.827777 0.185674 0.019884 0.020107
48 0.861719 0.201068 0.023499 0.015080
5 0.854690 0.189130 0.002209 0.006283
5 0.857100 0.189915 0.002611 0.005341
5 0.876381 0.195727 0.001808 0.005027
5 0.863928 0.207352 0.003414 0.003142
5 0.862020 0.189758 0.002008 0.005655
5 0.849267 0.178919 0.005423 0.003456
5 0.850171 0.176249 0.004820 0.003142
48 0.860313 0.150487 0.014260 0.012567
5 0.871761 0.150487 0.003816 0.005027
48 0.842639 0.146717 0.014260 0.013195
48 0.831593 0.154414 0.009038 0.009111
48 0.814019 0.192429 0.006427 0.005969
48 0.522695 0.115300 0.006226 0.005655
48 0.363928 0.172636 0.032135 0.021678
47 0.369050 0.194314 0.007431 0.005969
48 0.114983 0.315583 0.014662 0.016023
48 0.134264 0.316211 0.016670 0.018536
48 0.150030 0.320767 0.010846 0.022620
48 0.160574 0.326265 0.005824 0.019793
48 0.171822 0.323123 0.012251 0.014766
48 0.197630 0.311027 0.013256 0.023249
5 0.198735 0.333176 0.002209 0.004713
48 0.238401 0.315269 0.022896 0.016023
48 0.224945 0.364593 0.014862 0.016651
48 0.208375 0.360980 0.008636 0.013195
48 0.185479 0.360823 0.014260 0.016651
48 0.194115 0.359095 0.006226 0.021992
48 0.176441 0.367264 0.006226 0.005655
47 0.182366 0.370405 0.005624 0.003770
48 0.162683 0.372762 0.016067 0.023563
5 0.119401 0.349513 0.002611 0.005969
48 0.133561 0.345586 0.006427 0.009425
48 0.126732 0.358467 0.014059 0.013195
48 0.127837 0.369777 0.008235 0.005655
48 0.123017 0.391140 0.015867 0.018850
48 0.124925 0.410462 0.009239 0.015394
48 0.150231 0.409833 0.013657 0.014766
48 0.189596 0.413289 0.014059 0.016023
48 0.236995 0.417059 0.014862 0.017908
5 0.725246 0.393025 0.003615 0.005027
9 0.727757 0.421772 0.009841 0.007854
13 0.729564 0.417688 0.013858 0.010368
5 0.738602 0.393811 0.003414 0.004084
9 0.697730 0.380302 0.007230 0.014766
9 0.702551 0.377945 0.008837 0.015080
48 0.732979 0.388784 0.011448 0.011624
9 0.711589 0.381244 0.014461 0.010996
9 0.709379 0.384386 0.015666 0.010368
13 0.711287 0.377631 0.012653 0.008797
13 0.710886 0.373704 0.013858 0.009111
13 0.706166 0.389727 0.012452 0.009111
13 0.663788 0.367106 0.012854 0.009111
13 0.664993 0.363494 0.010846 0.007540
48 0.676642 0.357053 0.032537 0.022306
5 0.645009 0.345115 0.002611 0.004713
13 0.658867 0.349827 0.009440 0.010368
6 0.653947 0.375432 0.007632 0.006912
13 0.632255 0.360195 0.015666 0.009739
13 0.631352 0.364436 0.014662 0.008168
48 0.713095 0.232642 0.030327 0.032988
48 0.724945 0.212064 0.012251 0.008797
56 0.760594 0.223217 0.015666 0.010368
5 0.709379 0.184103 0.002812 0.005027
48 0.892047 0.149387 0.013055 0.007854
48 0.751456 0.529061 0.009440 0.008797
5 0.761398 0.523877 0.002812 0.005341
5 0.758686 0.523720 0.003013 0.005027
5 0.758686 0.529532 0.002209 0.004713
5 0.756176 0.529061 0.002410 0.004398
9 0.679755 0.368206 0.019080 0.008168
9 0.762603 0.534559 0.002812 0.005969
5 0.780980 0.434653 0.007431 0.004084
5 0.906407 0.415646 0.003615 0.001885
5 0.930408 0.040842 0.004218 0.002513
47 0.913738 0.062834 0.004619 0.005027
47 0.647821 0.076814 0.003816 0.003456
14 0.883009 0.147031 0.002209 0.006912
48 0.903294 0.138549 0.016268 0.016337
13 0.940651 0.183475 0.002611 0.006283
5 0.935730 0.186302 0.002812 0.005027
10 0.920064 0.201697 0.007230 0.003142
5 0.864631 0.189915 0.002410 0.005341
7 0.853685 0.208137 0.003816 0.005341
13 0.843242 0.186302 0.005021 0.003142
47 0.838622 0.201225 0.006226 0.004084
57 0.732276 0.212692 0.005222 0.009425
48 0.217413 0.255734 0.013858 0.005655
48 0.142599 0.241910 0.013256 0.005655
47 0.202450 0.291392 0.006829 0.007854
47 0.092187 0.257147 0.007230 0.006598
13 0.072103 0.245994 0.004419 0.003142
48 0.070295 0.262331 0.013657 0.015080
10 0.067584 0.280082 0.003414 0.005969
50 0.052119 0.307886 0.014662 0.016965
50 0.035348 0.311027 0.010444 0.016965
13 0.058847 0.322023 0.006427 0.008168
47 0.063868 0.285737 0.004419 0.004713
13 0.050412 0.295319 0.003615 0.007540
13 0.047901 0.293748 0.003816 0.007540
48 0.016268 0.333490 0.011247 0.007854
48 0.015365 0.345900 0.011850 0.018850
47 0.016369 0.368363 0.004619 0.004084
48 0.127636 0.333647 0.007431 0.004398
56 0.387327 0.300660 0.008636 0.013823
56 0.384415 0.313698 0.009239 0.013509
56 0.381703 0.328307 0.010243 0.018222
56 0.381101 0.342287 0.013457 0.016023
56 0.397670 0.308671 0.008837 0.025448
56 0.383310 0.286679 0.039164 0.010368
56 0.363226 0.292648 0.005824 0.016023
56 0.361117 0.306786 0.006025 0.016023
56 0.357803 0.328935 0.008636 0.031417
56 0.374372 0.298618 0.008034 0.012881
56 0.372163 0.310399 0.008034 0.013195
56 0.369251 0.325950 0.009440 0.018536
56 0.366640 0.341659 0.007431 0.015394
57 0.344949 0.348413 0.004619 0.010053
57 0.353183 0.355011 0.004218 0.010053
56 0.375778 0.359252 0.019281 0.005341
56 0.395863 0.327992 0.012051 0.012567
56 0.391243 0.339460 0.004017 0.012253
56 0.396766 0.340088 0.003816 0.010996
56 0.400382 0.349042 0.003414 0.032045
56 0.395360 0.357210 0.007431 0.011310
56 0.405101 0.332705 0.007230 0.003142
56 0.410323 0.339931 0.006829 0.013823
56 0.412533 0.356268 0.010444 0.020107
56 0.424784 0.355639 0.004820 0.025762
57 0.419663 0.342444 0.007431 0.004398
13 0.414340 0.376846 0.003615 0.006598
5 0.389636 0.376217 0.003615 0.007226
5 0.401988 0.379830 0.003816 0.005027
5 0.403394 0.384857 0.005423 0.005027
5 0.382607 0.385328 0.003615 0.005341
5 0.368046 0.396324 0.003816 0.005969
5 0.377084 0.392868 0.003816 0.007854
5 0.385921 0.386585 0.003414 0.005969
5 0.393754 0.385328 0.005423 0.003456
5 0.393051 0.387999 0.005222 0.003770
5 0.394658 0.390826 0.004820 0.003142
5 0.394457 0.394125 0.004419 0.002828
5 0.397168 0.396953 0.005021 0.002828
5 0.396465 0.400251 0.004419 0.003142
5 0.398574 0.402608 0.004619 0.003456
10 0.411227 0.403550 0.003414 0.006598
5 0.403193 0.418630 0.004218 0.005341
10 0.402892 0.426327 0.004820 0.005655
5 0.404800 0.428998 0.004619 0.004713
5 0.408717 0.415803 0.003615 0.004713
5 0.411127 0.417531 0.003615 0.005027
5 0.413738 0.420201 0.004419 0.004713
5 0.438642 0.438580 0.004017 0.004398
12 0.438040 0.443292 0.008435 0.004398
39 0.431010 0.430097 0.008837 0.006283
5 0.373368 0.460729 0.004820 0.004084
48 0.347660 0.467169 0.017674 0.018222
13 0.315826 0.421301 0.007431 0.005655
13 0.315626 0.425071 0.007833 0.005027
13 0.315626 0.428684 0.007833 0.004713
13 0.314521 0.431982 0.007632 0.003770
13 0.314019 0.435124 0.007431 0.003770
13 0.314220 0.438266 0.007431 0.005027
34 0.438743 0.528589 0.018678 0.037386
10 0.475999 0.479893 0.031733 0.046811
13 0.407712 0.519321 0.008034 0.008797
13 0.402993 0.525291 0.006226 0.007540
47 0.531633 0.445963 0.004419 0.005341
42 0.433220 0.420672 0.006427 0.005655
39 0.507331 0.409048 0.008837 0.006912
39 0.554429 0.407791 0.005824 0.004398
14 0.477506 0.544926 0.011046 0.016023
13 0.378992 0.594565 0.005624 0.006598
34 0.410926 0.621583 0.031332 0.014766
34 0.467062 0.624725 0.031131 0.036758
48 0.449488 0.649702 0.022896 0.049639
48 0.488050 0.606817 0.037759 0.039271
48 0.495079 0.640748 0.024503 0.034244
14 0.470878 0.637449 0.003013 0.009425
14 0.469773 0.638077 0.003615 0.010053
14 0.468166 0.640591 0.004017 0.008797
48 0.485439 0.681590 0.021289 0.033616
47 0.487849 0.703424 0.004820 0.005027
48 0.462543 0.699654 0.018478 0.017593
48 0.450793 0.696984 0.004619 0.016023
48 0.404097 0.692271 0.026511 0.048068
6 0.363527 0.709551 0.002812 0.004713
5 0.345551 0.706566 0.003414 0.005655
5 0.344848 0.702482 0.004419 0.006283
5 0.346857 0.695570 0.004017 0.005027
5 0.348162 0.690544 0.003816 0.005655
5 0.346154 0.688658 0.003816 0.005027
5 0.341032 0.693371 0.002410 0.005655
5 0.337518 0.699497 0.004619 0.004713
5 0.335610 0.701539 0.004820 0.004398
5 0.333802 0.703267 0.004419 0.004713
5 0.332396 0.705781 0.004017 0.004084
44 0.309399 0.714420 0.006628 0.007540
10 0.318940 0.719761 0.015264 0.005655
10 0.336212 0.720547 0.015264 0.004713
13 0.357301 0.713164 0.004017 0.007540
48 0.361719 0.705781 0.008435 0.008483
48 0.340229 0.662582 0.007230 0.006283
48 0.382808 0.621112 0.004820 0.005027
48 0.405403 0.615771 0.022695 0.041470
42 0.604439 0.652372 0.004218 0.005969
42 0.600020 0.653157 0.004619 0.006283
5 0.650733 0.631323 0.003213 0.005341
5 0.674834 0.635093 0.003213 0.005969
5 0.671520 0.636663 0.003414 0.004713
5 0.703454 0.600848 0.003414 0.005341
7 0.708174 0.604147 0.004820 0.006912
13 0.723438 0.565975 0.006427 0.004084
10 0.608054 0.604618 0.008636 0.005341
47 0.517674 0.619227 0.005021 0.003770
57 0.538964 0.659127 0.004619 0.015708
57 0.541775 0.672322 0.006628 0.011938
57 0.546897 0.683318 0.008034 0.013823
13 0.539365 0.690229 0.007030 0.003142
13 0.540068 0.695099 0.006829 0.003456
13 0.535248 0.693057 0.005624 0.003770
47 0.516971 0.610273 0.003615 0.004084
57 0.396164 0.555922 0.003414 0.009111
57 0.396666 0.574144 0.003213 0.008483
48 0.406708 0.573987 0.020084 0.041470
5 0.264310 0.614672 0.006025 0.004084
48 0.268126 0.601477 0.018076 0.015394
48 0.267222 0.573673 0.009038 0.008168
47 0.278771 0.574929 0.004419 0.006283
38 0.357502 0.665724 0.004820 0.010053
42 0.605644 0.658184 0.005021 0.005655
48 0.266620 0.546340 0.013457 0.016337
48 0.248443 0.544926 0.013657 0.016023
48 0.207170 0.546968 0.018277 0.020735
47 0.194216 0.559064 0.004419 0.006598
50 0.190098 0.589695 0.021490 0.015708
50 0.209781 0.593151 0.013858 0.013823
48 0.147821 0.588124 0.013256 0.011310
5 0.228460 0.615300 0.003414 0.005969
48 0.181964 0.624568 0.011247 0.015080
48 0.162181 0.623154 0.012251 0.012881
48 0.143101 0.620170 0.012653 0.014452
48 0.123920 0.619070 0.013256 0.017908
48 0.104137 0.616085 0.012251 0.014452
48 0.085760 0.613572 0.012854 0.015080
48 0.066780 0.612630 0.013457 0.016337
48 0.047399 0.610587 0.012452 0.015394
47 0.058948 0.589538 0.004619 0.003456
47 0.037859 0.598178 0.008235 0.009425
48 0.027616 0.606032 0.011850 0.016965
48 0.055634 0.573358 0.015666 0.017593
48 0.053625 0.546340 0.018478 0.008168
48 0.052721 0.524034 0.017875 0.020107
48 0.029524 0.521521 0.019281 0.022620
47 0.034846 0.544141 0.004619 0.005027
5 0.125326 0.512096 0.005222 0.003142
48 0.112372 0.530631 0.016268 0.019478
10 0.091785 0.512724 0.006427 0.003770
48 0.151536 0.496230 0.014662 0.016651
48 0.159068 0.475809 0.009239 0.009739
48 0.141996 0.473296 0.011247 0.008483
48 0.128540 0.472510 0.016067 0.009425
48 0.131151 0.494973 0.014461 0.015394
48 0.111368 0.491989 0.014662 0.014452
48 0.117594 0.461043 0.010645 0.014138
48 0.090882 0.492617 0.015063 0.015708
48 0.071902 0.490418 0.015264 0.014452
48 0.066680 0.464342 0.006025 0.005655
48 0.087568 0.460258 0.009239 0.011310
48 0.093593 0.439994 0.017273 0.024191
48 0.076019 0.435752 0.015465 0.015080
48 0.122414 0.438580 0.005824 0.015080
48 0.112673 0.429626 0.009640 0.004713
47 0.066580 0.443292 0.003013 0.008168
5 0.062663 0.410776 0.004419 0.004713
48 0.019281 0.446120 0.016067 0.021363
48 0.014963 0.474081 0.017875 0.021363
5 0.015264 0.490732 0.004820 0.003142
48 0.035951 0.483820 0.010444 0.011938
47 0.040068 0.467169 0.003816 0.005655
48 0.012954 0.419887 0.008235 0.008483
48 0.050211 0.409519 0.006025 0.007226
50 0.044889 0.392868 0.013858 0.013509
7 0.213195 0.384700 0.003013 0.005969
48 0.230267 0.382501 0.005824 0.006598
13 0.666198 0.380930 0.010444 0.006598
5 0.640892 0.346843 0.004419 0.005027
5 0.894155 0.428055 0.004820 0.002828
5 0.975296 0.455545 0.002812 0.005027
5 0.941153 0.506440 0.003213 0.006912
5 0.915144 0.510996 0.002611 0.006598
5 0.960133 0.504713 0.004619 0.002828
5 0.657260 0.615300 0.005021 0.004084
5 0.532436 0.934339 0.002410 0.005655
48 0.549307 0.939051 0.005222 0.006912
39 0.474493 0.932297 0.006226 0.007226
10 0.466660 0.923657 0.006226 0.006283
5 0.294437 0.868363 0.003213 0.005655
13 0.181060 0.988690 0.009841 0.004398
42 0.867644 0.511467 0.004820 0.003770
43 0.794437 0.568018 0.006628 0.013195
5 0.345250 0.682218 0.002410 0.004713
48 0.371460 0.665724 0.038361 0.048382
48 0.449789 0.544926 0.021089 0.085768
5 0.095501 0.969054 0.002611 0.004084
5 0.092388 0.968583 0.002008 0.003770
6 0.109962 0.978794 0.004619 0.007854
6 0.155252 0.975809 0.008837 0.005027
48 0.108757 0.961986 0.123117 0.025762
9 0.159068 0.983192 0.003213 0.005341
5 0.309399 0.986491 0.002209 0.003770
5 0.593493 0.882187 0.003615 0.006283
5 0.609761 0.870405 0.006025 0.004713
5 0.605142 0.843858 0.006025 0.002513
53 0.589677 0.869620 0.029725 0.060949
53 0.619000 0.869463 0.028118 0.054980
48 0.716509 0.850456 0.119904 0.057807
48 0.590078 0.833647 0.020084 0.008483
9 0.628439 0.841502 0.006829 0.002199
5 0.492870 0.961671 0.003615 0.007540
5 0.496485 0.961200 0.003213 0.007226
5 0.498795 0.960101 0.003414 0.006283
53 0.478911 0.956959 0.018277 0.021992
53 0.499498 0.954288 0.024503 0.021049
53 0.563065 0.954131 0.004619 0.004398
53 0.566580 0.964813 0.007632 0.026390
5 0.513356 0.917059 0.003213 0.005027
5 0.383712 0.836318 0.007030 0.005027
53 0.072404 0.983663 0.013055 0.013195
48 0.066580 0.692743 0.003816 0.010053
48 0.081844 0.690701 0.004619 0.010368
48 0.085258 0.649230 0.018678 0.017908
48 0.158466 0.646089 0.011649 0.007854
48 0.182065 0.652372 0.017473 0.016023
48 0.160173 0.671536 0.016268 0.017908
9 0.329383 0.717405 0.007632 0.002828
9 0.686985 0.619384 0.004619 0.005969
6 0.682667 0.592366 0.005624 0.006598
6 0.725045 0.590795 0.005222 0.003456
9 0.742519 0.539585 0.003615 0.006598
5 0.804981 0.508797 0.002410 0.005341
10 0.857401 0.580584 0.003615 0.011938
13 0.868146 0.586239 0.012251 0.003142
42 0.806989 0.567546 0.005624 0.008483
6 0.746134 0.498429 0.008034 0.003456
6 0.797550 0.577600 0.005624 0.004713
6 0.968668 0.579485 0.004820 0.013509
5 0.925286 0.516965 0.002410 0.005341
53 0.864330 0.547597 0.215907 0.083569
5 0.835409 0.449262 0.002209 0.005655
5 0.837618 0.449105 0.002209 0.005341
5 0.840028 0.450047 0.002611 0.005969
53 0.845752 0.451618 0.041374 0.017279
9 0.859912 0.455545 0.003013 0.007540
5 0.907411 0.428841 0.004419 0.005655
5 0.908616 0.430569 0.003213 0.004084
5 0.920165 0.436538 0.003414 0.005969
9 0.786503 0.450047 0.003213 0.007226
53 0.791324 0.452089 0.027315 0.017593
5 0.783792 0.492617 0.003816 0.004398
6 0.755473 0.495287 0.009440 0.002828
9 0.751155 0.535344 0.006025 0.005027
9 0.715405 0.569903 0.007230 0.005655
5 0.645009 0.623626 0.003816 0.005027
5 0.653043 0.619698 0.001808 0.004713
56 0.658666 0.623940 0.035148 0.028904
48 0.172725 0.242538 0.032938 0.028904
5 0.011950 0.408734 0.004619 0.004398
48 0.009138 0.517279 0.018277 0.027333
48 0.021189 0.595350 0.003013 0.006283
48 0.014963 0.605404 0.013055 0.016965
48 0.016871 0.693528 0.014059 0.026704
10 0.938441 0.177977 0.005423 0.002828
59 0.749548 0.783538 0.009640 0.018222
5 0.915344 0.312912 0.004619 0.003770
5 0.909721 0.321081 0.003816 0.005027
5 0.928901 0.315740 0.005222 0.003770
5 0.915646 0.326893 0.004017 0.005341
5 0.917554 0.328621 0.003816 0.005027
5 0.920566 0.328621 0.003816 0.005027
5 0.965555 0.311184 0.004619 0.002828
48 0.929203 0.358153 0.007030 0.007540
5 0.905001 0.202011 0.004419 0.003142
5 0.883511 0.200126 0.004820 0.003770
5 0.869653 0.195099 0.004820 0.003142
5 0.879795 0.194471 0.002209 0.004398
43 0.666801 0.954131 0.009239 0.004398
5 0.880197 0.176406 0.004218 0.002828
5 0.221430 0.437952 0.004218 0.003142
5 0.234987 0.434967 0.004017 0.002199
5 0.240711 0.435124 0.004218 0.002513
48 0.454810 0.919416 0.013055 0.010996
48 0.539265 0.907163 0.008034 0.008483
5 0.595802 0.852183 0.003013 0.005341
5 0.588974 0.838674 0.002209 0.003456
5 0.594497 0.838046 0.002410 0.004713
5 0.597610 0.837418 0.002209 0.004713
5 0.599618 0.862080 0.002611 0.004398
5 0.628540 0.861294 0.005021 0.002828
10 0.213597 0.942350 0.005824 0.004084
38 0.774754 0.942036 0.011046 0.030474
16 0.682868 0.958373 0.008034 0.015394
42 0.637477 0.913132 0.006829 0.004084
38 0.671621 0.908734 0.008837 0.004713
10 0.733280 0.411247 0.014461 0.011310
5 0.627737 0.849984 0.006226 0.004084
5 0.590480 0.852498 0.003615 0.007226
5 0.564170 0.956802 0.005222 0.004084
53 0.558747 0.968740 0.008435 0.025448
5 0.556939 0.958530 0.004017 0.004398
5 0.912332 0.434967 0.004218 0.005341
5 0.076622 0.987276 0.005021 0.004713
5 0.073910 0.985705 0.005222 0.004713
5 0.964049 0.783852 0.005222 0.003142
57 0.638984 0.646717 0.007431 0.012253
6 0.275658 0.729029 0.012251 0.004084
6 0.244728 0.818724 0.005423 0.018222
6 0.252661 0.820924 0.004820 0.018850
42 0.789516 0.449262 0.003213 0.007540
42 0.779574 0.456173 0.002611 0.008168
42 0.782185 0.456488 0.003013 0.007540
42 0.785097 0.457116 0.002812 0.007540
42 0.787307 0.456645 0.002812 0.006598
42 0.803776 0.448005 0.003213 0.007540
9 0.800763 0.448162 0.003213 0.005969
42 0.795039 0.448790 0.002611 0.006598
36 0.749649 0.517122 0.011046 0.004398
42 0.547499 0.409519 0.006829 0.005341
42 0.508435 0.415646 0.006226 0.005655
33 0.877887 0.418316 0.003213 0.006598
33 0.875477 0.417059 0.003615 0.005969
42 0.842539 0.416588 0.002812 0.005655
42 0.840028 0.416431 0.002611 0.005341
42 0.837718 0.416117 0.002812 0.005341
9 0.460836 0.620013 0.012653 0.014138
38 0.644306 0.605404 0.034143 0.015080
43 0.564471 0.451932 0.005021 0.004084
