19 0.992328 0.332277 0.010121 0.007921
5 0.445315 0.034059 0.003918 0.004752
5 0.447437 0.036436 0.003591 0.003960
5 0.451028 0.040198 0.004897 0.005941
5 0.454620 0.037426 0.006203 0.005941
5 0.455762 0.035446 0.005877 0.005149
5 0.459517 0.032871 0.004244 0.004752
5 0.461149 0.031485 0.004244 0.004356
5 0.461639 0.024356 0.004571 0.004356
5 0.463108 0.022970 0.004244 0.003960
5 0.468005 0.018020 0.004244 0.004356
5 0.469638 0.016040 0.004244 0.004356
5 0.472902 0.012871 0.004244 0.004356
5 0.476983 0.006139 0.004571 0.004356
5 0.468985 0.012079 0.004897 0.004356
5 0.462945 0.016634 0.004571 0.004752
5 0.461476 0.018020 0.004244 0.004356
5 0.449722 0.029901 0.004244 0.005149
5 0.451192 0.027723 0.004571 0.003960
5 0.456252 0.022970 0.004244 0.003960
5 0.459354 0.026535 0.003918 0.003960
5 0.457558 0.028119 0.004244 0.004752
5 0.449886 0.035644 0.003918 0.003960
5 0.451681 0.034455 0.003591 0.003960
5 0.452987 0.032871 0.003591 0.003960
5 0.454456 0.031089 0.003918 0.003564
5 0.456089 0.029703 0.003918 0.003960
5 0.444662 0.009505 0.004571 0.003960
5 0.443030 0.007921 0.003265 0.003168
5 0.449722 0.007921 0.004244 0.004752
5 0.447927 0.006337 0.003918 0.003960
5 0.440581 0.005941 0.004897 0.003960
48 0.646752 0.081584 0.031342 0.026931
5 0.679073 0.261980 0.003265 0.002772
5 0.686582 0.270891 0.003265 0.002376
48 0.574600 0.268317 0.068560 0.080396
48 0.596964 0.279406 0.066928 0.083564
5 0.451518 0.005149 0.003265 0.002376
9 0.847862 0.463168 0.015018 0.011485
9 0.848025 0.459010 0.008162 0.006337
9 0.868919 0.447723 0.005550 0.008317
9 0.872347 0.450099 0.007183 0.008317
9 0.874143 0.441782 0.005550 0.006733
13 0.849004 0.471683 0.010121 0.009505
9 0.845250 0.509901 0.006530 0.006733
9 0.856840 0.510495 0.012733 0.010297
9 0.858146 0.506337 0.014039 0.012277
9 0.861410 0.503960 0.012733 0.009109
9 0.406138 0.190891 0.009141 0.006337
9 0.376918 0.166535 0.006856 0.008317
9 0.374796 0.161386 0.009141 0.013069
9 0.352432 0.148713 0.006856 0.006733
13 0.360921 0.151485 0.010121 0.010693
13 0.364022 0.154059 0.009794 0.012673
13 0.366308 0.156238 0.009794 0.013861
13 0.374469 0.129109 0.011753 0.009505
9 0.376592 0.126733 0.014039 0.012673
13 0.378224 0.123564 0.012080 0.009505
13 0.381325 0.121584 0.010447 0.011089
9 0.383774 0.119010 0.011427 0.012277
9 0.384917 0.115446 0.018936 0.015446
9 0.391446 0.109703 0.010447 0.011089
9 0.392262 0.101386 0.011427 0.007921
13 0.390467 0.103762 0.008488 0.007921
9 0.398955 0.109703 0.009794 0.007921
5 0.460496 0.102772 0.003591 0.003564
48 0.683317 0.161584 0.026771 0.033267
5 0.697029 0.035050 0.002612 0.004356
5 0.699804 0.034653 0.002285 0.002772
5 0.673033 0.010891 0.004244 0.003564
55 0.751877 0.062574 0.015018 0.014257
55 0.739634 0.075842 0.012080 0.011485
55 0.734084 0.045545 0.019915 0.024554
55 0.720699 0.033465 0.014691 0.016238
48 0.700620 0.015446 0.056154 0.026139
48 0.770813 0.030297 0.014365 0.013861
48 0.761508 0.019406 0.014039 0.016634
5 0.855371 0.035248 0.003265 0.003168
5 0.880836 0.045545 0.003918 0.005545
9 0.885570 0.030495 0.004244 0.003168
9 0.884754 0.033663 0.005224 0.005545
5 0.908423 0.019604 0.004244 0.003564
5 0.912178 0.021782 0.003918 0.003168
5 0.973882 0.026139 0.003918 0.003168
48 0.733758 0.139010 0.068234 0.076040
48 0.666503 0.331683 0.091740 0.094653
19 0.969964 0.357030 0.013059 0.005941
19 0.959190 0.353861 0.011753 0.005941
19 0.949070 0.351089 0.011100 0.005149
19 0.939928 0.346139 0.011100 0.005545
19 0.929644 0.342376 0.010774 0.005941
19 0.919523 0.335842 0.012080 0.006337
19 0.910382 0.329901 0.010774 0.006337
19 0.947764 0.340396 0.009794 0.006733
19 0.938133 0.333861 0.008815 0.007921
19 0.929807 0.327723 0.012406 0.006733
19 0.920340 0.320594 0.012406 0.005941
19 0.911851 0.314059 0.010447 0.005545
19 0.884264 0.310891 0.010774 0.006337
19 0.891120 0.316238 0.012733 0.006733
19 0.900098 0.323564 0.015018 0.008713
19 0.979269 0.345941 0.011427 0.005149
19 0.956415 0.340198 0.010774 0.005545
19 0.970617 0.341584 0.011100 0.005149
19 0.961965 0.334455 0.010774 0.005149
19 0.943030 0.325545 0.011427 0.005545
19 0.922951 0.311287 0.011753 0.004752
19 0.915116 0.305743 0.012406 0.006337
19 0.920503 0.315842 0.013386 0.005941
19 0.911851 0.308713 0.012406 0.005941
19 0.953640 0.329109 0.011100 0.007921
19 0.944662 0.322376 0.012733 0.006337
19 0.935031 0.315248 0.011753 0.005545
19 0.925890 0.308713 0.011753 0.006733
19 0.916748 0.301584 0.011100 0.005941
19 0.988247 0.338614 0.011100 0.006337
19 0.977310 0.332475 0.010774 0.006733
19 0.959680 0.324554 0.010774 0.005941
19 0.949886 0.318416 0.009468 0.005545
19 0.970291 0.322376 0.011753 0.007129
19 0.960333 0.316238 0.010774 0.007525
19 0.948090 0.312475 0.013059 0.007129
19 0.938459 0.304951 0.010774 0.005545
19 0.929481 0.298416 0.011753 0.005941
19 0.943356 0.303564 0.010121 0.008317
19 0.934868 0.296238 0.013386 0.006337
19 0.982207 0.325545 0.009468 0.005545
19 0.973555 0.319802 0.007835 0.009901
19 0.964904 0.312673 0.010121 0.009901
19 0.956252 0.306139 0.009794 0.007129
19 0.948417 0.299010 0.009794 0.007129
48 0.825824 0.326931 0.103493 0.074851
23 0.487431 0.290297 0.031995 0.059406
48 0.472413 0.238416 0.021548 0.017426
19 0.951845 0.332277 0.009468 0.009505
19 0.935358 0.315446 0.009794 0.009109
19 0.939275 0.328713 0.009141 0.009505
19 0.937153 0.309703 0.010121 0.008713
19 0.928012 0.303366 0.010121 0.008713
19 0.952661 0.309109 0.009794 0.008317
11 0.373164 0.134257 0.017630 0.015050
5 0.445152 0.005347 0.002285 0.001980
28 0.096801 0.518020 0.029056 0.061782
48 0.752693 0.368911 0.014691 0.017822
48 0.420666 0.144554 0.062357 0.076832
48 0.627816 0.068119 0.030036 0.021386
48 0.889161 0.018614 0.026445 0.020594
48 0.934705 0.552871 0.011753 0.013465
13 0.371205 0.156040 0.013712 0.019010
48 0.876102 0.026535 0.019262 0.020594
48 0.874306 0.495644 0.008488 0.007525
9 0.858309 0.467723 0.015671 0.014257
5 0.453151 0.026337 0.004571 0.005149
48 0.646915 0.067327 0.008815 0.008713
6 0.771466 0.389703 0.013059 0.009505
5 0.472576 0.015248 0.004244 0.003564
48 0.723474 0.072277 0.005877 0.005149
48 0.865818 0.433465 0.015018 0.017030
5 0.462455 0.029703 0.005550 0.006337
48 0.398955 0.152871 0.024812 0.020594
48 0.663239 0.069901 0.025792 0.028119
48 0.939602 0.020792 0.025465 0.033663
48 0.664055 0.036436 0.063337 0.053069
48 0.860105 0.427921 0.013386 0.010693
48 0.892426 0.525149 0.050604 0.051485
5 0.474208 0.132475 0.005550 0.005941
48 0.557786 0.217822 0.034933 0.026931
48 0.623898 0.318614 0.027424 0.027327
48 0.471270 0.067327 0.043421 0.045941
5 0.613614 0.233465 0.004897 0.003564
5 0.464577 0.014653 0.004571 0.004752
48 0.689030 0.108713 0.072804 0.070099
6 0.806889 0.401386 0.013386 0.007525
48 0.546849 0.261188 0.010447 0.009901
48 0.774404 0.369505 0.022200 0.022178
48 0.762488 0.359802 0.019262 0.022574
9 0.386059 0.111881 0.020568 0.017822
48 0.612471 0.056634 0.021548 0.026139
48 0.766242 0.100990 0.038524 0.037228
48 0.621939 0.094455 0.013059 0.012277
48 0.856676 0.421782 0.009141 0.009505
48 0.665687 0.188317 0.037871 0.040792
13 0.358635 0.146931 0.012733 0.017426
48 0.676298 0.221188 0.070193 0.062178
48 0.707803 0.180792 0.039830 0.042376
5 0.448580 0.031089 0.004571 0.005149
48 0.802481 0.382970 0.013712 0.013465
48 0.870715 0.486139 0.005877 0.005941
5 0.656709 0.249109 0.004897 0.003960
5 0.459843 0.019406 0.004897 0.004752
28 0.917728 0.595842 0.042442 0.031287
48 0.672706 0.057426 0.015344 0.014257
48 0.604962 0.312871 0.039177 0.042772
48 0.917728 0.036238 0.015018 0.013861
48 0.612471 0.335842 0.022853 0.021386
48 0.620633 0.289901 0.022200 0.024554
48 0.714496 0.072277 0.008162 0.007525
48 0.879367 0.491089 0.008162 0.006337
48 0.550441 0.108713 0.116226 0.126337
48 0.783872 0.374653 0.017630 0.019802
5 0.475351 0.008119 0.004571 0.005149
48 0.543095 0.265347 0.008815 0.007921
48 0.636468 0.055050 0.013386 0.014257
48 0.734737 0.393069 0.049298 0.059802
51 0.498368 0.035842 0.055828 0.063762
13 0.838720 0.463564 0.011753 0.012277
48 0.872347 0.040198 0.018936 0.016238
48 0.637447 0.103762 0.019262 0.015050
48 0.794646 0.378812 0.013059 0.013069
48 0.659484 0.133267 0.050930 0.048713
6 0.750245 0.420396 0.013712 0.009109
5 0.452987 0.039208 0.004897 0.005545
5 0.445968 0.011485 0.005224 0.004752
48 0.904995 0.031881 0.016324 0.012277
48 0.752693 0.083366 0.024486 0.020198
48 0.918544 0.016832 0.019915 0.016238
48 0.619164 0.178812 0.064969 0.066139
48 0.747959 0.011089 0.015018 0.014257
48 0.644140 0.288317 0.044401 0.047525
5 0.466699 0.020000 0.004897 0.004356
48 0.545544 0.231683 0.010447 0.010297
6 0.762161 0.402574 0.014039 0.011485
5 0.469801 0.008911 0.004571 0.005149
5 0.436174 0.008119 0.005224 0.005149
48 0.644140 0.099208 0.011100 0.009901
48 0.632876 0.271485 0.028404 0.028119
26 0.634998 0.380198 0.049625 0.023762
48 0.553869 0.241584 0.029056 0.026931
48 0.912178 0.009109 0.008488 0.009505
48 0.639732 0.152475 0.057134 0.045941
5 0.457721 0.034851 0.005224 0.005545
48 0.870062 0.501386 0.005877 0.009505
