8 0.596046 0.551995 0.007828 0.005027
5 0.574067 0.635250 0.002810 0.005655
5 0.576475 0.635564 0.002810 0.005027
5 0.555098 0.639805 0.005018 0.002828
5 0.566941 0.628338 0.003011 0.005655
5 0.566138 0.623154 0.003412 0.004713
5 0.572160 0.637920 0.002609 0.005341
5 0.588117 0.638077 0.002810 0.003770
5 0.585909 0.637135 0.002409 0.005027
5 0.582898 0.637135 0.002810 0.006283
5 0.580791 0.636506 0.003011 0.005655
5 0.589422 0.597864 0.004215 0.002513
5 0.591228 0.645931 0.001807 0.004398
5 0.588719 0.646246 0.002409 0.005027
5 0.586210 0.646560 0.001807 0.005027
5 0.584002 0.647031 0.002609 0.004713
5 0.581493 0.647817 0.002409 0.004398
5 0.579085 0.648445 0.002409 0.004398
5 0.576576 0.648916 0.003011 0.005341
5 0.574368 0.649230 0.003011 0.004713
5 0.569952 0.641219 0.003011 0.005655
5 0.575171 0.653000 0.003011 0.004713
5 0.577780 0.653314 0.002609 0.004084
5 0.579787 0.652843 0.003011 0.004398
5 0.582497 0.652058 0.002409 0.004713
5 0.542453 0.653943 0.004617 0.002828
5 0.671317 0.571159 0.003412 0.005655
5 0.554998 0.553880 0.005620 0.003142
5 0.611903 0.539271 0.006222 0.004084
5 0.623143 0.559221 0.005420 0.003770
5 0.644320 0.572573 0.004817 0.003456
5 0.575371 0.541470 0.004617 0.004084
5 0.562625 0.545397 0.005620 0.003142
5 0.734444 0.611059 0.004817 0.003142
5 0.784725 0.645146 0.003814 0.003456
5 0.855179 0.608388 0.004215 0.005341
5 0.851164 0.612315 0.003814 0.004398
5 0.846849 0.616400 0.003613 0.004398
5 0.841228 0.623154 0.004416 0.005341
5 0.091128 0.063305 0.003613 0.004084
5 0.109795 0.034873 0.003613 0.003770
8 0.122039 0.109645 0.004416 0.005027
5 0.186672 0.046968 0.004014 0.005969
5 0.180149 0.043041 0.004617 0.005027
5 0.181353 0.056708 0.003011 0.005341
5 0.178844 0.055137 0.004014 0.005969
5 0.190285 0.054194 0.005219 0.004084
5 0.172421 0.056079 0.005219 0.004713
5 0.169510 0.062520 0.004617 0.004398
5 0.167102 0.067232 0.005420 0.003770
5 0.166098 0.070217 0.005821 0.004084
5 0.164091 0.075086 0.005018 0.003142
5 0.153352 0.100220 0.005219 0.003770
5 0.151144 0.104304 0.005219 0.003770
5 0.165998 0.109174 0.003613 0.005341
5 0.163689 0.113101 0.003814 0.004398
5 0.141309 0.126924 0.005620 0.004398
5 0.139603 0.167923 0.003814 0.004713
5 0.134384 0.145932 0.004215 0.004084
5 0.130470 0.152372 0.005219 0.004398
5 0.126455 0.161483 0.004817 0.003770
5 0.125251 0.164310 0.005620 0.003770
5 0.102870 0.177348 0.004617 0.003456
5 0.102067 0.180490 0.005018 0.004084
5 0.100462 0.187088 0.004617 0.003456
5 0.095243 0.193842 0.004617 0.003142
5 0.091228 0.206095 0.004617 0.003142
5 0.089723 0.208137 0.004817 0.002828
5 0.089322 0.210965 0.004416 0.003456
5 0.104878 0.171222 0.004215 0.003142
4 0.097150 0.190072 0.006022 0.003142
4 0.110498 0.162582 0.006624 0.004713
4 0.108290 0.167295 0.005018 0.004713
8 0.105881 0.169337 0.007025 0.003770
5 0.111802 0.233270 0.004014 0.005969
5 0.080490 0.233742 0.005620 0.003770
5 0.068948 0.262174 0.004617 0.002828
5 0.079285 0.235941 0.005620 0.003142
5 0.088820 0.251492 0.003814 0.005341
5 0.066540 0.269871 0.005018 0.002513
5 0.065034 0.271756 0.003613 0.003142
5 0.060518 0.283695 0.005420 0.003770
5 0.055299 0.294848 0.005018 0.002828
5 0.054496 0.297361 0.005821 0.002828
5 0.054095 0.299246 0.005420 0.002828
5 0.046969 0.313227 0.005219 0.003142
5 0.031815 0.352026 0.005018 0.003456
4 0.046568 0.316054 0.004817 0.003142
5 0.042754 0.321866 0.005620 0.004084
5 0.042453 0.325008 0.005821 0.002828
5 0.041650 0.328464 0.005420 0.003456
5 0.040145 0.333333 0.005219 0.003142
5 0.038840 0.336161 0.005420 0.003770
5 0.131373 0.369934 0.003412 0.004713
5 0.038539 0.339303 0.004416 0.003770
5 0.027198 0.360666 0.004617 0.003770
5 0.025391 0.367578 0.005420 0.003770
5 0.023485 0.370091 0.004817 0.003142
5 0.020875 0.374332 0.004014 0.003456
4 0.055801 0.292806 0.006022 0.004398
5 0.017463 0.386428 0.005219 0.003770
5 0.088619 0.472039 0.004215 0.005341
5 0.027499 0.751021 0.005219 0.004084
5 0.031212 0.750550 0.004617 0.003142
5 0.050080 0.745366 0.004617 0.003456
5 0.051485 0.743167 0.005018 0.004084
5 0.047270 0.769400 0.003814 0.003770
5 0.080791 0.773327 0.005018 0.004713
5 0.079285 0.751021 0.004014 0.004713
5 0.076174 0.750079 0.005420 0.004713
5 0.067744 0.755105 0.003412 0.005341
5 0.071859 0.747251 0.004014 0.005341
8 0.064332 0.779139 0.005821 0.004398
5 0.044560 0.747565 0.005620 0.004084
5 0.079285 0.767515 0.004014 0.003770
5 0.080690 0.715049 0.005219 0.003142
5 0.132979 0.788407 0.005018 0.003456
10 0.152047 0.749921 0.008230 0.005027
10 0.206544 0.796576 0.016861 0.012881
5 0.151646 0.788721 0.004215 0.003456
5 0.153653 0.786522 0.004617 0.003456
5 0.157467 0.775212 0.005420 0.004084
5 0.153954 0.783852 0.005219 0.003142
5 0.156463 0.780396 0.004215 0.003770
5 0.157166 0.778982 0.003613 0.003456
5 0.160076 0.772385 0.005018 0.003456
5 0.160980 0.769871 0.004416 0.003456
5 0.161883 0.767358 0.004617 0.003456
5 0.143416 0.751806 0.003814 0.005027
5 0.170313 0.750707 0.004617 0.004084
5 0.171116 0.748194 0.005018 0.003456
5 0.171819 0.745680 0.005219 0.004084
5 0.172722 0.743010 0.005420 0.003142
5 0.175331 0.740811 0.004617 0.003770
5 0.154958 0.743638 0.004416 0.003770
5 0.157266 0.738611 0.005420 0.003770
5 0.159273 0.735784 0.004215 0.004398
5 0.166600 0.730286 0.004817 0.004084
8 0.197912 0.774270 0.004014 0.005969
8 0.201124 0.784323 0.006022 0.007854
8 0.197712 0.782595 0.006022 0.007540
4 0.202429 0.745837 0.006222 0.006283
5 0.136391 0.812127 0.004617 0.004398
5 0.180851 0.809928 0.004416 0.004398
5 0.155259 0.825950 0.005420 0.003770
5 0.160076 0.825008 0.005821 0.004398
8 0.169209 0.822495 0.007226 0.006283
5 0.174528 0.831605 0.004617 0.003142
5 0.184665 0.837732 0.004817 0.003456
8 0.194400 0.701697 0.007025 0.004713
8 0.062224 0.705781 0.007627 0.008483
8 0.127358 0.674835 0.004617 0.008797
8 0.122541 0.672165 0.003412 0.007226
5 0.119731 0.670751 0.002609 0.006283
5 0.116720 0.668709 0.002609 0.005341
5 0.178342 0.696199 0.004617 0.003770
8 0.195203 0.693214 0.007828 0.004713
8 0.199719 0.689287 0.006825 0.004398
8 0.202529 0.685831 0.006825 0.005027
5 0.238057 0.708294 0.003613 0.005969
5 0.240466 0.708922 0.003613 0.005969
5 0.243075 0.710336 0.002810 0.005027
5 0.245484 0.711750 0.003613 0.004713
5 0.247993 0.713478 0.003814 0.006283
5 0.250000 0.714577 0.003011 0.005341
8 0.253613 0.685988 0.007025 0.005341
5 0.314532 0.488690 0.003212 0.005341
5 0.297672 0.500157 0.005219 0.003770
5 0.363007 0.517751 0.004617 0.004398
5 0.358491 0.515708 0.004416 0.003456
5 0.381574 0.520264 0.005219 0.004398
5 0.360498 0.473139 0.004014 0.004398
8 0.585006 0.549796 0.005420 0.003770
5 0.673224 0.584354 0.005219 0.003770
5 0.685769 0.586554 0.005420 0.003770
8 0.370534 0.479265 0.006825 0.004084
8 0.370935 0.476594 0.006423 0.005655
8 0.372943 0.473924 0.006825 0.004713
5 0.429546 0.496544 0.004014 0.005341
5 0.419008 0.492146 0.003412 0.005341
5 0.417001 0.492931 0.003011 0.006283
5 0.421618 0.487276 0.003412 0.005655
5 0.429245 0.491203 0.003011 0.005341
5 0.431253 0.492146 0.002609 0.005341
5 0.433962 0.492931 0.002810 0.005027
5 0.439783 0.477380 0.004416 0.003456
5 0.472300 0.462614 0.003212 0.004713
5 0.448615 0.464656 0.003613 0.006283
5 0.476114 0.480836 0.004817 0.004713
5 0.476014 0.486334 0.003011 0.005027
5 0.484946 0.490732 0.004014 0.005655
5 0.345544 0.503142 0.005821 0.003456
5 0.464271 0.490889 0.004014 0.004713
5 0.446507 0.468897 0.003412 0.004713
5 0.496287 0.514923 0.003412 0.004398
5 0.465175 0.501728 0.005018 0.004398
5 0.473204 0.486491 0.003412 0.005341
5 0.464673 0.508168 0.004817 0.003456
5 0.496186 0.520735 0.003613 0.004713
5 0.474609 0.517908 0.002208 0.004713
5 0.504014 0.532202 0.002409 0.004398
6 0.499699 0.528746 0.003814 0.006912
8 0.446608 0.536444 0.006022 0.005341
5 0.459153 0.532831 0.003412 0.005027
5 0.456744 0.534244 0.003011 0.005341
5 0.454536 0.535658 0.003412 0.004398
5 0.451827 0.537386 0.003212 0.005341
5 0.461361 0.538643 0.003011 0.004084
5 0.458551 0.539428 0.002609 0.005027
5 0.455941 0.540528 0.002609 0.004713
5 0.454235 0.542256 0.003212 0.004398
5 0.447210 0.544298 0.003212 0.004713
5 0.444400 0.544769 0.002810 0.005655
5 0.441188 0.545083 0.003212 0.005027
5 0.442092 0.540842 0.003814 0.003456
5 0.434263 0.540214 0.005018 0.003456
5 0.431353 0.544769 0.002810 0.005027
5 0.428141 0.544926 0.002810 0.005341
5 0.429747 0.540371 0.004817 0.002513
5 0.421116 0.549010 0.005219 0.003456
5 0.415496 0.546654 0.004416 0.003142
5 0.419410 0.552938 0.005018 0.003770
5 0.463569 0.514452 0.004617 0.002828
5 0.506122 0.537386 0.003011 0.004713
5 0.545464 0.575401 0.005821 0.004713
5 0.546166 0.589695 0.005620 0.003770
5 0.545464 0.595507 0.004617 0.003456
5 0.689181 0.595822 0.005420 0.004084
5 0.711160 0.606032 0.004817 0.003770
8 0.724006 0.603519 0.005620 0.004398
5 0.726817 0.613415 0.005219 0.003456
5 0.732638 0.615928 0.005620 0.004713
5 0.534825 0.560006 0.005018 0.002828
5 0.559514 0.608545 0.005018 0.002513
5 0.559113 0.606032 0.004215 0.003142
5 0.558109 0.601005 0.003814 0.002513
5 0.563127 0.617970 0.003412 0.006283
5 0.534023 0.615771 0.003011 0.005027
5 0.582597 0.582626 0.003011 0.005341
5 0.584303 0.588596 0.003613 0.005341
5 0.585407 0.595507 0.002609 0.005969
5 0.593637 0.598178 0.004617 0.004398
5 0.536532 0.628966 0.004817 0.005027
5 0.836712 0.627867 0.003814 0.004713
5 0.831694 0.633522 0.003814 0.005341
5 0.826676 0.639334 0.004215 0.004398
5 0.822361 0.643104 0.004416 0.004398
5 0.816841 0.649859 0.003814 0.004084
5 0.832096 0.644046 0.004215 0.005655
8 0.825271 0.654885 0.003412 0.006598
5 0.791750 0.684260 0.004617 0.005655
5 0.796367 0.696513 0.004617 0.005027
5 0.793757 0.699969 0.003412 0.004398
5 0.787334 0.707194 0.005018 0.003770
5 0.774488 0.688658 0.003412 0.003770
5 0.778402 0.700283 0.004416 0.005655
5 0.771076 0.692586 0.003412 0.004084
5 0.766459 0.698241 0.004215 0.004713
5 0.761943 0.703424 0.004416 0.004398
5 0.757226 0.709237 0.003011 0.004713
5 0.887395 0.612473 0.003613 0.004713
5 0.891108 0.608860 0.003814 0.005027
5 0.881574 0.627710 0.003613 0.004398
5 0.878161 0.630694 0.003212 0.004084
5 0.896327 0.624882 0.005018 0.003142
5 0.892613 0.626453 0.005219 0.004398
5 0.898033 0.629281 0.004014 0.005027
5 0.895725 0.630694 0.003412 0.005341
5 0.889000 0.629595 0.004416 0.004398
5 0.887094 0.631166 0.004215 0.005027
5 0.884986 0.633208 0.003613 0.004713
5 0.882678 0.634464 0.004215 0.004713
5 0.881172 0.636192 0.004014 0.005027
5 0.893717 0.631794 0.003011 0.005027
5 0.891811 0.633365 0.003212 0.004398
5 0.890305 0.635093 0.003412 0.004713
5 0.887896 0.636978 0.004617 0.004713
5 0.886190 0.639177 0.003613 0.004713
5 0.883982 0.639962 0.003613 0.004398
5 0.878764 0.644518 0.004817 0.004713
5 0.877358 0.641062 0.004416 0.004713
5 0.875452 0.642476 0.003412 0.005027
5 0.873545 0.643418 0.003613 0.005655
5 0.871136 0.644832 0.003613 0.005341
5 0.869330 0.646246 0.004014 0.005027
5 0.866921 0.647502 0.003212 0.005655
5 0.865114 0.649702 0.003613 0.005027
5 0.867122 0.653157 0.004416 0.004398
5 0.863107 0.650801 0.002810 0.004713
5 0.861301 0.652686 0.004014 0.005341
5 0.858691 0.646246 0.004014 0.004398
5 0.902449 0.632894 0.004416 0.003456
5 0.902549 0.636349 0.004617 0.003456
5 0.901445 0.638549 0.005219 0.004084
5 0.899940 0.640591 0.004215 0.005027
5 0.904958 0.643418 0.004215 0.005027
5 0.902850 0.644832 0.003613 0.004713
5 0.901044 0.646246 0.004014 0.004398
5 0.897832 0.641690 0.004014 0.004084
5 0.895424 0.643889 0.003613 0.003456
5 0.894520 0.646089 0.004215 0.004084
5 0.899639 0.648445 0.004014 0.005027
5 0.897732 0.650173 0.003011 0.004713
5 0.895424 0.651744 0.003613 0.005341
5 0.886391 0.652215 0.002810 0.004398
5 0.883782 0.652843 0.003212 0.005027
5 0.881172 0.652529 0.002810 0.004398
5 0.876154 0.654885 0.002007 0.004713
5 0.878864 0.654414 0.002609 0.005655
5 0.873645 0.655357 0.003011 0.005027
5 0.870434 0.655671 0.002609 0.005027
5 0.852971 0.649073 0.003814 0.003770
5 0.851265 0.650958 0.002810 0.004398
5 0.848856 0.652843 0.002810 0.003142
5 0.846949 0.654414 0.003412 0.003770
5 0.845042 0.656770 0.003613 0.004084
5 0.843938 0.661483 0.003412 0.002199
5 0.843938 0.669808 0.002609 0.005655
5 0.846648 0.669023 0.003613 0.005969
5 0.849358 0.667609 0.004215 0.005027
5 0.851265 0.665253 0.004416 0.004713
5 0.852469 0.662582 0.004014 0.005027
5 0.853974 0.660855 0.004215 0.004713
5 0.855982 0.659127 0.004617 0.004398
5 0.856985 0.657085 0.003814 0.004084
5 0.889502 0.655357 0.002609 0.003770
8 0.910377 0.648288 0.006222 0.003456
5 0.907567 0.652372 0.004617 0.002828
5 0.906564 0.655985 0.005018 0.003142
5 0.905961 0.658970 0.004215 0.003456
5 0.905259 0.661954 0.005219 0.002513
5 0.907567 0.664782 0.004617 0.002513
5 0.890205 0.659441 0.004817 0.004398
5 0.890506 0.662268 0.003814 0.004398
5 0.891710 0.664625 0.004215 0.004713
5 0.898334 0.669337 0.004215 0.004084
5 0.900843 0.671065 0.004014 0.004398
5 0.902850 0.673264 0.003613 0.004398
5 0.925331 0.687559 0.003613 0.004084
5 0.921317 0.684417 0.004014 0.003456
5 0.916499 0.681118 0.004817 0.005027
5 0.908571 0.679390 0.003814 0.004713
5 0.907266 0.676563 0.004014 0.004084
5 0.905058 0.675306 0.003613 0.004713
5 0.938077 0.701068 0.002609 0.004084
5 0.935367 0.699969 0.002810 0.004398
5 0.945102 0.764216 0.005821 0.002828
5 0.983741 0.793277 0.005219 0.003770
8 0.530108 0.927113 0.007627 0.005655
5 0.320755 0.988847 0.005620 0.002199
5 0.339924 0.986491 0.005018 0.002513
5 0.340124 0.984292 0.005018 0.002513
5 0.321457 0.986334 0.004617 0.002199
5 0.322461 0.983820 0.003814 0.002828
5 0.319550 0.991203 0.004817 0.003142
5 0.341128 0.982249 0.004617 0.002828
5 0.560919 0.491517 0.004617 0.002199
5 0.553693 0.488533 0.002208 0.005027
5 0.551485 0.487590 0.001807 0.004398
5 0.542553 0.488690 0.002007 0.003456
8 0.550181 0.499529 0.002409 0.005027
5 0.549378 0.488533 0.002409 0.003770
5 0.584705 0.452718 0.002810 0.005027
5 0.566238 0.459943 0.004817 0.003142
5 0.565335 0.452403 0.003412 0.005655
5 0.570052 0.453032 0.002810 0.006283
5 0.589623 0.452718 0.003011 0.005027
5 0.542352 0.437952 0.004416 0.003142
5 0.545464 0.433396 0.005420 0.003456
5 0.545564 0.430412 0.005219 0.003142
5 0.545263 0.428055 0.006222 0.003456
5 0.538840 0.423343 0.003011 0.004713
5 0.478121 0.437166 0.002810 0.004713
5 0.470996 0.450047 0.003011 0.005341
8 0.478021 0.447534 0.003412 0.007854
5 0.488659 0.376060 0.004215 0.003142
8 0.497391 0.382501 0.006423 0.010368
5 0.420614 0.373076 0.003011 0.004713
8 0.389402 0.404021 0.007627 0.004398
5 0.497391 0.348728 0.005219 0.003770
5 0.540747 0.338360 0.003613 0.003770
5 0.404757 0.334590 0.004617 0.005655
8 0.398836 0.333176 0.004817 0.006598
5 0.494982 0.347942 0.004416 0.004084
5 0.492172 0.346214 0.004817 0.003770
5 0.489663 0.344958 0.004617 0.004398
5 0.486150 0.343387 0.003613 0.004398
5 0.483741 0.342130 0.004014 0.004398
5 0.481333 0.341188 0.003613 0.004398
5 0.476716 0.338674 0.003613 0.005027
5 0.474107 0.337260 0.005219 0.004084
5 0.513950 0.320609 0.005018 0.004084
5 0.514653 0.317154 0.004416 0.003456
5 0.510538 0.324694 0.003412 0.004713
5 0.508029 0.324065 0.003212 0.005341
5 0.505821 0.322495 0.003212 0.005341
5 0.503212 0.321866 0.003212 0.005969
5 0.500703 0.320609 0.003011 0.004713
5 0.536431 0.313227 0.003814 0.005655
5 0.529306 0.313227 0.003613 0.004398
5 0.502007 0.292020 0.004416 0.004713
5 0.532216 0.300974 0.003412 0.005655
5 0.550783 0.304587 0.004817 0.003456
5 0.501305 0.278511 0.004617 0.004713
5 0.499799 0.280239 0.005219 0.005655
5 0.497692 0.281653 0.004215 0.004084
5 0.496487 0.284480 0.004617 0.002828
5 0.495684 0.286051 0.004617 0.003456
5 0.507427 0.282124 0.003613 0.004398
5 0.505319 0.286993 0.003011 0.004713
5 0.571558 0.294691 0.002609 0.005027
5 0.573866 0.288564 0.003613 0.004713
5 0.552188 0.301602 0.004817 0.003770
8 0.557206 0.290921 0.004817 0.003770
5 0.582096 0.268615 0.004416 0.003770
5 0.489763 0.268615 0.004014 0.005027
5 0.505419 0.278825 0.003613 0.005341
5 0.564131 0.285265 0.005018 0.003770
5 0.560116 0.281967 0.004617 0.004084
5 0.561622 0.278982 0.004416 0.003142
5 0.562826 0.274584 0.004416 0.003142
5 0.563529 0.272070 0.004617 0.003142
5 0.565034 0.269557 0.005219 0.003770
5 0.561020 0.263431 0.004014 0.004713
5 0.567142 0.265002 0.004215 0.003456
5 0.571959 0.264530 0.003011 0.004398
5 0.564633 0.255734 0.003613 0.005655
5 0.568045 0.262331 0.004817 0.003770
5 0.569851 0.258718 0.004416 0.004084
5 0.572260 0.254163 0.003212 0.003770
5 0.570855 0.255891 0.004014 0.004713
5 0.566740 0.249607 0.003814 0.004713
5 0.647732 0.272699 0.004416 0.003142
8 0.655761 0.275212 0.006022 0.003770
5 0.660478 0.287465 0.003814 0.003142
5 0.676937 0.301602 0.003011 0.005027
5 0.674328 0.300817 0.003011 0.004713
5 0.711562 0.297675 0.005620 0.004713
5 0.693798 0.316839 0.003814 0.005969
5 0.687475 0.315112 0.003212 0.004398
8 0.719289 0.288721 0.005018 0.007540
5 0.731433 0.301916 0.004817 0.004398
5 0.813729 0.343073 0.004014 0.003770
10 0.762746 0.322023 0.007226 0.011310
10 0.767262 0.310556 0.004215 0.011624
8 0.769972 0.310242 0.002409 0.005969
8 0.763749 0.301759 0.003212 0.007226
39 0.782216 0.269400 0.004817 0.008483
5 0.860197 0.259189 0.004617 0.005655
5 0.738559 0.232642 0.005018 0.003456
5 0.737656 0.235313 0.004817 0.003142
5 0.733942 0.242067 0.005821 0.004084
5 0.785528 0.283538 0.005018 0.002828
5 0.828081 0.221489 0.003412 0.005655
5 0.887294 0.322495 0.005018 0.004713
5 0.820353 0.359252 0.003212 0.005341
5 0.823163 0.369934 0.004416 0.003456
5 0.866419 0.364122 0.004617 0.004398
5 0.818446 0.353126 0.003814 0.004398
5 0.817142 0.350141 0.004817 0.003456
8 0.810719 0.338360 0.004416 0.004398
5 0.802188 0.368677 0.005018 0.002828
5 0.807306 0.367264 0.002007 0.003770
5 0.869631 0.359566 0.003814 0.005341
5 0.802790 0.365379 0.003814 0.003142
5 0.824167 0.384857 0.004817 0.003142
5 0.823264 0.382972 0.003814 0.002513
5 0.824067 0.380616 0.005018 0.003456
5 0.808711 0.366164 0.003212 0.004084
5 0.807607 0.362394 0.002609 0.004084
5 0.832397 0.393497 0.004416 0.004713
5 0.825271 0.392554 0.004617 0.004713
5 0.824669 0.390198 0.005018 0.004398
5 0.841128 0.385957 0.003011 0.005969
5 0.829285 0.394282 0.002609 0.006283
5 0.833200 0.390983 0.003212 0.004084
5 0.833701 0.387999 0.003814 0.004398
5 0.835106 0.386585 0.003814 0.004084
5 0.842232 0.424914 0.004014 0.005341
5 0.840526 0.423657 0.003412 0.004713
5 0.836311 0.420515 0.003412 0.004713
5 0.834705 0.418473 0.004215 0.006283
5 0.832898 0.416588 0.004617 0.004398
5 0.844942 0.441093 0.003412 0.003142
5 0.844741 0.443607 0.003412 0.003142
5 0.843236 0.445335 0.003613 0.003456
5 0.839823 0.456645 0.004014 0.003456
5 0.838117 0.461043 0.004215 0.004084
5 0.836712 0.463399 0.003814 0.003142
5 0.835106 0.465127 0.003814 0.003456
5 0.815034 0.457901 0.003412 0.004713
5 0.829486 0.454760 0.003011 0.005341
5 0.827178 0.453974 0.002810 0.005027
5 0.825572 0.452560 0.002810 0.004084
5 0.823264 0.451932 0.003011 0.004713
5 0.821156 0.451304 0.002810 0.005341
5 0.818848 0.450047 0.003011 0.005341
5 0.816941 0.449576 0.002810 0.005027
5 0.831393 0.450675 0.003212 0.004713
5 0.829486 0.449419 0.002609 0.004713
5 0.827178 0.448476 0.003613 0.004713
5 0.825472 0.447220 0.003011 0.004713
5 0.823464 0.446277 0.003011 0.004713
5 0.821457 0.445492 0.003412 0.005027
5 0.819249 0.444392 0.003412 0.005969
5 0.837415 0.439522 0.002810 0.005027
5 0.836110 0.436852 0.002609 0.004084
5 0.834504 0.440622 0.003011 0.004084
5 0.832196 0.439837 0.003212 0.005655
5 0.828784 0.436852 0.003212 0.005341
5 0.826676 0.435595 0.003412 0.005341
5 0.824067 0.434339 0.004215 0.005341
5 0.823866 0.429469 0.003412 0.005027
5 0.827278 0.426170 0.004617 0.003456
5 0.834605 0.434810 0.002810 0.005027
5 0.842132 0.447377 0.003814 0.003142
5 0.832397 0.433867 0.002810 0.005027
5 0.830389 0.432768 0.002810 0.005341
5 0.828282 0.431040 0.002609 0.005027
5 0.826074 0.430097 0.003814 0.005655
5 0.833200 0.429783 0.004817 0.003770
5 0.842834 0.450361 0.003613 0.002828
5 0.875652 0.369306 0.004617 0.004084
5 0.810518 0.362237 0.003613 0.004398
5 0.883982 0.344172 0.004817 0.005341
5 0.884886 0.341030 0.004617 0.004084
5 0.927539 0.343387 0.003613 0.004398
5 0.920815 0.350927 0.004617 0.004398
5 0.920413 0.331605 0.005018 0.005969
5 0.923123 0.329092 0.005219 0.004713
5 0.952529 0.330349 0.004215 0.004084
5 0.926536 0.325008 0.004817 0.004713
5 0.929045 0.321552 0.005018 0.005341
5 0.962164 0.404021 0.004617 0.005027
5 0.958551 0.404807 0.004617 0.004713
5 0.974307 0.475181 0.004416 0.004084
5 0.967081 0.485234 0.005620 0.005341
5 0.913589 0.504713 0.006222 0.004084
5 0.937375 0.514295 0.006022 0.003770
5 0.975913 0.486177 0.004817 0.005341
5 0.968386 0.495287 0.004617 0.005341
8 0.929546 0.518065 0.005620 0.003770
5 0.913489 0.525762 0.003613 0.003456
5 0.907567 0.528432 0.004215 0.003142
5 0.897029 0.532831 0.007226 0.003770
5 0.937575 0.543041 0.004416 0.005341
5 0.973204 0.568803 0.005420 0.004084
5 0.860297 0.642004 0.004817 0.004084
5 0.672019 0.563305 0.003613 0.005655
5 0.795664 0.467641 0.004014 0.005969
5 0.785528 0.462771 0.003412 0.005655
5 0.974910 0.215991 0.004014 0.005341
5 0.970293 0.210965 0.003613 0.004713
5 0.965676 0.207823 0.003212 0.005341
5 0.962565 0.208294 0.003814 0.005655
5 0.965175 0.243324 0.005018 0.003456
5 0.957949 0.254477 0.004215 0.004398
5 0.974307 0.271285 0.004416 0.004713
5 0.957848 0.204210 0.004817 0.005655
5 0.968185 0.181747 0.003011 0.005341
5 0.957045 0.154885 0.004817 0.004398
5 0.948515 0.180176 0.003412 0.003456
5 0.941188 0.175306 0.004014 0.005027
5 0.939884 0.197769 0.004617 0.004084
5 0.938579 0.200440 0.004416 0.003770
5 0.936973 0.203110 0.004817 0.002828
5 0.925532 0.189287 0.005219 0.004713
5 0.935267 0.205781 0.005018 0.002513
5 0.934765 0.208137 0.004817 0.004084
5 0.933360 0.210807 0.004817 0.004398
5 0.919811 0.202168 0.004617 0.003456
5 0.907567 0.198869 0.004215 0.005027
5 0.919711 0.158812 0.004014 0.005341
5 0.898033 0.149387 0.002810 0.005341
5 0.895725 0.147817 0.003412 0.005341
5 0.894821 0.152843 0.002810 0.004713
5 0.919912 0.175149 0.004817 0.004084
5 0.917001 0.173421 0.004617 0.004398
7 0.935066 0.167609 0.007427 0.004084
5 0.893617 0.146717 0.002810 0.005655
5 0.885287 0.148916 0.003814 0.005027
5 0.892413 0.151901 0.004014 0.005969
5 0.890807 0.145460 0.002810 0.005655
5 0.887896 0.144047 0.003814 0.005341
5 0.885789 0.142790 0.002810 0.004713
5 0.880771 0.146403 0.002810 0.005655
5 0.869731 0.142633 0.004416 0.005027
5 0.862906 0.132422 0.003613 0.005341
5 0.929045 0.184103 0.004617 0.004398
5 0.878462 0.145617 0.003412 0.004713
5 0.860899 0.131637 0.003613 0.005655
5 0.858089 0.130223 0.003613 0.005341
5 0.848756 0.163211 0.004215 0.004713
5 0.813529 0.117970 0.003212 0.005969
5 0.840225 0.170751 0.002810 0.004713
5 0.846447 0.171850 0.003613 0.005027
5 0.843938 0.182375 0.005018 0.004084
5 0.848153 0.173735 0.003011 0.006283
5 0.850361 0.175778 0.003011 0.006598
5 0.978322 0.275997 0.004817 0.003456
5 0.840626 0.189287 0.004014 0.004084
5 0.837515 0.177663 0.003814 0.002199
5 0.832597 0.190858 0.004416 0.005341
5 0.795062 0.213007 0.004416 0.003142
5 0.737053 0.185203 0.003613 0.005969
5 0.728523 0.205938 0.005420 0.003456
5 0.723806 0.196199 0.004014 0.004084
5 0.740265 0.152215 0.004817 0.002828
5 0.734845 0.140119 0.005219 0.004398
5 0.767664 0.117813 0.004617 0.003770
5 0.734645 0.153314 0.002810 0.005027
5 0.765155 0.151587 0.004416 0.003456
5 0.738559 0.154571 0.004215 0.002513
5 0.737957 0.156613 0.005018 0.003456
5 0.707648 0.142790 0.005018 0.003456
5 0.710157 0.137292 0.004817 0.003770
8 0.712063 0.133993 0.005420 0.004713
5 0.765556 0.121112 0.004416 0.004084
5 0.728924 0.114515 0.003814 0.004713
5 0.788037 0.120170 0.004416 0.003456
5 0.792453 0.122369 0.004817 0.002828
5 0.798976 0.125353 0.005420 0.003142
5 0.805600 0.128495 0.005018 0.003142
5 0.810719 0.131008 0.005219 0.003142
5 0.829185 0.139491 0.004817 0.003770
5 0.833802 0.141533 0.004817 0.003456
5 0.839020 0.143889 0.004817 0.003142
5 0.844239 0.123311 0.004014 0.005969
5 0.865014 0.106660 0.003011 0.004713
5 0.857989 0.103833 0.003412 0.005341
5 0.855982 0.103047 0.003412 0.004398
5 0.849157 0.100691 0.004215 0.004084
5 0.838820 0.094879 0.002810 0.005027
5 0.836913 0.093937 0.003011 0.004398
5 0.833802 0.092837 0.004416 0.004713
5 0.829888 0.091580 0.004215 0.004084
5 0.823665 0.087810 0.003011 0.004713
5 0.797371 0.074929 0.003412 0.004713
5 0.771879 0.073673 0.002609 0.004084
5 0.770875 0.054980 0.004215 0.003770
5 0.768466 0.061891 0.003412 0.003770
5 0.762244 0.058750 0.003412 0.004398
5 0.751505 0.054508 0.003613 0.004084
5 0.742674 0.072416 0.005620 0.003456
5 0.790747 0.072573 0.004215 0.004398
5 0.788539 0.071002 0.003412 0.005027
5 0.729526 0.032516 0.005821 0.002828
5 0.722702 0.040685 0.003814 0.003456
5 0.716580 0.032516 0.004817 0.003456
5 0.711762 0.035344 0.003613 0.004713
5 0.698615 0.029061 0.003814 0.004713
5 0.694199 0.027804 0.003011 0.004713
5 0.714171 0.036601 0.002810 0.004084
5 0.689382 0.025448 0.003011 0.004398
5 0.701124 0.014766 0.003613 0.003770
5 0.695504 0.015708 0.002409 0.003142
5 0.693497 0.014138 0.003212 0.003770
5 0.688880 0.011938 0.003613 0.005027
5 0.690887 0.013352 0.002409 0.004084
5 0.688378 0.018379 0.003412 0.005341
5 0.686572 0.017279 0.003011 0.005027
5 0.694701 0.021363 0.002810 0.005027
5 0.701425 0.011938 0.003011 0.003770
5 0.692794 0.020421 0.002208 0.003770
5 0.657668 0.017593 0.003011 0.004398
5 0.656564 0.020578 0.003212 0.004713
5 0.643918 0.022620 0.004014 0.002513
8 0.654757 0.021992 0.005219 0.005027
5 0.662485 0.024976 0.003011 0.004713
5 0.653352 0.025134 0.003212 0.003770
5 0.652549 0.028746 0.002810 0.003456
5 0.651646 0.030946 0.003011 0.004713
5 0.689683 0.039428 0.002810 0.003456
5 0.675331 0.061577 0.004617 0.003142
5 0.662184 0.083883 0.002810 0.005027
5 0.659775 0.083412 0.003212 0.004084
5 0.654657 0.081056 0.003412 0.005655
5 0.657266 0.082784 0.003011 0.005969
8 0.646427 0.059849 0.003412 0.005341
10 0.648033 0.090167 0.010638 0.005655
10 0.677338 0.095036 0.005018 0.008483
5 0.598354 0.073987 0.005219 0.004084
5 0.654958 0.095036 0.005219 0.003456
6 0.708852 0.105875 0.007025 0.014452
6 0.700020 0.105090 0.005018 0.007854
6 0.732336 0.118128 0.004617 0.008168
6 0.741269 0.121740 0.006825 0.009111
6 0.743175 0.148288 0.011843 0.007540
5 0.716178 0.107289 0.004416 0.005341
8 0.744380 0.161326 0.006222 0.004713
5 0.731032 0.156456 0.002810 0.004398
8 0.737254 0.159598 0.006825 0.005027
9 0.723204 0.146403 0.006022 0.011938
5 0.758631 0.135878 0.005018 0.004084
5 0.693196 0.117342 0.004215 0.002828
5 0.697310 0.120798 0.005219 0.003456
5 0.691690 0.119227 0.004817 0.003456
5 0.676134 0.112630 0.004215 0.004084
5 0.695604 0.122840 0.005018 0.003770
5 0.690988 0.120955 0.005018 0.003770
5 0.689583 0.123468 0.005420 0.003770
5 0.688579 0.125353 0.004215 0.003142
5 0.687876 0.127396 0.005219 0.004084
5 0.692493 0.126924 0.004817 0.003770
5 0.693697 0.125196 0.005219 0.003456
5 0.692092 0.129595 0.004817 0.002828
5 0.686973 0.129752 0.003814 0.003142
5 0.685267 0.131637 0.004416 0.003142
5 0.689984 0.133836 0.004617 0.003142
5 0.689081 0.136192 0.004416 0.002828
5 0.691289 0.131794 0.004416 0.002828
5 0.684665 0.134621 0.004416 0.002828
5 0.683460 0.139962 0.004817 0.002828
5 0.689683 0.139334 0.004817 0.002828
5 0.674227 0.141219 0.003212 0.004713
5 0.671618 0.140905 0.003613 0.005341
5 0.676034 0.142476 0.002409 0.004084
5 0.675432 0.130694 0.004014 0.002513
5 0.671116 0.128809 0.004215 0.003142
5 0.677941 0.125982 0.005018 0.003142
5 0.675833 0.129123 0.004416 0.001885
5 0.675733 0.127396 0.004617 0.002199
5 0.673224 0.125039 0.004817 0.001885
5 0.678643 0.120641 0.004416 0.002513
5 0.678041 0.122997 0.004817 0.002199
5 0.677840 0.117656 0.004416 0.002828
5 0.678242 0.115300 0.004416 0.002513
5 0.673625 0.119384 0.004416 0.003142
5 0.684966 0.146246 0.005420 0.002828
5 0.684966 0.143261 0.004617 0.002513
5 0.672722 0.116557 0.004617 0.003770
5 0.670915 0.114515 0.005018 0.004084
5 0.670413 0.112001 0.004014 0.004084
9 0.694601 0.101005 0.004617 0.007854
9 0.691790 0.099749 0.004215 0.007854
9 0.688780 0.099120 0.004215 0.007226
5 0.685367 0.098021 0.003412 0.006283
5 0.673123 0.122055 0.005420 0.003456
5 0.650341 0.105090 0.003212 0.005341
5 0.647230 0.103205 0.003011 0.004713
5 0.644821 0.101634 0.003011 0.004084
5 0.649639 0.098492 0.005018 0.003456
5 0.641509 0.102105 0.003212 0.005655
5 0.634986 0.092994 0.002609 0.003770
5 0.638398 0.097549 0.002609 0.004713
5 0.628663 0.106975 0.003212 0.004713
5 0.624348 0.103047 0.003412 0.004398
5 0.619831 0.104304 0.003212 0.005027
5 0.616921 0.117813 0.003814 0.005027
5 0.619530 0.125825 0.003412 0.004713
5 0.614613 0.138077 0.004014 0.005969
5 0.606784 0.139962 0.004014 0.004713
5 0.622340 0.139648 0.004215 0.004084
5 0.618125 0.151272 0.003412 0.005341
5 0.602770 0.161483 0.004817 0.006283
5 0.670213 0.131323 0.004014 0.003770
5 0.678643 0.143575 0.003613 0.005027
5 0.583400 0.182532 0.004215 0.002513
5 0.582296 0.184731 0.004817 0.003142
5 0.581393 0.186773 0.005018 0.003456
5 0.580189 0.189130 0.003814 0.003770
5 0.578784 0.192900 0.005018 0.003142
5 0.577579 0.195256 0.004617 0.004084
5 0.576576 0.197926 0.004617 0.003142
5 0.574669 0.200440 0.004014 0.003142
5 0.573464 0.202639 0.004014 0.003142
5 0.587114 0.203739 0.003613 0.004713
5 0.589823 0.197926 0.003412 0.005655
5 0.584002 0.212850 0.003412 0.005341
5 0.613910 0.215520 0.003412 0.006283
5 0.611401 0.214420 0.002810 0.005969
5 0.616419 0.216620 0.003212 0.005969
5 0.572361 0.204995 0.005018 0.004084
5 0.571056 0.208765 0.004416 0.002828
5 0.572862 0.213792 0.003613 0.005341
5 0.579486 0.222432 0.003613 0.005027
5 0.568246 0.213635 0.004014 0.003142
5 0.569249 0.210965 0.004014 0.003456
5 0.569952 0.230914 0.005018 0.005655
5 0.565737 0.243638 0.004215 0.005969
5 0.573565 0.251806 0.003412 0.004084
5 0.540446 0.232956 0.004617 0.003456
5 0.535327 0.230286 0.004416 0.003770
5 0.524990 0.225573 0.004617 0.003770
5 0.520474 0.223531 0.004416 0.002828
5 0.487555 0.207980 0.004817 0.003770
5 0.494580 0.211593 0.005219 0.003456
5 0.505620 0.216934 0.004817 0.003456
5 0.515456 0.221803 0.004817 0.003770
5 0.481734 0.205781 0.004416 0.003142
5 0.469390 0.199497 0.005420 0.003770
8 0.588418 0.022934 0.007025 0.003770
8 0.588619 0.026547 0.006624 0.004084
5 0.579787 0.022934 0.005018 0.004398
5 0.576375 0.039742 0.003011 0.005341
5 0.560819 0.031888 0.005219 0.003456
5 0.581293 0.063933 0.004817 0.004084
5 0.533621 0.043198 0.003814 0.005969
5 0.553693 0.046654 0.005018 0.004084
5 0.530711 0.042099 0.003212 0.005027
5 0.512043 0.039585 0.005219 0.003770
5 0.537334 0.066447 0.005620 0.004084
8 0.503412 0.060478 0.004416 0.008483
5 0.510839 0.056865 0.004817 0.003770
5 0.498394 0.027490 0.004014 0.005341
5 0.493376 0.024976 0.003613 0.005341
5 0.454336 0.055765 0.004215 0.004713
5 0.450723 0.060163 0.004215 0.004084
5 0.446909 0.051838 0.005018 0.003770
5 0.430951 0.043041 0.003212 0.005027
5 0.417302 0.036444 0.005620 0.003770
5 0.404456 0.037857 0.004817 0.003456
5 0.239261 0.116557 0.003212 0.005027
5 0.234143 0.128338 0.003412 0.005341
5 0.242573 0.124568 0.003011 0.005341
5 0.237756 0.134621 0.003412 0.004713
5 0.297170 0.112158 0.005018 0.003770
5 0.297170 0.106346 0.003814 0.004713
5 0.320554 0.125353 0.005620 0.003770
5 0.336913 0.126453 0.003814 0.004713
5 0.366519 0.125353 0.005219 0.003770
5 0.367222 0.122683 0.005018 0.003456
5 0.369530 0.117970 0.004817 0.004084
5 0.370534 0.115300 0.004817 0.003770
5 0.390104 0.140434 0.005018 0.002513
5 0.389703 0.142161 0.004215 0.002199
5 0.389301 0.144832 0.004617 0.003142
5 0.420514 0.131323 0.003613 0.005655
5 0.415395 0.128338 0.003814 0.005341
5 0.422220 0.114043 0.002609 0.005655
5 0.419611 0.112944 0.003412 0.005969
5 0.426335 0.103047 0.002810 0.005027
5 0.424227 0.102105 0.003011 0.005027
5 0.422421 0.099277 0.003412 0.005655
5 0.383380 0.092994 0.003613 0.005027
5 0.466078 0.105404 0.004416 0.003456
5 0.472100 0.100377 0.004416 0.004084
8 0.478623 0.102262 0.004617 0.006598
5 0.474910 0.097392 0.003212 0.004398
5 0.467784 0.096136 0.005420 0.003770
5 0.467784 0.098806 0.004617 0.004084
5 0.474107 0.127553 0.005219 0.003142
5 0.476616 0.142161 0.003412 0.004713
8 0.495283 0.101005 0.006222 0.004084
5 0.509133 0.085611 0.006222 0.004713
5 0.554496 0.078228 0.004617 0.004398
8 0.558511 0.077600 0.003412 0.005027
5 0.606584 0.087653 0.004416 0.002513
5 0.595343 0.098963 0.004014 0.004398
5 0.582096 0.086868 0.004014 0.002828
5 0.603171 0.103519 0.004817 0.003456
5 0.592734 0.081056 0.004817 0.003770
5 0.590626 0.096293 0.002609 0.005341
5 0.600963 0.095507 0.004817 0.003770
5 0.584906 0.093151 0.002409 0.003456
5 0.603573 0.123626 0.002409 0.004713
5 0.581092 0.134936 0.003613 0.004713
5 0.551786 0.178291 0.004416 0.004084
5 0.544360 0.185831 0.005620 0.004084
5 0.524689 0.179862 0.004014 0.005341
8 0.541048 0.172636 0.005018 0.009739
5 0.537535 0.173578 0.003212 0.005341
5 0.513649 0.174050 0.002810 0.004398
5 0.511441 0.173735 0.002007 0.004398
5 0.502108 0.170280 0.003412 0.005027
5 0.488358 0.159598 0.004817 0.004398
5 0.455640 0.165567 0.002409 0.004398
5 0.451024 0.163211 0.004817 0.002828
5 0.494580 0.153000 0.004014 0.005655
5 0.462766 0.154414 0.003011 0.004084
8 0.465877 0.151587 0.002409 0.004084
5 0.475512 0.152058 0.005620 0.003770
5 0.500803 0.138706 0.003613 0.005341
5 0.503011 0.140119 0.003212 0.005027
5 0.505018 0.141533 0.004014 0.005969
5 0.507627 0.142161 0.003212 0.005969
5 0.500803 0.151115 0.003212 0.005027
5 0.503212 0.152686 0.003212 0.004398
5 0.501405 0.156613 0.002810 0.005341
5 0.503412 0.158341 0.003212 0.005027
5 0.505319 0.158970 0.003412 0.005027
5 0.507527 0.159912 0.003011 0.004398
5 0.505118 0.153629 0.003011 0.005027
5 0.506925 0.154728 0.003412 0.005341
5 0.509334 0.155042 0.003011 0.004084
5 0.511943 0.156456 0.003412 0.006283
5 0.514251 0.157085 0.003613 0.005027
5 0.514352 0.163211 0.003412 0.004713
5 0.509835 0.161326 0.004014 0.005341
5 0.499197 0.155042 0.003613 0.005969
5 0.518165 0.159441 0.003412 0.004713
5 0.518567 0.164939 0.003412 0.005027
5 0.520674 0.160383 0.002810 0.003456
5 0.522381 0.160540 0.003814 0.005027
5 0.520775 0.165410 0.003011 0.005969
5 0.523083 0.166510 0.003212 0.005027
5 0.525592 0.167295 0.002609 0.004084
5 0.527499 0.168866 0.004014 0.005969
5 0.530108 0.169808 0.003212 0.004713
5 0.532015 0.170908 0.003412 0.005655
5 0.534926 0.172165 0.004014 0.005027
5 0.531915 0.165410 0.003212 0.005341
5 0.529707 0.163211 0.003613 0.005341
5 0.534023 0.166667 0.003011 0.004713
5 0.536130 0.166352 0.003212 0.005341
5 0.538739 0.168395 0.003613 0.006283
5 0.518567 0.147188 0.003412 0.004713
5 0.527198 0.151115 0.003011 0.005655
5 0.529908 0.152529 0.003212 0.004713
5 0.534223 0.154414 0.003412 0.004713
5 0.536632 0.155042 0.003412 0.005969
5 0.540044 0.157242 0.003814 0.005969
5 0.543055 0.158655 0.003011 0.005027
5 0.545263 0.159598 0.003814 0.006283
5 0.548173 0.160383 0.002810 0.004084
5 0.550482 0.161954 0.003814 0.005969
5 0.336813 0.369463 0.004817 0.005027
5 0.290145 0.400094 0.004617 0.007226
5 0.415496 0.640119 0.004014 0.004713
5 0.407969 0.650801 0.004617 0.005341
5 0.402248 0.667923 0.004014 0.006283
5 0.341228 0.656299 0.003613 0.005655
5 0.393416 0.682218 0.004817 0.005969
5 0.337314 0.655514 0.004617 0.005341
8 0.372140 0.720075 0.003613 0.005655
5 0.360096 0.705781 0.002810 0.004713
5 0.357888 0.704367 0.002810 0.004398
5 0.355480 0.703896 0.002409 0.005341
8 0.380570 0.709708 0.003613 0.005655
5 0.353372 0.702482 0.002609 0.005027
5 0.368727 0.730914 0.003613 0.005341
5 0.369831 0.739868 0.003011 0.006912
5 0.360397 0.760917 0.003412 0.005027
5 0.355179 0.763588 0.004215 0.005341
5 0.348856 0.768615 0.004014 0.005341
5 0.344540 0.783066 0.003412 0.005969
5 0.346046 0.792334 0.003613 0.005027
5 0.321558 0.801916 0.003212 0.005341
5 0.319350 0.801131 0.003613 0.005027
5 0.315134 0.818410 0.003212 0.004398
5 0.302790 0.803801 0.003412 0.006598
8 0.306303 0.806001 0.004014 0.005969
5 0.312224 0.816997 0.003412 0.004713
5 0.310016 0.814012 0.003412 0.006283
5 0.308009 0.810085 0.004215 0.004713
8 0.333200 0.819353 0.004817 0.008168
5 0.330490 0.832391 0.003814 0.005341
5 0.322862 0.840716 0.003814 0.005655
5 0.317041 0.853597 0.003412 0.005027
5 0.318948 0.857524 0.004014 0.004084
5 0.357085 0.821238 0.004817 0.003770
5 0.354777 0.828307 0.005420 0.004084
5 0.368426 0.813069 0.003412 0.006283
5 0.371036 0.838988 0.004215 0.004084
5 0.352469 0.833490 0.005620 0.004398
5 0.351766 0.836789 0.005018 0.003456
5 0.367423 0.844958 0.004617 0.004084
5 0.362304 0.846214 0.004014 0.004084
5 0.359293 0.850927 0.004416 0.005341
5 0.357387 0.855796 0.004617 0.004398
5 0.347451 0.845586 0.004817 0.003456
8 0.348555 0.842601 0.005821 0.003770
5 0.345444 0.848571 0.005219 0.004398
5 0.345243 0.860352 0.003613 0.005341
5 0.337615 0.861609 0.002810 0.005341
5 0.336210 0.864279 0.003212 0.003770
5 0.338820 0.859095 0.003212 0.004713
8 0.379265 0.858153 0.004215 0.005969
5 0.397933 0.883443 0.005821 0.005027
5 0.403653 0.866164 0.005219 0.004398
5 0.275692 0.820767 0.005018 0.004713
5 0.271979 0.825008 0.005219 0.005655
5 0.308711 0.864750 0.003212 0.004084
5 0.311321 0.874332 0.004014 0.006283
5 0.304898 0.882972 0.004416 0.005341
5 0.267162 0.883443 0.005219 0.004398
5 0.258029 0.875432 0.004215 0.004084
5 0.253513 0.876689 0.005219 0.004084
8 0.287635 0.886271 0.006825 0.003142
8 0.306604 0.897424 0.005420 0.004713
5 0.314030 0.906692 0.005420 0.003142
5 0.335407 0.905435 0.004416 0.005027
5 0.337515 0.900723 0.004215 0.004398
5 0.339623 0.896324 0.003613 0.005027
5 0.339322 0.912975 0.004617 0.003770
5 0.355279 0.920672 0.005219 0.004084
8 0.344741 0.915960 0.005420 0.004713
5 0.373043 0.903393 0.005018 0.004084
5 0.408069 0.897267 0.003212 0.005027
8 0.410779 0.897110 0.003412 0.006598
5 0.383681 0.910619 0.004215 0.004084
5 0.383179 0.913604 0.004817 0.003770
6 0.375953 0.926799 0.008029 0.005027
5 0.381574 0.915646 0.004817 0.003456
5 0.379968 0.920515 0.004817 0.003770
5 0.378864 0.922714 0.005821 0.003142
5 0.377459 0.924442 0.005018 0.004084
5 0.400341 0.916588 0.004617 0.004084
5 0.395925 0.925385 0.005018 0.005341
5 0.363308 0.931982 0.005620 0.002828
5 0.362505 0.934182 0.005219 0.003456
5 0.361602 0.936381 0.005018 0.002828
5 0.361000 0.939051 0.004617 0.002513
5 0.359896 0.941093 0.004817 0.002199
8 0.357688 0.935281 0.004014 0.006283
5 0.360899 0.922086 0.004817 0.004398
5 0.366018 0.921929 0.004617 0.002828
5 0.365717 0.924442 0.005219 0.002828
5 0.348454 0.927741 0.004817 0.003142
5 0.347250 0.929940 0.004817 0.003142
5 0.339322 0.938266 0.003412 0.005341
8 0.355179 0.941722 0.003412 0.006598
5 0.346447 0.931982 0.004817 0.003456
5 0.345243 0.934339 0.004817 0.003770
5 0.343938 0.936538 0.004617 0.003770
5 0.342935 0.938737 0.004617 0.002513
5 0.342132 0.940936 0.005018 0.003142
5 0.339623 0.946748 0.004817 0.004084
5 0.339823 0.951147 0.005620 0.003456
5 0.345945 0.947062 0.004215 0.005341
5 0.344139 0.953660 0.003412 0.004713
48 0.101867 0.996387 0.023083 0.007226
53 0.224609 0.996701 0.024087 0.006598
0 0.772280 0.655828 0.027098 0.035501
5 0.776596 0.720232 0.005219 0.004713
5 0.774589 0.722117 0.004014 0.004084
5 0.766660 0.731228 0.003814 0.004084
5 0.763147 0.735784 0.004416 0.004398
5 0.765656 0.737669 0.004617 0.004398
5 0.772682 0.734998 0.004215 0.004713
5 0.776495 0.737669 0.004617 0.005027
5 0.780209 0.740811 0.004416 0.003770
5 0.783621 0.744266 0.004014 0.004398
5 0.783621 0.730914 0.004416 0.004713
5 0.785829 0.727773 0.004817 0.004084
5 0.787334 0.726045 0.004215 0.003770
5 0.801084 0.727773 0.004014 0.004084
5 0.799478 0.729658 0.004416 0.003456
5 0.793155 0.736726 0.004215 0.004398
5 0.791750 0.739240 0.004617 0.004398
5 0.797170 0.740339 0.004215 0.004084
5 0.804095 0.705624 0.005219 0.004398
5 0.768667 0.782281 0.004215 0.005027
5 0.766861 0.780239 0.004215 0.004713
5 0.764954 0.778197 0.004416 0.005655
5 0.763248 0.776940 0.004215 0.004398
5 0.757427 0.772542 0.004215 0.003770
5 0.755520 0.770971 0.004014 0.003142
5 0.753814 0.769557 0.003814 0.004084
5 0.756825 0.795476 0.003814 0.004398
5 0.757728 0.792963 0.003613 0.003770
5 0.759735 0.791392 0.004014 0.003770
5 0.761040 0.789035 0.004215 0.004713
5 0.762344 0.786836 0.004817 0.004084
5 0.745484 0.789507 0.004817 0.003770
5 0.746588 0.786836 0.003814 0.003456
5 0.748996 0.785108 0.005018 0.004398
5 0.744279 0.799403 0.005219 0.004084
5 0.736050 0.798461 0.005219 0.004713
5 0.728824 0.775212 0.004416 0.004084
5 0.730128 0.773013 0.004215 0.004084
5 0.731534 0.770814 0.004215 0.004084
5 0.733541 0.769086 0.005018 0.005027
5 0.719992 0.767986 0.004416 0.004084
5 0.721397 0.765944 0.004416 0.004398
5 0.722902 0.763902 0.004617 0.004084
5 0.715777 0.764687 0.004817 0.004398
5 0.717483 0.762488 0.005018 0.004398
5 0.719189 0.760446 0.004416 0.004713
5 0.720795 0.759032 0.004817 0.003770
5 0.709755 0.753220 0.004817 0.004084
5 0.710959 0.751021 0.004014 0.004084
5 0.712866 0.749293 0.003814 0.003770
5 0.739964 0.757461 0.003814 0.004398
5 0.737354 0.756676 0.004617 0.005341
5 0.735749 0.755105 0.004215 0.005341
5 0.733440 0.752906 0.004817 0.004713
5 0.732035 0.751335 0.004416 0.004084
5 0.730128 0.749607 0.004215 0.004398
5 0.692292 0.756676 0.004416 0.004084
5 0.722902 0.743481 0.004215 0.004713
5 0.720494 0.742696 0.004215 0.004398
5 0.718788 0.740653 0.004416 0.004713
5 0.716580 0.739083 0.004817 0.005341
5 0.714472 0.738140 0.004215 0.004713
5 0.712766 0.735941 0.004014 0.003456
5 0.702228 0.727615 0.003412 0.003142
5 0.698113 0.725102 0.004416 0.004398
5 0.696407 0.723374 0.004215 0.004084
5 0.686572 0.727773 0.003814 0.004713
5 0.685167 0.729972 0.004617 0.004713
5 0.683460 0.731857 0.004014 0.004713
5 0.689984 0.743481 0.004617 0.004713
5 0.691489 0.741282 0.004817 0.004084
5 0.693095 0.739554 0.004817 0.005027
5 0.694902 0.737198 0.004416 0.003456
5 0.676636 0.753534 0.004416 0.004084
5 0.672220 0.750236 0.004416 0.004398
5 0.682557 0.747722 0.005420 0.005655
5 0.677338 0.744424 0.004215 0.004713
5 0.693898 0.722275 0.003613 0.004398
5 0.691891 0.719761 0.004817 0.004398
5 0.655159 0.734056 0.004416 0.004084
5 0.726014 0.747251 0.004817 0.004713
5 0.716279 0.786679 0.003814 0.003770
5 0.729526 0.787151 0.003814 0.004084
5 0.719892 0.779610 0.004617 0.004084
5 0.715275 0.775997 0.005018 0.005027
5 0.615817 0.767201 0.004416 0.004398
5 0.614111 0.764844 0.004215 0.004084
5 0.611903 0.763902 0.003814 0.004084
5 0.610297 0.762488 0.004215 0.005027
5 0.608792 0.760917 0.004416 0.004398
5 0.607086 0.759818 0.004215 0.004713
5 0.604878 0.758247 0.004617 0.004713
5 0.602870 0.756362 0.005018 0.005341
5 0.601365 0.754634 0.004416 0.005027
5 0.599458 0.752749 0.005018 0.005027
5 0.597049 0.751335 0.004617 0.004084
5 0.593236 0.747879 0.005420 0.004713
5 0.586612 0.739083 0.003814 0.002828
5 0.585307 0.736412 0.004416 0.003770
5 0.604677 0.743010 0.003412 0.004398
5 0.607587 0.738926 0.004014 0.004398
5 0.611401 0.741596 0.003613 0.004084
5 0.613308 0.743481 0.003011 0.004084
5 0.610297 0.747408 0.003814 0.004398
5 0.615516 0.745366 0.004215 0.004713
5 0.613910 0.750707 0.003412 0.004084
5 0.616921 0.746780 0.003814 0.003770
5 0.618828 0.748665 0.003212 0.004398
5 0.615817 0.751806 0.002810 0.003770
5 0.617724 0.753534 0.003814 0.004084
5 0.620835 0.749450 0.003613 0.004713
5 0.622642 0.751492 0.004014 0.004398
5 0.619430 0.755419 0.003613 0.004713
5 0.631674 0.745052 0.004416 0.005341
5 0.629165 0.743324 0.004617 0.005027
5 0.627660 0.741439 0.004014 0.005027
5 0.625953 0.739554 0.003814 0.003770
5 0.624047 0.738926 0.003212 0.004398
5 0.631072 0.737512 0.003212 0.004084
5 0.629065 0.736098 0.003212 0.003770
5 0.626957 0.734056 0.003814 0.004713
5 0.613910 0.724003 0.003814 0.004713
5 0.618326 0.733899 0.004215 0.005027
5 0.644821 0.729186 0.003814 0.005027
5 0.358591 0.943607 0.004215 0.002828
5 0.354978 0.951304 0.004215 0.002513
5 0.353874 0.953817 0.004416 0.001885
5 0.353071 0.956330 0.004416 0.001885
8 0.349157 0.964656 0.005018 0.002199
5 0.332497 0.976280 0.004215 0.004713
5 0.328282 0.972353 0.004215 0.002513
5 0.327178 0.974709 0.004416 0.002828
5 0.325371 0.978637 0.004817 0.003142
5 0.324167 0.980836 0.004014 0.002513
5 0.350161 0.961671 0.004617 0.002513
5 0.345444 0.972353 0.004416 0.002513
5 0.347752 0.967326 0.005018 0.003142
5 0.323966 0.912347 0.004817 0.003770
5 0.291550 0.924599 0.003412 0.005655
5 0.287635 0.932611 0.003212 0.005969
5 0.294159 0.937009 0.005018 0.003456
5 0.295765 0.929469 0.002609 0.004713
5 0.298073 0.931668 0.003212 0.004084
5 0.303292 0.933396 0.002409 0.004398
5 0.305500 0.934653 0.002810 0.005655
5 0.308109 0.935438 0.002810 0.004084
5 0.310317 0.936224 0.002810 0.004398
5 0.289643 0.942821 0.002810 0.005027
5 0.313428 0.937009 0.002208 0.004084
5 0.314532 0.952875 0.002409 0.004398
5 0.312023 0.952560 0.002609 0.004398
5 0.294159 0.945177 0.002609 0.004084
5 0.279506 0.912818 0.005018 0.002828
5 0.276596 0.917845 0.004817 0.004084
5 0.274890 0.920986 0.004617 0.002828
5 0.273685 0.923343 0.005821 0.003142
5 0.273585 0.926170 0.004817 0.002513
5 0.271578 0.929155 0.004817 0.002828
5 0.269370 0.932454 0.004416 0.003142
5 0.268768 0.935438 0.005219 0.002828
5 0.264452 0.944078 0.004617 0.002513
5 0.263750 0.947220 0.004817 0.003142
5 0.262344 0.949576 0.004014 0.002828
5 0.261040 0.952718 0.004215 0.002828
5 0.260337 0.955702 0.005620 0.003770
5 0.260036 0.959158 0.004215 0.002513
5 0.258129 0.962143 0.004817 0.003456
5 0.257828 0.965284 0.004215 0.002828
5 0.250903 0.981621 0.004416 0.002828
5 0.253814 0.974709 0.004215 0.002199
5 0.246989 0.948476 0.003814 0.004398
5 0.239161 0.965598 0.004215 0.005341
5 0.236251 0.971725 0.003613 0.005027
5 0.234243 0.974238 0.004014 0.005655
5 0.231534 0.979422 0.003011 0.004713
5 0.228121 0.984134 0.003814 0.004713
5 0.230028 0.981621 0.003613 0.005341
5 0.235648 0.989947 0.004817 0.002513
5 0.236752 0.987590 0.005018 0.002828
5 0.237656 0.984920 0.004817 0.002513
5 0.238960 0.982407 0.004617 0.003142
5 0.240064 0.980050 0.004817 0.002828
8 0.249699 0.959315 0.005620 0.004084
5 0.274287 0.962143 0.003412 0.004713
5 0.266259 0.941250 0.004617 0.002513
5 0.267764 0.937952 0.004817 0.002828
53 0.233440 0.980050 0.024488 0.026076
53 0.245484 0.955859 0.024488 0.029846
48 0.211060 0.962771 0.068848 0.074458
48 0.246889 0.913289 0.038539 0.050895
48 0.090426 0.897267 0.035528 0.049639
9 0.111301 0.910776 0.008631 0.006912
9 0.104978 0.923343 0.006022 0.005655
9 0.103272 0.926484 0.006222 0.005027
9 0.101064 0.930097 0.007427 0.005341
9 0.099257 0.933082 0.005821 0.004398
13 0.094139 0.948790 0.006825 0.011938
13 0.091931 0.942821 0.008832 0.013195
9 0.109093 0.954760 0.006222 0.003770
8 0.110498 0.951461 0.005420 0.004084
13 0.113609 0.947220 0.004817 0.003142
13 0.114713 0.944863 0.004617 0.003456
13 0.116519 0.940936 0.005018 0.003770
13 0.117021 0.937795 0.005219 0.004398
9 0.103974 0.966070 0.005620 0.004398
48 0.118527 0.959472 0.032316 0.046497
48 0.153854 0.977851 0.048776 0.044298
48 0.159474 0.933867 0.062023 0.056236
48 0.189281 0.902451 0.037334 0.047440
48 0.200422 0.875589 0.022280 0.018850
48 0.227218 0.884543 0.015255 0.018536
5 0.209454 0.854069 0.005420 0.004084
5 0.228021 0.863179 0.005219 0.003456
5 0.221497 0.859409 0.005420 0.004084
5 0.236652 0.864122 0.006022 0.003456
5 0.192694 0.842287 0.004817 0.003770
5 0.199418 0.844958 0.004215 0.003456
48 0.125050 0.856268 0.118828 0.093937
48 0.069049 0.881872 0.040546 0.052152
48 0.056002 0.924128 0.022079 0.024819
5 0.039843 0.960729 0.004617 0.003770
5 0.038739 0.962771 0.004817 0.003456
5 0.037234 0.968269 0.004617 0.003142
5 0.037033 0.964656 0.005420 0.004084
48 0.074769 0.941565 0.016259 0.022620
48 0.070955 0.932454 0.011441 0.011310
48 0.066640 0.961986 0.012043 0.015080
2 0.490767 0.897581 0.020474 0.020735
2 0.492573 0.927427 0.020474 0.026390
2 0.519570 0.941722 0.022682 0.026076
2 0.547471 0.951304 0.023485 0.029532
2 0.581493 0.966070 0.028904 0.026390
2 0.620935 0.954131 0.020674 0.021363
2 0.647330 0.966855 0.022079 0.019793
2 0.623444 0.982407 0.018868 0.019478
2 0.807708 0.960886 0.028904 0.024819
2 0.720393 0.924599 0.020474 0.028904
2 0.689783 0.909676 0.030309 0.039271
2 0.658069 0.892083 0.022280 0.024191
2 0.624448 0.882972 0.031313 0.032988
5 0.626556 0.861609 0.004617 0.003456
2 0.587816 0.860666 0.020674 0.022306
48 0.672421 0.814797 0.140104 0.139177
5 0.640907 0.729815 0.004014 0.004398
5 0.616519 0.731700 0.003814 0.004398
5 0.612505 0.729500 0.003814 0.004398
5 0.617824 0.726673 0.004416 0.004398
5 0.637094 0.726516 0.004014 0.004713
5 0.634986 0.724631 0.003814 0.004713
5 0.640606 0.722275 0.004215 0.004398
5 0.629566 0.720232 0.003412 0.004084
5 0.633380 0.716148 0.003412 0.004084
5 0.644821 0.725730 0.003814 0.003770
53 0.618828 0.739083 0.083501 0.065033
6 0.576776 0.816997 0.009835 0.012881
5 0.474809 0.852341 0.003412 0.004398
5 0.457146 0.891612 0.003011 0.003770
48 0.429647 0.896167 0.051987 0.078228
48 0.457748 0.844015 0.031915 0.019793
48 0.462465 0.832234 0.028503 0.021992
9 0.424227 0.791549 0.004617 0.007226
9 0.420715 0.790135 0.005219 0.007540
9 0.417302 0.789350 0.004817 0.007854
5 0.407868 0.796418 0.004817 0.003770
8 0.420514 0.808514 0.006022 0.004084
9 0.442995 0.800188 0.005219 0.009425
9 0.447411 0.801602 0.006423 0.009111
5 0.399338 0.767358 0.004617 0.003456
5 0.397330 0.771442 0.004215 0.002828
48 0.379767 0.795633 0.030108 0.024191
48 0.400743 0.795947 0.021076 0.035501
48 0.415395 0.814483 0.056804 0.031103
48 0.446507 0.824851 0.019470 0.016651
48 0.392613 0.826422 0.012445 0.010996
48 0.392212 0.843387 0.016861 0.026076
48 0.376556 0.884386 0.010839 0.010053
48 0.360197 0.872762 0.027098 0.028275
48 0.399940 0.889413 0.013448 0.011938
48 0.390606 0.895696 0.014853 0.013195
48 0.337816 0.873076 0.008029 0.007540
48 0.359293 0.906849 0.025692 0.022306
48 0.284223 0.834433 0.042955 0.064090
48 0.240767 0.839303 0.011441 0.014766
48 0.225512 0.828778 0.017061 0.012567
48 0.237154 0.804273 0.033119 0.042727
48 0.198013 0.802388 0.035929 0.027647
48 0.162686 0.806943 0.019470 0.021049
48 0.223505 0.761860 0.032316 0.024505
48 0.231734 0.746309 0.029506 0.020421
48 0.198314 0.730129 0.032116 0.019478
48 0.238057 0.724160 0.038137 0.024505
48 0.250301 0.696041 0.040947 0.029846
48 0.256423 0.671536 0.035929 0.024191
48 0.157567 0.697769 0.052991 0.037072
9 0.167904 0.726359 0.007828 0.006283
48 0.198214 0.720547 0.037535 0.021049
48 0.153452 0.732328 0.016660 0.024505
48 0.169410 0.767672 0.047371 0.083883
48 0.101566 0.720861 0.024087 0.019164
48 0.111100 0.706409 0.022280 0.026704
48 0.088619 0.696041 0.029105 0.039899
48 0.068246 0.685674 0.020474 0.024819
48 0.054195 0.682061 0.024488 0.033930
48 0.073163 0.659127 0.026696 0.016337
48 0.081995 0.645146 0.033119 0.021678
48 0.089924 0.627553 0.035729 0.021678
9 0.097350 0.625196 0.013248 0.006283
48 0.038438 0.666353 0.028703 0.051524
48 0.129566 0.766415 0.018266 0.032988
48 0.059514 0.790292 0.053994 0.038014
48 0.054697 0.974238 0.033521 0.025134
53 0.106383 0.935595 0.040947 0.069746
48 0.366519 0.965441 0.049378 0.069117
48 0.397130 0.960415 0.075271 0.079171
53 0.694701 0.734684 0.034524 0.037386
53 0.718487 0.753534 0.041550 0.044298
53 0.752409 0.778825 0.038338 0.043984
53 0.744279 0.686616 0.061823 0.070060
5 0.668507 0.707666 0.004215 0.004084
5 0.682658 0.678448 0.004416 0.004713
5 0.687876 0.704053 0.006022 0.003142
48 0.714071 0.674207 0.015456 0.009425
56 0.932356 0.589538 0.013248 0.015394
48 0.950622 0.604932 0.005620 0.007854
51 0.746788 0.467641 0.037937 0.048068
51 0.684564 0.447534 0.106584 0.088281
51 0.626254 0.399623 0.039342 0.050267
51 0.807507 0.438266 0.037736 0.052152
48 0.773485 0.440622 0.026295 0.021678
48 0.785929 0.414860 0.038739 0.049953
48 0.747993 0.407163 0.036331 0.031417
48 0.666800 0.372133 0.079888 0.052466
48 0.557106 0.348571 0.022280 0.016023
48 0.598153 0.335533 0.090325 0.067232
48 0.542553 0.375746 0.024890 0.037700
48 0.594440 0.428369 0.019069 0.020421
48 0.778202 0.375432 0.032116 0.040842
48 0.699217 0.334119 0.089322 0.057493
48 0.547772 0.416902 0.009635 0.017593
48 0.575371 0.475495 0.078483 0.027961
48 0.516560 0.446120 0.035528 0.077914
48 0.782617 0.243481 0.059815 0.051524
48 0.744079 0.271599 0.052589 0.032359
48 0.654958 0.257147 0.122039 0.073201
48 0.724609 0.242696 0.034524 0.054351
48 0.703533 0.212535 0.024488 0.027333
48 0.673123 0.199654 0.046367 0.044926
48 0.716078 0.165410 0.042352 0.032988
9 0.694199 0.162425 0.006624 0.011310
48 0.738458 0.196041 0.040947 0.026390
48 0.687073 0.174207 0.075873 0.043041
48 0.886893 0.176720 0.081694 0.049325
9 0.839623 0.227615 0.005219 0.010368
9 0.842332 0.230129 0.005018 0.009111
9 0.845845 0.231228 0.008430 0.011310
9 0.851867 0.233428 0.006825 0.011310
9 0.855480 0.234527 0.007226 0.011624
9 0.864813 0.238454 0.005018 0.010053
9 0.870534 0.241753 0.007226 0.010368
9 0.873946 0.243638 0.005219 0.008483
9 0.876254 0.245366 0.007025 0.010053
9 0.880169 0.245837 0.006022 0.008483
9 0.882778 0.247879 0.006423 0.010053
9 0.888699 0.250550 0.005420 0.009111
9 0.892011 0.251178 0.005219 0.010996
9 0.894520 0.252592 0.005821 0.009425
9 0.906564 0.258090 0.005821 0.010368
9 0.909675 0.259661 0.006825 0.010996
48 0.935468 0.265787 0.025492 0.028275
48 0.956644 0.265316 0.009233 0.007854
9 0.901646 0.233585 0.005620 0.010368
9 0.894721 0.230443 0.005018 0.008483
9 0.891610 0.229815 0.004416 0.006598
9 0.888197 0.228087 0.005620 0.009425
9 0.879466 0.224003 0.005420 0.008168
9 0.862104 0.216620 0.006825 0.010368
9 0.865315 0.217562 0.004817 0.008483
9 0.867824 0.218505 0.005018 0.008483
9 0.855881 0.213792 0.004416 0.009111
9 0.853974 0.220075 0.011040 0.006598
9 0.850763 0.211279 0.005018 0.007854
9 0.847652 0.208922 0.004817 0.008168
9 0.844340 0.207509 0.007427 0.010996
9 0.839522 0.205624 0.005420 0.009739
9 0.841329 0.198712 0.009033 0.007226
9 0.843336 0.214106 0.007427 0.004084
9 0.899037 0.218033 0.008832 0.013195
9 0.918707 0.227144 0.008029 0.013195
9 0.921819 0.228558 0.006222 0.012881
13 0.924227 0.231857 0.005821 0.008797
9 0.884785 0.213321 0.006825 0.011938
9 0.874147 0.207509 0.007627 0.013509
13 0.862505 0.204838 0.005219 0.007540
13 0.859494 0.203110 0.005219 0.007854
13 0.856784 0.201854 0.005018 0.007854
13 0.888197 0.215991 0.005219 0.008483
13 0.892312 0.214577 0.005821 0.008797
13 0.908471 0.225102 0.006423 0.009739
9 0.911782 0.226359 0.005821 0.012253
9 0.905660 0.222275 0.006825 0.012881
9 0.860297 0.178448 0.004416 0.006912
13 0.856784 0.179233 0.005821 0.009111
13 0.853472 0.177191 0.006423 0.008168
8 0.869330 0.205938 0.004014 0.007226
13 0.940586 0.208137 0.008029 0.014138
9 0.944701 0.209865 0.009434 0.017593
9 0.947712 0.211593 0.009033 0.017908
9 0.951124 0.210807 0.007427 0.015080
9 0.953332 0.213635 0.006624 0.013195
13 0.958651 0.217405 0.006022 0.008168
9 0.962666 0.217405 0.007226 0.013195
9 0.967483 0.221646 0.007627 0.014766
13 0.964472 0.220075 0.006022 0.009739
13 0.970895 0.223217 0.005620 0.009111
9 0.971497 0.238611 0.006825 0.005341
9 0.969490 0.241753 0.006423 0.004713
48 0.853573 0.249921 0.035929 0.024191
48 0.868125 0.262488 0.019269 0.018536
48 0.838117 0.257304 0.029908 0.026390
48 0.818045 0.295319 0.071257 0.062834
9 0.779406 0.294848 0.006022 0.008483
13 0.767061 0.301602 0.002208 0.005655
48 0.804797 0.379516 0.035929 0.016337
48 0.809414 0.353126 0.028703 0.032674
48 0.747090 0.296733 0.026897 0.016651
48 0.886993 0.377474 0.024087 0.032988
48 0.870634 0.426170 0.022682 0.020421
48 0.936170 0.388941 0.066238 0.082312
48 0.585307 0.237983 0.015255 0.019164
48 0.533922 0.254163 0.028503 0.041470
48 0.515857 0.295633 0.030108 0.033302
48 0.475411 0.312441 0.029908 0.038014
48 0.429747 0.298146 0.062224 0.045240
48 0.432959 0.345900 0.023685 0.031417
48 0.410578 0.335218 0.023083 0.032045
48 0.391208 0.325479 0.028904 0.036444
48 0.385889 0.359724 0.028302 0.021363
48 0.434564 0.382030 0.032116 0.021363
48 0.471497 0.387685 0.022882 0.018222
48 0.474709 0.344486 0.050181 0.030474
48 0.462365 0.355796 0.040345 0.026076
48 0.461160 0.374332 0.053593 0.028589
48 0.490265 0.369620 0.010237 0.016651
48 0.453934 0.267515 0.078081 0.051210
48 0.379868 0.289350 0.050381 0.062205
48 0.399538 0.255576 0.033119 0.027961
48 0.481032 0.229343 0.095343 0.071002
48 0.554697 0.199812 0.048374 0.062205
48 0.500703 0.191172 0.095343 0.065661
48 0.479627 0.137135 0.026295 0.017279
48 0.447712 0.171536 0.014251 0.016337
48 0.438679 0.141533 0.035126 0.024191
48 0.443296 0.129438 0.036331 0.023249
48 0.443195 0.115300 0.030108 0.023249
48 0.445303 0.096136 0.040747 0.030160
48 0.456945 0.081684 0.058812 0.034559
48 0.503212 0.091266 0.019269 0.014138
48 0.526897 0.101320 0.010438 0.010368
48 0.537435 0.106975 0.013448 0.011624
48 0.554396 0.114200 0.030510 0.017908
48 0.553493 0.096136 0.032316 0.021992
48 0.512445 0.075558 0.026495 0.019164
48 0.496387 0.068175 0.011240 0.009425
48 0.593436 0.148759 0.008631 0.010996
48 0.600662 0.136978 0.009434 0.012567
48 0.602870 0.108074 0.027900 0.018222
48 0.576074 0.095036 0.036532 0.026076
48 0.568547 0.074301 0.033922 0.022934
48 0.613910 0.097392 0.015054 0.013195
48 0.468687 0.040057 0.025692 0.026704
48 0.442192 0.028118 0.041750 0.022934
48 0.387294 0.126924 0.035929 0.030789
48 0.408772 0.092680 0.047571 0.071002
9 0.367222 0.091109 0.009835 0.015708
48 0.338519 0.112944 0.019069 0.024819
48 0.319049 0.117499 0.013850 0.010053
7 0.313228 0.114358 0.003412 0.003770
48 0.346246 0.120798 0.011642 0.015394
48 0.347652 0.083883 0.034123 0.042727
48 0.357989 0.097707 0.019470 0.035815
48 0.307005 0.110902 0.009033 0.011310
48 0.315937 0.077286 0.042955 0.061577
48 0.389904 0.063305 0.044761 0.048068
48 0.361301 0.049010 0.040145 0.044612
48 0.312324 0.140591 0.022882 0.022934
48 0.329988 0.165724 0.023284 0.032359
7 0.342132 0.159912 0.003814 0.005027
48 0.347752 0.188344 0.026696 0.024819
48 0.354978 0.171850 0.026696 0.025762
48 0.373444 0.199183 0.038739 0.029532
9 0.303593 0.204053 0.005420 0.009111
9 0.306202 0.205152 0.004617 0.005655
9 0.308511 0.206723 0.005219 0.006912
9 0.311521 0.208451 0.004817 0.006598
9 0.314833 0.210807 0.004215 0.006912
9 0.309514 0.212850 0.004014 0.004713
9 0.311321 0.217091 0.005620 0.006912
9 0.284524 0.205152 0.012244 0.008797
9 0.281513 0.198241 0.012244 0.008168
9 0.275391 0.205309 0.011240 0.007226
9 0.280711 0.194156 0.011843 0.006912
48 0.305399 0.173578 0.012646 0.012253
5 0.287736 0.230757 0.004215 0.004084
5 0.280610 0.225573 0.003613 0.003142
5 0.283019 0.227301 0.004014 0.003456
48 0.272481 0.222117 0.006222 0.005027
48 0.280510 0.231857 0.009835 0.008168
48 0.293758 0.237512 0.006222 0.005655
48 0.333802 0.240182 0.049378 0.040528
48 0.317242 0.272070 0.040747 0.042099
48 0.282617 0.249607 0.049779 0.039271
48 0.268567 0.274427 0.046969 0.038014
9 0.242573 0.257304 0.007025 0.010053
48 0.332296 0.218347 0.010638 0.010053
48 0.250703 0.297832 0.013649 0.015080
5 0.353874 0.320609 0.005219 0.004084
48 0.318647 0.314169 0.025090 0.037072
48 0.301887 0.346371 0.016861 0.019164
48 0.315837 0.353283 0.013047 0.017908
48 0.325773 0.354068 0.015255 0.023249
48 0.343838 0.364279 0.027700 0.017908
48 0.340927 0.352655 0.007828 0.007854
48 0.295564 0.368677 0.015857 0.038014
48 0.316640 0.378260 0.029105 0.032674
48 0.341429 0.391455 0.036933 0.022620
48 0.369530 0.404493 0.032517 0.022934
48 0.396327 0.416274 0.034725 0.020735
48 0.419008 0.432454 0.014653 0.010368
48 0.435367 0.439837 0.018466 0.014452
48 0.465476 0.479265 0.018065 0.017908
48 0.457648 0.472824 0.009233 0.009425
48 0.440988 0.464656 0.014051 0.015080
48 0.409574 0.450675 0.049177 0.031103
48 0.384384 0.443135 0.008029 0.007226
48 0.366018 0.435124 0.008631 0.007540
48 0.371839 0.437795 0.007828 0.007854
48 0.377559 0.440308 0.006825 0.006598
48 0.299077 0.406535 0.009233 0.008797
48 0.299177 0.398680 0.009835 0.008797
48 0.305098 0.401037 0.005219 0.006598
48 0.308711 0.402922 0.005620 0.006598
48 0.311923 0.404493 0.005620 0.007854
48 0.315235 0.405906 0.005018 0.006912
48 0.318647 0.407320 0.004215 0.007226
48 0.320955 0.408734 0.004416 0.007540
48 0.329185 0.411561 0.003613 0.005655
48 0.331794 0.412975 0.004416 0.005341
48 0.334303 0.415803 0.007828 0.010368
48 0.328081 0.417531 0.005420 0.006912
48 0.338117 0.416274 0.005420 0.008168
48 0.341831 0.417531 0.006022 0.008168
48 0.344942 0.418944 0.005420 0.007854
48 0.348153 0.421301 0.006624 0.008797
48 0.345243 0.425071 0.007226 0.005027
48 0.353372 0.422243 0.007828 0.008168
48 0.357989 0.424442 0.005821 0.006912
48 0.362304 0.427270 0.007627 0.008168
48 0.366821 0.429155 0.005420 0.008168
48 0.369932 0.430097 0.006423 0.007540
48 0.373344 0.431982 0.004817 0.006912
48 0.376154 0.433082 0.005219 0.007854
48 0.379566 0.434967 0.004817 0.007226
48 0.382878 0.436538 0.007025 0.009111
48 0.292453 0.422400 0.016861 0.018536
48 0.301385 0.423657 0.006624 0.009739
48 0.304797 0.424757 0.005420 0.007540
48 0.307808 0.426013 0.005018 0.006912
48 0.316138 0.424285 0.011240 0.009111
48 0.312324 0.428212 0.008430 0.006912
48 0.309514 0.436224 0.009233 0.009739
48 0.321959 0.430412 0.007226 0.013195
48 0.325974 0.429312 0.005620 0.009111
48 0.329486 0.430569 0.005018 0.007226
48 0.333099 0.431668 0.006222 0.008797
48 0.324568 0.434967 0.005219 0.007226
48 0.329988 0.437952 0.010438 0.009425
48 0.336612 0.441565 0.007627 0.009111
48 0.336311 0.433867 0.005018 0.006283
48 0.340727 0.436067 0.008230 0.008168
48 0.340927 0.443921 0.005821 0.006912
48 0.346949 0.438894 0.008230 0.008168
48 0.345343 0.446120 0.008230 0.010053
48 0.354075 0.442821 0.009635 0.009111
48 0.364312 0.447848 0.012846 0.012881
48 0.358992 0.466070 0.012646 0.012881
48 0.359494 0.457116 0.011642 0.012567
48 0.377860 0.463556 0.032718 0.021678
48 0.378663 0.482564 0.022280 0.033302
48 0.368527 0.503299 0.024087 0.020735
48 0.394520 0.479579 0.013047 0.016651
48 0.403854 0.486177 0.021678 0.019164
48 0.418105 0.484763 0.006022 0.006912
48 0.321457 0.451147 0.021076 0.023877
48 0.344139 0.459158 0.021477 0.018536
48 0.311421 0.473924 0.074870 0.042413
48 0.288639 0.440622 0.032517 0.020421
48 0.236953 0.415331 0.060819 0.049010
48 0.255319 0.380302 0.055801 0.043669
5 0.243075 0.359724 0.005620 0.003770
48 0.020976 0.459786 0.010237 0.009739
48 0.023886 0.453503 0.008832 0.007854
48 0.027198 0.445649 0.012244 0.013509
48 0.033220 0.434182 0.012646 0.015708
48 0.036732 0.424757 0.010036 0.010682
48 0.040044 0.420201 0.007828 0.007226
48 0.042553 0.416117 0.009233 0.009111
48 0.045363 0.408420 0.010036 0.010053
48 0.048675 0.401665 0.009434 0.009111
48 0.050984 0.395068 0.009635 0.009111
48 0.053794 0.388470 0.008832 0.008483
48 0.056403 0.382187 0.009635 0.008483
48 0.060016 0.374647 0.010839 0.012881
48 0.063729 0.365379 0.008230 0.008797
48 0.067242 0.357524 0.009233 0.011310
48 0.070052 0.349513 0.008832 0.007854
48 0.073063 0.343544 0.008430 0.008483
48 0.075974 0.334747 0.011441 0.013509
48 0.080088 0.324222 0.010839 0.012567
48 0.083902 0.314483 0.009233 0.011310
48 0.086913 0.307886 0.010036 0.010053
48 0.089422 0.298303 0.010237 0.011624
48 0.069049 0.298775 0.010438 0.011310
48 0.065636 0.308200 0.010036 0.012567
48 0.059414 0.323437 0.010839 0.011624
48 0.055801 0.332548 0.010438 0.012881
48 0.052188 0.340873 0.008832 0.008168
48 0.050682 0.346528 0.008230 0.006912
48 0.047170 0.353440 0.009635 0.013195
48 0.043758 0.361609 0.010036 0.010682
48 0.041148 0.368049 0.009635 0.010368
48 0.037635 0.375746 0.012244 0.013823
48 0.033521 0.385800 0.010839 0.010682
48 0.030711 0.392554 0.012445 0.010368
48 0.028001 0.399309 0.009033 0.009425
48 0.024789 0.406692 0.009835 0.009739
48 0.022481 0.411719 0.010036 0.007854
48 0.019872 0.416117 0.008029 0.007854
48 0.016861 0.421301 0.010438 0.008797
48 0.073364 0.307886 0.013448 0.024505
48 0.063729 0.334119 0.016660 0.029846
48 0.054597 0.357210 0.014051 0.019478
48 0.046668 0.374489 0.013047 0.023249
48 0.037435 0.399152 0.016660 0.028589
48 0.027499 0.418316 0.012043 0.015394
48 0.019570 0.432611 0.014653 0.019478
48 0.079185 0.273484 0.011843 0.012253
48 0.083802 0.259347 0.015054 0.020421
48 0.101867 0.276940 0.010638 0.020421
48 0.108992 0.250864 0.012043 0.012881
48 0.114813 0.240496 0.010438 0.012881
48 0.120132 0.226202 0.016259 0.022620
48 0.126857 0.210179 0.010036 0.011938
48 0.132176 0.196670 0.017463 0.021992
48 0.144721 0.169180 0.017664 0.032359
48 0.154958 0.141219 0.016459 0.024191
48 0.164593 0.120798 0.013649 0.020421
48 0.172421 0.103362 0.012445 0.016337
48 0.178543 0.089695 0.015456 0.020421
48 0.187274 0.068960 0.016058 0.026704
48 0.174930 0.064876 0.011843 0.018536
48 0.170614 0.075715 0.007226 0.006283
48 0.166901 0.083255 0.012646 0.016965
48 0.162084 0.095036 0.009434 0.010996
48 0.158370 0.104618 0.009635 0.015080
48 0.152449 0.117028 0.015054 0.024191
48 0.135387 0.154728 0.009033 0.010368
48 0.132878 0.162740 0.010036 0.013823
48 0.129968 0.170751 0.008631 0.008483
48 0.122039 0.180176 0.019671 0.022306
48 0.094641 0.172165 0.018266 0.020735
48 0.086612 0.198869 0.023485 0.040214
48 0.107086 0.211907 0.037134 0.064405
48 0.068145 0.227615 0.012244 0.009739
48 0.061120 0.245994 0.026696 0.034559
48 0.041449 0.236098 0.015054 0.024191
9 0.054597 0.268300 0.006423 0.003770
9 0.030008 0.275840 0.004617 0.006283
48 0.036933 0.301445 0.031313 0.047440
48 0.013549 0.280239 0.012244 0.010682
9 0.016660 0.289978 0.008029 0.006283
48 0.030008 0.231071 0.021879 0.033616
48 0.044761 0.273798 0.009233 0.009111
48 0.287435 0.039271 0.021277 0.027019
48 0.142814 0.044141 0.023083 0.034873
48 0.124147 0.081841 0.022682 0.039271
48 0.105279 0.126610 0.030309 0.052152
48 0.036532 0.084197 0.032517 0.034559
48 0.072963 0.054037 0.038739 0.035815
48 0.266660 0.151901 0.015054 0.017279
48 0.279105 0.073830 0.007025 0.011310
48 0.295664 0.078071 0.017262 0.023563
48 0.610598 0.057179 0.052991 0.052152
48 0.666600 0.101005 0.031714 0.056865
48 0.736752 0.096607 0.061220 0.052466
5 0.578683 0.040999 0.003212 0.004713
48 0.581895 0.048853 0.014853 0.019164
48 0.581493 0.032359 0.020875 0.017593
48 0.700923 0.077286 0.017262 0.029532
48 0.705841 0.046183 0.043557 0.029532
48 0.748294 0.066133 0.044962 0.030474
48 0.810518 0.096764 0.093537 0.051524
9 0.829486 0.015866 0.006222 0.012881
9 0.840426 0.018693 0.007627 0.016651
9 0.844741 0.024348 0.005420 0.009111
9 0.850161 0.025605 0.005821 0.008483
48 0.830791 0.051681 0.091931 0.075086
48 0.899438 0.089224 0.041349 0.040214
9 0.894018 0.062991 0.007226 0.004713
9 0.884584 0.056393 0.006423 0.004084
9 0.884886 0.078071 0.005821 0.003456
5 0.883481 0.063933 0.002609 0.003456
48 0.892714 0.135721 0.081694 0.039585
9 0.873946 0.221803 0.005219 0.008168
13 0.905761 0.237355 0.005821 0.004084
13 0.906764 0.234370 0.005018 0.003770
13 0.908069 0.232328 0.005620 0.003456
13 0.919008 0.237355 0.006624 0.004084
9 0.954035 0.248822 0.012445 0.008168
13 0.950020 0.251964 0.008832 0.006283
13 0.913388 0.234527 0.006222 0.003456
13 0.916399 0.239240 0.005420 0.003456
13 0.923926 0.239083 0.006022 0.004398
13 0.931052 0.235941 0.004617 0.005655
9 0.915295 0.263274 0.005219 0.009425
9 0.918206 0.264059 0.006222 0.009111
9 0.922019 0.256362 0.007025 0.005027
9 0.920413 0.259347 0.009434 0.006598
9 0.833802 0.224631 0.004817 0.008797
9 0.831293 0.223688 0.003814 0.006283
48 0.317543 0.765316 0.034524 0.046497
48 0.333601 0.718662 0.033721 0.057493
48 0.355179 0.676249 0.056804 0.035501
48 0.387094 0.668080 0.015456 0.026076
48 0.431052 0.766572 0.057206 0.039585
48 0.388198 0.752906 0.031714 0.036129
48 0.405359 0.715677 0.020273 0.025134
48 0.430149 0.692586 0.018466 0.026704
48 0.452931 0.737983 0.032316 0.024505
48 0.447812 0.748194 0.030510 0.019793
48 0.479627 0.772542 0.040345 0.038957
48 0.553091 0.761860 0.039944 0.048382
48 0.410578 0.230443 0.030309 0.043041
48 0.607186 0.638077 0.016861 0.027019
48 0.552589 0.625511 0.018065 0.022620
48 0.569550 0.592680 0.031915 0.043041
48 0.630871 0.632736 0.018065 0.030160
48 0.702027 0.634936 0.018266 0.027019
8 0.663188 0.638706 0.003212 0.005655
8 0.665897 0.638549 0.002208 0.005341
8 0.668908 0.638077 0.002208 0.004398
8 0.670815 0.638234 0.002007 0.004084
8 0.673525 0.638234 0.002208 0.004713
9 0.676837 0.640591 0.003212 0.008168
48 0.661983 0.623626 0.070654 0.032045
53 0.849759 0.660540 0.023083 0.025448
53 0.871337 0.646246 0.034524 0.028904
53 0.894219 0.638234 0.034123 0.035501
53 0.899839 0.658970 0.029305 0.029846
53 0.914291 0.676406 0.042152 0.027019
48 0.908571 0.712064 0.009434 0.010368
2 0.977720 0.958530 0.020875 0.019478
48 0.790446 0.834119 0.070654 0.076029
48 0.330791 0.964813 0.007627 0.011938
53 0.213468 0.868677 0.027098 0.022620
5 0.296467 0.946591 0.002810 0.004398
5 0.305701 0.950047 0.002810 0.004398
5 0.315335 0.938737 0.002409 0.005655
5 0.320052 0.940779 0.002609 0.005341
5 0.255219 0.971882 0.005018 0.002828
5 0.252108 0.978008 0.004014 0.003142
5 0.249799 0.983977 0.005821 0.003142
5 0.246588 0.991046 0.005018 0.002828
48 0.090727 0.577757 0.034524 0.073516
5 0.031413 0.618599 0.003412 0.004398
48 0.223806 0.140591 0.016058 0.032988
9 0.047772 0.065975 0.005219 0.006283
48 0.012947 0.051367 0.008631 0.006598
48 0.075070 0.730129 0.015656 0.025134
48 0.082096 0.989318 0.030510 0.021363
5 0.043256 0.996858 0.003011 0.004398
9 0.541148 0.769871 0.006825 0.004713
48 0.689081 0.060006 0.030510 0.019478
48 0.720694 0.066290 0.103774 0.052152
53 0.578683 0.643889 0.031313 0.026704
48 0.579988 0.627710 0.015857 0.007540
5 0.542854 0.656299 0.004215 0.002513
5 0.662686 0.699654 0.003011 0.003770
5 0.670915 0.684731 0.003011 0.002828
5 0.926435 0.680961 0.004617 0.004713
5 0.921216 0.677348 0.004617 0.005027
8 0.542754 0.772856 0.008029 0.006283
53 0.672521 0.690072 0.029908 0.040528
48 0.967684 0.170437 0.064633 0.039271
5 0.972702 0.199812 0.002409 0.003770
48 0.982336 0.219290 0.035327 0.070374
48 0.968988 0.286836 0.062023 0.049010
48 0.986351 0.261074 0.027298 0.020735
48 0.975411 0.333176 0.049177 0.048696
5 0.983942 0.471254 0.004416 0.004398
52 0.970393 0.593779 0.059213 0.046497
5 0.988057 0.644989 0.005018 0.003142
5 0.988760 0.647817 0.004817 0.003142
5 0.988960 0.650487 0.003212 0.002828
5 0.989061 0.653314 0.003412 0.003456
5 0.990265 0.655985 0.003814 0.003770
53 0.990867 0.652529 0.010638 0.018222
48 0.977619 0.890983 0.044761 0.062834
48 0.955941 0.138391 0.088117 0.142947
5 0.867925 0.184103 0.005620 0.007540
9 0.576576 0.152215 0.008230 0.006598
5 0.579687 0.112001 0.003613 0.004084
5 0.582397 0.112315 0.002609 0.004084
5 0.481835 0.073987 0.004617 0.004713
5 0.545062 0.051838 0.005018 0.004398
5 0.582597 0.061106 0.005420 0.004713
5 0.014251 0.396010 0.003613 0.004084
5 0.480931 0.421772 0.003212 0.005969
48 0.258330 0.174207 0.023284 0.028589
48 0.245283 0.198712 0.022079 0.035501
9 0.473605 0.140905 0.004215 0.006598
5 0.471096 0.139177 0.004014 0.004398
9 0.479526 0.143732 0.004014 0.005341
5 0.482236 0.145146 0.003412 0.004398
5 0.739864 0.186931 0.004014 0.006283
5 0.741770 0.188344 0.004215 0.005969
48 0.799779 0.167923 0.094942 0.095822
16 0.317543 0.211122 0.006825 0.013195
53 0.794259 0.718976 0.040546 0.060635
53 0.829285 0.739397 0.045564 0.063148
5 0.843838 0.822023 0.004416 0.004713
5 0.718286 0.852183 0.003814 0.004713
6 0.578382 0.809614 0.012646 0.011938
6 0.590827 0.800188 0.006222 0.015708
11 0.190988 0.761074 0.006222 0.017279
8 0.217884 0.854697 0.005821 0.004084
6 0.261040 0.985077 0.005018 0.007226
5 0.905259 0.351869 0.004416 0.003770
48 0.943798 0.458058 0.067844 0.074772
6 0.503111 0.776469 0.011843 0.010996
5 0.351666 0.959001 0.004416 0.002199
5 0.380771 0.918002 0.003613 0.002513
48 0.502007 0.626767 0.047772 0.045240
8 0.418908 0.796104 0.005620 0.004398
33 0.461963 0.801131 0.013850 0.008797
33 0.457848 0.804901 0.012043 0.008168
5 0.835608 0.442821 0.002409 0.003456
53 0.830791 0.446434 0.024890 0.032674
9 0.788739 0.270971 0.008230 0.004713
5 0.571859 0.283538 0.002810 0.004713
5 0.535528 0.300346 0.003212 0.005655
11 0.374147 0.396010 0.018065 0.007854
48 0.212063 0.270342 0.024689 0.041784
10 0.347350 0.376217 0.006624 0.004713
6 0.562826 0.541470 0.006022 0.002828
5 0.772882 0.676877 0.003412 0.002828
5 0.787535 0.747408 0.003412 0.003770
5 0.789241 0.748979 0.004014 0.004398
5 0.752108 0.781024 0.002810 0.003142
5 0.750401 0.783223 0.003814 0.003142
5 0.754918 0.796890 0.003613 0.003456
5 0.722200 0.756990 0.005219 0.004084
5 0.726214 0.759975 0.004416 0.003770
5 0.741469 0.759032 0.003212 0.003770
5 0.706845 0.756833 0.004215 0.003770
5 0.710357 0.735470 0.002810 0.004398
5 0.700120 0.725730 0.003613 0.004398
5 0.681855 0.733428 0.004416 0.004084
5 0.680048 0.735470 0.004014 0.003770
5 0.620233 0.734684 0.003613 0.004084
5 0.624649 0.732171 0.004014 0.004084
5 0.622039 0.736255 0.003613 0.004084
48 0.916700 0.582469 0.009635 0.008797
5 0.545965 0.774898 0.004416 0.004084
5 0.540145 0.766258 0.004817 0.003770
9 0.538739 0.762645 0.007226 0.005969
48 0.054496 0.835375 0.049177 0.088596
5 0.556403 0.592523 0.003212 0.003770
5 0.556905 0.595664 0.004215 0.003770
5 0.831092 0.346686 0.003011 0.004084
48 0.880269 0.306001 0.051586 0.051524
48 0.854677 0.349513 0.042955 0.043041
8 0.547170 0.778040 0.007226 0.005341
10 0.550682 0.784794 0.007025 0.006912
5 0.632678 0.739083 0.003212 0.004084
5 0.621538 0.729815 0.003412 0.003770
5 0.617925 0.768457 0.003412 0.004398
5 0.650341 0.763274 0.003613 0.003456
5 0.644922 0.769714 0.004416 0.003770
5 0.687073 0.762174 0.004014 0.003770
10 0.976716 0.602105 0.006825 0.002828
51 0.982236 0.544141 0.014653 0.030160
5 0.491971 0.411876 0.003613 0.005655
10 0.389101 0.488062 0.003011 0.004713
5 0.465777 0.495445 0.002208 0.003142
48 0.474809 0.503456 0.015857 0.019164
5 0.917202 0.673264 0.003412 0.003142
5 0.908069 0.667452 0.005219 0.002828
5 0.891208 0.648602 0.004014 0.004713
5 0.910377 0.645146 0.005018 0.003456
10 0.896126 0.667295 0.004617 0.005027
5 0.322059 0.946120 0.004617 0.003456
5 0.317543 0.939837 0.002810 0.005341
5 0.283119 0.945177 0.004215 0.005341
5 0.242172 0.975966 0.004215 0.002199
5 0.244882 0.969840 0.004014 0.001885
4 0.239161 0.869306 0.006222 0.005027
5 0.717282 0.698869 0.001807 0.004713
48 0.204837 0.356425 0.037535 0.029218
48 0.269671 0.309614 0.017864 0.014766
5 0.567342 0.018693 0.003814 0.003456
8 0.562826 0.029218 0.006022 0.003770
9 0.427840 0.117656 0.008230 0.005969
5 0.301385 0.948005 0.002208 0.004084
5 0.291851 0.944078 0.002810 0.005027
5 0.300883 0.932454 0.002810 0.004398
5 0.718487 0.316839 0.002208 0.004713
9 0.786331 0.280553 0.006222 0.003770
5 0.359193 0.896638 0.004215 0.003142
5 0.506925 0.172008 0.003412 0.005341
5 0.509334 0.172950 0.003412 0.005341
5 0.494781 0.135878 0.003613 0.004713
48 0.529506 0.129752 0.093938 0.061577
48 0.951224 0.349670 0.056604 0.057807
11 0.730630 0.150330 0.007627 0.016023
11 0.726917 0.149073 0.007828 0.017908
11 0.718988 0.142947 0.010036 0.018222
10 0.684364 0.137763 0.005420 0.004084
8 0.591630 0.192271 0.003011 0.005027
9 0.618627 0.217405 0.003613 0.005655
5 0.539141 0.307571 0.002810 0.005027
5 0.624950 0.753220 0.003412 0.004084
5 0.621437 0.756990 0.003613 0.004084
5 0.152047 0.102262 0.005018 0.003456
5 0.127961 0.157242 0.005018 0.004084
5 0.114914 0.161483 0.005018 0.003142
5 0.064934 0.273955 0.007427 0.005027
5 0.064833 0.522777 0.002810 0.005027
5 0.969289 0.268772 0.005620 0.004713
10 0.749197 0.131637 0.015857 0.009425
8 0.756222 0.137763 0.007427 0.004713
5 0.830791 0.375746 0.002810 0.003142
6 0.593637 0.758404 0.011843 0.010053
5 0.755419 0.615614 0.005821 0.003456
5 0.163288 0.076814 0.004215 0.003456
5 0.144219 0.120327 0.005420 0.004398
5 0.139201 0.131794 0.005018 0.004084
5 0.138800 0.134150 0.004617 0.003770
48 0.142011 0.142161 0.016259 0.021678
5 0.072059 0.253377 0.005219 0.003456
5 0.071558 0.255576 0.005018 0.003456
5 0.263047 0.662425 0.005018 0.004084
5 0.299177 0.497330 0.006222 0.003142
5 0.546768 0.592680 0.005620 0.004084
5 0.818446 0.122055 0.003814 0.004084
5 0.682156 0.098806 0.003412 0.004713
10 0.762344 0.124097 0.012043 0.008168
5 0.567041 0.216620 0.006825 0.004713
5 0.452027 0.251335 0.004014 0.005655
5 0.444902 0.247879 0.004617 0.005655
5 0.557306 0.041156 0.005420 0.004398
5 0.528503 0.065818 0.006022 0.004713
8 0.508932 0.061891 0.007025 0.005655
5 0.469490 0.093622 0.005620 0.004398
5 0.589422 0.145774 0.005018 0.006912
5 0.468085 0.153472 0.004817 0.007226
5 0.353573 0.652843 0.005821 0.005027
5 0.354275 0.650016 0.004817 0.005027
5 0.363910 0.737198 0.004817 0.005969
5 0.373444 0.836632 0.005018 0.003770
5 0.306503 0.874175 0.004817 0.005969
5 0.274689 0.883286 0.005420 0.004084
5 0.400241 0.919887 0.005620 0.003770
5 0.399137 0.921458 0.006222 0.004398
10 0.414693 0.436381 0.006423 0.004398
6 0.670514 0.705938 0.003011 0.003142
11 0.752609 0.261232 0.005821 0.009111
8 0.724709 0.793434 0.005420 0.004084
6 0.550281 0.939051 0.016259 0.009425
8 0.275592 0.888470 0.005219 0.003770
5 0.674528 0.701854 0.001405 0.001885
8 0.925632 0.345429 0.004617 0.005969
10 0.548274 0.781181 0.006222 0.004713
10 0.759334 0.774898 0.004416 0.004084
10 0.919912 0.522620 0.006022 0.003456
5 0.766861 0.195884 0.004617 0.002199
11 0.787836 0.276783 0.014853 0.008797
42 0.963970 0.596136 0.003011 0.006598
16 0.328884 0.210807 0.007427 0.011310
16 0.697812 0.316211 0.005821 0.010368
42 0.701726 0.316839 0.005620 0.009111
16 0.708651 0.319510 0.004617 0.007540
42 0.711662 0.321395 0.005420 0.008797
16 0.714773 0.322809 0.004416 0.008483
9 0.993175 0.783852 0.005620 0.006912
48 0.989161 0.833490 0.005219 0.007540
48 0.994279 0.721646 0.009434 0.009425
48 0.983340 0.779925 0.004014 0.005341
5 0.990466 0.655042 0.003412 0.004398
5 0.989061 0.653314 0.003814 0.005341
5 0.988760 0.649387 0.005219 0.005027
5 0.988760 0.647345 0.005219 0.005341
5 0.988057 0.644832 0.005018 0.003456
5 0.972702 0.199497 0.003212 0.003770
5 0.974307 0.215049 0.004416 0.005969
9 0.976214 0.219604 0.005420 0.008797
48 0.982838 0.177034 0.034324 0.029218
48 0.983039 0.178762 0.033922 0.033930
