2 0.084654 0.870719 0.025276 0.023563
5 0.642026 0.971568 0.004213 0.002828
5 0.075727 0.299874 0.003009 0.004084
5 0.080241 0.163525 0.002006 0.004084
5 0.072718 0.111216 0.002207 0.005027
5 0.067803 0.113886 0.002407 0.004713
5 0.072016 0.105561 0.002006 0.005027
5 0.070612 0.092523 0.002407 0.004713
5 0.070311 0.085925 0.002207 0.004713
5 0.063490 0.049167 0.002207 0.004713
5 0.064193 0.044298 0.002407 0.005027
6 0.068606 0.068803 0.003210 0.005655
5 0.064193 0.070217 0.002006 0.004713
5 0.073019 0.091266 0.002407 0.004713
5 0.073420 0.096764 0.003210 0.005027
5 0.074223 0.103205 0.002808 0.005341
5 0.074925 0.109017 0.003410 0.005655
5 0.075627 0.137920 0.003210 0.006283
5 0.072317 0.150330 0.002608 0.005341
5 0.072818 0.155985 0.002808 0.005341
5 0.060883 0.378102 0.002608 0.005969
6 0.054463 0.416745 0.007823 0.004713
5 0.075928 0.437952 0.004614 0.002513
5 0.091474 0.424442 0.005216 0.003142
5 0.100502 0.438423 0.005617 0.003456
5 0.102909 0.444549 0.005617 0.003142
6 0.132999 0.440308 0.006820 0.005341
5 0.128586 0.453503 0.005216 0.002828
5 0.136008 0.458530 0.005216 0.002828
5 0.160080 0.446905 0.004012 0.003456
5 0.164995 0.446120 0.005416 0.003142
5 0.142628 0.437166 0.005216 0.003456
6 0.194985 0.467955 0.006018 0.003456
6 0.221163 0.477223 0.005817 0.003770
5 0.225878 0.475338 0.005216 0.003142
5 0.239218 0.489790 0.005015 0.003142
5 0.226881 0.470311 0.004814 0.002513
5 0.205817 0.462614 0.005216 0.002828
5 0.263892 0.476752 0.006219 0.004084
5 0.213139 0.455859 0.005015 0.003142
5 0.218054 0.456959 0.004012 0.002828
5 0.224875 0.459001 0.005617 0.003770
5 0.230893 0.460258 0.004413 0.003142
5 0.237312 0.461828 0.004814 0.003142
5 0.243430 0.463556 0.004614 0.002828
6 0.257472 0.466855 0.007422 0.005027
5 0.263591 0.468583 0.005216 0.003456
5 0.269208 0.470311 0.005216 0.003142
5 0.275527 0.471411 0.005416 0.003456
5 0.280843 0.472667 0.004413 0.002828
5 0.270812 0.481778 0.005216 0.003456
5 0.272919 0.498743 0.004614 0.002828
5 0.293280 0.483977 0.005617 0.003456
5 0.278636 0.500000 0.005216 0.003456
5 0.287462 0.474866 0.005617 0.004084
5 0.302708 0.478637 0.004413 0.003456
5 0.327683 0.494031 0.005416 0.003456
5 0.308526 0.480207 0.004012 0.002828
5 0.314443 0.481621 0.005416 0.003770
5 0.320762 0.483035 0.004413 0.002828
5 0.283852 0.501885 0.004413 0.002828
5 0.301906 0.506126 0.005216 0.003142
5 0.308927 0.508168 0.004413 0.002828
5 0.314443 0.509582 0.004614 0.002513
5 0.328686 0.513195 0.004614 0.002828
5 0.334403 0.514452 0.004814 0.002828
5 0.339920 0.515866 0.005015 0.003142
6 0.346941 0.517436 0.005416 0.003142
6 0.348646 0.501885 0.005216 0.002828
5 0.353059 0.519478 0.004012 0.002828
5 0.359278 0.520735 0.004814 0.002828
5 0.365196 0.522306 0.004213 0.002828
5 0.370612 0.523720 0.004614 0.003142
5 0.377733 0.525448 0.005216 0.002828
5 0.384152 0.527176 0.004413 0.003142
5 0.361484 0.516808 0.004413 0.003142
6 0.380040 0.515080 0.006219 0.003456
5 0.395286 0.521678 0.005817 0.003456
5 0.394483 0.507540 0.005015 0.002828
5 0.401304 0.504084 0.005416 0.003456
5 0.406620 0.504870 0.004814 0.003142
5 0.412237 0.506283 0.005216 0.003456
5 0.418556 0.508325 0.005015 0.003770
6 0.428786 0.510682 0.006219 0.004713
5 0.421565 0.516965 0.005015 0.003456
5 0.427583 0.521521 0.005015 0.003770
5 0.429890 0.527019 0.005617 0.003456
6 0.428987 0.538014 0.007021 0.004084
6 0.437011 0.540057 0.007823 0.005027
5 0.402006 0.531888 0.005216 0.003142
5 0.395587 0.530474 0.004413 0.002828
5 0.444835 0.535501 0.005015 0.003456
6 0.444634 0.542099 0.007823 0.004713
5 0.451655 0.544141 0.004614 0.003142
5 0.457272 0.545397 0.004614 0.003142
6 0.449248 0.517751 0.007021 0.004398
6 0.463089 0.520421 0.007021 0.004084
5 0.454363 0.521992 0.004814 0.002828
5 0.468405 0.536758 0.004814 0.002828
5 0.465697 0.539271 0.005015 0.003456
5 0.463290 0.547440 0.004614 0.002828
5 0.470913 0.549325 0.004614 0.003456
5 0.477633 0.547440 0.004413 0.002828
5 0.476329 0.550895 0.004614 0.002828
5 0.481946 0.553566 0.004614 0.003770
5 0.484654 0.560006 0.002808 0.005969
5 0.476128 0.522620 0.004614 0.003456
5 0.478837 0.526233 0.005216 0.003142
5 0.486760 0.519793 0.005817 0.004713
5 0.498897 0.520892 0.005216 0.003142
5 0.499599 0.518065 0.004614 0.003142
5 0.498796 0.522934 0.004213 0.002828
6 0.499599 0.540371 0.005416 0.003142
5 0.509328 0.548068 0.004413 0.002828
6 0.509428 0.554351 0.006219 0.003456
6 0.514945 0.560163 0.004814 0.005027
5 0.503511 0.555137 0.004012 0.002513
5 0.505517 0.558278 0.004012 0.002513
5 0.510532 0.559221 0.004814 0.003770
5 0.521163 0.540057 0.005617 0.003770
5 0.513340 0.526233 0.005216 0.003142
5 0.505416 0.516651 0.002207 0.004084
5 0.513139 0.530317 0.004012 0.004398
5 0.518656 0.533930 0.005015 0.002828
5 0.524373 0.534873 0.005617 0.002828
5 0.530792 0.536915 0.005216 0.003142
5 0.538616 0.538800 0.004012 0.002513
5 0.544233 0.540528 0.004814 0.003456
5 0.535105 0.546654 0.004614 0.003142
6 0.528987 0.558592 0.006419 0.003770
5 0.544333 0.559378 0.005015 0.002828
5 0.537111 0.561734 0.003811 0.001885
6 0.547743 0.564248 0.008225 0.004398
5 0.539819 0.566604 0.004012 0.004084
5 0.547342 0.568175 0.003410 0.004084
5 0.553962 0.569746 0.003811 0.004713
5 0.557974 0.571159 0.003410 0.004398
5 0.561886 0.572102 0.003611 0.004398
5 0.565797 0.572730 0.003811 0.005027
5 0.568806 0.573516 0.003009 0.004713
5 0.572919 0.574615 0.004012 0.004398
5 0.579840 0.576186 0.003410 0.004398
5 0.582648 0.577128 0.004213 0.005655
5 0.588766 0.578385 0.003210 0.005027
5 0.592477 0.579485 0.003811 0.004084
5 0.597593 0.573516 0.004413 0.002199
5 0.601103 0.581841 0.003410 0.005027
5 0.604112 0.582626 0.003811 0.004713
5 0.607723 0.583255 0.003410 0.004084
5 0.611033 0.584197 0.003210 0.004713
5 0.614443 0.585140 0.003210 0.004084
5 0.617753 0.585768 0.003410 0.004084
5 0.551755 0.542256 0.005015 0.003142
5 0.556871 0.543355 0.004814 0.002828
5 0.562287 0.544769 0.004814 0.003142
5 0.568205 0.546497 0.004213 0.002199
5 0.575827 0.548696 0.005015 0.003456
5 0.581745 0.549639 0.004413 0.002828
5 0.592678 0.552309 0.005416 0.003142
5 0.609529 0.553095 0.004614 0.002828
5 0.614343 0.554823 0.004614 0.003142
5 0.619559 0.555922 0.005015 0.003456
5 0.619358 0.559378 0.005015 0.004084
5 0.627884 0.561891 0.005617 0.003456
5 0.602508 0.563462 0.005015 0.003456
5 0.610431 0.547282 0.004413 0.003142
5 0.615446 0.548382 0.004413 0.003456
5 0.620562 0.549639 0.005015 0.003456
5 0.626479 0.551367 0.004413 0.003770
5 0.630391 0.589538 0.003811 0.004713
5 0.633601 0.590167 0.003811 0.004713
5 0.639017 0.581056 0.004213 0.002199
5 0.640120 0.576500 0.004814 0.003770
5 0.640923 0.573358 0.004012 0.003142
5 0.650652 0.603833 0.004614 0.003142
5 0.675025 0.590009 0.004814 0.003142
34 0.647743 0.554823 0.011234 0.074144
5 0.650351 0.564405 0.004012 0.002828
5 0.654865 0.568175 0.004614 0.003456
5 0.648847 0.571631 0.004614 0.002828
5 0.649248 0.566918 0.004213 0.002828
5 0.671314 0.573044 0.005015 0.003770
5 0.683952 0.576029 0.005015 0.004084
5 0.691274 0.578071 0.004814 0.003142
5 0.676931 0.594408 0.004213 0.003142
5 0.665998 0.599120 0.004012 0.003142
5 0.656169 0.599592 0.005216 0.005969
5 0.679338 0.602576 0.005817 0.003770
5 0.687864 0.604461 0.005216 0.003770
5 0.696891 0.606660 0.005216 0.003770
5 0.705216 0.609645 0.005015 0.003456
5 0.658275 0.616085 0.003410 0.004398
5 0.662989 0.617813 0.002407 0.004084
5 0.663892 0.613101 0.004614 0.002199
5 0.665597 0.618442 0.002407 0.004713
5 0.667904 0.618442 0.002608 0.004713
5 0.670110 0.619070 0.002608 0.004084
5 0.672217 0.619070 0.002407 0.004084
5 0.682247 0.620641 0.003611 0.005341
5 0.685557 0.621741 0.003410 0.005027
5 0.689368 0.622369 0.003811 0.005027
5 0.693079 0.623311 0.003611 0.005655
5 0.696189 0.623940 0.003410 0.005027
5 0.699498 0.624725 0.003611 0.004713
5 0.702708 0.625825 0.003210 0.005027
5 0.706319 0.626453 0.004012 0.005655
5 0.712738 0.628652 0.003210 0.005027
5 0.715647 0.629123 0.003410 0.004713
5 0.718255 0.630223 0.003811 0.005655
5 0.721565 0.629909 0.003611 0.004398
6 0.708927 0.622997 0.006820 0.003770
5 0.710532 0.610587 0.005216 0.004084
5 0.719358 0.613101 0.004814 0.003456
5 0.725577 0.614515 0.004413 0.003142
5 0.731494 0.615771 0.004614 0.003142
5 0.737412 0.617656 0.004413 0.003142
5 0.724975 0.631637 0.002808 0.004084
5 0.728385 0.632108 0.003611 0.005027
5 0.718656 0.606975 0.004614 0.003142
5 0.733601 0.635093 0.003611 0.004084
5 0.736409 0.634307 0.003210 0.003770
5 0.741525 0.610430 0.005416 0.003142
6 0.746439 0.620170 0.006820 0.004398
5 0.739819 0.634778 0.003611 0.004084
5 0.743832 0.636506 0.004012 0.005027
5 0.756269 0.622526 0.004814 0.002828
5 0.749950 0.637135 0.003410 0.004398
5 0.753661 0.639020 0.004012 0.004398
5 0.761585 0.623468 0.005015 0.002828
5 0.763691 0.641219 0.003210 0.004398
5 0.767603 0.641847 0.003410 0.004398
5 0.775727 0.627396 0.004413 0.002513
5 0.781143 0.628495 0.004413 0.002828
5 0.784152 0.621112 0.004814 0.003142
5 0.771314 0.642633 0.003611 0.004713
5 0.774724 0.643889 0.003210 0.004713
5 0.778736 0.644832 0.003611 0.004713
5 0.782347 0.645931 0.003210 0.004398
5 0.786560 0.647031 0.003611 0.004084
5 0.789769 0.643575 0.005216 0.002828
5 0.790070 0.647974 0.003410 0.004084
5 0.793480 0.648759 0.002608 0.005027
5 0.796289 0.649544 0.003009 0.004713
5 0.794985 0.632736 0.005216 0.003142
5 0.800301 0.621741 0.005015 0.003142
5 0.801304 0.625825 0.004614 0.003770
5 0.808425 0.635878 0.004814 0.003142
5 0.702909 0.592837 0.005617 0.003770
5 0.720762 0.594408 0.005216 0.003142
5 0.727282 0.587025 0.004213 0.002828
5 0.735206 0.587025 0.004814 0.002828
5 0.732999 0.588596 0.004814 0.003456
5 0.742026 0.595822 0.005216 0.003456
5 0.750351 0.590952 0.004213 0.003770
5 0.754263 0.594251 0.004413 0.002828
5 0.757673 0.592680 0.004814 0.004084
5 0.760682 0.603676 0.004814 0.002828
5 0.767904 0.595664 0.004413 0.003142
5 0.782548 0.601791 0.005216 0.003456
5 0.784453 0.610430 0.005015 0.003142
5 0.792678 0.608860 0.005015 0.003770
5 0.813440 0.607289 0.004814 0.004398
5 0.818054 0.614829 0.005216 0.003142
5 0.816449 0.654728 0.003611 0.004398
5 0.819759 0.655042 0.003811 0.004398
6 0.838917 0.635093 0.006018 0.003456
6 0.849348 0.640276 0.006018 0.003770
5 0.827282 0.660540 0.005617 0.003456
5 0.835005 0.659284 0.003410 0.003456
5 0.839819 0.660855 0.004614 0.004713
5 0.833400 0.662582 0.005416 0.003142
5 0.860983 0.640434 0.004814 0.003456
5 0.871314 0.640276 0.004614 0.003142
5 0.870712 0.669180 0.005015 0.003770
5 0.876429 0.670908 0.004814 0.003456
5 0.892979 0.675149 0.004614 0.003770
5 0.882849 0.676406 0.004012 0.005027
5 0.902407 0.677505 0.003811 0.002828
5 0.908626 0.678762 0.005817 0.003456
5 0.914845 0.680176 0.005015 0.003142
6 0.893581 0.638706 0.007422 0.005027
5 0.888566 0.639962 0.004213 0.002513
5 0.892477 0.646246 0.004814 0.003142
5 0.911936 0.646246 0.004814 0.003142
5 0.912638 0.651115 0.004213 0.002828
5 0.915145 0.657085 0.004814 0.003456
5 0.911835 0.662111 0.005015 0.002828
5 0.902407 0.619855 0.003811 0.002513
5 0.907523 0.624411 0.003210 0.005341
5 0.911434 0.625039 0.002608 0.004084
5 0.915045 0.625511 0.003009 0.005027
5 0.918455 0.627081 0.002608 0.004398
5 0.925476 0.628652 0.002207 0.004398
5 0.927884 0.628652 0.002207 0.003770
5 0.931896 0.630851 0.002608 0.005655
5 0.934704 0.630694 0.003009 0.005341
5 0.937713 0.631637 0.003009 0.005341
5 0.940622 0.632108 0.002808 0.004398
5 0.944634 0.633522 0.003210 0.004713
6 0.935707 0.648602 0.005817 0.003456
5 0.929990 0.655514 0.004814 0.002828
5 0.932999 0.659441 0.004012 0.001885
5 0.944132 0.653472 0.004213 0.002513
5 0.947743 0.661640 0.004614 0.003142
6 0.955968 0.647817 0.007422 0.004398
11 0.973420 0.655985 0.010231 0.005655
5 0.959679 0.655514 0.005216 0.002828
5 0.974824 0.666824 0.005015 0.003456
5 0.965396 0.670594 0.004614 0.002828
5 0.958074 0.670751 0.004413 0.003142
5 0.914544 0.683789 0.004413 0.004713
5 0.885858 0.676563 0.002808 0.004713
5 0.925577 0.686931 0.004413 0.004084
5 0.930491 0.684574 0.005015 0.003142
5 0.938315 0.685988 0.004614 0.003456
5 0.943932 0.687873 0.004614 0.003456
5 0.941224 0.691015 0.004413 0.004713
5 0.949348 0.689758 0.004614 0.002828
5 0.944835 0.691957 0.004413 0.004084
5 0.950451 0.693685 0.004814 0.003770
5 0.954463 0.694628 0.004413 0.003770
5 0.954564 0.690701 0.005015 0.002828
5 0.960181 0.692271 0.004614 0.002828
6 0.974524 0.690701 0.007222 0.004713
5 0.978937 0.697455 0.004413 0.002513
5 0.983751 0.698084 0.003611 0.002513
5 0.988766 0.700126 0.004012 0.003456
5 0.982046 0.660226 0.004213 0.003456
5 0.986259 0.664939 0.004614 0.003456
5 0.979940 0.674835 0.005216 0.003142
5 0.987362 0.676563 0.004413 0.003456
5 0.988967 0.670280 0.004012 0.002828
5 0.964193 0.645617 0.004213 0.003142
5 0.856570 0.617970 0.005216 0.003142
5 0.836209 0.577443 0.003410 0.004398
5 0.835206 0.579956 0.003410 0.004398
5 0.834704 0.583412 0.003611 0.004398
5 0.833902 0.586554 0.004012 0.004398
5 0.833200 0.589067 0.003811 0.003770
5 0.831896 0.591109 0.003611 0.003456
5 0.831394 0.594251 0.003410 0.003456
5 0.825476 0.592837 0.004012 0.003770
5 0.828586 0.575243 0.004213 0.003770
5 0.827884 0.578542 0.004413 0.003456
5 0.827182 0.581998 0.004614 0.003456
5 0.826279 0.584983 0.004012 0.003142
5 0.846439 0.574458 0.002608 0.003456
5 0.844734 0.579171 0.003611 0.005341
5 0.843932 0.584511 0.003210 0.005341
5 0.842126 0.590167 0.002808 0.005341
5 0.840722 0.595664 0.002808 0.005027
6 0.849248 0.573516 0.003009 0.005969
5 0.849248 0.567546 0.003811 0.004713
6 0.827884 0.566447 0.004413 0.004398
6 0.822267 0.562363 0.005617 0.003770
5 0.825677 0.559692 0.004012 0.003456
5 0.851856 0.561577 0.003009 0.005341
5 0.842728 0.560635 0.004012 0.004084
5 0.859478 0.565347 0.004614 0.003456
5 0.869609 0.568018 0.002407 0.004398
5 0.843230 0.553723 0.003410 0.005341
5 0.845637 0.551367 0.004213 0.005027
5 0.847342 0.549639 0.004413 0.004084
5 0.848646 0.547440 0.004213 0.003456
5 0.835506 0.551367 0.003210 0.004398
5 0.832999 0.551052 0.002207 0.004398
5 0.827783 0.547597 0.004614 0.003142
5 0.828987 0.544612 0.004213 0.002199
5 0.830792 0.537386 0.004614 0.003456
5 0.831595 0.534873 0.004614 0.003456
5 0.832297 0.532359 0.004413 0.003456
5 0.837813 0.538957 0.002608 0.004084
5 0.840522 0.540528 0.002808 0.004713
5 0.842929 0.541470 0.002808 0.004713
5 0.816550 0.514609 0.004614 0.003142
5 0.815647 0.519636 0.004413 0.003142
5 0.815145 0.521992 0.004614 0.002828
5 0.814744 0.524662 0.004213 0.003142
5 0.838315 0.528118 0.002407 0.005027
5 0.789168 0.530631 0.003210 0.004398
5 0.776530 0.508954 0.003611 0.004398
5 0.765597 0.512724 0.003009 0.004398
6 0.767603 0.510996 0.003811 0.004713
5 0.755667 0.493717 0.002407 0.004713
5 0.785657 0.476123 0.003410 0.003456
5 0.831294 0.491675 0.002407 0.005027
5 0.823571 0.464970 0.003811 0.003770
5 0.818154 0.457116 0.003811 0.003770
5 0.797793 0.455702 0.004814 0.004713
5 0.825878 0.446120 0.004413 0.005027
5 0.763190 0.437952 0.004213 0.004398
5 0.747743 0.426642 0.003811 0.005027
5 0.731996 0.441879 0.002407 0.004084
5 0.742828 0.448005 0.003210 0.004398
5 0.745236 0.452718 0.003611 0.004398
5 0.748646 0.458844 0.003210 0.004713
6 0.770812 0.496544 0.002608 0.005341
5 0.781545 0.539114 0.002808 0.005027
5 0.784654 0.539899 0.002207 0.004084
5 0.789168 0.540842 0.002808 0.004713
5 0.786660 0.541156 0.002207 0.004713
5 0.791374 0.543041 0.002407 0.004713
5 0.785657 0.545397 0.003009 0.004398
5 0.795085 0.544612 0.005015 0.002828
5 0.783450 0.544298 0.002608 0.004713
5 0.790471 0.547282 0.002608 0.004398
5 0.829890 0.541784 0.004814 0.002828
5 0.744333 0.382815 0.004614 0.004713
5 0.715446 0.478322 0.004614 0.004084
5 0.713841 0.480207 0.004614 0.004084
5 0.711735 0.482092 0.004814 0.004084
5 0.710632 0.484292 0.004614 0.004713
5 0.709127 0.486177 0.004814 0.004713
5 0.707723 0.488219 0.004413 0.004398
5 0.706520 0.468426 0.004413 0.004398
5 0.711434 0.467955 0.004213 0.004084
5 0.704313 0.469997 0.004012 0.003770
5 0.700301 0.475809 0.004814 0.004084
53 0.706620 0.477223 0.031494 0.032045
5 0.683751 0.446434 0.004614 0.005027
5 0.679539 0.449419 0.004213 0.004084
6 0.640822 0.469211 0.005817 0.006598
5 0.636108 0.464813 0.004012 0.003456
5 0.632798 0.463242 0.004213 0.004084
5 0.605617 0.439837 0.004413 0.004398
5 0.603611 0.437637 0.005216 0.004398
5 0.598997 0.432768 0.005617 0.002828
5 0.599799 0.424599 0.004012 0.004713
5 0.666199 0.404178 0.004413 0.004084
5 0.621464 0.379202 0.004413 0.003770
5 0.619759 0.380773 0.003811 0.003770
5 0.618355 0.384229 0.004213 0.004398
5 0.615446 0.385800 0.003611 0.003770
5 0.655366 0.344801 0.004012 0.004084
5 0.656871 0.347000 0.003811 0.004084
5 0.658074 0.348413 0.004213 0.004398
5 0.659077 0.350927 0.003811 0.003142
5 0.664594 0.358781 0.004413 0.004398
5 0.663290 0.342601 0.003009 0.003456
5 0.664393 0.340716 0.003210 0.002828
5 0.640421 0.303173 0.003410 0.004398
5 0.638415 0.304587 0.004213 0.004713
5 0.636810 0.306786 0.004614 0.004713
5 0.611635 0.316525 0.003611 0.003456
5 0.607523 0.320295 0.004213 0.004713
5 0.599799 0.326579 0.004413 0.004713
5 0.595888 0.330663 0.003811 0.004084
5 0.591775 0.333647 0.003611 0.003770
5 0.587763 0.337575 0.004413 0.004713
5 0.581645 0.343387 0.004213 0.004398
5 0.577232 0.346843 0.003811 0.004398
5 0.573220 0.350927 0.004213 0.004398
5 0.568405 0.355639 0.004213 0.004398
5 0.564493 0.359881 0.004012 0.004713
5 0.560883 0.363651 0.003611 0.003456
5 0.557372 0.367421 0.003410 0.004713
5 0.553862 0.372133 0.003210 0.004713
5 0.550351 0.376374 0.003410 0.004398
5 0.547141 0.380616 0.003009 0.004713
5 0.562086 0.385485 0.003611 0.005655
6 0.550251 0.396324 0.005216 0.006598
5 0.539619 0.391612 0.004012 0.004084
5 0.536710 0.395382 0.002608 0.004084
5 0.534504 0.400880 0.002207 0.003770
5 0.530893 0.404178 0.003410 0.003456
5 0.525577 0.413132 0.003611 0.005027
5 0.523370 0.417216 0.002407 0.003770
5 0.509829 0.447220 0.003009 0.004713
5 0.507623 0.454131 0.003410 0.005969
5 0.502006 0.472824 0.003009 0.005027
5 0.499599 0.483506 0.003009 0.005027
5 0.494784 0.493560 0.004614 0.004398
5 0.410431 0.425071 0.002407 0.005027
5 0.377232 0.415331 0.002608 0.004398
5 0.375827 0.420044 0.002608 0.005027
5 0.337513 0.462143 0.004213 0.002513
5 0.524875 0.345743 0.003009 0.004713
5 0.523872 0.367421 0.004614 0.005341
5 0.459378 0.257462 0.004012 0.004713
5 0.457272 0.259975 0.004213 0.004713
5 0.455366 0.261860 0.003611 0.004084
5 0.449950 0.267986 0.004413 0.003770
5 0.448445 0.270342 0.003811 0.003456
5 0.446640 0.271913 0.003811 0.003456
5 0.494784 0.208922 0.003811 0.003770
5 0.491474 0.212221 0.003611 0.004084
5 0.487462 0.215991 0.003611 0.005341
5 0.484152 0.220075 0.004213 0.004713
5 0.480843 0.223531 0.004413 0.004713
5 0.512738 0.198084 0.005216 0.004084
5 0.517753 0.188187 0.004413 0.003770
5 0.516249 0.192743 0.004614 0.003456
5 0.526981 0.183161 0.004413 0.003142
5 0.553059 0.193999 0.004413 0.005341
5 0.552056 0.201068 0.003611 0.005027
5 0.556971 0.198712 0.003410 0.004084
5 0.555567 0.205781 0.003410 0.004398
5 0.558576 0.209394 0.003410 0.004713
5 0.567904 0.211750 0.003611 0.005027
5 0.581745 0.233742 0.004413 0.005027
5 0.593079 0.248508 0.005015 0.005027
5 0.608024 0.269400 0.003611 0.004713
5 0.611133 0.273327 0.004213 0.005027
5 0.614343 0.277254 0.003410 0.004084
5 0.617352 0.281653 0.003009 0.003456
6 0.646941 0.289664 0.004814 0.004398
5 0.702407 0.285423 0.003410 0.004084
5 0.706319 0.289821 0.004012 0.004084
5 0.701505 0.307886 0.004012 0.003770
5 0.700401 0.309614 0.003410 0.003456
5 0.698195 0.311341 0.003811 0.003770
5 0.696189 0.312912 0.004213 0.003770
5 0.711334 0.311184 0.003611 0.004084
5 0.663190 0.259661 0.004012 0.004713
5 0.674824 0.260289 0.004814 0.005341
5 0.679037 0.256676 0.004012 0.003770
5 0.683149 0.252906 0.004213 0.003770
5 0.729087 0.212535 0.005015 0.004713
5 0.724774 0.216305 0.003611 0.003456
5 0.720160 0.220232 0.004413 0.003770
5 0.713340 0.226516 0.004012 0.003142
5 0.740522 0.226673 0.004614 0.004713
5 0.778736 0.235156 0.004413 0.002828
5 0.749448 0.199340 0.003611 0.004084
5 0.746038 0.197298 0.004413 0.004398
5 0.755266 0.189601 0.004814 0.004084
5 0.770311 0.194628 0.004413 0.004084
5 0.774724 0.196670 0.004012 0.003770
10 0.788666 0.179705 0.005817 0.005655
5 0.771916 0.174521 0.004012 0.004084
5 0.768004 0.178134 0.003410 0.003142
5 0.793180 0.180490 0.004012 0.004084
5 0.802407 0.171536 0.004012 0.003770
5 0.807121 0.167295 0.003811 0.004713
5 0.813541 0.137920 0.004614 0.004398
5 0.830391 0.142319 0.004213 0.003770
5 0.838616 0.121898 0.004213 0.003770
5 0.853962 0.121583 0.004413 0.004398
5 0.860381 0.120798 0.004413 0.004713
5 0.865597 0.116243 0.003611 0.003770
5 0.908124 0.078228 0.004413 0.005027
5 0.886359 0.073516 0.004213 0.003770
5 0.921966 0.073201 0.003611 0.003770
5 0.924072 0.080899 0.003811 0.005341
5 0.928185 0.063619 0.004814 0.004084
5 0.945537 0.028746 0.005015 0.004084
10 0.927583 0.042413 0.008425 0.006283
10 0.919960 0.047597 0.008024 0.005969
5 0.904514 0.057964 0.003611 0.004084
5 0.859779 0.010525 0.004012 0.005969
5 0.847944 0.016023 0.004012 0.005027
5 0.850050 0.017908 0.003410 0.004398
5 0.020562 0.156299 0.004213 0.002199
5 0.018556 0.158341 0.004614 0.002513
5 0.017252 0.161012 0.005216 0.002828
5 0.016249 0.163996 0.005617 0.003142
5 0.016148 0.166667 0.005817 0.002828
5 0.016650 0.169180 0.004814 0.002199
5 0.016349 0.171693 0.005416 0.002828
5 0.017252 0.174521 0.005216 0.002828
5 0.019759 0.176720 0.005015 0.002828
5 0.075426 0.162425 0.002407 0.005027
5 0.068004 0.272542 0.002808 0.004713
5 0.130191 0.314169 0.004814 0.004398
6 0.023270 0.427584 0.006018 0.003142
5 0.017151 0.421929 0.005416 0.003142
6 0.045537 0.398680 0.005617 0.007540
5 0.056068 0.388941 0.003811 0.005027
5 0.058475 0.389884 0.003811 0.005027
5 0.074423 0.419416 0.004413 0.003142
5 0.103109 0.432611 0.004413 0.003142
5 0.097492 0.425856 0.004814 0.002828
13 0.128485 0.471882 0.004614 0.007540
5 0.483450 0.570374 0.003210 0.004084
6 0.479739 0.585140 0.004213 0.007226
6 0.478034 0.592680 0.004413 0.007854
6 0.475025 0.607289 0.004012 0.007540
6 0.471515 0.634936 0.004213 0.007540
5 0.468004 0.635878 0.003210 0.004398
5 0.466098 0.647188 0.003811 0.005655
5 0.462788 0.657870 0.002407 0.003142
5 0.461986 0.662425 0.002808 0.004084
10 0.448445 0.654257 0.003410 0.006598
6 0.495486 0.648445 0.005216 0.003142
5 0.519458 0.632422 0.002608 0.004398
5 0.517352 0.640748 0.002407 0.004084
5 0.524373 0.653157 0.004814 0.004398
5 0.499900 0.610587 0.002808 0.005341
5 0.474624 0.589381 0.004413 0.003142
5 0.412337 0.592366 0.004614 0.004713
5 0.408927 0.591423 0.003811 0.004084
5 0.457974 0.695099 0.002006 0.003456
5 0.456369 0.711122 0.002808 0.004084
5 0.447041 0.725730 0.003009 0.005027
5 0.448546 0.729500 0.003611 0.005027
5 0.450351 0.733428 0.002808 0.004084
5 0.449950 0.738611 0.002808 0.004398
10 0.443731 0.739554 0.003611 0.006283
5 0.444433 0.750550 0.002608 0.005655
5 0.446439 0.753377 0.002207 0.005027
5 0.449448 0.751649 0.002608 0.004084
5 0.446239 0.759032 0.002207 0.005027
5 0.449047 0.768615 0.002207 0.004713
5 0.436209 0.776312 0.004614 0.005027
5 0.448847 0.775840 0.003009 0.005341
5 0.448746 0.782595 0.002808 0.005027
5 0.430792 0.787151 0.003009 0.004713
5 0.448646 0.788093 0.002608 0.004713
5 0.449047 0.796261 0.002608 0.004713
5 0.449448 0.801445 0.002608 0.005027
5 0.448144 0.816054 0.003210 0.005341
5 0.424674 0.802074 0.002006 0.005027
5 0.446038 0.816368 0.002608 0.005341
5 0.452959 0.830506 0.002407 0.005341
5 0.452457 0.836004 0.002608 0.004398
5 0.439619 0.858938 0.003009 0.005027
5 0.435005 0.867421 0.005416 0.003770
10 0.428786 0.869620 0.006219 0.005027
5 0.428385 0.875275 0.003410 0.005027
5 0.425978 0.876532 0.003009 0.005027
5 0.423571 0.877003 0.003410 0.005341
5 0.421565 0.878102 0.003410 0.005027
5 0.461785 0.870405 0.002808 0.004084
6 0.458877 0.884386 0.003811 0.006283
5 0.465296 0.901194 0.002608 0.004084
5 0.468004 0.907948 0.002808 0.005027
5 0.461785 0.922400 0.002808 0.005027
5 0.475025 0.904650 0.003210 0.004713
5 0.477533 0.911247 0.003009 0.004713
5 0.480040 0.917374 0.002808 0.005027
5 0.482347 0.922872 0.003009 0.004713
5 0.484554 0.927584 0.003009 0.004713
5 0.486760 0.933082 0.003410 0.005655
10 0.493280 0.959786 0.004012 0.006912
5 0.498094 0.960572 0.004012 0.005341
5 0.493681 0.974238 0.003611 0.004398
5 0.496891 0.981150 0.002808 0.004398
5 0.475426 0.954288 0.005216 0.003456
5 0.529288 0.956330 0.003009 0.004398
5 0.467101 0.930883 0.003009 0.003770
5 0.412538 0.944235 0.004614 0.004084
5 0.412337 0.946748 0.004213 0.004084
5 0.413039 0.949419 0.004814 0.003142
5 0.414243 0.952089 0.004413 0.004084
5 0.401805 0.947062 0.004012 0.003456
5 0.406419 0.963085 0.004814 0.003456
5 0.407623 0.966384 0.005216 0.003770
5 0.408425 0.969211 0.004814 0.003142
5 0.409629 0.972039 0.004413 0.003142
5 0.396088 0.911718 0.004213 0.003142
5 0.396189 0.913918 0.004413 0.003770
5 0.397593 0.916588 0.005216 0.003456
5 0.397894 0.895696 0.004614 0.003142
5 0.399198 0.898366 0.004413 0.002828
5 0.399900 0.900566 0.004213 0.003456
5 0.400501 0.903393 0.004213 0.004084
6 0.370211 0.880302 0.005416 0.002513
5 0.377232 0.883129 0.005015 0.002513
5 0.377332 0.875432 0.004012 0.002828
5 0.383149 0.885642 0.002407 0.004398
6 0.448546 0.836161 0.004012 0.009111
5 0.320963 0.736255 0.003611 0.004713
5 0.319358 0.734213 0.003210 0.003770
5 0.316650 0.733113 0.003811 0.004713
5 0.314343 0.731543 0.003210 0.004084
5 0.243631 0.749764 0.005015 0.003456
5 0.244534 0.754477 0.004814 0.003456
5 0.244834 0.760446 0.005416 0.004084
5 0.254062 0.734998 0.003811 0.004713
5 0.208626 0.833962 0.004413 0.002828
5 0.185557 0.824694 0.004814 0.002513
5 0.173320 0.821238 0.004814 0.003142
5 0.173220 0.825008 0.004614 0.002513
5 0.181946 0.829249 0.005216 0.003456
5 0.188465 0.830977 0.002608 0.005027
5 0.180241 0.834904 0.005416 0.003456
5 0.170411 0.831762 0.003811 0.003456
5 0.169609 0.836946 0.004614 0.002513
5 0.169007 0.838988 0.004213 0.002199
5 0.168405 0.849670 0.004614 0.004713
5 0.186560 0.845743 0.003210 0.005655
5 0.191675 0.844486 0.003009 0.005027
5 0.201605 0.840873 0.002808 0.004713
5 0.198495 0.841345 0.002608 0.004398
5 0.203811 0.840402 0.002407 0.004398
53 0.185958 0.835061 0.048546 0.028904
3 0.116349 0.810242 0.017653 0.014452
5 0.061284 0.885328 0.003009 0.005655
5 0.038114 0.879673 0.002808 0.005027
5 0.042929 0.890826 0.002808 0.004713
5 0.143731 0.923343 0.005416 0.002513
5 0.089970 0.949733 0.004614 0.003770
5 0.089168 0.953032 0.005015 0.004084
5 0.088465 0.957901 0.004012 0.003142
5 0.088064 0.961200 0.004012 0.003456
5 0.147442 0.966384 0.002808 0.005655
5 0.230191 0.936224 0.004213 0.003142
5 0.264594 0.903393 0.004814 0.002828
5 0.263892 0.907791 0.004614 0.003456
5 0.264995 0.897581 0.004012 0.002513
5 0.279137 0.912975 0.003410 0.005027
5 0.344534 0.890198 0.004614 0.002828
5 0.342828 0.885328 0.003611 0.003770
48 0.157573 0.909048 0.019057 0.024819
48 0.240522 0.921458 0.048947 0.038957
48 0.185456 0.965913 0.098495 0.068175
48 0.113340 0.962143 0.055767 0.058750
48 0.292177 0.972510 0.131394 0.054980
48 0.290672 0.897424 0.031695 0.050581
48 0.327683 0.933239 0.051956 0.042413
48 0.385356 0.940308 0.034905 0.064090
53 0.370311 0.941093 0.037312 0.070060
53 0.399298 0.974709 0.031093 0.020421
48 0.430291 0.937637 0.059779 0.075715
48 0.506620 0.916588 0.055968 0.127238
48 0.396891 0.887370 0.012237 0.009111
48 0.378837 0.892554 0.012638 0.019478
48 0.356169 0.880773 0.007422 0.004084
48 0.355065 0.884386 0.008024 0.006912
48 0.363390 0.880930 0.006620 0.006283
48 0.389468 0.848256 0.048746 0.052152
48 0.339418 0.837260 0.026078 0.032674
48 0.307222 0.851084 0.029087 0.037700
48 0.482748 0.798461 0.045938 0.098963
48 0.569208 0.800660 0.099298 0.044926
48 0.572317 0.857367 0.042126 0.023249
48 0.574323 0.879359 0.043330 0.026390
48 0.660080 0.824222 0.096891 0.043041
48 0.584855 0.898995 0.039920 0.025448
5 0.621866 0.887370 0.004413 0.003456
5 0.623169 0.889727 0.003811 0.003142
5 0.623671 0.892868 0.004413 0.004398
5 0.625476 0.894910 0.004012 0.004084
48 0.654263 0.887527 0.023470 0.034559
48 0.686459 0.883286 0.022066 0.026076
48 0.680441 0.908106 0.046138 0.027333
7 0.689970 0.960101 0.005416 0.004398
5 0.729188 0.953974 0.004413 0.002828
5 0.764193 0.970782 0.005015 0.003142
10 0.798495 0.960258 0.006219 0.004713
5 0.782046 0.940622 0.004614 0.003142
6 0.843731 0.946591 0.005617 0.003770
5 0.850752 0.930097 0.004012 0.002828
6 0.903310 0.930412 0.006018 0.003456
5 0.936309 0.940151 0.005015 0.003456
5 0.959278 0.935595 0.004814 0.003142
5 0.953561 0.938266 0.003410 0.003456
5 0.952156 0.923029 0.004213 0.003770
5 0.977232 0.915803 0.005015 0.002513
5 0.935607 0.907163 0.004012 0.002199
5 0.979739 0.898838 0.004814 0.002513
5 0.956169 0.902765 0.005416 0.002828
5 0.969709 0.887999 0.002808 0.004713
5 0.960281 0.880773 0.004012 0.005341
5 0.895587 0.838360 0.005015 0.002828
5 0.842829 0.833647 0.002608 0.004713
5 0.840120 0.833490 0.002407 0.004398
5 0.828185 0.836632 0.004213 0.002513
5 0.827984 0.839145 0.004614 0.001885
5 0.827382 0.841188 0.004614 0.002199
5 0.826881 0.843073 0.004012 0.001571
5 0.825878 0.844958 0.004012 0.002199
5 0.838315 0.828778 0.005617 0.003142
5 0.819157 0.869306 0.003009 0.004398
5 0.805416 0.872919 0.002808 0.004084
5 0.810331 0.871505 0.002207 0.003142
5 0.747944 0.884386 0.001805 0.003142
5 0.740120 0.805844 0.002207 0.004398
5 0.742126 0.806472 0.002608 0.004398
5 0.730491 0.803487 0.002207 0.004084
5 0.736309 0.809771 0.003410 0.004713
5 0.728385 0.802545 0.002407 0.004084
5 0.734804 0.804116 0.002407 0.004084
5 0.810231 0.761074 0.004814 0.004084
5 0.808626 0.764530 0.004814 0.003456
5 0.874624 0.774584 0.002407 0.004713
48 0.854263 0.883600 0.137011 0.060635
48 0.731595 0.910305 0.030090 0.050581
48 0.769107 0.851084 0.096690 0.043355
48 0.758375 0.883443 0.020662 0.018222
48 0.900602 0.775683 0.086861 0.111844
48 0.959679 0.793277 0.080642 0.115614
48 0.839017 0.758875 0.081244 0.113415
48 0.793681 0.715834 0.046740 0.058750
48 0.708526 0.726830 0.080642 0.115300
48 0.647442 0.711750 0.083250 0.117813
48 0.639719 0.626767 0.032497 0.042727
48 0.826981 0.686616 0.346038 0.130380
48 0.598596 0.610430 0.039318 0.035187
5 0.616750 0.620798 0.003009 0.005027
5 0.615045 0.625353 0.003210 0.005341
5 0.592979 0.629281 0.005617 0.003770
5 0.493882 0.571159 0.007222 0.006283
5 0.502407 0.576500 0.005416 0.006283
51 0.394283 0.618913 0.045938 0.065347
6 0.605216 0.629909 0.006419 0.005027
48 0.492477 0.586554 0.014845 0.023249
48 0.568205 0.578071 0.028686 0.012567
48 0.425577 0.628652 0.041525 0.057807
48 0.457372 0.634621 0.022066 0.059692
48 0.485958 0.611059 0.012237 0.019478
48 0.478335 0.631794 0.008626 0.015708
48 0.475928 0.646560 0.006219 0.011310
48 0.534905 0.613572 0.084855 0.079799
48 0.437613 0.575715 0.058776 0.051210
48 0.493781 0.666038 0.037513 0.035187
48 0.482247 0.685046 0.020060 0.017908
48 0.470812 0.705309 0.016851 0.021363
48 0.549649 0.686459 0.039318 0.028275
48 0.533300 0.703582 0.043531 0.032988
48 0.525978 0.724003 0.033701 0.026704
48 0.420160 0.697926 0.027884 0.042413
48 0.351454 0.709551 0.055366 0.048068
48 0.320160 0.718976 0.022467 0.027961
48 0.339819 0.773955 0.035306 0.068175
48 0.382949 0.761232 0.060582 0.079171
48 0.273721 0.733899 0.042728 0.049639
48 0.302006 0.781181 0.035105 0.063148
48 0.256871 0.796576 0.032297 0.048696
48 0.096790 0.833805 0.026680 0.040214
48 0.168004 0.759032 0.019057 0.013823
48 0.148144 0.758561 0.013039 0.021049
48 0.149348 0.785894 0.015045 0.029846
48 0.121665 0.775526 0.010231 0.009111
48 0.136108 0.747565 0.214443 0.158655
5 0.024473 0.621112 0.004413 0.003142
5 0.030090 0.622683 0.004413 0.003142
5 0.035406 0.623783 0.004213 0.002828
5 0.047944 0.626610 0.004413 0.003456
5 0.052859 0.628024 0.004213 0.003142
5 0.063992 0.630851 0.004413 0.003142
5 0.069107 0.632265 0.004614 0.003456
5 0.077432 0.634464 0.004814 0.002828
5 0.087362 0.636821 0.004614 0.002513
5 0.092578 0.637920 0.004213 0.003456
5 0.103611 0.640591 0.004213 0.003142
5 0.108425 0.641847 0.005416 0.003770
5 0.116851 0.643732 0.005416 0.003770
5 0.122367 0.645303 0.005216 0.003770
5 0.133400 0.647817 0.004413 0.003142
5 0.139218 0.649387 0.004413 0.002513
5 0.144734 0.650801 0.005416 0.003456
5 0.154564 0.652843 0.004614 0.003142
5 0.161384 0.654414 0.004614 0.003142
5 0.192578 0.662425 0.004413 0.002828
5 0.197994 0.663682 0.004814 0.002828
5 0.206419 0.665567 0.004814 0.003456
5 0.213039 0.667609 0.004814 0.003142
5 0.220461 0.669494 0.004814 0.002513
5 0.227583 0.671065 0.005416 0.003142
48 0.399599 0.382815 0.115145 0.187559
48 0.457573 0.345900 0.084253 0.074772
48 0.463089 0.378574 0.016249 0.018222
48 0.466901 0.393968 0.014644 0.008797
48 0.464594 0.398995 0.007222 0.006912
48 0.469408 0.400251 0.006820 0.007540
48 0.440822 0.432297 0.012237 0.020107
48 0.440622 0.444863 0.008626 0.008797
48 0.499198 0.415017 0.023872 0.028904
48 0.487763 0.449262 0.023872 0.028275
48 0.476530 0.484449 0.024674 0.028904
48 0.446439 0.480522 0.012237 0.010996
48 0.448245 0.494659 0.011836 0.013509
48 0.491675 0.501728 0.005216 0.011310
48 0.484152 0.507226 0.005416 0.007226
48 0.477633 0.505812 0.005617 0.005655
48 0.473721 0.504713 0.005416 0.005341
48 0.467001 0.508954 0.008024 0.006283
48 0.475527 0.514609 0.011434 0.006283
48 0.458877 0.507069 0.005015 0.005027
48 0.421464 0.498900 0.008024 0.005655
48 0.430391 0.505184 0.006620 0.004398
48 0.588967 0.520107 0.032899 0.046811
48 0.553059 0.470311 0.034102 0.049010
48 0.603109 0.460729 0.024674 0.026076
48 0.584554 0.451775 0.025276 0.025762
48 0.591474 0.466227 0.054363 0.036444
48 0.561986 0.436695 0.037914 0.040214
48 0.589569 0.404964 0.036911 0.041470
5 0.603009 0.391769 0.003611 0.003770
48 0.645436 0.450204 0.080040 0.068489
48 0.699799 0.457116 0.054764 0.065347
48 0.678235 0.429626 0.031695 0.037386
48 0.699900 0.366635 0.046941 0.057807
51 0.637412 0.405906 0.037111 0.040214
48 0.748546 0.376846 0.047543 0.038643
5 0.693180 0.380930 0.003811 0.004084
5 0.726279 0.424442 0.003410 0.004398
48 0.803811 0.380773 0.064995 0.073516
48 0.846239 0.388156 0.037111 0.038014
48 0.793480 0.440465 0.069208 0.071631
48 0.854764 0.430726 0.048144 0.053409
5 0.867101 0.383915 0.003811 0.003770
5 0.875226 0.399309 0.004814 0.004398
5 0.886459 0.412504 0.004413 0.004398
5 0.928686 0.398995 0.004213 0.004398
5 0.906720 0.377474 0.003611 0.003456
5 0.915045 0.385800 0.003811 0.003770
5 0.918957 0.389884 0.003611 0.003142
48 0.957171 0.400566 0.085657 0.105561
48 0.860381 0.273955 0.056570 0.082941
48 0.806620 0.224317 0.065396 0.096764
48 0.905115 0.205781 0.071815 0.076029
48 0.865998 0.158655 0.073821 0.077914
48 0.907322 0.108545 0.040120 0.036758
48 0.953260 0.100691 0.058576 0.062520
48 0.817051 0.112630 0.068606 0.067546
48 0.770411 0.076500 0.050351 0.050581
48 0.713139 0.062991 0.041324 0.047440
48 0.658275 0.086868 0.059980 0.056236
48 0.598696 0.139805 0.062387 0.054037
48 0.708927 0.133679 0.062187 0.056236
5 0.697793 0.113729 0.003009 0.004398
5 0.695486 0.116243 0.004012 0.003770
5 0.693180 0.117813 0.004614 0.004398
5 0.690873 0.119227 0.003210 0.004084
5 0.688967 0.121112 0.004213 0.004713
5 0.687763 0.123940 0.003009 0.003456
5 0.746841 0.128495 0.004413 0.003770
5 0.752859 0.134621 0.004814 0.004084
5 0.753962 0.137292 0.003811 0.004398
5 0.802708 0.095350 0.004213 0.003456
5 0.798796 0.098492 0.004413 0.004084
5 0.787061 0.109174 0.004614 0.004713
5 0.836108 0.118913 0.004413 0.004084
5 0.826680 0.127081 0.004012 0.003456
5 0.803210 0.147188 0.004012 0.003456
5 0.815747 0.141847 0.003811 0.004713
48 0.772116 0.024505 0.016851 0.014452
5 0.747242 0.036601 0.023270 0.021049
48 0.750953 0.165724 0.052357 0.049953
48 0.689468 0.228244 0.060983 0.060006
48 0.630090 0.160226 0.046941 0.046497
5 0.642427 0.120641 0.003410 0.003142
48 0.567302 0.190072 0.043731 0.051524
48 0.616148 0.251021 0.053561 0.065975
48 0.593079 0.290606 0.044333 0.044612
5 0.585858 0.262174 0.003811 0.004084
48 0.524875 0.299717 0.074022 0.083569
48 0.483149 0.259504 0.080040 0.103676
48 0.460983 0.230914 0.040923 0.047754
48 0.418756 0.268929 0.052758 0.057179
48 0.515145 0.382815 0.008425 0.007854
48 0.565998 0.343701 0.077232 0.079799
48 0.647944 0.339617 0.103511 0.103676
5 0.624373 0.329563 0.003811 0.004398
5 0.619759 0.333333 0.003811 0.003770
5 0.615547 0.336318 0.003811 0.004084
5 0.609027 0.343073 0.003611 0.003770
5 0.604915 0.347157 0.003811 0.003770
5 0.600602 0.350456 0.002808 0.002828
5 0.666600 0.500471 0.004413 0.004398
5 0.673521 0.506598 0.003811 0.003456
5 0.680241 0.512724 0.003210 0.004398
5 0.679037 0.516965 0.003611 0.002199
48 0.596790 0.499215 0.150050 0.100534
5 0.744834 0.560792 0.151655 0.057807
5 0.818355 0.492146 0.021464 0.037386
5 0.799900 0.510525 0.025476 0.039585
5 0.974925 0.466855 0.004413 0.003142
5 0.972016 0.470939 0.003410 0.004398
5 0.969308 0.471725 0.003210 0.004713
5 0.967603 0.472510 0.003009 0.005027
5 0.965597 0.473453 0.003009 0.005027
5 0.962287 0.465913 0.004012 0.003142
5 0.956670 0.474709 0.004413 0.003770
5 0.957171 0.469526 0.004213 0.002828
5 0.953059 0.468583 0.004012 0.004084
5 0.960782 0.473139 0.004614 0.003142
5 0.936008 0.475652 0.004012 0.003770
5 0.936008 0.484920 0.004814 0.004084
48 0.892076 0.545240 0.035306 0.055608
5 0.930391 0.486962 0.004413 0.003142
5 0.927683 0.488219 0.003410 0.003142
5 0.942126 0.480679 0.004614 0.003770
5 0.963390 0.484763 0.004213 0.003142
5 0.973821 0.487904 0.004213 0.004398
5 0.969007 0.489790 0.004614 0.003770
5 0.934905 0.480050 0.004213 0.003142
5 0.913139 0.474709 0.003611 0.005027
5 0.916550 0.479893 0.003611 0.004713
5 0.936209 0.516023 0.004814 0.002828
5 0.936008 0.518850 0.004814 0.003456
5 0.932498 0.528904 0.003811 0.002828
5 0.930592 0.533302 0.004413 0.002828
5 0.930692 0.535972 0.005015 0.003142
5 0.972818 0.518693 0.003811 0.004398
5 0.971214 0.512410 0.005015 0.003142
6 0.978837 0.525291 0.003811 0.006912
5 0.970110 0.502985 0.004413 0.004398
5 0.980040 0.509425 0.005015 0.003456
5 0.982548 0.510525 0.003611 0.003770
5 0.967904 0.500785 0.003210 0.002513
5 0.963490 0.498743 0.003210 0.004084
5 0.961384 0.497015 0.003009 0.003770
5 0.958977 0.493560 0.003811 0.003142
5 0.946439 0.510996 0.003210 0.005341
5 0.945135 0.516337 0.003410 0.005341
5 0.908225 0.497958 0.004213 0.002513
5 0.905115 0.498429 0.004413 0.002828
5 0.912237 0.496544 0.004213 0.002828
5 0.885657 0.516494 0.003611 0.004398
5 0.882748 0.520107 0.003009 0.004084
5 0.884253 0.508954 0.003210 0.004398
5 0.845838 0.556865 0.003410 0.004084
5 0.849248 0.552623 0.003410 0.003770
5 0.882949 0.584040 0.002608 0.005027
5 0.885958 0.584669 0.003009 0.005655
5 0.891073 0.585925 0.002808 0.003770
5 0.902207 0.588439 0.003811 0.003770
5 0.914945 0.571631 0.004012 0.002828
5 0.892879 0.575715 0.002808 0.004713
5 0.939017 0.564248 0.002808 0.005655
5 0.942227 0.564248 0.002808 0.005027
5 0.954463 0.567546 0.002808 0.004713
5 0.966500 0.570688 0.002407 0.004713
5 0.929087 0.541470 0.002608 0.004084
5 0.919057 0.553566 0.004614 0.003142
53 0.935707 0.529689 0.027081 0.055922
5 0.937111 0.546183 0.002608 0.004713
48 0.916550 0.564562 0.009629 0.013823
5 0.896189 0.503927 0.003410 0.004398
5 0.892979 0.507697 0.003410 0.003770
5 0.971615 0.809299 0.003811 0.005027
48 0.976830 0.857524 0.026279 0.026704
48 0.941625 0.882187 0.008425 0.009425
48 0.886058 0.846528 0.005617 0.008483
48 0.889569 0.845743 0.005015 0.007540
48 0.893480 0.845586 0.005216 0.007226
5 0.629288 0.927741 0.004012 0.005655
5 0.618154 0.928841 0.003009 0.004084
48 0.593380 0.963713 0.135206 0.058750
5 0.351755 0.627867 0.003410 0.004084
5 0.343731 0.638077 0.003811 0.003770
5 0.340421 0.643261 0.002808 0.004713
5 0.324273 0.662111 0.004614 0.004713
48 0.404112 0.670594 0.017854 0.021049
48 0.432999 0.754477 0.022668 0.047440
48 0.185055 0.429469 0.042728 0.025762
48 0.329188 0.456645 0.021264 0.043669
48 0.304413 0.446748 0.018656 0.018222
48 0.122869 0.231857 0.059980 0.170280
48 0.036209 0.169808 0.058776 0.083883
5 0.069308 0.122369 0.002207 0.004084
5 0.066800 0.121426 0.002006 0.004713
5 0.073521 0.117342 0.002207 0.004084
5 0.073621 0.143575 0.002407 0.005027
5 0.086058 0.187873 0.004012 0.003770
5 0.076830 0.214263 0.002407 0.005027
48 0.045838 0.236255 0.024273 0.028275
48 0.096189 0.322652 0.027081 0.014452
48 0.095286 0.357524 0.043330 0.057179
48 0.212437 0.325479 0.012437 0.015080
48 0.358977 0.254163 0.007021 0.010682
48 0.356269 0.210179 0.008425 0.010682
48 0.361785 0.223845 0.011836 0.016651
48 0.396489 0.195256 0.048345 0.027333
48 0.350953 0.183789 0.009027 0.009425
48 0.337011 0.141062 0.014845 0.013195
48 0.348445 0.170594 0.007623 0.007540
48 0.410933 0.084983 0.033902 0.024819
48 0.291575 0.130851 0.017051 0.011624
48 0.302006 0.152686 0.025476 0.012567
48 0.133801 0.107917 0.034102 0.024191
48 0.104614 0.116400 0.011836 0.010368
48 0.734704 0.262174 0.061184 0.057493
48 0.752457 0.315897 0.060181 0.063148
48 0.781946 0.269086 0.044132 0.047440
48 0.703009 0.323123 0.019057 0.021049
48 0.784654 0.323751 0.042327 0.046811
5 0.890271 0.267201 0.004814 0.004713
5 0.888867 0.268615 0.003611 0.003770
5 0.887061 0.271128 0.003611 0.003770
5 0.901805 0.273484 0.004213 0.004084
5 0.905216 0.271756 0.003009 0.003142
5 0.899699 0.275055 0.003611 0.003456
48 0.894784 0.278982 0.011033 0.010682
5 0.913741 0.281024 0.004012 0.004084
48 0.918054 0.274584 0.015045 0.014452
48 0.908626 0.262331 0.010231 0.010053
48 0.898796 0.252749 0.011836 0.011624
48 0.943631 0.255262 0.015246 0.013509
48 0.924875 0.259032 0.013842 0.014138
48 0.941324 0.239711 0.008626 0.010053
48 0.958475 0.197455 0.006018 0.008483
48 0.954162 0.202168 0.012237 0.012253
5 0.972718 0.283538 0.003611 0.004713
5 0.967904 0.288407 0.003611 0.005027
5 0.962588 0.293591 0.003410 0.003456
5 0.958275 0.297832 0.004413 0.004398
5 0.948345 0.307886 0.004213 0.003770
5 0.944233 0.311499 0.003611 0.004713
5 0.952257 0.311813 0.003611 0.004084
5 0.948646 0.315112 0.004012 0.004398
5 0.965697 0.298146 0.003210 0.003770
5 0.961083 0.303173 0.003210 0.003770
5 0.956670 0.307414 0.003210 0.004084
5 0.946540 0.320295 0.006219 0.002199
5 0.960582 0.324380 0.005817 0.004713
5 0.964594 0.327364 0.004213 0.003770
5 0.930090 0.326107 0.004213 0.004398
5 0.925777 0.329720 0.003611 0.004084
5 0.923370 0.332705 0.004012 0.003770
5 0.926881 0.340402 0.003811 0.003456
5 0.954463 0.328464 0.003210 0.003456
5 0.950251 0.328621 0.004012 0.004398
5 0.904012 0.352026 0.003811 0.004084
5 0.902808 0.373704 0.004614 0.004084
5 0.888766 0.351398 0.003410 0.004084
5 0.884754 0.347471 0.003009 0.002513
48 0.858676 0.347000 0.047543 0.050581
48 0.900903 0.395382 0.036911 0.039899
48 0.944534 0.436067 0.044333 0.043984
48 0.911434 0.456016 0.049950 0.048696
5 0.963691 0.425385 0.004012 0.004398
5 0.957573 0.419259 0.004614 0.004084
46 0.979739 0.809771 0.008826 0.007226
46 0.983250 0.803330 0.007422 0.006283
46 0.985456 0.799246 0.007422 0.008168
46 0.988666 0.797047 0.007021 0.007540
46 0.991073 0.793905 0.007021 0.006283
46 0.992778 0.790606 0.006018 0.005341
46 0.995286 0.787936 0.007422 0.006283
46 0.989468 0.807257 0.007021 0.005341
46 0.988164 0.810870 0.006820 0.005655
46 0.992177 0.803959 0.006419 0.006283
46 0.995085 0.801602 0.007422 0.005969
46 0.996891 0.798618 0.006219 0.006283
48 0.981846 0.935124 0.036309 0.013509
48 0.771214 0.787622 0.013842 0.010053
5 0.597392 0.830977 0.004413 0.003142
5 0.618556 0.882658 0.003410 0.001571
48 0.401906 0.038800 0.025075 0.023563
48 0.752658 0.015394 0.016449 0.013195
48 0.756871 0.026547 0.006419 0.008483
48 0.721464 0.019636 0.019057 0.016651
48 0.863089 0.082155 0.009428 0.009739
48 0.859278 0.078856 0.006620 0.008168
48 0.856269 0.076029 0.006620 0.007540
48 0.814945 0.051052 0.005015 0.006598
48 0.817954 0.052309 0.004213 0.006598
48 0.812136 0.048539 0.005015 0.005969
48 0.821163 0.054665 0.005015 0.006912
48 0.826580 0.057650 0.004213 0.005969
48 0.823972 0.055765 0.004614 0.005341
48 0.829288 0.059692 0.004814 0.006283
5 0.952257 0.072573 0.003611 0.004398
48 0.964493 0.163996 0.048546 0.050895
48 0.981545 0.227773 0.036911 0.046497
48 0.932899 0.297989 0.102909 0.088910
48 0.981143 0.324380 0.037713 0.066918
5 0.857071 0.237198 0.004213 0.003770
5 0.852959 0.240653 0.003611 0.004398
5 0.854062 0.310713 0.005015 0.002513
5 0.855667 0.312755 0.005015 0.002199
5 0.867503 0.328935 0.003009 0.004398
5 0.872518 0.334590 0.003009 0.003770
5 0.879037 0.309456 0.004012 0.004398
48 0.378837 0.567860 0.009428 0.004713
48 0.401103 0.536915 0.024674 0.011938
48 0.435105 0.544455 0.026078 0.010053
5 0.475426 0.584983 0.003611 0.005655
48 0.544333 0.628495 0.006219 0.010368
48 0.552859 0.630066 0.007623 0.007854
48 0.550652 0.637449 0.008024 0.008797
5 0.548044 0.641533 0.002808 0.004398
48 0.584554 0.628652 0.009629 0.006912
5 0.707723 0.660540 0.004012 0.003456
5 0.706419 0.663682 0.005015 0.003456
5 0.701505 0.677348 0.003210 0.004398
5 0.707523 0.682375 0.002407 0.005027
5 0.783350 0.690858 0.003210 0.004398
5 0.784253 0.695413 0.003009 0.003456
48 0.745336 0.748822 0.027482 0.046811
48 0.784253 0.751806 0.010632 0.010053
5 0.840522 0.707980 0.004413 0.003456
5 0.657272 0.781967 0.004213 0.002513
48 0.605717 0.814169 0.009428 0.010996
48 0.691675 0.836475 0.007623 0.007854
5 0.695687 0.840559 0.004413 0.002828
48 0.943631 0.941408 0.006820 0.004713
48 0.922267 0.620798 0.155466 0.104932
5 0.983551 0.653314 0.005216 0.002828
48 0.984554 0.066761 0.030893 0.065661
48 0.967703 0.546497 0.064594 0.083255
5 0.069007 0.073830 0.002407 0.003770
5 0.068104 0.062991 0.002608 0.005341
48 0.023771 0.052152 0.044333 0.040214
48 0.020160 0.096607 0.036309 0.045555
5 0.070311 0.131480 0.001404 0.002828
5 0.072919 0.137449 0.002207 0.004084
5 0.078736 0.126453 0.004213 0.002199
5 0.044333 0.313384 0.003210 0.004713
48 0.031996 0.325479 0.042327 0.034559
48 0.253862 0.295633 0.016249 0.016337
48 0.059779 0.814012 0.062187 0.079171
48 0.539117 0.210807 0.032297 0.038329
48 0.524473 0.256990 0.022668 0.023249
5 0.514544 0.432611 0.002808 0.003142
5 0.518255 0.428212 0.002207 0.003142
5 0.505216 0.461200 0.002207 0.003770
5 0.378134 0.687088 0.004012 0.005027
48 0.049248 0.845743 0.040722 0.055294
48 0.842929 0.847314 0.053360 0.027647
48 0.614945 0.035344 0.080843 0.043041
48 0.855868 0.202011 0.016650 0.015708
48 0.865095 0.222589 0.015848 0.017279
6 0.250150 0.464656 0.006419 0.004398
8 0.449850 0.453346 0.005416 0.004398
5 0.795988 0.472824 0.004814 0.004398
14 0.499398 0.967012 0.004614 0.006912
51 0.148345 0.874647 0.011033 0.009425
48 0.859980 0.516808 0.047342 0.063462
5 0.423872 0.629752 0.002808 0.002199
