48 0.007121 0.453145 0.014243 0.066667
48 0.015246 0.378774 0.013641 0.097170
48 0.022668 0.176258 0.037312 0.016038
48 0.010832 0.300000 0.021665 0.059119
23 0.036309 0.806761 0.032497 0.023585
23 0.397693 0.314623 0.024674 0.005346
23 0.266499 0.355975 0.008626 0.017610
23 0.272217 0.351572 0.005617 0.021384
23 0.302508 0.358176 0.007623 0.013836
23 0.310431 0.362264 0.006219 0.023899
23 0.304413 0.333491 0.012237 0.043082
23 0.335306 0.346698 0.015045 0.050629
23 0.342528 0.343082 0.011836 0.037736
29 0.296891 0.324214 0.006018 0.020755
26 0.317452 0.362579 0.007021 0.025157
23 0.518957 0.369340 0.006419 0.024843
23 0.402708 0.397642 0.027482 0.010377
23 0.676128 0.486635 0.007422 0.021069
23 0.670913 0.486478 0.006620 0.019497
26 0.684253 0.450943 0.023270 0.008176
23 0.728786 0.607390 0.016048 0.051887
23 0.423169 0.668553 0.047944 0.013836
27 0.229990 0.849528 0.057974 0.046226
26 0.192477 0.821698 0.019860 0.015723
23 0.720461 0.882075 0.020662 0.061006
29 0.378435 0.514780 0.024273 0.011321
29 0.397492 0.528616 0.019458 0.016981
27 0.402106 0.524214 0.019458 0.015723
27 0.366800 0.544969 0.027081 0.006289
48 0.818455 0.881289 0.040522 0.039308
48 0.847041 0.876101 0.018656 0.022642
48 0.852658 0.762579 0.103310 0.074214
48 0.842427 0.696541 0.026680 0.042138
48 0.808425 0.709277 0.017653 0.024214
48 0.820662 0.659119 0.062989 0.044025
48 0.808225 0.617296 0.045737 0.025786
48 0.876028 0.597484 0.017252 0.025786
48 0.840822 0.550786 0.022267 0.053145
48 0.834102 0.507390 0.020461 0.034906
48 0.789468 0.397327 0.046740 0.029874
48 0.740421 0.304560 0.034905 0.024843
48 0.783751 0.328616 0.034102 0.077987
48 0.863791 0.392925 0.030893 0.024843
48 0.822267 0.254874 0.031294 0.016038
48 0.701204 0.226258 0.064393 0.023585
48 0.504313 0.184591 0.042126 0.015094
48 0.417051 0.248585 0.023270 0.036792
48 0.467603 0.287264 0.017653 0.083962
48 0.365296 0.281604 0.014042 0.016667
48 0.378435 0.261006 0.009027 0.008176
48 0.409328 0.209119 0.036309 0.021384
48 0.367904 0.209434 0.024875 0.015094
48 0.313942 0.211950 0.034905 0.027044
48 0.221665 0.263679 0.032497 0.026730
48 0.263992 0.270912 0.038114 0.017925
48 0.224774 0.208176 0.039920 0.020755
48 0.293982 0.240723 0.013039 0.009119
48 0.291274 0.252201 0.010832 0.007547
48 0.338616 0.242925 0.008024 0.005346
48 0.190873 0.259277 0.009428 0.018553
48 0.173220 0.259277 0.009428 0.018553
48 0.095186 0.539308 0.033902 0.016352
48 0.073721 0.279403 0.019860 0.031132
48 0.990171 0.899371 0.019659 0.049686
48 0.981244 0.718239 0.026279 0.019497
48 0.840822 0.192453 0.022267 0.010063
48 0.905015 0.185692 0.068405 0.019811
48 0.860883 0.192925 0.013039 0.012893
48 0.920863 0.265880 0.074824 0.094025
48 0.999097 0.974371 0.001805 0.021698
48 0.954764 0.982390 0.060782 0.027044
48 0.092678 0.990409 0.062588 0.019182
5 0.998195 0.967453 0.002407 0.005975
5 0.855065 0.974686 0.002207 0.005346
5 0.857372 0.974843 0.002407 0.005031
5 0.860682 0.975157 0.002608 0.006289
5 0.025777 0.145912 0.004614 0.003774
5 0.055466 0.151572 0.004614 0.003774
5 0.073621 0.150157 0.004814 0.003459
5 0.076329 0.153459 0.005015 0.003774
5 0.123470 0.155818 0.005015 0.002830
5 0.149649 0.152830 0.005216 0.003774
5 0.077934 0.164151 0.004614 0.003774
5 0.103109 0.172013 0.005617 0.003145
5 0.103511 0.175157 0.005216 0.003145
5 0.087462 0.184906 0.004413 0.003145
5 0.087462 0.188050 0.004012 0.003145
55 0.062187 0.184748 0.005216 0.004717
55 0.069007 0.184591 0.005216 0.005031
5 0.057874 0.895912 0.004213 0.003774
5 0.054764 0.902358 0.004012 0.003459
5 0.077834 0.927044 0.003210 0.004403
5 0.083049 0.931132 0.004413 0.004403
5 0.070411 0.943553 0.004012 0.004717
5 0.075025 0.945912 0.003611 0.004403
5 0.077633 0.947799 0.003210 0.003145
5 0.085557 0.932862 0.004213 0.004717
5 0.087563 0.934434 0.003811 0.004717
5 0.089870 0.937579 0.003611 0.004717
5 0.092678 0.939465 0.002808 0.004717
5 0.095085 0.940566 0.002808 0.004403
5 0.097593 0.942610 0.003811 0.004717
5 0.100602 0.943711 0.003410 0.005031
5 0.103310 0.945755 0.003611 0.004717
5 0.104012 0.949371 0.003410 0.004403
5 0.106720 0.952830 0.003210 0.005660
9 0.144734 0.972956 0.008225 0.010692
9 0.146339 0.977044 0.011836 0.014465
9 0.149649 0.980189 0.012036 0.014465
5 0.250251 0.166981 0.006219 0.003774
5 0.318756 0.162421 0.005617 0.003459
5 0.200602 0.181761 0.002407 0.005660
5 0.333300 0.199057 0.003009 0.006289
48 0.183250 0.205189 0.019860 0.017296
48 0.168506 0.212421 0.014845 0.020440
5 0.201605 0.236635 0.004012 0.005346
9 0.277232 0.611321 0.004413 0.006289
5 0.279940 0.613208 0.003009 0.005031
5 0.286359 0.613365 0.004213 0.003459
5 0.288766 0.611321 0.004213 0.003145
48 0.361685 0.610377 0.053761 0.013208
5 0.324373 0.610692 0.002006 0.005660
5 0.332397 0.612421 0.002407 0.005975
5 0.333200 0.622642 0.005617 0.002516
5 0.340120 0.623428 0.005015 0.002830
5 0.344734 0.622642 0.002608 0.005660
5 0.347342 0.623270 0.002207 0.005031
5 0.349950 0.623270 0.002608 0.005031
5 0.352357 0.623428 0.002207 0.005975
5 0.355166 0.623428 0.002207 0.005346
5 0.377934 0.617925 0.002808 0.005031
9 0.380441 0.628145 0.003410 0.005346
9 0.383250 0.628459 0.002608 0.005975
48 0.397593 0.626258 0.008826 0.007233
48 0.394784 0.186321 0.004814 0.004717
5 0.446138 0.181761 0.004413 0.002516
5 0.473621 0.182704 0.002808 0.002516
9 0.481143 0.190094 0.002207 0.007862
5 0.474122 0.217296 0.005015 0.002516
5 0.473420 0.219654 0.004413 0.002201
5 0.473019 0.222013 0.005617 0.002516
23 0.684554 0.520440 0.016650 0.048428
24 0.907823 0.213050 0.006219 0.003459
28 0.308526 0.268868 0.004413 0.012579
30 0.556871 0.258019 0.016851 0.007233
30 0.592879 0.277201 0.009829 0.024843
30 0.605517 0.281604 0.009428 0.020440
24 0.495186 0.304717 0.008225 0.005660
27 0.180542 0.321855 0.010431 0.016038
27 0.187563 0.337579 0.010030 0.028616
27 0.196590 0.341981 0.011635 0.027987
31 0.204213 0.328459 0.011234 0.029245
29 0.210632 0.326730 0.008024 0.029560
29 0.215747 0.331604 0.005817 0.019811
29 0.221264 0.319654 0.007623 0.026730
28 0.236810 0.343553 0.013440 0.063208
27 0.254062 0.312579 0.019458 0.008176
31 0.259478 0.331289 0.007021 0.028616
26 0.260983 0.352987 0.006419 0.014151
31 0.326379 0.355189 0.015246 0.054403
28 0.349649 0.362264 0.007623 0.018868
27 0.710532 0.495126 0.028887 0.090881
27 0.695186 0.497956 0.027081 0.089623
26 0.681444 0.485849 0.009228 0.022642
32 0.387663 0.475314 0.041525 0.011635
32 0.390271 0.485849 0.048746 0.011321
26 0.376229 0.499371 0.008225 0.004403
26 0.357272 0.507547 0.023270 0.024528
32 0.390171 0.509120 0.047743 0.020755
28 0.385557 0.547013 0.018857 0.006604
29 0.395186 0.553774 0.012839 0.018239
31 0.521163 0.644497 0.024875 0.069497
29 0.285958 0.645912 0.004614 0.015094
29 0.268305 0.655818 0.010231 0.033019
29 0.250050 0.651415 0.007823 0.031761
9 0.082347 0.325629 0.003410 0.008491
9 0.061785 0.312893 0.002808 0.005660
5 0.075226 0.325786 0.002407 0.005031
5 0.077332 0.325786 0.002207 0.005031
5 0.516349 0.227987 0.002808 0.005660
5 0.496088 0.252044 0.006419 0.003459
5 0.497994 0.255031 0.005015 0.003145
5 0.490672 0.269025 0.005216 0.002201
5 0.493480 0.233333 0.005216 0.002516
9 0.492076 0.236792 0.008826 0.003145
9 0.505717 0.240881 0.004814 0.009434
9 0.491976 0.240252 0.008626 0.003774
9 0.491876 0.243553 0.008826 0.003459
41 0.045737 0.341195 0.002407 0.007547
42 0.048245 0.341824 0.003009 0.007547
5 0.498796 0.262893 0.005817 0.003774
5 0.479137 0.298428 0.004614 0.004403
5 0.473922 0.308648 0.005015 0.004088
5 0.475627 0.310849 0.006018 0.004088
5 0.476028 0.315881 0.004814 0.004717
48 0.493681 0.325314 0.021264 0.026101
48 0.459478 0.514937 0.018656 0.010377
48 0.474624 0.561164 0.019659 0.012264
5 0.443029 0.493082 0.003410 0.005031
5 0.436108 0.513522 0.002808 0.006289
5 0.431494 0.510535 0.003210 0.005346
5 0.443129 0.527516 0.002808 0.005975
9 0.474223 0.497642 0.008425 0.007233
5 0.421966 0.573428 0.004213 0.005346
5 0.453661 0.558333 0.005015 0.002201
5 0.440321 0.558648 0.004814 0.002830
5 0.440321 0.597170 0.004413 0.003145
5 0.449348 0.623113 0.002808 0.005975
5 0.452056 0.623742 0.002608 0.005346
5 0.431093 0.624686 0.005216 0.002830
5 0.455667 0.632233 0.005416 0.004088
42 0.478636 0.614780 0.009228 0.009434
5 0.977232 0.954403 0.002207 0.005660
5 0.980040 0.953774 0.003009 0.005031
5 0.978937 0.947484 0.003210 0.005660
5 0.997693 0.955031 0.004614 0.004403
5 0.999498 0.947170 0.001003 0.003145
5 0.997994 0.927987 0.002808 0.005660
5 0.995085 0.927987 0.003410 0.005031
5 0.992377 0.928774 0.002808 0.004717
5 0.990070 0.929088 0.003009 0.005975
5 0.984453 0.928145 0.002608 0.005346
5 0.982548 0.925157 0.003210 0.005031
5 0.964794 0.893396 0.002207 0.005031
5 0.963591 0.884591 0.003410 0.005031
5 0.973220 0.891352 0.003811 0.004717
5 0.971715 0.881447 0.004012 0.005031
5 0.975627 0.883333 0.003009 0.005660
5 0.959278 0.873742 0.004413 0.002830
5 0.960181 0.870597 0.005015 0.002201
5 0.966399 0.872013 0.003410 0.004403
5 0.959478 0.856289 0.005617 0.003774
5 0.959478 0.860063 0.005617 0.002516
5 0.959679 0.862893 0.005617 0.002516
5 0.959278 0.865566 0.004814 0.002201
5 0.959880 0.868082 0.006018 0.002201
5 0.957974 0.848113 0.005416 0.005031
5 0.957071 0.842453 0.005216 0.004403
5 0.956269 0.830975 0.005216 0.004088
5 0.955065 0.821698 0.005617 0.003145
5 0.955266 0.825786 0.005216 0.003145
5 0.963691 0.826258 0.004012 0.004088
5 0.962788 0.820126 0.003009 0.003774
5 0.962588 0.815566 0.003009 0.003459
5 0.961184 0.809748 0.003410 0.004403
5 0.959980 0.801258 0.002608 0.004403
5 0.958977 0.791981 0.003410 0.004088
5 0.957874 0.786006 0.002808 0.005346
5 0.953260 0.818239 0.005216 0.003145
5 0.955466 0.769654 0.002808 0.005346
5 0.954764 0.764151 0.003009 0.005031
5 0.957573 0.762579 0.003410 0.004403
5 0.941324 0.756918 0.005416 0.003145
5 0.941123 0.760692 0.005015 0.003145
5 0.940923 0.763679 0.005015 0.002201
5 0.942929 0.770283 0.005015 0.002201
5 0.939418 0.744654 0.004413 0.003145
5 0.916951 0.741824 0.004413 0.003145
5 0.839418 0.631447 0.005416 0.001887
8 0.859178 0.671384 0.003210 0.006289
5 0.849348 0.623428 0.004012 0.005346
5 0.839017 0.628302 0.006620 0.002516
48 0.838315 0.618711 0.018455 0.019182
48 0.870512 0.642610 0.026279 0.030503
5 0.939920 0.638679 0.005015 0.002516
5 0.939318 0.632862 0.005416 0.002830
5 0.952558 0.671226 0.005817 0.005346
5 0.916148 0.720598 0.004814 0.003459
5 0.906720 0.738679 0.005216 0.003774
5 0.906419 0.742296 0.003410 0.002201
9 0.792578 0.288208 0.009629 0.004717
9 0.791374 0.284277 0.009629 0.005660
5 0.809529 0.294969 0.004213 0.001887
5 0.808626 0.282862 0.004814 0.002830
5 0.808827 0.276730 0.004814 0.002516
5 0.809228 0.289151 0.006018 0.002830
5 0.809328 0.292767 0.005416 0.003145
5 0.900802 0.307390 0.007021 0.002830
5 0.785155 0.279403 0.006018 0.004088
9 0.803410 0.256918 0.004814 0.010063
9 0.782347 0.263050 0.009629 0.002830
9 0.790873 0.265880 0.009027 0.004088
9 0.793681 0.270283 0.010231 0.004717
9 0.786459 0.275157 0.007823 0.004403
9 0.793280 0.277359 0.007422 0.003145
5 0.874624 0.212107 0.003611 0.006604
5 0.876329 0.220440 0.004614 0.006289
5 0.934102 0.174528 0.003811 0.005031
5 0.939519 0.172956 0.003811 0.005660
10 0.978134 0.150472 0.018054 0.005346
31 0.306720 0.993868 0.071013 0.012264
27 0.263691 0.652673 0.008225 0.020440
27 0.370010 0.661164 0.035105 0.016667
27 0.390471 0.674371 0.021866 0.032390
23 0.486560 0.688679 0.007823 0.022642
48 0.466700 0.683491 0.039519 0.027987
5 0.442528 0.566038 0.004012 0.004403
5 0.441926 0.569654 0.006018 0.003459
5 0.440622 0.573742 0.005416 0.003459
5 0.440822 0.575786 0.004614 0.003145
9 0.472217 0.621698 0.007623 0.004403
13 0.457372 0.646541 0.003611 0.008176
13 0.470712 0.627358 0.007021 0.004403
27 0.162387 0.903774 0.020261 0.020755
27 0.280642 0.643396 0.007623 0.013208
13 0.464293 0.627830 0.007021 0.004717
53 0.321565 0.610220 0.024473 0.012264
53 0.343631 0.623270 0.026881 0.006918
53 0.283149 0.611321 0.013842 0.008805
9 0.433300 0.502673 0.004012 0.007862
9 0.443330 0.506132 0.004012 0.010377
5 0.450050 0.502044 0.002608 0.005346
27 0.408124 0.443553 0.013039 0.014151
27 0.405717 0.403931 0.019860 0.014151
48 0.527984 0.214780 0.015647 0.022013
27 0.575527 0.264151 0.005216 0.008805
27 0.600602 0.275000 0.010832 0.020440
9 0.810732 0.302201 0.005817 0.003774
5 0.810331 0.298428 0.004614 0.004403
53 0.787262 0.274843 0.018656 0.030189
5 0.809228 0.273585 0.004413 0.003145
53 0.810030 0.287107 0.007623 0.033962
10 0.799097 0.241352 0.003410 0.009119
10 0.792177 0.246384 0.004814 0.010377
10 0.795787 0.242453 0.004413 0.010063
11 0.735807 0.214308 0.013641 0.005975
6 0.822969 0.245440 0.005817 0.004088
23 0.398696 0.427987 0.033099 0.025786
55 0.061284 0.195283 0.009027 0.013208
55 0.068907 0.190409 0.005015 0.007233
48 0.079438 0.188365 0.012839 0.023270
5 0.272818 0.158648 0.004413 0.002830
6 0.337111 0.170755 0.012237 0.004403
5 0.927182 0.175157 0.003611 0.005031
5 0.918756 0.172484 0.005216 0.004088
5 0.890371 0.175314 0.005416 0.004088
5 0.869809 0.176887 0.003611 0.006604
5 0.862287 0.176415 0.005015 0.003774
5 0.851454 0.187107 0.002608 0.006289
5 0.841825 0.172956 0.004614 0.003774
5 0.795085 0.173899 0.006219 0.003774
5 0.734804 0.166981 0.006018 0.004403
5 0.699799 0.172956 0.005416 0.003774
10 0.472518 0.162579 0.005817 0.003145
5 0.450150 0.166981 0.004413 0.002516
5 0.379840 0.175629 0.004213 0.002830
53 0.095587 0.183176 0.020662 0.028616
53 0.080843 0.169497 0.008826 0.014465
48 0.130993 0.175000 0.007222 0.005346
48 0.138616 0.181289 0.010832 0.028616
48 0.128786 0.219340 0.011234 0.036792
48 0.095186 0.215409 0.037914 0.034591
48 0.053761 0.233648 0.014443 0.016981
48 0.025176 0.301572 0.009428 0.058491
48 0.023872 0.378459 0.010030 0.075786
11 0.866399 0.183176 0.004413 0.007862
9 0.037412 0.313679 0.003811 0.010377
9 0.045135 0.311164 0.003210 0.007233
9 0.048044 0.310849 0.003410 0.007233
9 0.034905 0.303616 0.004413 0.007862
9 0.038315 0.304088 0.003611 0.006918
9 0.041525 0.303931 0.003611 0.005975
9 0.044935 0.304088 0.003611 0.006289
9 0.048245 0.304403 0.003410 0.006918
5 0.060582 0.304088 0.001605 0.004403
5 0.062387 0.304245 0.002006 0.004717
5 0.063089 0.308176 0.001805 0.004403
9 0.087061 0.325314 0.003210 0.007862
5 0.089468 0.324371 0.002407 0.005975
9 0.061083 0.329088 0.003811 0.008491
5 0.069509 0.333176 0.002608 0.004717
5 0.067402 0.333176 0.002006 0.004717
13 0.036810 0.338679 0.003811 0.013208
9 0.051254 0.340723 0.003410 0.008491
48 0.077031 0.332547 0.010431 0.005975
48 0.087161 0.333648 0.007422 0.006289
48 0.091474 0.330189 0.004012 0.006918
48 0.078536 0.339151 0.014243 0.009119
48 0.062788 0.495283 0.035707 0.022642
48 0.039819 0.531132 0.013039 0.017610
48 0.112136 0.496226 0.027282 0.045912
23 0.079438 0.831289 0.042528 0.041195
16 0.057272 0.338522 0.005015 0.010377
23 0.142026 0.871226 0.030893 0.027987
23 0.133501 0.872170 0.029488 0.026101
5 0.060481 0.888994 0.006219 0.004403
10 0.058576 0.892610 0.005617 0.005975
5 0.053159 0.904874 0.004012 0.004088
53 0.056871 0.896541 0.016650 0.023270
48 0.069308 0.904874 0.033902 0.035535
53 0.090772 0.937579 0.045938 0.034906
48 0.056269 0.947013 0.006219 0.007233
48 0.066299 0.951572 0.011836 0.011321
48 0.072518 0.959748 0.010231 0.009434
6 0.076128 0.924528 0.005416 0.006289
27 0.121163 0.852673 0.018857 0.020440
5 0.115446 0.981447 0.005015 0.003774
48 0.100702 0.976415 0.053360 0.047170
53 0.130792 0.965566 0.050552 0.044969
53 0.131595 0.994025 0.017252 0.011950
48 0.165196 0.986792 0.025075 0.025157
53 0.159077 0.997956 0.020863 0.004088
53 0.154764 0.991352 0.013440 0.009119
48 0.224774 0.992925 0.114142 0.014151
27 0.257071 0.650943 0.012638 0.022013
48 0.345838 0.662421 0.012839 0.022327
48 0.261484 0.599843 0.009829 0.009119
48 0.362287 0.625472 0.011635 0.010063
5 0.375025 0.618396 0.002608 0.005975
9 0.372217 0.625314 0.006620 0.003459
53 0.376630 0.623428 0.016650 0.015409
48 0.391575 0.609434 0.007222 0.006289
5 0.440221 0.634120 0.003410 0.005346
5 0.427182 0.618868 0.004213 0.005031
5 0.436810 0.623899 0.005015 0.003145
5 0.434704 0.627516 0.004814 0.002830
5 0.444333 0.624214 0.003210 0.006289
5 0.446740 0.623742 0.002407 0.005346
5 0.459278 0.623899 0.002608 0.005660
5 0.430391 0.611635 0.004614 0.002516
5 0.442227 0.604717 0.002207 0.005660
5 0.440221 0.590252 0.004614 0.003145
5 0.422166 0.592767 0.005416 0.002516
48 0.430893 0.577673 0.017653 0.068553
11 0.452859 0.584748 0.003410 0.017296
11 0.456369 0.580503 0.003611 0.016352
11 0.455968 0.595283 0.003210 0.012579
11 0.459478 0.596069 0.003410 0.017296
12 0.459779 0.578302 0.003210 0.008805
5 0.460181 0.606604 0.004814 0.003145
48 0.474323 0.583176 0.020662 0.033648
5 0.457773 0.566038 0.004814 0.002516
5 0.454564 0.567453 0.003611 0.002201
5 0.457673 0.563994 0.004614 0.001572
9 0.457673 0.561321 0.006620 0.002516
5 0.452959 0.555818 0.004413 0.002201
5 0.458375 0.555346 0.005216 0.002516
9 0.461986 0.557704 0.002407 0.005975
5 0.464594 0.555346 0.002006 0.005031
5 0.467302 0.555346 0.002207 0.004403
5 0.469910 0.555346 0.002207 0.005031
5 0.441224 0.556132 0.004614 0.002201
5 0.439218 0.546541 0.002608 0.005031
5 0.446740 0.546069 0.002808 0.005346
5 0.474223 0.548428 0.005617 0.003774
53 0.443330 0.577044 0.010030 0.067296
48 0.468405 0.539780 0.039318 0.015409
48 0.460381 0.526887 0.013240 0.011006
48 0.472217 0.527830 0.011635 0.008491
48 0.448044 0.515409 0.007823 0.008176
9 0.454664 0.505660 0.005015 0.008176
9 0.464393 0.506447 0.004012 0.007233
5 0.429890 0.522799 0.002407 0.005346
5 0.448144 0.487264 0.005216 0.002830
5 0.433801 0.487736 0.002608 0.005660
5 0.441123 0.482390 0.002407 0.006289
5 0.459278 0.481918 0.004614 0.002830
48 0.457874 0.489623 0.015446 0.011321
48 0.466600 0.486635 0.004012 0.008491
48 0.485657 0.506918 0.008024 0.008176
5 0.442628 0.452830 0.003009 0.006289
48 0.448345 0.460849 0.007222 0.007862
23 0.351153 0.341667 0.015446 0.046226
23 0.280843 0.332547 0.013641 0.046226
48 0.470512 0.420597 0.003811 0.011635
48 0.480542 0.415409 0.018255 0.024528
48 0.446439 0.472799 0.012237 0.022327
23 0.512237 0.635849 0.016249 0.030818
11 0.483551 0.327830 0.006219 0.016667
23 0.491474 0.307862 0.008826 0.006289
5 0.476630 0.301730 0.006018 0.002830
5 0.473922 0.298270 0.005015 0.004088
5 0.491474 0.292296 0.003611 0.006604
5 0.493882 0.293553 0.002808 0.005346
5 0.492076 0.281918 0.004814 0.004717
11 0.480843 0.277359 0.003611 0.013208
5 0.477533 0.270912 0.003009 0.005975
5 0.490070 0.271698 0.004814 0.003145
5 0.492377 0.261635 0.005015 0.003145
48 0.518255 0.265409 0.015045 0.031447
48 0.519458 0.249371 0.008626 0.007547
48 0.521063 0.243868 0.008225 0.004717
13 0.445837 0.273113 0.004213 0.009748
13 0.445336 0.244811 0.003210 0.012264
13 0.448245 0.241667 0.002608 0.007233
13 0.448144 0.234434 0.002808 0.009119
13 0.445236 0.231918 0.003811 0.013522
13 0.445035 0.255189 0.003410 0.009748
48 0.459679 0.244340 0.007422 0.008805
13 0.447844 0.213365 0.003811 0.009119
13 0.449248 0.221069 0.003009 0.006918
13 0.443832 0.221541 0.003009 0.006604
5 0.490973 0.199843 0.005416 0.003459
5 0.496389 0.199686 0.004614 0.003145
48 0.521966 0.239623 0.007222 0.006289
5 0.521163 0.199371 0.003611 0.003774
48 0.526479 0.193082 0.006219 0.018868
48 0.581946 0.205503 0.072217 0.017925
48 0.658375 0.209277 0.009629 0.012893
5 0.608826 0.260377 0.005617 0.003774
5 0.697292 0.191824 0.002006 0.004403
5 0.694784 0.192296 0.002608 0.004717
5 0.683450 0.191038 0.004413 0.002201
5 0.679037 0.193553 0.004413 0.002201
5 0.683852 0.193553 0.004413 0.002201
59 0.113842 0.248585 0.014243 0.026730
5 0.620461 0.257075 0.004413 0.004717
5 0.622869 0.264151 0.004814 0.003145
48 0.704313 0.262579 0.010030 0.010063
48 0.722066 0.266195 0.013440 0.016038
48 0.732197 0.281604 0.025276 0.018553
5 0.750652 0.281918 0.002808 0.004717
5 0.754965 0.280975 0.002207 0.005346
48 0.754062 0.262107 0.031695 0.019182
5 0.840321 0.254088 0.003611 0.006289
48 0.862989 0.254717 0.007623 0.016352
48 0.858275 0.255031 0.005817 0.011321
48 0.834102 0.287579 0.049348 0.046226
48 0.837312 0.330503 0.044534 0.051572
5 0.758475 0.372327 0.003611 0.005660
48 0.762788 0.351101 0.015848 0.034277
48 0.742628 0.395755 0.015246 0.021698
48 0.826479 0.192610 0.007222 0.007233
48 0.857472 0.210377 0.009027 0.010063
11 0.866299 0.221384 0.006219 0.014465
11 0.873922 0.199686 0.005416 0.016352
23 0.725878 0.422484 0.005416 0.015409
48 0.787462 0.444182 0.106921 0.058176
5 0.731093 0.538208 0.004213 0.005975
5 0.748445 0.535849 0.003210 0.005660
48 0.707222 0.549843 0.009428 0.009119
48 0.716650 0.550157 0.013440 0.012264
48 0.727783 0.547013 0.011635 0.008491
48 0.681043 0.810535 0.017653 0.027358
38 0.736610 0.510692 0.027683 0.018239
43 0.768606 0.214623 0.008225 0.011635
48 0.674925 0.775157 0.012237 0.014465
48 0.677432 0.789937 0.014845 0.016352
48 0.673621 0.754717 0.012437 0.020755
48 0.693380 0.905660 0.011434 0.011950
48 0.686961 0.856447 0.019057 0.025472
48 0.896389 0.844025 0.106520 0.089308
5 0.964493 0.957390 0.002808 0.004088
5 0.967001 0.957075 0.002608 0.004088
5 0.969408 0.955346 0.002207 0.005031
5 0.971916 0.955189 0.003210 0.005346
5 0.975025 0.954560 0.002608 0.005346
5 0.974022 0.950943 0.004213 0.002516
9 0.985155 0.949371 0.004413 0.008176
5 0.981545 0.960063 0.006018 0.002516
53 0.913842 0.964937 0.023470 0.006604
53 0.941725 0.961635 0.031093 0.006918
53 0.974022 0.957233 0.033099 0.013836
5 0.998596 0.960849 0.002808 0.006604
48 0.880742 0.934591 0.180742 0.089937
48 0.829087 0.847799 0.017653 0.011950
5 0.802307 0.855031 0.003811 0.005660
48 0.788766 0.844497 0.011635 0.019182
48 0.825577 0.826730 0.021063 0.018868
5 0.793581 0.772956 0.006018 0.003145
5 0.794283 0.775943 0.005416 0.003459
5 0.797091 0.690880 0.003410 0.005660
48 0.807222 0.689151 0.023671 0.018553
48 0.754764 0.827358 0.111735 0.326415
48 0.760582 0.626101 0.031494 0.101887
5 0.801906 0.565409 0.005015 0.005031
48 0.819659 0.564937 0.020461 0.029874
48 0.815647 0.523270 0.029689 0.048428
48 0.829388 0.479874 0.022668 0.023270
48 0.857673 0.445126 0.010632 0.023585
5 0.898897 0.424843 0.004012 0.003774
5 0.898897 0.428931 0.004814 0.003774
9 0.904614 0.471384 0.005015 0.012579
48 0.941825 0.404088 0.085055 0.148428
5 0.899499 0.311006 0.005216 0.003145
48 0.933300 0.509748 0.024674 0.054717
48 0.963591 0.489308 0.055165 0.028302
48 0.986459 0.506604 0.017452 0.026415
48 0.976429 0.525943 0.039519 0.016667
48 0.951454 0.522013 0.016048 0.022642
5 0.929388 0.544969 0.005617 0.003145
48 0.965196 0.582547 0.069609 0.099057
5 0.937312 0.617296 0.004614 0.003774
48 0.890171 0.688994 0.045537 0.052201
48 0.972016 0.668239 0.055968 0.071698
5 0.948746 0.680660 0.002608 0.005346
5 0.951354 0.680503 0.002608 0.005031
5 0.952056 0.685220 0.002808 0.005031
48 0.922066 0.768396 0.009829 0.011635
48 0.923470 0.781447 0.012237 0.012579
5 0.942628 0.772799 0.004413 0.002830
5 0.943631 0.775314 0.004012 0.002830
5 0.944534 0.777673 0.003811 0.002516
5 0.944734 0.780503 0.005015 0.003774
53 0.941023 0.753616 0.008024 0.022956
53 0.944534 0.774057 0.009027 0.017925
48 0.979438 0.757704 0.041123 0.039308
48 0.982347 0.784277 0.014042 0.020126
48 0.951655 0.793868 0.002407 0.003459
48 0.959980 0.797170 0.002207 0.003774
48 0.983751 0.827044 0.032497 0.068553
48 0.969007 0.864308 0.002207 0.004717
48 0.969809 0.868553 0.002608 0.006289
48 0.973721 0.867296 0.002407 0.005031
5 0.973220 0.886478 0.003410 0.005031
5 0.958776 0.878145 0.004213 0.003459
5 0.959880 0.881132 0.003611 0.002516
53 0.957272 0.849214 0.013641 0.068239
48 0.979137 0.136792 0.020863 0.012579
48 0.968606 0.179874 0.021063 0.013208
53 0.997492 0.949371 0.005015 0.034591
10 0.860381 0.347327 0.004814 0.007862
5 0.941023 0.541667 0.005216 0.002201
27 0.110130 0.852359 0.019659 0.019811
27 0.123069 0.871855 0.033902 0.027987
43 0.055065 0.339780 0.004213 0.011006
42 0.043029 0.340881 0.003410 0.006918
42 0.039920 0.341038 0.002808 0.006604
