48 0.032611 0.931447 0.039936 0.049686
48 0.013546 0.750314 0.026289 0.019497
48 0.038431 0.997799 0.015854 0.004403
5 0.030203 0.987107 0.005017 0.004403
5 0.033614 0.979245 0.004616 0.003145
5 0.030303 0.960063 0.002810 0.005660
10 0.010435 0.182547 0.018061 0.005346
5 0.030905 0.992925 0.002810 0.006604
48 0.008328 0.436164 0.016657 0.148428
48 0.011740 0.521384 0.023480 0.028302
48 0.018764 0.538679 0.017459 0.026415
48 0.014248 0.558019 0.028497 0.016667
48 0.020169 0.614623 0.040337 0.099057
48 0.022376 0.700314 0.044752 0.071698
48 0.016757 0.789780 0.033514 0.039308
48 0.019567 0.859119 0.039133 0.068553
48 0.011439 0.168868 0.020871 0.012579
48 0.005719 0.211950 0.011439 0.013208
53 0.033414 0.981447 0.012242 0.034591
24 0.145996 0.408019 0.003412 0.006604
24 0.149508 0.389151 0.006422 0.002830
48 0.031206 0.471855 0.027092 0.052516
48 0.078768 0.894182 0.049569 0.019811
48 0.052478 0.842925 0.023078 0.063836
48 0.089203 0.839465 0.023881 0.061950
48 0.082581 0.420283 0.085290 0.150000
48 0.123018 0.383491 0.041742 0.207233
48 0.071042 0.283648 0.093518 0.084906
48 0.135762 0.269811 0.015453 0.032075
48 0.141180 0.308648 0.012643 0.021698
48 0.150712 0.305346 0.014850 0.032075
48 0.159241 0.301887 0.015854 0.031447
48 0.140678 0.341195 0.018463 0.044025
48 0.166566 0.402516 0.039334 0.115094
48 0.176099 0.467610 0.026289 0.020755
48 0.181517 0.522327 0.035922 0.066038
48 0.190648 0.577201 0.031306 0.049371
48 0.200983 0.647013 0.037528 0.097170
48 0.208007 0.698742 0.033514 0.018239
48 0.267008 0.725157 0.035521 0.028931
48 0.271824 0.758962 0.015453 0.014780
48 0.233895 0.740723 0.009833 0.033019
48 0.219346 0.741352 0.017660 0.033019
48 0.153622 0.831761 0.028296 0.059748
48 0.203693 0.824057 0.021272 0.061950
48 0.245033 0.819654 0.023681 0.072013
48 0.276741 0.809591 0.017259 0.041195
48 0.155629 0.885220 0.060405 0.019497
48 0.215934 0.877673 0.059803 0.025157
48 0.107365 0.919025 0.010837 0.018553
48 0.136865 0.915252 0.030905 0.025472
48 0.097331 0.759120 0.017660 0.036478
48 0.165864 0.913994 0.013044 0.024843
48 0.184728 0.911950 0.013044 0.022013
48 0.204897 0.908648 0.013646 0.022956
48 0.224363 0.905975 0.011238 0.023270
48 0.240919 0.899843 0.008228 0.014780
48 0.120108 0.963522 0.015854 0.035849
48 0.072647 0.983491 0.048966 0.021698
48 0.382701 0.959277 0.055388 0.034277
48 0.389725 0.986321 0.024082 0.016667
48 0.344572 0.931604 0.017660 0.014151
48 0.440899 0.798270 0.031708 0.024843
48 0.462472 0.800943 0.016657 0.016352
48 0.467188 0.820440 0.028096 0.040252
48 0.476319 0.760849 0.033514 0.043711
48 0.511439 0.716509 0.031908 0.038679
48 0.487859 0.707075 0.022075 0.035535
48 0.472205 0.705031 0.013646 0.018239
48 0.362733 0.734748 0.057997 0.084591
48 0.364640 0.655660 0.062613 0.073585
48 0.528296 0.660220 0.068031 0.080818
48 0.438190 0.681604 0.084487 0.029874
48 0.452438 0.631761 0.113787 0.026415
48 0.542645 0.597013 0.044953 0.024843
48 0.360024 0.602516 0.041742 0.017610
48 0.568132 0.531289 0.021272 0.014151
48 0.295103 0.346069 0.018663 0.016667
48 0.372266 0.383176 0.073450 0.060692
48 0.328617 0.423113 0.026691 0.011635
48 0.220249 0.446069 0.028698 0.046855
48 0.187437 0.375314 0.013245 0.030503
48 0.211720 0.356289 0.021272 0.015094
48 0.164058 0.232390 0.041140 0.040881
48 0.265402 0.229245 0.013446 0.011950
48 0.346277 0.311950 0.019065 0.010063
48 0.365242 0.297484 0.052579 0.017610
48 0.369456 0.261164 0.056592 0.019182
48 0.363335 0.229245 0.025487 0.025157
48 0.387116 0.216509 0.045354 0.056918
48 0.212623 0.196541 0.086093 0.071698
48 0.228979 0.125943 0.111579 0.035535
48 0.204897 0.154245 0.091110 0.022327
48 0.119807 0.155975 0.079872 0.023899
48 0.108770 0.138836 0.126028 0.027358
48 0.291391 0.121698 0.010435 0.011950
48 0.318684 0.132704 0.012844 0.018239
48 0.278346 0.157862 0.014048 0.008805
48 0.366145 0.137107 0.074855 0.022013
48 0.365844 0.169182 0.046157 0.036478
48 0.413907 0.149686 0.021473 0.055346
48 0.416215 0.187421 0.016456 0.025786
48 0.420229 0.220440 0.011238 0.015094
48 0.420931 0.206289 0.016657 0.012579
48 0.433875 0.262107 0.018463 0.012893
48 0.426550 0.236950 0.019466 0.022327
48 0.475216 0.239465 0.063014 0.017925
48 0.436183 0.173899 0.019065 0.111950
48 0.454044 0.170755 0.023881 0.115094
48 0.474714 0.170597 0.026289 0.111635
48 0.492474 0.169340 0.024483 0.112893
48 0.513446 0.211164 0.019868 0.065723
48 0.535420 0.219025 0.021272 0.050629
48 0.554485 0.210377 0.020470 0.042138
48 0.542244 0.190252 0.035320 0.010692
48 0.574052 0.203459 0.015854 0.025157
48 0.524082 0.131918 0.015453 0.021698
48 0.601244 0.130503 0.038130 0.018868
48 0.608067 0.173428 0.013646 0.017296
48 0.622818 0.218868 0.011840 0.008805
48 0.452238 0.260063 0.016657 0.010692
48 0.489264 0.256604 0.034517 0.015094
48 0.465382 0.258491 0.010435 0.010692
48 0.533012 0.250314 0.044953 0.020126
48 0.569336 0.188365 0.024483 0.011950
48 0.595123 0.202830 0.012643 0.008805
48 0.558599 0.238679 0.009432 0.012579
48 0.569235 0.229874 0.009031 0.010063
48 0.576962 0.224057 0.011640 0.012264
48 0.112382 0.640094 0.132450 0.165723
48 0.537327 0.526887 0.009432 0.007233
48 0.533012 0.554088 0.011238 0.035220
50 0.465683 0.550472 0.088902 0.082704
50 0.465884 0.452673 0.089304 0.079560
48 0.368352 0.860692 0.023078 0.115723
48 0.389424 0.868553 0.019065 0.117610
48 0.409793 0.880660 0.016857 0.094654
48 0.344973 0.863050 0.020871 0.095283
48 0.327112 0.842925 0.018061 0.114151
48 0.308950 0.837736 0.014650 0.123270
48 0.318985 0.909277 0.021874 0.016038
48 0.408690 0.942138 0.015854 0.011950
48 0.083082 0.785692 0.028898 0.009119
48 0.039434 0.534591 0.021473 0.050314
48 0.147401 0.532704 0.013044 0.014465
48 0.118804 0.534119 0.030905 0.009748
48 0.063315 0.526730 0.018663 0.037736
48 0.554385 0.029560 0.023078 0.025157
48 0.579270 0.033962 0.016255 0.015723
48 0.578467 0.068868 0.019868 0.016981
48 0.594321 0.059591 0.011840 0.011006
48 0.555790 0.048428 0.022276 0.016352
48 0.368653 0.031604 0.030504 0.011635
48 0.199980 0.051887 0.036725 0.050314
48 0.212021 0.050314 0.030704 0.049057
48 0.227172 0.050786 0.031708 0.050629
48 0.242926 0.033491 0.015854 0.016667
48 0.258278 0.057075 0.014048 0.016667
48 0.264600 0.043396 0.027493 0.040252
48 0.280554 0.042767 0.031708 0.038365
48 0.460767 0.058333 0.007225 0.011006
48 0.299920 0.988836 0.088902 0.022327
48 0.266606 0.985220 0.035922 0.029560
24 0.151314 0.404874 0.006422 0.004088
24 0.147301 0.421698 0.003612 0.007547
24 0.152619 0.428774 0.005017 0.005975
24 0.149308 0.431447 0.003612 0.006289
24 0.149809 0.461792 0.002609 0.006604
24 0.156934 0.464623 0.005619 0.002830
24 0.157134 0.462107 0.005619 0.002830
5 0.034618 0.976258 0.004616 0.002830
5 0.034718 0.973585 0.004816 0.003145
5 0.034818 0.970912 0.005017 0.003459
5 0.036424 0.965409 0.005017 0.003145
5 0.036022 0.967925 0.006221 0.003145
5 0.033313 0.959748 0.003612 0.005660
5 0.043448 0.963365 0.003412 0.005346
5 0.046458 0.962893 0.002609 0.005660
5 0.049468 0.962264 0.003412 0.006289
5 0.057194 0.961950 0.002810 0.005660
5 0.059302 0.961006 0.003813 0.006289
5 0.064720 0.959748 0.002609 0.005660
5 0.067329 0.959434 0.002609 0.005031
5 0.071844 0.959748 0.002408 0.006289
5 0.074152 0.958648 0.003010 0.005346
5 0.064218 0.948899 0.005218 0.004088
5 0.082681 0.951887 0.006020 0.002516
5 0.081477 0.949528 0.005619 0.002201
5 0.081878 0.946698 0.004816 0.002830
5 0.080373 0.944340 0.004616 0.002516
5 0.080273 0.941509 0.006020 0.003774
5 0.071443 0.945597 0.005218 0.003145
5 0.071644 0.942924 0.004816 0.002201
5 0.060706 0.921384 0.003010 0.004403
5 0.069235 0.927044 0.005218 0.002516
5 0.069035 0.919654 0.004415 0.002830
5 0.079169 0.925314 0.005820 0.002201
5 0.079470 0.928459 0.005619 0.003459
5 0.079671 0.931132 0.005218 0.001887
5 0.079771 0.933333 0.005418 0.002516
5 0.080173 0.936164 0.005418 0.002516
5 0.080273 0.938836 0.005619 0.002830
5 0.078166 0.918082 0.006623 0.002830
5 0.078567 0.915252 0.005017 0.002201
5 0.078166 0.912736 0.005820 0.002201
5 0.068433 0.912579 0.004816 0.003145
5 0.052177 0.915881 0.003211 0.004088
5 0.061007 0.927830 0.003211 0.005346
9 0.078968 0.910063 0.007425 0.003145
5 0.037728 0.864151 0.005218 0.003774
5 0.038431 0.868396 0.005017 0.004088
5 0.035521 0.860063 0.005218 0.003774
5 0.033414 0.806447 0.005017 0.003459
5 0.035721 0.799371 0.005218 0.003774
5 0.057094 0.786006 0.002208 0.004717
5 0.023982 0.194969 0.005820 0.003145
5 0.024283 0.198113 0.004816 0.003145
5 0.038531 0.179717 0.006020 0.004088
5 0.013446 0.204717 0.004816 0.003145
5 0.014048 0.213365 0.005218 0.003459
5 0.142785 0.172799 0.005017 0.004717
5 0.148806 0.172799 0.004214 0.004717
5 0.146297 0.191981 0.004415 0.003459
5 0.071744 0.156289 0.006221 0.004403
5 0.145996 0.203459 0.005017 0.003774
5 0.178507 0.215409 0.005820 0.005031
5 0.186534 0.219025 0.004616 0.004088
5 0.169376 0.221226 0.004816 0.004088
5 0.173891 0.224371 0.005017 0.004088
5 0.171082 0.253931 0.005820 0.005975
5 0.246940 0.259434 0.005017 0.005031
5 0.249849 0.262421 0.004816 0.004717
5 0.273630 0.278459 0.005820 0.004088
5 0.279952 0.278302 0.005218 0.002516
5 0.288983 0.277516 0.005218 0.002830
5 0.298515 0.277201 0.005418 0.002201
5 0.299819 0.281761 0.005218 0.001887
5 0.282460 0.282547 0.006221 0.002830
5 0.306944 0.277044 0.004616 0.002516
5 0.345274 0.279874 0.004616 0.003145
5 0.362232 0.286950 0.002810 0.005975
9 0.363837 0.280503 0.017259 0.003774
5 0.378186 0.286321 0.004214 0.004088
5 0.384106 0.286478 0.003612 0.003774
5 0.387819 0.286950 0.004616 0.004088
5 0.263596 0.334591 0.003813 0.005031
5 0.280554 0.353459 0.004014 0.005031
5 0.283965 0.331604 0.004816 0.004717
48 0.387518 0.338994 0.007626 0.018868
48 0.395946 0.332704 0.007626 0.007547
48 0.394842 0.343711 0.007024 0.008805
48 0.339956 0.340094 0.009633 0.009119
5 0.373169 0.310063 0.005418 0.003774
5 0.414610 0.292610 0.002408 0.004717
5 0.359924 0.310063 0.006221 0.003774
5 0.406482 0.291195 0.002208 0.004403
5 0.419928 0.293868 0.003412 0.004717
5 0.423540 0.288365 0.004616 0.004403
5 0.424042 0.274371 0.004415 0.004717
5 0.429661 0.284277 0.006823 0.003774
5 0.433674 0.321226 0.003211 0.006604
5 0.432270 0.314623 0.004014 0.002201
5 0.431066 0.311478 0.005218 0.002201
5 0.404375 0.348742 0.004415 0.002516
48 0.494080 0.292767 0.014449 0.011321
48 0.506321 0.291509 0.012442 0.011321
5 0.494180 0.278302 0.005017 0.003145
5 0.528999 0.289623 0.002810 0.005660
5 0.532410 0.288365 0.002408 0.005031
5 0.535320 0.288365 0.002609 0.005031
5 0.537528 0.288050 0.002208 0.004403
5 0.540036 0.288365 0.002810 0.005031
5 0.556693 0.286792 0.003612 0.003774
5 0.558800 0.293711 0.004616 0.004403
5 0.565824 0.295126 0.003813 0.004088
5 0.563315 0.288365 0.003612 0.003145
5 0.566024 0.289308 0.004214 0.003774
5 0.600743 0.301730 0.003412 0.004717
5 0.589605 0.288679 0.004415 0.005031
5 0.575958 0.295912 0.004415 0.004403
5 0.579671 0.295912 0.004214 0.004403
5 0.583283 0.296541 0.004616 0.004403
5 0.586594 0.296384 0.004816 0.004088
5 0.592013 0.291195 0.003211 0.004403
5 0.595023 0.290881 0.004415 0.003145
5 0.595123 0.293396 0.005017 0.002516
9 0.578166 0.301101 0.003211 0.005975
5 0.412001 0.252830 0.002810 0.004403
5 0.414810 0.253302 0.002007 0.004717
5 0.413406 0.258176 0.003612 0.005660
5 0.400763 0.264465 0.003612 0.005660
5 0.398956 0.258491 0.004816 0.003774
5 0.443608 0.251887 0.003010 0.005031
5 0.386514 0.252358 0.003211 0.005346
5 0.389023 0.252201 0.003010 0.005660
5 0.391832 0.251887 0.003010 0.005660
5 0.329019 0.238994 0.004616 0.002516
5 0.344170 0.239937 0.005218 0.004403
5 0.347582 0.247170 0.005619 0.004403
5 0.346879 0.244182 0.005418 0.003459
9 0.093719 0.077358 0.002007 0.004403
9 0.095224 0.076572 0.002208 0.005346
9 0.098033 0.075943 0.002609 0.004717
9 0.099639 0.075629 0.002208 0.004088
9 0.102348 0.075314 0.002408 0.004088
9 0.103953 0.074371 0.002007 0.004717
9 0.106161 0.074686 0.003211 0.004088
9 0.109071 0.073742 0.002208 0.004717
9 0.110576 0.073270 0.002810 0.005031
9 0.112683 0.073270 0.002609 0.005660
9 0.114389 0.072013 0.002007 0.004403
11 0.096729 0.076730 0.001605 0.004403
9 0.115593 0.071069 0.002408 0.004403
9 0.118603 0.071226 0.002408 0.004717
9 0.120309 0.070912 0.002208 0.004717
9 0.121714 0.070126 0.002208 0.005031
9 0.126530 0.068868 0.002609 0.005031
9 0.128336 0.067925 0.002208 0.003774
9 0.137568 0.066667 0.002609 0.004403
9 0.135862 0.067767 0.002408 0.004717
9 0.134256 0.066981 0.002007 0.004403
9 0.132952 0.067453 0.002609 0.004717
9 0.131447 0.067453 0.002007 0.004088
9 0.129641 0.067453 0.002007 0.004088
9 0.072246 0.079560 0.005619 0.002516
9 0.072145 0.077987 0.006221 0.002516
9 0.070640 0.073428 0.006020 0.002201
9 0.070239 0.071698 0.005619 0.002516
9 0.140177 0.045755 0.005820 0.003459
9 0.144391 0.042610 0.005017 0.003459
9 0.166265 0.055975 0.003813 0.005660
48 0.245936 0.060377 0.014650 0.017610
9 0.344672 0.030818 0.019065 0.006918
5 0.365342 0.038208 0.006221 0.004088
5 0.369055 0.038836 0.003612 0.005346
5 0.374273 0.038836 0.003612 0.004088
5 0.378788 0.038679 0.002208 0.004403
5 0.382500 0.039308 0.003612 0.005031
5 0.479029 0.051730 0.003612 0.007233
5 0.534016 0.066195 0.002408 0.004717
5 0.547863 0.045440 0.003211 0.004088
5 0.549970 0.043711 0.003412 0.003774
10 0.348686 0.046226 0.002208 0.004403
5 0.551876 0.041981 0.004014 0.005346
5 0.541541 0.026887 0.004616 0.004717
5 0.544652 0.016352 0.004014 0.005660
5 0.547160 0.016352 0.003412 0.004403
5 0.568934 0.033019 0.004816 0.004403
5 0.567730 0.042610 0.005619 0.005346
5 0.604555 0.033019 0.004214 0.005031
5 0.609272 0.050472 0.003612 0.004088
5 0.614088 0.050000 0.003612 0.003774
5 0.619908 0.051730 0.004014 0.004717
5 0.629741 0.054874 0.003211 0.005346
5 0.618904 0.059591 0.003612 0.005346
5 0.621614 0.073899 0.004214 0.005031
9 0.617499 0.066352 0.004415 0.005660
9 0.625125 0.074371 0.003612 0.005346
9 0.630143 0.046384 0.010837 0.016667
5 0.618403 0.038994 0.003813 0.005031
5 0.610175 0.026415 0.005820 0.006918
5 0.633153 0.110377 0.003211 0.005031
5 0.640277 0.136635 0.003412 0.004088
5 0.643990 0.134434 0.003211 0.004717
5 0.636865 0.140409 0.003010 0.004717
5 0.637768 0.158019 0.004415 0.005975
9 0.641882 0.153931 0.005017 0.006604
9 0.655027 0.163994 0.003612 0.007233
9 0.653923 0.140881 0.004616 0.007547
9 0.651314 0.122799 0.003412 0.008491
5 0.638471 0.116038 0.002208 0.005031
5 0.657435 0.131604 0.002810 0.005975
5 0.641983 0.171855 0.002810 0.004717
5 0.645896 0.168711 0.003412 0.004717
5 0.645996 0.183805 0.002408 0.004088
5 0.642384 0.190723 0.002810 0.004088
9 0.638772 0.209434 0.003612 0.006289
5 0.642685 0.208333 0.002609 0.006604
5 0.646297 0.220912 0.002609 0.005346
5 0.642685 0.221698 0.002609 0.005660
5 0.646297 0.200472 0.002609 0.005346
5 0.654927 0.203931 0.002208 0.005346
9 0.638973 0.235220 0.003612 0.016981
5 0.641983 0.248899 0.004014 0.005346
5 0.645595 0.237736 0.002810 0.004403
9 0.638170 0.277830 0.004816 0.012893
5 0.645194 0.286321 0.003612 0.005346
5 0.654425 0.259748 0.002408 0.005660
5 0.616195 0.277359 0.004214 0.002516
5 0.615192 0.274371 0.005418 0.003459
5 0.608268 0.274371 0.004816 0.002830
5 0.575356 0.274214 0.004415 0.003145
5 0.577263 0.277987 0.005017 0.003774
5 0.598535 0.274371 0.005418 0.003459
5 0.555087 0.269497 0.005619 0.002516
5 0.506823 0.274843 0.004616 0.002516
9 0.559502 0.288050 0.004415 0.004403
9 0.593117 0.303459 0.003010 0.005660
9 0.628236 0.299214 0.002609 0.005975
5 0.631547 0.303616 0.002810 0.005346
33 0.604355 0.326730 0.006623 0.003774
48 0.602348 0.352044 0.017459 0.019811
5 0.641581 0.296226 0.002408 0.004403
5 0.640879 0.305189 0.003010 0.004088
5 0.643889 0.317296 0.002609 0.005660
5 0.635862 0.325472 0.003412 0.004403
5 0.642384 0.333333 0.003211 0.004403
5 0.650913 0.333019 0.003010 0.005031
5 0.655328 0.312421 0.003813 0.005346
5 0.633153 0.348113 0.002810 0.005031
5 0.637066 0.350314 0.002609 0.005031
5 0.640578 0.348428 0.002408 0.005031
5 0.638471 0.361478 0.003412 0.004717
5 0.633855 0.374528 0.003010 0.005660
5 0.635661 0.384120 0.003412 0.005346
5 0.630444 0.399214 0.003813 0.005975
5 0.639675 0.394811 0.002609 0.004717
5 0.632450 0.408805 0.004214 0.005031
5 0.624925 0.429403 0.002810 0.005346
5 0.623821 0.438050 0.003412 0.004403
5 0.642384 0.422170 0.003211 0.005975
5 0.616998 0.451887 0.003412 0.005031
5 0.627734 0.465409 0.003612 0.004403
5 0.617801 0.477516 0.004214 0.005975
5 0.633654 0.469182 0.002609 0.005031
5 0.633052 0.455503 0.003813 0.006604
5 0.620008 0.457704 0.003412 0.005346
5 0.607566 0.511635 0.004616 0.005660
5 0.609874 0.517925 0.003612 0.005660
5 0.619005 0.519654 0.003412 0.005346
5 0.607164 0.550472 0.003010 0.005346
5 0.596729 0.564465 0.003010 0.005660
5 0.604656 0.580189 0.003612 0.004403
5 0.589203 0.578774 0.004415 0.006604
5 0.557596 0.567296 0.002609 0.005660
5 0.554385 0.567296 0.002609 0.005660
5 0.550873 0.575943 0.003211 0.004717
5 0.547562 0.576101 0.002609 0.004403
5 0.545153 0.575629 0.002208 0.004717
5 0.542244 0.575314 0.002007 0.005346
5 0.596127 0.594497 0.003010 0.002830
5 0.579370 0.605818 0.003612 0.005346
5 0.566526 0.633805 0.003211 0.004717
5 0.577363 0.649528 0.003211 0.005346
5 0.566325 0.652201 0.004415 0.005031
5 0.555689 0.668868 0.004014 0.005031
5 0.556492 0.674528 0.004014 0.003774
5 0.570540 0.673899 0.003612 0.005031
5 0.564519 0.677987 0.004014 0.005031
5 0.539936 0.697484 0.003813 0.005031
5 0.545455 0.693239 0.004014 0.005346
5 0.534016 0.728459 0.004415 0.005346
5 0.522777 0.738050 0.004415 0.005031
5 0.507024 0.741352 0.004616 0.004088
5 0.534718 0.749371 0.004214 0.005031
5 0.528798 0.755031 0.004014 0.005031
5 0.391933 0.694497 0.004816 0.002830
5 0.391632 0.699371 0.004616 0.001887
5 0.391531 0.701258 0.004816 0.002516
5 0.391732 0.704874 0.004816 0.002201
5 0.391732 0.707390 0.004816 0.002201
5 0.402268 0.694182 0.004214 0.002830
5 0.406883 0.693868 0.004214 0.003459
5 0.402268 0.696855 0.003813 0.002516
5 0.407385 0.697013 0.004014 0.002201
5 0.402368 0.699371 0.003612 0.001887
5 0.402368 0.701730 0.004816 0.002201
5 0.402268 0.704560 0.004616 0.002830
5 0.402669 0.707233 0.004616 0.002516
5 0.402468 0.709277 0.003813 0.001572
5 0.407385 0.699528 0.003612 0.002201
5 0.407586 0.704717 0.003612 0.001887
5 0.407786 0.707075 0.004014 0.001572
5 0.407586 0.709277 0.004415 0.002201
5 0.412904 0.717296 0.002208 0.005031
5 0.407887 0.711950 0.004616 0.001887
5 0.399860 0.727359 0.005017 0.001887
5 0.399358 0.729560 0.005218 0.002516
5 0.399358 0.732075 0.004014 0.001887
5 0.399458 0.734434 0.004616 0.002201
5 0.400261 0.737107 0.005017 0.001887
5 0.399659 0.739780 0.004214 0.002201
5 0.410596 0.742296 0.002007 0.004717
5 0.389123 0.752044 0.003612 0.001572
5 0.389524 0.750157 0.004816 0.001572
5 0.389223 0.732233 0.004214 0.001572
5 0.389023 0.729717 0.004616 0.002201
5 0.388922 0.740094 0.004415 0.002201
5 0.388822 0.754874 0.004616 0.002201
5 0.318583 0.770912 0.005820 0.002830
5 0.331126 0.772799 0.004014 0.004717
5 0.315573 0.775786 0.005017 0.004403
5 0.348184 0.778145 0.003211 0.004717
5 0.352599 0.785535 0.004816 0.003145
5 0.368051 0.782390 0.004816 0.003774
5 0.363436 0.784434 0.005218 0.002830
5 0.376881 0.782075 0.004816 0.002516
5 0.378387 0.785535 0.005017 0.003145
5 0.340257 0.776730 0.003813 0.004403
5 0.360225 0.778931 0.004014 0.001887
5 0.360526 0.776572 0.004616 0.002201
5 0.360526 0.774057 0.004616 0.002201
5 0.360124 0.770912 0.004616 0.002830
5 0.359422 0.767925 0.004816 0.002516
5 0.396448 0.785849 0.004616 0.002516
5 0.401365 0.786006 0.004415 0.002830
5 0.370961 0.773742 0.004616 0.003459
5 0.370961 0.770283 0.003813 0.002830
5 0.370761 0.767138 0.004616 0.002830
5 0.371262 0.764623 0.004014 0.002830
5 0.370560 0.762107 0.005017 0.003459
5 0.379892 0.770755 0.004415 0.003774
5 0.380092 0.765252 0.004014 0.004717
5 0.383404 0.761478 0.002609 0.004088
5 0.389625 0.778931 0.003813 0.004403
5 0.393337 0.778616 0.003211 0.004403
5 0.396147 0.778931 0.003211 0.005031
5 0.401565 0.778145 0.003211 0.004717
5 0.404174 0.778302 0.002408 0.003774
5 0.406984 0.777987 0.003211 0.005031
5 0.388521 0.770283 0.004816 0.002201
5 0.388822 0.767610 0.004616 0.003145
5 0.388822 0.764937 0.005017 0.002201
5 0.388621 0.762264 0.004616 0.003145
5 0.388521 0.759748 0.004415 0.003145
5 0.408188 0.766981 0.004014 0.003145
48 0.421533 0.756447 0.013847 0.019182
9 0.392936 0.753774 0.002408 0.005660
5 0.388822 0.736006 0.003813 0.002201
5 0.410094 0.736163 0.001806 0.003774
5 0.420229 0.745283 0.005218 0.001887
5 0.420028 0.742296 0.005218 0.002201
5 0.420229 0.739937 0.004415 0.002516
5 0.420229 0.737579 0.005218 0.001572
5 0.419928 0.734906 0.004616 0.001887
5 0.420229 0.732233 0.005218 0.002201
5 0.419827 0.729874 0.005218 0.001887
5 0.419928 0.727201 0.005017 0.001572
5 0.420128 0.724528 0.005418 0.002516
5 0.419727 0.721698 0.005017 0.003145
5 0.419827 0.719182 0.004816 0.001887
5 0.425948 0.744497 0.005418 0.002830
5 0.426350 0.741667 0.004616 0.002201
5 0.426350 0.739623 0.004616 0.002516
5 0.426149 0.736950 0.005418 0.002830
5 0.426350 0.734591 0.005017 0.002516
5 0.425948 0.731761 0.005418 0.002516
5 0.426149 0.727359 0.004616 0.003145
5 0.426049 0.724057 0.004415 0.002201
5 0.425848 0.721384 0.004415 0.002516
5 0.425748 0.719340 0.003813 0.001572
5 0.419627 0.716824 0.004816 0.002201
5 0.426149 0.716667 0.005418 0.003145
5 0.419526 0.714780 0.004214 0.002516
5 0.425848 0.714308 0.006020 0.001572
5 0.419627 0.712107 0.004415 0.002830
5 0.425948 0.711635 0.005017 0.002516
5 0.420128 0.709434 0.004616 0.001887
5 0.425547 0.709119 0.004214 0.002516
5 0.419928 0.706918 0.004616 0.002516
5 0.425647 0.706604 0.003612 0.001887
5 0.419827 0.704245 0.004415 0.002830
5 0.425647 0.704088 0.004415 0.002516
5 0.425948 0.701415 0.003813 0.002201
5 0.419827 0.701730 0.004415 0.002201
5 0.419827 0.699214 0.004014 0.002830
5 0.419526 0.696226 0.004214 0.002516
5 0.425748 0.696069 0.005418 0.002201
5 0.425948 0.698585 0.005017 0.002830
5 0.435180 0.751572 0.002208 0.005031
5 0.437788 0.751730 0.002208 0.004717
5 0.440999 0.751415 0.002208 0.005346
5 0.448324 0.751415 0.003211 0.005975
5 0.451435 0.750629 0.002208 0.005660
5 0.420128 0.780503 0.004214 0.001887
5 0.419426 0.777516 0.004816 0.002201
5 0.419225 0.774528 0.005218 0.002516
5 0.419627 0.769969 0.005218 0.002830
5 0.436384 0.762579 0.002208 0.005660
5 0.440698 0.762264 0.002810 0.003774
5 0.448625 0.756918 0.005017 0.003145
5 0.443508 0.761950 0.002007 0.005031
5 0.437588 0.739623 0.004616 0.002516
5 0.443709 0.722642 0.004816 0.003145
5 0.443508 0.726730 0.004816 0.003145
5 0.443107 0.736792 0.004415 0.003145
5 0.438089 0.729403 0.004816 0.002830
5 0.437788 0.724686 0.005017 0.002830
5 0.438089 0.721855 0.005619 0.002201
5 0.438190 0.719340 0.004616 0.002201
5 0.437688 0.716981 0.005218 0.002516
5 0.443006 0.716824 0.004616 0.002201
5 0.437186 0.714465 0.004214 0.002516
5 0.442806 0.714623 0.005418 0.002830
5 0.436986 0.711478 0.004214 0.002201
5 0.442705 0.711635 0.005619 0.002516
5 0.437387 0.708962 0.005017 0.002201
5 0.436685 0.706918 0.005619 0.002516
5 0.437287 0.704088 0.004816 0.002516
5 0.437487 0.701415 0.004816 0.002201
5 0.437186 0.699214 0.004616 0.003459
5 0.437287 0.696541 0.004816 0.002516
5 0.442705 0.696226 0.004415 0.002516
5 0.443006 0.699371 0.004616 0.001887
5 0.442404 0.701415 0.005820 0.002830
5 0.443107 0.704088 0.005218 0.002516
5 0.443006 0.706289 0.005418 0.002516
5 0.443207 0.708962 0.005820 0.002201
5 0.453943 0.719182 0.004415 0.001887
5 0.453542 0.716509 0.004816 0.002201
5 0.453442 0.713836 0.004616 0.001887
5 0.453241 0.711635 0.005017 0.002516
5 0.453542 0.709119 0.004415 0.002516
5 0.453943 0.706604 0.005218 0.002516
5 0.453743 0.703774 0.005218 0.003145
5 0.453542 0.699686 0.005619 0.003145
5 0.453843 0.696226 0.006221 0.003774
5 0.464178 0.708962 0.004014 0.002201
5 0.463877 0.712107 0.005017 0.003459
5 0.465382 0.716509 0.004816 0.002201
5 0.464881 0.718868 0.004616 0.002516
5 0.465081 0.722013 0.004616 0.002516
5 0.454846 0.744340 0.005017 0.002516
5 0.457054 0.739308 0.004214 0.002516
5 0.458057 0.736792 0.005017 0.002516
5 0.399257 0.762421 0.004616 0.002201
5 0.399358 0.754874 0.004014 0.002201
5 0.408489 0.801730 0.002609 0.004088
5 0.405780 0.800786 0.002408 0.004717
5 0.412502 0.802987 0.002208 0.004088
5 0.415312 0.802201 0.003412 0.004403
5 0.418021 0.801572 0.002810 0.005031
5 0.420229 0.800000 0.003612 0.004403
5 0.422336 0.798113 0.003010 0.003774
5 0.425146 0.797484 0.003010 0.004403
5 0.427754 0.796698 0.003412 0.004717
5 0.430062 0.794340 0.004014 0.004403
5 0.432671 0.793082 0.003612 0.005031
5 0.435079 0.792138 0.004014 0.004403
5 0.436785 0.789937 0.004214 0.005031
5 0.439093 0.788836 0.004014 0.004717
5 0.441100 0.787421 0.004014 0.004403
5 0.417921 0.787107 0.005017 0.003774
5 0.423640 0.786164 0.004816 0.003774
5 0.477423 0.840252 0.004415 0.005031
5 0.484949 0.841195 0.004214 0.005660
5 0.469998 0.857075 0.004415 0.004717
5 0.474413 0.856761 0.004415 0.004717
9 0.492575 0.853931 0.005017 0.007862
5 0.464780 0.868082 0.004415 0.006604
5 0.469095 0.876101 0.004214 0.004403
5 0.460666 0.887107 0.003813 0.005031
5 0.462372 0.891824 0.005218 0.005660
5 0.453743 0.894182 0.003612 0.004088
5 0.457154 0.903302 0.004014 0.004088
5 0.452539 0.905975 0.004014 0.004403
5 0.450231 0.900943 0.003412 0.004403
5 0.444913 0.912893 0.004014 0.005031
5 0.441702 0.920440 0.003211 0.004403
5 0.445916 0.919340 0.004014 0.004717
5 0.437186 0.927830 0.004214 0.004717
5 0.434277 0.934906 0.004415 0.005031
5 0.448726 0.922013 0.004014 0.004403
9 0.441601 0.928931 0.005017 0.006289
9 0.439695 0.940252 0.005218 0.006918
5 0.433173 0.944025 0.004214 0.005660
5 0.442203 0.946541 0.004214 0.005031
5 0.430062 0.944182 0.004014 0.004088
5 0.425346 0.951101 0.004214 0.004717
5 0.420329 0.960849 0.003813 0.004088
5 0.427453 0.955031 0.005218 0.005031
5 0.423540 0.963050 0.004214 0.004717
5 0.424844 0.968711 0.004415 0.004717
5 0.417520 0.975000 0.004214 0.004088
5 0.418924 0.978931 0.004214 0.005031
9 0.438190 0.962579 0.005017 0.006289
5 0.407887 0.985220 0.004616 0.005031
5 0.294702 0.936950 0.003813 0.004717
5 0.294602 0.942767 0.003612 0.005031
5 0.305539 0.944182 0.003813 0.005346
5 0.309251 0.933648 0.004014 0.006289
5 0.313867 0.934591 0.004014 0.005660
5 0.353000 0.953616 0.005218 0.004088
5 0.355208 0.946069 0.004816 0.004088
5 0.297712 0.882704 0.002208 0.004403
5 0.355308 0.857075 0.003412 0.006604
5 0.359723 0.848113 0.005017 0.006918
5 0.303632 0.874686 0.003612 0.005346
5 0.379591 0.899371 0.004214 0.005031
5 0.242324 0.944025 0.005017 0.005031
5 0.255168 0.936478 0.005820 0.003145
5 0.258077 0.939151 0.005218 0.003459
5 0.157335 0.962736 0.003612 0.004717
5 0.165764 0.948428 0.003612 0.002516
5 0.152619 0.939465 0.002609 0.004088
5 0.157736 0.939151 0.004415 0.004717
5 0.148104 0.940723 0.004415 0.004717
5 0.071042 0.932390 0.004415 0.002516
5 0.071945 0.937736 0.003813 0.002516
5 0.072547 0.940566 0.003412 0.001887
5 0.070540 0.929717 0.005017 0.002830
5 0.062412 0.933333 0.004014 0.005031
5 0.130644 0.897327 0.004415 0.002830
5 0.138973 0.863522 0.005418 0.003145
5 0.141682 0.854874 0.003211 0.004717
5 0.182822 0.856289 0.002810 0.005031
5 0.195164 0.853459 0.003813 0.005660
8 0.302027 0.944340 0.004816 0.005660
5 0.219948 0.856604 0.004014 0.003774
5 0.222858 0.855031 0.004214 0.003774
9 0.244130 0.869340 0.006221 0.007233
5 0.107064 0.846226 0.003412 0.005660
5 0.137066 0.820283 0.003211 0.004717
5 0.136665 0.813994 0.004415 0.004717
5 0.168473 0.827358 0.002208 0.005031
9 0.109372 0.744340 0.003211 0.005660
9 0.105057 0.744811 0.003010 0.005346
9 0.109974 0.752830 0.002810 0.006289
9 0.113084 0.752201 0.003412 0.006918
9 0.115994 0.751258 0.004014 0.006289
9 0.112181 0.743553 0.002810 0.005346
9 0.115794 0.742767 0.004014 0.005660
9 0.123119 0.764623 0.006221 0.002830
9 0.146699 0.747327 0.003612 0.005975
9 0.150211 0.741509 0.003010 0.005660
9 0.153321 0.741667 0.002408 0.005346
9 0.155830 0.741824 0.001806 0.005031
9 0.156532 0.747327 0.002408 0.005346
9 0.165362 0.742296 0.003211 0.007233
9 0.167770 0.746541 0.002810 0.005031
9 0.167770 0.754403 0.004014 0.008176
9 0.162854 0.770440 0.002609 0.005031
9 0.171684 0.739151 0.006623 0.002201
9 0.173791 0.741667 0.004816 0.002201
9 0.173590 0.744025 0.005218 0.002516
5 0.092715 0.791195 0.002408 0.004403
9 0.061108 0.787579 0.003010 0.006604
9 0.054485 0.787264 0.003010 0.005975
9 0.095123 0.791195 0.002408 0.005031
9 0.247943 0.701101 0.007425 0.004088
5 0.324804 0.744025 0.004616 0.002516
5 0.324804 0.738522 0.004616 0.002201
5 0.324503 0.736163 0.005218 0.003145
5 0.324604 0.732390 0.005017 0.003145
5 0.333935 0.732704 0.002810 0.005660
5 0.324202 0.724214 0.005017 0.002516
5 0.324604 0.719969 0.006221 0.004717
5 0.333434 0.684591 0.003813 0.005031
5 0.329520 0.674686 0.004415 0.004717
5 0.320289 0.663679 0.006020 0.003459
5 0.317178 0.659119 0.003813 0.005031
5 0.321694 0.660220 0.005619 0.003459
5 0.329420 0.661006 0.005418 0.005031
5 0.333534 0.664623 0.004415 0.002830
5 0.333735 0.656918 0.004816 0.002516
5 0.333534 0.659434 0.004816 0.002516
5 0.321593 0.655031 0.005820 0.001887
5 0.303231 0.675786 0.003612 0.005660
5 0.302830 0.664780 0.004415 0.005660
5 0.302830 0.652673 0.003211 0.004717
5 0.302729 0.658648 0.003412 0.005346
5 0.309452 0.663208 0.004816 0.001887
5 0.308950 0.657075 0.004616 0.002830
5 0.309051 0.650472 0.005218 0.002201
5 0.308750 0.647956 0.005418 0.002830
5 0.309051 0.645283 0.005619 0.002516
5 0.309051 0.642138 0.006020 0.003145
5 0.308850 0.639308 0.005619 0.002516
5 0.321694 0.642296 0.006020 0.003459
5 0.321292 0.638050 0.005619 0.003145
5 0.333935 0.647799 0.004014 0.001887
5 0.333935 0.650943 0.004014 0.002516
5 0.333634 0.645126 0.005017 0.002201
5 0.333534 0.642453 0.004816 0.002516
5 0.333133 0.634591 0.004415 0.002516
5 0.333133 0.636950 0.004816 0.002201
5 0.326410 0.630660 0.003412 0.006604
5 0.320991 0.629245 0.005820 0.002516
5 0.321092 0.632233 0.006020 0.003459
5 0.309151 0.629088 0.006221 0.002830
5 0.308549 0.632075 0.005820 0.002516
5 0.309452 0.635063 0.006020 0.002830
5 0.308649 0.616824 0.004816 0.003459
5 0.313566 0.616038 0.005017 0.003145
5 0.318884 0.616038 0.004816 0.003145
5 0.331527 0.616195 0.005218 0.002830
5 0.336946 0.616038 0.004816 0.003145
5 0.366245 0.615409 0.005218 0.002516
5 0.372667 0.615566 0.004415 0.002830
5 0.379791 0.615566 0.005418 0.003459
5 0.330925 0.686635 0.005218 0.006604
5 0.300321 0.715723 0.002208 0.004403
5 0.297211 0.709434 0.004415 0.005031
5 0.303030 0.699843 0.002810 0.005346
5 0.302729 0.704403 0.003010 0.004403
5 0.293398 0.693711 0.004014 0.003145
5 0.292996 0.690094 0.004014 0.002201
5 0.292494 0.687736 0.003813 0.002516
5 0.273831 0.652044 0.005418 0.002830
5 0.273630 0.648270 0.005418 0.002830
5 0.285270 0.645755 0.005820 0.003459
5 0.285370 0.648899 0.005619 0.002830
5 0.284969 0.640723 0.004816 0.002830
5 0.284869 0.637893 0.005017 0.002830
5 0.284969 0.635220 0.005218 0.001887
5 0.273329 0.645597 0.005218 0.002516
5 0.293498 0.654560 0.005017 0.004088
5 0.290989 0.659277 0.004014 0.002830
5 0.291993 0.669969 0.004014 0.003459
5 0.270821 0.630660 0.005418 0.002201
5 0.270118 0.633648 0.005218 0.002516
5 0.284467 0.618239 0.005820 0.002516
5 0.270219 0.613679 0.002609 0.005346
5 0.270018 0.608805 0.002609 0.005031
5 0.269617 0.602830 0.003010 0.004403
5 0.284568 0.615409 0.004816 0.002516
5 0.284467 0.612264 0.005820 0.002516
5 0.284568 0.609748 0.005218 0.001887
5 0.284166 0.607233 0.005218 0.003145
5 0.284367 0.604874 0.004415 0.002201
5 0.273931 0.613836 0.004415 0.003145
5 0.274032 0.610849 0.004214 0.002830
5 0.273931 0.608176 0.004415 0.001887
5 0.273229 0.605818 0.004214 0.002830
5 0.273630 0.602987 0.005017 0.002201
5 0.273430 0.600629 0.004214 0.002516
5 0.290989 0.607547 0.005218 0.002516
5 0.299117 0.599843 0.003813 0.005975
5 0.291290 0.601730 0.005418 0.003459
5 0.290488 0.597799 0.004616 0.003145
5 0.290187 0.594182 0.005218 0.004088
5 0.284166 0.601887 0.004816 0.002516
5 0.283965 0.599214 0.004415 0.002830
5 0.284166 0.596698 0.004816 0.002830
5 0.284267 0.594182 0.005820 0.002830
5 0.284267 0.591509 0.006221 0.002516
5 0.284267 0.589308 0.005017 0.002516
5 0.284166 0.586635 0.004816 0.002201
5 0.283865 0.584119 0.004616 0.002830
5 0.283564 0.581447 0.004014 0.002516
5 0.295806 0.572956 0.002810 0.006289
5 0.283865 0.578931 0.004214 0.002516
5 0.283464 0.575943 0.005017 0.003459
5 0.283865 0.565409 0.005017 0.002516
5 0.283464 0.568239 0.005418 0.002516
5 0.283564 0.570912 0.005619 0.002201
5 0.283765 0.573113 0.005619 0.002201
5 0.268714 0.583962 0.003211 0.004403
5 0.263396 0.592925 0.002609 0.004717
5 0.273329 0.592296 0.004816 0.002201
5 0.273731 0.589465 0.004816 0.002201
5 0.273129 0.586635 0.004816 0.002201
5 0.273028 0.583648 0.004616 0.001887
5 0.273229 0.580660 0.005820 0.002830
5 0.273530 0.576730 0.004816 0.002516
5 0.267510 0.573113 0.004014 0.002201
5 0.260285 0.571855 0.002408 0.004717
5 0.260084 0.564780 0.004014 0.005660
5 0.273329 0.573585 0.005619 0.003145
5 0.272727 0.567453 0.005218 0.002830
5 0.267409 0.567610 0.005017 0.002516
5 0.267510 0.562579 0.005619 0.002516
5 0.272928 0.564308 0.004816 0.003459
5 0.283464 0.559906 0.004616 0.002830
5 0.284668 0.555660 0.004616 0.003145
5 0.283965 0.552516 0.005218 0.003145
5 0.283363 0.546541 0.005619 0.003145
5 0.273229 0.557547 0.005418 0.002516
5 0.273028 0.555189 0.005820 0.002201
5 0.272928 0.552673 0.005218 0.002830
5 0.258378 0.557547 0.003010 0.005660
5 0.267309 0.547799 0.005619 0.003145
5 0.272527 0.544497 0.005218 0.002201
5 0.272727 0.547956 0.005619 0.003459
5 0.283163 0.536950 0.004415 0.003459
5 0.255870 0.530346 0.004816 0.002830
5 0.293398 0.541509 0.003612 0.005660
5 0.298716 0.544497 0.002609 0.005975
5 0.298415 0.497013 0.004014 0.005975
5 0.297813 0.457704 0.002810 0.005346
5 0.293699 0.451415 0.004214 0.005975
5 0.288079 0.452201 0.003813 0.005031
5 0.305740 0.474686 0.002609 0.005975
9 0.315974 0.475943 0.005418 0.018553
5 0.269316 0.431918 0.006422 0.004088
5 0.283564 0.411792 0.003612 0.005346
5 0.279450 0.404088 0.003412 0.005660
5 0.319587 0.405346 0.002208 0.004403
5 0.322798 0.405660 0.003412 0.004403
5 0.644491 0.305031 0.002208 0.004403
5 0.627835 0.388522 0.004214 0.004717
5 0.532310 0.475786 0.005017 0.003145
5 0.182019 0.700472 0.004014 0.004717
5 0.172085 0.677673 0.004616 0.003774
5 0.177905 0.670440 0.003412 0.005660
5 0.186334 0.668868 0.004616 0.003774
5 0.186835 0.672799 0.005619 0.003459
5 0.167570 0.713522 0.003211 0.004403
8 0.181417 0.630975 0.003211 0.008491
39 0.299719 0.413365 0.003813 0.009748
5 0.183524 0.646384 0.003813 0.006604
9 0.186434 0.335377 0.005619 0.009119
48 0.451234 0.300786 0.020670 0.021698
48 0.483945 0.325786 0.041541 0.019497
48 0.416215 0.301887 0.027694 0.011950
48 0.407084 0.321855 0.014248 0.014780
48 0.606663 0.291981 0.014048 0.010377
48 0.516055 0.300157 0.011439 0.012893
9 0.181919 0.311950 0.004214 0.008805
5 0.036625 0.348585 0.002609 0.004717
5 0.031306 0.402673 0.002408 0.005346
5 0.041341 0.400943 0.004415 0.002516
8 0.042545 0.407075 0.004816 0.002830
5 0.033313 0.416981 0.002810 0.005031
5 0.044250 0.420126 0.005017 0.002516
5 0.044150 0.422642 0.004816 0.002516
11 0.039936 0.449843 0.005218 0.016667
8 0.046659 0.475157 0.002609 0.006918
8 0.150813 0.475314 0.002609 0.005346
5 0.158740 0.473899 0.004014 0.003145
11 0.157536 0.435063 0.004816 0.013522
23 0.129741 0.300629 0.003010 0.006289
5 0.147903 0.211164 0.004014 0.003459
5 0.149107 0.206604 0.002408 0.004403
8 0.167269 0.225943 0.003813 0.004088
9 0.176299 0.233491 0.003412 0.004088
5 0.229581 0.222170 0.003211 0.004088
48 0.224162 0.227044 0.024885 0.015723
9 0.286173 0.240881 0.008027 0.004403
9 0.286574 0.244497 0.008027 0.004088
9 0.287578 0.248113 0.008027 0.004403
9 0.290086 0.252358 0.006221 0.003459
9 0.291892 0.255660 0.007024 0.003774
5 0.280052 0.234906 0.004214 0.003145
5 0.280755 0.236950 0.004014 0.002830
9 0.280153 0.231604 0.007225 0.005975
10 0.286775 0.220283 0.008027 0.003459
5 0.311459 0.211950 0.004415 0.002516
5 0.311459 0.214308 0.004415 0.002201
9 0.286474 0.205818 0.007425 0.002830
9 0.247140 0.202201 0.006623 0.002516
5 0.154826 0.191195 0.005017 0.003774
8 0.176400 0.186006 0.002810 0.005975
5 0.130745 0.177830 0.004616 0.002830
5 0.018864 0.211478 0.002007 0.003459
5 0.010536 0.197642 0.002208 0.004088
5 0.030002 0.662107 0.006623 0.004088
9 0.131648 0.042453 0.004816 0.007547
11 0.124925 0.041352 0.007024 0.014780
48 0.033414 0.159591 0.032711 0.014780
48 0.058800 0.164465 0.016456 0.009434
48 0.065523 0.153145 0.019466 0.010063
5 0.029801 0.175786 0.002609 0.005031
48 0.041642 0.227044 0.041541 0.016352
11 0.333032 0.053459 0.004616 0.021384
11 0.336444 0.054088 0.005017 0.020126
48 0.403773 0.053774 0.105559 0.022642
9 0.416918 0.028302 0.004214 0.020126
9 0.420530 0.027830 0.002609 0.019182
9 0.432571 0.039937 0.004616 0.010692
48 0.441200 0.044654 0.009031 0.006918
48 0.489665 0.049371 0.020871 0.047170
48 0.508228 0.061478 0.016255 0.031132
48 0.520771 0.031918 0.036926 0.033019
48 0.534417 0.050786 0.031306 0.054403
9 0.079671 0.080503 0.002408 0.006918
9 0.083183 0.081761 0.003813 0.007547
9 0.085491 0.079874 0.002810 0.005031
9 0.087096 0.079560 0.002810 0.005031
9 0.088501 0.077830 0.003211 0.006604
9 0.090006 0.077358 0.003010 0.006289
9 0.092113 0.078302 0.002408 0.005031
9 0.112181 0.031604 0.004415 0.006604
5 0.239213 0.061635 0.003211 0.004403
5 0.272828 0.042925 0.003412 0.005346
5 0.274734 0.057233 0.004415 0.003774
5 0.275537 0.059119 0.003612 0.003774
5 0.276540 0.061164 0.004014 0.004088
5 0.277243 0.063365 0.004214 0.004088
5 0.314469 0.024528 0.002810 0.003145
5 0.382199 0.022327 0.002609 0.005031
5 0.384808 0.022013 0.002609 0.005660
11 0.429460 0.025157 0.004816 0.015723
5 0.393237 0.200943 0.003412 0.005031
5 0.441902 0.146855 0.002408 0.005031
5 0.447221 0.213522 0.002208 0.005031
5 0.446117 0.205975 0.002408 0.006289
5 0.462573 0.177358 0.002810 0.006289
5 0.466386 0.215409 0.002810 0.005660
5 0.462874 0.140409 0.002208 0.004717
5 0.423841 0.180031 0.004816 0.004717
5 0.424042 0.182547 0.004415 0.004717
5 0.424443 0.185849 0.003612 0.004403
5 0.424744 0.188994 0.003412 0.005031
5 0.440197 0.237421 0.003813 0.005660
5 0.416014 0.258648 0.002810 0.007233
5 0.395043 0.210535 0.004616 0.004717
5 0.397652 0.213050 0.004616 0.004717
5 0.398053 0.215094 0.003813 0.004403
5 0.399458 0.217138 0.004214 0.004717
5 0.399960 0.220912 0.004014 0.004088
5 0.401565 0.222799 0.004816 0.004088
5 0.402870 0.226258 0.004214 0.004717
5 0.408489 0.236164 0.004616 0.004403
5 0.400261 0.242453 0.004214 0.003774
5 0.401164 0.244811 0.002810 0.004088
5 0.446920 0.251572 0.002810 0.005031
5 0.455750 0.251415 0.002408 0.005975
5 0.458258 0.251730 0.002208 0.005346
5 0.461670 0.251730 0.002208 0.004088
5 0.469797 0.251258 0.003211 0.005031
5 0.473109 0.251887 0.003412 0.005031
5 0.475617 0.251415 0.003612 0.005346
5 0.423038 0.283333 0.004415 0.003774
5 0.409994 0.266667 0.004415 0.004403
5 0.414509 0.266352 0.003412 0.003145
5 0.442906 0.230189 0.004014 0.002516
5 0.435581 0.225629 0.002609 0.005346
5 0.428055 0.211006 0.003211 0.005660
5 0.394441 0.252358 0.001806 0.004717
5 0.383604 0.252358 0.001806 0.004088
5 0.381698 0.252830 0.002007 0.004403
5 0.369958 0.284277 0.003813 0.002516
11 0.359823 0.209591 0.008429 0.008491
11 0.348384 0.186006 0.007626 0.007233
11 0.346879 0.183648 0.006623 0.007547
5 0.345174 0.180031 0.004014 0.004717
11 0.340257 0.179560 0.005418 0.007547
9 0.339856 0.212736 0.006221 0.005346
5 0.329119 0.247642 0.004415 0.003459
5 0.329320 0.250629 0.004415 0.003774
5 0.434578 0.330031 0.001806 0.005346
5 0.432571 0.337579 0.002208 0.004717
5 0.472105 0.296855 0.001806 0.004403
9 0.459563 0.316038 0.006422 0.004403
5 0.525687 0.320755 0.001405 0.005031
5 0.422436 0.311006 0.004816 0.003145
5 0.283363 0.530031 0.004816 0.004088
6 0.256372 0.534434 0.006221 0.004717
5 0.261489 0.580189 0.002810 0.005660
5 0.262392 0.586792 0.002609 0.005660
5 0.264399 0.598428 0.002208 0.005031
5 0.269115 0.595755 0.002408 0.006604
5 0.269416 0.625314 0.003813 0.002830
5 0.270419 0.627987 0.003813 0.003774
5 0.285571 0.651258 0.005218 0.003145
5 0.272928 0.640881 0.004014 0.003145
5 0.272226 0.638365 0.004616 0.003145
5 0.272025 0.636478 0.005418 0.003145
5 0.284969 0.633176 0.003612 0.002830
5 0.292193 0.666195 0.004014 0.002201
5 0.292193 0.661950 0.003612 0.004403
5 0.291090 0.642925 0.005017 0.004088
5 0.291090 0.646069 0.005017 0.003459
5 0.290688 0.636635 0.004616 0.004088
5 0.291391 0.648113 0.004415 0.003774
5 0.291090 0.651258 0.005017 0.004403
5 0.291792 0.684277 0.004415 0.003774
5 0.292294 0.675629 0.003412 0.002830
5 0.292796 0.678774 0.005218 0.003459
5 0.291290 0.697641 0.004214 0.003459
5 0.292394 0.717610 0.005218 0.003774
53 0.269918 0.551730 0.034116 0.064465
53 0.277343 0.603302 0.033715 0.038679
53 0.280454 0.639623 0.027895 0.033962
53 0.291993 0.688994 0.006823 0.064151
5 0.312964 0.608805 0.004616 0.004403
5 0.321393 0.647327 0.005017 0.003459
5 0.321794 0.650314 0.005017 0.003145
5 0.321393 0.652830 0.005820 0.002516
5 0.308649 0.660220 0.004415 0.002830
5 0.333634 0.654088 0.004214 0.002516
53 0.338049 0.699528 0.004214 0.012893
5 0.333333 0.628931 0.003612 0.003774
53 0.321192 0.650314 0.030303 0.054717
5 0.324503 0.727201 0.005619 0.004088
53 0.329821 0.735535 0.015854 0.068553
5 0.325206 0.770912 0.005418 0.004717
5 0.307445 0.767767 0.004014 0.004088
5 0.372767 0.785377 0.004214 0.004088
5 0.356211 0.789308 0.004014 0.002516
5 0.361228 0.791352 0.004816 0.004088
5 0.403070 0.800472 0.003010 0.005346
5 0.389725 0.786321 0.004415 0.003459
5 0.383002 0.779560 0.003813 0.003774
5 0.359924 0.781447 0.004616 0.002516
53 0.374473 0.769654 0.034919 0.021698
5 0.388922 0.741981 0.004415 0.003459
5 0.389926 0.727044 0.003612 0.003145
5 0.388722 0.738208 0.003612 0.002201
5 0.389424 0.744969 0.004616 0.003145
5 0.389324 0.747484 0.005218 0.003145
5 0.389023 0.757075 0.004616 0.002830
53 0.389324 0.741824 0.005218 0.033333
5 0.399659 0.744182 0.003813 0.002830
5 0.399659 0.741509 0.004616 0.002516
5 0.398856 0.724214 0.003412 0.003145
5 0.398555 0.722013 0.002810 0.002516
5 0.399558 0.714465 0.002810 0.002516
5 0.399157 0.716981 0.003612 0.001887
5 0.398856 0.719182 0.003010 0.003145
53 0.399960 0.729403 0.006020 0.033019
5 0.398254 0.757233 0.003813 0.002516
53 0.399057 0.758805 0.005820 0.011321
5 0.404074 0.769340 0.005418 0.004088
53 0.391431 0.701730 0.006221 0.019182
5 0.391531 0.709906 0.004816 0.003459
5 0.408087 0.702201 0.004616 0.003145
53 0.405077 0.702673 0.011439 0.022327
5 0.418423 0.691824 0.004816 0.003145
5 0.437688 0.733962 0.004816 0.002516
5 0.437588 0.737264 0.005418 0.003459
5 0.443006 0.739623 0.004214 0.003774
53 0.439695 0.714308 0.056592 0.045597
53 0.422537 0.741667 0.013044 0.010377
5 0.455950 0.741667 0.004415 0.003459
5 0.459362 0.732075 0.003612 0.002516
5 0.463677 0.724057 0.004214 0.002830
53 0.446618 0.751415 0.026289 0.028616
5 0.461670 0.779874 0.003813 0.003774
53 0.410195 0.800786 0.019667 0.011006
53 0.437788 0.790409 0.011439 0.010377
53 0.425848 0.797327 0.012041 0.012264
53 0.437086 0.828616 0.027694 0.035220
5 0.249649 0.866667 0.003612 0.008805
6 0.274734 0.845755 0.006422 0.004717
5 0.102248 0.867296 0.002609 0.005031
5 0.353903 0.939937 0.003813 0.007547
5 0.135160 0.863522 0.002208 0.006289
5 0.151415 0.864623 0.005017 0.004717
5 0.201485 0.856918 0.003612 0.005660
48 0.130845 0.738208 0.009231 0.009119
11 0.122918 0.767767 0.008629 0.004088
5 0.142384 0.770126 0.003010 0.005660
5 0.149709 0.766352 0.002408 0.005031
5 0.146799 0.766981 0.002609 0.006289
5 0.158338 0.731761 0.002007 0.005031
9 0.170279 0.734434 0.007024 0.003459
5 0.171082 0.736950 0.005017 0.002201
9 0.173089 0.747013 0.005017 0.003459
9 0.172185 0.749686 0.004014 0.003145
9 0.173891 0.753459 0.008228 0.003145
9 0.175196 0.757390 0.008027 0.003459
5 0.151716 0.731289 0.002408 0.005346
5 0.148104 0.732547 0.003211 0.005346
53 0.116998 0.755346 0.025687 0.029560
53 0.158840 0.751572 0.039133 0.046541
5 0.172787 0.711950 0.002408 0.004403
11 0.275236 0.220755 0.006623 0.005660
5 0.284768 0.234748 0.004014 0.003459
9 0.286474 0.208805 0.007425 0.003145
5 0.325607 0.228774 0.001806 0.005975
53 0.311359 0.213522 0.005017 0.024528
53 0.319085 0.229874 0.014850 0.007547
53 0.329320 0.247956 0.004816 0.026101
5 0.330423 0.276730 0.004214 0.002516
5 0.331828 0.278774 0.005017 0.002201
5 0.277845 0.346855 0.003010 0.006289
53 0.285069 0.243239 0.018663 0.033019
5 0.290187 0.225943 0.003612 0.004088
6 0.288079 0.217138 0.004616 0.003459
9 0.288280 0.211478 0.005017 0.003459
5 0.302930 0.194497 0.002609 0.005975
53 0.300923 0.194654 0.013446 0.007547
13 0.299017 0.125314 0.003612 0.013522
9 0.219747 0.144654 0.004816 0.003145
9 0.230985 0.140094 0.004816 0.004088
38 0.437487 0.483019 0.048565 0.031447
38 0.435681 0.435535 0.044551 0.049057
38 0.506121 0.414308 0.026891 0.040566
38 0.499498 0.478616 0.054586 0.044025
48 0.243227 0.553459 0.013646 0.011321
5 0.174694 0.644811 0.002208 0.007233
5 0.182220 0.705975 0.002408 0.007547
5 0.123821 0.791667 0.003211 0.004088
5 0.126430 0.791352 0.004415 0.003459
5 0.135160 0.803145 0.001806 0.004403
5 0.169075 0.822013 0.003412 0.004403
5 0.167871 0.771069 0.002609 0.006289
5 0.195264 0.774214 0.003612 0.006918
5 0.160044 0.769182 0.002208 0.005031
5 0.188240 0.855975 0.002408 0.006289
5 0.068934 0.922013 0.004616 0.003145
5 0.069235 0.924843 0.004014 0.003145
5 0.068633 0.915409 0.004816 0.003145
9 0.268413 0.202044 0.003412 0.004088
9 0.268814 0.205503 0.003813 0.005346
10 0.269316 0.208333 0.004415 0.005975
38 0.451937 0.389623 0.008830 0.008805
42 0.382300 0.594340 0.005619 0.004403
5 0.079270 0.922956 0.003612 0.003145
5 0.078768 0.920912 0.005820 0.002830
5 0.069737 0.959434 0.002208 0.005031
5 0.061810 0.960535 0.002408 0.005975
5 0.079069 0.957547 0.002007 0.006289
5 0.076460 0.957233 0.002408 0.006289
53 0.072045 0.929560 0.027694 0.047799
53 0.060606 0.960220 0.039334 0.012264
5 0.033614 0.981289 0.003813 0.003459
5 0.166466 0.951415 0.005017 0.004717
48 0.194562 0.946698 0.011439 0.013522
5 0.144993 0.933019 0.005017 0.003145
5 0.147401 0.452987 0.002609 0.005975
53 0.101746 0.074371 0.074252 0.030503
53 0.202589 0.275314 0.053984 0.068239
51 0.444411 0.654560 0.026289 0.021069
5 0.562011 0.626101 0.004214 0.005660
5 0.575256 0.627044 0.004214 0.006289
5 0.502208 0.755660 0.005017 0.005031
5 0.491371 0.775472 0.004616 0.005031
53 0.407184 0.773742 0.030102 0.016667
53 0.399458 0.755660 0.005820 0.019497
5 0.358619 0.939308 0.004415 0.004403
5 0.536323 0.584119 0.004616 0.008491
5 0.528597 0.604088 0.003612 0.006289
5 0.306542 0.680975 0.006221 0.002830
10 0.325406 0.921855 0.004214 0.006604
9 0.561409 0.618553 0.004616 0.005660
5 0.155328 0.941509 0.002408 0.001258
5 0.155328 0.940252 0.002810 0.001887
9 0.179611 0.616038 0.003612 0.006289
11 0.324905 0.035535 0.007225 0.006918
11 0.346779 0.940880 0.006422 0.003145
5 0.500903 0.044340 0.004014 0.005031
10 0.271423 0.214151 0.003412 0.004403
10 0.270118 0.211478 0.003612 0.003459
5 0.165463 0.607862 0.004616 0.002516
8 0.497090 0.730503 0.004014 0.004403
5 0.404977 0.796541 0.001204 0.002516
48 0.407485 0.797484 0.003010 0.002516
10 0.479229 0.853302 0.002007 0.004717
10 0.325105 0.706289 0.003612 0.003774
10 0.175597 0.627516 0.006020 0.002201
5 0.303933 0.834277 0.001806 0.005031
5 0.321092 0.026572 0.004014 0.004088
5 0.071644 0.727359 0.002408 0.005031
39 0.601345 0.337107 0.006221 0.003774
42 0.602549 0.333019 0.006221 0.003145
39 0.603652 0.330503 0.006422 0.004403
39 0.583584 0.342453 0.006422 0.005031
39 0.579169 0.349371 0.006020 0.005660
39 0.582380 0.358648 0.006823 0.005346
39 0.584287 0.355503 0.007827 0.005975
39 0.567530 0.354245 0.003211 0.008491
42 0.593217 0.342767 0.008027 0.005031
39 0.590106 0.345597 0.007425 0.005031
39 0.568132 0.370597 0.005619 0.007233
39 0.561409 0.355975 0.005017 0.006918
39 0.552880 0.358491 0.003612 0.006918
9 0.557094 0.360377 0.006020 0.005031
9 0.587497 0.339780 0.006221 0.004717
44 0.611880 0.477044 0.004816 0.008805
39 0.324604 0.323585 0.009031 0.004403
43 0.319988 0.297799 0.009031 0.006289
39 0.307746 0.411792 0.005017 0.011635
9 0.304435 0.438208 0.006020 0.010377
44 0.525386 0.466667 0.006823 0.008176
39 0.566627 0.330189 0.007425 0.003774
39 0.575356 0.331132 0.007626 0.004403
39 0.576560 0.327673 0.007225 0.002516
39 0.565723 0.319497 0.008027 0.003145
39 0.576661 0.320440 0.007024 0.003145
9 0.571644 0.316195 0.017459 0.004088
41 0.575858 0.312736 0.009833 0.003459
39 0.600843 0.321855 0.007626 0.004088
39 0.595424 0.334748 0.006020 0.004088
