48 0.967461 0.135237 0.014618 0.018199
48 0.969563 0.154063 0.011614 0.011923
48 0.974369 0.190304 0.007209 0.008472
48 0.967962 0.204267 0.015619 0.015689
5 0.974269 0.235331 0.004606 0.003138
48 0.975971 0.287261 0.007609 0.005334
48 0.978274 0.348917 0.015819 0.014434
48 0.984381 0.393630 0.010813 0.009099
48 0.979275 0.398337 0.006608 0.006589
48 0.980777 0.476153 0.007209 0.007844
48 0.985382 0.517885 0.011213 0.012865
48 0.621946 0.089583 0.029235 0.031064
48 0.609531 0.074521 0.014818 0.014747
48 0.595114 0.083935 0.007609 0.007844
48 0.630557 0.064638 0.014417 0.013806
48 0.615639 0.049420 0.007809 0.009727
48 0.658891 0.078914 0.026632 0.024161
48 0.647177 0.056793 0.008811 0.007531
48 0.664698 0.049890 0.007809 0.006903
48 0.679716 0.067932 0.010613 0.012237
48 0.694734 0.059774 0.012615 0.013492
48 0.704345 0.053028 0.008210 0.008786
48 0.727173 0.039536 0.020224 0.018826
48 0.750300 0.029652 0.014017 0.019768
48 0.737986 0.013649 0.008610 0.009099
48 0.753604 0.058362 0.017020 0.017571
48 0.785042 0.060559 0.014618 0.014434
48 0.809471 0.058519 0.009812 0.008472
48 0.861934 0.052714 0.012615 0.013179
48 0.797157 0.036555 0.016420 0.018513
48 0.817982 0.026671 0.012415 0.013806
48 0.846115 0.013649 0.009011 0.006589
48 0.865238 0.037025 0.007209 0.009413
48 0.881358 0.042360 0.014217 0.013806
48 0.910793 0.025102 0.018222 0.017571
48 0.936524 0.042673 0.013216 0.014434
48 0.958350 0.034515 0.013216 0.015061
5 0.951442 0.033574 0.003805 0.005020
48 0.924810 0.047066 0.008210 0.007531
48 0.911994 0.062127 0.017821 0.018199
5 0.902683 0.053342 0.003204 0.003765
5 0.905687 0.052243 0.004005 0.004079
48 0.885563 0.064324 0.005406 0.005648
48 0.877253 0.072168 0.014818 0.015061
48 0.868342 0.074678 0.009812 0.015689
48 0.859131 0.085974 0.014618 0.016316
48 0.863336 0.077816 0.007409 0.010041
48 0.871446 0.092877 0.007609 0.008786
48 0.874750 0.111076 0.005807 0.006275
48 0.857429 0.115783 0.016019 0.017571
48 0.835603 0.124255 0.014417 0.014434
48 0.822387 0.037810 0.009612 0.009727
5 0.784642 0.052243 0.004205 0.004079
48 0.761314 0.023690 0.008811 0.008472
48 0.797457 0.086288 0.012615 0.013179
48 0.769523 0.082523 0.008010 0.008786
48 0.725571 0.074992 0.014217 0.012551
48 0.688126 0.070286 0.008610 0.008158
48 0.678114 0.026985 0.012615 0.013179
48 0.718863 0.017728 0.016420 0.016003
48 0.673408 0.093662 0.013216 0.017258
48 0.685523 0.093819 0.008210 0.010668
48 0.696336 0.099937 0.012615 0.014120
48 0.722066 0.106370 0.021626 0.018826
48 0.689628 0.120333 0.022427 0.022278
48 0.697437 0.133825 0.009211 0.008472
48 0.652683 0.104801 0.021426 0.018199
48 0.639067 0.112018 0.010613 0.013806
48 0.623949 0.129903 0.015218 0.017571
5 0.626151 0.151867 0.005607 0.003138
48 0.645775 0.129903 0.006408 0.005648
48 0.654185 0.134609 0.007209 0.007531
48 0.656588 0.052087 0.007609 0.007531
48 0.587305 0.073580 0.009612 0.010982
48 0.570885 0.090524 0.008811 0.009099
48 0.563777 0.078914 0.007008 0.009099
48 0.642371 0.085504 0.014818 0.014747
48 0.641970 0.074521 0.006408 0.008472
48 0.633660 0.071698 0.011414 0.009099
48 0.646075 0.030907 0.005006 0.006589
48 0.678414 0.045340 0.008811 0.009099
48 0.944233 0.061500 0.009411 0.005648
48 0.944433 0.064794 0.005807 0.003452
48 0.940428 0.066677 0.006207 0.004707
48 0.935322 0.066991 0.005607 0.004079
48 0.952543 0.079542 0.010813 0.011610
48 0.957950 0.085033 0.012815 0.010668
48 0.898678 0.071384 0.005206 0.007844
5 0.812675 0.098211 0.004205 0.005648
5 0.804265 0.095544 0.005406 0.004707
48 0.789047 0.112959 0.012215 0.013179
48 0.808270 0.110135 0.020224 0.022592
48 0.762515 0.104958 0.006808 0.008472
48 0.756107 0.129903 0.010813 0.009413
48 0.721366 0.146376 0.008610 0.008472
48 0.708550 0.129118 0.009011 0.007844
48 0.703444 0.083307 0.007209 0.008472
48 0.654585 0.128020 0.007209 0.005020
48 0.659391 0.128961 0.005607 0.005020
48 0.675210 0.127863 0.006808 0.007844
48 0.665398 0.128961 0.006408 0.005648
48 0.578694 0.136649 0.008811 0.006589
5 0.565078 0.145121 0.004806 0.006589
48 0.559071 0.150926 0.006007 0.010668
48 0.571386 0.161280 0.009411 0.011923
48 0.562375 0.097898 0.012615 0.011923
48 0.907089 0.091779 0.014417 0.016003
6 0.909291 0.103075 0.004405 0.007217
48 0.906388 0.111233 0.006207 0.006589
48 0.948438 0.107311 0.036644 0.022592
5 0.928314 0.115626 0.004005 0.005334
48 0.931217 0.095388 0.009011 0.010668
48 0.959551 0.123627 0.012815 0.012551
48 0.953244 0.129118 0.007409 0.009099
48 0.942131 0.135864 0.007209 0.006903
48 0.842811 0.117822 0.008811 0.010355
48 0.859431 0.165516 0.021225 0.019768
48 0.801562 0.156887 0.012014 0.013806
48 0.716159 0.166928 0.016620 0.010668
48 0.639768 0.154534 0.006408 0.003452
48 0.629856 0.157044 0.005406 0.004707
48 0.619744 0.163163 0.008010 0.010668
48 0.607930 0.157829 0.008410 0.006275
48 0.607129 0.153436 0.008811 0.005648
48 0.561374 0.178695 0.006207 0.007844
48 0.571085 0.173674 0.007609 0.009727
48 0.587605 0.183244 0.009011 0.009413
48 0.585402 0.189677 0.009812 0.007217
48 0.608330 0.185284 0.012815 0.009727
24 0.905587 0.104644 0.005006 0.004707
48 0.585803 0.135080 0.003805 0.005962
48 0.757008 0.174616 0.010613 0.007217
48 0.821286 0.169438 0.014217 0.015689
48 0.860733 0.185912 0.013416 0.016003
48 0.879756 0.175714 0.016620 0.016316
48 0.895975 0.188422 0.007409 0.009727
48 0.902283 0.181205 0.006408 0.006589
48 0.940028 0.164261 0.008610 0.008472
48 0.799159 0.190618 0.006408 0.004079
48 0.788246 0.183401 0.006207 0.004079
48 0.799159 0.183872 0.005607 0.006903
48 0.779235 0.185598 0.008610 0.005334
48 0.757709 0.201286 0.016420 0.022278
48 0.725971 0.188735 0.016620 0.016630
48 0.695935 0.184656 0.007409 0.006589
48 0.687525 0.198463 0.007409 0.010982
48 0.679415 0.217132 0.012415 0.010668
48 0.746896 0.213837 0.010412 0.007217
48 0.681418 0.171792 0.005206 0.004707
48 0.624750 0.190304 0.007609 0.007844
48 0.626051 0.182617 0.011414 0.010668
48 0.585503 0.200973 0.015619 0.014120
48 0.567080 0.202071 0.008410 0.005648
48 0.589608 0.219485 0.007809 0.007217
48 0.590809 0.211955 0.004606 0.004707
48 0.619443 0.199561 0.010212 0.010668
48 0.571786 0.147945 0.005807 0.007844
48 0.579395 0.147631 0.007409 0.007844
48 0.694934 0.189991 0.005807 0.004707
5 0.860933 0.127549 0.005406 0.004079
48 0.879555 0.119862 0.008210 0.010041
48 0.885362 0.119548 0.009411 0.012551
48 0.710252 0.147631 0.006007 0.005962
48 0.684021 0.160496 0.004405 0.005334
48 0.659191 0.217289 0.012815 0.013492
48 0.650481 0.228585 0.008210 0.007217
48 0.654686 0.237684 0.009011 0.009727
48 0.672507 0.232507 0.010212 0.012551
48 0.691029 0.257923 0.010012 0.009413
48 0.663396 0.252118 0.008811 0.005334
48 0.721866 0.228742 0.008811 0.008158
48 0.741790 0.220270 0.009812 0.011923
48 0.727873 0.209758 0.008811 0.007844
48 0.718062 0.243803 0.008410 0.008158
48 0.719063 0.237841 0.007609 0.005020
48 0.739487 0.230154 0.013216 0.010355
48 0.598518 0.244430 0.006808 0.009413
48 0.591310 0.262002 0.010813 0.012551
48 0.959451 0.132884 0.006608 0.006589
48 0.865839 0.147160 0.010012 0.010041
48 0.850921 0.156730 0.014217 0.016630
48 0.858630 0.149357 0.010412 0.009413
48 0.861734 0.156887 0.011013 0.011296
48 0.889768 0.138688 0.013016 0.014434
48 0.903484 0.155632 0.007209 0.006903
48 0.883160 0.141983 0.005006 0.004707
48 0.882359 0.155789 0.005006 0.007844
48 0.920104 0.123627 0.006808 0.005020
48 0.928014 0.143866 0.003004 0.002824
48 0.888466 0.150141 0.009612 0.007844
48 0.880957 0.136806 0.005406 0.005648
48 0.934021 0.166144 0.009011 0.008472
48 0.824489 0.147160 0.006608 0.007531
48 0.651282 0.173988 0.008610 0.005334
48 0.599920 0.129589 0.008410 0.007531
48 0.609131 0.179636 0.006408 0.004079
48 0.747197 0.207719 0.005807 0.004393
48 0.824990 0.211955 0.012415 0.013492
48 0.846716 0.220427 0.012615 0.013492
48 0.820785 0.232350 0.010813 0.010982
48 0.863336 0.222309 0.013016 0.013492
48 0.797157 0.245372 0.009211 0.008158
48 0.816880 0.249922 0.011414 0.011610
48 0.780036 0.244744 0.008210 0.006903
48 0.773628 0.256825 0.009812 0.009099
48 0.830597 0.254471 0.008410 0.009413
48 0.814878 0.261374 0.005807 0.006275
48 0.809471 0.268591 0.007409 0.006903
48 0.803464 0.269062 0.007008 0.005962
48 0.800661 0.273141 0.006207 0.007844
48 0.796055 0.272670 0.005807 0.005648
48 0.735483 0.249922 0.015619 0.014120
48 0.725671 0.267964 0.017621 0.013179
48 0.735683 0.278632 0.008811 0.007531
48 0.721766 0.283652 0.014618 0.011296
48 0.717661 0.292281 0.014818 0.010982
48 0.688626 0.285535 0.014818 0.011296
48 0.682920 0.296831 0.016620 0.016316
48 0.707649 0.298086 0.012415 0.008786
48 0.717661 0.311108 0.017221 0.016630
48 0.702743 0.322874 0.017821 0.023847
48 0.721666 0.345937 0.014417 0.014747
48 0.697737 0.340916 0.017421 0.020395
48 0.681518 0.353938 0.011814 0.011296
48 0.682819 0.314402 0.010012 0.009413
48 0.655286 0.275651 0.013817 0.014747
48 0.657189 0.261061 0.009612 0.006275
48 0.646576 0.254785 0.008010 0.004393
48 0.646376 0.250706 0.007609 0.006275
48 0.621546 0.259178 0.007209 0.008786
48 0.630457 0.280671 0.010613 0.010355
48 0.613336 0.288202 0.007209 0.009727
48 0.591610 0.291183 0.007008 0.008786
48 0.575390 0.265924 0.006608 0.009099
48 0.576992 0.258707 0.005006 0.007844
48 0.570685 0.245686 0.028835 0.019454
48 0.581197 0.292595 0.014217 0.010982
48 0.566079 0.290869 0.019223 0.016316
48 0.592911 0.309539 0.037645 0.019140
48 0.633460 0.308754 0.009812 0.008786
48 0.636564 0.304518 0.005607 0.005334
48 0.644073 0.292752 0.011414 0.016944
48 0.676111 0.331032 0.006207 0.007531
48 0.640569 0.323345 0.008010 0.009099
48 0.653484 0.322404 0.011414 0.017885
48 0.667101 0.349702 0.009011 0.010355
48 0.649179 0.341701 0.009211 0.008786
48 0.595014 0.275965 0.006608 0.003452
48 0.587605 0.273612 0.003805 0.003138
9 0.590308 0.281142 0.017221 0.006903
5 0.650881 0.270160 0.003805 0.005648
5 0.708250 0.290085 0.005607 0.004707
5 0.692331 0.324600 0.006207 0.004079
5 0.690829 0.332131 0.004806 0.003452
5 0.741189 0.241293 0.004606 0.004393
48 0.705447 0.255569 0.007209 0.005334
48 0.746095 0.243803 0.006408 0.006275
48 0.786143 0.167869 0.010412 0.011923
5 0.811173 0.156574 0.003604 0.004393
48 0.840809 0.166457 0.007209 0.006589
48 0.816980 0.155005 0.005206 0.005648
48 0.850420 0.136335 0.010012 0.011610
5 0.866540 0.128961 0.004205 0.005648
48 0.816580 0.071384 0.012415 0.012865
48 0.574690 0.122058 0.010012 0.008786
48 0.566980 0.216348 0.003805 0.005334
48 0.641169 0.143552 0.022026 0.019140
48 0.604926 0.207876 0.007609 0.009727
48 0.684622 0.375275 0.015218 0.015689
48 0.662695 0.390493 0.010212 0.010982
48 0.719363 0.380922 0.015819 0.015689
5 0.712655 0.391748 0.004806 0.004707
48 0.646175 0.386414 0.008410 0.008472
48 0.662195 0.405554 0.021225 0.021650
48 0.679916 0.406024 0.009411 0.011923
48 0.673608 0.392689 0.012815 0.013492
48 0.662395 0.420929 0.007209 0.008472
48 0.674309 0.423910 0.006608 0.008786
48 0.680417 0.433009 0.016019 0.018826
48 0.707549 0.417477 0.007809 0.008472
48 0.700941 0.426734 0.007809 0.007531
48 0.698839 0.360998 0.011614 0.013492
48 0.711254 0.357546 0.008010 0.008472
48 0.697837 0.384060 0.007609 0.008786
48 0.729676 0.403671 0.014017 0.014747
48 0.761013 0.380295 0.008210 0.009413
48 0.785743 0.385472 0.016019 0.014120
48 0.730677 0.349545 0.007609 0.009413
48 0.753304 0.349388 0.008410 0.007844
48 0.782239 0.368372 0.009411 0.009413
48 0.732579 0.392689 0.011013 0.009099
48 0.771125 0.396454 0.009211 0.010982
48 0.830396 0.358488 0.020024 0.021650
48 0.828594 0.376373 0.016019 0.014747
48 0.817080 0.383590 0.010613 0.006589
48 0.815779 0.395199 0.008410 0.008472
48 0.819884 0.402730 0.008210 0.009099
48 0.810873 0.412300 0.018222 0.018199
48 0.882259 0.407123 0.016019 0.015375
48 0.884962 0.417634 0.009411 0.008158
48 0.891770 0.388296 0.011814 0.012237
48 0.906388 0.408692 0.010212 0.009099
48 0.841510 0.395984 0.013016 0.008786
48 0.829796 0.423125 0.008811 0.007844
5 0.816280 0.430342 0.003805 0.005962
48 0.806768 0.427361 0.008010 0.007531
48 0.822687 0.441481 0.006207 0.006275
48 0.820785 0.437402 0.006408 0.005648
48 0.828995 0.456699 0.017221 0.015375
48 0.861334 0.462818 0.012615 0.012551
48 0.869043 0.446658 0.009612 0.009727
48 0.851922 0.479918 0.015018 0.013492
48 0.830597 0.469721 0.010813 0.010668
48 0.756107 0.433009 0.010813 0.013179
48 0.762014 0.424223 0.006207 0.007531
48 0.723969 0.411829 0.006207 0.007844
48 0.720865 0.421086 0.008811 0.011296
48 0.731878 0.447286 0.015619 0.012865
48 0.748598 0.444776 0.008610 0.007217
48 0.749499 0.457954 0.008410 0.008472
48 0.744594 0.474114 0.008610 0.010041
48 0.786644 0.480860 0.016219 0.013492
48 0.782739 0.458896 0.010012 0.010982
48 0.777133 0.457170 0.006408 0.008158
48 0.797657 0.461719 0.008210 0.007844
48 0.813676 0.463916 0.007008 0.005334
5 0.793752 0.472074 0.002002 0.004707
5 0.798158 0.472074 0.003204 0.004707
48 0.712455 0.446815 0.015619 0.010668
48 0.670805 0.450580 0.009211 0.005020
48 0.666500 0.441952 0.008210 0.014120
48 0.593913 0.456385 0.075691 0.027926
48 0.649279 0.449012 0.005807 0.006275
5 0.811274 0.455130 0.003404 0.004707
48 0.799059 0.444619 0.009011 0.003765
48 0.676512 0.475526 0.007809 0.005334
48 0.669403 0.475212 0.009211 0.005962
48 0.675010 0.483370 0.008410 0.005962
48 0.710152 0.483370 0.014618 0.016630
48 0.700741 0.495921 0.007809 0.005962
48 0.699039 0.502040 0.008811 0.010041
48 0.681318 0.503295 0.008210 0.011923
48 0.672006 0.501883 0.012815 0.010355
48 0.670004 0.510355 0.007609 0.010982
48 0.669804 0.517415 0.006007 0.007531
5 0.669403 0.527769 0.002803 0.005648
5 0.674009 0.529495 0.005206 0.003452
48 0.682319 0.532633 0.011414 0.012865
48 0.699239 0.527298 0.004005 0.007217
48 0.707449 0.507060 0.009211 0.006903
48 0.689127 0.507217 0.012615 0.016630
48 0.657589 0.489645 0.007609 0.009727
9 0.590609 0.395356 0.009011 0.004393
9 0.593913 0.384531 0.004405 0.010982
9 0.576792 0.413712 0.012215 0.004707
9 0.573088 0.417320 0.008010 0.004393
9 0.574289 0.419987 0.007609 0.004079
9 0.611334 0.411829 0.004005 0.007217
9 0.597317 0.410731 0.004005 0.008158
13 0.577593 0.383119 0.003404 0.006903
48 0.653885 0.371352 0.017821 0.019140
5 0.599820 0.227957 0.004205 0.005334
48 0.603324 0.197678 0.012415 0.012551
48 0.639367 0.204738 0.005206 0.006589
5 0.675811 0.198463 0.004005 0.003452
48 0.738987 0.491371 0.012215 0.012551
48 0.776131 0.499686 0.010412 0.010355
9 0.594213 0.465955 0.004606 0.008158
8 0.576191 0.468936 0.003004 0.006589
5 0.564978 0.472545 0.003404 0.006275
5 0.579495 0.440853 0.003604 0.003765
5 0.564578 0.439285 0.003404 0.003765
9 0.567581 0.439755 0.005807 0.011610
10 0.570685 0.437559 0.003604 0.007217
5 0.604726 0.476310 0.005607 0.006275
5 0.594814 0.487135 0.003004 0.007217
5 0.617641 0.488233 0.005006 0.003138
5 0.626352 0.488390 0.003604 0.003452
48 0.614137 0.476310 0.005206 0.006903
48 0.630356 0.479291 0.012415 0.014747
48 0.639567 0.479918 0.004005 0.007217
48 0.636964 0.480232 0.005206 0.010982
6 0.616340 0.461092 0.003604 0.006589
6 0.627954 0.459523 0.007209 0.003452
9 0.609832 0.477879 0.004205 0.008786
48 0.560673 0.496078 0.008010 0.011923
48 0.564878 0.523376 0.012415 0.015061
48 0.558570 0.529965 0.004606 0.003138
5 0.559672 0.535300 0.004405 0.002510
48 0.570284 0.545184 0.011614 0.010355
48 0.574289 0.540320 0.009612 0.011296
48 0.568382 0.560402 0.005406 0.006275
5 0.563076 0.565265 0.004005 0.002824
5 0.563977 0.569972 0.003404 0.002824
5 0.575190 0.555381 0.004606 0.003765
5 0.574189 0.552871 0.005807 0.003138
48 0.620945 0.549106 0.087305 0.040163
48 0.606628 0.525102 0.063076 0.031064
48 0.639567 0.521494 0.010412 0.010041
48 0.607829 0.578287 0.079495 0.052714
5 0.655286 0.572325 0.006207 0.003138
5 0.656888 0.568874 0.005406 0.003765
5 0.655286 0.587072 0.006207 0.005020
5 0.636163 0.598525 0.005607 0.003452
48 0.611033 0.625039 0.069483 0.053342
5 0.657289 0.581111 0.006207 0.004393
9 0.562875 0.562598 0.004806 0.003138
5 0.569083 0.591779 0.006408 0.003765
5 0.569684 0.593976 0.006007 0.003765
5 0.570084 0.597270 0.005607 0.003452
5 0.574990 0.619548 0.005006 0.003452
5 0.574189 0.616410 0.005807 0.003452
5 0.563676 0.615626 0.003204 0.006275
5 0.565879 0.626922 0.003604 0.006903
5 0.576792 0.627549 0.005807 0.003765
5 0.576892 0.633040 0.005607 0.002824
5 0.577593 0.635394 0.004606 0.003138
5 0.578194 0.638532 0.005406 0.003765
5 0.577393 0.630216 0.004606 0.003452
5 0.578694 0.641199 0.004005 0.002824
5 0.578594 0.643395 0.005006 0.002824
5 0.579195 0.646376 0.005006 0.003138
5 0.579495 0.649200 0.005206 0.003765
5 0.563376 0.644179 0.003404 0.004393
5 0.561173 0.636649 0.001802 0.003138
48 0.594614 0.668026 0.006207 0.008786
48 0.612735 0.668497 0.007609 0.017258
48 0.603524 0.722780 0.012815 0.018513
48 0.630356 0.694854 0.010012 0.014747
48 0.560372 0.715877 0.006608 0.013492
48 0.685523 0.614057 0.015819 0.016944
5 0.672407 0.615626 0.002002 0.004393
5 0.672207 0.637590 0.003604 0.006275
48 0.656388 0.640728 0.007609 0.010041
48 0.680917 0.575306 0.007008 0.009099
48 0.689127 0.574208 0.007008 0.008158
48 0.680016 0.553185 0.011614 0.013179
48 0.666199 0.549733 0.003204 0.005648
48 0.669003 0.469407 0.008010 0.005020
48 0.635062 0.466112 0.003004 0.003452
48 0.632058 0.463131 0.004205 0.004393
48 0.657589 0.454032 0.007209 0.004393
48 0.650180 0.457484 0.006007 0.005020
48 0.619243 0.471290 0.003404 0.006275
48 0.725971 0.491685 0.005807 0.006903
5 0.718062 0.486351 0.004005 0.003765
5 0.717060 0.489802 0.004405 0.004393
48 0.757209 0.492156 0.005807 0.007217
48 0.744894 0.465328 0.005206 0.005020
48 0.723568 0.455130 0.006207 0.005334
48 0.727072 0.456699 0.003204 0.003452
48 0.706548 0.456385 0.006608 0.007844
48 0.691330 0.445874 0.011414 0.008158
48 0.714557 0.397082 0.010212 0.007844
48 0.746696 0.369470 0.013616 0.014747
48 0.741290 0.363351 0.005206 0.005020
48 0.660192 0.268591 0.007209 0.008158
48 0.642671 0.238155 0.004606 0.006903
48 0.630356 0.238312 0.006007 0.004707
48 0.645374 0.204738 0.004806 0.003452
48 0.606628 0.164575 0.008610 0.007844
48 0.808971 0.132570 0.008410 0.005962
48 0.848618 0.117038 0.009211 0.014434
48 0.835703 0.089740 0.005006 0.005648
48 0.870344 0.049106 0.011414 0.017258
48 0.877853 0.025886 0.007609 0.007844
48 0.930917 0.018826 0.020024 0.015689
48 0.886864 0.040634 0.013216 0.017885
48 0.846816 0.108409 0.007609 0.005962
48 0.773228 0.123000 0.015819 0.018199
48 0.928414 0.188108 0.012615 0.010355
48 0.945334 0.185912 0.015619 0.014120
48 0.953644 0.181989 0.009411 0.013179
48 0.963256 0.193285 0.015419 0.014434
48 0.770925 0.317540 0.008410 0.005648
48 0.749600 0.320050 0.010212 0.007531
48 0.742291 0.322560 0.009612 0.011923
48 0.758811 0.302949 0.007008 0.006589
48 0.844413 0.335739 0.008811 0.006275
48 0.811974 0.338092 0.009612 0.010982
48 0.820084 0.310166 0.012215 0.007844
48 0.804165 0.324443 0.011614 0.011296
48 0.860132 0.342642 0.011414 0.012551
48 0.815979 0.293066 0.008410 0.008786
48 0.846316 0.301537 0.017020 0.015689
48 0.862135 0.299341 0.012215 0.007531
48 0.878154 0.306872 0.008610 0.008158
5 0.875050 0.292752 0.003604 0.004393
48 0.875150 0.263885 0.011814 0.010668
48 0.885463 0.288045 0.010412 0.010041
48 0.893372 0.271572 0.011414 0.010982
48 0.904185 0.312049 0.009812 0.009727
48 0.912996 0.332444 0.007409 0.007217
48 0.925310 0.316128 0.011614 0.012865
48 0.925411 0.297772 0.007008 0.006903
48 0.925511 0.281299 0.025230 0.019768
48 0.952944 0.304518 0.011614 0.011610
48 0.958450 0.284751 0.007809 0.008472
48 0.951842 0.252275 0.011814 0.012551
5 0.971666 0.242234 0.005006 0.003138
48 0.969063 0.257766 0.009011 0.009727
48 0.905186 0.242862 0.009411 0.007531
48 0.920805 0.241450 0.015419 0.012865
48 0.880757 0.238783 0.012615 0.008786
5 0.849219 0.207091 0.004405 0.003138
5 0.858330 0.209602 0.004205 0.003138
48 0.926211 0.356762 0.008210 0.008158
48 0.898879 0.368842 0.010412 0.007844
48 0.966159 0.353938 0.012815 0.013179
48 0.962155 0.343897 0.009211 0.008158
48 0.970665 0.367430 0.012215 0.010668
48 0.962956 0.388296 0.009612 0.009727
48 0.949840 0.386414 0.018622 0.022278
48 0.960152 0.394572 0.018823 0.009727
48 0.956548 0.404926 0.018422 0.014120
48 0.934822 0.407750 0.007409 0.006589
48 0.945635 0.443991 0.010212 0.006903
48 0.923909 0.441638 0.019223 0.020395
6 0.946235 0.459680 0.004606 0.007531
48 0.890769 0.447129 0.005807 0.005648
48 0.881958 0.467211 0.005807 0.005648
6 0.864938 0.481801 0.004606 0.007217
48 0.904585 0.466269 0.006207 0.006903
48 0.916800 0.467211 0.016620 0.014434
48 0.935122 0.463602 0.015619 0.014747
48 0.926812 0.483056 0.008210 0.007844
48 0.904986 0.492626 0.010613 0.006275
48 0.912195 0.495450 0.003805 0.005020
48 0.918102 0.500784 0.013216 0.013806
48 0.847517 0.496705 0.009411 0.008158
48 0.865939 0.502353 0.009411 0.008158
48 0.875851 0.489332 0.014017 0.015375
48 0.913596 0.521964 0.014217 0.017258
5 0.919904 0.528710 0.003204 0.003765
48 0.859031 0.523690 0.012014 0.007531
48 0.851722 0.537967 0.008210 0.007217
48 0.880657 0.525886 0.007209 0.007531
48 0.908991 0.537653 0.010613 0.012865
5 0.841310 0.552557 0.002603 0.003765
48 0.847817 0.555381 0.014017 0.010668
48 0.868342 0.557735 0.006608 0.006589
48 0.868242 0.576561 0.010012 0.009099
48 0.892771 0.584876 0.007809 0.008158
48 0.897177 0.569972 0.011013 0.010355
48 0.901382 0.560872 0.009411 0.009727
48 0.838706 0.569501 0.010212 0.008786
48 0.919704 0.565579 0.012415 0.010982
48 0.927413 0.542987 0.012615 0.012237
48 0.951942 0.554597 0.008410 0.007844
48 0.953544 0.547537 0.012415 0.006903
48 0.964958 0.533731 0.007209 0.007531
48 0.944433 0.507217 0.007008 0.007217
48 0.962555 0.505334 0.006007 0.006589
48 0.968763 0.507688 0.008010 0.006903
48 0.949239 0.488233 0.007409 0.006275
48 0.953344 0.469721 0.007609 0.006903
48 0.766219 0.654377 0.014217 0.009727
48 0.744293 0.648259 0.010412 0.007531
48 0.747497 0.628805 0.008811 0.009413
48 0.788246 0.631315 0.006207 0.007531
48 0.790348 0.598996 0.016820 0.017571
48 0.798158 0.620803 0.006408 0.006589
48 0.800661 0.610762 0.006608 0.006589
48 0.805366 0.613273 0.006808 0.005962
48 0.805166 0.602447 0.008811 0.009413
5 0.760012 0.573423 0.003004 0.003452
48 0.767721 0.579542 0.009211 0.008158
48 0.779936 0.568246 0.016820 0.015689
48 0.795955 0.566834 0.005206 0.005334
48 0.815178 0.565736 0.007209 0.007531
48 0.748498 0.573737 0.020825 0.026043
48 0.796055 0.551930 0.005006 0.007531
48 0.824489 0.550518 0.010212 0.009727
48 0.834802 0.534986 0.007609 0.009413
48 0.798759 0.504707 0.008010 0.005962
48 0.797056 0.513022 0.014618 0.010041
48 0.810773 0.512080 0.008410 0.009413
48 0.764317 0.518199 0.009211 0.007844
48 0.774730 0.517258 0.008010 0.006589
48 0.787545 0.530279 0.008811 0.006903
48 0.801061 0.483370 0.007409 0.007844
48 0.806768 0.486508 0.010012 0.009099
48 0.816680 0.488233 0.010613 0.008158
48 0.823989 0.487606 0.006007 0.006903
48 0.728074 0.625039 0.015619 0.013806
48 0.726472 0.635394 0.015619 0.010041
48 0.624049 0.651396 0.010212 0.008786
48 0.650981 0.686539 0.005607 0.006903
48 0.642871 0.697521 0.004606 0.004393
48 0.650080 0.701757 0.007409 0.005334
48 0.673608 0.673674 0.020024 0.016316
48 0.682319 0.689677 0.007809 0.008786
48 0.692431 0.686539 0.008811 0.006275
48 0.689127 0.666928 0.007809 0.006589
48 0.696336 0.670693 0.008610 0.009099
48 0.695535 0.649043 0.009411 0.010355
48 0.718262 0.643866 0.014017 0.011296
48 0.746396 0.586759 0.010613 0.006275
5 0.606928 0.859743 0.004405 0.003765
5 0.619944 0.863665 0.002002 0.002824
48 0.621246 0.873078 0.026231 0.017885
48 0.642271 0.929558 0.066280 0.110762
9 0.671506 0.945403 0.009011 0.011923
6 0.690028 0.979605 0.003204 0.006275
6 0.693632 0.979291 0.003604 0.006903
5 0.576592 0.774239 0.003805 0.004079
5 0.580697 0.777534 0.002403 0.004393
6 0.569684 0.775808 0.007209 0.002824
6 0.562775 0.764826 0.003805 0.006589
48 0.564077 0.736272 0.008410 0.007844
48 0.974269 0.415281 0.007409 0.006589
48 0.962255 0.437873 0.007409 0.007217
5 0.901682 0.213053 0.005206 0.004393
