48 0.493592 0.620213 0.007609 0.007533
5 0.436924 0.650345 0.003204 0.004394
5 0.444634 0.655995 0.002603 0.003766
5 0.446336 0.657564 0.003604 0.004394
5 0.447938 0.659291 0.003204 0.004080
5 0.451842 0.661174 0.002603 0.003453
5 0.454045 0.661959 0.002603 0.003766
6 0.461754 0.667608 0.003604 0.005650
5 0.472167 0.672630 0.004806 0.003766
5 0.472467 0.669492 0.004205 0.003766
5 0.474169 0.667294 0.004806 0.003766
5 0.456948 0.652072 0.002803 0.004708
48 0.423108 0.657721 0.012815 0.014124
5 0.465258 0.651444 0.004606 0.004080
5 0.448138 0.640144 0.004405 0.003453
5 0.464858 0.644068 0.005006 0.003766
5 0.472467 0.648776 0.005807 0.004394
5 0.483781 0.655367 0.005206 0.003766
5 0.489688 0.665725 0.004205 0.003766
5 0.500601 0.666510 0.005206 0.004080
5 0.510312 0.672159 0.003805 0.003453
5 0.514618 0.675141 0.004806 0.003766
5 0.523528 0.680320 0.004205 0.002825
9 0.495394 0.681262 0.006808 0.007847
5 0.498899 0.684714 0.003004 0.004708
5 0.514217 0.693817 0.003204 0.004708
6 0.525130 0.688481 0.006207 0.004708
5 0.526432 0.685499 0.004806 0.003766
6 0.499700 0.691777 0.004205 0.005650
5 0.503304 0.686598 0.003004 0.004708
5 0.505106 0.688167 0.003805 0.004708
5 0.508010 0.689736 0.003604 0.004080
6 0.504205 0.694758 0.004005 0.005336
48 0.019624 0.054457 0.010412 0.009730
48 0.064778 0.046296 0.011814 0.012869
48 0.010312 0.079410 0.014618 0.013810
48 0.033740 0.078468 0.017421 0.019460
48 0.051262 0.075330 0.006408 0.006905
6 0.044253 0.091337 0.004806 0.005022
48 0.022928 0.094476 0.017020 0.023227
48 0.035042 0.094947 0.008811 0.008475
5 0.037245 0.101852 0.004405 0.005336
48 0.067581 0.080038 0.009411 0.008161
48 0.084201 0.092436 0.012215 0.012241
48 0.094113 0.097615 0.009612 0.010672
48 0.090108 0.114093 0.006007 0.005964
48 0.032539 0.350753 0.020224 0.020402
48 0.046656 0.335687 0.030437 0.027307
5 0.087705 0.418864 0.004405 0.003453
5 0.089307 0.416667 0.004005 0.002825
5 0.104125 0.429222 0.004806 0.004080
5 0.109231 0.429535 0.004205 0.003453
5 0.125451 0.438795 0.003805 0.003766
5 0.095114 0.405367 0.004405 0.002825
5 0.105026 0.419648 0.005006 0.004394
5 0.106127 0.412743 0.004005 0.003139
5 0.108630 0.414783 0.004606 0.003453
5 0.116039 0.420433 0.003805 0.002825
48 0.100821 0.397207 0.015819 0.020402
48 0.117241 0.396108 0.014217 0.013810
48 0.130657 0.403798 0.017421 0.014752
48 0.124850 0.418864 0.012215 0.010986
5 0.128654 0.413214 0.005006 0.004080
5 0.130356 0.409761 0.004405 0.003453
48 0.143172 0.415411 0.024429 0.029190
48 0.156187 0.424984 0.025631 0.026993
5 0.149379 0.453547 0.005206 0.003139
5 0.154686 0.459981 0.005006 0.003453
4 0.153785 0.452291 0.004005 0.003139
5 0.162495 0.454331 0.005006 0.004080
5 0.173408 0.453233 0.004405 0.003766
5 0.164898 0.462806 0.005006 0.004080
5 0.166700 0.467043 0.005006 0.004394
5 0.175010 0.468613 0.004405 0.003766
5 0.181017 0.471594 0.004806 0.003453
5 0.177513 0.466572 0.004606 0.003453
5 0.179215 0.464375 0.004806 0.004080
5 0.176512 0.484777 0.003805 0.002825
5 0.179215 0.493409 0.004005 0.005022
9 0.193032 0.480540 0.007209 0.005650
5 0.189928 0.481952 0.004205 0.003453
5 0.195635 0.484149 0.004405 0.004080
48 0.164898 0.502354 0.006608 0.007219
5 0.190829 0.500471 0.004005 0.004080
48 0.146075 0.510358 0.009812 0.009416
48 0.187425 0.510201 0.009612 0.012241
48 0.176912 0.506905 0.016620 0.018832
5 0.167801 0.517263 0.004405 0.003766
5 0.163396 0.521186 0.003204 0.002825
5 0.165899 0.522913 0.003805 0.002511
5 0.169604 0.524796 0.004405 0.003766
6 0.174810 0.519460 0.003604 0.005650
5 0.177613 0.521186 0.002803 0.004080
48 0.177513 0.540803 0.012215 0.012555
48 0.194934 0.525581 0.029836 0.039862
48 0.205547 0.545041 0.022227 0.021657
5 0.204345 0.536409 0.004205 0.003139
5 0.206247 0.534369 0.004005 0.002825
5 0.206748 0.532329 0.004606 0.003766
5 0.207549 0.530603 0.003805 0.002825
5 0.211854 0.536723 0.004806 0.003766
5 0.212555 0.533898 0.004606 0.003139
5 0.192030 0.497646 0.004806 0.003453
5 0.198238 0.507690 0.003604 0.004708
5 0.201542 0.503296 0.003805 0.004080
5 0.196736 0.501726 0.004205 0.003453
5 0.507409 0.696955 0.002803 0.004080
5 0.510813 0.698525 0.002803 0.004080
5 0.517821 0.695072 0.003204 0.004708
5 0.520324 0.696485 0.003404 0.005022
5 0.522227 0.697897 0.002803 0.004080
5 0.527233 0.706529 0.003604 0.004394
5 0.517922 0.702919 0.003004 0.004080
4 0.515519 0.701977 0.003404 0.004708
5 0.540849 0.690992 0.004806 0.003453
5 0.549159 0.696014 0.004606 0.003453
6 0.548658 0.692090 0.006408 0.004394
5 0.546856 0.701036 0.004005 0.003453
4 0.559572 0.708883 0.005006 0.004080
6 0.565779 0.706372 0.005807 0.004708
5 0.578294 0.714218 0.004405 0.003453
5 0.588006 0.720025 0.003805 0.003139
9 0.602123 0.728970 0.007209 0.005964
5 0.610433 0.730697 0.004205 0.003766
5 0.621446 0.744036 0.004205 0.003453
9 0.636864 0.756748 0.006207 0.005022
5 0.679515 0.785625 0.004205 0.004394
5 0.688326 0.785311 0.004606 0.003766
5 0.197938 0.499529 0.004606 0.002825
5 0.199740 0.497803 0.004606 0.003139
5 0.209051 0.510986 0.004405 0.003139
5 0.202543 0.494507 0.003805 0.002825
5 0.200541 0.488387 0.004205 0.003139
5 0.200741 0.484620 0.004205 0.003139
5 0.204746 0.483051 0.003805 0.003139
5 0.210352 0.494350 0.003404 0.003139
5 0.216159 0.506748 0.003404 0.004080
5 0.220565 0.500785 0.003404 0.002825
5 0.220865 0.508632 0.003604 0.004080
5 0.225471 0.511456 0.003204 0.004080
5 0.228374 0.512869 0.003805 0.003766
5 0.226272 0.500314 0.003204 0.002511
5 0.236484 0.506434 0.004405 0.002825
5 0.235583 0.502982 0.003805 0.002825
5 0.214257 0.516321 0.002002 0.003139
5 0.218462 0.519774 0.002803 0.002511
5 0.246195 0.534526 0.002603 0.003766
5 0.248098 0.525895 0.004405 0.003453
5 0.239788 0.513026 0.003004 0.002825
5 0.255607 0.539391 0.003004 0.003453
5 0.257309 0.542059 0.003604 0.004394
9 0.254305 0.517891 0.004806 0.003766
5 0.245595 0.512555 0.005807 0.003139
5 0.201241 0.470810 0.003604 0.002511
5 0.218763 0.481638 0.003404 0.002197
48 0.228474 0.542530 0.020425 0.026051
48 0.156688 0.546610 0.007008 0.006591
48 0.191930 0.554771 0.009411 0.008475
5 0.165298 0.566070 0.005406 0.003453
48 0.230677 0.557753 0.012415 0.011927
48 0.241390 0.561676 0.007809 0.009102
48 0.255206 0.552574 0.016219 0.014752
48 0.266420 0.568424 0.022627 0.028876
48 0.279836 0.578939 0.027032 0.031073
48 0.295154 0.592750 0.022427 0.024168
48 0.305567 0.583804 0.012415 0.015066
48 0.233480 0.590239 0.010412 0.011613
48 0.245294 0.598713 0.017221 0.017263
48 0.257809 0.609542 0.015819 0.015066
5 0.274429 0.629473 0.004205 0.003453
48 0.309371 0.609071 0.014818 0.012869
48 0.314978 0.596830 0.019223 0.019146
48 0.274029 0.620841 0.012215 0.013810
48 0.284141 0.627903 0.014417 0.012241
48 0.290248 0.605932 0.008210 0.007219
48 0.302763 0.618801 0.014017 0.014124
5 0.325691 0.584746 0.003805 0.005650
48 0.331798 0.603264 0.020425 0.019460
5 0.335002 0.587100 0.003604 0.004080
5 0.336704 0.593534 0.003805 0.004394
5 0.343612 0.591651 0.006007 0.005022
48 0.344513 0.623195 0.024630 0.025424
48 0.363236 0.631513 0.027233 0.033271
5 0.385463 0.623195 0.004405 0.004080
48 0.364137 0.653013 0.009411 0.008475
48 0.379455 0.630728 0.006808 0.006591
5 0.396876 0.633239 0.004405 0.004080
5 0.399880 0.628845 0.002803 0.004708
6 0.399079 0.617702 0.007209 0.005650
9 0.411894 0.609385 0.010012 0.006591
5 0.408490 0.616604 0.004806 0.003453
5 0.417101 0.618487 0.005206 0.004080
5 0.425410 0.616290 0.004205 0.002825
5 0.396075 0.605304 0.005206 0.004708
5 0.388166 0.604206 0.004606 0.003766
5 0.385863 0.598870 0.004005 0.004394
5 0.377052 0.596830 0.004005 0.003453
5 0.365038 0.590239 0.004005 0.003453
5 0.365939 0.586472 0.003805 0.002825
5 0.376151 0.593220 0.003404 0.002511
5 0.347517 0.579410 0.005006 0.004394
5 0.330196 0.568267 0.003604 0.003453
5 0.334501 0.567012 0.004606 0.004708
5 0.340709 0.570465 0.003805 0.003453
5 0.346516 0.573917 0.003805 0.003453
5 0.328294 0.563245 0.004606 0.003453
5 0.323388 0.560421 0.004405 0.004080
5 0.320885 0.544884 0.004205 0.003139
5 0.310573 0.565129 0.003604 0.004080
5 0.312475 0.567483 0.004205 0.003766
5 0.313476 0.558067 0.004205 0.003139
5 0.317381 0.556811 0.004005 0.003766
5 0.311874 0.553201 0.003805 0.002825
5 0.306067 0.550063 0.003805 0.002825
5 0.322287 0.549749 0.003404 0.002825
6 0.321986 0.540176 0.005206 0.003766
48 0.321085 0.533898 0.017421 0.013810
5 0.373548 0.577841 0.002203 0.003139
5 0.391169 0.565129 0.003805 0.004080
48 0.365238 0.564972 0.015218 0.013183
48 0.378554 0.547395 0.014618 0.015066
48 0.380056 0.566227 0.016820 0.018832
48 0.391770 0.556654 0.021426 0.017263
5 0.435423 0.620684 0.004606 0.004080
5 0.442731 0.616761 0.004405 0.005022
6 0.441930 0.607345 0.005607 0.006905
5 0.444233 0.609699 0.003805 0.004080
5 0.447637 0.606246 0.003404 0.004080
5 0.448638 0.601224 0.005406 0.004708
5 0.452944 0.594947 0.004405 0.004080
5 0.456548 0.601695 0.003604 0.004394
6 0.458550 0.588041 0.004806 0.004708
5 0.467261 0.576585 0.003805 0.004394
5 0.471966 0.582706 0.003604 0.004708
5 0.480176 0.577684 0.004806 0.004708
5 0.480176 0.523697 0.003604 0.004080
5 0.484782 0.527621 0.003204 0.003766
5 0.488787 0.530917 0.003604 0.003453
48 0.381458 0.526208 0.013216 0.014124
48 0.390368 0.482109 0.011814 0.012555
48 0.401782 0.514281 0.018622 0.021030
48 0.428414 0.507219 0.008610 0.010672
48 0.473969 0.513810 0.018823 0.019460
48 0.406688 0.533114 0.007609 0.006591
5 0.526332 0.505493 0.004205 0.004080
5 0.496596 0.552574 0.004005 0.004080
48 0.435022 0.468770 0.019423 0.017263
48 0.446536 0.500314 0.007609 0.008788
48 0.459451 0.505336 0.015819 0.016321
5 0.543252 0.460609 0.005206 0.003453
5 0.555567 0.446328 0.003805 0.004394
5 0.547157 0.428751 0.003404 0.005022
48 0.534942 0.431262 0.030236 0.031387
5 0.607429 0.381042 0.003805 0.004394
5 0.615639 0.382298 0.004606 0.005022
5 0.636263 0.375549 0.004205 0.004708
48 0.601922 0.364878 0.022827 0.023540
48 0.616440 0.356403 0.009011 0.009102
5 0.624950 0.363308 0.003204 0.003453
48 0.626852 0.336629 0.007409 0.007219
9 0.620144 0.359856 0.006408 0.007219
9 0.622647 0.361582 0.005807 0.006905
5 0.614337 0.345731 0.003604 0.003453
48 0.539848 0.352637 0.014818 0.012869
48 0.603524 0.335844 0.006808 0.008161
48 0.608630 0.339611 0.009812 0.008161
48 0.617841 0.343848 0.013016 0.009730
5 0.626952 0.344790 0.003604 0.003453
48 0.566880 0.317640 0.031237 0.025738
48 0.583200 0.335374 0.015819 0.017263
48 0.584702 0.355775 0.009211 0.010358
48 0.580897 0.351538 0.009612 0.009416
48 0.564678 0.356717 0.007609 0.009102
48 0.464958 0.328625 0.010813 0.010672
5 0.538246 0.289391 0.004405 0.003766
48 0.533140 0.327213 0.007809 0.009102
48 0.520024 0.318424 0.009612 0.010358
48 0.502703 0.297395 0.007008 0.005964
48 0.547857 0.308694 0.014417 0.016008
48 0.523628 0.309322 0.008010 0.007219
48 0.531237 0.299592 0.009612 0.010986
5 0.490188 0.259102 0.004005 0.004080
48 0.473869 0.258475 0.009411 0.009102
5 0.528234 0.343691 0.003604 0.003766
48 0.574389 0.289705 0.013416 0.012555
48 0.597217 0.290647 0.011414 0.011299
48 0.606828 0.300847 0.011814 0.011613
48 0.532139 0.273227 0.010613 0.009102
48 0.565879 0.256748 0.008410 0.009416
48 0.573688 0.248745 0.013616 0.014124
48 0.569884 0.267577 0.012415 0.012869
48 0.579896 0.259887 0.012014 0.011299
48 0.556868 0.289705 0.008811 0.007533
48 0.465058 0.231638 0.009011 0.011299
48 0.477072 0.234777 0.011414 0.008788
48 0.540949 0.232737 0.008210 0.008475
48 0.514618 0.205901 0.018823 0.021971
48 0.512315 0.174827 0.008610 0.009416
48 0.520024 0.181262 0.007609 0.007219
48 0.487585 0.176868 0.008010 0.008475
48 0.478074 0.181105 0.011414 0.009416
48 0.479075 0.191777 0.018622 0.016321
48 0.499199 0.213120 0.006808 0.006905
48 0.446135 0.146265 0.007609 0.007533
48 0.457249 0.152856 0.008210 0.006905
48 0.500701 0.143911 0.016620 0.016635
5 0.549559 0.147520 0.004205 0.005022
48 0.558670 0.150659 0.013216 0.012555
48 0.570184 0.159134 0.007409 0.008161
48 0.583700 0.173258 0.015619 0.015694
48 0.552964 0.161017 0.006207 0.005650
48 0.566380 0.184087 0.008210 0.009102
48 0.596716 0.182046 0.011213 0.010672
48 0.563977 0.212492 0.008210 0.008161
48 0.578795 0.204802 0.011414 0.010986
48 0.565779 0.190678 0.007008 0.006591
48 0.564277 0.198682 0.004005 0.003766
48 0.565078 0.195072 0.007209 0.005336
48 0.593012 0.226146 0.011013 0.012241
48 0.610833 0.232109 0.013016 0.014124
48 0.633260 0.236817 0.010212 0.010358
48 0.650380 0.234149 0.011614 0.012555
48 0.635362 0.212963 0.012415 0.011613
48 0.615939 0.198839 0.008811 0.009102
48 0.626552 0.203390 0.008410 0.007533
5 0.689127 0.246234 0.003404 0.004080
48 0.680216 0.251726 0.014017 0.015694
48 0.650881 0.262869 0.008210 0.007219
48 0.649680 0.290960 0.007409 0.005650
48 0.660593 0.284369 0.006808 0.005650
5 0.634461 0.770402 0.002603 0.003453
5 0.629355 0.769303 0.003604 0.003139
5 0.630957 0.767263 0.004405 0.002825
5 0.632459 0.764752 0.004606 0.003453
48 0.638366 0.252511 0.007609 0.005964
5 0.598518 0.252825 0.003204 0.002825
48 0.668302 0.252982 0.006608 0.006905
48 0.626652 0.187225 0.015419 0.013497
48 0.633961 0.194444 0.008410 0.008475
48 0.664397 0.203861 0.013216 0.013497
48 0.648979 0.205744 0.007609 0.007847
48 0.675210 0.219711 0.012815 0.014438
48 0.688526 0.176711 0.015419 0.015066
5 0.696436 0.167765 0.004005 0.004080
48 0.724469 0.216573 0.013216 0.014438
48 0.691029 0.210295 0.007209 0.006905
48 0.703945 0.219711 0.006207 0.006277
48 0.678514 0.210923 0.005006 0.005022
48 0.682519 0.206529 0.006207 0.005022
48 0.656588 0.186911 0.018422 0.017891
48 0.638566 0.190364 0.004806 0.005336
48 0.641169 0.176240 0.016420 0.015380
48 0.630056 0.173572 0.005807 0.005022
48 0.639768 0.164940 0.004005 0.004080
48 0.644273 0.162743 0.010212 0.010358
48 0.652583 0.168550 0.012815 0.010044
48 0.660392 0.148776 0.013616 0.015066
48 0.669904 0.151601 0.005006 0.005022
5 0.621646 0.790490 0.003404 0.004708
5 0.624449 0.786095 0.003004 0.003453
5 0.627353 0.782015 0.003204 0.004080
48 0.614938 0.784369 0.009211 0.008788
5 0.626752 0.772128 0.004005 0.003766
5 0.631458 0.774011 0.003404 0.004394
48 0.670404 0.158663 0.004405 0.004708
48 0.694834 0.144539 0.013216 0.012869
48 0.694834 0.120370 0.012014 0.011613
48 0.656888 0.111739 0.011414 0.011299
48 0.645875 0.099027 0.015419 0.016635
48 0.646676 0.110483 0.006608 0.006277
48 0.661994 0.097772 0.008010 0.007847
48 0.665699 0.093534 0.005807 0.005650
48 0.659291 0.077997 0.014217 0.012869
48 0.627353 0.088041 0.009612 0.010358
48 0.630156 0.094633 0.008811 0.009102
48 0.616340 0.076899 0.010412 0.010672
48 0.659391 0.055556 0.008410 0.008161
48 0.669704 0.065756 0.008610 0.011613
5 0.677313 0.064658 0.004205 0.005650
48 0.680417 0.068267 0.008410 0.008475
48 0.687825 0.074388 0.015619 0.017577
48 0.705447 0.095261 0.017621 0.022285
48 0.716059 0.098085 0.006007 0.006591
48 0.725871 0.112524 0.014417 0.014752
48 0.734782 0.121312 0.019023 0.017263
5 0.745194 0.115348 0.004205 0.004708
48 0.752303 0.129787 0.007209 0.009102
48 0.740689 0.092750 0.011213 0.011613
48 0.760913 0.099341 0.015619 0.016635
48 0.688827 0.060734 0.007209 0.007847
48 0.697737 0.068110 0.007809 0.006905
48 0.697437 0.039391 0.010813 0.010358
48 0.719563 0.047238 0.011814 0.010358
48 0.745495 0.062775 0.010813 0.010672
48 0.729475 0.068895 0.017621 0.018519
48 0.747797 0.037194 0.009011 0.007847
48 0.747597 0.044727 0.011814 0.012869
48 0.767321 0.061676 0.011614 0.012869
48 0.777433 0.067640 0.009812 0.010358
48 0.794353 0.078782 0.006808 0.006277
48 0.788746 0.071563 0.006007 0.006905
48 0.758410 0.080195 0.004205 0.004708
48 0.774229 0.044099 0.013416 0.012869
48 0.781638 0.047866 0.012215 0.012241
48 0.786544 0.030760 0.014017 0.014438
48 0.791350 0.036409 0.019223 0.018832
48 0.803164 0.047238 0.013616 0.012869
48 0.829596 0.073917 0.033240 0.034212
48 0.835302 0.083647 0.031438 0.031701
9 0.860833 0.125235 0.006007 0.006905
5 0.847217 0.111896 0.004405 0.002825
5 0.848819 0.109856 0.004405 0.002511
5 0.850020 0.108286 0.004806 0.002511
5 0.850821 0.106403 0.004806 0.002511
5 0.852523 0.104834 0.004606 0.003139
5 0.853624 0.102950 0.004005 0.002511
5 0.855527 0.101538 0.003805 0.002825
9 0.861534 0.096516 0.006608 0.006591
5 0.855727 0.090552 0.004205 0.004708
5 0.858230 0.083961 0.003604 0.004708
5 0.848718 0.102166 0.003404 0.003453
5 0.851922 0.099341 0.004205 0.004080
5 0.858330 0.070151 0.003805 0.003453
5 0.868542 0.068110 0.003805 0.003766
5 0.874449 0.077997 0.004405 0.003453
5 0.875951 0.076114 0.003805 0.004080
5 0.879055 0.072662 0.004405 0.004080
5 0.880957 0.070621 0.004205 0.003766
5 0.869744 0.065443 0.004606 0.004080
9 0.891169 0.072034 0.006207 0.007219
48 0.833600 0.106089 0.008010 0.006905
48 0.832699 0.039077 0.013016 0.012241
48 0.842411 0.051632 0.020825 0.021030
48 0.853724 0.061048 0.017821 0.017891
48 0.861734 0.053829 0.010212 0.009730
48 0.842111 0.029818 0.013016 0.013183
48 0.848919 0.019460 0.011414 0.011299
5 0.882459 0.041431 0.003604 0.003139
48 0.870845 0.036566 0.023228 0.022285
48 0.881258 0.025267 0.024830 0.022913
9 0.899880 0.035468 0.005206 0.006277
5 0.903785 0.016792 0.004205 0.005336
5 0.906588 0.021971 0.004205 0.003766
5 0.910292 0.017577 0.004005 0.004394
5 0.912395 0.019460 0.003805 0.003766
5 0.914397 0.020873 0.004205 0.004080
5 0.814878 0.165725 0.004606 0.005022
48 0.794453 0.135750 0.026231 0.027307
6 0.807569 0.146108 0.003604 0.005336
5 0.895174 0.176554 0.004205 0.003453
5 0.900581 0.175141 0.006207 0.003766
48 0.894273 0.098870 0.012415 0.013183
48 0.903384 0.093220 0.014618 0.012555
48 0.917601 0.102166 0.022227 0.018519
48 0.918803 0.111896 0.008210 0.007847
48 0.919403 0.091808 0.009011 0.009730
48 0.942631 0.199309 0.016219 0.023854
48 0.887365 0.185813 0.026632 0.015694
48 0.915599 0.196328 0.022627 0.013497
5 0.709251 0.797395 0.004005 0.004080
5 0.722667 0.809793 0.003604 0.002511
5 0.647677 0.781230 0.002603 0.004394
5 0.652283 0.784212 0.003404 0.004080
5 0.641169 0.772756 0.002803 0.003766
5 0.643072 0.774168 0.003404 0.004080
5 0.645775 0.776051 0.003204 0.004708
48 0.642171 0.795825 0.032439 0.029818
48 0.619243 0.825016 0.014217 0.015380
5 0.624549 0.829567 0.003604 0.004394
48 0.591310 0.575486 0.018022 0.018519
6 0.479776 0.563402 0.007209 0.007533
6 0.507008 0.545355 0.007209 0.006591
48 0.517121 0.659918 0.009011 0.007219
48 0.520024 0.652542 0.010813 0.008788
5 0.530236 0.661174 0.003604 0.002825
48 0.529435 0.668550 0.006408 0.005650
5 0.536243 0.655681 0.003204 0.003766
48 0.539147 0.664626 0.015419 0.020402
48 0.492091 0.636378 0.008210 0.007847
48 0.502803 0.634809 0.015218 0.018519
5 0.614137 0.803358 0.003604 0.004708
5 0.618843 0.795198 0.003404 0.003453
5 0.634361 0.762555 0.004806 0.004080
5 0.613036 0.755493 0.003004 0.003139
5 0.615939 0.756905 0.003604 0.004080
5 0.622046 0.759102 0.002603 0.004080
5 0.624750 0.759887 0.002803 0.004394
5 0.627553 0.760986 0.002803 0.004080
5 0.629856 0.761927 0.003004 0.004080
48 0.662495 0.828468 0.021426 0.022285
48 0.605527 0.796139 0.018422 0.017891
48 0.591610 0.787194 0.015419 0.019460
48 0.671005 0.814187 0.012415 0.016321
48 0.641169 0.810891 0.009612 0.008475
48 0.599920 0.811833 0.007609 0.005964
5 0.591910 0.838198 0.003204 0.004708
48 0.624349 0.838041 0.012815 0.010672
48 0.635262 0.843691 0.010212 0.011299
48 0.652683 0.846045 0.015819 0.017891
48 0.604325 0.844162 0.009612 0.009102
48 0.608630 0.839140 0.014618 0.012241
48 0.621346 0.870370 0.016820 0.015066
48 0.612835 0.877433 0.007008 0.007847
48 0.583500 0.871626 0.010012 0.011299
48 0.610733 0.884181 0.010813 0.008788
48 0.623148 0.898776 0.015218 0.016635
48 0.632159 0.887790 0.011213 0.012241
48 0.691029 0.820465 0.008410 0.011299
48 0.683520 0.841965 0.017821 0.018519
48 0.673108 0.860326 0.018622 0.020088
5 0.683720 0.860169 0.003404 0.004708
48 0.702042 0.848242 0.007609 0.009102
48 0.717261 0.847301 0.020425 0.019774
48 0.731678 0.851067 0.018823 0.022285
48 0.710953 0.867232 0.012615 0.010044
5 0.773929 0.860954 0.003204 0.004394
48 0.743492 0.864564 0.016420 0.015380
48 0.758110 0.872881 0.019624 0.016949
48 0.746195 0.852480 0.011414 0.011927
48 0.748598 0.884338 0.022627 0.022913
5 0.765819 0.879943 0.004205 0.005336
5 0.761013 0.886535 0.004205 0.003453
5 0.769423 0.882768 0.003805 0.005336
5 0.754606 0.896736 0.003805 0.005022
5 0.750100 0.898776 0.003604 0.003453
48 0.725871 0.889046 0.013216 0.015380
5 0.746496 0.904896 0.004005 0.003139
5 0.745294 0.907721 0.004806 0.003766
5 0.744093 0.909761 0.004005 0.003453
5 0.742591 0.911802 0.003805 0.003139
5 0.741390 0.914313 0.004205 0.003139
5 0.743092 0.919335 0.003204 0.004394
48 0.735583 0.896422 0.010212 0.013183
48 0.739788 0.904426 0.015819 0.019774
48 0.723769 0.918550 0.034642 0.029818
48 0.764818 0.913842 0.026231 0.027935
9 0.781137 0.920590 0.006408 0.016321
5 0.790148 0.908349 0.003604 0.006277
5 0.803064 0.911645 0.005006 0.004708
5 0.810873 0.916824 0.004205 0.005022
5 0.815679 0.919178 0.003404 0.004080
5 0.814077 0.936284 0.003404 0.004394
5 0.826992 0.935185 0.003604 0.002825
5 0.838406 0.930791 0.003604 0.004080
5 0.841610 0.932203 0.003204 0.004394
5 0.845615 0.935342 0.004005 0.005022
48 0.799760 0.931890 0.029636 0.033271
48 0.825991 0.955587 0.043652 0.046139
5 0.803865 0.951036 0.004205 0.003139
5 0.798258 0.959197 0.004606 0.003766
5 0.799559 0.956372 0.004405 0.002511
5 0.760913 0.971281 0.004405 0.003453
5 0.723969 0.946642 0.003404 0.004394
5 0.732679 0.955587 0.004405 0.003453
48 0.738987 0.959197 0.008210 0.008161
5 0.744293 0.962335 0.004806 0.003766
5 0.748999 0.965788 0.004205 0.003766
48 0.744193 0.971751 0.024229 0.020716
48 0.700340 0.945229 0.013817 0.013497
48 0.707749 0.953233 0.015419 0.018832
5 0.709952 0.971438 0.004606 0.003139
48 0.654285 0.970025 0.013416 0.012241
48 0.605026 0.965631 0.013416 0.011613
48 0.628254 0.967671 0.007809 0.008161
48 0.617040 0.949153 0.011414 0.011927
48 0.622247 0.942247 0.007809 0.007533
5 0.598718 0.940992 0.004405 0.003766
48 0.584802 0.926868 0.013416 0.013810
48 0.589608 0.916981 0.007409 0.007219
48 0.611334 0.913528 0.008811 0.009102
48 0.651882 0.926868 0.006207 0.006277
48 0.668402 0.935028 0.012014 0.010044
48 0.666300 0.951036 0.013817 0.012555
48 0.671406 0.943974 0.005607 0.005964
48 0.641270 0.907407 0.007809 0.008788
48 0.664898 0.916824 0.004606 0.005022
48 0.671506 0.922630 0.011814 0.009730
48 0.649980 0.892812 0.011614 0.010986
48 0.663596 0.907564 0.010813 0.011613
48 0.668502 0.898933 0.010613 0.010672
48 0.661794 0.873195 0.006808 0.006905
48 0.684221 0.911488 0.009211 0.008161
48 0.679415 0.896736 0.012014 0.010044
48 0.688226 0.890929 0.017621 0.015380
5 0.695835 0.899874 0.005206 0.003766
48 0.561274 0.911959 0.014417 0.012869
48 0.574289 0.893126 0.008410 0.008475
48 0.598718 0.856089 0.008410 0.007847
48 0.569583 0.862994 0.015819 0.011613
48 0.578194 0.848085 0.014217 0.015066
48 0.562475 0.838826 0.020425 0.024796
48 0.554866 0.878845 0.016420 0.016949
48 0.541350 0.910389 0.013416 0.010986
48 0.546956 0.897991 0.015819 0.020716
48 0.521526 0.889360 0.007008 0.007219
48 0.525130 0.892812 0.009812 0.010986
48 0.527733 0.914470 0.014618 0.015380
48 0.519724 0.902542 0.016620 0.017263
48 0.536344 0.861739 0.010212 0.009102
48 0.500601 0.873195 0.008811 0.008161
48 0.510913 0.869429 0.009011 0.008788
48 0.512315 0.861582 0.013016 0.011299
48 0.519724 0.856246 0.015018 0.015694
48 0.490789 0.885279 0.014818 0.014124
48 0.479876 0.889674 0.010212 0.010358
48 0.499199 0.979912 0.007209 0.006277
48 0.491290 0.954018 0.009011 0.009730
48 0.506608 0.951036 0.017221 0.015694
48 0.361233 0.972379 0.010813 0.008161
48 0.346716 0.953233 0.018222 0.017577
48 0.315879 0.970810 0.010212 0.008788
48 0.250400 0.976146 0.007409 0.010044
48 0.256107 0.971908 0.011213 0.008475
48 0.271626 0.964846 0.006608 0.005650
48 0.227673 0.987288 0.008410 0.007847
48 0.166600 0.985876 0.011614 0.009416
48 0.175010 0.981325 0.008010 0.007847
48 0.194533 0.972536 0.009011 0.008475
48 0.050060 0.992938 0.015218 0.014124
48 0.084602 0.981952 0.013817 0.014752
5 0.078194 0.988858 0.003404 0.004080
48 0.094213 0.978657 0.008210 0.007533
48 0.061474 0.942247 0.016019 0.016949
48 0.045354 0.945386 0.009011 0.010044
48 0.077994 0.932046 0.007809 0.007219
48 0.079095 0.938952 0.016820 0.012241
48 0.046055 0.924984 0.011614 0.011299
48 0.032139 0.912429 0.006608 0.006277
48 0.068482 0.917294 0.011213 0.012241
48 0.074590 0.913528 0.008610 0.009730
48 0.050260 0.894852 0.010813 0.010044
5 0.056468 0.859542 0.004806 0.007219
48 0.061374 0.874137 0.016620 0.023227
48 0.091910 0.904739 0.013216 0.017891
48 0.101221 0.902385 0.012215 0.015694
48 0.084101 0.886221 0.012014 0.011613
48 0.109832 0.897363 0.013016 0.013810
48 0.091410 0.874765 0.009411 0.009416
48 0.094814 0.890301 0.006608 0.007847
48 0.104325 0.877589 0.008811 0.006905
48 0.100521 0.870684 0.006007 0.005022
48 0.121045 0.891086 0.007409 0.009416
48 0.143072 0.878845 0.007809 0.010044
48 0.112435 0.867545 0.009411 0.007533
48 0.126752 0.856717 0.012415 0.013497
48 0.101922 0.922159 0.010412 0.012555
48 0.127253 0.908349 0.009812 0.011299
48 0.118642 0.926397 0.023829 0.019774
48 0.503704 0.964846 0.006207 0.005650
48 0.437425 0.956058 0.014217 0.014438
48 0.447337 0.952134 0.014818 0.018519
48 0.454445 0.951664 0.008610 0.012555
48 0.483280 0.940050 0.011013 0.013183
48 0.490689 0.933930 0.009411 0.011613
48 0.475070 0.943503 0.011814 0.012555
48 0.457249 0.926868 0.007008 0.006905
48 0.463356 0.925141 0.007609 0.007847
48 0.393072 0.976773 0.011213 0.013183
48 0.389067 0.966886 0.007209 0.006591
48 0.396276 0.959667 0.011213 0.011613
48 0.380957 0.933616 0.009011 0.012869
48 0.394674 0.937225 0.011213 0.010672
48 0.390068 0.929222 0.011614 0.010358
48 0.407289 0.924357 0.015619 0.014438
5 0.416400 0.919021 0.003404 0.004394
48 0.423708 0.917138 0.011614 0.010044
48 0.436324 0.911488 0.008811 0.010044
48 0.452543 0.922944 0.005607 0.005336
48 0.289648 0.955116 0.009812 0.011927
48 0.305567 0.946485 0.010012 0.009102
48 0.319684 0.940678 0.011814 0.008161
48 0.338907 0.933773 0.008610 0.008161
48 0.255106 0.927652 0.019624 0.018519
48 0.305767 0.902228 0.008410 0.007219
48 0.296556 0.907094 0.005206 0.005650
48 0.321686 0.893754 0.009411 0.011613
5 0.246195 0.922159 0.003404 0.003766
48 0.239788 0.932831 0.007809 0.006905
48 0.216159 0.941149 0.009411 0.007219
48 0.204746 0.949780 0.021426 0.022599
48 0.217661 0.961080 0.006808 0.007533
48 0.190429 0.959040 0.017621 0.017263
5 0.161794 0.957784 0.005206 0.003453
48 0.138967 0.980069 0.007609 0.007219
48 0.142271 0.953390 0.009812 0.010986
48 0.170505 0.934557 0.011013 0.012869
48 0.167000 0.892655 0.016019 0.011927
48 0.207950 0.926711 0.008210 0.009102
48 0.200441 0.875392 0.021225 0.015066
48 0.214858 0.921689 0.005206 0.005336
48 0.227373 0.903798 0.011414 0.013497
48 0.246496 0.903013 0.015619 0.016321
48 0.251201 0.881827 0.017020 0.012869
48 0.264918 0.896265 0.011213 0.013497
48 0.274730 0.885122 0.017221 0.016321
48 0.256408 0.853892 0.019023 0.015380
48 0.267221 0.857188 0.004205 0.004394
48 0.295054 0.848399 0.017821 0.016949
48 0.294553 0.828468 0.012815 0.011613
5 0.342811 0.895009 0.005206 0.003453
48 0.338306 0.882768 0.014217 0.011613
48 0.349720 0.882768 0.012215 0.010986
48 0.345014 0.900816 0.009211 0.009416
48 0.352523 0.898619 0.008610 0.006277
48 0.368843 0.863308 0.005607 0.005336
48 0.375951 0.898619 0.016620 0.015066
48 0.378454 0.915725 0.012815 0.009730
5 0.374149 0.919805 0.003004 0.004080
48 0.363736 0.913528 0.009411 0.008475
48 0.396075 0.890615 0.014417 0.015380
48 0.402984 0.902542 0.009812 0.011613
48 0.409491 0.903484 0.006808 0.007219
48 0.400180 0.865505 0.019023 0.019146
48 0.414698 0.875863 0.007209 0.007847
5 0.394073 0.919805 0.005206 0.003453
48 0.429515 0.932988 0.006408 0.005964
48 0.496296 0.930634 0.007008 0.008161
48 0.446536 0.880414 0.011213 0.015066
48 0.425911 0.860013 0.010813 0.011927
48 0.441229 0.842593 0.006207 0.006591
48 0.453845 0.840395 0.007809 0.007847
48 0.470865 0.869272 0.017421 0.016635
48 0.482679 0.869115 0.007809 0.010044
48 0.478574 0.845888 0.008410 0.008788
48 0.489187 0.857815 0.017621 0.015694
48 0.475571 0.836158 0.008410 0.009416
48 0.465859 0.820778 0.014618 0.016949
48 0.501802 0.844319 0.016420 0.018205
5 0.507409 0.855304 0.004405 0.004394
48 0.509411 0.833961 0.012014 0.011927
5 0.565479 0.873666 0.003604 0.003453
48 0.526832 0.838826 0.008010 0.009730
48 0.495394 0.800691 0.014818 0.016321
48 0.522928 0.810264 0.017421 0.016635
48 0.552263 0.806497 0.008811 0.009730
48 0.531237 0.791274 0.009211 0.010672
48 0.476171 0.793628 0.007609 0.007847
48 0.486284 0.783114 0.009011 0.008788
48 0.486284 0.776679 0.007409 0.006591
48 0.496296 0.767577 0.009011 0.009730
48 0.513716 0.778719 0.007809 0.011927
48 0.542551 0.773540 0.009812 0.009730
48 0.512715 0.745763 0.009011 0.008788
48 0.517321 0.749843 0.007409 0.006905
48 0.525230 0.753766 0.014017 0.012241
48 0.532739 0.745135 0.007008 0.007533
48 0.564277 0.745606 0.010412 0.009102
48 0.568582 0.777150 0.009011 0.012555
48 0.582899 0.755022 0.010412 0.011613
48 0.529035 0.719554 0.010412 0.010986
5 0.492191 0.749372 0.004806 0.004080
48 0.484682 0.744978 0.021025 0.019146
48 0.499900 0.709040 0.032239 0.027621
48 0.468562 0.736190 0.010813 0.011613
48 0.475771 0.725047 0.010813 0.013183
48 0.483981 0.717671 0.014417 0.011613
48 0.452944 0.720339 0.007209 0.005650
48 0.445334 0.741055 0.018823 0.016949
48 0.460953 0.751412 0.019223 0.018205
48 0.454946 0.770402 0.019223 0.019774
48 0.445635 0.795512 0.015819 0.016008
48 0.451942 0.801946 0.008410 0.006905
48 0.421105 0.776993 0.010813 0.011613
48 0.426011 0.782172 0.011414 0.011927
48 0.397177 0.815286 0.018222 0.017891
48 0.385963 0.799435 0.016219 0.015694
48 0.362735 0.795825 0.018622 0.015380
48 0.372447 0.792687 0.009211 0.011613
48 0.376652 0.804614 0.010012 0.011613
48 0.335002 0.858757 0.008811 0.010672
48 0.365338 0.846516 0.006608 0.008161
48 0.340709 0.837884 0.010212 0.009730
48 0.322387 0.841180 0.012014 0.007533
48 0.315479 0.822034 0.014217 0.013183
5 0.326992 0.812461 0.003204 0.004080
48 0.336804 0.818424 0.014017 0.013497
48 0.372147 0.826114 0.006608 0.006905
48 0.376151 0.823289 0.006608 0.006905
48 0.314577 0.922473 0.013216 0.010044
48 0.299960 0.923572 0.006408 0.005964
48 0.160693 0.873352 0.009011 0.006591
5 0.169904 0.867545 0.002603 0.003766
48 0.178614 0.864878 0.019223 0.013497
48 0.154185 0.845888 0.009612 0.010672
48 0.161294 0.838355 0.013016 0.014438
48 0.176912 0.846673 0.008610 0.009730
48 0.169704 0.837571 0.010613 0.009730
48 0.178214 0.831764 0.013216 0.013810
48 0.193332 0.852793 0.023028 0.023227
48 0.203644 0.835530 0.014417 0.014438
48 0.217761 0.846045 0.011414 0.013497
48 0.230677 0.834118 0.018022 0.022913
48 0.237285 0.821406 0.015619 0.013810
6 0.229776 0.802103 0.004606 0.006591
5 0.234281 0.794727 0.004005 0.003766
48 0.253604 0.795355 0.013416 0.012555
48 0.270024 0.789391 0.009812 0.010044
48 0.248799 0.775267 0.005807 0.006277
48 0.287044 0.770873 0.027032 0.030760
48 0.324189 0.789705 0.018823 0.021971
48 0.334802 0.790803 0.007609 0.007219
48 0.331998 0.774168 0.016019 0.015380
48 0.346115 0.753139 0.012215 0.012241
48 0.333801 0.734149 0.012014 0.011299
48 0.403484 0.750628 0.010813 0.010986
48 0.380557 0.729598 0.008210 0.008475
48 0.390869 0.717043 0.015619 0.013497
48 0.401882 0.722850 0.018823 0.018205
48 0.413296 0.720967 0.018823 0.019460
48 0.357329 0.717671 0.017020 0.016635
48 0.373148 0.694287 0.006608 0.006277
48 0.424109 0.714061 0.011614 0.010672
48 0.428314 0.707313 0.013216 0.012869
48 0.434822 0.711237 0.006207 0.006905
5 0.436924 0.705744 0.004405 0.004080
48 0.421606 0.685028 0.006207 0.006591
48 0.428815 0.685342 0.017421 0.026679
48 0.439027 0.697897 0.009812 0.011613
48 0.447337 0.675455 0.030437 0.026365
48 0.270124 0.641557 0.008410 0.007533
48 0.281838 0.648619 0.015018 0.010986
48 0.298959 0.660232 0.015218 0.015380
48 0.286744 0.660546 0.009612 0.009102
48 0.310372 0.666510 0.007609 0.007847
48 0.318182 0.691306 0.015619 0.014752
48 0.330196 0.679222 0.027633 0.023854
48 0.294253 0.692875 0.008210 0.008475
6 0.243692 0.677181 0.006408 0.007219
48 0.276131 0.698054 0.008410 0.007533
48 0.272827 0.701193 0.005406 0.004394
48 0.240589 0.672944 0.008210 0.008161
8 0.266119 0.705273 0.006007 0.003766
48 0.226472 0.664156 0.012014 0.013183
5 0.216760 0.659134 0.003004 0.003766
48 0.207849 0.658035 0.014417 0.014124
48 0.219463 0.647677 0.008410 0.009102
48 0.191330 0.646422 0.013016 0.010358
48 0.234181 0.621312 0.007409 0.007219
48 0.245595 0.623195 0.007008 0.006591
48 0.211053 0.630257 0.008010 0.006905
48 0.186023 0.627746 0.019223 0.018832
48 0.187625 0.613622 0.014818 0.012555
48 0.131658 0.608443 0.008610 0.007847
48 0.139868 0.617702 0.017421 0.016321
48 0.156187 0.594319 0.009211 0.009102
48 0.160693 0.580822 0.019824 0.019146
48 0.144674 0.560891 0.012215 0.012555
5 0.118342 0.545825 0.003204 0.003766
48 0.128454 0.529347 0.007008 0.006591
48 0.106528 0.538920 0.012415 0.012555
48 0.082199 0.580352 0.015819 0.016321
48 0.102123 0.592436 0.016420 0.012869
48 0.118742 0.602793 0.011213 0.014124
48 0.065479 0.569523 0.011213 0.011613
48 0.057068 0.561362 0.014818 0.014124
48 0.102523 0.516478 0.007609 0.007847
48 0.046956 0.580665 0.010212 0.010672
48 0.074289 0.598399 0.032439 0.029818
48 0.057869 0.609385 0.008811 0.009730
48 0.038246 0.593534 0.006007 0.005650
48 0.040949 0.599027 0.005807 0.005964
48 0.096816 0.613936 0.008610 0.010044
48 0.040749 0.637006 0.013416 0.013497
48 0.051061 0.631984 0.015218 0.014752
48 0.065679 0.624451 0.023228 0.017891
48 0.085102 0.630414 0.022827 0.019774
48 0.035743 0.619586 0.005807 0.006905
48 0.029836 0.609856 0.008010 0.007533
48 0.034041 0.613936 0.005206 0.006277
48 0.079495 0.644225 0.014818 0.018519
48 0.101121 0.657407 0.011213 0.010358
48 0.166600 0.655053 0.022427 0.018832
48 0.146576 0.657878 0.009612 0.008788
48 0.128855 0.668393 0.013817 0.011613
48 0.093112 0.686284 0.011614 0.010358
48 0.161994 0.673415 0.006808 0.007219
48 0.108931 0.676397 0.013216 0.011927
48 0.147877 0.710452 0.015018 0.015380
48 0.063576 0.676554 0.010613 0.009102
48 0.032739 0.715474 0.015419 0.016008
48 0.060673 0.700565 0.010412 0.008788
48 0.056468 0.722379 0.007209 0.009102
48 0.036043 0.732737 0.017621 0.014752
48 0.082899 0.696955 0.017221 0.017263
48 0.070585 0.739328 0.011414 0.017891
48 0.080697 0.712963 0.008010 0.007219
48 0.111233 0.725989 0.012215 0.012555
48 0.054966 0.777307 0.010613 0.012241
48 0.075691 0.768205 0.015619 0.013497
48 0.093512 0.761142 0.016420 0.016321
48 0.110533 0.750314 0.009211 0.008475
48 0.096215 0.778249 0.008210 0.006591
48 0.107129 0.773384 0.006007 0.006905
48 0.128354 0.741996 0.010012 0.008788
48 0.129956 0.763340 0.006408 0.005650
48 0.133060 0.770873 0.006608 0.008161
48 0.128154 0.771186 0.005206 0.006905
48 0.137365 0.766321 0.004806 0.004708
48 0.141970 0.763967 0.005206 0.005022
48 0.150781 0.758475 0.007609 0.005964
48 0.145475 0.736660 0.009812 0.006905
48 0.126151 0.792216 0.014017 0.013810
48 0.139768 0.797552 0.008010 0.008788
48 0.177113 0.752982 0.009411 0.008788
48 0.193132 0.743409 0.008610 0.010986
48 0.087004 0.791274 0.006608 0.006905
48 0.052964 0.799435 0.010212 0.010044
48 0.056368 0.808537 0.011414 0.010672
48 0.060873 0.818581 0.015619 0.015694
48 0.069784 0.799278 0.013416 0.009730
6 0.077293 0.826742 0.004005 0.005650
48 0.083400 0.814501 0.007409 0.006277
48 0.117341 0.837728 0.006408 0.008788
48 0.200040 0.711080 0.017621 0.020402
48 0.160192 0.726460 0.008410 0.007219
48 0.214758 0.735876 0.015018 0.016635
48 0.223668 0.749686 0.009211 0.011613
48 0.253204 0.725518 0.010613 0.013497
48 0.261514 0.713748 0.017221 0.016321
48 0.270725 0.728970 0.027633 0.023540
48 0.229275 0.696014 0.012815 0.012869
48 0.248098 0.741055 0.010012 0.013183
5 0.272827 0.725989 0.003805 0.004394
5 0.274029 0.717985 0.003004 0.003453
5 0.271025 0.713905 0.003404 0.004080
48 0.204245 0.681576 0.007609 0.006591
48 0.017221 0.575016 0.011213 0.015694
48 0.124249 0.493095 0.015419 0.014438
5 0.173708 0.412900 0.004606 0.004708
5 0.186223 0.406623 0.003604 0.005964
11 0.195835 0.720025 0.004806 0.005650
5 0.199139 0.424984 0.004606 0.005022
48 0.136664 0.349969 0.015819 0.015694
48 0.153985 0.362210 0.015218 0.016321
48 0.173208 0.395009 0.024429 0.021657
48 0.170705 0.368487 0.016620 0.015694
48 0.160092 0.380414 0.010613 0.009416
48 0.232779 0.389830 0.021426 0.020716
48 0.241590 0.373038 0.018622 0.018519
48 0.190128 0.337414 0.016620 0.015066
48 0.198939 0.348713 0.016620 0.020088
5 0.245495 0.352480 0.002803 0.003766
48 0.174810 0.329881 0.012014 0.012555
48 0.252203 0.354677 0.013016 0.011927
48 0.202042 0.312932 0.014017 0.012555
48 0.235683 0.325957 0.014417 0.012241
48 0.259712 0.340239 0.013616 0.013810
5 0.248298 0.329724 0.004405 0.003453
48 0.272127 0.352166 0.014417 0.018205
48 0.280837 0.356717 0.016620 0.019146
48 0.283240 0.331450 0.011013 0.010672
5 0.216460 0.302731 0.005607 0.004080
48 0.225571 0.308067 0.012615 0.010358
48 0.251302 0.316698 0.014417 0.015066
48 0.218562 0.293942 0.019023 0.016635
48 0.252303 0.300220 0.016820 0.014124
48 0.286143 0.293628 0.011213 0.011613
48 0.200941 0.282643 0.011814 0.011613
48 0.182920 0.271343 0.017821 0.019774
48 0.202443 0.263653 0.016820 0.015066
48 0.245895 0.272128 0.015619 0.018205
48 0.220164 0.252197 0.013416 0.011613
48 0.256207 0.257062 0.015819 0.017577
48 0.244794 0.245292 0.012215 0.011613
48 0.222467 0.229912 0.009211 0.007847
48 0.255807 0.235248 0.020224 0.019774
6 0.258610 0.220653 0.005406 0.006905
48 0.277032 0.228970 0.011013 0.013497
48 0.275931 0.266321 0.020825 0.021030
5 0.298158 0.245606 0.005607 0.004708
48 0.266320 0.206842 0.010412 0.009416
48 0.292050 0.220339 0.011414 0.012555
48 0.310873 0.223949 0.012615 0.010986
48 0.161694 0.198054 0.011414 0.009416
48 0.192531 0.212649 0.013016 0.014124
48 0.195234 0.219711 0.010412 0.010044
48 0.228875 0.198211 0.016420 0.019774
48 0.243292 0.206058 0.024029 0.020402
48 0.254405 0.198211 0.010212 0.008475
48 0.202042 0.175298 0.011213 0.010358
48 0.212755 0.182517 0.009411 0.008475
48 0.186624 0.196014 0.010412 0.008475
48 0.243492 0.170433 0.009211 0.010672
48 0.261714 0.182203 0.013216 0.012241
48 0.300761 0.193817 0.010012 0.010358
48 0.283040 0.184244 0.011013 0.010672
48 0.282339 0.203076 0.009612 0.008788
48 0.322187 0.207784 0.007609 0.006905
48 0.325190 0.199153 0.015218 0.014752
48 0.251101 0.157721 0.008010 0.007847
48 0.207749 0.155367 0.017421 0.014438
48 0.221466 0.162115 0.014818 0.014124
48 0.222167 0.147520 0.012215 0.011299
48 0.236984 0.145480 0.007809 0.009730
48 0.178414 0.152699 0.015619 0.017891
48 0.183520 0.162586 0.012215 0.011927
48 0.261213 0.991839 0.031838 0.016321
48 0.190829 0.948525 0.009211 0.009416
48 0.168803 0.919805 0.006808 0.007219
48 0.165999 0.926554 0.005607 0.005022
48 0.158390 0.944758 0.007209 0.005650
48 0.116039 0.939109 0.007409 0.006905
48 0.112435 0.945072 0.005406 0.004394
48 0.108030 0.946799 0.005406 0.005336
48 0.069083 0.896893 0.012014 0.014752
5 0.049259 0.846359 0.004005 0.004080
5 0.047357 0.847301 0.003004 0.004708
5 0.064177 0.834118 0.001802 0.002825
5 0.061974 0.834746 0.001802 0.004080
48 0.063977 0.747646 0.011814 0.015694
48 0.054866 0.741839 0.021626 0.012241
48 0.052964 0.732423 0.007008 0.005964
48 0.047958 0.711707 0.012215 0.020402
48 0.079796 0.685342 0.008210 0.006591
48 0.109431 0.565129 0.005406 0.005964
48 0.105026 0.564501 0.005406 0.005336
48 0.092010 0.561519 0.009411 0.008788
48 0.091009 0.540176 0.021426 0.022599
48 0.100020 0.532957 0.009812 0.008161
48 0.080797 0.522599 0.007809 0.006277
48 0.219664 0.358129 0.016420 0.016321
48 0.180116 0.318110 0.008210 0.007219
48 0.194634 0.296767 0.006007 0.006591
48 0.212956 0.265223 0.007409 0.009416
48 0.225370 0.273854 0.012215 0.010986
48 0.265619 0.214532 0.016219 0.013497
48 0.248298 0.132454 0.007609 0.008788
48 0.230877 0.129630 0.008410 0.007533
48 0.224970 0.125706 0.009812 0.009102
48 0.215158 0.117075 0.010212 0.008161
48 0.217461 0.113936 0.009612 0.008788
48 0.210252 0.109542 0.009612 0.008161
48 0.207649 0.112053 0.007609 0.008161
48 0.215058 0.103107 0.018422 0.016008
48 0.248498 0.101538 0.014818 0.017263
48 0.235883 0.075173 0.010813 0.012241
48 0.221666 0.060578 0.006808 0.006905
48 0.220865 0.065443 0.005607 0.005336
48 0.211754 0.066541 0.013016 0.014438
48 0.206848 0.063873 0.006808 0.010358
48 0.205046 0.061833 0.006808 0.010672
48 0.195535 0.065443 0.007809 0.007219
48 0.200741 0.062932 0.004205 0.004708
48 0.169203 0.061519 0.016820 0.018205
48 0.144573 0.051632 0.012014 0.011613
48 0.164497 0.039077 0.011414 0.012869
48 0.118342 0.042059 0.012815 0.013183
48 0.113236 0.067012 0.005807 0.006591
48 0.104125 0.043158 0.008010 0.006591
48 0.092211 0.038293 0.012615 0.012555
48 0.097217 0.044884 0.005807 0.005650
48 0.062175 0.053986 0.006608 0.007533
48 0.058871 0.051946 0.006408 0.007847
48 0.034642 0.037037 0.012815 0.007533
48 0.110232 0.038763 0.007008 0.007219
48 0.543652 0.980540 0.008811 0.006277
48 0.515819 0.943189 0.010813 0.009416
48 0.126151 0.985091 0.011614 0.014124
48 0.077393 0.960295 0.013416 0.009730
48 0.091109 0.956842 0.010813 0.007847
48 0.031738 0.882455 0.017020 0.017263
48 0.030537 0.789548 0.013016 0.016008
48 0.023728 0.681733 0.019423 0.018832
48 0.146576 0.260672 0.013616 0.012869
48 0.148979 0.217514 0.014818 0.016321
48 0.279235 0.125549 0.017020 0.017577
48 0.291450 0.138575 0.008210 0.009730
48 0.140569 0.127589 0.009211 0.008475
48 0.172407 0.114878 0.007609 0.006277
48 0.153584 0.106560 0.008410 0.008475
48 0.152383 0.094476 0.009612 0.008788
48 0.115038 0.099812 0.008610 0.008161
6 0.157589 0.076271 0.006408 0.005650
48 0.126151 0.077997 0.006408 0.006591
48 0.129155 0.082078 0.005206 0.005336
48 0.139968 0.077684 0.015218 0.016008
48 0.079195 0.060264 0.008210 0.008161
48 0.221766 0.034683 0.015419 0.017263
48 0.234882 0.041902 0.005607 0.007847
48 0.290749 0.045198 0.011614 0.015694
48 0.294654 0.061519 0.009411 0.008788
48 0.273528 0.053986 0.010012 0.008161
48 0.278434 0.040490 0.004606 0.004394
48 0.279335 0.058223 0.004405 0.004708
48 0.307068 0.114721 0.010613 0.010358
48 0.313977 0.094633 0.016019 0.012869
48 0.327793 0.079724 0.008811 0.007533
48 0.339708 0.055242 0.009411 0.010044
48 0.326492 0.040804 0.007809 0.008161
48 0.337605 0.091337 0.012415 0.011299
48 0.339507 0.149090 0.013416 0.014438
48 0.415799 0.032800 0.012615 0.012241
48 0.409291 0.053358 0.010813 0.011927
48 0.392871 0.046767 0.010012 0.010044
48 0.423508 0.040176 0.010813 0.010044
48 0.435122 0.043315 0.006808 0.006277
48 0.438326 0.023540 0.010412 0.009416
48 0.469463 0.028249 0.016620 0.013810
48 0.469063 0.048650 0.009812 0.011299
48 0.476171 0.063873 0.006408 0.006591
48 0.482179 0.061362 0.006808 0.005964
48 0.486884 0.067326 0.005406 0.004708
48 0.488586 0.057596 0.014017 0.015380
48 0.503004 0.021343 0.010012 0.009416
48 0.499499 0.042844 0.008210 0.008475
48 0.504806 0.048023 0.007609 0.006905
48 0.526031 0.041274 0.014417 0.014752
48 0.548558 0.056497 0.014217 0.015066
48 0.559471 0.061048 0.009211 0.007847
48 0.567281 0.066855 0.010813 0.010044
48 0.570985 0.063402 0.005406 0.005650
5 0.567681 0.057439 0.004405 0.004394
6 0.573188 0.059322 0.005807 0.005022
48 0.523528 0.076585 0.017421 0.016321
48 0.545855 0.078154 0.013216 0.013183
48 0.526332 0.096673 0.010613 0.010044
5 0.591710 0.079410 0.005206 0.005022
48 0.586804 0.081607 0.018622 0.016949
48 0.581698 0.108286 0.012815 0.012555
48 0.590809 0.115662 0.015419 0.015380
48 0.576392 0.119743 0.017821 0.017263
48 0.555166 0.120841 0.008610 0.009416
48 0.593112 0.155210 0.011614 0.010986
48 0.595515 0.095731 0.009211 0.008161
5 0.614237 0.107659 0.004205 0.003766
48 0.617040 0.113465 0.012615 0.016008
48 0.625651 0.118958 0.013817 0.013810
48 0.618642 0.122724 0.003805 0.004394
48 0.600721 0.163685 0.010412 0.010358
48 0.639067 0.136692 0.017821 0.017891
48 0.615539 0.145951 0.006007 0.006277
48 0.618742 0.141400 0.006408 0.005336
48 0.599219 0.069837 0.015018 0.013497
48 0.571786 0.044099 0.009011 0.009102
48 0.582099 0.048807 0.006408 0.005336
5 0.577293 0.040647 0.004005 0.003453
5 0.583700 0.042373 0.003604 0.003766
48 0.629956 0.031230 0.010012 0.009102
48 0.588106 0.023227 0.007209 0.006905
48 0.733680 0.028406 0.011213 0.009730
5 0.925511 0.659761 0.004806 0.004394
5 0.924409 0.662586 0.004606 0.003139
5 0.921506 0.667294 0.004005 0.004394
6 0.982879 0.680477 0.009812 0.008788
5 0.972167 0.674357 0.003604 0.005964
6 0.961254 0.671218 0.005807 0.008475
4 0.966460 0.672159 0.004205 0.005964
5 0.952343 0.662272 0.003204 0.005022
4 0.946836 0.659291 0.004606 0.004708
9 0.935823 0.653484 0.005406 0.006905
6 0.938626 0.655681 0.006207 0.008161
4 0.931818 0.648148 0.004606 0.008161
9 0.956648 0.695386 0.006608 0.005964
6 0.978374 0.708412 0.008811 0.011927
6 0.980376 0.710138 0.008410 0.013497
9 0.984281 0.697897 0.005406 0.007219
48 0.932819 0.721594 0.042251 0.032643
48 0.975170 0.734306 0.028835 0.022285
9 0.981378 0.759887 0.004005 0.006277
5 0.989087 0.753766 0.002603 0.004080
9 0.990489 0.763653 0.005006 0.005022
6 0.947537 0.846673 0.013616 0.010358
6 0.964557 0.842906 0.010012 0.008475
5 0.953945 0.854520 0.004806 0.004708
5 0.952343 0.859385 0.005206 0.004394
48 0.933420 0.858600 0.013817 0.011613
9 0.957649 0.830038 0.006608 0.004708
9 0.959551 0.827370 0.006408 0.005022
9 0.962655 0.825330 0.007409 0.005336
9 0.963757 0.822348 0.006408 0.005650
9 0.891970 0.839611 0.006207 0.009416
5 0.898879 0.854991 0.004405 0.003139
5 0.902683 0.861896 0.003604 0.005650
5 0.904085 0.848085 0.002803 0.004394
5 0.905286 0.853107 0.004806 0.003766
5 0.906688 0.849341 0.002403 0.003766
5 0.909591 0.851381 0.002203 0.003453
5 0.912795 0.853107 0.002203 0.003139
48 0.927313 0.818581 0.050461 0.065286
48 0.911193 0.847301 0.026231 0.017891
6 0.895274 0.767420 0.010012 0.013183
9 0.897177 0.775581 0.014217 0.013810
9 0.883660 0.788763 0.010012 0.015694
9 0.887365 0.789391 0.010613 0.015066
6 0.891870 0.794727 0.008811 0.013810
6 0.894774 0.796610 0.009411 0.014438
9 0.897777 0.786252 0.005406 0.005650
9 0.883961 0.774796 0.008610 0.006591
9 0.875651 0.769617 0.006808 0.006905
4 0.752403 0.845888 0.003004 0.004394
4 0.754105 0.847144 0.003604 0.004394
5 0.776932 0.849969 0.003204 0.004394
5 0.770925 0.831764 0.004405 0.003766
5 0.797857 0.872097 0.004606 0.005336
5 0.795455 0.850596 0.005006 0.003766
5 0.794553 0.846045 0.004405 0.004080
9 0.815679 0.859699 0.007809 0.005650
5 0.827293 0.870213 0.004205 0.003453
5 0.875751 0.896108 0.004205 0.003139
5 0.893172 0.907564 0.005006 0.004708
5 0.942231 0.940992 0.004205 0.003766
5 0.960352 0.951820 0.004806 0.003453
9 0.962355 0.948054 0.007209 0.005964
5 0.991490 0.963748 0.004205 0.003453
48 0.982279 0.937539 0.031838 0.014438
48 0.974970 0.894539 0.018823 0.017577
6 0.980376 0.869900 0.005206 0.006591
5 0.990689 0.876805 0.005807 0.005336
4 0.985783 0.871312 0.003604 0.003766
48 0.356728 0.424513 0.016219 0.018519
48 0.390168 0.451507 0.010613 0.009730
48 0.399079 0.463591 0.006007 0.005022
48 0.394173 0.444288 0.010212 0.009102
48 0.380557 0.464062 0.008610 0.010358
48 0.374549 0.475361 0.007008 0.007847
4 0.360633 0.470967 0.005206 0.003453
48 0.301762 0.361896 0.010813 0.009416
48 0.362936 0.402542 0.009011 0.009730
48 0.304666 0.376177 0.007008 0.005964
48 0.299660 0.388889 0.009812 0.010672
5 0.330997 0.411645 0.003604 0.004080
5 0.335302 0.415254 0.003004 0.005022
48 0.351722 0.394225 0.011013 0.010672
48 0.325891 0.401915 0.011013 0.010358
48 0.374349 0.391557 0.012615 0.012241
48 0.384161 0.376177 0.011013 0.010358
48 0.404385 0.387947 0.013016 0.012555
48 0.402183 0.368330 0.019023 0.018519
48 0.344013 0.285311 0.010412 0.009416
48 0.294854 0.279504 0.009411 0.007847
5 0.340008 0.273384 0.004405 0.003139
48 0.334602 0.268048 0.008811 0.010672
48 0.350220 0.271343 0.017221 0.017263
48 0.376752 0.289862 0.018222 0.017263
48 0.391770 0.312304 0.007809 0.008788
48 0.397377 0.285311 0.012615 0.011927
48 0.375851 0.274011 0.014818 0.015066
48 0.398478 0.317012 0.010012 0.011299
48 0.407990 0.300063 0.012615 0.009416
48 0.414898 0.286566 0.014017 0.011927
48 0.412395 0.293628 0.010212 0.009102
48 0.340909 0.255807 0.011814 0.010044
48 0.316480 0.215788 0.009011 0.005964
48 0.331698 0.215474 0.009411 0.007847
48 0.352323 0.245135 0.017020 0.011927
48 0.363837 0.253453 0.009612 0.007847
5 0.385863 0.250314 0.004806 0.004080
48 0.392371 0.241055 0.013416 0.011927
48 0.398478 0.257533 0.020024 0.020402
48 0.408490 0.246390 0.007609 0.006905
48 0.376652 0.236660 0.009612 0.010672
48 0.384461 0.225675 0.008811 0.008788
48 0.368342 0.207470 0.010613 0.010044
48 0.376852 0.199623 0.014417 0.013810
48 0.431818 0.213748 0.007809 0.008161
48 0.440929 0.200879 0.008410 0.008161
48 0.400280 0.181576 0.016820 0.015380
48 0.416099 0.172630 0.010412 0.009416
48 0.391069 0.172316 0.010012 0.009416
48 0.269724 0.162743 0.020024 0.019146
48 0.286944 0.173258 0.007609 0.007533
48 0.337105 0.176554 0.017020 0.018519
48 0.386464 0.156466 0.006808 0.007219
48 0.412395 0.144225 0.009411 0.007847
48 0.405787 0.135436 0.007809 0.009730
48 0.429616 0.133867 0.015419 0.014124
48 0.420905 0.118173 0.008811 0.009102
48 0.410593 0.115976 0.007409 0.006591
48 0.417901 0.095888 0.013616 0.014752
48 0.425410 0.101067 0.006207 0.007533
48 0.454245 0.125863 0.007409 0.006277
48 0.494093 0.115976 0.019423 0.019774
48 0.476272 0.142969 0.008210 0.009102
5 0.504606 0.108286 0.003604 0.003766
48 0.498799 0.097301 0.006007 0.006905
48 0.484782 0.090395 0.014417 0.014438
48 0.454846 0.067954 0.012215 0.011613
48 0.457349 0.061048 0.005607 0.005336
48 0.461554 0.069052 0.005206 0.006277
48 0.575190 0.135279 0.004606 0.005022
48 0.579596 0.139831 0.006207 0.005964
48 0.578795 0.144852 0.005807 0.005336
48 0.609832 0.171218 0.015419 0.012241
48 0.699139 0.017263 0.008210 0.008161
48 0.505807 0.237288 0.023628 0.028876
48 0.431818 0.981952 0.007409 0.007219
48 0.674409 0.979441 0.016820 0.019146
48 0.733680 0.978186 0.016820 0.014124
48 0.785042 0.982423 0.052663 0.035154
5 0.817881 0.974262 0.003404 0.004394
48 0.844313 0.981481 0.019824 0.021343
5 0.857529 0.958098 0.004606 0.002825
8 0.813376 0.663371 0.002803 0.005336
48 0.111934 0.771343 0.006007 0.004708
48 0.232179 0.082078 0.010212 0.007847
48 0.542050 0.021814 0.008010 0.008475
48 0.753104 0.018362 0.030437 0.021030
48 0.841810 0.011456 0.020825 0.013497
8 0.199640 0.956372 0.003204 0.005650
5 0.173008 0.471281 0.005607 0.004708
11 0.572887 0.876805 0.004806 0.005964
10 0.179015 0.474419 0.006408 0.005336
5 0.173608 0.526993 0.005206 0.003766
11 0.179015 0.416196 0.004806 0.003766
5 0.656288 0.759102 0.005406 0.004708
5 0.210352 0.508318 0.005406 0.005336
9 0.356027 0.580665 0.014818 0.011299
5 0.556568 0.435028 0.004205 0.003766
