42 0.381611 0.123273 0.002804 0.005967
48 0.244491 0.403737 0.008213 0.012249
48 0.284856 0.449592 0.010817 0.022299
48 0.288862 0.431062 0.011218 0.014761
48 0.313602 0.415201 0.008213 0.012563
48 0.365585 0.424937 0.004808 0.008794
48 0.369892 0.427136 0.003806 0.008166
48 0.302684 0.515861 0.054888 0.049309
48 0.276042 0.557475 0.027644 0.027010
48 0.298277 0.563128 0.025240 0.021985
48 0.320312 0.567682 0.019231 0.019158
48 0.340545 0.571451 0.020833 0.020415
48 0.359876 0.578989 0.017428 0.016018
48 0.375901 0.582286 0.016627 0.019472
48 0.391126 0.589196 0.023438 0.022613
9 0.364884 0.516803 0.007412 0.004711
9 0.363081 0.519629 0.006611 0.004083
9 0.362280 0.523712 0.006210 0.004711
9 0.372897 0.488851 0.008614 0.004083
9 0.373598 0.484925 0.006010 0.003769
9 0.356771 0.548210 0.011619 0.005967
9 0.329627 0.543342 0.008614 0.003769
13 0.328926 0.539416 0.008013 0.002827
13 0.330028 0.536589 0.006210 0.003455
9 0.358574 0.535804 0.005609 0.005025
9 0.341847 0.522299 0.006611 0.003769
9 0.384014 0.479271 0.005609 0.003141
9 0.382212 0.487280 0.006811 0.005967
48 0.230469 0.593750 0.010216 0.022299
48 0.151843 0.598461 0.019631 0.051193
5 0.167167 0.628141 0.005809 0.003141
5 0.165565 0.630182 0.004207 0.003455
5 0.061899 0.802764 0.002003 0.005653
5 0.053986 0.800722 0.003005 0.006595
5 0.051282 0.801193 0.002003 0.005653
5 0.032552 0.782820 0.003806 0.003455
48 0.078826 0.817211 0.009816 0.011307
48 0.278345 0.900126 0.011819 0.012563
59 0.192408 0.846420 0.009014 0.016332
48 0.337740 0.918028 0.013221 0.013191
48 0.347756 0.922111 0.010817 0.014447
48 0.358073 0.928392 0.010216 0.010678
48 0.368790 0.930905 0.011619 0.013191
48 0.375401 0.932318 0.008413 0.012249
48 0.385417 0.923995 0.007612 0.013191
48 0.388221 0.911275 0.010016 0.014761
48 0.375000 0.899655 0.004407 0.005339
48 0.357071 0.822236 0.013421 0.010678
48 0.386118 0.831658 0.015825 0.011307
48 0.416767 0.839196 0.009014 0.008794
48 0.378506 0.809516 0.009415 0.010364
48 0.368089 0.806376 0.011418 0.009736
48 0.359275 0.803863 0.005809 0.009736
48 0.330429 0.793342 0.006210 0.008794
48 0.351562 0.804334 0.009615 0.013819
48 0.343349 0.798367 0.006410 0.010050
48 0.335938 0.795697 0.008013 0.012249
48 0.433794 0.801350 0.026242 0.051822
48 0.478866 0.815484 0.023037 0.036746
5 0.452925 0.806376 0.003606 0.004083
5 0.446214 0.823964 0.003005 0.002827
5 0.445613 0.826319 0.003405 0.003141
5 0.458333 0.786589 0.002404 0.005339
5 0.461238 0.773869 0.002604 0.005653
48 0.456631 0.729114 0.025841 0.023555
48 0.495994 0.741049 0.020833 0.022927
5 0.592849 0.805433 0.005008 0.003455
5 0.592748 0.807946 0.004808 0.002827
48 0.585337 0.848461 0.026442 0.048681
5 0.555188 0.870446 0.005809 0.003455
5 0.629708 0.805433 0.002204 0.004711
5 0.626102 0.818153 0.002604 0.004397
5 0.605669 0.975817 0.004207 0.002513
5 0.608273 0.971734 0.004607 0.003141
5 0.609776 0.966080 0.004808 0.003769
48 0.680389 0.938128 0.007011 0.013819
5 0.685697 0.944252 0.002003 0.004711
5 0.688201 0.943781 0.002204 0.004397
5 0.691006 0.932318 0.003405 0.005339
5 0.691306 0.942839 0.002003 0.003769
48 0.716546 0.924937 0.018830 0.026382
48 0.712841 0.898555 0.015425 0.028266
48 0.708634 0.882852 0.014223 0.021357
5 0.609575 0.969064 0.004808 0.004083
5 0.687700 0.881752 0.003205 0.004711
5 0.699519 0.866991 0.004808 0.003455
5 0.703726 0.872173 0.004006 0.001884
48 0.674980 0.877041 0.008213 0.011621
48 0.674579 0.858354 0.009816 0.009422
5 0.687700 0.794912 0.003205 0.002513
48 0.699219 0.816740 0.018630 0.038631
48 0.705228 0.852387 0.017829 0.032663
48 0.766426 0.939070 0.022837 0.027638
5 0.750200 0.956501 0.002404 0.005339
48 0.749700 0.964039 0.001803 0.005967
48 0.799479 0.965138 0.007212 0.009422
48 0.810296 0.966709 0.012019 0.010678
6 0.811599 0.941740 0.004607 0.002198
48 0.789764 0.936715 0.007812 0.011621
48 0.813401 0.932318 0.007412 0.010992
6 0.815204 0.944881 0.004607 0.003455
6 0.825020 0.943310 0.004207 0.004083
48 0.771635 0.901225 0.005208 0.007852
48 0.760417 0.893216 0.014824 0.015704
9 0.745393 0.890703 0.003606 0.008166
48 0.779748 0.888191 0.014223 0.014447
48 0.799980 0.926350 0.008614 0.011621
48 0.805789 0.888819 0.014623 0.012563
48 0.790565 0.882852 0.007412 0.008166
48 0.765325 0.863536 0.012620 0.016018
48 0.798678 0.862908 0.010417 0.016646
48 0.800180 0.837940 0.015425 0.015704
9 0.740685 0.864479 0.003405 0.007852
48 0.756711 0.842023 0.010617 0.020729
48 0.772436 0.831815 0.010417 0.010364
48 0.749900 0.816112 0.021835 0.022927
5 0.731470 0.811087 0.002604 0.005967
5 0.729367 0.795383 0.002804 0.005967
48 0.795272 0.805748 0.015224 0.014761
48 0.746695 0.788945 0.017428 0.015704
48 0.743389 0.746545 0.024439 0.028266
48 0.765825 0.740578 0.014423 0.015704
48 0.774439 0.760835 0.021635 0.022927
48 0.789764 0.783920 0.013822 0.016960
48 0.795974 0.757538 0.019431 0.016960
48 0.814704 0.753769 0.013622 0.018216
48 0.724259 0.720006 0.017428 0.020415
5 0.717949 0.726445 0.002404 0.003141
5 0.710036 0.750785 0.003405 0.002827
6 0.711739 0.760521 0.006811 0.004083
4 0.713041 0.766175 0.005409 0.004711
5 0.720653 0.656250 0.003005 0.005967
5 0.724159 0.667714 0.004006 0.003769
5 0.725461 0.663002 0.004607 0.002513
48 0.779147 0.684830 0.031450 0.048681
5 0.767428 0.716237 0.002804 0.005967
5 0.770032 0.716080 0.002404 0.005025
5 0.775240 0.715923 0.002404 0.006595
5 0.777644 0.715138 0.002003 0.006910
5 0.787760 0.714039 0.002604 0.005967
5 0.790064 0.714196 0.002404 0.005653
5 0.792668 0.713725 0.002404 0.004711
5 0.758714 0.649655 0.002604 0.005967
5 0.761118 0.650911 0.002604 0.004711
5 0.763522 0.650911 0.002604 0.005339
5 0.765925 0.651853 0.002204 0.004711
5 0.774840 0.655308 0.003205 0.005339
5 0.803886 0.698807 0.002404 0.004397
5 0.807792 0.671011 0.003806 0.003455
5 0.806591 0.668813 0.003005 0.003455
5 0.807091 0.663945 0.004407 0.003769
48 0.812700 0.780465 0.014824 0.014447
48 0.747997 0.767431 0.010817 0.008480
48 0.741787 0.773084 0.006010 0.005339
48 0.814203 0.481784 0.037460 0.030779
48 0.861478 0.497173 0.039463 0.030779
48 0.959736 0.518059 0.038061 0.051822
48 0.824820 0.532192 0.030248 0.047425
50 0.528045 0.917242 0.060497 0.031093
48 0.508013 0.852387 0.008013 0.008166
48 0.525841 0.860082 0.007612 0.007852
48 0.539463 0.863222 0.007612 0.007224
5 0.423978 0.700534 0.004607 0.002827
48 0.422276 0.716394 0.008013 0.006281
48 0.495893 0.700691 0.049479 0.028894
48 0.560797 0.718436 0.045072 0.024812
48 0.611078 0.733982 0.033053 0.023869
5 0.518730 0.678706 0.003405 0.004397
5 0.521034 0.643059 0.003205 0.004711
5 0.523738 0.644001 0.003405 0.005339
48 0.572516 0.614636 0.019631 0.020729
5 0.584335 0.634108 0.005609 0.003141
5 0.584034 0.636935 0.005409 0.003769
5 0.583133 0.639918 0.003606 0.002827
5 0.582031 0.641803 0.003806 0.002198
5 0.593049 0.652795 0.002204 0.003455
5 0.603466 0.657663 0.003806 0.002513
5 0.604567 0.655308 0.004808 0.002198
5 0.604567 0.653266 0.004407 0.002513
5 0.604968 0.648712 0.003205 0.002827
4 0.589243 0.623116 0.003806 0.002513
4 0.589042 0.624843 0.003405 0.002827
5 0.669371 0.651539 0.002604 0.005339
5 0.659555 0.682632 0.003005 0.004711
5 0.661859 0.676508 0.002804 0.004397
48 0.700220 0.665986 0.024639 0.053706
48 0.690505 0.711998 0.028846 0.050879
48 0.683393 0.753455 0.027845 0.036432
5 0.654848 0.739165 0.003606 0.005339
5 0.657953 0.730057 0.003405 0.005967
48 0.546975 0.757695 0.042668 0.025440
48 0.531951 0.790358 0.051482 0.027952
48 0.598257 0.772142 0.030649 0.022927
48 0.538862 0.839196 0.012821 0.023869
48 0.340745 0.851445 0.033253 0.045226
48 0.366887 0.850660 0.030248 0.027952
48 0.385617 0.858511 0.021635 0.034234
48 0.415565 0.864479 0.045873 0.034234
5 0.621494 0.959485 0.003806 0.002513
5 0.624099 0.955088 0.005008 0.002513
5 0.618690 0.944724 0.002604 0.004397
48 0.629708 0.882695 0.028646 0.034862
48 0.619391 0.926036 0.034054 0.061244
5 0.628806 0.918813 0.002804 0.004711
48 0.650641 0.816426 0.032051 0.075691
48 0.846554 0.659077 0.023638 0.044284
48 0.851462 0.610867 0.059495 0.023869
9 0.820312 0.602858 0.003205 0.005967
5 0.845653 0.587155 0.002604 0.004711
5 0.846755 0.715609 0.005208 0.002827
5 0.852163 0.709328 0.004006 0.002827
5 0.852163 0.704931 0.003606 0.002198
5 0.851863 0.702418 0.003806 0.002827
5 0.850661 0.697550 0.004207 0.001884
5 0.850962 0.695038 0.004006 0.002513
5 0.843950 0.686087 0.002404 0.005339
5 0.849659 0.688128 0.003806 0.002513
5 0.850260 0.683574 0.003405 0.002198
5 0.862380 0.681533 0.003205 0.001884
48 0.825321 0.702261 0.031250 0.023241
48 0.875501 0.697236 0.031450 0.023241
48 0.925982 0.691897 0.031450 0.021985
5 0.889022 0.679334 0.005208 0.003141
5 0.906550 0.677136 0.004207 0.001884
5 0.902845 0.703047 0.004006 0.002827
4 0.901643 0.693938 0.004407 0.002198
5 0.901743 0.691269 0.004607 0.002513
5 0.930489 0.674937 0.004808 0.002513
5 0.920773 0.664887 0.002204 0.005025
5 0.923478 0.664416 0.002404 0.004711
5 0.928085 0.664259 0.002404 0.004397
5 0.919271 0.631910 0.002003 0.004397
5 0.930188 0.640547 0.002204 0.004711
5 0.945913 0.698335 0.002804 0.004711
5 0.944611 0.686558 0.002604 0.004397
5 0.953626 0.693310 0.004607 0.002827
5 0.953526 0.688128 0.004407 0.002513
5 0.952023 0.681847 0.003806 0.002513
48 0.947115 0.648084 0.022035 0.044912
48 0.896635 0.652952 0.023638 0.045854
5 0.913562 0.621702 0.002604 0.003455
5 0.918470 0.621859 0.002003 0.003769
5 0.897536 0.618248 0.002204 0.004083
5 0.887921 0.619504 0.002604 0.004711
5 0.844451 0.631281 0.004207 0.002513
5 0.860377 0.629868 0.004407 0.002827
5 0.871895 0.628769 0.005409 0.002513
5 0.836038 0.625000 0.002604 0.005025
5 0.824018 0.626099 0.002204 0.003455
6 0.818810 0.664573 0.007011 0.002513
6 0.818409 0.660804 0.006210 0.003141
5 0.829026 0.657663 0.002604 0.005025
5 0.828025 0.652167 0.002604 0.004711
5 0.806591 0.659391 0.003806 0.002827
5 0.805889 0.653580 0.004006 0.002513
5 0.817508 0.657506 0.003606 0.002198
5 0.817809 0.654209 0.003806 0.002513
5 0.817107 0.649969 0.004407 0.002827
5 0.816206 0.642745 0.005409 0.002827
5 0.809195 0.645729 0.002604 0.005653
5 0.805990 0.647456 0.003405 0.002827
5 0.819712 0.634422 0.004006 0.002513
5 0.811999 0.628298 0.002604 0.005339
5 0.814203 0.628298 0.002204 0.004711
5 0.816807 0.627670 0.002604 0.004711
5 0.831831 0.633166 0.003405 0.002513
5 0.827524 0.685616 0.004808 0.002513
4 0.830929 0.673838 0.002804 0.005339
53 0.813401 0.667871 0.016627 0.009108
53 0.812500 0.657820 0.014824 0.008480
53 0.812099 0.648555 0.014423 0.009422
53 0.821715 0.630810 0.021635 0.010364
53 0.847857 0.697550 0.012220 0.027638
4 0.893229 0.685459 0.003205 0.005339
53 0.896835 0.691583 0.016426 0.028266
53 0.922776 0.670383 0.021034 0.016646
53 0.948818 0.690013 0.016226 0.022613
51 0.755108 0.599717 0.125601 0.103329
5 0.689804 0.596734 0.003405 0.005025
5 0.686298 0.592180 0.002804 0.004083
5 0.678586 0.595163 0.005809 0.003141
5 0.677684 0.592180 0.004407 0.002827
5 0.696715 0.565484 0.002804 0.004711
4 0.680489 0.588568 0.005609 0.003769
4 0.682292 0.581815 0.006010 0.003455
5 0.661759 0.595949 0.005409 0.004083
5 0.651743 0.596263 0.003806 0.002827
5 0.663862 0.587469 0.003606 0.004083
5 0.647035 0.595949 0.004006 0.003455
5 0.651242 0.605214 0.002804 0.003769
5 0.648037 0.605057 0.003606 0.002827
5 0.648838 0.602073 0.004407 0.002513
5 0.650541 0.600188 0.004207 0.001884
5 0.655248 0.587155 0.004808 0.002827
5 0.649239 0.589510 0.003205 0.003141
5 0.649439 0.586998 0.002804 0.003141
5 0.650140 0.585427 0.003806 0.003769
5 0.545172 0.659548 0.005008 0.002513
48 0.577324 0.674937 0.104167 0.062814
5 0.502103 0.508794 0.005409 0.003769
5 0.509215 0.501413 0.004808 0.002827
5 0.512119 0.546639 0.003005 0.004711
5 0.527744 0.506910 0.003806 0.003141
5 0.546174 0.511778 0.004207 0.002827
5 0.563502 0.522770 0.004006 0.002827
4 0.552384 0.519158 0.004207 0.002513
4 0.529948 0.513662 0.005008 0.002198
5 0.575921 0.520100 0.004407 0.003141
5 0.597857 0.532035 0.005008 0.002513
5 0.602564 0.533449 0.004407 0.002198
5 0.636218 0.542871 0.003205 0.004711
5 0.643830 0.546011 0.002404 0.004083
5 0.649439 0.561872 0.003606 0.003141
5 0.651542 0.548210 0.004207 0.002198
5 0.652344 0.545854 0.003806 0.002513
5 0.660557 0.551036 0.004207 0.004711
5 0.658754 0.555905 0.003806 0.004397
5 0.651242 0.583072 0.004006 0.004083
5 0.646434 0.572864 0.002404 0.004397
5 0.656250 0.581187 0.004808 0.002198
5 0.656450 0.583229 0.004006 0.001884
5 0.648137 0.567682 0.004207 0.002827
5 0.653846 0.571765 0.003606 0.003455
5 0.657853 0.576476 0.004407 0.002198
5 0.658353 0.573964 0.003806 0.002198
5 0.660757 0.569881 0.004607 0.002827
5 0.660357 0.567525 0.003806 0.001884
5 0.661158 0.565484 0.004207 0.002198
5 0.663161 0.558731 0.004207 0.001884
5 0.663862 0.556376 0.004407 0.002198
5 0.662059 0.560773 0.003205 0.002198
5 0.665365 0.580559 0.003005 0.003455
5 0.671274 0.563128 0.004006 0.003769
5 0.670673 0.565170 0.004006 0.003455
5 0.668369 0.572079 0.005008 0.004083
5 0.666566 0.578203 0.003405 0.002513
5 0.667167 0.575848 0.004207 0.002198
5 0.667268 0.573964 0.003606 0.002198
48 0.951522 0.016803 0.014824 0.014133
5 0.943510 0.003769 0.004808 0.002513
6 0.951823 0.040358 0.003405 0.006595
5 0.949920 0.046796 0.002804 0.005025
5 0.963942 0.027324 0.004808 0.002513
5 0.964343 0.024026 0.004407 0.002827
5 0.964643 0.021357 0.004207 0.002513
5 0.938602 0.011307 0.005008 0.003141
5 0.931991 0.012877 0.002604 0.005653
5 0.934195 0.013976 0.002204 0.004711
5 0.918069 0.010207 0.002804 0.004711
5 0.921875 0.003612 0.004407 0.002198
5 0.922776 0.010678 0.002604 0.003769
5 0.907552 0.014761 0.003405 0.001884
5 0.847756 0.010207 0.004407 0.002198
5 0.859575 0.007538 0.003205 0.001884
5 0.878906 0.005025 0.004607 0.001884
5 0.886518 0.008637 0.004607 0.002198
6 0.882612 0.063599 0.002404 0.005339
6 0.881510 0.076005 0.003005 0.005025
5 0.878305 0.089196 0.002604 0.004397
6 0.873097 0.105685 0.002604 0.005967
5 0.896635 0.125628 0.004407 0.003769
5 0.904046 0.133637 0.002404 0.004711
5 0.902845 0.139918 0.002404 0.004711
5 0.901743 0.146200 0.002604 0.004711
5 0.900841 0.152324 0.002404 0.004397
9 0.899439 0.160019 0.003205 0.005339
5 0.898838 0.165358 0.002404 0.004083
5 0.905248 0.123430 0.004407 0.002513
5 0.904948 0.120760 0.004607 0.002827
5 0.905349 0.118090 0.004207 0.002513
5 0.905950 0.115421 0.003806 0.002198
5 0.906651 0.112594 0.004407 0.002198
6 0.897236 0.110553 0.002404 0.005025
5 0.906951 0.109611 0.004207 0.002513
5 0.898438 0.105057 0.002404 0.004711
5 0.907352 0.107098 0.004207 0.002513
5 0.899139 0.100031 0.002604 0.003455
5 0.907652 0.103800 0.004006 0.002827
5 0.902644 0.093750 0.003606 0.004083
5 0.906751 0.089824 0.003405 0.003769
5 0.910457 0.085741 0.003606 0.003769
5 0.914363 0.081815 0.004207 0.004083
5 0.917468 0.078518 0.003205 0.003769
5 0.920673 0.074906 0.003205 0.004083
5 0.924379 0.070666 0.003405 0.003769
5 0.775040 0.728643 0.002404 0.004397
9 0.806390 0.803392 0.002604 0.005025
5 0.805689 0.797425 0.002404 0.004397
5 0.686799 0.888034 0.003405 0.003455
5 0.686799 0.890389 0.003005 0.002513
9 0.842047 0.940013 0.005809 0.003769
5 0.873598 0.935144 0.004808 0.002827
5 0.864283 0.931062 0.004207 0.002827
9 0.854167 0.922111 0.003606 0.006281
48 0.834335 0.926822 0.014824 0.013191
5 0.866587 0.909234 0.002003 0.003769
48 0.875501 0.913945 0.014623 0.016332
48 0.856470 0.912060 0.013021 0.014447
48 0.865184 0.899655 0.008814 0.010364
48 0.895833 0.918813 0.008413 0.010992
48 0.901843 0.910804 0.013622 0.012563
48 0.941406 0.914887 0.013822 0.011935
48 0.957732 0.896357 0.010817 0.007538
48 0.974459 0.904994 0.013021 0.015389
48 0.993089 0.945509 0.013822 0.016018
48 0.954728 0.955088 0.039663 0.023869
48 0.984575 0.959014 0.024439 0.010992
48 0.957833 0.911746 0.016226 0.011307
48 0.953125 0.905622 0.008814 0.009108
48 0.906350 0.889133 0.019832 0.014447
48 0.920473 0.889918 0.010417 0.007852
48 0.963441 0.874372 0.011018 0.007538
48 0.955429 0.861181 0.009014 0.011307
48 0.932091 0.879240 0.010417 0.010992
48 0.973758 0.859453 0.022436 0.012877
5 0.992788 0.837783 0.002404 0.004711
5 0.952023 0.831501 0.003005 0.005339
48 0.959936 0.842337 0.004808 0.006910
48 0.965845 0.833543 0.010617 0.018216
48 0.971655 0.823650 0.008614 0.009108
48 0.958734 0.820823 0.010817 0.010992
5 0.942909 0.814070 0.002404 0.004397
5 0.946414 0.804020 0.002604 0.004397
9 0.940204 0.803863 0.002604 0.005967
5 0.944611 0.786275 0.003405 0.003455
5 0.944211 0.780779 0.004207 0.004397
5 0.942107 0.777167 0.002804 0.004083
5 0.935397 0.769943 0.002604 0.005339
5 0.933293 0.755496 0.002003 0.004711
5 0.928385 0.758009 0.004207 0.002827
5 0.938602 0.757852 0.002204 0.005025
48 0.947917 0.887249 0.011218 0.013191
48 0.994091 0.901696 0.011819 0.014447
48 0.942909 0.873744 0.004808 0.008794
48 0.895934 0.870289 0.015024 0.011935
48 0.906651 0.865578 0.004006 0.010050
48 0.915665 0.866049 0.013622 0.016646
48 0.930288 0.864950 0.013221 0.013191
48 0.937400 0.860082 0.005008 0.008480
48 0.987480 0.850817 0.008614 0.009422
48 0.982572 0.830873 0.006010 0.007224
48 0.952925 0.797425 0.009615 0.005653
48 0.959435 0.807004 0.017428 0.016018
48 0.954828 0.790515 0.021835 0.013191
48 0.980970 0.791614 0.006010 0.009736
48 0.992588 0.828989 0.006010 0.012249
48 0.969952 0.776225 0.008413 0.009108
48 0.986679 0.777952 0.011819 0.010050
48 0.949419 0.777481 0.008213 0.009108
48 0.955228 0.759265 0.019832 0.020415
48 0.918269 0.763191 0.017228 0.019472
5 0.939103 0.769786 0.002804 0.006910
48 0.990685 0.727073 0.007011 0.009422
48 0.980168 0.746859 0.007612 0.010050
5 0.898838 0.750785 0.005208 0.002827
5 0.864483 0.767274 0.002604 0.005653
48 0.878105 0.769158 0.008614 0.011307
48 0.877704 0.778423 0.012620 0.014761
48 0.918470 0.776696 0.004808 0.003769
5 0.873197 0.803549 0.002404 0.004711
48 0.883614 0.798838 0.019231 0.014133
48 0.910657 0.805905 0.014022 0.020729
5 0.881811 0.847519 0.002804 0.004711
5 0.880108 0.837312 0.002204 0.003769
48 0.891026 0.848618 0.011218 0.013191
48 0.892829 0.832286 0.026042 0.019472
48 0.909255 0.849089 0.009215 0.012877
48 0.898638 0.848618 0.004006 0.005025
48 0.940505 0.843122 0.004407 0.004711
48 0.927484 0.839353 0.016827 0.016018
48 0.915665 0.842337 0.009615 0.010678
48 0.935597 0.816897 0.007412 0.006281
48 0.880008 0.895572 0.006010 0.006595
48 0.874099 0.892745 0.008213 0.008480
48 0.862179 0.888976 0.006410 0.009108
48 0.869892 0.874843 0.016627 0.017902
48 0.845954 0.898398 0.007212 0.008480
48 0.849659 0.882067 0.016226 0.017902
48 0.859776 0.878612 0.004407 0.007852
48 0.859675 0.870917 0.005809 0.006281
48 0.830429 0.883637 0.016627 0.019786
5 0.824419 0.872644 0.004607 0.002827
48 0.823017 0.875942 0.006611 0.003769
48 0.863181 0.921168 0.004407 0.006281
48 0.844952 0.922425 0.006410 0.006281
48 0.923678 0.904523 0.004407 0.006910
5 0.942107 0.715609 0.003205 0.005339
48 0.962139 0.735239 0.005208 0.007538
48 0.976262 0.709485 0.010216 0.006910
48 0.979567 0.715609 0.004808 0.007852
48 0.969952 0.730371 0.007212 0.007224
48 0.949119 0.723461 0.018029 0.020415
9 0.940004 0.745760 0.007812 0.003455
5 0.951823 0.743090 0.003405 0.001884
48 0.932492 0.729900 0.010417 0.009422
48 0.924079 0.715609 0.005208 0.004711
48 0.897937 0.743405 0.005409 0.010678
48 0.886018 0.742619 0.008814 0.013505
48 0.871094 0.743090 0.010617 0.005653
48 0.861579 0.743876 0.018830 0.018530
48 0.846855 0.750942 0.010617 0.008794
48 0.852764 0.769472 0.013221 0.013191
48 0.842147 0.773869 0.014022 0.013819
48 0.861478 0.797268 0.010216 0.012249
48 0.850761 0.806533 0.010417 0.008794
48 0.834034 0.795697 0.005809 0.009108
48 0.862380 0.821451 0.022436 0.022299
48 0.848157 0.854900 0.011619 0.016960
48 0.860978 0.854114 0.011619 0.016018
48 0.869291 0.845634 0.013822 0.022927
48 0.841446 0.841866 0.005008 0.005967
48 0.853365 0.839981 0.007212 0.005339
48 0.827524 0.855371 0.016426 0.017902
48 0.822316 0.821608 0.016026 0.015075
48 0.832031 0.840295 0.004607 0.005967
48 0.819712 0.835898 0.017228 0.016018
48 0.809896 0.793185 0.006811 0.005967
48 0.819611 0.790829 0.008213 0.010050
48 0.818710 0.802921 0.017628 0.021043
48 0.827524 0.776382 0.005609 0.007538
48 0.826623 0.783291 0.011819 0.006281
48 0.803285 0.820509 0.005208 0.004711
48 0.685797 0.868090 0.005409 0.003141
48 0.996394 0.856470 0.007212 0.020101
48 0.994992 0.803235 0.007212 0.007224
48 0.995893 0.761778 0.008213 0.023555
48 0.970653 0.686715 0.006210 0.007224
48 0.971154 0.695666 0.008814 0.013191
5 0.963041 0.673210 0.002604 0.005339
48 0.983273 0.693938 0.011819 0.010992
48 0.982772 0.685773 0.009215 0.007852
48 0.992388 0.686715 0.012019 0.011621
48 0.970753 0.677921 0.008013 0.009736
48 0.963742 0.575691 0.032051 0.048995
48 0.916566 0.561558 0.030248 0.047111
48 0.906050 0.506124 0.032853 0.029209
48 0.774339 0.517431 0.030248 0.045540
5 0.795373 0.465452 0.002604 0.004397
5 0.790264 0.462940 0.003205 0.005653
5 0.788462 0.468593 0.002804 0.005025
6 0.794071 0.471106 0.003205 0.005025
5 0.810497 0.460898 0.004808 0.002827
5 0.812300 0.463411 0.004808 0.002827
5 0.783353 0.476288 0.004207 0.002827
5 0.781651 0.483354 0.004407 0.003141
5 0.780449 0.484925 0.004407 0.003141
5 0.786559 0.493090 0.004207 0.003141
5 0.800381 0.494190 0.004607 0.003455
5 0.779647 0.487908 0.004808 0.002827
9 0.773037 0.475974 0.004006 0.007224
5 0.814002 0.498744 0.004607 0.003141
5 0.801583 0.505496 0.004607 0.002827
5 0.805689 0.507067 0.004407 0.002827
5 0.804988 0.509108 0.004607 0.002513
5 0.804487 0.511621 0.005208 0.003769
5 0.799179 0.512406 0.004607 0.003455
5 0.803786 0.513976 0.004607 0.003455
5 0.803285 0.516018 0.004808 0.003141
9 0.790765 0.516489 0.002604 0.004711
5 0.802083 0.518216 0.004808 0.003141
5 0.795974 0.522456 0.004207 0.002827
5 0.794972 0.525126 0.005008 0.003769
5 0.787159 0.527324 0.003005 0.005653
5 0.798678 0.528580 0.004407 0.003141
5 0.806691 0.527010 0.002804 0.004397
5 0.804788 0.531564 0.003005 0.004711
5 0.793369 0.529680 0.003806 0.002827
5 0.792768 0.531878 0.004607 0.003455
5 0.791767 0.533763 0.004607 0.002827
5 0.797676 0.533606 0.005208 0.003769
5 0.756611 0.539730 0.002404 0.004083
5 0.761218 0.541771 0.002804 0.004397
5 0.765825 0.542242 0.002404 0.004083
5 0.770833 0.544284 0.002804 0.004397
5 0.781450 0.547582 0.002804 0.004083
5 0.809395 0.556847 0.002204 0.004397
5 0.816406 0.559359 0.002604 0.004397
5 0.827324 0.561872 0.002003 0.003141
5 0.841346 0.566269 0.002404 0.004397
5 0.855068 0.570666 0.002604 0.004397
5 0.859475 0.572236 0.002604 0.004397
5 0.861779 0.573178 0.002804 0.005025
5 0.868289 0.575063 0.003005 0.005025
5 0.875300 0.577418 0.003005 0.004711
5 0.876302 0.567525 0.003005 0.005025
5 0.883313 0.579460 0.003005 0.005025
5 0.893830 0.572393 0.002804 0.004083
5 0.889223 0.564541 0.004808 0.004083
5 0.889924 0.562343 0.004207 0.002827
5 0.888121 0.554177 0.004207 0.003455
5 0.892628 0.554805 0.003205 0.002827
5 0.901342 0.549937 0.003005 0.004397
5 0.890224 0.546168 0.003606 0.003141
5 0.894932 0.547582 0.004207 0.003455
5 0.892027 0.541457 0.004006 0.002513
5 0.896034 0.545069 0.004006 0.002827
5 0.896434 0.542714 0.004407 0.003141
5 0.897837 0.540829 0.004808 0.003141
5 0.898237 0.538317 0.004006 0.002513
5 0.894030 0.534862 0.004407 0.003141
5 0.899139 0.536275 0.004607 0.003455
5 0.893730 0.530151 0.004207 0.003769
5 0.896334 0.583543 0.003005 0.005025
5 0.907452 0.587312 0.002804 0.004397
5 0.915966 0.589981 0.003005 0.004083
5 0.928285 0.593436 0.002804 0.004711
5 0.930789 0.594378 0.002604 0.004711
5 0.937500 0.596577 0.002404 0.004711
5 0.939704 0.597362 0.002804 0.005025
5 0.948417 0.600031 0.002604 0.004711
5 0.953025 0.600817 0.002604 0.004397
5 0.964443 0.602858 0.002604 0.004711
5 0.974259 0.603800 0.002204 0.004711
5 0.932292 0.532192 0.002404 0.003455
5 0.929888 0.532349 0.002404 0.004397
5 0.915465 0.526853 0.002404 0.004083
5 0.913562 0.525597 0.002604 0.004083
5 0.901843 0.522456 0.002804 0.004711
5 0.892127 0.519629 0.002604 0.004083
5 0.889824 0.519315 0.003606 0.004711
5 0.887821 0.518373 0.002804 0.004711
5 0.885316 0.517745 0.003405 0.005339
5 0.883413 0.516960 0.002404 0.004397
5 0.881110 0.516332 0.003005 0.005025
5 0.869291 0.516018 0.003806 0.002513
5 0.864383 0.514447 0.004808 0.002513
5 0.850060 0.510207 0.004607 0.003455
5 0.842448 0.507538 0.004207 0.003141
5 0.979768 0.579146 0.002804 0.003769
5 0.985978 0.590609 0.002404 0.004711
5 0.986679 0.581815 0.004207 0.003455
5 0.983674 0.553078 0.003806 0.003769
5 0.983674 0.545069 0.002604 0.004711
5 0.976763 0.542242 0.002404 0.004083
5 0.974359 0.541928 0.002804 0.004711
5 0.971955 0.540986 0.003205 0.005339
5 0.969551 0.540201 0.002404 0.004397
5 0.980168 0.528109 0.004006 0.002827
5 0.980970 0.526068 0.003606 0.002513
5 0.981771 0.523869 0.004407 0.003141
5 0.982372 0.521200 0.004808 0.003455
5 0.974059 0.523555 0.003405 0.005653
5 0.975861 0.517274 0.002204 0.004397
5 0.977063 0.514447 0.003005 0.001884
5 0.978666 0.508009 0.003005 0.004711
5 0.984275 0.484454 0.004607 0.002827
5 0.926282 0.483354 0.005208 0.003141
5 0.908854 0.101288 0.004006 0.003455
5 0.910156 0.098461 0.003405 0.003455
5 0.912360 0.096734 0.003405 0.003141
5 0.913662 0.095163 0.004006 0.003769
5 0.915064 0.092808 0.003606 0.003455
5 0.917468 0.091237 0.003606 0.003455
5 0.934996 0.097990 0.004207 0.004397
5 0.920573 0.086369 0.003405 0.003769
5 0.922576 0.084642 0.003405 0.004083
5 0.924479 0.082758 0.003205 0.004083
5 0.926382 0.081501 0.003405 0.003455
5 0.927484 0.079303 0.003606 0.003455
5 0.951322 0.077261 0.003205 0.004397
5 0.949319 0.081972 0.003205 0.003769
5 0.928886 0.077104 0.003205 0.003455
5 0.930789 0.075534 0.003405 0.002827
5 0.932392 0.073649 0.003005 0.002827
5 0.936799 0.067211 0.003405 0.003141
5 0.939103 0.064698 0.003606 0.003141
5 0.952123 0.056376 0.004808 0.002198
5 0.958233 0.056847 0.004607 0.002513
5 0.882212 0.121074 0.004407 0.002827
5 0.886919 0.122644 0.004207 0.003455
5 0.891927 0.123587 0.004207 0.002827
5 0.896735 0.116363 0.002204 0.004711
48 0.928586 0.131753 0.013822 0.017274
5 0.936899 0.127827 0.004407 0.002513
5 0.936699 0.123430 0.004407 0.002513
5 0.935897 0.119975 0.004407 0.003141
5 0.925381 0.111181 0.003005 0.004397
5 0.930489 0.110553 0.004407 0.002513
9 0.932592 0.101445 0.004607 0.005653
5 0.933994 0.105371 0.004207 0.004083
5 0.935697 0.103329 0.004006 0.003769
5 0.950621 0.107569 0.003005 0.004711
5 0.947816 0.111966 0.003005 0.004711
5 0.965845 0.122802 0.003806 0.005025
5 0.968049 0.118719 0.002604 0.004397
48 0.971655 0.061244 0.017027 0.011307
48 0.954026 0.119504 0.018630 0.013505
48 0.982873 0.101916 0.034255 0.054334
48 0.967348 0.094535 0.036859 0.049623
5 0.928085 0.462312 0.002003 0.003769
9 0.927384 0.442368 0.001803 0.004083
9 0.926883 0.437657 0.002804 0.005339
5 0.925381 0.426351 0.002204 0.004083
5 0.923978 0.416143 0.002204 0.005025
5 0.925381 0.421796 0.002204 0.004397
48 0.904347 0.420540 0.007812 0.006281
48 0.902244 0.408448 0.007612 0.007224
48 0.900240 0.396985 0.009615 0.016960
48 0.908153 0.443781 0.014223 0.043342
48 0.919471 0.439227 0.014824 0.049309
5 0.910457 0.408448 0.002404 0.004711
5 0.915064 0.413788 0.005208 0.002827
5 0.918670 0.410333 0.004808 0.002827
5 0.917468 0.407192 0.002404 0.004083
5 0.907552 0.393216 0.001803 0.003769
48 0.915365 0.401539 0.012220 0.009736
5 0.916767 0.386307 0.004207 0.002513
48 0.914062 0.393059 0.012420 0.009108
48 0.902043 0.376727 0.019631 0.010992
48 0.898538 0.385521 0.008213 0.008480
5 0.907552 0.382067 0.002204 0.003455
5 0.914964 0.358197 0.001803 0.004083
5 0.910857 0.347833 0.002404 0.004711
5 0.910256 0.330402 0.002003 0.005025
5 0.912560 0.325377 0.001803 0.003141
5 0.909355 0.312657 0.003005 0.005339
5 0.911959 0.309673 0.002204 0.005025
5 0.907652 0.292557 0.002404 0.004711
48 0.937700 0.451790 0.018429 0.021671
48 0.954227 0.449749 0.019431 0.022613
48 0.971254 0.446765 0.019431 0.022927
48 0.937901 0.437657 0.020433 0.010364
48 0.935296 0.430119 0.016426 0.010364
48 0.951222 0.435302 0.007412 0.008166
48 0.957232 0.434202 0.005809 0.009736
48 0.963241 0.433417 0.008614 0.010050
48 0.970553 0.432318 0.007212 0.009108
48 0.975861 0.431376 0.004607 0.008480
48 0.985677 0.451319 0.011819 0.009422
48 0.982672 0.438756 0.009014 0.008166
48 0.981871 0.431533 0.009014 0.008166
48 0.932392 0.419284 0.014223 0.015704
5 0.882712 0.069567 0.002604 0.004711
5 0.896935 0.172268 0.002204 0.004083
5 0.938802 0.024655 0.005008 0.004083
5 0.963642 0.029994 0.004607 0.002827
5 0.944311 0.026382 0.005208 0.003141
5 0.942208 0.017902 0.003005 0.005025
48 0.837740 0.246231 0.091346 0.162060
5 0.884716 0.270572 0.002204 0.004083
5 0.881711 0.265232 0.004207 0.002198
5 0.882111 0.262563 0.004607 0.002513
5 0.881510 0.260207 0.004207 0.002198
5 0.881310 0.257381 0.003806 0.002827
5 0.881811 0.254554 0.004006 0.002827
5 0.881110 0.245760 0.004207 0.002198
5 0.882612 0.225031 0.004407 0.002827
5 0.882111 0.218750 0.005008 0.002827
5 0.907151 0.282192 0.001803 0.004711
9 0.909555 0.278423 0.002204 0.004711
5 0.906150 0.267431 0.003005 0.004083
5 0.906651 0.277324 0.002003 0.004397
5 0.905950 0.261149 0.001803 0.004711
5 0.905549 0.256124 0.003005 0.003455
5 0.904848 0.245760 0.002003 0.004711
5 0.905048 0.250942 0.002003 0.005025
5 0.904046 0.236966 0.002003 0.004711
9 0.891827 0.201947 0.002804 0.006281
5 0.881010 0.192682 0.004407 0.002827
5 0.882812 0.187500 0.004808 0.003769
5 0.932692 0.149340 0.003606 0.004083
9 0.916867 0.153423 0.002404 0.005967
5 0.919872 0.154366 0.004006 0.002198
5 0.920272 0.143373 0.004808 0.002198
5 0.920172 0.141175 0.004607 0.002198
5 0.919772 0.131753 0.002204 0.004083
5 0.920773 0.146514 0.004607 0.002827
5 0.765725 0.209956 0.002204 0.004711
9 0.762420 0.222676 0.003205 0.006281
9 0.759215 0.266175 0.002003 0.005339
9 0.751302 0.281878 0.003806 0.005339
9 0.761318 0.274183 0.004607 0.002513
5 0.760817 0.276696 0.004006 0.001884
5 0.760216 0.279366 0.003606 0.002198
5 0.755809 0.305433 0.002404 0.004711
5 0.752905 0.316269 0.002204 0.004397
5 0.745693 0.329146 0.003005 0.005025
5 0.750701 0.324592 0.002604 0.004711
5 0.749499 0.328832 0.002604 0.004397
5 0.747997 0.334799 0.002804 0.005025
5 0.746595 0.340766 0.002404 0.004397
9 0.739884 0.363693 0.006210 0.014447
5 0.733974 0.386307 0.003205 0.005025
5 0.730569 0.400597 0.002404 0.004711
9 0.720152 0.441583 0.006811 0.011307
5 0.714243 0.445509 0.002204 0.004711
5 0.732772 0.430119 0.004006 0.004083
5 0.749099 0.435930 0.004607 0.003141
48 0.928586 0.397770 0.017829 0.019786
5 0.927384 0.458857 0.001803 0.003141
5 0.927083 0.456344 0.002003 0.003141
5 0.908654 0.400126 0.002003 0.003769
5 0.909155 0.404209 0.001803 0.003769
5 0.913261 0.407506 0.001603 0.002827
5 0.915264 0.406878 0.001603 0.002827
9 0.964343 0.369347 0.006410 0.003141
5 0.954728 0.363065 0.004407 0.003141
5 0.959435 0.362280 0.004607 0.002198
5 0.935998 0.236338 0.005008 0.003455
5 0.941106 0.237280 0.004407 0.002198
5 0.953626 0.245760 0.004207 0.002827
9 0.959034 0.245446 0.006210 0.002827
5 0.974559 0.254083 0.004006 0.001884
5 0.974459 0.251884 0.004207 0.002513
5 0.962841 0.226445 0.002204 0.005025
5 0.962240 0.214981 0.002204 0.005339
5 0.961639 0.203832 0.002204 0.004397
5 0.961138 0.198021 0.002404 0.004711
5 0.960938 0.193153 0.002804 0.004397
5 0.935497 0.212783 0.004808 0.002827
5 0.927885 0.188599 0.004006 0.002827
5 0.938401 0.188285 0.004607 0.002827
9 0.908754 0.197393 0.005008 0.003455
5 0.913662 0.197864 0.004407 0.002513
5 0.944111 0.187500 0.004407 0.001884
5 0.959135 0.172111 0.002404 0.005025
5 0.959836 0.177764 0.002204 0.003769
5 0.958233 0.154209 0.002204 0.004397
48 0.953526 0.161903 0.007612 0.006595
48 0.953425 0.155622 0.007412 0.007224
48 0.945813 0.156093 0.007812 0.006910
48 0.945813 0.162845 0.009014 0.006595
48 0.936599 0.156878 0.011418 0.007852
48 0.938101 0.163317 0.007612 0.006281
48 0.930088 0.163474 0.008413 0.005967
48 0.926482 0.156093 0.009615 0.011935
48 0.978966 0.350188 0.004407 0.006910
48 0.975260 0.350974 0.003806 0.006595
48 0.971855 0.350817 0.003806 0.007538
48 0.968750 0.351131 0.004006 0.007538
48 0.964944 0.350974 0.003606 0.007224
48 0.961238 0.351288 0.004207 0.007224
48 0.979167 0.357255 0.003606 0.007224
48 0.976262 0.357412 0.003806 0.006910
48 0.972857 0.357883 0.003405 0.006595
48 0.968950 0.358197 0.004808 0.007224
48 0.965345 0.357726 0.004006 0.006910
48 0.962139 0.358197 0.003205 0.006595
48 0.957833 0.351916 0.003806 0.005967
48 0.958333 0.358354 0.004407 0.006910
48 0.954427 0.351602 0.004607 0.007224
48 0.954728 0.358668 0.004006 0.006910
48 0.950421 0.352073 0.004207 0.006910
48 0.951022 0.358982 0.004207 0.006910
48 0.946715 0.352701 0.003606 0.007538
48 0.947516 0.358982 0.003606 0.006910
48 0.942508 0.353172 0.006010 0.007224
48 0.943610 0.359768 0.005809 0.006595
48 0.936098 0.352544 0.006811 0.005339
48 0.936298 0.359611 0.008814 0.009422
48 0.929587 0.366206 0.009816 0.022613
48 0.920473 0.366677 0.009615 0.022927
48 0.923377 0.383637 0.010216 0.012249
48 0.931190 0.382852 0.007812 0.011935
48 0.938201 0.395101 0.004607 0.008166
48 0.939002 0.402010 0.004607 0.006910
48 0.941607 0.394472 0.003405 0.008166
48 0.942809 0.401225 0.004207 0.005967
48 0.946314 0.400440 0.004006 0.006910
48 0.950020 0.399969 0.004207 0.006595
48 0.953826 0.399655 0.004207 0.006595
48 0.957532 0.398869 0.004808 0.006910
48 0.961839 0.398555 0.005008 0.007538
48 0.957532 0.392431 0.005609 0.008480
48 0.954026 0.392431 0.004207 0.007852
48 0.950321 0.393059 0.004808 0.007852
48 0.945212 0.393844 0.005409 0.008166
48 0.961639 0.391332 0.004207 0.007538
48 0.965445 0.397927 0.004207 0.006910
48 0.965345 0.390861 0.004808 0.007852
48 0.969551 0.397299 0.005609 0.006910
48 0.973858 0.396671 0.003806 0.006281
48 0.969151 0.390232 0.005208 0.007852
48 0.973458 0.389604 0.005809 0.007852
48 0.977764 0.396200 0.005208 0.006595
48 0.982472 0.395415 0.004607 0.006281
48 0.981971 0.388191 0.013622 0.010050
48 0.978566 0.409862 0.008814 0.008794
48 0.982071 0.416614 0.003806 0.009108
48 0.978766 0.417399 0.005208 0.008794
48 0.970653 0.410804 0.007812 0.008794
48 0.965044 0.411589 0.004607 0.008480
48 0.961038 0.412217 0.005008 0.007852
48 0.956831 0.412688 0.004207 0.008166
48 0.953025 0.413160 0.004207 0.008480
48 0.949219 0.413631 0.004607 0.007538
48 0.945112 0.414573 0.004407 0.007538
48 0.940705 0.415044 0.004808 0.008480
48 0.945112 0.422582 0.008013 0.009108
48 0.951122 0.421796 0.006811 0.008794
48 0.913361 0.236966 0.010216 0.006595
48 0.921975 0.237751 0.007412 0.008794
48 0.913662 0.244190 0.010016 0.007852
48 0.922276 0.246074 0.007612 0.008480
48 0.914463 0.252356 0.010016 0.008480
48 0.922676 0.253298 0.007212 0.006595
48 0.915064 0.261935 0.010417 0.011307
48 0.915465 0.273241 0.010417 0.011935
48 0.916266 0.283920 0.010417 0.010050
48 0.916767 0.293499 0.010216 0.009736
48 0.917468 0.302293 0.010016 0.007852
48 0.918470 0.312814 0.011218 0.013191
48 0.918970 0.324121 0.010617 0.009422
48 0.927885 0.320823 0.008013 0.007852
48 0.920573 0.352544 0.010216 0.005339
48 0.920573 0.347205 0.010617 0.005967
48 0.929287 0.352858 0.007212 0.004711
48 0.929087 0.347362 0.006811 0.006910
48 0.928886 0.339824 0.007612 0.009422
48 0.920172 0.338882 0.009816 0.004397
48 0.920172 0.334328 0.009816 0.004711
48 0.935697 0.340295 0.006410 0.007224
48 0.944010 0.339667 0.011018 0.007852
48 0.951522 0.339824 0.004808 0.008166
48 0.955529 0.339039 0.004808 0.007224
48 0.920272 0.342965 0.009615 0.003769
48 0.967248 0.152638 0.006611 0.009422
48 0.967548 0.160961 0.006010 0.007852
48 0.974259 0.140704 0.008614 0.005025
48 0.972957 0.149969 0.008013 0.015389
48 0.973057 0.161589 0.007011 0.005339
48 0.927885 0.121074 0.011619 0.004711
48 0.929087 0.115264 0.013221 0.008794
5 0.938902 0.101916 0.004006 0.004083
5 0.945713 0.116834 0.004006 0.005025
48 0.941006 0.108040 0.011418 0.009422
5 0.885016 0.061244 0.002404 0.003769
5 0.926983 0.066897 0.002604 0.003769
5 0.934796 0.071922 0.003405 0.003769
5 0.941106 0.063442 0.004808 0.004397
5 0.942909 0.060616 0.004006 0.003769
5 0.852664 0.157663 0.002204 0.005025
5 0.855268 0.158606 0.002204 0.003769
5 0.857772 0.159234 0.002404 0.004397
5 0.844852 0.155308 0.002204 0.004083
5 0.841747 0.154837 0.002404 0.004397
5 0.838742 0.147927 0.002404 0.004397
5 0.860076 0.160490 0.002204 0.003769
5 0.875200 0.164259 0.002003 0.003141
5 0.864283 0.162688 0.002204 0.003141
5 0.939103 0.149183 0.004407 0.004397
5 0.943109 0.149497 0.004407 0.003769
5 0.947015 0.149183 0.003806 0.004397
5 0.920172 0.138976 0.004607 0.002827
5 0.920673 0.135521 0.002003 0.004083
48 0.958834 0.134736 0.006611 0.008166
48 0.926282 0.145101 0.007612 0.010678
48 0.943109 0.142588 0.026843 0.007538
48 0.945112 0.135521 0.022035 0.008480
5 0.959736 0.181376 0.002003 0.003455
48 0.930489 0.177450 0.007212 0.008166
5 0.929988 0.169755 0.004207 0.002827
48 0.936799 0.176508 0.006210 0.008166
48 0.943309 0.175879 0.007612 0.007538
48 0.948618 0.175565 0.004207 0.007538
48 0.952123 0.175408 0.003606 0.007224
48 0.956230 0.175094 0.005008 0.007852
48 0.952424 0.182946 0.003806 0.007852
48 0.956631 0.182789 0.005809 0.008166
48 0.920172 0.185616 0.008213 0.010678
48 0.923878 0.173681 0.008413 0.013819
48 0.928085 0.184202 0.007612 0.007224
48 0.941206 0.183731 0.019832 0.008166
48 0.921174 0.197079 0.009014 0.012249
48 0.927885 0.198021 0.005609 0.009108
48 0.932191 0.197079 0.004607 0.008480
48 0.936298 0.196765 0.004407 0.008480
48 0.940605 0.196765 0.005008 0.008480
48 0.947316 0.196451 0.008013 0.007852
48 0.920773 0.207601 0.008213 0.008794
48 0.926983 0.205716 0.006210 0.006910
48 0.932392 0.204931 0.005008 0.007852
48 0.936999 0.204774 0.004607 0.007538
48 0.942007 0.204931 0.006611 0.007852
48 0.948818 0.204303 0.007412 0.007852
48 0.956130 0.204303 0.008814 0.008480
48 0.957933 0.195823 0.004808 0.008480
48 0.953125 0.195980 0.004808 0.008166
48 0.921074 0.216394 0.009215 0.009422
48 0.927684 0.218279 0.004808 0.008166
48 0.932692 0.219064 0.005208 0.010364
48 0.937099 0.220006 0.005609 0.012249
48 0.941707 0.220791 0.005208 0.013819
48 0.945913 0.221263 0.004808 0.015389
48 0.918870 0.223775 0.008013 0.007852
48 0.925381 0.225031 0.007812 0.008480
48 0.930188 0.226445 0.006210 0.008794
48 0.934595 0.226916 0.005809 0.006595
48 0.938301 0.228643 0.005609 0.006910
48 0.941707 0.230057 0.004808 0.006595
48 0.945913 0.231470 0.006010 0.007538
48 0.953626 0.235082 0.007011 0.007852
48 0.952023 0.222990 0.009415 0.018844
48 0.958333 0.216709 0.006010 0.005653
48 0.958434 0.221106 0.006210 0.005025
48 0.958834 0.224560 0.005809 0.003141
48 0.959736 0.234296 0.006010 0.007538
48 0.959435 0.228329 0.005409 0.004397
48 0.954928 0.251256 0.008814 0.008166
48 0.963141 0.251413 0.008413 0.008480
48 0.955729 0.257538 0.009215 0.004397
48 0.963542 0.259893 0.008013 0.007852
48 0.955829 0.264604 0.008213 0.009108
48 0.963642 0.267274 0.008213 0.008166
48 0.956631 0.273084 0.009014 0.007852
48 0.964643 0.273398 0.008213 0.004711
48 0.965244 0.279680 0.008213 0.007224
48 0.965244 0.287060 0.007812 0.007538
48 0.965545 0.292871 0.007612 0.004083
48 0.965845 0.298995 0.007812 0.008794
48 0.966546 0.304805 0.008013 0.003455
48 0.966647 0.310302 0.008213 0.006910
48 0.966847 0.315798 0.007812 0.004083
48 0.967047 0.320038 0.007812 0.004397
48 0.967748 0.323807 0.007212 0.004397
48 0.960036 0.324906 0.008614 0.004083
48 0.959736 0.321294 0.007612 0.003769
48 0.959435 0.316426 0.007412 0.005967
48 0.958534 0.309673 0.008013 0.008166
48 0.958534 0.303706 0.007612 0.003769
48 0.958534 0.298838 0.007212 0.005967
48 0.957833 0.290201 0.007812 0.011935
48 0.957332 0.282349 0.007612 0.003769
48 0.957232 0.278737 0.007812 0.004083
48 0.967849 0.327418 0.007412 0.004083
48 0.967849 0.331344 0.007412 0.003769
48 0.960537 0.332129 0.007612 0.004711
48 0.960437 0.328361 0.007812 0.003455
5 0.961038 0.343279 0.005008 0.001884
48 0.967849 0.334799 0.007412 0.003769
48 0.960837 0.335741 0.007412 0.003769
48 0.961038 0.339981 0.007412 0.005339
48 0.968450 0.339353 0.007412 0.005967
48 0.973357 0.338097 0.003205 0.007224
48 0.976562 0.338097 0.003606 0.007224
48 0.980369 0.337783 0.004006 0.007852
48 0.980769 0.326476 0.008013 0.004083
48 0.980369 0.323021 0.008814 0.003455
48 0.980469 0.319881 0.007812 0.005339
48 0.979868 0.315170 0.007412 0.004083
48 0.979667 0.311401 0.007812 0.004083
48 0.979768 0.307789 0.008814 0.003769
48 0.935697 0.241991 0.008013 0.009736
48 0.941807 0.241520 0.005809 0.005025
48 0.942708 0.247016 0.006410 0.005967
48 0.935998 0.248744 0.007412 0.003769
48 0.943109 0.252356 0.007212 0.004711
48 0.943009 0.256438 0.006611 0.004083
48 0.936098 0.252670 0.007212 0.004083
48 0.936098 0.256595 0.007212 0.003769
48 0.943409 0.262249 0.007011 0.007538
48 0.937200 0.268059 0.007011 0.004711
48 0.944010 0.268059 0.006611 0.004083
48 0.936298 0.262092 0.006811 0.007224
48 0.943910 0.271985 0.006811 0.003769
48 0.944211 0.275911 0.006611 0.004083
48 0.944111 0.279994 0.007212 0.003455
48 0.944411 0.283134 0.006210 0.003455
48 0.937901 0.285490 0.007212 0.007538
48 0.937600 0.280308 0.006611 0.004083
48 0.937500 0.274497 0.006811 0.008166
48 0.944912 0.288788 0.007212 0.007224
48 0.945212 0.298838 0.006611 0.004083
48 0.945212 0.294598 0.007011 0.004397
48 0.938001 0.291143 0.007011 0.003769
48 0.938602 0.295540 0.006611 0.005025
48 0.938702 0.299309 0.006410 0.003141
48 0.945613 0.302293 0.006611 0.003455
48 0.946114 0.306062 0.006811 0.003455
48 0.946314 0.311244 0.007212 0.007538
48 0.938702 0.302764 0.007612 0.003769
48 0.939303 0.309987 0.007212 0.010678
48 0.939904 0.317054 0.007212 0.003455
48 0.940004 0.320666 0.007412 0.003769
48 0.940204 0.324435 0.007412 0.003769
48 0.940505 0.328204 0.007212 0.003769
48 0.927184 0.313442 0.007412 0.006910
48 0.947115 0.327104 0.006410 0.004083
48 0.947216 0.320195 0.006611 0.002827
48 0.946815 0.316897 0.006611 0.003769
48 0.947216 0.323178 0.007011 0.003769
48 0.923277 0.258951 0.007212 0.004711
48 0.923478 0.262092 0.006811 0.003455
48 0.923878 0.265546 0.007612 0.004083
48 0.924179 0.269158 0.007812 0.003769
48 0.924679 0.282977 0.007612 0.004397
48 0.925180 0.287060 0.007812 0.004397
5 0.897636 0.297896 0.002404 0.005339
48 0.925982 0.298524 0.007412 0.007224
48 0.926382 0.304334 0.008614 0.004397
5 0.908454 0.304962 0.002404 0.003769
48 0.925681 0.293499 0.007612 0.003455
48 0.925581 0.290044 0.007412 0.003455
48 0.924780 0.279366 0.007412 0.003455
48 0.924679 0.276068 0.006811 0.003769
48 0.924279 0.272770 0.007212 0.003455
48 0.898638 0.214824 0.012019 0.015704
5 0.904046 0.228957 0.003606 0.002513
5 0.897837 0.205716 0.004407 0.001884
34 0.813902 0.369818 0.056090 0.019158
48 0.937700 0.379711 0.006010 0.008794
48 0.969151 0.375314 0.005208 0.008794
48 0.964643 0.375942 0.005008 0.008794
48 0.961038 0.375942 0.005809 0.008166
5 0.942708 0.371231 0.002404 0.003769
48 0.973157 0.374215 0.005208 0.008480
48 0.958233 0.376884 0.004607 0.009422
48 0.954026 0.377198 0.005409 0.008794
48 0.950321 0.377513 0.004407 0.008794
48 0.944511 0.378612 0.009615 0.009736
48 0.979667 0.373116 0.009014 0.009422
5 0.978466 0.285333 0.004607 0.002827
48 0.977264 0.290201 0.005409 0.006281
48 0.977464 0.297111 0.005409 0.006910
48 0.972756 0.239322 0.008814 0.005653
48 0.890925 0.089510 0.113582 0.150754
9 0.828425 0.392588 0.011418 0.014447
9 0.812901 0.384265 0.006811 0.004083
5 0.835837 0.387877 0.003806 0.003769
5 0.752404 0.384579 0.002404 0.005339
5 0.693710 0.273869 0.004407 0.003141
5 0.679788 0.557475 0.003005 0.004397
42 0.757412 0.345477 0.004808 0.003141
48 0.968149 0.176979 0.007212 0.008480
48 0.969852 0.206501 0.007812 0.004711
48 0.969952 0.202575 0.006811 0.003141
48 0.969451 0.199121 0.007812 0.003769
48 0.969151 0.195666 0.008013 0.003769
48 0.974259 0.175094 0.009014 0.016018
48 0.970353 0.210741 0.006811 0.003769
48 0.971054 0.214196 0.007812 0.003769
48 0.968750 0.183888 0.006811 0.004711
48 0.968850 0.190013 0.007412 0.008166
48 0.921975 0.098461 0.023838 0.022927
48 0.935497 0.085427 0.018029 0.018216
48 0.943610 0.074749 0.014223 0.018216
48 0.943810 0.104428 0.008213 0.007224
48 0.945513 0.102073 0.006811 0.005653
48 0.947015 0.098932 0.007812 0.006281
48 0.948718 0.096263 0.007212 0.005967
48 0.950721 0.093279 0.008413 0.005653
48 0.951723 0.089981 0.007212 0.005339
48 0.954527 0.085741 0.009215 0.010050
48 0.958033 0.077732 0.008213 0.008480
48 0.953826 0.066269 0.021434 0.017588
48 0.907953 0.145572 0.012220 0.027324
48 0.911258 0.125785 0.010016 0.012877
48 0.902244 0.181690 0.014824 0.044912
48 0.899139 0.243876 0.008614 0.010992
48 0.878706 0.235710 0.007412 0.012877
5 0.797476 0.243719 0.002404 0.005025
9 0.840946 0.269472 0.007612 0.003769
5 0.870693 0.276696 0.004607 0.003141
48 0.871494 0.360553 0.035857 0.042085
48 0.843349 0.352701 0.037660 0.041457
48 0.789263 0.409391 0.058494 0.065641
48 0.799079 0.358668 0.056490 0.071608
5 0.974860 0.275754 0.002604 0.003141
48 0.971454 0.226288 0.008213 0.020415
5 0.854567 0.220006 0.001603 0.003455
48 0.674379 0.543499 0.006210 0.007852
48 0.670373 0.541771 0.005409 0.007538
48 0.666466 0.540672 0.004808 0.007224
48 0.663061 0.539887 0.004808 0.006910
48 0.659355 0.538788 0.005809 0.007224
48 0.655349 0.538160 0.004207 0.006595
48 0.677284 0.538160 0.004808 0.004083
48 0.651643 0.536746 0.005609 0.006910
48 0.648037 0.535804 0.005208 0.006910
48 0.644131 0.534548 0.005008 0.006910
48 0.640625 0.533606 0.006010 0.006910
48 0.636218 0.533134 0.005208 0.006595
48 0.631811 0.532349 0.004006 0.005025
48 0.628906 0.531407 0.003405 0.005025
48 0.625801 0.529523 0.005609 0.006910
48 0.621494 0.528423 0.005008 0.007224
48 0.617788 0.527324 0.004006 0.006910
48 0.614784 0.526539 0.005609 0.007224
48 0.611378 0.525283 0.004808 0.007224
48 0.607071 0.524340 0.005809 0.007852
48 0.599760 0.521671 0.012019 0.010050
48 0.589744 0.519629 0.009615 0.008480
48 0.582632 0.517588 0.008213 0.008166
48 0.568109 0.514290 0.009615 0.006595
48 0.560196 0.511307 0.008614 0.008166
48 0.553986 0.509579 0.007412 0.007224
48 0.548377 0.508166 0.006611 0.007538
48 0.543470 0.506910 0.006010 0.007538
5 0.502504 0.503926 0.003005 0.004711
48 0.500601 0.514604 0.006410 0.005339
9 0.644030 0.552764 0.004006 0.005653
5 0.639223 0.549937 0.004407 0.003769
5 0.645633 0.546953 0.003606 0.004083
48 0.628405 0.548681 0.007212 0.005653
48 0.627704 0.552293 0.007412 0.005339
48 0.626302 0.555905 0.007011 0.006281
48 0.625200 0.559830 0.007612 0.005339
48 0.623598 0.563442 0.007612 0.005653
48 0.622095 0.567368 0.006611 0.005967
48 0.618690 0.541143 0.007011 0.006281
48 0.612981 0.539730 0.007612 0.005967
48 0.617288 0.545069 0.005409 0.004711
48 0.611579 0.543813 0.007612 0.005339
48 0.610477 0.547268 0.007812 0.004711
48 0.609275 0.550565 0.007412 0.005025
48 0.606170 0.561558 0.007212 0.005653
48 0.606971 0.557946 0.006410 0.005339
48 0.608073 0.554334 0.006611 0.005653
48 0.614083 0.556062 0.007412 0.005967
48 0.612580 0.559987 0.007612 0.005653
48 0.611679 0.563913 0.006611 0.004711
48 0.616086 0.551036 0.007412 0.008480
48 0.602163 0.536903 0.006410 0.005339
48 0.600861 0.540672 0.007011 0.005339
48 0.599659 0.543813 0.007011 0.005339
48 0.598558 0.547739 0.007212 0.005025
48 0.596054 0.535490 0.008213 0.005653
48 0.594752 0.539259 0.006811 0.005653
48 0.597556 0.551193 0.007212 0.005025
48 0.593149 0.544755 0.007612 0.009108
48 0.591346 0.549623 0.006811 0.005025
48 0.590545 0.552921 0.007212 0.006595
48 0.589243 0.557161 0.007412 0.005025
48 0.596154 0.556847 0.008013 0.009422
48 0.579327 0.530622 0.007612 0.006595
48 0.578025 0.535019 0.007412 0.005967
48 0.576823 0.538631 0.007011 0.004397
48 0.575721 0.541928 0.006811 0.004711
48 0.574820 0.545226 0.006611 0.004397
48 0.573918 0.548838 0.007212 0.005339
48 0.580228 0.548838 0.007812 0.008480
48 0.585437 0.532192 0.006611 0.005339
48 0.581831 0.544127 0.006611 0.004083
48 0.583333 0.538317 0.008814 0.010050
48 0.578125 0.554020 0.006811 0.005025
48 0.572316 0.552764 0.006010 0.005025
48 0.568810 0.546011 0.007412 0.009108
48 0.563702 0.544598 0.008013 0.008794
48 0.561699 0.550251 0.007212 0.006281
48 0.555589 0.548053 0.006611 0.005653
48 0.565905 0.537217 0.008413 0.008480
48 0.567508 0.532192 0.006811 0.005339
48 0.568309 0.528266 0.006811 0.006281
48 0.561999 0.526068 0.007412 0.006281
48 0.561198 0.530779 0.007812 0.005653
48 0.560096 0.533920 0.006811 0.005025
48 0.556991 0.544284 0.007412 0.005653
48 0.558594 0.539259 0.008614 0.008794
48 0.552484 0.523869 0.007212 0.005653
48 0.550581 0.527481 0.007011 0.005339
48 0.549579 0.530936 0.007412 0.005339
48 0.548377 0.535019 0.007412 0.005339
48 0.547276 0.538631 0.007212 0.004397
48 0.546274 0.541928 0.007212 0.004711
48 0.544772 0.546011 0.007412 0.005967
48 0.538562 0.544284 0.007412 0.005653
48 0.539964 0.540358 0.007412 0.005339
48 0.540966 0.536903 0.007011 0.005339
48 0.535256 0.518844 0.006811 0.005025
48 0.533854 0.522456 0.007612 0.005339
48 0.532853 0.526382 0.006410 0.004397
48 0.531651 0.529523 0.007212 0.005653
48 0.529046 0.517117 0.006811 0.005967
48 0.525341 0.528580 0.006611 0.005025
48 0.527244 0.523084 0.008413 0.009108
48 0.530749 0.534234 0.006611 0.005025
48 0.523337 0.535490 0.006611 0.005653
48 0.524239 0.531564 0.007212 0.005967
48 0.528746 0.539259 0.008213 0.009422
48 0.521434 0.540829 0.008814 0.008794
48 0.519231 0.546168 0.006010 0.005025
48 0.518429 0.549780 0.007212 0.005339
48 0.517628 0.553392 0.007212 0.005025
48 0.516326 0.557161 0.007011 0.005025
48 0.515525 0.560144 0.007412 0.005339
48 0.513922 0.563756 0.006611 0.005025
48 0.512821 0.567996 0.006410 0.005339
48 0.512119 0.571451 0.007011 0.005967
48 0.510817 0.575377 0.006811 0.005653
48 0.509816 0.578832 0.007212 0.005653
48 0.508514 0.582758 0.007412 0.005967
48 0.506811 0.588411 0.008013 0.009108
48 0.504708 0.593593 0.006611 0.005025
48 0.503806 0.597519 0.006410 0.004711
48 0.502504 0.602858 0.008213 0.009108
5 0.497396 0.599089 0.002404 0.002827
48 0.490685 0.601602 0.006210 0.005339
48 0.492087 0.597990 0.007011 0.006281
48 0.493089 0.594064 0.007412 0.005967
48 0.484675 0.600188 0.007412 0.006281
48 0.494491 0.590138 0.007011 0.005025
48 0.495192 0.586526 0.006811 0.004711
48 0.496494 0.582915 0.007011 0.005653
48 0.497696 0.579931 0.007011 0.004711
48 0.498698 0.519001 0.007011 0.005967
48 0.497496 0.526068 0.006611 0.008794
48 0.478165 0.622330 0.006410 0.005967
48 0.479567 0.618562 0.006811 0.005339
48 0.480369 0.614479 0.006811 0.005339
48 0.482873 0.607569 0.008614 0.011621
48 0.485978 0.595791 0.006811 0.006281
48 0.486879 0.591866 0.006611 0.005339
48 0.488582 0.588568 0.006811 0.005653
48 0.489383 0.585113 0.006811 0.005653
48 0.490685 0.581501 0.007412 0.005967
48 0.492388 0.575534 0.008814 0.009736
48 0.481070 0.574121 0.006611 0.005025
48 0.482772 0.568938 0.008413 0.008480
48 0.493890 0.570038 0.007011 0.005025
48 0.494591 0.566740 0.007212 0.004711
48 0.495693 0.562971 0.007011 0.005339
48 0.482272 0.589039 0.006611 0.005967
48 0.483574 0.584642 0.006410 0.005967
48 0.467047 0.622801 0.007812 0.012563
48 0.469251 0.613065 0.007812 0.009422
48 0.471054 0.605685 0.007812 0.008480
48 0.475160 0.592494 0.007212 0.006595
48 0.473357 0.598304 0.008814 0.009422
48 0.478065 0.583386 0.010617 0.016018
48 0.517929 0.513819 0.007011 0.005653
48 0.511719 0.512249 0.007011 0.006910
48 0.510817 0.516018 0.006410 0.004397
48 0.517027 0.517274 0.006410 0.005025
48 0.510216 0.519629 0.007612 0.005967
48 0.508714 0.523398 0.006611 0.004711
48 0.516226 0.521357 0.006010 0.005653
48 0.514824 0.524969 0.006811 0.004711
48 0.507512 0.527010 0.006611 0.005025
48 0.513722 0.528580 0.007011 0.005025
48 0.512220 0.533920 0.007212 0.009422
48 0.510417 0.539730 0.006410 0.004711
48 0.506310 0.530465 0.006210 0.004397
48 0.505709 0.533763 0.007412 0.005967
48 0.504307 0.537374 0.007011 0.005653
48 0.508614 0.544598 0.008013 0.008794
48 0.503005 0.541143 0.006010 0.005025
48 0.501803 0.544441 0.006410 0.005967
48 0.506911 0.550094 0.007011 0.005967
48 0.500701 0.548524 0.007011 0.005967
48 0.505809 0.553706 0.006410 0.004397
48 0.499700 0.551665 0.007011 0.004083
48 0.504507 0.557004 0.007412 0.005339
48 0.498498 0.555433 0.007412 0.005967
48 0.496995 0.559202 0.006811 0.005339
48 0.542869 0.531250 0.008814 0.009108
48 0.545373 0.523712 0.009014 0.009736
48 0.525240 0.501413 0.006010 0.007224
48 0.521534 0.500628 0.005008 0.006910
48 0.539864 0.505496 0.006010 0.007852
48 0.518029 0.499529 0.004808 0.006595
48 0.512220 0.497802 0.009615 0.008166
48 0.505809 0.496702 0.006010 0.005967
48 0.531751 0.503455 0.011418 0.008794
48 0.495092 0.531093 0.006210 0.005025
48 0.493990 0.534862 0.005208 0.004397
48 0.492588 0.538002 0.006410 0.004397
48 0.492087 0.541457 0.005008 0.003769
48 0.490585 0.545069 0.006410 0.005339
48 0.489183 0.548995 0.006410 0.004397
48 0.487580 0.554020 0.007612 0.008794
48 0.525140 0.638662 0.007412 0.007224
48 0.503205 0.656878 0.017628 0.017274
5 0.391927 0.613379 0.003405 0.005653
48 0.503105 0.561087 0.007412 0.005967
48 0.502103 0.564856 0.007011 0.004711
48 0.498998 0.576162 0.006811 0.005339
48 0.501302 0.568467 0.007011 0.004397
48 0.499900 0.572550 0.006611 0.004397
9 0.669972 0.686401 0.006611 0.016646
48 0.540665 0.895415 0.028446 0.018844
5 0.725160 0.802607 0.003205 0.005339
48 0.764523 0.781250 0.008614 0.006595
48 0.771234 0.785333 0.006010 0.016646
48 0.778946 0.866834 0.013421 0.010678
48 0.775140 0.873744 0.005809 0.005653
48 0.810497 0.877984 0.005609 0.004083
48 0.804988 0.878926 0.006210 0.004711
48 0.562901 0.945666 0.006010 0.007538
48 0.435697 0.922896 0.009615 0.008480
48 0.459435 0.839510 0.008614 0.007538
48 0.551082 0.853015 0.007212 0.007538
48 0.175381 0.652952 0.030649 0.018216
5 0.195012 0.640703 0.002204 0.004397
48 0.170873 0.524812 0.006410 0.008166
5 0.231470 0.399655 0.002604 0.004711
5 0.098558 0.352858 0.004407 0.002827
48 0.118189 0.394315 0.207933 0.108354
48 0.556290 0.202418 0.013221 0.010992
52 0.811699 0.386464 0.159054 0.160490
48 0.046975 0.826162 0.036659 0.039259
48 0.655950 0.260050 0.004207 0.004397
48 0.660757 0.260364 0.004607 0.007538
48 0.663962 0.260835 0.004607 0.008480
48 0.668069 0.262249 0.003606 0.007538
48 0.670873 0.262092 0.003606 0.007852
48 0.660256 0.276068 0.006410 0.011935
48 0.663962 0.274969 0.003806 0.007224
48 0.667368 0.275597 0.004607 0.007224
48 0.672576 0.276853 0.005809 0.008480
48 0.675280 0.281878 0.002404 0.002827
48 0.677985 0.277795 0.003405 0.006595
48 0.680789 0.278423 0.003806 0.007224
48 0.675481 0.262720 0.004006 0.006595
48 0.678686 0.263191 0.004407 0.009422
48 0.682592 0.264918 0.004207 0.007852
48 0.685597 0.265389 0.004207 0.007538
48 0.689904 0.266960 0.004407 0.009422
48 0.684595 0.278894 0.003806 0.007538
48 0.694211 0.267117 0.003806 0.008480
48 0.694912 0.271514 0.006811 0.003455
48 0.697816 0.267274 0.003806 0.008166
48 0.698518 0.262092 0.003205 0.002827
48 0.701823 0.267588 0.005008 0.008166
48 0.701022 0.272456 0.004207 0.002827
48 0.702324 0.262092 0.003205 0.003455
48 0.705629 0.262877 0.004607 0.003141
48 0.705028 0.269158 0.004207 0.008794
48 0.710938 0.263819 0.004407 0.006910
48 0.714643 0.263348 0.003806 0.004711
48 0.713642 0.267117 0.003806 0.004083
48 0.720753 0.268687 0.007212 0.004711
48 0.723558 0.264918 0.007612 0.005967
48 0.724960 0.260364 0.006811 0.003769
48 0.734976 0.263348 0.006010 0.004083
48 0.731070 0.253455 0.009415 0.005025
48 0.709235 0.271357 0.002604 0.004397
48 0.714844 0.272613 0.017428 0.010050
48 0.726362 0.275440 0.003606 0.003141
48 0.727364 0.270572 0.004006 0.006595
48 0.729768 0.275283 0.004407 0.007224
48 0.731571 0.269001 0.004407 0.006595
48 0.735276 0.270572 0.003405 0.005339
48 0.734375 0.276225 0.004407 0.007224
48 0.737480 0.277167 0.003405 0.006595
48 0.737981 0.271514 0.003606 0.005339
48 0.742488 0.277952 0.004207 0.007538
48 0.687700 0.279366 0.004006 0.006595
48 0.692007 0.280308 0.004207 0.006595
48 0.695012 0.281093 0.004207 0.006910
48 0.699119 0.281878 0.004006 0.007224
48 0.702224 0.282349 0.003806 0.007538
48 0.706130 0.283134 0.003606 0.007224
48 0.709135 0.283606 0.003606 0.008166
48 0.713141 0.284705 0.004006 0.007852
48 0.716346 0.285490 0.003205 0.006910
48 0.720753 0.286118 0.004006 0.006910
48 0.723758 0.286589 0.004006 0.007224
48 0.727865 0.287688 0.003806 0.006910
48 0.732372 0.288317 0.004407 0.008166
48 0.735677 0.289730 0.003405 0.006595
48 0.740385 0.291143 0.004808 0.008166
48 0.743790 0.292399 0.003606 0.006910
48 0.742588 0.298053 0.008814 0.004397
48 0.782853 0.268373 0.006010 0.013505
48 0.775541 0.272142 0.003405 0.003455
9 0.748598 0.262092 0.003205 0.005967
9 0.741887 0.254240 0.002604 0.004711
48 0.897937 0.225031 0.009014 0.009108
48 0.898337 0.233354 0.008614 0.009422
48 0.899239 0.253141 0.008013 0.008794
48 0.900841 0.261621 0.008413 0.008166
48 0.900941 0.269158 0.007812 0.007538
48 0.900841 0.276225 0.008413 0.008480
48 0.901743 0.283448 0.007812 0.009736
48 0.902143 0.290986 0.009415 0.009108
48 0.902945 0.298524 0.007812 0.009108
48 0.903446 0.306062 0.007612 0.010364
48 0.904347 0.315327 0.007812 0.008794
48 0.904247 0.323492 0.007212 0.007538
48 0.905048 0.334956 0.008013 0.016646
48 0.321615 0.455873 0.006210 0.003455
48 0.875100 0.671639 0.008614 0.004711
48 0.870192 0.649183 0.015625 0.034548
48 0.866887 0.545854 0.030649 0.046482
5 0.729367 0.826790 0.002003 0.004711
5 0.458133 0.792557 0.005609 0.004083
5 0.886218 0.558103 0.005208 0.003141
10 0.981671 0.378298 0.006611 0.002827
48 0.575721 0.515389 0.009215 0.008166
9 0.857973 0.219064 0.003606 0.007852
16 0.743790 0.349403 0.004407 0.009736
42 0.760617 0.323021 0.006010 0.006595
