48 0.360717 0.001863 0.011298 0.003726
48 0.612008 0.002710 0.013557 0.005420
48 0.329729 0.002879 0.013880 0.005759
48 0.315203 0.003218 0.011943 0.006436
48 0.299709 0.002879 0.011298 0.005759
48 0.284377 0.004404 0.012912 0.008808
48 0.271304 0.005081 0.011943 0.010163
48 0.583925 0.006267 0.016139 0.012534
48 0.593770 0.006267 0.007424 0.012534
48 0.373467 0.001355 0.015494 0.002710
48 0.389122 0.000847 0.015817 0.001694
48 0.492253 0.000847 0.010975 0.001694
48 0.796320 0.008977 0.019367 0.017954
48 0.432214 0.006267 0.006456 0.012534
48 0.425597 0.005928 0.005487 0.011856
48 0.838606 0.007453 0.009684 0.014905
48 0.447063 0.006606 0.007747 0.013211
5 0.614913 0.273713 0.006456 0.004743
5 0.519690 0.393462 0.003228 0.005759
5 0.191575 0.862974 0.004196 0.006436
5 0.208844 0.835366 0.005810 0.005420
48 0.038412 0.999492 0.018722 0.001016
48 0.021788 0.999322 0.014526 0.001355
5 0.501614 0.155996 0.004519 0.005081
5 0.469012 0.200373 0.005810 0.006436
48 0.357973 0.962568 0.014203 0.013211
48 0.391059 0.968665 0.020336 0.019309
5 0.532763 0.830962 0.006133 0.006098
5 0.530342 0.831809 0.006456 0.005081
48 0.556811 0.820630 0.012912 0.012534
48 0.592318 0.827066 0.021950 0.019309
48 0.605229 0.835027 0.017431 0.016938
48 0.602647 0.888381 0.013557 0.007791
48 0.492737 0.918530 0.024855 0.016599
48 0.493221 0.979167 0.023886 0.021341
48 0.522595 0.992039 0.018076 0.015921
48 0.734990 0.959011 0.020658 0.008130
48 0.356036 0.553523 0.010329 0.008808
48 0.355391 0.566904 0.011620 0.008469
48 0.336023 0.568428 0.011620 0.012195
48 0.379761 0.557757 0.016462 0.011179
48 0.366688 0.551829 0.012266 0.012195
48 0.395094 0.564194 0.010975 0.012534
48 0.392834 0.550644 0.004519 0.005759
48 0.404293 0.559282 0.011298 0.010163
50 0.463848 0.514736 0.011620 0.012534
50 0.476436 0.525406 0.012266 0.013550
48 0.290349 0.199864 0.011943 0.011518
48 0.419787 0.238821 0.010006 0.010163
48 0.417689 0.250677 0.009684 0.011518
48 0.469658 0.250847 0.010975 0.015921
48 0.005649 0.094173 0.006779 0.008130
48 0.025823 0.069106 0.005165 0.006775
48 0.037766 0.107554 0.025178 0.022696
5 0.011782 0.097392 0.005487 0.005759
48 0.057941 0.124492 0.026146 0.024051
48 0.088283 0.136856 0.026791 0.020325
47 0.104745 0.016768 0.007424 0.006436
48 0.144287 0.054201 0.011620 0.013550
48 0.178018 0.058266 0.009361 0.010163
48 0.188347 0.057588 0.006779 0.010163
48 0.195610 0.056911 0.010329 0.004743
48 0.196094 0.060467 0.010006 0.005081
48 0.200936 0.053015 0.008070 0.005081
48 0.201743 0.058774 0.003873 0.008469
46 0.227405 0.069614 0.004196 0.003726
48 0.271627 0.115176 0.010652 0.006098
48 0.266301 0.130589 0.006456 0.008469
48 0.892350 0.047934 0.007424 0.006436
48 0.810039 0.131267 0.018399 0.015921
48 0.758877 0.098916 0.009038 0.010840
48 0.777437 0.095190 0.013234 0.014228
48 0.145578 0.928015 0.019367 0.013889
48 0.005165 0.828930 0.009684 0.016260
48 0.068431 0.845867 0.012266 0.007453
48 0.429471 0.941396 0.015817 0.013550
48 0.367172 0.994749 0.013880 0.010501
48 0.359264 0.992209 0.015494 0.015583
48 0.354099 0.979844 0.006456 0.007791
48 0.352647 0.971714 0.007424 0.010501
48 0.461427 0.966463 0.012589 0.012195
5 0.473370 0.960196 0.005487 0.004404
48 0.495320 0.957995 0.011298 0.009485
48 0.504358 0.961043 0.013234 0.011518
48 0.481278 0.988313 0.034216 0.018631
5 0.813589 0.990346 0.004842 0.003726
5 0.818431 0.991362 0.005487 0.004404
5 0.791640 0.995088 0.003551 0.006436
5 0.786314 0.983062 0.005810 0.003388
48 0.693673 0.930217 0.018722 0.023713
48 0.675436 0.925644 0.024209 0.016599
48 0.632828 0.884824 0.015817 0.014905
5 0.597966 0.849932 0.004196 0.004065
5 0.577469 0.860264 0.003228 0.003049
48 0.528890 0.839431 0.012589 0.010840
48 0.624435 0.806911 0.011298 0.012195
48 0.598612 0.762873 0.013880 0.018293
48 0.640413 0.761179 0.016785 0.012873
48 0.419787 0.802337 0.013880 0.011179
48 0.429793 0.802337 0.010652 0.009824
48 0.441898 0.804201 0.009038 0.010163
48 0.452227 0.805386 0.013557 0.013889
48 0.461911 0.805047 0.011620 0.009824
48 0.303422 0.782351 0.007101 0.006436
48 0.154616 0.802507 0.011620 0.009485
48 0.029212 0.822154 0.017108 0.019648
48 0.259522 0.754573 0.008393 0.009824
48 0.246449 0.757114 0.008715 0.012195
48 0.377663 0.703591 0.012266 0.010163
48 0.329083 0.668699 0.011298 0.012195
48 0.336830 0.661755 0.008070 0.009146
48 0.284216 0.580962 0.011943 0.010163
48 0.293092 0.608232 0.007747 0.007791
48 0.297773 0.612974 0.011943 0.009824
48 0.416236 0.531673 0.010006 0.011179
5 0.309877 0.278455 0.003228 0.005420
48 0.291317 0.254573 0.007424 0.009824
9 0.074726 0.074356 0.007424 0.007114
48 0.208360 0.028117 0.008715 0.010163
48 0.285345 0.157690 0.011620 0.011179
48 0.202711 0.924966 0.012266 0.013889
48 0.263880 0.609587 0.018399 0.021341
48 0.455617 0.246951 0.010652 0.009485
48 0.386862 0.231538 0.010006 0.007791
48 0.621853 0.159045 0.010006 0.008469
48 0.635087 0.155318 0.010652 0.010501
5 0.709651 0.308096 0.006133 0.006436
48 0.738702 0.443089 0.033247 0.028455
48 0.473047 0.584180 0.006133 0.009146
48 0.481440 0.593496 0.008715 0.016260
48 0.493221 0.584180 0.007747 0.009824
48 0.345707 0.561653 0.010975 0.010163
5 0.376372 0.538787 0.004519 0.004404
48 0.371046 0.525237 0.010652 0.008469
48 0.329245 0.568428 0.008393 0.009485
48 0.328599 0.588245 0.012266 0.014566
48 0.344416 0.606030 0.007101 0.007453
48 0.279051 0.654641 0.012589 0.011856
48 0.288250 0.638889 0.014203 0.011518
48 0.287121 0.654472 0.010652 0.010840
48 0.297289 0.634146 0.010329 0.015583
48 0.307779 0.613144 0.016462 0.012195
48 0.329729 0.762026 0.015171 0.014566
48 0.336830 0.794715 0.008070 0.009485
5 0.563105 0.164126 0.006133 0.004404
5 0.210458 0.974085 0.005165 0.003049
48 0.688670 0.134654 0.010652 0.012534
48 0.701582 0.132961 0.011298 0.015921
48 0.709490 0.140413 0.008393 0.011856
48 0.541317 0.115176 0.008393 0.008808
48 0.696417 0.154980 0.011298 0.009824
48 0.572950 0.066057 0.009684 0.013550
48 0.557134 0.025068 0.012266 0.007453
5 0.446901 0.075881 0.004196 0.006098
5 0.447547 0.069783 0.004196 0.006775
48 0.408812 0.048103 0.008715 0.006775
48 0.391382 0.498984 0.010652 0.006098
48 0.537121 0.484925 0.009038 0.009146
6 0.743867 0.037771 0.004196 0.007114
48 0.645739 0.032012 0.008070 0.012534
48 0.648483 0.084350 0.012912 0.014905
48 0.665268 0.073001 0.010329 0.015244
48 0.630084 0.062500 0.009038 0.005759
48 0.680439 0.111619 0.017431 0.015244
5 0.625081 0.219682 0.004196 0.002371
4 0.537444 0.318598 0.005810 0.003726
7 0.333280 0.057419 0.003551 0.006436
5 0.551001 0.157012 0.003228 0.006436
9 0.539219 0.651084 0.004842 0.008130
5 0.031311 0.959011 0.005165 0.003388
9 0.522272 0.879573 0.004519 0.004404
5 0.529697 0.888550 0.003873 0.004065
5 0.568915 0.943428 0.002905 0.004743
48 0.469335 0.019648 0.021304 0.014905
48 0.409781 0.009316 0.018399 0.014566
48 0.393480 0.044207 0.016785 0.013889
48 0.370884 0.051152 0.012266 0.016260
48 0.388315 0.009654 0.013557 0.014566
48 0.371046 0.010332 0.018399 0.015244
48 0.312621 0.012873 0.011298 0.010840
48 0.295675 0.014566 0.010975 0.014228
48 0.281633 0.015244 0.011943 0.012873
48 0.484345 0.067243 0.011943 0.020664
48 0.531795 0.077913 0.010006 0.006775
48 0.487895 0.035061 0.008715 0.007114
48 0.600226 0.064194 0.017108 0.018631
48 0.585216 0.064702 0.016785 0.018970
48 0.588767 0.095190 0.017431 0.021680
48 0.394287 0.124661 0.014526 0.015583
48 0.411717 0.124153 0.013880 0.014566
48 0.431730 0.124661 0.015817 0.016260
48 0.384603 0.140244 0.024855 0.014905
48 0.412040 0.141938 0.020336 0.018293
48 0.440123 0.149729 0.020336 0.018293
48 0.452550 0.133299 0.018722 0.017954
48 0.456101 0.162432 0.020013 0.020664
48 0.468851 0.145325 0.019690 0.018970
48 0.479503 0.156673 0.020981 0.017954
48 0.475307 0.180047 0.022272 0.019309
48 0.494351 0.172764 0.022918 0.021680
48 0.503551 0.180894 0.016785 0.018970
48 0.490155 0.192920 0.020981 0.019309
48 0.538089 0.196646 0.016785 0.016599
48 0.523564 0.191565 0.016785 0.015244
48 0.514041 0.203421 0.020981 0.017954
48 0.530504 0.209180 0.017108 0.017276
48 0.543738 0.141260 0.008715 0.010840
48 0.537605 0.148543 0.008715 0.007114
48 0.542447 0.168869 0.025500 0.025407
48 0.563589 0.176999 0.020013 0.024729
48 0.577308 0.182249 0.018399 0.020325
48 0.634603 0.197324 0.020013 0.023374
48 0.609910 0.199695 0.012589 0.011856
48 0.666882 0.195461 0.014203 0.015583
48 0.678502 0.196646 0.009684 0.011856
48 0.651872 0.210705 0.020981 0.016938
48 0.598612 0.184790 0.029374 0.035569
48 0.602001 0.168699 0.021304 0.010163
48 0.566656 0.207317 0.015817 0.013550
48 0.580536 0.212229 0.013234 0.013211
48 0.593932 0.216633 0.013557 0.012534
48 0.563589 0.221545 0.016785 0.015583
48 0.576501 0.225271 0.015494 0.013550
48 0.607973 0.221206 0.014526 0.013550
48 0.592963 0.231199 0.012912 0.013889
48 0.623951 0.226795 0.012912 0.013211
48 0.606359 0.234417 0.013234 0.012873
48 0.620562 0.240176 0.013880 0.013550
48 0.638315 0.231707 0.015171 0.014905
48 0.635733 0.244411 0.012589 0.013211
48 0.651549 0.235434 0.013880 0.015583
48 0.648160 0.249492 0.014848 0.015244
48 0.555197 0.247290 0.018076 0.018293
48 0.569884 0.254065 0.018399 0.021003
48 0.587637 0.255759 0.019045 0.016938
48 0.626372 0.287771 0.014526 0.015244
48 0.609910 0.287093 0.015817 0.014566
48 0.587799 0.285738 0.014848 0.013889
48 0.607489 0.300305 0.013557 0.011856
48 0.627502 0.302168 0.011620 0.012195
48 0.642834 0.304370 0.011298 0.013211
48 0.656391 0.305386 0.012589 0.012534
48 0.591511 0.299627 0.011298 0.011856
48 0.576340 0.299627 0.013880 0.013889
48 0.567140 0.283706 0.017431 0.016599
48 0.555842 0.300474 0.015494 0.014905
48 0.538251 0.299627 0.017108 0.017954
48 0.546804 0.282520 0.020013 0.014228
48 0.520497 0.326897 0.015171 0.015583
48 0.510168 0.341294 0.013234 0.015244
48 0.525016 0.342310 0.012589 0.013889
48 0.536637 0.328930 0.015171 0.015583
48 0.539864 0.343157 0.012589 0.012873
48 0.554713 0.329099 0.011943 0.013889
48 0.553583 0.342818 0.011620 0.012195
48 0.567463 0.342480 0.010329 0.013550
48 0.570207 0.328252 0.014526 0.014228
48 0.380729 0.289804 0.014526 0.016599
7 0.433505 0.282012 0.001937 0.005081
48 0.395578 0.293191 0.018399 0.022019
48 0.415107 0.299797 0.020658 0.019648
48 0.429632 0.302846 0.011620 0.014228
48 0.450291 0.310129 0.015494 0.015921
48 0.465784 0.313347 0.015494 0.014905
48 0.372337 0.305386 0.013234 0.019986
48 0.384442 0.304878 0.011620 0.015583
5 0.367818 0.321816 0.002905 0.002033
48 0.401388 0.310298 0.013880 0.014905
48 0.415429 0.313686 0.014203 0.012195
48 0.428341 0.318089 0.014203 0.012195
48 0.442382 0.322324 0.011298 0.012534
48 0.457230 0.326728 0.015817 0.013211
48 0.470949 0.330115 0.010975 0.011856
48 0.483054 0.333333 0.013234 0.012873
5 0.479664 0.308943 0.003228 0.002033
48 0.484183 0.318767 0.015494 0.015583
48 0.289219 0.227134 0.016139 0.017954
5 0.309393 0.286755 0.004196 0.003726
5 0.315203 0.276762 0.003551 0.005420
48 0.329729 0.260163 0.025500 0.018293
48 0.303260 0.266599 0.024855 0.018293
48 0.289703 0.273713 0.005487 0.008130
48 0.337314 0.297256 0.021304 0.017276
48 0.347966 0.287940 0.005165 0.004743
48 0.316817 0.306064 0.021627 0.019986
48 0.302453 0.303523 0.006456 0.007453
48 0.328438 0.325034 0.025500 0.017276
48 0.366043 0.332148 0.015494 0.017276
48 0.381214 0.332656 0.012912 0.013550
48 0.396385 0.335705 0.012912 0.012195
48 0.409296 0.340617 0.010975 0.013889
48 0.422208 0.345190 0.017431 0.016260
48 0.436895 0.349085 0.013234 0.015244
48 0.450936 0.352812 0.013557 0.013211
48 0.466914 0.357385 0.012589 0.015583
48 0.479503 0.362466 0.015171 0.014905
48 0.501291 0.371104 0.017431 0.017954
5 0.502259 0.359079 0.004519 0.002710
48 0.518883 0.367886 0.015171 0.014905
48 0.517431 0.384316 0.018076 0.017276
48 0.536798 0.370935 0.011620 0.014905
5 0.552292 0.362635 0.002582 0.001016
5 0.565688 0.361281 0.002260 0.001694
48 0.533247 0.385501 0.012266 0.012873
5 0.532602 0.394648 0.002582 0.002033
5 0.549709 0.397696 0.004519 0.002033
48 0.548903 0.385163 0.010652 0.012195
48 0.550678 0.370935 0.010329 0.014228
48 0.566495 0.369749 0.010975 0.013211
48 0.582311 0.369072 0.014203 0.014566
48 0.565042 0.384654 0.010652 0.011179
48 0.579567 0.383638 0.013234 0.012534
5 0.564074 0.397019 0.002260 0.002033
5 0.579567 0.394648 0.002905 0.001355
48 0.500000 0.423103 0.023241 0.016938
48 0.528728 0.447324 0.006456 0.009824
48 0.529535 0.461043 0.011298 0.010840
48 0.545513 0.452405 0.016785 0.012534
48 0.399613 0.831131 0.020658 0.013889
48 0.424790 0.832995 0.014848 0.010840
48 0.403163 0.815379 0.020013 0.012195
48 0.421401 0.816057 0.017108 0.014228
48 0.437379 0.815379 0.015494 0.014228
48 0.443673 0.833841 0.015171 0.012534
48 0.460620 0.835366 0.019367 0.014228
48 0.479987 0.836551 0.017431 0.015244
48 0.499193 0.838076 0.015171 0.014905
48 0.519045 0.844343 0.021304 0.018631
48 0.497902 0.876694 0.024855 0.025745
48 0.483054 0.882114 0.016462 0.012195
48 0.464170 0.912771 0.018722 0.015921
48 0.448677 0.942751 0.023886 0.027100
48 0.440768 0.955454 0.019690 0.015244
48 0.505810 0.900915 0.018076 0.018631
48 0.511620 0.891430 0.017431 0.015921
48 0.520336 0.904810 0.023241 0.024390
48 0.534700 0.910738 0.018399 0.019309
48 0.526307 0.921409 0.013880 0.012195
48 0.536798 0.930894 0.016139 0.014905
48 0.544222 0.920901 0.018722 0.017954
48 0.557618 0.929031 0.021627 0.021341
48 0.532279 0.869580 0.022595 0.017615
48 0.544545 0.876186 0.012266 0.013889
48 0.547289 0.890583 0.017108 0.018970
48 0.556488 0.902947 0.019367 0.019986
48 0.569561 0.911077 0.018399 0.017954
48 0.575855 0.898882 0.018076 0.017276
48 0.565688 0.894140 0.008070 0.009824
48 0.546966 0.854336 0.017108 0.015583
48 0.555358 0.859587 0.012589 0.013211
48 0.560846 0.847900 0.017753 0.016938
48 0.569238 0.859925 0.024209 0.029472
48 0.588444 0.881098 0.018076 0.014228
48 0.607327 0.879573 0.012589 0.010501
48 0.614590 0.870257 0.015494 0.013550
48 0.622176 0.860942 0.020981 0.017954
48 0.630407 0.853150 0.019367 0.018631
48 0.613137 0.844851 0.018399 0.016260
48 0.549548 0.804201 0.013234 0.012195
48 0.557456 0.788618 0.025823 0.025745
48 0.567947 0.773374 0.017108 0.010163
48 0.541156 0.814194 0.022272 0.014566
48 0.572305 0.757114 0.016785 0.012873
48 0.568108 0.763889 0.017431 0.010840
48 0.613944 0.764228 0.028405 0.026423
48 0.659619 0.768293 0.020336 0.022358
48 0.618141 0.798442 0.016785 0.019648
48 0.635087 0.812669 0.020981 0.023713
48 0.626533 0.827405 0.020013 0.016599
48 0.580697 0.819275 0.014848 0.016599
48 0.525016 0.432757 0.017753 0.011856
48 0.472079 0.488652 0.019690 0.009824
48 0.427857 0.503049 0.026146 0.014905
48 0.426404 0.514397 0.014203 0.012534
48 0.385087 0.513550 0.008393 0.018293
48 0.392511 0.507791 0.007101 0.006098
48 0.362976 0.533706 0.013234 0.009146
48 0.355068 0.560976 0.010975 0.006098
48 0.450775 0.588923 0.037766 0.014566
48 0.374597 0.617378 0.010652 0.003726
5 0.183667 0.061145 0.001937 0.003726
48 0.249677 0.033198 0.005487 0.006098
48 0.306165 0.096375 0.019045 0.016599
48 0.346191 0.091294 0.015817 0.015921
48 0.363944 0.090955 0.013880 0.014566
48 0.386540 0.090617 0.013234 0.013889
48 0.372660 0.075203 0.012589 0.014228
48 0.393802 0.075542 0.014848 0.014228
48 0.402679 0.090278 0.016462 0.013211
48 0.425274 0.085705 0.014526 0.014905
48 0.443351 0.086890 0.015817 0.015244
48 0.545836 0.091802 0.016139 0.010840
48 0.570691 0.106877 0.018076 0.025407
48 0.546159 0.106199 0.017431 0.015921
48 0.630568 0.132791 0.010652 0.014228
48 0.639606 0.133469 0.012589 0.014905
48 0.651227 0.136009 0.012589 0.015921
48 0.651549 0.122967 0.011298 0.010840
48 0.727082 0.191396 0.004842 0.008130
48 0.732408 0.192751 0.005810 0.008808
48 0.696417 0.183096 0.017753 0.015244
5 0.588283 0.277947 0.002905 0.001016
5 0.568754 0.275237 0.002582 0.001016
48 0.564396 0.823001 0.013234 0.013211
48 0.318593 0.967141 0.019367 0.028455
48 0.347321 0.990515 0.013557 0.011518
48 0.374919 0.973747 0.017753 0.016599
48 0.098773 0.792175 0.013557 0.015244
48 0.113460 0.807249 0.014526 0.012873
48 0.209813 0.770664 0.014203 0.015583
48 0.222563 0.773205 0.015171 0.015921
48 0.236443 0.774729 0.013880 0.015583
48 0.263880 0.778963 0.016462 0.017276
48 0.484829 0.574695 0.018076 0.015921
48 0.493867 0.593157 0.007747 0.007453
48 0.580052 0.561653 0.006456 0.008808
48 0.526953 0.511010 0.014526 0.023374
48 0.492576 0.531673 0.012266 0.006436
48 0.508877 0.522358 0.009361 0.016260
48 0.413170 0.833333 0.009684 0.013550
48 0.400420 0.801829 0.025500 0.019648
48 0.624274 0.344173 0.013557 0.014905
48 0.637669 0.346375 0.012589 0.013211
48 0.651872 0.349424 0.012589 0.011856
48 0.656068 0.336213 0.011943 0.013211
48 0.642027 0.332995 0.012912 0.013550
48 0.627824 0.330285 0.012266 0.014228
48 0.629438 0.374492 0.013557 0.015244
48 0.614751 0.372121 0.015171 0.016599
48 0.611685 0.388381 0.016139 0.016599
48 0.560684 0.409045 0.007747 0.005759
48 0.568915 0.407859 0.009361 0.008130
48 0.627986 0.417514 0.008715 0.005759
48 0.784216 0.240684 0.005487 0.008469
48 0.735313 0.100610 0.020658 0.021680
48 0.715300 0.114160 0.017431 0.013550
48 0.683344 0.092141 0.027114 0.017615
48 0.667850 0.091463 0.003228 0.005420
48 0.654939 0.103150 0.014203 0.012534
48 0.632343 0.097222 0.010329 0.010840
48 0.642511 0.093665 0.008715 0.007114
48 0.642995 0.102473 0.012912 0.011179
48 0.640575 0.110264 0.006779 0.005759
48 0.646385 0.111280 0.006133 0.006436
48 0.653970 0.111619 0.009684 0.006436
48 0.624274 0.116362 0.014848 0.011856
48 0.642673 0.120766 0.007101 0.009824
48 0.682860 0.144648 0.008070 0.007453
48 0.566333 0.145325 0.016462 0.019648
48 0.301323 0.249492 0.022918 0.016599
48 0.327469 0.243564 0.028083 0.016938
52 0.455939 0.779133 0.146223 0.070461
52 0.465462 0.712906 0.122014 0.061992
48 0.289542 0.039465 0.016139 0.014566
48 0.297934 0.052846 0.016785 0.014905
48 0.305520 0.037940 0.015817 0.015583
48 0.313589 0.051491 0.012589 0.012873
48 0.321982 0.038449 0.012589 0.014566
48 0.285830 0.095698 0.019045 0.015244
48 0.290187 0.079268 0.017431 0.015583
48 0.311330 0.078930 0.019690 0.016260
48 0.352485 0.122967 0.016139 0.014905
48 0.370723 0.122121 0.015171 0.016599
48 0.280181 0.129912 0.016139 0.013211
48 0.299064 0.129573 0.017753 0.015244
48 0.357005 0.140921 0.022595 0.015583
48 0.295029 0.177168 0.009684 0.012873
48 0.280019 0.175305 0.022918 0.021341
48 0.382343 0.260671 0.017108 0.017276
48 0.384926 0.244411 0.020981 0.017954
48 0.405100 0.244580 0.018076 0.015583
48 0.401872 0.262026 0.015494 0.016599
48 0.424629 0.266938 0.016462 0.014905
48 0.437540 0.252879 0.016462 0.017954
48 0.456908 0.258130 0.019045 0.016938
48 0.440284 0.271511 0.014203 0.014566
48 0.460136 0.277270 0.015171 0.015921
48 0.474822 0.282859 0.014203 0.014905
48 0.482569 0.267107 0.020658 0.016599
48 0.502421 0.274051 0.017753 0.018293
48 0.491285 0.289465 0.014203 0.015921
48 0.497902 0.389736 0.017108 0.013211
48 0.608457 0.476965 0.009684 0.010840
48 0.547450 0.557588 0.018076 0.012195
48 0.308586 0.538618 0.016785 0.016938
48 0.380084 0.715278 0.042931 0.015244
48 0.457069 0.924119 0.017431 0.016260
48 0.118302 0.886010 0.013234 0.011856
48 0.133957 0.886179 0.012912 0.013550
48 0.132182 0.872798 0.011943 0.011856
48 0.149774 0.869749 0.012912 0.013211
48 0.153163 0.883469 0.010652 0.011518
48 0.167043 0.881098 0.012589 0.014228
48 0.182699 0.875000 0.014848 0.014905
48 0.165913 0.865515 0.012912 0.012873
48 0.087153 0.891260 0.012912 0.013550
48 0.102324 0.888381 0.012912 0.012534
48 0.101679 0.875169 0.013557 0.013211
48 0.112169 0.795224 0.013234 0.013211
48 0.130891 0.797087 0.015171 0.012873
48 0.072466 0.804370 0.017753 0.015921
5 0.276791 0.904810 0.003551 0.005420
5 0.279858 0.904980 0.002582 0.005081
48 0.272434 0.886518 0.014203 0.016260
48 0.640575 0.846375 0.018399 0.017954
48 0.701743 0.970020 0.015494 0.014566
48 0.717076 0.968835 0.013234 0.013550
48 0.676727 0.955115 0.017108 0.019309
48 0.700129 0.952913 0.017431 0.018293
48 0.716753 0.952744 0.017108 0.019309
48 0.688509 0.953591 0.007747 0.018293
48 0.634280 0.958164 0.020013 0.015921
48 0.653325 0.955285 0.020013 0.020325
48 0.666398 0.954607 0.007424 0.018293
48 0.732247 0.948848 0.013880 0.013550
48 0.696094 0.832317 0.015817 0.023035
48 0.706424 0.837060 0.015817 0.020325
48 0.716430 0.842649 0.015817 0.022019
48 0.726759 0.848577 0.015817 0.021003
48 0.736281 0.853320 0.015494 0.018970
48 0.746127 0.859079 0.014526 0.018293
48 0.630568 0.930217 0.010652 0.012873
48 0.353615 0.353997 0.019045 0.020325
48 0.279697 0.145156 0.020981 0.013211
48 0.615236 0.187331 0.014203 0.019648
48 0.772111 0.103320 0.013557 0.008808
48 0.806165 0.122121 0.015171 0.014566
48 0.660910 0.056064 0.008715 0.009146
48 0.704971 0.042175 0.014848 0.017276
48 0.668012 0.048950 0.007424 0.009146
48 0.560362 0.040820 0.008393 0.009824
48 0.426888 0.019478 0.014526 0.013889
48 0.425597 0.584519 0.009361 0.009824
48 0.445933 0.578591 0.008070 0.007453
48 0.454971 0.577066 0.012589 0.009146
48 0.465946 0.576219 0.010006 0.008808
48 0.350710 0.534214 0.013880 0.016938
48 0.255487 0.825542 0.016462 0.019648
48 0.491769 0.965617 0.019690 0.014566
5 0.808102 0.988990 0.006133 0.003726
48 0.090865 0.766938 0.013880 0.016260
48 0.135087 0.774729 0.013234 0.015583
48 0.258877 0.647866 0.023241 0.022019
48 0.395578 0.540481 0.031956 0.017276
48 0.004358 0.074187 0.008715 0.016260
5 0.570852 0.245766 0.002260 0.003049
5 0.471595 0.337737 0.002582 0.002710
5 0.467076 0.340617 0.002582 0.001694
38 0.407037 0.787094 0.011620 0.023374
38 0.433667 0.790820 0.012589 0.014566
43 0.468205 0.713923 0.005487 0.005759
5 0.623790 0.258469 0.004842 0.004065
48 0.352485 0.997967 0.014848 0.004065
48 0.715139 0.894817 0.018399 0.015921
48 0.055842 0.883808 0.014203 0.012873
48 0.161394 0.839770 0.012266 0.014905
48 0.230955 0.839600 0.013880 0.014566
48 0.283570 0.833164 0.014526 0.018631
48 0.377179 0.838076 0.019045 0.027100
48 0.761943 0.998137 0.020981 0.003726
48 0.657682 0.073001 0.007424 0.011179
48 0.354584 0.606877 0.012589 0.009146
48 0.265494 0.570799 0.006779 0.006775
48 0.323273 0.654980 0.018399 0.017954
48 0.038250 0.721545 0.007424 0.008130
48 0.013557 0.730522 0.009038 0.011179
48 0.045513 0.762195 0.014203 0.013550
48 0.314719 0.784722 0.013557 0.011856
48 0.673176 0.896003 0.015817 0.015583
48 0.768722 0.906165 0.011298 0.018293
48 0.061007 0.923442 0.014203 0.014228
48 0.017915 0.982046 0.011943 0.011518
48 0.135087 0.838584 0.013880 0.022019
48 0.268076 0.815549 0.013880 0.015244
48 0.631859 0.106707 0.011943 0.008808
48 0.789219 0.139736 0.012912 0.009146
48 0.273079 0.622798 0.010329 0.013889
48 0.041640 0.748645 0.009038 0.006775
48 0.193835 0.737466 0.010652 0.008130
48 0.591995 0.784553 0.020013 0.015583
48 0.672046 0.881944 0.016785 0.013889
48 0.737734 0.998645 0.016462 0.002710
48 0.591349 0.999492 0.018722 0.001016
48 0.786959 0.924458 0.025823 0.020325
48 0.281633 0.995766 0.012589 0.008469
48 0.093609 0.918360 0.015494 0.015583
48 0.030988 0.967988 0.012266 0.013211
48 0.016946 0.969173 0.013234 0.012195
48 0.086346 0.837906 0.019690 0.014566
48 0.230148 0.859248 0.016139 0.017954
48 0.303583 0.855691 0.019690 0.014228
48 0.755003 0.146341 0.010975 0.014905
48 0.471272 0.591802 0.007747 0.007453
48 0.129600 0.809282 0.019690 0.012195
48 0.305520 0.758638 0.017108 0.014566
48 0.236120 0.891768 0.014526 0.017276
48 0.770497 0.926660 0.012266 0.020664
48 0.240962 0.995766 0.030665 0.008469
48 0.063912 0.964262 0.014848 0.014566
48 0.011782 0.894140 0.012589 0.012534
48 0.027760 0.904133 0.012266 0.012195
48 0.330213 0.803015 0.015494 0.013211
5 0.750161 0.926829 0.003228 0.005420
48 0.629761 0.054370 0.009684 0.011179
48 0.716107 0.142446 0.010652 0.012534
48 0.457069 0.377879 0.017431 0.011856
48 0.576824 0.977134 0.013557 0.011179
48 0.720626 0.992547 0.020981 0.012873
48 0.676727 0.994241 0.018399 0.011518
48 0.783570 0.967988 0.013234 0.019986
48 0.770336 0.950034 0.012589 0.019986
48 0.095868 0.936992 0.021950 0.019648
48 0.055358 0.858401 0.013234 0.013550
48 0.336992 0.824865 0.012912 0.012195
48 0.703357 0.161585 0.010329 0.016938
48 0.158005 0.736789 0.015171 0.017615
48 0.671724 0.865854 0.016785 0.014228
48 0.332150 0.607385 0.009684 0.006775
48 0.719012 0.998814 0.018399 0.002371
48 0.757908 0.951050 0.012912 0.019986
48 0.776307 0.884654 0.018076 0.013211
48 0.774371 0.872290 0.014848 0.012195
48 0.731762 0.890752 0.016139 0.022696
48 0.471756 0.995427 0.013234 0.009146
48 0.180116 0.948340 0.014848 0.011179
48 0.215300 0.915650 0.014203 0.019648
48 0.102808 0.850271 0.013234 0.017615
5 0.186895 0.924458 0.004519 0.005420
5 0.493706 0.911755 0.006133 0.005759
48 0.541640 0.059790 0.020013 0.013211
48 0.033893 0.750847 0.012912 0.012534
48 0.603615 0.811145 0.014203 0.019986
48 0.620077 0.127879 0.015494 0.014566
48 0.632828 0.996104 0.021627 0.007791
48 0.196417 0.946816 0.014526 0.013550
5 0.708037 0.982724 0.005487 0.004065
5 0.265494 0.907012 0.003551 0.005081
48 0.561491 0.012873 0.014526 0.015583
48 0.762589 0.087568 0.012589 0.009146
48 0.059555 0.810976 0.013880 0.013550
48 0.122660 0.732554 0.015494 0.015921
48 0.577631 0.797595 0.012589 0.010501
48 0.691575 0.912771 0.017108 0.015921
48 0.592802 0.155657 0.013234 0.013889
48 0.585700 0.326219 0.012589 0.014228
48 0.444642 0.997798 0.011943 0.004404
48 0.758877 0.968835 0.014203 0.016938
48 0.756779 0.908028 0.013880 0.019309
48 0.433183 0.967310 0.018722 0.018631
48 0.209490 0.942920 0.012912 0.012534
48 0.051162 0.843157 0.019045 0.015583
48 0.210458 0.817751 0.015494 0.014228
48 0.210620 0.864837 0.021627 0.018970
48 0.284700 0.872459 0.013557 0.011856
48 0.373305 0.821646 0.018399 0.012534
5 0.746449 0.951558 0.002260 0.006098
5 0.659296 0.915312 0.002905 0.005420
48 0.466591 0.006775 0.019690 0.010163
48 0.671078 0.214939 0.016785 0.016599
48 0.816172 0.115176 0.014526 0.014905
48 0.085862 0.877033 0.016139 0.012195
48 0.806165 0.997459 0.016462 0.005081
5 0.752259 0.898713 0.004842 0.002710
5 0.703841 0.873476 0.002905 0.005081
48 0.444642 0.991362 0.018399 0.013889
48 0.012589 0.906335 0.014203 0.012534
48 0.039864 0.862635 0.013880 0.015921
48 0.147353 0.830454 0.017108 0.018631
48 0.247902 0.802337 0.013557 0.015244
48 0.352163 0.809621 0.019367 0.014905
48 0.780826 0.990176 0.016139 0.011518
48 0.763234 0.990176 0.018399 0.014228
5 0.390736 0.862297 0.005487 0.004404
5 0.891543 0.173442 0.002582 0.005420
48 0.663815 0.016938 0.015171 0.020325
48 0.650581 0.048272 0.011943 0.016599
48 0.301323 0.659722 0.015817 0.017276
48 0.026307 0.725610 0.015171 0.011518
48 0.091672 0.752710 0.015494 0.014905
48 0.607005 0.790989 0.013234 0.012873
48 0.715139 0.910400 0.018399 0.012534
48 0.212234 0.994580 0.019045 0.010840
48 0.195933 0.809451 0.014203 0.013889
48 0.296482 0.868564 0.014526 0.012195
48 0.321982 0.817751 0.015817 0.012873
48 0.393318 0.943598 0.030019 0.013211
5 0.393318 0.870427 0.005487 0.003726
48 0.491607 0.015921 0.013557 0.006775
48 0.285830 0.647188 0.014526 0.010501
48 0.455132 0.975779 0.021950 0.015244
48 0.590704 0.803692 0.014203 0.013889
48 0.608296 0.998476 0.015817 0.003049
48 0.204487 0.850610 0.011298 0.014228
48 0.308909 0.833841 0.014203 0.011856
8 0.405584 0.865515 0.004842 0.004065
10 0.492576 0.626355 0.003228 0.006775
48 0.629116 0.073509 0.013557 0.010840
48 0.473370 0.576389 0.006779 0.006436
48 0.468851 0.904980 0.013880 0.011179
48 0.548580 0.838584 0.017108 0.016599
48 0.572789 0.995935 0.016462 0.005420
48 0.694319 0.993902 0.019367 0.012195
5 0.240316 0.823001 0.004196 0.003726
48 0.209167 0.982893 0.011620 0.012534
48 0.213363 0.958164 0.018076 0.017954
48 0.007424 0.853659 0.012912 0.018293
48 0.340865 0.841802 0.014203 0.014228
48 0.361039 0.787263 0.015817 0.013550
10 0.207553 0.142785 0.003228 0.004404
48 0.539380 0.847900 0.009038 0.009485
48 0.647030 0.898543 0.017108 0.015921
48 0.602001 0.104336 0.011620 0.016938
48 0.288250 0.599255 0.012266 0.012195
48 0.596191 0.339939 0.007747 0.011179
48 0.405907 0.997798 0.010652 0.004404
48 0.795190 0.948001 0.011943 0.019309
48 0.714816 0.877541 0.019690 0.019986
48 0.197224 0.962398 0.014203 0.020325
48 0.029212 0.943259 0.012589 0.013211
5 0.285668 0.904810 0.003873 0.006098
5 0.182214 0.845190 0.005487 0.004743
48 0.492576 0.006098 0.013557 0.008130
48 0.807941 0.060129 0.018722 0.016599
48 0.591026 0.959350 0.013557 0.016938
48 0.684958 0.970020 0.014848 0.013889
48 0.672692 0.912940 0.016785 0.014905
48 0.687540 0.863652 0.016785 0.013889
5 0.555358 0.998306 0.002260 0.003388
48 0.804229 0.883977 0.017753 0.013211
48 0.291640 0.994072 0.012589 0.011856
48 0.015494 0.945122 0.011620 0.013550
48 0.246288 0.835535 0.016139 0.017276
48 0.295513 0.829099 0.018399 0.027439
10 0.497095 0.626694 0.002582 0.008130
48 0.627663 0.039295 0.016462 0.012873
48 0.118141 0.873814 0.016785 0.011179
48 0.428179 0.977304 0.016462 0.018293
48 0.414622 0.969682 0.017753 0.021341
48 0.464170 0.087568 0.012266 0.013889
48 0.173983 0.907859 0.014848 0.018293
10 0.488057 0.629234 0.002582 0.006436
5 0.392027 0.866531 0.006133 0.004065
5 0.409458 0.883299 0.004842 0.003726
5 0.325855 0.025915 0.004842 0.005759
48 0.615558 0.151762 0.010975 0.010840
48 0.647192 0.161585 0.016139 0.013550
48 0.108457 0.756606 0.012912 0.013211
48 0.605229 0.856369 0.013557 0.012195
48 0.668496 0.972053 0.016785 0.015244
48 0.654293 0.972561 0.011620 0.012873
48 0.733376 0.909553 0.016139 0.013550
48 0.791478 0.904302 0.012266 0.019986
48 0.780504 0.904980 0.010975 0.019309
48 0.031795 0.981199 0.011943 0.011179
48 0.159135 0.824865 0.014848 0.013550
48 0.272757 0.834180 0.013557 0.016599
48 0.284538 0.860603 0.015817 0.015921
48 0.350387 0.800135 0.015817 0.012195
5 0.409135 0.886687 0.005487 0.005081
48 0.824726 0.090617 0.023886 0.017954
48 0.501775 0.532351 0.011943 0.006436
48 0.574241 0.150068 0.010975 0.015583
48 0.310846 0.580623 0.005810 0.012195
48 0.279535 0.666667 0.018076 0.019648
48 0.065688 0.709519 0.022918 0.009146
48 0.016139 0.824865 0.011620 0.012195
48 0.194964 0.768293 0.014848 0.014905
48 0.255326 0.889566 0.016785 0.015583
48 0.782279 0.997967 0.018399 0.004065
48 0.399613 0.991362 0.012266 0.016599
5 0.408167 0.987974 0.004196 0.005081
48 0.177857 0.988990 0.014848 0.015244
48 0.112815 0.915142 0.019045 0.018631
48 0.293415 0.860942 0.007747 0.007791
5 0.747256 0.937839 0.004519 0.005759
48 0.437379 0.580793 0.009684 0.009146
48 0.308102 0.630759 0.022272 0.026423
48 0.125242 0.758977 0.012912 0.012534
48 0.277760 0.750000 0.011298 0.010163
48 0.495320 0.933096 0.033893 0.015921
48 0.732085 0.968327 0.016785 0.014566
48 0.713686 0.174119 0.010975 0.012195
48 0.771627 0.968157 0.012589 0.019648
48 0.806327 0.902439 0.018076 0.022358
48 0.273079 0.999492 0.018076 0.001016
48 0.046804 0.925474 0.012266 0.018293
48 0.025178 0.891260 0.012266 0.012195
48 0.056649 0.897188 0.013880 0.012534
48 0.010813 0.868564 0.012589 0.012195
48 0.310846 0.864160 0.012266 0.013550
48 0.500646 0.087229 0.017431 0.012534
48 0.347482 0.614668 0.032602 0.010501
48 0.249677 0.747121 0.011943 0.013211
48 0.587637 0.837906 0.012589 0.008469
48 0.690930 0.896680 0.016462 0.014228
48 0.646223 0.882283 0.007101 0.014566
48 0.407844 0.526423 0.008715 0.011518
48 0.757747 0.886687 0.019045 0.014566
48 0.266462 0.995766 0.018399 0.008469
48 0.235313 0.808943 0.016139 0.015583
48 0.647515 0.465278 0.007101 0.011179
48 0.650581 0.478828 0.007424 0.014566
48 0.145094 0.798442 0.014526 0.012873
48 0.194480 0.782859 0.013880 0.012873
48 0.344577 0.977812 0.010006 0.013889
48 0.576340 0.939024 0.011298 0.016938
48 0.673499 0.933774 0.020336 0.012534
48 0.782279 0.948848 0.013234 0.018293
48 0.196256 0.986281 0.012912 0.014566
48 0.333602 0.814702 0.013880 0.012873
48 0.348289 0.790820 0.014848 0.011856
5 0.171885 0.851287 0.005487 0.004743
48 0.659296 0.086382 0.008715 0.013550
48 0.691252 0.078083 0.020336 0.011179
48 0.455778 0.533706 0.009684 0.007791
48 0.377502 0.607046 0.019045 0.015583
48 0.066656 0.788110 0.015171 0.013889
48 0.545029 0.979505 0.012589 0.013889
48 0.768238 0.364329 0.023241 0.029472
48 0.024532 0.865176 0.010975 0.012873
48 0.401549 0.928015 0.014203 0.013211
8 0.465300 0.958672 0.004196 0.002710
5 0.262266 0.907351 0.004842 0.005759
48 0.524048 0.100779 0.011298 0.029472
48 0.141220 0.760501 0.012589 0.011518
48 0.156553 0.763211 0.014848 0.011518
48 0.117172 0.772866 0.006456 0.013211
48 0.475145 0.971037 0.012912 0.012534
48 0.605229 0.149221 0.011620 0.016599
48 0.584732 0.340447 0.010652 0.012195
48 0.357327 0.076897 0.012912 0.014228
48 0.807295 0.922764 0.014203 0.018970
48 0.303906 0.993056 0.012589 0.013889
48 0.179632 0.963923 0.015171 0.019309
48 0.224338 0.940549 0.013557 0.013889
48 0.065526 0.980183 0.014848 0.017276
48 0.040671 0.887534 0.013557 0.012195
48 0.217721 0.844851 0.012589 0.014228
48 0.364106 0.948171 0.025823 0.017615
5 0.283086 0.905149 0.003873 0.006098
48 0.054551 0.774390 0.014848 0.014228
48 0.361685 0.976287 0.008715 0.014905
48 0.642188 0.974763 0.008070 0.017954
48 0.628954 0.915142 0.015817 0.014566
48 0.479664 0.377541 0.020013 0.012534
48 0.523725 0.998476 0.019690 0.003049
48 0.421885 0.954607 0.016139 0.013550
48 0.319077 0.993056 0.017108 0.013889
48 0.154293 0.909722 0.017431 0.018631
48 0.071498 0.855014 0.013234 0.012873
48 0.171240 0.820461 0.013880 0.013550
48 0.183990 0.815041 0.012266 0.012873
48 0.328761 0.848238 0.017753 0.014228
48 0.358618 0.932419 0.019367 0.011856
5 0.277276 0.917683 0.003228 0.005420
48 0.070852 0.722900 0.031311 0.010163
48 0.573273 0.831301 0.010975 0.014228
48 0.590704 0.936145 0.013557 0.017954
48 0.574564 0.960705 0.017431 0.016260
48 0.599096 0.326219 0.011620 0.014228
48 0.357327 0.049289 0.012266 0.013211
48 0.086185 0.853489 0.012912 0.015244
48 0.175597 0.835874 0.014848 0.014566
48 0.364106 0.800813 0.015494 0.014905
48 0.343125 0.910908 0.101356 0.048103
5 0.264848 0.920901 0.004842 0.007114
48 0.510813 0.991701 0.014526 0.015921
48 0.644932 0.795562 0.018076 0.014566
48 0.607650 0.958164 0.015171 0.017954
48 0.559555 0.978659 0.018399 0.013550
48 0.630729 0.899390 0.014203 0.012873
48 0.422531 0.993394 0.017431 0.013211
48 0.060039 0.939702 0.012912 0.015583
48 0.115397 0.847053 0.012589 0.012534
5 0.271788 0.919546 0.004519 0.007114
5 0.408005 0.877541 0.005165 0.004404
48 0.612008 0.071308 0.010975 0.011856
48 0.423983 0.528455 0.006779 0.011518
48 0.234990 0.747629 0.013557 0.012873
48 0.692544 0.881098 0.016462 0.014905
48 0.559232 0.996443 0.011943 0.007114
48 0.462072 0.059112 0.020981 0.034892
48 0.230148 0.952913 0.012266 0.014905
48 0.015171 0.930556 0.012912 0.013550
48 0.047450 0.964939 0.011620 0.012534
48 0.305358 0.821985 0.014848 0.013211
48 0.318915 0.805725 0.014848 0.015244
48 0.355391 0.820630 0.017431 0.011179
48 0.336185 0.882283 0.102970 0.049797
6 0.734345 0.981199 0.009038 0.005081
48 0.763719 0.007791 0.009038 0.012873
48 0.541963 0.504743 0.013557 0.043360
48 0.533086 0.111958 0.008715 0.009824
48 0.773079 0.329099 0.026469 0.039634
48 0.648322 0.914465 0.015817 0.014566
48 0.376856 0.998306 0.027437 0.003388
48 0.390090 0.992209 0.013234 0.015583
5 0.790510 0.874661 0.003228 0.005420
48 0.321659 0.860942 0.015171 0.013211
48 0.368302 0.794885 0.008393 0.008469
48 0.370239 0.812161 0.017431 0.016599
48 0.377017 0.930217 0.018722 0.016938
5 0.283409 0.916159 0.005810 0.005081
48 0.490155 0.024221 0.012589 0.009146
48 0.639606 0.083164 0.006779 0.011856
48 0.703680 0.063178 0.052292 0.013889
48 0.383473 0.958333 0.017431 0.009485
48 0.671239 0.135163 0.013880 0.021003
48 0.145094 0.995766 0.021627 0.008469
48 0.158974 0.985942 0.018399 0.019309
48 0.239348 0.977304 0.011298 0.015583
48 0.118302 0.934451 0.019690 0.021341
48 0.196578 0.828760 0.014848 0.014566
48 0.346352 0.854167 0.013557 0.013211
48 0.633635 0.121443 0.010975 0.008469
48 0.794706 0.097053 0.017431 0.017276
48 0.041156 0.815041 0.012589 0.012195
48 0.591672 0.976965 0.013557 0.015583
48 0.585378 0.149560 0.010652 0.019986
48 0.653486 0.994749 0.018399 0.010501
48 0.299064 0.145325 0.016462 0.012873
48 0.800355 0.967310 0.022272 0.023374
48 0.759845 0.871951 0.014203 0.014228
48 0.163008 0.997798 0.012266 0.004404
48 0.182376 0.997459 0.014848 0.005081
48 0.047773 0.981030 0.018076 0.016260
48 0.041963 0.900406 0.014203 0.013550
48 0.254519 0.858401 0.018399 0.017615
48 0.438832 0.006606 0.008070 0.012534
48 0.314235 0.671579 0.019045 0.019986
48 0.153002 0.775745 0.012266 0.012195
48 0.092963 0.728828 0.014203 0.017954
48 0.629923 0.976287 0.011943 0.018293
48 0.224822 0.979336 0.012589 0.014228
48 0.136540 0.913110 0.014203 0.015921
48 0.145901 0.847561 0.018076 0.018970
48 0.222886 0.814871 0.012589 0.013889
48 0.325210 0.829099 0.015817 0.014566
48 0.547127 0.023713 0.006456 0.010163
48 0.693673 0.120427 0.008393 0.021341
48 0.775016 0.008638 0.010975 0.011856
48 0.256294 0.666159 0.016139 0.015921
48 0.263234 0.748476 0.010652 0.010501
48 0.179793 0.861111 0.010329 0.010840
48 0.327147 0.013889 0.011298 0.011518
48 0.547773 0.999661 0.016785 0.000678
48 0.757747 0.926829 0.014526 0.017615
5 0.758231 0.898035 0.005810 0.002710
48 0.458522 0.994241 0.013234 0.011518
48 0.208360 0.804031 0.011943 0.013211
48 0.362008 0.838753 0.023564 0.034553
5 0.720788 0.982215 0.005810 0.003049
10 0.109910 0.150745 0.002905 0.006098
5 0.004035 0.882791 0.007424 0.004743
5 0.813589 0.106199 0.006133 0.005081
5 0.761782 0.980522 0.005810 0.003726
48 0.367657 0.731199 0.014848 0.012534
48 0.168173 0.777608 0.011620 0.013211
48 0.107650 0.729167 0.011298 0.011856
48 0.587314 0.862635 0.009361 0.013889
48 0.605875 0.936484 0.018722 0.017276
48 0.639929 0.879743 0.004196 0.013550
48 0.737573 0.990854 0.017431 0.013550
48 0.841511 0.216633 0.062621 0.074187
48 0.802130 0.870935 0.020658 0.012195
48 0.029697 0.929539 0.012266 0.014228
48 0.045029 0.942751 0.012589 0.014905
48 0.315365 0.851457 0.014203 0.013889
48 0.334409 0.857893 0.014848 0.013889
5 0.535830 0.990854 0.007101 0.003388
48 0.548741 0.118394 0.009038 0.009146
48 0.250484 0.776931 0.012912 0.014566
48 0.277598 0.779472 0.012266 0.014905
48 0.587314 0.188516 0.011298 0.011179
48 0.178018 0.739329 0.017108 0.016599
48 0.598451 0.908875 0.030988 0.033198
48 0.650904 0.929201 0.011943 0.012195
48 0.679793 0.831809 0.015494 0.017954
