48 0.252501 0.995596 0.006131 0.008808
48 0.329461 0.996443 0.019361 0.007114
48 0.485479 0.998984 0.008067 0.002033
48 0.128751 0.998137 0.020006 0.003726
48 0.771055 0.997290 0.017748 0.005420
48 0.715069 0.995935 0.021943 0.008130
48 0.669248 0.994580 0.021943 0.010840
48 0.216844 0.993056 0.027106 0.013889
48 0.462085 0.999492 0.015489 0.001016
48 0.551791 0.996612 0.020006 0.006775
48 0.288964 0.996274 0.019684 0.007453
48 0.266215 0.997290 0.019361 0.005420
48 0.409487 0.994241 0.021943 0.011518
48 0.651662 0.993564 0.018393 0.012873
48 0.698290 0.993056 0.023879 0.013889
48 0.572443 0.995257 0.019361 0.009485
48 0.560826 0.990515 0.020006 0.018970
48 0.432075 0.993394 0.018716 0.013211
48 0.236528 0.998306 0.010971 0.003388
5 0.679735 0.998476 0.004195 0.003049
48 0.246531 0.994241 0.009035 0.011518
48 0.076154 0.994241 0.023879 0.011518
48 0.449500 0.005251 0.017425 0.010501
48 0.499677 0.009654 0.033237 0.019309
48 0.842530 0.006775 0.016780 0.013550
48 0.827525 0.005589 0.019038 0.011179
48 0.808648 0.001694 0.021297 0.003388
48 0.489997 0.000847 0.017102 0.001694
48 0.078251 0.008469 0.026783 0.016938
48 0.489513 0.391091 0.006454 0.011856
48 0.346402 0.374153 0.016457 0.032182
48 0.359471 0.682927 0.014198 0.014905
48 0.339464 0.672934 0.025815 0.024729
48 0.530171 0.035569 0.027751 0.027778
48 0.562117 0.027608 0.021297 0.027439
48 0.343175 0.045901 0.025492 0.015244
48 0.307035 0.062839 0.016457 0.029472
48 0.219910 0.457317 0.010003 0.008130
48 0.075186 0.902439 0.010971 0.020325
47 0.079864 0.894140 0.008067 0.032182
48 0.008712 0.946308 0.011617 0.019986
48 0.643595 0.030996 0.013875 0.016599
48 0.592126 0.036755 0.011617 0.013211
48 0.580348 0.041497 0.015166 0.018631
48 0.024363 0.271003 0.012585 0.016260
48 0.016941 0.284553 0.013875 0.013550
48 0.009197 0.297087 0.011939 0.014905
48 0.027106 0.025576 0.018070 0.022696
48 0.867699 0.809282 0.008390 0.009485
48 0.883349 0.816226 0.007422 0.010501
48 0.136980 0.942920 0.013230 0.007791
48 0.121652 0.934112 0.008390 0.006436
6 0.606002 0.041497 0.003872 0.006436
48 0.718296 0.943259 0.016134 0.013211
48 0.380768 0.868056 0.013553 0.015244
5 0.275734 0.763889 0.004195 0.007453
48 0.288803 0.778625 0.020652 0.013211
48 0.289771 0.771341 0.011617 0.010163
48 0.298806 0.772696 0.010326 0.010163
48 0.205550 0.749153 0.012907 0.013889
48 0.217490 0.667175 0.016780 0.013211
5 0.245724 0.876863 0.005486 0.004404
5 0.245563 0.864329 0.003872 0.005081
48 0.252017 0.858570 0.010326 0.014566
5 0.193772 0.870596 0.003550 0.003388
5 0.204421 0.880759 0.005486 0.004065
48 0.192320 0.928184 0.014198 0.016260
48 0.128590 0.970867 0.015812 0.013550
48 0.118264 0.957148 0.013875 0.009824
48 0.311552 0.977134 0.008712 0.009146
48 0.429009 0.978150 0.012585 0.011179
5 0.451113 0.980860 0.004518 0.005081
48 0.068086 0.563008 0.024524 0.023713
5 0.052436 0.468157 0.004840 0.004743
5 0.192804 0.487297 0.004195 0.004404
5 0.159245 0.429539 0.006131 0.004065
48 0.238141 0.481538 0.013553 0.010501
5 0.093579 0.012195 0.005163 0.004065
48 0.720232 0.172256 0.025815 0.023374
48 0.743143 0.177507 0.010971 0.008808
48 0.684414 0.992717 0.012907 0.013211
48 0.636334 0.945291 0.007744 0.010501
48 0.155373 0.077744 0.011939 0.011179
48 0.157793 0.070630 0.010971 0.013889
48 0.150694 0.067920 0.009681 0.009824
48 0.107454 0.128049 0.012262 0.013550
6 0.143756 0.128218 0.006131 0.005081
6 0.166021 0.038279 0.004840 0.005420
9 0.175702 0.025915 0.008067 0.005759
6 0.178606 0.525237 0.006131 0.004404
48 0.185221 0.526084 0.012262 0.012195
48 0.202323 0.706640 0.010971 0.008808
5 0.196031 0.671917 0.006776 0.004404
5 0.204905 0.664634 0.005163 0.004065
48 0.253308 0.736789 0.008390 0.007453
48 0.266215 0.727134 0.014843 0.012534
48 0.275573 0.722222 0.010326 0.011518
48 0.346241 0.757961 0.010971 0.009146
48 0.317360 0.767954 0.009358 0.006098
5 0.337690 0.848408 0.005486 0.003049
5 0.370603 0.800135 0.004840 0.003388
48 0.398516 0.792175 0.009681 0.009146
48 0.377541 0.741531 0.009681 0.010840
48 0.531623 0.732215 0.005486 0.005081
48 0.536786 0.730183 0.008712 0.007114
48 0.544208 0.733909 0.012585 0.008469
48 0.560181 0.745935 0.007744 0.008808
5 0.563246 0.810298 0.006131 0.004743
5 0.563892 0.805725 0.006776 0.005081
5 0.564698 0.795732 0.007099 0.004743
48 0.663278 0.823848 0.015812 0.009485
48 0.646338 0.824526 0.012907 0.009485
48 0.652469 0.824526 0.007744 0.007453
48 0.789771 0.768123 0.010003 0.009824
48 0.737496 0.764397 0.009358 0.010501
48 0.782672 0.667344 0.019684 0.025068
48 0.814618 0.678862 0.013875 0.011518
48 0.620684 0.603828 0.017102 0.012534
5 0.135366 0.991701 0.002904 0.005081
48 0.091965 0.961890 0.018716 0.011179
48 0.154727 0.957317 0.008067 0.008130
5 0.084221 0.906843 0.003227 0.003388
5 0.214424 0.004065 0.003550 0.004065
9 0.196515 0.016599 0.009035 0.004065
5 0.354147 0.928015 0.006131 0.003726
5 0.379800 0.925305 0.004518 0.002371
59 0.461601 0.587398 0.010003 0.016260
48 0.057438 0.203421 0.012907 0.011179
48 0.110520 0.416667 0.010649 0.010163
48 0.128913 0.417005 0.035818 0.036585
48 0.144079 0.444444 0.017102 0.015583
48 0.155211 0.436653 0.020006 0.015583
48 0.164085 0.441734 0.013875 0.016938
48 0.153114 0.448001 0.013230 0.013211
48 0.160697 0.453930 0.012907 0.012873
48 0.172798 0.445969 0.015812 0.015921
48 0.168925 0.458333 0.011939 0.012873
48 0.180058 0.450711 0.013553 0.015921
48 0.186996 0.456809 0.013230 0.014566
48 0.194902 0.460705 0.012262 0.015583
48 0.202969 0.466294 0.013553 0.013211
48 0.183608 0.468835 0.013553 0.014228
48 0.191675 0.473069 0.012262 0.013889
48 0.198935 0.478150 0.015166 0.015244
48 0.205712 0.484417 0.013875 0.016260
48 0.210229 0.470190 0.012585 0.014905
48 0.218296 0.475779 0.013875 0.013889
48 0.213295 0.488821 0.013553 0.014905
48 0.225718 0.480860 0.013875 0.016599
48 0.220878 0.492886 0.013230 0.013550
48 0.236851 0.500339 0.020652 0.020325
48 0.226363 0.509824 0.018393 0.017615
48 0.204421 0.528963 0.020329 0.019309
48 0.192320 0.537094 0.018070 0.016599
48 0.186512 0.543191 0.014843 0.016599
48 0.176670 0.550135 0.019684 0.022358
48 0.166667 0.561145 0.017748 0.018631
48 0.157631 0.567751 0.015166 0.015583
5 0.182640 0.559790 0.005808 0.004404
48 0.240239 0.527439 0.016457 0.015583
48 0.246047 0.535908 0.013875 0.012873
48 0.253469 0.546409 0.019038 0.021680
48 0.233946 0.540312 0.018716 0.017615
48 0.226041 0.548781 0.011939 0.012873
48 0.207648 0.561145 0.019038 0.017276
48 0.195708 0.569444 0.017102 0.019648
48 0.206357 0.581640 0.015812 0.014228
5 0.213940 0.589770 0.003872 0.004743
48 0.216199 0.575203 0.016780 0.015583
48 0.228138 0.564702 0.024524 0.024390
5 0.236528 0.562669 0.003227 0.003388
48 0.112133 0.466463 0.020975 0.018970
48 0.123588 0.462737 0.010326 0.008808
48 0.135366 0.465278 0.011939 0.014566
48 0.143111 0.471375 0.013875 0.014566
48 0.150371 0.476626 0.012262 0.012195
48 0.157793 0.480352 0.012262 0.012195
48 0.165699 0.485095 0.013875 0.014905
48 0.173766 0.490176 0.013230 0.012873
48 0.181187 0.494411 0.013230 0.013211
48 0.188125 0.499831 0.014198 0.013211
48 0.196192 0.504743 0.014198 0.015583
48 0.204259 0.509993 0.012262 0.011856
48 0.216521 0.518462 0.020652 0.019986
48 0.123911 0.474593 0.014843 0.014905
48 0.132301 0.477304 0.010971 0.011518
48 0.137786 0.483909 0.014198 0.014566
48 0.146660 0.488144 0.012585 0.014905
48 0.153598 0.493225 0.013553 0.014228
48 0.162310 0.497967 0.012262 0.012195
48 0.167796 0.502879 0.013553 0.013889
48 0.176186 0.507453 0.013553 0.013550
48 0.184414 0.511348 0.010003 0.011179
48 0.193127 0.516768 0.019684 0.017276
48 0.065021 0.481538 0.019684 0.019986
48 0.084221 0.486111 0.020006 0.019648
48 0.098096 0.484587 0.013553 0.015244
48 0.106163 0.489329 0.013553 0.015244
48 0.112778 0.495427 0.013230 0.012534
48 0.121491 0.498984 0.013230 0.014905
48 0.103098 0.501524 0.040336 0.024051
48 0.078090 0.496443 0.016134 0.013889
48 0.088900 0.503218 0.015166 0.013889
48 0.100355 0.510332 0.016134 0.012534
48 0.108422 0.515075 0.014843 0.011179
48 0.015166 0.500000 0.022588 0.020325
48 0.028558 0.507114 0.019684 0.020325
48 0.032430 0.491870 0.022265 0.020325
48 0.046789 0.500339 0.014843 0.017615
48 0.056147 0.505081 0.017425 0.018293
48 0.049209 0.518801 0.015166 0.017276
48 0.039045 0.520833 0.008390 0.006436
48 0.015005 0.530149 0.018393 0.020325
48 0.029203 0.539804 0.020329 0.019309
48 0.065505 0.512534 0.019361 0.018970
48 0.075992 0.518123 0.015812 0.015921
48 0.085027 0.525237 0.017102 0.018631
48 0.065989 0.530996 0.024201 0.017954
48 0.099548 0.533367 0.020329 0.021341
48 0.090997 0.546579 0.021297 0.021341
48 0.104066 0.553692 0.013230 0.013889
48 0.112940 0.558774 0.012907 0.012534
48 0.129558 0.552337 0.020329 0.022019
48 0.139238 0.558943 0.017102 0.018970
48 0.123427 0.568598 0.016457 0.017276
48 0.059213 0.581301 0.021620 0.025745
48 0.083253 0.569783 0.016780 0.016938
48 0.075347 0.582995 0.017102 0.016938
48 0.092126 0.591125 0.020329 0.020325
48 0.034689 0.623306 0.029364 0.025068
48 0.056147 0.640921 0.020652 0.018970
48 0.034689 0.650576 0.026783 0.021341
48 0.052598 0.657351 0.020652 0.019986
5 0.069216 0.652270 0.004195 0.003726
48 0.071636 0.624831 0.020652 0.017276
48 0.082123 0.618902 0.013230 0.013550
48 0.094385 0.609756 0.017102 0.014905
48 0.104711 0.602981 0.017102 0.017615
48 0.117941 0.595359 0.020329 0.020664
48 0.131333 0.585874 0.020652 0.018631
48 0.140691 0.578421 0.014198 0.014566
48 0.147144 0.573848 0.014198 0.014905
48 0.115521 0.631267 0.018716 0.020664
48 0.127299 0.625000 0.014521 0.013550
48 0.132462 0.615346 0.018393 0.017276
48 0.148435 0.607385 0.025169 0.021680
48 0.165699 0.597053 0.015812 0.013211
48 0.167957 0.613144 0.021620 0.020325
48 0.155050 0.623137 0.022911 0.019986
48 0.139077 0.636518 0.021943 0.021680
6 0.175218 0.591463 0.006454 0.007453
48 0.265408 0.566904 0.011939 0.011856
48 0.278477 0.565718 0.017425 0.018293
48 0.281542 0.580454 0.014521 0.013889
48 0.267506 0.594173 0.027751 0.025068
48 0.265892 0.575881 0.021943 0.016260
48 0.248629 0.588753 0.020975 0.023713
48 0.219264 0.611789 0.019038 0.021003
48 0.232656 0.605183 0.018070 0.017276
48 0.251049 0.609248 0.018716 0.017276
48 0.240077 0.617717 0.020006 0.019309
48 0.230397 0.624661 0.017425 0.018970
48 0.211197 0.625508 0.013230 0.008469
48 0.220232 0.632622 0.020975 0.020664
48 0.243788 0.653455 0.028074 0.025745
48 0.264440 0.639228 0.025492 0.023035
48 0.269603 0.652608 0.019038 0.019986
48 0.285092 0.623645 0.022265 0.016938
48 0.250403 0.670901 0.014843 0.015921
48 0.196354 0.692412 0.017748 0.014905
48 0.210229 0.682757 0.018393 0.018631
48 0.229106 0.681911 0.019361 0.017615
48 0.218458 0.694953 0.015489 0.019986
48 0.231365 0.693428 0.009681 0.010163
48 0.165699 0.674289 0.017748 0.016599
48 0.153437 0.664804 0.017102 0.017276
48 0.166667 0.658537 0.014521 0.014228
48 0.175702 0.650915 0.015812 0.015244
48 0.187157 0.659722 0.018716 0.021341
48 0.200549 0.648374 0.017102 0.019648
48 0.005970 0.572663 0.011939 0.015921
48 0.005002 0.521341 0.009358 0.014228
48 0.091804 0.681572 0.019684 0.019648
48 0.097773 0.670562 0.023879 0.017954
5 0.104873 0.658028 0.004518 0.003726
48 0.184414 0.742209 0.022265 0.022358
48 0.192804 0.725779 0.020975 0.019986
48 0.214747 0.761856 0.023556 0.021003
48 0.227815 0.769648 0.014843 0.017615
48 0.105195 0.789465 0.019361 0.019986
48 0.118103 0.796409 0.016134 0.013550
48 0.098580 0.797934 0.015166 0.013889
48 0.111165 0.806911 0.017748 0.016938
48 0.040981 0.747798 0.017425 0.016599
48 0.054695 0.756606 0.019038 0.017276
48 0.066634 0.763719 0.017102 0.017276
48 0.079703 0.771172 0.019361 0.020664
48 0.021620 0.753557 0.018070 0.019986
48 0.033882 0.759824 0.018716 0.015583
48 0.047596 0.767107 0.015812 0.014566
48 0.060181 0.775237 0.016457 0.015921
48 0.073088 0.785061 0.017102 0.015244
48 0.086641 0.790481 0.015812 0.015244
48 0.006131 0.772358 0.010971 0.017615
48 0.014843 0.779810 0.015489 0.014905
48 0.026137 0.785908 0.016134 0.013550
48 0.039852 0.792852 0.016457 0.015921
48 0.052275 0.800474 0.018070 0.016260
48 0.065828 0.807588 0.016134 0.016260
48 0.073088 0.814702 0.007422 0.008130
48 0.086157 0.838245 0.016134 0.014566
48 0.078574 0.852473 0.018393 0.017954
48 0.091481 0.826897 0.017748 0.015583
48 0.121491 0.843496 0.019038 0.017615
48 0.113262 0.856877 0.018716 0.019986
48 0.135528 0.851965 0.016780 0.015583
48 0.128913 0.863652 0.017102 0.017276
48 0.138916 0.808435 0.016457 0.015244
48 0.150532 0.816226 0.017102 0.017276
48 0.162633 0.824695 0.017425 0.017276
48 0.130365 0.819614 0.017425 0.015244
48 0.143433 0.829438 0.019684 0.019309
48 0.156502 0.837568 0.016134 0.015244
48 0.150532 0.862297 0.025492 0.022019
48 0.054534 0.880928 0.040658 0.015244
48 0.059051 0.865515 0.027106 0.018970
48 0.092772 0.891260 0.014521 0.017615
48 0.096967 0.878388 0.005486 0.009485
48 0.100516 0.871951 0.006131 0.006098
48 0.106970 0.876863 0.008067 0.006436
48 0.114714 0.882622 0.006776 0.007114
48 0.102452 0.931233 0.027428 0.023713
48 0.131494 0.922764 0.017748 0.025068
48 0.164085 0.922256 0.016457 0.016599
48 0.194740 0.971375 0.008712 0.018631
48 0.184898 0.969173 0.014843 0.015583
48 0.154405 0.940041 0.015812 0.019648
48 0.005808 0.965447 0.010326 0.012195
48 0.019845 0.966294 0.013230 0.017276
48 0.010165 0.983232 0.018393 0.014566
48 0.067764 0.962568 0.016780 0.020664
48 0.046789 0.959858 0.021297 0.019309
48 0.060342 0.977134 0.010971 0.007791
48 0.236044 0.977642 0.013875 0.013550
5 0.250242 0.924458 0.002904 0.006775
48 0.203937 0.914126 0.012262 0.017276
48 0.274443 0.915481 0.022265 0.018631
48 0.281381 0.931402 0.024524 0.023374
48 0.717005 0.603320 0.024524 0.014905
48 0.181833 0.049797 0.042917 0.039295
48 0.212488 0.022188 0.039045 0.035569
48 0.330429 0.071138 0.015489 0.016938
48 0.800581 0.334011 0.020652 0.018293
48 0.373669 0.162093 0.018716 0.017276
48 0.347370 0.226457 0.024201 0.024051
48 0.421910 0.254234 0.019038 0.016599
48 0.394966 0.079946 0.034850 0.028455
48 0.051630 0.704268 0.018716 0.016260
48 0.055018 0.722053 0.022911 0.022019
48 0.885447 0.838076 0.017425 0.012873
48 0.887060 0.012703 0.019361 0.021341
48 0.872378 0.011009 0.017102 0.020664
48 0.857212 0.008469 0.016457 0.016260
48 0.621975 0.031843 0.023556 0.021003
48 0.236044 0.107046 0.015812 0.015583
48 0.280413 0.200373 0.014843 0.013889
5 0.188771 0.491023 0.001291 0.003049
43 0.402711 0.479167 0.010326 0.005759
11 0.579703 0.798781 0.004195 0.008130
39 0.462569 0.403794 0.006776 0.004065
40 0.470797 0.404302 0.005808 0.003726
5 0.009035 0.749661 0.003872 0.004743
5 0.181510 0.021003 0.004195 0.004065
48 0.691836 0.869749 0.074217 0.019986
48 0.609229 0.801321 0.065182 0.022019
48 0.311713 0.955115 0.013553 0.016599
48 0.269442 0.980691 0.014843 0.016938
48 0.475637 0.934621 0.018716 0.018293
48 0.159084 0.121951 0.012262 0.014228
48 0.266699 0.434451 0.013875 0.019309
48 0.202969 0.801152 0.022588 0.026423
48 0.175702 0.778794 0.018393 0.020325
48 0.128429 0.505759 0.006454 0.010840
48 0.070507 0.733570 0.010649 0.013211
48 0.706034 0.712229 0.060019 0.019309
48 0.464827 0.903286 0.017748 0.021341
48 0.183608 0.804031 0.017425 0.015244
48 0.117135 0.579946 0.007744 0.008130
48 0.093579 0.949018 0.029687 0.013889
48 0.696838 0.774560 0.070668 0.024729
48 0.386899 0.962568 0.020652 0.017276
48 0.283640 0.949526 0.018716 0.014905
48 0.485963 0.946308 0.021297 0.019986
48 0.486609 0.923272 0.020006 0.023374
48 0.351565 0.852642 0.013875 0.012873
48 0.196999 0.811992 0.015812 0.016938
5 0.067441 0.160738 0.005163 0.005759
48 0.230074 0.329776 0.016780 0.014566
48 0.125202 0.516260 0.012262 0.010163
48 0.685544 0.475610 0.006776 0.012195
48 0.236205 0.591802 0.010326 0.010163
48 0.237335 0.713415 0.017748 0.013550
48 0.749758 0.851626 0.017102 0.021680
48 0.663117 0.951728 0.024524 0.019309
48 0.330913 0.983570 0.017102 0.010501
48 0.250403 0.977812 0.011617 0.019309
48 0.448854 0.869749 0.005163 0.006436
48 0.303001 0.882791 0.011617 0.012873
48 0.367861 0.828591 0.014843 0.015583
48 0.232978 0.825203 0.030332 0.031843
8 0.158922 0.896680 0.005486 0.002033
48 0.175056 0.125000 0.016457 0.072493
48 0.146822 0.093835 0.029687 0.032520
48 0.203130 0.409553 0.013230 0.017615
48 0.136496 0.510671 0.008390 0.011179
48 0.301872 0.975102 0.008712 0.014566
48 0.685544 0.496612 0.007422 0.012195
48 0.450791 0.729336 0.027751 0.010163
48 0.422072 0.937331 0.007744 0.008808
48 0.510487 0.944106 0.018070 0.022358
48 0.092288 0.309451 0.024524 0.018631
48 0.165699 0.941734 0.010003 0.012873
48 0.897225 0.195799 0.026137 0.016938
48 0.262988 0.878049 0.019361 0.010163
48 0.401258 0.810976 0.014521 0.014905
5 0.191029 0.447324 0.005163 0.005081
48 0.595676 0.968157 0.021297 0.023035
48 0.411100 0.981707 0.022588 0.017615
48 0.454824 0.844004 0.017748 0.019309
48 0.145369 0.925644 0.008712 0.008469
48 0.487093 0.114329 0.011939 0.008469
48 0.653598 0.978150 0.020975 0.017954
48 0.624879 0.953760 0.021620 0.021341
48 0.614069 0.864499 0.072927 0.022358
48 0.232172 0.957486 0.007422 0.010501
48 0.424492 0.947154 0.008712 0.008130
48 0.475637 0.913787 0.018070 0.019986
48 0.531946 0.919377 0.017102 0.016938
48 0.387222 0.812331 0.014843 0.015583
48 0.184898 0.237127 0.017425 0.016260
48 0.075670 0.671579 0.020975 0.016599
48 0.126815 0.949018 0.007744 0.017954
48 0.261536 0.976287 0.015166 0.029810
48 0.264279 0.884993 0.021943 0.011179
48 0.257986 0.813347 0.011294 0.014905
5 0.094547 0.122121 0.005808 0.005081
48 0.170862 0.792514 0.017748 0.016599
48 0.171023 0.965617 0.010326 0.011856
48 0.185060 0.672595 0.009358 0.009824
48 0.405776 0.574865 0.011939 0.027778
48 0.239755 0.961382 0.014198 0.020325
48 0.339142 0.870088 0.016134 0.021341
48 0.282995 0.872121 0.015489 0.017276
48 0.381413 0.827405 0.013553 0.015921
5 0.075508 0.692243 0.003872 0.003726
48 0.144240 0.515244 0.007744 0.010163
48 0.134882 0.525745 0.013553 0.014905
48 0.156179 0.966294 0.012907 0.014566
48 0.179735 0.940549 0.012907 0.014566
48 0.369958 0.938347 0.022265 0.018293
48 0.453533 0.891430 0.013875 0.017276
5 0.273798 0.551321 0.004195 0.003726
48 0.034850 0.066904 0.019361 0.017954
48 0.324621 0.925982 0.010971 0.009824
48 0.449500 0.879573 0.005163 0.005081
48 0.307357 0.865684 0.011294 0.018631
48 0.356244 0.815379 0.018716 0.014905
48 0.372540 0.385840 0.020975 0.014228
48 0.189093 0.793869 0.017425 0.019309
48 0.120361 0.522188 0.012907 0.010501
48 0.215715 0.909553 0.008067 0.008130
48 0.614876 0.832486 0.073895 0.023374
48 0.543401 0.931402 0.019361 0.021341
48 0.341400 0.899221 0.013553 0.019986
6 0.098258 0.705623 0.007422 0.006775
5 0.180865 0.022527 0.005486 0.004404
5 0.017102 0.176152 0.005163 0.004743
48 0.160858 0.774390 0.020975 0.023035
48 0.144240 0.952744 0.012262 0.011856
48 0.558406 0.779133 0.013875 0.042005
48 0.253630 0.961382 0.011617 0.016260
48 0.434656 0.961551 0.022588 0.023374
48 0.156018 0.787094 0.020329 0.019309
48 0.191836 0.945630 0.014521 0.013211
48 0.264279 0.706131 0.020652 0.020664
48 0.699258 0.741531 0.070991 0.024390
48 0.388190 0.938347 0.016780 0.019648
48 0.419329 0.969512 0.006131 0.006098
48 0.457406 0.914634 0.008067 0.012195
48 0.356083 0.898713 0.015166 0.016938
48 0.289610 0.850271 0.007422 0.008808
48 0.278316 0.809282 0.018393 0.021003
5 0.139884 0.065718 0.003550 0.006775
48 0.683124 0.485942 0.010326 0.009146
48 0.167957 0.080285 0.004840 0.013550
48 0.555340 0.820799 0.015489 0.043360
48 0.520652 0.907859 0.017102 0.017615
48 0.312843 0.880251 0.012585 0.017954
48 0.353824 0.829946 0.015812 0.017615
48 0.296547 0.807588 0.025815 0.017615
8 0.650855 0.969173 0.005163 0.004065
48 0.211197 0.711213 0.004840 0.005081
48 0.621652 0.736450 0.074540 0.022358
48 0.466763 0.925135 0.016457 0.018970
48 0.395934 0.825203 0.014843 0.014905
5 0.140852 0.501016 0.004840 0.004065
48 0.208293 0.952066 0.021620 0.018631
48 0.439174 0.570969 0.010326 0.019986
48 0.523072 0.864160 0.010971 0.008130
48 0.661504 0.966802 0.012907 0.012195
48 0.552114 0.938347 0.020006 0.018293
48 0.405615 0.862974 0.012907 0.015921
48 0.108583 0.756606 0.020329 0.019986
48 0.150694 0.519648 0.005808 0.010163
48 0.207648 0.709350 0.004840 0.005420
48 0.618425 0.768970 0.072604 0.019648
48 0.352533 0.959011 0.018393 0.014905
48 0.616973 0.703930 0.061310 0.017615
48 0.410294 0.823340 0.013230 0.015244
5 0.543401 0.954438 0.005163 0.005759
5 0.249919 0.831131 0.002259 0.005081
5 0.129235 0.075034 0.004840 0.009824
5 0.161665 0.045054 0.005163 0.004743
48 0.058729 0.523205 0.009681 0.006436
48 0.092288 0.877879 0.005163 0.009824
48 0.803646 0.685467 0.013230 0.021341
48 0.532268 0.965278 0.020329 0.021341
48 0.499193 0.954099 0.015489 0.019309
48 0.665053 0.679878 0.029687 0.014228
48 0.433688 0.893293 0.011617 0.012195
5 0.397386 0.908875 0.002259 0.005420
48 0.052275 0.339431 0.040658 0.033875
48 0.155857 0.538787 0.017425 0.017954
48 0.117780 0.683096 0.011617 0.010501
48 0.235560 0.991870 0.011617 0.012195
48 0.412714 0.939024 0.013553 0.014228
48 0.371410 0.897527 0.013553 0.015244
48 0.368506 0.868902 0.014198 0.018293
48 0.266699 0.895325 0.019038 0.015583
6 0.210229 0.883977 0.005486 0.004404
5 0.169248 0.036416 0.004840 0.004404
48 0.175540 0.533706 0.010971 0.014566
48 0.755728 0.765583 0.020652 0.031165
48 0.216199 0.971206 0.015489 0.018970
48 0.409326 0.968665 0.006776 0.007114
48 0.446112 0.905318 0.006776 0.006436
48 0.420458 0.895833 0.008390 0.012534
48 0.383833 0.895833 0.013230 0.017954
48 0.284608 0.886687 0.012262 0.016599
48 0.260084 0.870257 0.023233 0.012873
48 0.311713 0.824018 0.011617 0.015921
48 0.327364 0.820291 0.012585 0.015244
5 0.107777 0.778794 0.003872 0.004065
48 0.394643 0.783198 0.014843 0.014228
48 0.158761 0.523882 0.007099 0.011179
48 0.250242 0.722561 0.020975 0.017615
48 0.610520 0.967818 0.017425 0.024390
48 0.632623 0.670054 0.008712 0.027100
48 0.507744 0.899051 0.022265 0.016260
48 0.380929 0.849424 0.013875 0.013889
48 0.338496 0.832317 0.014843 0.016938
5 0.247177 0.831301 0.001936 0.003388
5 0.081639 0.143123 0.005163 0.007114
48 0.273153 0.788279 0.015812 0.025068
48 0.134076 0.771511 0.018393 0.019309
48 0.103259 0.734925 0.018716 0.021341
48 0.182962 0.923950 0.010971 0.017954
48 0.700549 0.804878 0.061310 0.020325
48 0.663763 0.690888 0.031623 0.013211
48 0.226686 0.864499 0.035818 0.048103
5 0.073249 0.752371 0.005163 0.005420
5 0.196676 0.490176 0.006131 0.004743
48 0.075347 0.718496 0.019038 0.018293
48 0.025653 0.083672 0.020975 0.008808
48 0.755728 0.810976 0.025815 0.062331
48 0.369958 0.959858 0.014521 0.012534
48 0.387383 0.912432 0.016457 0.015921
48 0.366731 0.853150 0.012585 0.017276
48 0.414327 0.807588 0.013553 0.014228
48 0.372217 0.812500 0.014521 0.016599
48 0.203291 0.848408 0.032914 0.043699
5 0.091320 0.128049 0.003227 0.005420
48 0.178929 0.978828 0.005486 0.007114
48 0.021297 0.044377 0.009681 0.008808
48 0.477573 0.712229 0.017425 0.013889
48 0.321878 0.963415 0.011939 0.015583
48 0.225395 0.955285 0.010003 0.008808
48 0.413520 0.955115 0.013875 0.018631
48 0.429332 0.940041 0.008067 0.007453
48 0.470797 0.865007 0.019361 0.018631
48 0.295741 0.869072 0.015812 0.016599
48 0.282349 0.833164 0.009035 0.011179
48 0.121491 0.763550 0.018393 0.016260
48 0.129235 0.703591 0.011939 0.021003
48 0.236851 0.927337 0.014843 0.039634
5 0.052275 0.178015 0.005808 0.005759
5 0.153114 0.135332 0.006131 0.005759
48 0.375121 0.784045 0.013875 0.019986
48 0.259600 0.788618 0.014521 0.028455
48 0.145208 0.530827 0.012262 0.013550
48 0.692804 0.837229 0.073572 0.024051
48 0.543885 0.701728 0.009358 0.015921
48 0.487415 0.879234 0.016457 0.016599
48 0.357535 0.915650 0.016780 0.016260
48 0.418361 0.848916 0.013875 0.016938
48 0.293643 0.883469 0.008390 0.006775
48 0.262181 0.841125 0.012585 0.011518
48 0.314940 0.838415 0.013553 0.018293
48 0.322685 0.290820 0.020006 0.015921
48 0.114392 0.297595 0.020329 0.015244
48 0.169248 0.976118 0.008712 0.005759
48 0.037109 0.033198 0.019361 0.015583
48 0.222168 0.744749 0.012585 0.013889
48 0.624879 0.969173 0.017102 0.019648
48 0.698290 0.672595 0.009035 0.023374
48 0.496773 0.889905 0.020975 0.021003
48 0.288157 0.828760 0.014843 0.013211
5 0.163440 0.136348 0.004840 0.005081
48 0.200710 0.928862 0.011617 0.012195
48 0.222975 0.930217 0.016780 0.018970
48 0.052759 0.042683 0.016457 0.024390
48 0.522911 0.975440 0.016457 0.019309
48 0.412875 0.909383 0.024201 0.026084
48 0.496773 0.933435 0.019038 0.022019
48 0.404001 0.848408 0.014198 0.015921
48 0.300419 0.827066 0.014198 0.014566
48 0.424492 0.821308 0.013875 0.015921
8 0.146983 0.425982 0.004195 0.003049
48 0.088093 0.286755 0.027106 0.024729
48 0.165860 0.528963 0.007744 0.010501
48 0.153759 0.709180 0.022911 0.021341
48 0.163440 0.909722 0.010003 0.009146
48 0.179897 0.678184 0.006131 0.006098
48 0.225879 0.970867 0.018070 0.021680
48 0.442078 0.944614 0.010326 0.011856
48 0.372378 0.913787 0.012907 0.014566
48 0.435302 0.847561 0.018716 0.016938
48 0.258954 0.851457 0.015812 0.013211
48 0.300258 0.840278 0.018393 0.017276
48 0.252824 0.804539 0.008067 0.006098
5 0.557277 0.011009 0.005808 0.003726
48 0.104550 0.689702 0.006454 0.007453
48 0.082446 0.742717 0.015812 0.021341
48 0.268312 0.757622 0.011939 0.014566
