48 0.790739 0.005251 0.017102 0.010501
48 0.580833 0.000169 0.015489 0.000339
48 0.348338 0.002710 0.011294 0.005420
48 0.300419 0.004743 0.016134 0.009485
48 0.483220 0.004234 0.010649 0.008469
48 0.872378 0.002710 0.016457 0.005420
48 0.985963 0.007791 0.020329 0.015583
48 0.863666 0.005928 0.007422 0.011856
48 0.856728 0.006944 0.007099 0.013889
48 0.821071 0.008299 0.045499 0.016599
48 0.575670 0.003557 0.009681 0.007114
48 0.388351 0.007453 0.015166 0.014905
48 0.315424 0.005251 0.015812 0.010501
48 0.215231 0.005928 0.017425 0.011856
5 0.142304 0.001016 0.005163 0.002033
48 0.299613 0.001186 0.016457 0.002371
48 0.622782 0.005420 0.037431 0.010840
48 0.746208 0.003388 0.021620 0.006775
48 0.556147 0.002033 0.010003 0.004065
48 0.570184 0.000339 0.009681 0.000678
48 0.463537 0.000169 0.010649 0.000339
48 0.586318 0.003896 0.012907 0.007791
48 0.009842 0.005589 0.016457 0.011179
48 0.475476 0.002371 0.010649 0.004743
48 0.510971 0.002710 0.011939 0.005420
48 0.272023 0.009485 0.015489 0.018970
48 0.767990 0.004234 0.020652 0.008469
48 0.335753 0.003388 0.019038 0.006775
5 0.152791 0.002879 0.004840 0.005759
48 0.662633 0.013381 0.030655 0.026762
48 0.565344 0.004912 0.010326 0.009824
48 0.435624 0.004234 0.012262 0.008469
48 0.608745 0.027608 0.023556 0.055217
48 0.001129 0.006436 0.002259 0.012873
48 0.880445 0.003896 0.011294 0.007791
48 0.929655 0.003049 0.029687 0.006098
48 0.946434 0.001355 0.007099 0.002710
48 0.411100 0.002710 0.017425 0.005420
48 0.374637 0.008638 0.017425 0.017276
48 0.511455 0.989668 0.041304 0.020664
51 0.690384 0.988144 0.179090 0.023713
51 0.836237 0.987127 0.017748 0.025745
51 0.879155 0.987297 0.016457 0.025407
51 0.864472 0.987127 0.012907 0.025745
48 0.367699 0.249831 0.013230 0.013889
5 0.344305 0.108062 0.003872 0.006098
48 0.308809 0.097053 0.012262 0.009146
48 0.408519 0.091294 0.020652 0.012534
48 0.854308 0.032690 0.011939 0.014566
48 0.758955 0.030657 0.015489 0.022019
48 0.815424 0.053184 0.018070 0.018970
48 0.802840 0.087737 0.012262 0.015583
48 0.802678 0.136856 0.020975 0.023035
48 0.775573 0.190888 0.017102 0.030149
5 0.729913 0.294207 0.003872 0.007791
48 0.420136 0.147696 0.021297 0.022358
48 0.548241 0.109248 0.018716 0.029472
48 0.683124 0.161585 0.013553 0.014905
48 0.646338 0.118225 0.018716 0.017615
48 0.553566 0.146172 0.028074 0.029472
5 0.728299 0.020833 0.005163 0.006436
5 0.731204 0.017446 0.001936 0.004404
5 0.749435 0.042514 0.002904 0.005081
48 0.838819 0.296748 0.003550 0.004743
48 0.544692 0.977642 0.007099 0.014228
48 0.511455 0.969682 0.024524 0.019309
50 0.525653 0.419377 0.056147 0.051491
48 0.513714 0.136348 0.012907 0.019309
48 0.499839 0.155149 0.009035 0.011518
5 0.426428 0.069614 0.004195 0.002371
7 0.336237 0.116531 0.005808 0.004065
48 0.207002 0.022188 0.013230 0.009824
8 0.169248 0.025576 0.005486 0.007114
5 0.206034 0.080115 0.004195 0.005081
48 0.295095 0.151253 0.008067 0.011179
48 0.578412 0.206301 0.012585 0.008808
48 0.670862 0.239499 0.014843 0.008808
48 0.696031 0.291159 0.008390 0.007114
48 0.852049 0.265583 0.009358 0.008130
48 0.822846 0.473238 0.007099 0.006098
48 0.827525 0.469512 0.006131 0.006098
48 0.842691 0.500339 0.006131 0.007453
48 0.847531 0.496612 0.006131 0.006775
5 0.745402 0.774729 0.004518 0.005420
5 0.765731 0.785400 0.002581 0.004404
5 0.720716 0.850440 0.002904 0.005081
5 0.720878 0.837060 0.002581 0.004065
7 0.671507 0.917852 0.002581 0.006436
8 0.737173 0.020495 0.005486 0.005081
5 0.712649 0.053862 0.002259 0.004065
48 0.764440 0.057080 0.005163 0.007114
5 0.697160 0.047256 0.002904 0.005081
48 0.705873 0.062839 0.007422 0.009146
48 0.430139 0.013381 0.010326 0.006436
48 0.415618 0.010840 0.010326 0.009485
48 0.407389 0.009824 0.008712 0.009485
48 0.431268 0.034722 0.007422 0.007791
5 0.443046 0.070969 0.004518 0.002371
48 0.413682 0.044038 0.007744 0.012195
48 0.366893 0.042852 0.005808 0.007114
48 0.386899 0.045562 0.007744 0.007114
48 0.353824 0.032351 0.008712 0.008469
5 0.336237 0.054709 0.005163 0.003726
5 0.329461 0.061145 0.003227 0.004404
48 0.234914 0.013381 0.014198 0.016599
5 0.066473 0.047256 0.003872 0.003049
48 0.982252 0.019478 0.024524 0.015244
48 0.455792 0.396172 0.010649 0.007114
5 0.472249 0.449356 0.003550 0.003726
48 0.440465 0.630251 0.034205 0.028794
48 0.596160 0.829268 0.022911 0.029133
48 0.313327 0.011348 0.013553 0.011179
48 0.408519 0.064702 0.020006 0.009485
5 0.434818 0.070122 0.006131 0.003388
48 0.455308 0.048611 0.010971 0.009146
48 0.440142 0.032012 0.009681 0.012534
48 0.448370 0.039634 0.011294 0.010163
48 0.449177 0.031843 0.009035 0.007453
48 0.456438 0.043360 0.009358 0.004743
48 0.512101 0.021003 0.009681 0.010840
48 0.470958 0.034045 0.006776 0.007114
48 0.493062 0.042344 0.013553 0.010163
48 0.450468 0.017785 0.009035 0.015244
48 0.542594 0.042175 0.006131 0.006436
48 0.589222 0.060637 0.008390 0.009485
48 0.551468 0.910061 0.006454 0.005759
48 0.862698 0.851457 0.013875 0.009146
48 0.792514 0.861789 0.016780 0.016260
48 0.898193 0.875000 0.017748 0.012195
5 0.853824 0.880420 0.007099 0.004743
48 0.942239 0.860772 0.010326 0.008808
48 0.929655 0.860942 0.009035 0.008469
5 0.997257 0.844343 0.003550 0.007114
5 0.998064 0.865684 0.002581 0.005759
48 0.994676 0.833672 0.009358 0.012873
48 0.939658 0.968835 0.018070 0.040650
48 0.551307 0.493056 0.014521 0.019309
48 0.543724 0.522527 0.013553 0.015244
48 0.450791 0.533706 0.011617 0.011179
48 0.443207 0.512873 0.027428 0.031843
48 0.478057 0.452575 0.010003 0.017615
48 0.536786 0.290481 0.017102 0.012534
48 0.519845 0.297934 0.010326 0.010501
48 0.519038 0.290989 0.008712 0.007453
48 0.544531 0.299458 0.007422 0.008130
48 0.489835 0.264397 0.010971 0.013211
5 0.346402 0.120088 0.006776 0.004404
48 0.262504 0.006944 0.010649 0.012534
48 0.343659 0.177846 0.005163 0.005420
5 0.355115 0.172256 0.003550 0.004404
48 0.661020 0.288618 0.008067 0.013550
48 0.628751 0.299627 0.011294 0.009824
48 0.974024 0.271172 0.018393 0.015244
48 0.969345 0.279641 0.008390 0.009146
48 0.928364 0.240515 0.007744 0.008130
48 0.932236 0.235603 0.006454 0.006436
48 0.945305 0.245088 0.008712 0.009146
5 0.888190 0.203421 0.003550 0.005081
48 0.881575 0.279302 0.009681 0.007791
48 0.926589 0.208841 0.015812 0.009824
48 0.938045 0.207995 0.009035 0.010840
5 0.349790 0.174966 0.003227 0.003049
5 0.949500 0.171070 0.004195 0.006098
6 0.975637 0.177168 0.006131 0.006775
5 0.953211 0.127033 0.002581 0.004743
5 0.942078 0.119072 0.005486 0.003049
5 0.951759 0.138381 0.002904 0.004404
5 0.914973 0.115346 0.004840 0.003049
48 0.983059 0.129065 0.013875 0.014905
48 0.964666 0.109248 0.010003 0.012534
5 0.959826 0.103828 0.004195 0.005759
5 0.959987 0.099593 0.003227 0.004065
5 0.959987 0.096206 0.003227 0.003388
48 0.946918 0.087737 0.022265 0.010840
48 0.939981 0.067243 0.014843 0.012534
48 0.951113 0.069783 0.013875 0.010840
48 0.941594 0.057080 0.017425 0.013211
48 0.970152 0.073001 0.011294 0.009824
48 0.969022 0.065718 0.010971 0.013550
6 0.962407 0.066396 0.003550 0.006098
5 0.961601 0.048272 0.003227 0.005081
48 0.982414 0.050982 0.033882 0.024051
48 0.958696 0.008808 0.009681 0.009485
5 0.739916 0.012195 0.005808 0.002710
5 0.731365 0.028794 0.002904 0.006098
5 0.753792 0.042344 0.003872 0.006098
5 0.709906 0.053184 0.003872 0.005420
48 0.720071 0.079099 0.010649 0.010501
48 0.772023 0.086213 0.008712 0.009824
48 0.771862 0.025915 0.012907 0.013211
48 0.784285 0.029302 0.017748 0.010501
48 0.853824 0.053354 0.009681 0.011179
48 0.861407 0.055047 0.010003 0.011179
48 0.853985 0.043869 0.009358 0.012534
48 0.847047 0.021003 0.007099 0.012195
48 0.875928 0.054539 0.008712 0.006098
48 0.866731 0.157859 0.010326 0.016260
48 0.873992 0.161247 0.006776 0.008130
48 0.870119 0.166328 0.006776 0.007453
48 0.778800 0.225440 0.019038 0.047087
48 0.714747 0.243564 0.013553 0.010840
48 0.993869 0.257961 0.012262 0.017954
48 0.967732 0.434790 0.016134 0.013889
48 0.627944 0.730860 0.018716 0.017954
48 0.659406 0.755420 0.030010 0.018293
48 0.744111 0.748814 0.015489 0.011179
6 0.615037 0.740346 0.005163 0.007114
6 0.613262 0.731707 0.004195 0.008130
6 0.613262 0.717480 0.006776 0.004743
5 0.596160 0.735095 0.004195 0.003388
5 0.597773 0.738990 0.005486 0.003726
5 0.598580 0.753049 0.004518 0.002710
48 0.545176 0.689194 0.011939 0.010501
48 0.473540 0.422764 0.008067 0.004065
49 0.471604 0.675644 0.055179 0.044377
48 0.776864 0.871274 0.035818 0.018293
48 0.688932 0.848069 0.055502 0.030827
48 0.638754 0.873137 0.029364 0.021341
48 0.638754 0.894478 0.028074 0.016599
48 0.639077 0.915142 0.028719 0.019309
48 0.603098 0.914634 0.021943 0.014228
48 0.590352 0.893801 0.014521 0.027439
48 0.594547 0.872290 0.029364 0.016260
48 0.625847 0.709519 0.017102 0.028794
48 0.809455 0.502202 0.016457 0.016599
48 0.822523 0.493394 0.018716 0.024051
48 0.818490 0.529302 0.010003 0.008469
55 0.524685 0.609587 0.007099 0.007114
48 0.439497 0.563686 0.040013 0.042683
48 0.533075 0.496274 0.007099 0.012195
5 0.419006 0.413449 0.004195 0.005759
48 0.720555 0.493733 0.025815 0.022019
48 0.728783 0.507622 0.021620 0.022019
48 0.737335 0.522019 0.025815 0.022358
48 0.992417 0.402608 0.015166 0.015921
5 0.974669 0.419207 0.002904 0.005081
5 0.978864 0.418869 0.002904 0.004404
48 0.975476 0.406335 0.020006 0.024729
48 0.980800 0.435129 0.018393 0.018631
48 0.977896 0.452913 0.009358 0.012195
48 0.984834 0.451728 0.012262 0.015921
48 0.545176 0.358232 0.021620 0.024729
48 0.641336 0.550305 0.041626 0.016599
48 0.548403 0.662094 0.022265 0.035569
48 0.561310 0.662263 0.013875 0.026423
48 0.972572 0.151253 0.033559 0.026762
48 0.980962 0.139228 0.018070 0.013550
48 0.984834 0.171409 0.007744 0.014905
48 0.994676 0.139736 0.008712 0.030149
48 0.975476 0.185467 0.024524 0.011179
48 0.958858 0.179539 0.017102 0.021003
5 0.964666 0.173950 0.002904 0.004404
48 0.936108 0.171748 0.025815 0.021003
48 0.974185 0.098577 0.025815 0.013550
48 0.974669 0.089939 0.024201 0.011179
48 0.975476 0.080454 0.025815 0.008469
48 0.877380 0.043022 0.020006 0.014905
48 0.869151 0.016768 0.024847 0.017954
48 0.866570 0.138720 0.022265 0.027439
48 0.774282 0.130928 0.006776 0.011179
48 0.774605 0.138550 0.006131 0.012195
48 0.666989 0.153117 0.022588 0.024390
5 0.772830 0.168699 0.005163 0.002710
5 0.774605 0.171917 0.004840 0.003049
48 0.588254 0.111111 0.016134 0.016938
48 0.576638 0.108401 0.010971 0.016938
48 0.622298 0.115346 0.017102 0.012534
48 0.623911 0.101457 0.015166 0.017276
5 0.623104 0.091633 0.005808 0.003049
48 0.650532 0.103320 0.008390 0.008130
48 0.641497 0.096037 0.013553 0.015244
48 0.631171 0.084688 0.006454 0.010163
48 0.589384 0.092818 0.007422 0.008808
48 0.547273 0.088245 0.013553 0.017276
48 0.796709 0.038957 0.019361 0.018970
5 0.811552 0.040820 0.006454 0.003049
48 0.746047 0.022527 0.014198 0.020664
48 0.550339 0.046748 0.010649 0.012873
48 0.503227 0.076728 0.010649 0.012534
48 0.441594 0.059621 0.044208 0.021003
48 0.414005 0.034553 0.005163 0.008130
48 0.405453 0.040820 0.013230 0.021341
48 0.471120 0.018123 0.013553 0.017954
48 0.500807 0.022358 0.020652 0.033875
48 0.418038 0.123137 0.034527 0.033537
48 0.351565 0.015075 0.015166 0.017276
48 0.705550 0.019817 0.024847 0.021341
48 0.607293 0.067412 0.007099 0.015583
48 0.615198 0.067581 0.008712 0.018631
48 0.623750 0.064702 0.012907 0.013550
48 0.602936 0.093835 0.017748 0.015583
5 0.610842 0.085705 0.002581 0.003388
48 0.378832 0.055047 0.005808 0.009824
48 0.431914 0.092141 0.028074 0.008130
48 0.449338 0.094512 0.006776 0.008130
48 0.392546 0.062161 0.006131 0.007114
48 0.287996 0.039973 0.016457 0.016260
48 0.280252 0.031504 0.014521 0.019648
48 0.309939 0.024390 0.018393 0.021003
48 0.302840 0.014905 0.008712 0.015583
48 0.295095 0.022527 0.008067 0.007791
48 0.276057 0.086382 0.057761 0.028455
48 0.064698 0.057927 0.008712 0.011518
5 0.313972 0.119919 0.003227 0.005420
5 0.318167 0.120766 0.003872 0.005081
5 0.320587 0.121782 0.002904 0.005759
48 0.331075 0.105183 0.025815 0.019309
48 0.362859 0.117039 0.025492 0.017954
5 0.385286 0.125847 0.003227 0.005759
5 0.387544 0.126863 0.002581 0.005081
5 0.389480 0.128049 0.003872 0.006098
5 0.382865 0.143123 0.002904 0.005081
5 0.378509 0.140583 0.004518 0.005420
5 0.384802 0.143462 0.002904 0.005081
5 0.487415 0.118733 0.004840 0.003049
5 0.454501 0.147358 0.003550 0.004065
48 0.546144 0.179878 0.010003 0.014905
48 0.577444 0.172425 0.013875 0.013550
48 0.579703 0.148882 0.013875 0.015921
48 0.605034 0.173103 0.021297 0.019648
48 0.604389 0.198679 0.016780 0.013211
48 0.595676 0.224085 0.010326 0.007791
48 0.599710 0.214262 0.014521 0.015244
48 0.591804 0.210535 0.004518 0.009146
48 0.515650 0.241870 0.018070 0.019648
48 0.647467 0.262534 0.059051 0.027100
48 0.759116 0.284892 0.050662 0.032520
48 0.901258 0.242547 0.012262 0.017615
48 0.754276 0.254912 0.020975 0.015921
10 0.719587 0.334011 0.009681 0.005420
48 0.696838 0.152947 0.008712 0.007114
48 0.634398 0.157520 0.016780 0.008130
48 0.694095 0.123137 0.007099 0.019986
48 0.516780 0.103997 0.011294 0.029133
48 0.393514 0.087398 0.007422 0.008808
48 0.311713 0.072663 0.021297 0.038957
48 0.242014 0.024898 0.017425 0.025407
5 0.421910 0.069106 0.006131 0.002710
48 0.679251 0.072832 0.018070 0.019648
48 0.692643 0.073509 0.015166 0.014905
48 0.739432 0.081131 0.010003 0.008469
48 0.748951 0.079438 0.005808 0.009146
48 0.740884 0.076050 0.007099 0.006436
48 0.781542 0.102642 0.021943 0.017615
48 0.806066 0.099932 0.012262 0.012873
5 0.814295 0.081640 0.005486 0.002033
5 0.807519 0.080962 0.005486 0.002710
5 0.782026 0.077744 0.005486 0.002371
5 0.835108 0.121782 0.006454 0.003726
48 0.801065 0.284045 0.035173 0.018631
48 0.803646 0.254743 0.020329 0.037263
48 0.817199 0.265244 0.011294 0.015583
48 0.817522 0.241192 0.025492 0.011518
48 0.832688 0.251694 0.011294 0.017615
48 0.823169 0.257453 0.011617 0.021680
48 0.875282 0.254404 0.020329 0.026423
48 0.808164 0.226795 0.019684 0.013211
48 0.853824 0.224593 0.018070 0.021680
48 0.819942 0.157520 0.022588 0.031165
48 0.710874 0.148543 0.018716 0.018631
48 0.342530 0.166836 0.013875 0.013889
48 0.345757 0.150407 0.036463 0.021680
5 0.466118 0.084180 0.002904 0.005759
48 0.483543 0.074864 0.024847 0.029133
48 0.740884 0.102981 0.024524 0.021003
5 0.734914 0.024560 0.006131 0.003726
48 0.927880 0.039126 0.015166 0.022696
48 0.948048 0.042683 0.030978 0.027778
48 0.915618 0.045901 0.011939 0.008469
48 0.919652 0.060129 0.029042 0.024729
48 0.841562 0.137534 0.021297 0.016260
48 0.737819 0.128557 0.009358 0.011179
48 0.454501 0.282182 0.015812 0.016938
48 0.452727 0.252033 0.018070 0.016938
48 0.429493 0.262534 0.025169 0.026423
48 0.380123 0.297595 0.021297 0.015244
48 0.371733 0.291328 0.011617 0.010163
48 0.370281 0.283537 0.020329 0.014228
48 0.365279 0.275576 0.020006 0.013211
48 0.359309 0.269817 0.012585 0.014566
48 0.344789 0.247967 0.025492 0.023713
48 0.392385 0.239499 0.032268 0.027100
48 0.454017 0.162432 0.018716 0.021341
48 0.442562 0.174966 0.020329 0.021341
48 0.430623 0.185637 0.022265 0.021003
48 0.442239 0.197154 0.022911 0.021680
48 0.424169 0.208672 0.020329 0.018293
48 0.436915 0.224085 0.012907 0.014566
48 0.451597 0.212568 0.015166 0.017276
48 0.361891 0.040312 0.006131 0.010163
48 0.394159 0.038787 0.007422 0.022019
48 0.768635 0.755759 0.030978 0.016260
48 0.477251 0.891260 0.020006 0.009485
48 0.472249 0.880420 0.008712 0.010840
48 0.828654 0.070799 0.016134 0.010840
48 0.804937 0.065718 0.029364 0.016938
48 0.684737 0.264228 0.018716 0.016260
48 0.714585 0.281843 0.017748 0.014228
48 0.409164 0.077066 0.011617 0.022019
59 0.700710 0.957656 0.008067 0.016260
48 0.666344 0.913449 0.009035 0.024051
48 0.490642 0.704776 0.013875 0.017954
2 0.444982 0.709350 0.021943 0.029133
5 0.725234 0.039634 0.004840 0.002033
48 0.580026 0.092649 0.013230 0.018631
48 0.982736 0.973408 0.030655 0.019309
5 0.446596 0.398374 0.002581 0.006098
11 0.884640 0.247121 0.004840 0.002371
11 0.593579 0.730860 0.006776 0.003049
5 0.948209 0.119072 0.004195 0.002371
5 0.599387 0.743564 0.005486 0.002710
5 0.588093 0.750847 0.017102 0.028117
5 0.585995 0.715955 0.018716 0.026084
48 0.367538 0.030657 0.004518 0.015244
48 0.386738 0.262703 0.015166 0.009824
48 0.413682 0.328760 0.016780 0.036247
48 0.631655 0.754234 0.016457 0.035569
5 0.656663 0.102134 0.003227 0.005081
48 0.361730 0.029302 0.005808 0.013889
48 0.675702 0.104336 0.024524 0.012195
48 0.716037 0.235095 0.013553 0.012195
48 0.913036 0.097900 0.016457 0.017615
48 0.716360 0.190718 0.019361 0.030488
5 0.886092 0.251694 0.004518 0.002710
48 0.380445 0.038618 0.007099 0.022358
48 0.438529 0.082656 0.044530 0.018970
48 0.621491 0.084180 0.014843 0.008469
48 0.782510 0.035400 0.012907 0.013211
48 0.853178 0.063855 0.016780 0.007791
48 0.685705 0.217818 0.016134 0.008808
48 0.935302 0.876016 0.037754 0.020325
48 0.424492 0.298103 0.015166 0.010163
48 0.484350 0.161755 0.019361 0.023374
5 0.828977 0.287093 0.005163 0.004404
48 0.531623 0.280149 0.017102 0.014228
48 0.445628 0.381606 0.015489 0.025407
48 0.646983 0.290650 0.020652 0.024390
48 0.564537 0.136348 0.017748 0.011856
48 0.719264 0.220359 0.010326 0.015244
48 0.703130 0.297934 0.009681 0.009146
48 0.815586 0.132283 0.014521 0.019309
48 0.411423 0.019817 0.017425 0.011179
48 0.456760 0.035908 0.013875 0.014905
48 0.976444 0.259993 0.023879 0.011856
48 0.948370 0.199695 0.017425 0.011856
48 0.597289 0.062500 0.010971 0.013889
5 0.931268 0.273374 0.003227 0.005420
48 0.728461 0.876524 0.017102 0.024729
5 0.570345 0.154641 0.002904 0.006436
10 0.516941 0.675474 0.003227 0.006098
5 0.916586 0.286077 0.002904 0.004404
5 0.886738 0.254743 0.005163 0.004743
48 0.313004 0.050813 0.019361 0.018293
48 0.404163 0.290820 0.015812 0.009146
48 0.501613 0.256436 0.011939 0.018970
48 0.670539 0.116362 0.020652 0.022019
48 0.697806 0.265244 0.008712 0.014228
48 0.957567 0.017954 0.011294 0.013550
5 0.958696 0.110264 0.001936 0.007791
48 0.002743 0.027439 0.005486 0.018970
48 0.383995 0.067412 0.011617 0.030488
48 0.464343 0.262703 0.013553 0.016599
48 0.454824 0.298611 0.019038 0.011856
48 0.481607 0.261518 0.012585 0.015583
48 0.437722 0.399051 0.015166 0.009485
48 0.546789 0.373476 0.033882 0.016599
48 0.591642 0.157859 0.015166 0.011518
48 0.648596 0.109248 0.012262 0.005081
48 0.685221 0.195122 0.015812 0.016260
48 0.683124 0.232385 0.012262 0.013550
48 0.887222 0.020495 0.009358 0.013211
48 0.371410 0.206470 0.023879 0.017276
48 0.933204 0.831978 0.022588 0.018293
48 0.789448 0.222900 0.015812 0.033875
5 0.887222 0.262703 0.005486 0.004404
5 0.568087 0.917852 0.003550 0.005759
48 0.288803 0.147019 0.014843 0.021680
48 0.358503 0.190379 0.030332 0.031165
48 0.490481 0.251863 0.006454 0.012534
48 0.561471 0.086043 0.014843 0.020325
48 0.685060 0.127879 0.011617 0.016599
48 0.781220 0.085366 0.010326 0.016938
48 0.950145 0.214431 0.015812 0.016260
48 0.771539 0.574526 0.009035 0.011518
48 0.653598 0.069953 0.011939 0.019309
5 0.656018 0.116870 0.003227 0.007453
48 0.429171 0.139228 0.017425 0.016260
48 0.700387 0.234925 0.015166 0.011856
48 0.684576 0.293869 0.016457 0.011179
48 0.944660 0.013211 0.009358 0.020325
48 0.941110 0.077236 0.016457 0.012195
48 0.638754 0.824526 0.024847 0.033198
48 0.704259 0.074526 0.009358 0.009485
5 0.926751 0.285061 0.002581 0.005081
5 0.396257 0.381267 0.005808 0.005081
48 0.483220 0.246104 0.015812 0.006436
48 0.441594 0.319275 0.040336 0.012534
48 0.784608 0.135840 0.015812 0.016260
48 0.829461 0.053692 0.017102 0.027439
5 0.784124 0.274390 0.005808 0.003388
48 0.225718 0.048103 0.028074 0.022358
48 0.343014 0.038957 0.008390 0.009485
48 0.560503 0.158706 0.010971 0.009824
48 0.534366 0.046070 0.013553 0.009485
48 0.561955 0.027778 0.009358 0.008130
48 0.325912 0.031843 0.010971 0.012873
48 0.507422 0.296917 0.015812 0.015921
48 0.470636 0.650406 0.016457 0.014228
5 0.913198 0.280996 0.005163 0.006436
5 0.925944 0.273205 0.004195 0.005759
5 0.885931 0.249661 0.005486 0.003388
48 0.865763 0.291159 0.020652 0.015244
48 0.423362 0.044207 0.012262 0.013211
48 0.963698 0.459688 0.019038 0.016938
48 0.524685 0.514566 0.029042 0.016260
48 0.712811 0.073001 0.007744 0.010501
5 0.914650 0.267615 0.002259 0.003388
5 0.489997 0.579946 0.004195 0.008130
48 0.386899 0.269817 0.016134 0.007114
48 0.847531 0.252033 0.018393 0.011518
48 0.795902 0.019309 0.022265 0.016260
48 0.929655 0.019309 0.016134 0.014228
48 0.455308 0.648713 0.016134 0.014228
48 0.774605 0.056402 0.012585 0.026084
48 0.333656 0.018462 0.014198 0.013211
48 0.566796 0.108909 0.011294 0.015244
48 0.708777 0.219004 0.011294 0.017276
48 0.444337 0.011856 0.008390 0.010840
48 0.855437 0.869241 0.033559 0.020325
48 0.780413 0.792344 0.037754 0.016260
48 0.841723 0.092480 0.025492 0.015583
48 0.412714 0.274051 0.020652 0.020325
48 0.506776 0.281165 0.017748 0.012873
48 0.649726 0.153117 0.014521 0.018293
48 0.937883 0.224255 0.010649 0.020325
48 0.579380 0.037263 0.010003 0.006775
5 0.917554 0.269309 0.002259 0.004743
5 0.480962 0.557927 0.006776 0.006775
48 0.556309 0.184282 0.009681 0.016260
48 0.607131 0.111789 0.009358 0.013550
48 0.832527 0.029810 0.011617 0.029133
48 0.851081 0.286077 0.015166 0.024729
53 0.943046 0.281673 0.063569 0.030827
48 0.931107 0.256944 0.070668 0.019986
48 0.349306 0.055556 0.015166 0.018293
48 0.741368 0.135671 0.015166 0.009824
48 0.873830 0.064363 0.015489 0.015583
48 0.965311 0.130420 0.013875 0.016938
48 0.924008 0.220698 0.022911 0.022696
48 0.320426 0.186484 0.022588 0.019309
48 0.493385 0.291328 0.011617 0.021003
48 0.708132 0.263889 0.009358 0.013550
48 0.388674 0.036416 0.007422 0.011179
48 0.865602 0.085366 0.008712 0.010840
48 0.945466 0.102134 0.022588 0.021341
48 0.979671 0.111789 0.010326 0.014905
48 0.981607 0.310976 0.016134 0.010163
48 0.434656 0.591463 0.027751 0.018293
48 0.696031 0.913279 0.038722 0.018293
48 0.565505 0.050982 0.020975 0.009824
48 0.598419 0.245257 0.015812 0.018293
48 0.463375 0.154641 0.014843 0.015921
48 0.704582 0.122798 0.015812 0.021341
48 0.373346 0.036247 0.008390 0.023713
48 0.768474 0.036077 0.011294 0.011856
48 0.975476 0.128388 0.006454 0.011518
48 0.981930 0.297595 0.014843 0.013211
48 0.978864 0.507114 0.020975 0.013550
48 0.756534 0.588076 0.011939 0.013550
48 0.731688 0.797256 0.037754 0.019309
5 0.453211 0.072493 0.004840 0.002033
5 0.438690 0.456301 0.004840 0.004743
48 0.236528 0.075711 0.022588 0.022019
48 0.438045 0.295054 0.012585 0.012195
48 0.559051 0.294207 0.019038 0.012534
48 0.698935 0.219004 0.010326 0.013211
48 0.760891 0.133808 0.016780 0.014228
48 0.790255 0.088076 0.014843 0.010163
48 0.433688 0.023713 0.011617 0.014905
48 0.430784 0.610264 0.022588 0.013211
11 0.610681 0.737635 0.003550 0.010501
5 0.924169 0.285569 0.003227 0.005420
48 0.488706 0.236450 0.010003 0.010840
48 0.918522 0.235772 0.019038 0.008808
48 0.538238 0.620766 0.017425 0.031504
48 0.564537 0.061314 0.019684 0.010163
5 0.903840 0.098577 0.002581 0.006775
48 0.408680 0.057249 0.020975 0.011518
48 0.531623 0.244919 0.010649 0.018293
48 0.887060 0.292175 0.029687 0.018631
48 0.334301 0.032859 0.009681 0.012195
48 0.861730 0.045224 0.009358 0.009824
48 0.913198 0.205115 0.013553 0.009824
48 0.730558 0.845528 0.020652 0.031165
48 0.633430 0.068767 0.009035 0.014228
48 0.569216 0.094851 0.010971 0.012195
48 0.561471 0.244919 0.015489 0.019648
48 0.701033 0.247629 0.013230 0.008808
48 0.856728 0.079268 0.012262 0.021680
48 0.571313 0.010840 0.008712 0.008808
48 0.893837 0.041836 0.012907 0.011856
51 0.463537 0.445969 0.015812 0.037602
48 0.395450 0.279133 0.023556 0.015583
48 0.525492 0.260501 0.013875 0.012195
48 0.673282 0.093496 0.036463 0.015583
48 0.701517 0.282859 0.010326 0.008130
48 0.389319 0.019648 0.018393 0.008808
48 0.896418 0.006944 0.012262 0.011179
48 0.935624 0.085705 0.006776 0.006098
48 0.521136 0.045054 0.014843 0.016938
48 0.666989 0.071816 0.014198 0.015583
48 0.721684 0.047087 0.010649 0.013550
5 0.916909 0.273035 0.002904 0.004743
5 0.921910 0.285738 0.003227 0.005759
5 0.400129 0.376524 0.003872 0.005081
48 0.417877 0.196985 0.016780 0.019309
48 0.555986 0.107893 0.010326 0.011179
48 0.717490 0.264736 0.010649 0.015921
48 0.517748 0.009485 0.011294 0.016260
48 0.929977 0.009485 0.016780 0.010163
48 0.783156 0.568428 0.014198 0.014228
48 0.879477 0.077913 0.015166 0.014228
5 0.904969 0.084519 0.002259 0.006436
48 0.535173 0.299797 0.015812 0.008130
48 0.540497 0.142954 0.007744 0.021003
48 0.540658 0.085705 0.011294 0.016260
48 0.537270 0.106707 0.009035 0.021003
48 0.689577 0.180725 0.017425 0.012534
48 0.683124 0.246443 0.014198 0.015244
48 0.716521 0.251524 0.015166 0.011179
48 0.783479 0.258638 0.014843 0.021341
48 0.741852 0.559790 0.029042 0.016599
48 0.706518 0.095190 0.033882 0.030488
48 0.980962 0.063686 0.020652 0.023035
10 0.538561 0.758808 0.003872 0.008808
5 0.571959 0.960705 0.004840 0.005420
48 0.480639 0.289973 0.011294 0.016260
48 0.459826 0.412771 0.008390 0.013211
48 0.580833 0.244580 0.017425 0.023035
48 0.822201 0.091802 0.012262 0.016938
48 0.717005 0.062500 0.018716 0.009146
5 0.656663 0.112127 0.002581 0.006098
5 0.553566 0.799119 0.006131 0.004743
5 0.516134 0.686484 0.004195 0.005081
48 0.612133 0.161247 0.008390 0.008808
48 0.688609 0.147188 0.014198 0.013211
48 0.796870 0.106030 0.011294 0.021003
48 0.470958 0.040989 0.008712 0.012195
48 0.730074 0.757453 0.032591 0.014905
48 0.749435 0.156335 0.042272 0.031504
48 0.399484 0.075034 0.015489 0.022019
48 0.559858 0.167344 0.012262 0.008130
48 0.346241 0.029472 0.009035 0.007453
48 0.423201 0.022866 0.010003 0.011179
48 0.647790 0.052507 0.015166 0.015583
48 0.641336 0.066226 0.008712 0.007791
