48 0.591417 0.010862 0.077537 0.021725
2 0.672144 0.074198 0.040523 0.031417
48 0.641991 0.270889 0.021698 0.011698
8 0.576899 0.078376 0.006382 0.006350
5 0.536535 0.076203 0.003510 0.002674
5 0.545629 0.105114 0.005105 0.004345
48 0.728462 0.134358 0.008296 0.009358
1 0.592214 0.015207 0.014040 0.015040
5 0.486439 0.009860 0.004148 0.005682
6 0.533025 0.043951 0.006701 0.009024
5 0.496650 0.025067 0.004148 0.004011
5 0.537013 0.031417 0.003191 0.004011
48 0.495373 0.122326 0.009892 0.010695
5 0.472080 0.019051 0.003510 0.004679
5 0.508934 0.030582 0.005743 0.005013
5 0.500319 0.044285 0.003191 0.005013
48 0.425175 0.017380 0.015635 0.016711
5 0.502712 0.021557 0.003510 0.004345
5 0.505265 0.018215 0.003510 0.005682
5 0.488354 0.030414 0.002872 0.006684
5 0.525686 0.005849 0.004148 0.004345
5 0.486758 0.031417 0.003510 0.005348
5 0.494735 0.026404 0.002872 0.003342
5 0.479419 0.014372 0.003510 0.004679
5 0.734365 0.134693 0.003510 0.004679
5 0.481493 0.013202 0.003829 0.005013
43 0.649809 0.147560 0.009253 0.008356
53 0.363752 0.003342 0.033184 0.006684
5 0.475112 0.017213 0.003829 0.005013
53 0.495533 0.044285 0.058073 0.079211
48 0.509094 0.136698 0.017549 0.013369
5 0.482291 0.024900 0.003510 0.005682
53 0.446873 0.036765 0.039247 0.064171
53 0.547224 0.033088 0.045310 0.066176
48 0.748883 0.311163 0.014040 0.008690
5 0.484684 0.033590 0.002553 0.005013
5 0.541161 0.027908 0.004467 0.004345
5 0.541481 0.008857 0.004467 0.005013
5 0.559349 0.005515 0.002553 0.003676
48 0.420868 0.006016 0.028717 0.012032
