48 0.368581 0.012868 0.026475 0.025735
5 0.524242 0.021056 0.003509 0.004011
5 0.477033 0.889372 0.002871 0.005348
5 0.468421 0.920789 0.002233 0.004679
5 0.456459 0.945688 0.001914 0.005013
8 0.874482 0.012199 0.002233 0.004345
8 0.879426 0.014706 0.002552 0.004679
8 0.877033 0.020388 0.002233 0.004679
8 0.879585 0.020889 0.002871 0.005682
8 0.881818 0.022393 0.002233 0.006016
8 0.883413 0.030749 0.002233 0.005348
5 0.962201 0.044619 0.004785 0.002340
5 0.957416 0.047293 0.003509 0.003008
48 0.779107 0.041945 0.011802 0.029746
5 0.408931 0.045120 0.003828 0.007353
48 0.945774 0.054646 0.017225 0.025067
5 0.765550 0.062667 0.002552 0.004345
48 0.965231 0.054144 0.016587 0.016711
5 0.811005 0.029245 0.002871 0.005682
5 0.855821 0.042447 0.004466 0.002674
53 0.851675 0.036932 0.021691 0.053810
5 0.974801 0.066845 0.005742 0.003342
5 0.845455 0.059325 0.002233 0.005682
53 0.959171 0.049799 0.042105 0.061497
5 0.974482 0.064004 0.005104 0.003676
5 0.766029 0.058155 0.004147 0.004679
5 0.848166 0.058991 0.002552 0.005682
48 0.760925 0.005682 0.020734 0.008690
48 0.598405 0.032754 0.018501 0.018717
48 0.605582 0.015709 0.009250 0.013369
5 0.961085 0.066678 0.005742 0.004345
5 0.875598 0.045789 0.005104 0.004011
5 0.708772 0.071691 0.005104 0.002340
5 0.543381 0.096090 0.005423 0.003676
5 0.857895 0.014873 0.004785 0.003676
5 0.947209 0.025735 0.001595 0.004679
8 0.967624 0.121491 0.006061 0.003008
5 0.520734 0.034425 0.002871 0.004679
5 0.867145 0.006016 0.002871 0.004679
48 0.405901 0.026070 0.032855 0.038102
48 0.798086 0.038102 0.019139 0.022727
5 0.948644 0.029078 0.001914 0.004679
5 0.857416 0.027072 0.005104 0.003342
8 0.235247 0.008356 0.003509 0.006684
48 0.758214 0.014873 0.021691 0.012366
5 0.802711 0.104612 0.007974 0.004011
5 0.416268 0.044786 0.001914 0.004011
48 0.764115 0.050134 0.015630 0.012701
15 0.946890 0.118148 0.016268 0.005682
48 0.459809 0.039606 0.018182 0.009024
5 0.485008 0.041444 0.003509 0.004679
8 0.902073 0.115307 0.005742 0.002674
5 0.960606 0.032587 0.002871 0.005013
5 0.472089 0.095588 0.005104 0.003342
5 0.856300 0.039940 0.004785 0.003008
48 0.444338 0.037433 0.007656 0.008021
5 0.955502 0.114639 0.006061 0.004679
5 0.469059 0.072025 0.007337 0.005013
5 0.857735 0.022727 0.006380 0.003342
6 0.725199 0.079044 0.006061 0.004345
48 0.445933 0.021223 0.007018 0.017045
5 0.511802 0.064004 0.004785 0.003676
6 0.871770 0.054144 0.003828 0.007353
5 0.850558 0.058489 0.002871 0.005348
5 0.399522 0.042948 0.003509 0.005682
48 0.735885 0.026905 0.008293 0.017714
48 0.832376 0.017714 0.022648 0.020053
48 0.503828 0.006350 0.018182 0.008690
5 0.930941 0.117146 0.006061 0.003008
48 0.486922 0.027072 0.022010 0.022727
48 0.735726 0.007186 0.006061 0.011698
48 0.759171 0.034091 0.022967 0.023396
5 0.928230 0.064338 0.003190 0.005013
5 0.921531 0.051638 0.002552 0.005013
5 0.631260 0.064505 0.005104 0.003342
5 0.920096 0.029913 0.004147 0.003676
48 0.649601 0.040943 0.008612 0.007019
5 0.481978 0.041611 0.002552 0.006350
5 0.479107 0.040274 0.003190 0.006350
5 0.956459 0.044786 0.005423 0.002674
5 0.854067 0.109626 0.006061 0.004011
5 0.232217 0.010695 0.003190 0.006016
5 0.396013 0.044118 0.004147 0.005348
48 0.780383 0.012533 0.009888 0.021725
5 0.392345 0.041611 0.003190 0.004345
48 0.708453 0.047293 0.019139 0.035094
5 0.780223 0.062333 0.003190 0.003676
6 0.011962 0.050134 0.011802 0.005348
5 0.811643 0.023563 0.004147 0.005682
48 0.654226 0.034091 0.014035 0.009358
5 0.013078 0.016210 0.005742 0.003676
5 0.856778 0.034425 0.004466 0.002005
5 0.856300 0.037099 0.004785 0.003342
8 0.635726 0.080548 0.006380 0.002674
48 0.739872 0.048128 0.012440 0.020722
48 0.749282 0.050969 0.008293 0.013035
48 0.826794 0.045120 0.015949 0.030080
5 0.673525 0.101270 0.004785 0.004011
48 0.883573 0.054311 0.019777 0.029078
