5 0.074770 0.392722 0.005893 0.004902
5 0.079926 0.395551 0.005157 0.003771
5 0.059300 0.388009 0.006630 0.004525
5 0.064088 0.390271 0.005893 0.003771
5 0.069613 0.392534 0.005893 0.005279
5 0.074586 0.395362 0.005525 0.004902
5 0.079374 0.397436 0.006998 0.005279
5 0.058748 0.390460 0.006262 0.004902
5 0.064088 0.392722 0.005893 0.004148
5 0.068324 0.394796 0.005525 0.004525
5 0.072928 0.397436 0.005157 0.004525
5 0.078085 0.399887 0.006630 0.004902
5 0.058379 0.392534 0.006262 0.005279
5 0.062799 0.395173 0.006998 0.005279
5 0.067956 0.397059 0.005525 0.005279
5 0.072744 0.399887 0.005525 0.004902
5 0.077348 0.401772 0.005893 0.004902
5 0.057090 0.394796 0.006630 0.004525
5 0.061694 0.396870 0.006998 0.005656
5 0.066298 0.399510 0.005157 0.004902
5 0.070718 0.401207 0.005157 0.005279
5 0.075875 0.403469 0.005157 0.004525
5 0.055249 0.396682 0.005893 0.004525
5 0.059853 0.399133 0.005525 0.003394
5 0.064273 0.401207 0.006262 0.006033
5 0.068692 0.403469 0.004788 0.004525
5 0.073481 0.405354 0.005525 0.005279
5 0.053959 0.398379 0.005525 0.004148
5 0.059116 0.401018 0.004788 0.003394
5 0.063168 0.403092 0.005525 0.004525
5 0.067587 0.405166 0.005525 0.004902
5 0.072192 0.407994 0.006630 0.005279
5 0.052670 0.400075 0.005893 0.003771
5 0.057090 0.402903 0.005893 0.004148
5 0.061694 0.405166 0.005525 0.004902
5 0.067587 0.407994 0.005525 0.004525
5 0.072007 0.410068 0.005525 0.004148
5 0.051565 0.402715 0.005893 0.005279
5 0.050645 0.405732 0.005525 0.005279
5 0.071455 0.412707 0.004420 0.004148
5 0.069613 0.414781 0.005893 0.005279
5 0.064457 0.412707 0.004420 0.004148
5 0.060037 0.410068 0.004420 0.004902
5 0.061510 0.408183 0.005157 0.003394
5 0.065562 0.410256 0.005893 0.004525
5 0.056169 0.408560 0.006262 0.004148
5 0.050829 0.452866 0.004420 0.004525
48 0.023204 0.460219 0.024309 0.022247
5 0.006814 0.671757 0.004052 0.003394
5 0.009761 0.674208 0.004052 0.004525
11 0.045120 0.653281 0.008471 0.007919
6 0.036832 0.683446 0.005893 0.006410
48 0.023204 0.686463 0.046409 0.102941
48 0.011786 0.774698 0.023573 0.113499
5 0.008103 0.378959 0.003683 0.006033
5 0.082873 0.216817 0.004420 0.006787
5 0.038306 0.212858 0.003683 0.004148
5 0.085267 0.130845 0.005525 0.006033
5 0.092818 0.053733 0.005893 0.004902
5 0.094659 0.050905 0.006630 0.005279
5 0.095396 0.046946 0.005893 0.004148
5 0.096869 0.042798 0.006630 0.004902
5 0.099632 0.039027 0.006262 0.004902
5 0.100000 0.036388 0.004052 0.003394
5 0.101842 0.034691 0.005525 0.005279
5 0.193738 0.039781 0.004420 0.007164
5 0.172376 0.077866 0.005893 0.005656
10 0.167403 0.087104 0.006998 0.006787
5 0.236832 0.096154 0.005893 0.003771
5 0.149171 0.175905 0.005893 0.006410
5 0.187293 0.163084 0.005525 0.005656
5 0.189319 0.160445 0.005893 0.004902
5 0.192634 0.157240 0.005893 0.004525
9 0.194107 0.153846 0.006630 0.006033
5 0.194475 0.150641 0.007366 0.003394
11 0.208287 0.160445 0.012891 0.014706
11 0.222284 0.159691 0.014365 0.013198
11 0.225414 0.148567 0.011050 0.012066
5 0.195396 0.167798 0.006998 0.005279
5 0.197053 0.165158 0.005893 0.005279
5 0.198711 0.162896 0.006262 0.004525
5 0.202947 0.155732 0.006630 0.004525
5 0.203867 0.153469 0.006262 0.005279
5 0.208471 0.145928 0.006630 0.004525
5 0.209024 0.142911 0.005525 0.005279
5 0.203867 0.133296 0.004788 0.004148
5 0.202947 0.135370 0.005157 0.004525
5 0.207735 0.129525 0.005893 0.004148
5 0.208840 0.127640 0.005893 0.004902
5 0.209761 0.125377 0.005525 0.004148
5 0.211050 0.122738 0.005157 0.004902
5 0.212707 0.119910 0.006998 0.005279
5 0.225599 0.112934 0.004788 0.004148
5 0.222836 0.116893 0.005157 0.005279
5 0.221363 0.120098 0.006630 0.004148
5 0.208471 0.129336 0.005893 0.005279
5 0.216390 0.131222 0.006998 0.005279
5 0.217680 0.129336 0.006630 0.005279
5 0.217495 0.125189 0.005525 0.005279
5 0.219705 0.122549 0.007735 0.003771
5 0.183241 0.211350 0.006262 0.005656
5 0.185267 0.208333 0.006630 0.005656
5 0.134254 0.248115 0.005525 0.004525
5 0.162799 0.246229 0.004420 0.005279
5 0.165378 0.241327 0.006630 0.004525
5 0.169245 0.233032 0.004788 0.003017
5 0.170902 0.230015 0.006630 0.004525
5 0.153407 0.218137 0.006998 0.005656
5 0.095948 0.295060 0.005525 0.006410
5 0.098343 0.315988 0.005157 0.004525
5 0.102947 0.318062 0.005525 0.004148
5 0.107735 0.320701 0.006262 0.004148
5 0.113260 0.323529 0.004788 0.005279
5 0.117311 0.325792 0.006262 0.004525
5 0.100000 0.313537 0.006262 0.004148
5 0.104788 0.316176 0.005525 0.004902
5 0.109024 0.318627 0.005893 0.005279
5 0.113812 0.321267 0.005893 0.005279
5 0.118785 0.323152 0.005525 0.004525
5 0.101289 0.311840 0.006630 0.005279
5 0.106262 0.314103 0.006262 0.005279
5 0.110681 0.316554 0.006262 0.004902
5 0.115654 0.318816 0.005893 0.004148
5 0.119890 0.322021 0.006262 0.005279
5 0.102026 0.309578 0.005157 0.003771
5 0.103131 0.307127 0.005157 0.004902
5 0.105157 0.305430 0.005525 0.005279
5 0.106998 0.312217 0.006262 0.004525
5 0.107919 0.309955 0.006630 0.005279
5 0.109576 0.307692 0.006262 0.004525
5 0.111971 0.314291 0.005893 0.004148
5 0.113444 0.312406 0.006630 0.004148
5 0.115654 0.310709 0.006630 0.004525
5 0.116022 0.316931 0.006630 0.004902
5 0.118416 0.314857 0.006262 0.004525
5 0.119337 0.312783 0.005893 0.004148
5 0.121915 0.319570 0.005893 0.004902
5 0.122468 0.317119 0.006262 0.003771
5 0.123757 0.314857 0.006630 0.006033
5 0.061694 0.382730 0.005525 0.004525
5 0.066667 0.385181 0.005157 0.004902
5 0.070534 0.387821 0.004788 0.004148
5 0.075322 0.390460 0.006998 0.004148
5 0.081031 0.392911 0.005157 0.003771
5 0.060589 0.384992 0.005525 0.004525
5 0.065378 0.387821 0.005525 0.004902
5 0.070166 0.390083 0.005525 0.004902
2 0.195580 0.899510 0.043462 0.040347
2 0.301105 0.739065 0.062983 0.042232
48 0.058564 0.605204 0.117127 0.120664
48 0.234807 0.080505 0.023204 0.018477
48 0.244751 0.068627 0.017311 0.015083
48 0.250092 0.057692 0.014733 0.012821
6 0.273849 0.070890 0.006262 0.006787
6 0.276427 0.066365 0.006998 0.006033
5 0.279374 0.061086 0.004052 0.005279
5 0.281215 0.057692 0.004788 0.005279
5 0.282689 0.054487 0.005525 0.006410
5 0.284346 0.051282 0.004420 0.005279
48 0.100000 0.014706 0.090239 0.029412
6 0.588766 0.049020 0.008471 0.013575
11 0.199079 0.035633 0.009208 0.013198
5 0.206262 0.016780 0.004420 0.004902
6 0.376796 0.107655 0.008103 0.011689
6 0.368692 0.089367 0.007366 0.012066
6 0.360958 0.086916 0.008103 0.010935
6 0.362063 0.092760 0.008103 0.010558
6 0.362247 0.101244 0.006998 0.010935
6 0.355249 0.097851 0.007735 0.011689
10 0.357643 0.101621 0.005157 0.007919
10 0.018416 0.317119 0.005893 0.006033
5 0.075691 0.333899 0.004052 0.004148
8 0.143646 0.183446 0.005157 0.005656
48 0.010866 0.033183 0.021731 0.056561
10 0.030018 0.156109 0.005525 0.010558
6 0.335175 0.008484 0.005893 0.004148
6 0.334622 0.012632 0.012155 0.008673
6 0.325230 0.003017 0.013996 0.006033
6 0.323389 0.006033 0.012523 0.006787
48 0.814917 0.727376 0.013628 0.018100
48 0.802762 0.725679 0.032781 0.052413
48 0.815838 0.687029 0.017680 0.024133
48 0.798527 0.694193 0.030203 0.049020
5 0.807182 0.701735 0.004052 0.004525
48 0.781031 0.723982 0.008471 0.012066
48 0.823941 0.658937 0.014733 0.013952
48 0.828361 0.756787 0.009576 0.007541
48 0.771639 0.930053 0.007366 0.007919
5 0.056354 0.245664 0.005157 0.005656
5 0.047145 0.130845 0.004420 0.002262
9 0.075322 0.184201 0.004788 0.006410
5 0.143831 0.087670 0.003315 0.004148
5 0.161694 0.154600 0.003683 0.005279
5 0.197790 0.147436 0.005893 0.004525
5 0.187293 0.184201 0.005525 0.004148
5 0.206814 0.148756 0.005525 0.004148
8 0.212707 0.138763 0.006262 0.004525
5 0.214917 0.134050 0.005525 0.004148
5 0.181215 0.214178 0.005893 0.005279
5 0.169797 0.224925 0.005893 0.004902
5 0.157643 0.246041 0.005157 0.004148
8 0.164273 0.243967 0.006630 0.004525
5 0.056722 0.404412 0.005157 0.002640
5 0.107182 0.330694 0.005893 0.004525
2 0.274217 0.766214 0.070350 0.053544
9 0.138490 0.242270 0.005893 0.004148
5 0.050829 0.368213 0.002947 0.004902
5 0.058748 0.353130 0.003315 0.004148
5 0.069797 0.333899 0.003315 0.004902
5 0.133702 0.227376 0.003683 0.004525
5 0.215838 0.111237 0.005893 0.003771
5 0.063904 0.378394 0.004788 0.003394
5 0.288398 0.032994 0.003683 0.004902
5 0.159300 0.203431 0.005525 0.004148
5 0.181031 0.203054 0.005525 0.002640
5 0.235543 0.132541 0.004052 0.006410
5 0.252118 0.100113 0.003315 0.005656
5 0.085083 0.386124 0.005157 0.003017
5 0.021547 0.354827 0.003315 0.004525
5 0.061510 0.348228 0.004420 0.004902
5 0.078637 0.317308 0.003315 0.004902
5 0.151934 0.197775 0.004052 0.004902
5 0.156722 0.261312 0.004788 0.003017
5 0.199448 0.113122 0.003315 0.004525
5 0.080847 0.380656 0.006262 0.003394
5 0.050829 0.306750 0.003683 0.004902
5 0.045488 0.378394 0.004052 0.004902
5 0.105709 0.278469 0.003683 0.004148
5 0.104236 0.270173 0.003683 0.004902
5 0.140516 0.203243 0.004052 0.004525
5 0.155249 0.263952 0.005525 0.003017
5 0.179742 0.205128 0.005157 0.003017
5 0.198711 0.142911 0.004788 0.002262
5 0.098711 0.213801 0.003683 0.004525
2 0.029282 0.864253 0.036464 0.036199
5 0.089687 0.296380 0.003315 0.004525
5 0.087109 0.241516 0.003315 0.004902
5 0.106446 0.244155 0.004420 0.005656
5 0.161878 0.235860 0.004788 0.003394
5 0.218232 0.109163 0.004788 0.003394
5 0.243462 0.046757 0.005157 0.003017
5 0.031123 0.486614 0.004788 0.004902
5 0.274033 0.050151 0.003683 0.004525
5 0.298343 0.004902 0.004420 0.005279
2 0.212155 0.539970 0.044199 0.035445
5 0.109761 0.260558 0.003683 0.005279
5 0.126519 0.228507 0.004052 0.005279
5 0.168877 0.155732 0.004052 0.004525
5 0.144199 0.232843 0.005525 0.003394
5 0.195764 0.119910 0.004052 0.005279
2 0.754696 0.007730 0.035359 0.015460
5 0.081584 0.297323 0.003315 0.004902
5 0.074033 0.245287 0.002947 0.003394
5 0.201657 0.157994 0.006262 0.002262
5 0.151750 0.115950 0.004420 0.005656
6 0.040147 0.255091 0.005157 0.006410
5 0.076980 0.366893 0.005893 0.003771
5 0.075875 0.378394 0.005157 0.002640
5 0.086188 0.383861 0.005893 0.003771
5 0.081952 0.390837 0.004788 0.002640
5 0.063904 0.343326 0.003315 0.004148
5 0.118600 0.244532 0.003683 0.004902
5 0.134991 0.213801 0.004052 0.005279
5 0.156722 0.223228 0.005525 0.003771
5 0.150092 0.257730 0.005525 0.003394
5 0.181952 0.177413 0.005893 0.003394
5 0.195212 0.141026 0.003683 0.003771
5 0.206077 0.151207 0.004788 0.003017
5 0.208103 0.105204 0.003683 0.004525
5 0.071271 0.375943 0.005525 0.003771
5 0.078453 0.385747 0.005893 0.003771
5 0.048250 0.372926 0.004420 0.004525
5 0.151934 0.181938 0.004052 0.004902
5 0.115101 0.251131 0.003315 0.004525
5 0.140700 0.246983 0.005893 0.003017
5 0.223573 0.128959 0.002947 0.004525
5 0.062615 0.380656 0.004420 0.002640
5 0.249724 0.033560 0.004420 0.003017
5 0.095580 0.266403 0.003315 0.004902
5 0.128177 0.165913 0.002947 0.003771
5 0.077901 0.376131 0.006262 0.003394
5 0.066483 0.373492 0.004788 0.003394
5 0.055985 0.358786 0.003683 0.005656
5 0.147330 0.228130 0.004420 0.003017
5 0.120626 0.132164 0.004052 0.005656
5 0.045304 0.462858 0.004420 0.005656
5 0.093002 0.291101 0.004052 0.005279
5 0.129834 0.223039 0.004052 0.004148
5 0.189319 0.180995 0.005893 0.003771
5 0.226519 0.123680 0.004420 0.005279
5 0.045120 0.310520 0.004052 0.005656
5 0.054328 0.294872 0.003315 0.003771
5 0.049724 0.349359 0.003683 0.004902
5 0.116575 0.260181 0.003315 0.004525
5 0.121179 0.239065 0.003683 0.004525
5 0.140700 0.143100 0.003683 0.004902
5 0.125783 0.142157 0.004052 0.005279
5 0.040700 0.470400 0.004052 0.004902
5 0.073297 0.383296 0.005157 0.003394
5 0.076980 0.388198 0.005157 0.002640
5 0.169982 0.163273 0.004052 0.004525
5 0.225046 0.132164 0.002947 0.004148
2 0.002394 0.953997 0.004788 0.030166
5 0.086556 0.302036 0.003683 0.004525
5 0.098343 0.280732 0.003683 0.004148
6 0.094475 0.234540 0.004788 0.005279
5 0.124309 0.233786 0.003315 0.004525
5 0.149355 0.222851 0.004788 0.003017
5 0.209576 0.115008 0.002947 0.003771
6 0.244751 0.088424 0.009945 0.010935
5 0.177532 0.077112 0.004420 0.005656
5 0.017127 0.253205 0.004052 0.004902
5 0.209392 0.019608 0.004788 0.004525
2 0.277164 0.408937 0.045304 0.038084
5 0.115654 0.327866 0.005893 0.003394
5 0.043094 0.382541 0.002947 0.003394
5 0.075691 0.321833 0.003315 0.004148
5 0.114365 0.272247 0.003315 0.004525
5 0.101657 0.275075 0.004420 0.004902
5 0.184162 0.138952 0.003683 0.004902
5 0.214733 0.147624 0.003683 0.004902
5 0.205341 0.131410 0.004788 0.002640
5 0.203867 0.106523 0.004052 0.005656
5 0.174033 0.056184 0.004052 0.004525
5 0.150276 0.075226 0.003683 0.004902
2 0.224125 0.889140 0.076243 0.045249
2 0.601473 0.184012 0.032413 0.027903
5 0.106814 0.265271 0.003683 0.004902
5 0.139227 0.240008 0.005157 0.002640
5 0.214549 0.113688 0.006262 0.002640
5 0.027072 0.309389 0.004052 0.005656
5 0.033702 0.345777 0.003315 0.003771
5 0.296685 0.020362 0.004788 0.004525
5 0.103315 0.284314 0.003315 0.004525
5 0.137569 0.208522 0.004052 0.004525
5 0.148987 0.225490 0.004788 0.003017
5 0.172376 0.177225 0.003683 0.004525
5 0.067772 0.383296 0.005157 0.002640
5 0.092634 0.312029 0.004052 0.005656
2 0.548987 0.262821 0.059300 0.046003
5 0.175691 0.211350 0.005157 0.003394
2 0.551750 0.046946 0.039779 0.035068
2 0.308656 0.715121 0.053775 0.048643
5 0.095764 0.285068 0.002210 0.003771
5 0.124678 0.219457 0.004052 0.005279
5 0.132044 0.218703 0.004052 0.005279
5 0.150092 0.186652 0.004052 0.004525
5 0.140516 0.237745 0.004788 0.003394
5 0.153775 0.214555 0.005525 0.003771
5 0.188214 0.115762 0.003683 0.004525
5 0.206262 0.121418 0.003683 0.005279
5 0.095764 0.199284 0.005157 0.004902
5 0.062063 0.229261 0.004788 0.006033
5 0.291897 0.016591 0.004052 0.005279
5 0.158564 0.172134 0.004052 0.005656
8 0.148619 0.015271 0.004788 0.004902
5 0.112523 0.256033 0.003315 0.004525
5 0.179742 0.179676 0.004420 0.003394
5 0.193186 0.172888 0.005525 0.003394
5 0.155433 0.177036 0.003683 0.005656
5 0.142541 0.235294 0.004420 0.003017
5 0.200368 0.141214 0.004420 0.002640
5 0.067587 0.321644 0.004052 0.004525
5 0.310681 0.002074 0.003315 0.004148
5 0.081215 0.312594 0.003315 0.004525
5 0.161694 0.166478 0.003683 0.004902
5 0.168508 0.143854 0.004052 0.004902
5 0.177716 0.220023 0.006262 0.003394
5 0.206262 0.113688 0.003683 0.005656
6 0.255433 0.083145 0.005525 0.006410
5 0.110497 0.201923 0.004420 0.004902
5 0.073112 0.373492 0.005525 0.003394
5 0.143462 0.197775 0.004052 0.004902
5 0.218048 0.142534 0.003683 0.004525
5 0.179558 0.066931 0.004052 0.004148
5 0.138122 0.036388 0.004420 0.005656
2 0.199079 0.930241 0.053407 0.042986
5 0.053223 0.363122 0.003315 0.003771
5 0.067035 0.338235 0.003683 0.004525
5 0.146777 0.192308 0.004052 0.004525
5 0.193554 0.129336 0.003315 0.003771
5 0.247698 0.098982 0.003315 0.005656
5 0.272376 0.073718 0.003315 0.004148
5 0.083241 0.388952 0.005893 0.003394
5 0.071639 0.385558 0.005525 0.002640
2 0.250829 0.836916 0.086188 0.064480
8 0.083241 0.053356 0.005157 0.006410
5 0.034991 0.479449 0.004420 0.004902
5 0.178821 0.029223 0.004052 0.004902
5 0.181215 0.017911 0.003683 0.004902
2 0.061878 0.826923 0.050829 0.044495
6 0.060773 0.288273 0.009576 0.010935
2 0.255064 0.454374 0.047514 0.046003
5 0.083794 0.307315 0.004052 0.004525
5 0.242173 0.112179 0.006262 0.004148
5 0.269797 0.079563 0.003315 0.003771
5 0.202762 0.072021 0.004052 0.004525
5 0.080295 0.247172 0.004420 0.005656
2 0.510313 0.342195 0.034991 0.031297
5 0.141805 0.221342 0.002947 0.004525
5 0.164457 0.161953 0.004788 0.004902
5 0.248435 0.105204 0.004052 0.004525
5 0.068324 0.380845 0.005525 0.003771
5 0.304420 0.002262 0.003315 0.004525
2 0.307182 0.371983 0.048619 0.038839
5 0.190055 0.158937 0.005157 0.002640
5 0.200368 0.159879 0.005893 0.002262
5 0.271087 0.076546 0.003683 0.004525
5 0.172560 0.065799 0.003315 0.004902
5 0.168877 0.035256 0.004052 0.005656
2 0.182320 0.574284 0.051565 0.037707
