48 0.071823 0.006596 0.041252 0.013193
48 0.450276 0.010366 0.011418 0.020731
48 0.502947 0.009046 0.018048 0.018093
48 0.416943 0.001885 0.019153 0.003769
48 0.393923 0.005842 0.030571 0.011685
48 0.323020 0.002827 0.007366 0.005654
48 0.171271 0.003392 0.017680 0.006785
5 0.819153 0.003958 0.003683 0.005654
48 0.734438 0.008669 0.057459 0.015831
5 0.045672 0.007916 0.004420 0.005277
5 0.069982 0.129099 0.005893 0.004146
5 0.114549 0.135319 0.006630 0.003769
5 0.104052 0.137203 0.006262 0.003769
5 0.151381 0.152092 0.007366 0.004146
5 0.175691 0.160384 0.005157 0.003392
5 0.254144 0.179608 0.005157 0.003392
5 0.222099 0.179420 0.005157 0.003015
5 0.291160 0.194120 0.005525 0.003769
5 0.260589 0.217490 0.005525 0.004523
48 0.278637 0.228986 0.017311 0.016208
11 0.233702 0.211459 0.011418 0.005277
5 0.118785 0.211082 0.004788 0.004523
5 0.070534 0.233886 0.004788 0.005654
5 0.065562 0.251225 0.006630 0.004900
5 0.067219 0.242367 0.004052 0.006785
5 0.112523 0.249906 0.003315 0.003769
5 0.130203 0.244252 0.006262 0.005277
48 0.075875 0.277233 0.015470 0.010931
5 0.115838 0.191858 0.004788 0.005277
48 0.034070 0.287599 0.007735 0.010554
48 0.030018 0.288164 0.012891 0.016962
48 0.047698 0.292688 0.010681 0.016208
48 0.011602 0.281191 0.012891 0.017339
48 0.011971 0.303807 0.015101 0.020354
48 0.008656 0.340558 0.008471 0.013946
5 0.090792 0.372786 0.004788 0.003769
5 0.110866 0.378816 0.005157 0.003769
5 0.110681 0.429702 0.005525 0.003769
48 0.095948 0.436864 0.016575 0.021108
48 0.018600 0.570486 0.027624 0.016208
48 0.015285 0.614210 0.013628 0.012439
48 0.098895 0.731813 0.010681 0.009423
48 0.099263 0.717678 0.004052 0.004523
48 0.100921 0.715040 0.006630 0.005277
48 0.103315 0.711270 0.008471 0.007539
48 0.098343 0.708066 0.006630 0.005654
5 0.048250 0.726724 0.004420 0.002262
5 0.060221 0.725405 0.006262 0.004146
48 0.013076 0.723521 0.007735 0.006408
5 0.016022 0.709386 0.006998 0.004523
48 0.416575 0.010177 0.018416 0.014323
5 0.436280 0.076517 0.004788 0.002262
5 0.453959 0.072371 0.004052 0.003769
5 0.162615 0.950999 0.004052 0.003015
5 0.161142 0.978892 0.004788 0.003769
48 0.010866 0.907652 0.012155 0.012062
48 0.016943 0.863551 0.015470 0.014323
48 0.084346 0.848096 0.016206 0.015831
48 0.119521 0.777422 0.010681 0.011685
48 0.158564 0.688654 0.009208 0.010554
48 0.018785 0.798907 0.020626 0.013946
48 0.010681 0.831511 0.011786 0.011308
48 0.162615 0.619487 0.016575 0.010931
48 0.295028 0.368451 0.011050 0.010931
48 0.390976 0.333396 0.009208 0.010177
48 0.397422 0.254994 0.012523 0.012439
48 0.318785 0.161892 0.010681 0.008669
48 0.314917 0.168300 0.008103 0.006408
48 0.403499 0.161704 0.016575 0.009800
48 0.417680 0.150019 0.006630 0.007539
48 0.374770 0.096683 0.008471 0.008669
48 0.355064 0.053147 0.005893 0.005277
48 0.381584 0.050509 0.008840 0.005277
48 0.830755 0.391255 0.062983 0.018093
5 0.414917 0.113833 0.004788 0.003015
5 0.438306 0.107426 0.002210 0.004523
5 0.891713 0.188466 0.004420 0.003769
5 0.597422 0.444779 0.004420 0.005277
5 0.160589 0.955522 0.003683 0.003015
48 0.087845 0.838485 0.014365 0.014700
48 0.108287 0.802676 0.015470 0.010177
48 0.136096 0.735017 0.013628 0.014323
48 0.079006 0.787599 0.010681 0.010177
48 0.037937 0.757256 0.041989 0.023370
48 0.053775 0.709574 0.018416 0.014700
48 0.127256 0.691104 0.017311 0.012439
48 0.175138 0.596683 0.015838 0.012816
48 0.300737 0.418206 0.014365 0.007916
48 0.360221 0.304372 0.008103 0.007916
48 0.492081 0.276668 0.011786 0.012816
48 0.316575 0.178289 0.008471 0.009800
48 0.357827 0.103279 0.010681 0.015077
48 0.392818 0.099698 0.008471 0.013946
48 0.322468 0.067282 0.011418 0.010177
48 0.350645 0.113080 0.006630 0.006785
5 0.426519 0.084621 0.002210 0.004900
5 0.533149 0.077836 0.001842 0.004146
5 0.151934 0.994158 0.004052 0.003392
5 0.039595 0.954957 0.002578 0.003392
5 0.034991 0.965511 0.003683 0.005654
48 0.049355 0.897286 0.010313 0.009423
48 0.074033 0.866189 0.015470 0.009046
48 0.119521 0.788164 0.012155 0.009800
48 0.072744 0.773652 0.013628 0.013193
48 0.033886 0.727667 0.013260 0.010931
48 0.105157 0.742556 0.009945 0.013570
48 0.007366 0.390313 0.014733 0.015454
48 0.191897 0.566151 0.017680 0.015077
48 0.270902 0.627403 0.054144 0.041839
48 0.347882 0.203920 0.015101 0.015077
48 0.333886 0.161892 0.010681 0.008669
48 0.355801 0.113456 0.006630 0.006785
48 0.024678 0.936864 0.011050 0.008669
48 0.357459 0.502262 0.073297 0.049378
48 0.179558 0.704862 0.028361 0.035432
5 0.416759 0.084244 0.002578 0.004900
5 0.166114 0.970599 0.004420 0.003769
5 0.160589 0.981342 0.005157 0.004146
5 0.032044 0.970411 0.002947 0.004900
48 0.046593 0.847343 0.016575 0.015831
48 0.033333 0.788164 0.011418 0.007539
48 0.095028 0.722013 0.011786 0.010931
48 0.110497 0.695251 0.015470 0.011685
48 0.131308 0.680739 0.016575 0.013570
48 0.186372 0.550697 0.012523 0.009046
48 0.197053 0.544666 0.013996 0.011308
48 0.221547 0.487938 0.016575 0.018470
48 0.272192 0.374293 0.014733 0.009800
48 0.297053 0.310780 0.015838 0.012439
48 0.311786 0.305692 0.009945 0.010554
48 0.376611 0.112137 0.012891 0.007916
48 0.799632 0.342443 0.139963 0.039578
5 0.448619 0.163400 0.003683 0.004900
5 0.404236 0.083867 0.003315 0.004146
5 0.073112 0.890878 0.003315 0.004146
5 0.070166 0.895967 0.004052 0.004523
48 0.064273 0.861666 0.010681 0.006785
48 0.134254 0.742933 0.015101 0.010554
48 0.013628 0.824161 0.013996 0.010931
48 0.210866 0.532416 0.023941 0.010931
48 0.255433 0.422164 0.012155 0.009046
48 0.277164 0.360724 0.007735 0.008292
48 0.285083 0.336412 0.014733 0.008669
48 0.319705 0.324538 0.009576 0.009800
48 0.434622 0.366943 0.040516 0.026008
48 0.381952 0.342443 0.012523 0.013193
48 0.381400 0.328873 0.014365 0.010177
48 0.304420 0.637203 0.023204 0.016962
48 0.235912 0.653223 0.026151 0.031662
48 0.472928 0.211836 0.038306 0.017339
48 0.331860 0.150019 0.008840 0.006031
48 0.357090 0.051451 0.004788 0.007162
48 0.329098 0.011119 0.014365 0.013193
48 0.013996 0.981907 0.015470 0.014323
48 0.103315 0.988504 0.044567 0.022993
48 0.787293 0.483038 0.093923 0.065209
5 0.443646 0.144930 0.003315 0.004900
5 0.414733 0.075952 0.004420 0.001885
5 0.555985 0.050886 0.002578 0.004523
48 0.013812 0.872220 0.015101 0.012062
48 0.149724 0.829815 0.041621 0.030531
48 0.155433 0.712213 0.016943 0.010931
48 0.022836 0.784772 0.013996 0.009800
48 0.337753 0.277422 0.016943 0.015077
48 0.406814 0.410290 0.009945 0.009423
48 0.395764 0.294007 0.012155 0.008292
48 0.233886 0.555597 0.017680 0.011308
48 0.416390 0.166227 0.012891 0.011308
48 0.342357 0.186958 0.008471 0.007539
48 0.374586 0.174519 0.007366 0.006785
48 0.345856 0.157934 0.016206 0.011308
48 0.348250 0.149453 0.009945 0.007916
5 0.406814 0.084621 0.002578 0.004146
5 0.412155 0.077648 0.004420 0.002262
5 0.530939 0.067659 0.002578 0.004146
5 0.531492 0.535620 0.003683 0.005277
5 0.155985 0.965511 0.005525 0.004146
5 0.057459 0.920467 0.003683 0.003769
5 0.050092 0.935922 0.002947 0.003769
48 0.096133 0.807199 0.013996 0.015454
48 0.256906 0.456087 0.010681 0.012816
48 0.303499 0.414436 0.015470 0.010177
48 0.384899 0.355258 0.013996 0.013193
48 0.396501 0.300226 0.015101 0.010931
48 0.374586 0.278741 0.012523 0.010177
48 0.416206 0.178666 0.013996 0.012816
48 0.334438 0.203732 0.013260 0.008669
48 0.394291 0.149830 0.012891 0.013193
5 0.422099 0.113456 0.005893 0.003015
5 0.418048 0.107614 0.004420 0.003392
48 0.087661 0.819261 0.017680 0.017716
48 0.124862 0.781568 0.008840 0.007916
48 0.035912 0.773276 0.040884 0.022239
48 0.301657 0.424991 0.015470 0.010931
48 0.288029 0.377120 0.011786 0.007916
48 0.286188 0.329250 0.015470 0.012439
48 0.281031 0.354316 0.011050 0.009046
48 0.311786 0.287976 0.012891 0.011308
48 0.343462 0.258387 0.011418 0.011685
48 0.347330 0.251413 0.011786 0.009800
48 0.364273 0.390878 0.012523 0.012816
48 0.396685 0.368451 0.030203 0.019224
48 0.318416 0.655296 0.031308 0.032793
48 0.267219 0.683566 0.084346 0.047116
48 0.346225 0.177346 0.008840 0.011685
48 0.377348 0.190351 0.013628 0.012816
48 0.354880 0.090087 0.010681 0.012062
48 0.332965 0.064078 0.016206 0.017339
48 0.355985 0.067094 0.009945 0.006031
48 0.342357 0.019224 0.013628 0.008292
48 0.877532 0.409725 0.025414 0.036185
5 0.171271 0.962307 0.004420 0.003015
48 0.128913 0.751037 0.014733 0.015454
48 0.158195 0.707124 0.015101 0.010554
48 0.064825 0.713343 0.014733 0.022993
48 0.058011 0.700151 0.013628 0.012439
48 0.120442 0.672258 0.013996 0.011685
48 0.272376 0.411233 0.009208 0.006785
48 0.286004 0.361854 0.012891 0.011308
48 0.320258 0.295891 0.015101 0.009800
48 0.374217 0.350170 0.014733 0.012062
48 0.377348 0.364493 0.015101 0.015077
48 0.247882 0.713343 0.079558 0.048624
48 0.319337 0.170185 0.008840 0.010177
48 0.376059 0.154919 0.012523 0.009800
5 0.423941 0.084621 0.002947 0.004146
48 0.014365 0.788164 0.012523 0.007539
48 0.029466 0.601583 0.012523 0.016585
48 0.286004 0.465888 0.009945 0.011308
48 0.272007 0.384093 0.013628 0.012816
48 0.274217 0.369959 0.010681 0.007162
48 0.315470 0.335469 0.012891 0.009800
48 0.353223 0.362797 0.011786 0.011685
48 0.349540 0.186770 0.011050 0.009423
48 0.374586 0.148511 0.009576 0.009046
48 0.214917 0.641161 0.034254 0.030908
48 0.494659 0.093479 0.033149 0.016585
5 0.442726 0.076706 0.005157 0.002639
5 0.154696 0.967584 0.004420 0.003769
5 0.064825 0.905767 0.003683 0.004523
48 0.125783 0.772710 0.012155 0.010554
48 0.047882 0.816811 0.020626 0.016585
48 0.060221 0.822088 0.012891 0.012816
48 0.070534 0.805126 0.013628 0.011308
48 0.115654 0.716170 0.014733 0.016585
48 0.177532 0.566151 0.013260 0.011308
48 0.195396 0.534301 0.015838 0.010177
48 0.207182 0.460045 0.009945 0.013193
48 0.323941 0.317942 0.011418 0.008669
48 0.325414 0.287787 0.013628 0.009423
48 0.317495 0.401809 0.015470 0.010554
48 0.209576 0.588767 0.010313 0.010554
48 0.226703 0.583867 0.008471 0.010554
48 0.341068 0.089144 0.006630 0.007162
48 0.388766 0.066152 0.014365 0.011685
48 0.199079 0.626084 0.012155 0.009800
5 0.408103 0.077648 0.004420 0.002262
5 0.715654 0.240482 0.002947 0.004523
5 0.037569 0.960045 0.002947 0.003769
48 0.058564 0.892763 0.013260 0.010931
48 0.076980 0.838108 0.018416 0.020731
48 0.093554 0.828119 0.018416 0.013570
48 0.127072 0.762721 0.017680 0.013193
48 0.022099 0.885978 0.012523 0.009423
48 0.027624 0.793818 0.008103 0.008292
48 0.006262 0.728044 0.008840 0.012439
48 0.291897 0.443083 0.023204 0.013946
48 0.313444 0.342066 0.013996 0.013193
48 0.327072 0.260460 0.013996 0.013570
48 0.374586 0.313042 0.014733 0.014700
48 0.379190 0.291557 0.009945 0.006408
48 0.383057 0.283453 0.010313 0.012062
48 0.462431 0.276291 0.010681 0.011308
48 0.339227 0.194685 0.011050 0.012439
48 0.387661 0.161704 0.015838 0.012062
48 0.279374 0.095552 0.013628 0.013193
48 0.343646 0.007162 0.008840 0.009046
48 0.014180 0.973992 0.023941 0.014323
48 0.716759 0.340181 0.025783 0.035055
5 0.438674 0.085564 0.002947 0.005277
5 0.732781 0.265360 0.003315 0.004523
5 0.729466 0.271391 0.004052 0.004523
5 0.165746 0.947041 0.002947 0.001885
5 0.143831 0.912363 0.004788 0.003392
5 0.029282 0.975123 0.004052 0.004523
48 0.106446 0.811723 0.013996 0.010177
48 0.011602 0.759329 0.021731 0.013193
48 0.135912 0.648323 0.013996 0.013570
48 0.201105 0.555032 0.011786 0.010177
48 0.333702 0.398605 0.011050 0.011685
48 0.481400 0.138145 0.023573 0.015454
48 0.382689 0.212024 0.011786 0.005654
48 0.387293 0.180927 0.006998 0.005277
48 0.400368 0.205051 0.010313 0.012062
48 0.397790 0.168112 0.011050 0.007539
48 0.344567 0.091971 0.005525 0.007539
48 0.388950 0.077271 0.008103 0.010554
5 0.536280 0.016397 0.002947 0.004900
5 0.742173 0.246890 0.003683 0.004523
5 0.026703 0.980400 0.003315 0.004523
48 0.006262 0.885224 0.011050 0.007916
48 0.145672 0.713720 0.012891 0.010177
48 0.051565 0.838485 0.011050 0.007916
48 0.087661 0.736148 0.008840 0.009046
48 0.127072 0.663023 0.014733 0.014323
48 0.217680 0.475123 0.012523 0.010177
48 0.274401 0.469657 0.010313 0.008292
48 0.291529 0.320580 0.014365 0.011685
48 0.335175 0.250848 0.012523 0.009423
48 0.373665 0.388805 0.008471 0.007916
48 0.428177 0.392763 0.024678 0.027893
48 0.376243 0.199585 0.013628 0.009423
48 0.387293 0.169808 0.012891 0.008669
48 0.345120 0.168112 0.012523 0.010554
48 0.393554 0.122691 0.009208 0.013946
48 0.327993 0.020920 0.015101 0.007162
5 0.409024 0.084056 0.002578 0.003769
48 0.068508 0.854881 0.015470 0.015077
48 0.076427 0.794949 0.009945 0.010554
48 0.113996 0.687712 0.015838 0.014700
48 0.161510 0.596118 0.014365 0.016208
48 0.201657 0.522616 0.016575 0.015454
48 0.387845 0.400678 0.040516 0.025631
48 0.228177 0.565586 0.019521 0.018470
48 0.316390 0.447795 0.059669 0.078402
48 0.374770 0.462307 0.080663 0.053147
48 0.384162 0.149830 0.013260 0.010177
48 0.337753 0.130607 0.011050 0.007162
48 0.339042 0.123257 0.013628 0.013570
48 0.378821 0.098945 0.009208 0.010177
48 0.471639 0.029212 0.047514 0.017716
48 0.540331 0.602714 0.101657 0.157557
48 0.047330 0.902940 0.005525 0.004900
48 0.112523 0.776479 0.009208 0.008292
48 0.151750 0.726913 0.010313 0.013946
48 0.147514 0.706370 0.009945 0.009046
48 0.019521 0.816623 0.009576 0.008669
48 0.012707 0.592725 0.020994 0.035809
48 0.154328 0.608368 0.012523 0.016585
48 0.211786 0.499246 0.016943 0.016962
48 0.266483 0.391821 0.011418 0.009423
48 0.313076 0.315869 0.011050 0.009800
48 0.396133 0.381267 0.019521 0.016208
48 0.358195 0.335092 0.013628 0.015077
48 0.402947 0.267433 0.008840 0.006408
48 0.398711 0.174708 0.012155 0.008669
48 0.327624 0.143799 0.014365 0.007162
48 0.346225 0.101960 0.011050 0.006408
48 0.358564 0.081229 0.006998 0.004146
48 0.352118 0.008292 0.011050 0.008292
5 0.445856 0.085375 0.002578 0.004146
5 0.167219 0.968526 0.003683 0.003392
5 0.157643 0.963438 0.004420 0.003769
5 0.052302 0.931022 0.003683 0.004523
48 0.025599 0.859593 0.014365 0.010931
48 0.151013 0.700905 0.010313 0.007162
48 0.055433 0.832077 0.013628 0.011685
48 0.054328 0.798907 0.015838 0.012439
48 0.009945 0.775349 0.016943 0.010554
48 0.232413 0.492838 0.013260 0.010931
48 0.216943 0.451376 0.018416 0.013946
48 0.247145 0.455145 0.013996 0.010177
48 0.351197 0.348096 0.012891 0.015454
48 0.372744 0.324727 0.011050 0.010931
48 0.347145 0.081606 0.005525 0.005654
48 0.033702 0.915379 0.006998 0.007162
48 0.471087 0.011308 0.033886 0.014323
48 0.909208 0.501131 0.065930 0.071240
5 0.406262 0.079721 0.005157 0.002639
5 0.412339 0.079910 0.004788 0.002262
5 0.448803 0.076894 0.004052 0.002262
5 0.724309 0.180927 0.003315 0.004523
5 0.168324 0.966076 0.004420 0.003769
5 0.067587 0.900302 0.003315 0.004146
5 0.062615 0.910290 0.002947 0.003769
48 0.124678 0.802488 0.021731 0.021862
48 0.142357 0.724086 0.015101 0.015077
48 0.066851 0.781191 0.017311 0.013193
48 0.214180 0.523747 0.018048 0.009423
48 0.304788 0.318130 0.010681 0.012062
48 0.325046 0.308519 0.011418 0.011685
48 0.302762 0.299284 0.015470 0.014323
48 0.365562 0.306069 0.012155 0.009800
48 0.393554 0.192235 0.023941 0.015077
48 0.349355 0.140784 0.009945 0.012439
48 0.283794 0.085752 0.015838 0.013946
48 0.379926 0.064832 0.006998 0.008292
48 0.188950 0.656615 0.008840 0.010554
48 0.050645 0.983792 0.041621 0.032416
5 0.166667 0.944968 0.004052 0.003015
5 0.059669 0.915190 0.003683 0.004523
48 0.029282 0.840181 0.015101 0.012062
48 0.089871 0.765172 0.013996 0.010554
48 0.090976 0.730117 0.008840 0.007539
48 0.295580 0.433660 0.016575 0.012439
48 0.274770 0.365624 0.007366 0.006031
48 0.335727 0.287410 0.012155 0.008669
48 0.350829 0.372974 0.013628 0.009423
48 0.360773 0.368074 0.012891 0.009423
48 0.360589 0.281756 0.010313 0.006408
48 0.144567 0.577271 0.015101 0.013193
48 0.324862 0.174896 0.006630 0.009046
48 0.353223 0.120807 0.013260 0.008669
48 0.356354 0.083490 0.006998 0.003392
48 0.344936 0.076706 0.005525 0.007162
48 0.404236 0.019412 0.011418 0.009423
48 0.879926 0.359970 0.027256 0.036185
5 0.435912 0.085187 0.002578 0.005277
5 0.412155 0.083679 0.002210 0.004523
48 0.185820 0.848473 0.048250 0.031662
48 0.031676 0.852243 0.016206 0.013570
48 0.111602 0.022239 0.034622 0.029401
48 0.219153 0.436299 0.010313 0.011685
48 0.371271 0.395590 0.008103 0.010931
48 0.415838 0.386355 0.017680 0.020354
48 0.357827 0.349793 0.006998 0.012062
48 0.366851 0.332831 0.008840 0.011308
48 0.379926 0.269883 0.013628 0.011308
48 0.391713 0.200905 0.007735 0.009800
48 0.311602 0.089710 0.034622 0.015077
48 0.355801 0.056917 0.007366 0.003769
48 0.387477 0.015454 0.022099 0.009046
48 0.005893 0.982661 0.011786 0.009046
48 0.025967 0.956087 0.015838 0.011685
5 0.443831 0.169619 0.002947 0.003769
48 0.009024 0.921221 0.014365 0.015831
48 0.158748 0.697889 0.019890 0.013193
48 0.172007 0.670939 0.012523 0.009800
48 0.121179 0.703732 0.014733 0.018093
48 0.253223 0.429891 0.019521 0.011685
48 0.289871 0.345646 0.019153 0.015831
48 0.303131 0.327177 0.021363 0.013570
48 0.340884 0.265171 0.010681 0.005654
48 0.349724 0.245006 0.016575 0.012062
48 0.365378 0.361478 0.011786 0.010554
48 0.433517 0.176781 0.012523 0.009046
48 0.378637 0.181304 0.012523 0.008292
48 0.351197 0.073125 0.012891 0.003769
48 0.034622 0.938937 0.013260 0.009046
48 0.038490 0.926875 0.009945 0.009800
48 0.047698 0.911798 0.008471 0.009800
5 0.828361 0.180362 0.002210 0.004900
5 0.878821 0.188843 0.003683 0.002262
5 0.655617 0.390501 0.003683 0.002262
5 0.150829 0.973992 0.004052 0.002262
48 0.048435 0.888051 0.010681 0.009800
48 0.146041 0.735771 0.010681 0.009800
48 0.072376 0.761402 0.011418 0.013570
48 0.020994 0.722955 0.011786 0.009046
48 0.204420 0.540143 0.011050 0.008292
48 0.207919 0.473049 0.012155 0.011308
48 0.316575 0.388805 0.013628 0.013193
48 0.340516 0.394648 0.009945 0.006785
48 0.364825 0.323784 0.010681 0.010554
48 0.370534 0.289672 0.010313 0.007916
48 0.331308 0.168112 0.014365 0.009046
48 0.332597 0.154542 0.011786 0.006785
48 0.347882 0.096871 0.014365 0.006785
48 0.029650 0.948926 0.012891 0.009423
48 0.038122 0.917640 0.008471 0.007916
5 0.438674 0.191858 0.003683 0.005277
5 0.440700 0.107237 0.002578 0.004900
5 0.162799 0.976253 0.005157 0.003769
48 0.078085 0.858651 0.013260 0.012816
48 0.227440 0.438749 0.016575 0.014323
48 0.333149 0.232190 0.022468 0.028647
48 0.353591 0.301922 0.011050 0.009046
48 0.219521 0.582548 0.012523 0.013193
48 0.439411 0.269506 0.018416 0.017339
48 0.495212 0.154730 0.012891 0.016962
48 0.031308 0.928948 0.008840 0.008669
5 0.433517 0.084621 0.002947 0.004900
5 0.689871 0.189220 0.004420 0.005277
5 0.708287 0.242179 0.002947 0.004900
48 0.068324 0.871655 0.014365 0.011685
48 0.039963 0.823596 0.012891 0.011308
48 0.062431 0.790991 0.020258 0.015454
48 0.085635 0.771768 0.010681 0.010177
48 0.022284 0.791745 0.009208 0.008669
48 0.026888 0.725028 0.007366 0.008669
48 0.065009 0.743498 0.017311 0.016962
48 0.217127 0.516208 0.025414 0.016208
48 0.265562 0.409159 0.011050 0.010177
48 0.298158 0.336600 0.018785 0.010554
48 0.339779 0.268564 0.011418 0.004900
48 0.369797 0.381078 0.013260 0.009800
48 0.385635 0.317565 0.016206 0.013193
48 0.337385 0.623822 0.019153 0.019600
48 0.334070 0.185827 0.011050 0.009800
48 0.385635 0.100641 0.008103 0.012816
48 0.192634 0.620241 0.008840 0.007916
49 0.602026 0.628911 0.153591 0.164719
5 0.453591 0.075386 0.004052 0.003769
5 0.414733 0.084244 0.002947 0.004146
5 0.151381 0.972107 0.004420 0.003015
5 0.021915 0.990011 0.003315 0.004146
48 0.168508 0.677346 0.012891 0.009046
48 0.018048 0.890690 0.013996 0.009800
48 0.036464 0.833208 0.014733 0.013946
48 0.083057 0.743309 0.012891 0.012062
48 0.237201 0.442329 0.007366 0.012439
48 0.332781 0.296268 0.013628 0.009800
48 0.344199 0.384093 0.010681 0.013570
48 0.359669 0.378063 0.011418 0.009800
48 0.088214 0.628345 0.019521 0.012816
48 0.218785 0.571429 0.008840 0.009046
48 0.232597 0.546551 0.010681 0.009800
48 0.418048 0.173200 0.011786 0.004146
48 0.497606 0.166604 0.025046 0.012062
48 0.339963 0.142857 0.011050 0.010554
48 0.348066 0.128722 0.010313 0.013193
48 0.346409 0.107426 0.013628 0.006785
48 0.344936 0.114399 0.007735 0.008669
48 0.177348 0.649830 0.009208 0.008292
5 0.736096 0.258764 0.003315 0.004900
5 0.731123 0.268375 0.002947 0.004523
5 0.161142 0.953072 0.004788 0.003392
5 0.153039 0.969845 0.004788 0.003769
5 0.153775 0.992084 0.005525 0.004523
5 0.136832 0.909159 0.005525 0.003769
5 0.047698 0.940445 0.003315 0.004523
48 0.042357 0.899171 0.009576 0.007916
48 0.057459 0.899548 0.008103 0.006408
48 0.113628 0.784960 0.009945 0.011685
48 0.145488 0.633245 0.016206 0.011308
48 0.150092 0.628534 0.017311 0.012439
48 0.186924 0.545420 0.012155 0.008292
48 0.214180 0.464568 0.015838 0.013946
48 0.248066 0.408594 0.011418 0.011308
48 0.262431 0.398982 0.015101 0.011685
48 0.331676 0.310215 0.007735 0.009046
48 0.384899 0.378251 0.012523 0.015454
48 0.388766 0.391255 0.013628 0.007539
48 0.400368 0.355070 0.017680 0.009800
48 0.393554 0.307765 0.015838 0.010931
48 0.366482 0.270637 0.016206 0.018093
48 0.249540 0.590841 0.026151 0.034301
48 0.229282 0.576140 0.006262 0.005654
48 0.427808 0.143423 0.015838 0.007916
48 0.505157 0.154542 0.012891 0.017339
48 0.505341 0.145873 0.013260 0.005277
48 0.333702 0.176781 0.016206 0.012062
48 0.381952 0.206559 0.011786 0.006031
48 0.326335 0.162269 0.008103 0.008669
48 0.322836 0.154354 0.015101 0.007916
48 0.339595 0.151150 0.008840 0.009800
48 0.406630 0.151904 0.019153 0.012062
48 0.327993 0.135695 0.012891 0.010554
48 0.315285 0.079533 0.024309 0.017339
48 0.697606 0.417452 0.107551 0.040332
5 0.441621 0.085375 0.002947 0.005654
5 0.430755 0.082925 0.001842 0.003015
5 0.566298 0.024877 0.002578 0.003769
5 0.849724 0.182435 0.002210 0.004523
5 0.170350 0.964380 0.004052 0.003392
5 0.149724 0.976065 0.004052 0.002639
5 0.044936 0.946099 0.003683 0.004523
48 0.059853 0.866755 0.012155 0.010177
48 0.027256 0.877120 0.014733 0.012062
48 0.257090 0.388051 0.011050 0.012439
48 0.372744 0.338862 0.019153 0.018847
48 0.384346 0.200716 0.008471 0.009423
48 0.313076 0.174331 0.008103 0.009423
48 0.339595 0.112137 0.006630 0.009423
48 0.354880 0.062759 0.006998 0.003392
48 0.118600 0.974934 0.030203 0.026008
48 0.052118 0.807011 0.014365 0.010554
48 0.019337 0.732378 0.025414 0.015831
48 0.182689 0.576329 0.012523 0.008292
48 0.373849 0.372974 0.017680 0.012439
48 0.387661 0.346589 0.009208 0.011685
48 0.234991 0.580475 0.017680 0.021108
48 0.224309 0.574256 0.008103 0.007916
48 0.420994 0.270449 0.025046 0.035809
48 0.418232 0.156050 0.007735 0.008292
48 0.394291 0.182812 0.011418 0.011308
48 0.316759 0.145873 0.009576 0.012816
48 0.043094 0.909725 0.008840 0.010931
5 0.444015 0.107802 0.002578 0.005277
5 0.443646 0.085187 0.001842 0.004523
5 0.421363 0.084810 0.002947 0.004523
5 0.619889 0.371278 0.005157 0.005277
5 0.172192 0.959480 0.004788 0.004146
5 0.147882 0.977950 0.003315 0.003392
48 0.034070 0.872786 0.013628 0.010931
48 0.012155 0.813796 0.014733 0.012062
48 0.077164 0.752921 0.011418 0.010931
48 0.279006 0.461930 0.012155 0.010931
48 0.302210 0.357143 0.012891 0.011685
48 0.353959 0.388428 0.013996 0.013193
48 0.402394 0.415567 0.014365 0.007162
48 0.454144 0.372974 0.013260 0.011685
48 0.365193 0.296268 0.015101 0.011308
48 0.397606 0.274406 0.012891 0.013570
48 0.265562 0.542028 0.061878 0.060309
48 0.350460 0.081983 0.004788 0.005654
48 0.349540 0.076517 0.008103 0.006031
48 0.032965 0.943083 0.014365 0.009800
5 0.421363 0.111006 0.002947 0.002639
5 0.851934 0.182812 0.002210 0.004523
5 0.164273 0.948926 0.003683 0.003392
5 0.164641 0.972672 0.003683 0.002639
5 0.163904 0.974746 0.004420 0.003015
5 0.055064 0.925179 0.002578 0.003392
5 0.024494 0.985488 0.003315 0.005654
48 0.111418 0.795703 0.017311 0.015077
48 0.155801 0.718243 0.011786 0.010177
48 0.009392 0.767433 0.016575 0.012816
48 0.029834 0.803995 0.014733 0.011308
48 0.102947 0.726724 0.009945 0.010554
48 0.106077 0.700905 0.015470 0.011685
48 0.170718 0.577459 0.012891 0.017339
48 0.202947 0.484734 0.020626 0.015077
48 0.324309 0.274783 0.018785 0.016585
48 0.378269 0.295515 0.010313 0.006031
48 0.387109 0.273841 0.015470 0.009423
48 0.250460 0.636261 0.019153 0.014323
48 0.433702 0.167735 0.015838 0.011308
48 0.380479 0.139088 0.017680 0.012816
48 0.343462 0.081417 0.004788 0.006785
48 0.379006 0.069732 0.005893 0.005277
48 0.384162 0.046174 0.012523 0.006408
5 0.440147 0.186204 0.002947 0.004523
5 0.613628 0.388617 0.003683 0.003769
48 0.094843 0.859216 0.023941 0.030531
48 0.078269 0.764229 0.010681 0.012439
48 0.007735 0.783076 0.012523 0.010177
48 0.023757 0.820957 0.009945 0.009800
48 0.139963 0.666038 0.019890 0.024124
48 0.180110 0.584056 0.013260 0.011685
48 0.306077 0.406709 0.015470 0.013570
48 0.405709 0.385601 0.011418 0.015831
48 0.458748 0.306634 0.020258 0.015454
48 0.424309 0.164908 0.007366 0.008669
48 0.482136 0.151338 0.012523 0.008669
48 0.374954 0.164154 0.012523 0.010931
48 0.382505 0.125141 0.015838 0.015077
48 0.385267 0.111949 0.008103 0.009800
48 0.349171 0.090841 0.005157 0.003769
48 0.348803 0.086694 0.004420 0.005277
48 0.355433 0.060309 0.007366 0.003769
48 0.008471 0.990011 0.016943 0.011685
5 0.697238 0.263287 0.003683 0.004900
5 0.586740 0.386920 0.003683 0.004146
5 0.041805 0.950999 0.003315 0.003769
48 0.008656 0.878816 0.015838 0.010931
48 0.134991 0.755748 0.009945 0.012062
48 0.013260 0.805503 0.019153 0.012062
48 0.169613 0.606106 0.015838 0.016585
48 0.285267 0.454391 0.013628 0.013193
48 0.362431 0.348285 0.013260 0.015831
48 0.358932 0.321334 0.010681 0.011685
48 0.437569 0.156615 0.014733 0.018470
48 0.405709 0.211459 0.009945 0.015831
48 0.393186 0.112137 0.012891 0.009423
48 0.337753 0.101583 0.009576 0.007162
48 0.305157 0.102337 0.044567 0.018470
48 0.352302 0.021674 0.010681 0.006408
48 0.022099 0.965322 0.018416 0.017339
48 0.044936 0.921221 0.012523 0.010554
51 0.077716 0.948737 0.061142 0.055032
48 0.372376 0.421221 0.013260 0.010931
48 0.276427 0.067094 0.009208 0.014323
48 0.295580 0.079344 0.011418 0.021485
48 0.095028 0.205051 0.053775 0.051263
48 0.197606 0.346777 0.015838 0.015831
48 0.012339 0.382586 0.006262 0.006031
48 0.143278 0.498681 0.019153 0.012816
48 0.332044 0.516397 0.074033 0.066340
48 0.167956 0.550320 0.013260 0.010554
48 0.174770 0.539389 0.018785 0.016585
48 0.161878 0.513570 0.012155 0.012439
48 0.193186 0.491896 0.009945 0.010554
48 0.135543 0.790237 0.015470 0.013193
48 0.160589 0.784772 0.013260 0.015077
48 0.170534 0.767433 0.015470 0.015831
48 0.182136 0.751602 0.015101 0.015077
48 0.190055 0.734828 0.014733 0.015454
48 0.197974 0.718432 0.013628 0.013570
48 0.552302 0.753675 0.105709 0.115718
48 0.196133 0.992461 0.033517 0.015077
48 0.212155 0.977196 0.032413 0.032793
48 0.225967 0.950245 0.036464 0.035432
48 0.239411 0.923294 0.039042 0.036562
48 0.255801 0.896155 0.037201 0.033547
48 0.269245 0.871466 0.031676 0.033924
48 0.284899 0.844327 0.039411 0.034678
48 0.301289 0.817377 0.036096 0.036562
48 0.314549 0.791934 0.033149 0.034678
48 0.329098 0.765548 0.034254 0.034678
48 0.344199 0.740294 0.037937 0.036185
48 0.356538 0.715793 0.034622 0.032416
48 0.372007 0.689408 0.036096 0.037693
48 0.288214 0.660950 0.074770 0.043347
48 0.326151 0.579344 0.018785 0.018093
48 0.337753 0.544289 0.065562 0.036939
48 0.371455 0.562948 0.020258 0.019224
5 0.021731 0.175839 0.002947 0.003392
5 0.025599 0.449303 0.004052 0.003015
6 0.133517 0.544855 0.006262 0.003392
5 0.184715 0.498869 0.002578 0.004146
5 0.411786 0.238032 0.006630 0.004900
5 0.453407 0.238975 0.002947 0.005277
5 0.448803 0.237655 0.001842 0.004900
5 0.445120 0.236525 0.004788 0.001885
5 0.445304 0.233698 0.004420 0.003015
5 0.243094 0.285903 0.005157 0.004146
5 0.181768 0.211270 0.002578 0.004900
5 0.142910 0.840181 0.002947 0.004523
5 0.156354 0.846589 0.002578 0.004523
5 0.158564 0.847343 0.002578 0.004523
5 0.160589 0.849039 0.002210 0.003392
4 0.196317 0.866378 0.003683 0.005654
48 0.913076 0.764795 0.030939 0.029401
48 0.902578 0.783641 0.023204 0.024124
48 0.889319 0.810026 0.033517 0.048247
48 0.874770 0.816623 0.011050 0.013946
48 0.876980 0.834527 0.019890 0.018847
48 0.871087 0.846023 0.019890 0.019977
48 0.994291 0.707689 0.011418 0.011685
10 0.937385 0.764606 0.008103 0.010177
48 0.119153 0.951187 0.011418 0.008669
48 0.118416 0.962495 0.020994 0.016208
6 0.153407 0.956464 0.007735 0.010931
48 0.101105 0.921598 0.072560 0.049001
5 0.959300 0.192235 0.002578 0.003769
5 0.967403 0.196381 0.005525 0.002262
5 0.897422 0.186770 0.004788 0.003392
11 0.899816 0.188277 0.008840 0.009423
48 0.864273 0.183377 0.013628 0.007162
48 0.873481 0.184320 0.006262 0.005277
5 0.845304 0.220128 0.005157 0.005277
5 0.916759 0.361478 0.005157 0.003015
5 0.915838 0.366943 0.005525 0.003392
5 0.915654 0.369016 0.005893 0.002262
5 0.915654 0.372032 0.006630 0.003015
5 0.914733 0.374293 0.006262 0.002262
5 0.914180 0.378816 0.005157 0.002262
5 0.913812 0.380513 0.005157 0.002639
5 0.900000 0.401055 0.003315 0.005277
5 0.864273 0.457595 0.004788 0.005277
5 0.869982 0.452507 0.005157 0.006408
5 0.898527 0.465322 0.004788 0.005654
48 0.903315 0.579533 0.031308 0.034301
48 0.897422 0.605352 0.040884 0.033170
13 0.851197 0.589333 0.011050 0.012439
13 0.854512 0.591218 0.008103 0.009423
48 0.773481 0.416887 0.049355 0.052017
48 0.701842 0.376743 0.025414 0.020731
48 0.682136 0.398040 0.013260 0.010554
48 0.681400 0.388617 0.019153 0.014323
48 0.343094 0.966076 0.043831 0.049001
5 0.335912 0.943837 0.003683 0.004523
5 0.339227 0.937241 0.003683 0.004900
5 0.341436 0.934602 0.003683 0.004900
5 0.342357 0.931022 0.004052 0.004523
5 0.344751 0.928383 0.002947 0.004523
5 0.346593 0.925556 0.002947 0.004146
5 0.348066 0.922164 0.004420 0.005654
5 0.350092 0.918583 0.004052 0.005277
5 0.351750 0.916510 0.004420 0.004900
5 0.353591 0.914248 0.003683 0.005654
5 0.357643 0.908782 0.003683 0.005277
5 0.355617 0.910479 0.003315 0.004900
5 0.359116 0.904825 0.003683 0.005654
5 0.361142 0.902186 0.003315 0.005654
5 0.362983 0.899171 0.003315 0.004900
5 0.364641 0.896532 0.003683 0.004900
5 0.366851 0.893140 0.003683 0.004146
51 0.137753 0.941387 0.036096 0.044101
48 0.202210 0.925744 0.010313 0.012062
48 0.134622 0.964945 0.015838 0.018847
48 0.168324 0.920090 0.007366 0.003769
2 0.693554 0.673389 0.058195 0.064455
48 0.509945 0.728986 0.075506 0.099510
51 0.508471 0.724086 0.024678 0.029401
48 0.498158 0.812665 0.130018 0.110818
48 0.432597 0.802865 0.063720 0.094233
48 0.341068 0.964945 0.046409 0.052017
48 0.472744 0.875612 0.116759 0.103279
2 0.659484 0.881643 0.033517 0.029401
48 0.428913 0.945156 0.141805 0.109687
5 0.423757 0.108179 0.003315 0.001508
48 0.880479 0.466076 0.013628 0.016962
5 0.134991 0.149642 0.005525 0.003769
6 0.207735 0.174896 0.005893 0.003769
5 0.180295 0.859028 0.001842 0.003769
5 0.182689 0.860347 0.002210 0.003392
11 0.351934 0.891444 0.012891 0.016585
43 0.735175 0.064644 0.009576 0.005654
10 0.785083 0.077648 0.011418 0.017339
13 0.875691 0.572371 0.012891 0.003392
5 0.557090 0.187147 0.002578 0.004900
6 0.844199 0.585375 0.008103 0.011308
10 0.899079 0.540709 0.013260 0.003392
5 0.730387 0.143046 0.004420 0.005654
5 0.635359 0.316246 0.003683 0.004523
5 0.562431 0.071994 0.002210 0.005277
5 0.661142 0.381643 0.005157 0.002639
48 0.705525 0.128345 0.032044 0.032793
48 0.623757 0.233132 0.033517 0.019224
48 0.579374 0.378063 0.018416 0.012816
48 0.144567 0.353750 0.015838 0.021485
6 0.608840 0.421221 0.008103 0.010177
5 0.625046 0.392763 0.003683 0.005277
5 0.356354 0.681681 0.004052 0.005654
5 0.245672 0.874105 0.003683 0.004523
5 0.144936 0.990765 0.004052 0.004900
48 0.038490 0.402940 0.015838 0.014323
8 0.517864 0.249340 0.005157 0.006408
5 0.681952 0.290803 0.004788 0.006408
5 0.698527 0.329627 0.006262 0.007162
5 0.523757 0.198455 0.002947 0.004900
38 0.658564 0.025443 0.014733 0.005654
6 0.843094 0.455711 0.010313 0.012816
48 0.611418 0.130607 0.016943 0.009423
48 0.182136 0.472296 0.012155 0.013570
48 0.153591 0.477196 0.017680 0.024877
48 0.042910 0.630795 0.031308 0.034301
48 0.159669 0.333773 0.018048 0.013946
48 0.974954 0.219563 0.016943 0.007916
48 0.061142 0.321900 0.010313 0.012816
5 0.759116 0.117980 0.004420 0.006031
5 0.853775 0.190351 0.004420 0.003015
5 0.955064 0.191481 0.002947 0.004523
5 0.823389 0.218620 0.006262 0.003015
5 0.969982 0.133622 0.005525 0.004146
5 0.740331 0.249529 0.002947 0.004523
5 0.754144 0.284207 0.003315 0.006785
5 0.630755 0.209386 0.002578 0.005654
5 0.529282 0.221259 0.005893 0.003769
48 0.068877 0.339992 0.011050 0.014323
48 0.027072 0.362043 0.015101 0.015454
48 0.246777 0.364493 0.007366 0.010554
48 0.184899 0.418960 0.017680 0.023747
48 0.183794 0.516020 0.019890 0.018093
48 0.097790 0.660950 0.015101 0.013193
48 0.171087 0.253487 0.099816 0.096871
48 0.232781 0.303242 0.018416 0.021485
48 0.222284 0.197324 0.084346 0.039578
48 0.348803 0.234829 0.013996 0.012062
48 0.497053 0.232567 0.020258 0.024877
48 0.927993 0.117980 0.011418 0.012062
5 0.393002 0.613268 0.003683 0.004523
5 0.165562 0.955711 0.003315 0.004900
48 0.040147 0.289484 0.013996 0.011308
48 0.111418 0.412740 0.013628 0.016585
5 0.759484 0.142292 0.004420 0.005654
16 0.694291 0.047682 0.016206 0.007162
48 0.067772 0.397663 0.021363 0.021862
48 0.083610 0.401998 0.013996 0.013946
48 0.168692 0.411986 0.015470 0.019600
48 0.131676 0.565209 0.029834 0.030531
48 0.178821 0.322277 0.016575 0.016585
48 0.279558 0.248963 0.008840 0.012439
48 0.916022 0.117414 0.013260 0.011685
48 0.906077 0.170939 0.013996 0.013946
48 0.884899 0.207501 0.013628 0.013946
48 0.871087 0.205993 0.014733 0.014700
48 0.849540 0.204109 0.011418 0.011685
48 0.420626 0.127214 0.042726 0.019224
5 0.615654 0.424614 0.004052 0.004900
5 0.565562 0.441576 0.004052 0.004146
5 0.294107 0.799095 0.003315 0.004523
5 0.753223 0.291557 0.003683 0.004900
5 0.525230 0.251225 0.006630 0.004900
6 0.845856 0.433095 0.004052 0.012062
5 0.517864 0.223521 0.002947 0.005277
48 0.099632 0.359216 0.016575 0.021862
48 0.234070 0.359404 0.012891 0.016208
48 0.253591 0.373728 0.013628 0.013193
48 0.085820 0.653788 0.010313 0.013946
48 0.293554 0.261968 0.025046 0.013570
48 0.316390 0.254994 0.014733 0.016962
48 0.868508 0.118734 0.013260 0.012816
48 0.859300 0.153223 0.012523 0.013946
48 0.872007 0.153411 0.012155 0.013570
48 0.469982 0.732378 0.048619 0.049755
5 0.508287 0.601206 0.003683 0.004523
5 0.225230 0.911798 0.004052 0.005277
5 0.157643 0.970599 0.002947 0.003769
5 0.726335 0.198078 0.003683 0.004900
5 0.898895 0.132868 0.006262 0.002639
5 0.733702 0.262156 0.002947 0.004900
5 0.455617 0.246325 0.005893 0.002639
5 0.498158 0.335846 0.003315 0.004523
5 0.239042 0.185450 0.003683 0.003015
48 0.644567 0.176593 0.030939 0.026008
48 0.044383 0.331323 0.013628 0.015831
48 0.040147 0.313984 0.013996 0.015831
48 0.225783 0.356201 0.012523 0.018093
48 0.159116 0.458726 0.013996 0.023370
48 0.056906 0.501319 0.026888 0.030155
48 0.467956 0.228798 0.036464 0.026385
48 0.855433 0.118168 0.013628 0.011685
48 0.952118 0.173012 0.013260 0.015077
48 0.422468 0.065775 0.056722 0.016208
5 0.476611 0.655484 0.003683 0.004523
5 0.560958 0.492650 0.003683 0.004523
5 0.547698 0.490954 0.003683 0.004900
48 0.050645 0.369770 0.012891 0.011308
5 0.853039 0.130041 0.004420 0.005277
5 0.945856 0.190351 0.002947 0.005277
5 0.971639 0.192989 0.002210 0.005277
6 0.831308 0.422729 0.006630 0.012439
5 0.247330 0.173389 0.005525 0.005277
48 0.032597 0.385790 0.012155 0.013193
48 0.020442 0.433283 0.015838 0.017716
48 0.157274 0.357708 0.022836 0.025631
48 0.193738 0.438937 0.021363 0.013193
48 0.073297 0.474180 0.009576 0.010554
48 0.490055 0.120995 0.062247 0.014323
48 0.489134 0.700905 0.027993 0.028270
8 0.551750 0.144553 0.006630 0.010931
8 0.622836 0.256879 0.005157 0.007916
5 0.818048 0.058990 0.004420 0.005654
5 0.720258 0.316811 0.003315 0.006408
5 0.521731 0.179043 0.004788 0.006031
5 0.514180 0.307011 0.005893 0.002639
5 0.252118 0.189031 0.004052 0.002639
48 0.641068 0.199774 0.030571 0.015077
48 0.069982 0.444026 0.013996 0.013570
48 0.091713 0.253487 0.011786 0.008669
48 0.846961 0.169242 0.014365 0.014323
48 0.802210 0.199962 0.011050 0.012439
48 0.963168 0.281003 0.053775 0.024501
48 0.941436 0.531097 0.030939 0.030908
5 0.387293 0.857143 0.003315 0.004523
48 0.192634 0.392386 0.012523 0.018093
5 0.788950 0.115341 0.005157 0.006031
5 0.731123 0.196005 0.003683 0.006031
5 0.961878 0.195816 0.005525 0.002639
5 0.755433 0.311157 0.004420 0.003392
5 0.700000 0.284018 0.004788 0.005654
5 0.624862 0.208255 0.002578 0.005654
5 0.619705 0.208820 0.003315 0.005277
5 0.479742 0.255748 0.006998 0.003392
5 0.357459 0.419148 0.003315 0.004523
48 0.682505 0.146815 0.027256 0.027516
48 0.177532 0.435168 0.014733 0.014700
48 0.105893 0.665473 0.013628 0.011685
48 0.978453 0.116095 0.014365 0.012816
48 0.984530 0.124764 0.021363 0.015077
48 0.832597 0.153034 0.019521 0.013570
48 0.896133 0.154165 0.012523 0.013570
48 0.496685 0.685450 0.026151 0.017716
48 0.043646 0.367132 0.011418 0.015077
48 0.245304 0.395967 0.013996 0.012439
48 0.093738 0.452507 0.017311 0.016962
48 0.086188 0.635695 0.016206 0.016208
5 0.510129 0.391255 0.002947 0.005277
5 0.229282 0.905202 0.004788 0.005654
8 0.534622 0.555032 0.005525 0.007162
5 0.852118 0.139465 0.004052 0.006031
5 0.907919 0.190727 0.005893 0.003769
5 0.690424 0.252356 0.004052 0.006408
48 0.574954 0.053336 0.032413 0.010931
48 0.608656 0.172258 0.019521 0.019600
48 0.202210 0.378063 0.013260 0.015077
48 0.075138 0.432341 0.018416 0.018847
48 0.838122 0.202601 0.011418 0.011685
5 0.177901 0.950245 0.005893 0.002262
5 0.814180 0.044666 0.004788 0.005654
5 0.786740 0.145119 0.006630 0.003769
5 0.883978 0.196381 0.002947 0.004523
5 0.940884 0.194497 0.005525 0.003015
48 0.023204 0.383528 0.016206 0.013946
48 0.132228 0.419525 0.014733 0.019600
48 0.057090 0.443837 0.012523 0.014700
48 0.087845 0.287976 0.020258 0.012062
48 0.320994 0.240482 0.021731 0.015077
48 0.965193 0.173012 0.014365 0.014323
48 0.993554 0.295515 0.012891 0.071617
5 0.311602 0.964003 0.003683 0.004146
5 0.600000 0.452130 0.003683 0.004900
5 0.536832 0.400867 0.003315 0.004900
5 0.460037 0.456276 0.003683 0.004900
5 0.167772 0.951376 0.003315 0.004523
8 0.554144 0.091406 0.004052 0.007162
5 0.867219 0.194874 0.003315 0.005277
5 0.925414 0.131738 0.004052 0.002639
38 0.644199 0.029024 0.007366 0.016585
6 0.837569 0.427818 0.003683 0.011308
48 0.569245 0.112891 0.036464 0.010177
48 0.078085 0.381643 0.019153 0.018470
48 0.049355 0.472861 0.027256 0.027516
48 0.881400 0.170750 0.013260 0.014323
5 0.520994 0.581040 0.004052 0.004146
5 0.558195 0.438183 0.006262 0.003392
5 0.548987 0.441010 0.004788 0.002262
5 0.222099 0.917263 0.003683 0.004146
48 0.058564 0.297399 0.019890 0.016585
48 0.021547 0.308707 0.012891 0.013570
5 0.808471 0.057859 0.003683 0.004900
5 0.906446 0.132115 0.003683 0.001885
5 0.703683 0.320204 0.003315 0.005654
6 0.841436 0.431210 0.004052 0.012816
48 0.053775 0.905202 0.012523 0.008669
48 0.032597 0.921410 0.009945 0.007916
48 0.680847 0.084056 0.051197 0.027893
48 0.011234 0.417075 0.014365 0.013193
48 0.024678 0.420656 0.016206 0.018093
48 0.116022 0.595552 0.016943 0.015831
48 0.066483 0.679043 0.026888 0.035809
48 0.953223 0.156804 0.014733 0.015831
48 0.955064 0.310403 0.053039 0.038824
48 0.465193 0.100641 0.017680 0.049001
5 0.572928 0.490765 0.003315 0.004523
5 0.509024 0.424991 0.003683 0.004900
5 0.391713 0.662646 0.003315 0.004523
48 0.021731 0.283076 0.013996 0.012816
48 0.154328 0.508292 0.013260 0.016208
5 0.908656 0.129099 0.002210 0.004146
5 0.934622 0.127968 0.002578 0.004900
5 0.714917 0.298153 0.004420 0.007539
5 0.638306 0.209574 0.002947 0.005277
5 0.627993 0.209574 0.002210 0.005277
5 0.504972 0.313042 0.004420 0.006408
5 0.467772 0.253110 0.005893 0.004146
5 0.460405 0.253864 0.005157 0.003392
5 0.552855 0.349416 0.003683 0.006785
48 0.048066 0.317753 0.014365 0.014323
48 0.031308 0.438183 0.016206 0.014700
48 0.140516 0.453449 0.012155 0.016585
48 0.076796 0.647003 0.016575 0.016962
48 0.508103 0.059555 0.028361 0.036939
5 0.395028 0.842819 0.004052 0.004523
5 0.242541 0.879570 0.004052 0.004900
48 0.094291 0.489257 0.015470 0.021108
8 0.429650 0.114399 0.006998 0.005654
8 0.651013 0.222578 0.006262 0.006408
8 0.516022 0.366566 0.005157 0.007162
5 0.830571 0.180173 0.002947 0.005277
10 0.888398 0.186581 0.008103 0.006031
5 0.858564 0.190351 0.004420 0.002262
5 0.713260 0.318130 0.004052 0.006031
5 0.650645 0.262910 0.006262 0.005654
16 0.656538 0.032228 0.018785 0.005654
6 0.831492 0.449114 0.012155 0.012439
6 0.806446 0.409348 0.007735 0.012062
48 0.743831 0.022993 0.025414 0.013570
48 0.611786 0.139276 0.018416 0.007916
48 0.016759 0.343573 0.015838 0.014700
48 0.107366 0.311911 0.034254 0.019977
48 0.172928 0.488504 0.013628 0.015077
48 0.148803 0.516773 0.015470 0.012062
48 0.123757 0.588391 0.023573 0.033924
48 0.088398 0.688654 0.028729 0.032416
48 0.137385 0.311723 0.011786 0.011308
48 0.870350 0.170185 0.011786 0.015454
48 0.730939 0.401055 0.068877 0.055786
5 0.611234 0.432152 0.003315 0.004146
5 0.175506 0.954768 0.006262 0.003015
48 0.027256 0.324538 0.012523 0.011308
48 0.056538 0.335281 0.012891 0.015454
8 0.627072 0.248021 0.005525 0.007539
48 0.213996 0.351300 0.019890 0.015831
5 0.773481 0.042216 0.004420 0.004523
5 0.768877 0.119676 0.004788 0.004900
5 0.862799 0.139088 0.004052 0.004523
5 0.924125 0.128157 0.002947 0.004523
5 0.704604 0.241425 0.004420 0.007916
6 0.891529 0.551074 0.019521 0.003769
5 0.884530 0.561817 0.017311 0.003392
48 0.036096 0.425368 0.013996 0.016962
48 0.120442 0.370901 0.010313 0.009046
48 0.128729 0.624199 0.018785 0.023370
48 0.540884 0.258764 0.020994 0.006408
5 0.459116 0.669242 0.003315 0.004146
5 0.597422 0.363551 0.002947 0.004146
5 0.593738 0.370147 0.003683 0.004523
48 0.238674 0.405579 0.011786 0.011308
5 0.784162 0.054844 0.004420 0.005654
5 0.762983 0.104787 0.004788 0.006031
5 0.752302 0.298718 0.003315 0.007162
5 0.633149 0.247267 0.002947 0.004523
5 0.528545 0.155484 0.002210 0.005654
48 0.611050 0.149077 0.019890 0.011685
48 0.045120 0.353562 0.010681 0.012062
48 0.133886 0.350735 0.020258 0.024501
48 0.138306 0.372409 0.019521 0.021108
48 0.148619 0.406144 0.013628 0.016962
48 0.150276 0.423860 0.013996 0.016208
48 0.102210 0.579156 0.020258 0.025254
48 0.126335 0.307011 0.008103 0.010177
48 0.971455 0.250471 0.057090 0.039578
5 0.514917 0.384282 0.002947 0.004900
8 0.607735 0.392198 0.005893 0.005654
8 0.614181 0.405767 0.006262 0.006408
8 0.454512 0.684320 0.006630 0.007162
10 0.802947 0.118734 0.009576 0.012062
5 0.875506 0.138522 0.002947 0.004900
5 0.743831 0.243875 0.004052 0.005277
5 0.646593 0.210893 0.003315 0.005654
5 0.633518 0.209574 0.002947 0.005277
6 0.816022 0.415756 0.005525 0.012062
5 0.247145 0.187335 0.005157 0.003015
48 0.546593 0.229928 0.023573 0.009046
48 0.684530 0.120430 0.015838 0.013193
48 0.032044 0.311723 0.013260 0.015831
48 0.027256 0.398605 0.015470 0.015454
48 0.847145 0.153411 0.012523 0.012062
48 0.957090 0.214286 0.020994 0.014700
48 0.826703 0.201847 0.012155 0.013193
5 0.414917 0.772333 0.003315 0.004523
5 0.567403 0.504146 0.003315 0.004900
5 0.540700 0.389371 0.002947 0.004523
5 0.519705 0.430645 0.005893 0.003392
5 0.200184 0.957972 0.003315 0.004146
8 0.432044 0.743875 0.007366 0.008669
5 0.974770 0.203166 0.002578 0.005277
5 0.939042 0.127968 0.002578 0.004900
5 0.951934 0.127968 0.001842 0.005654
5 0.737385 0.254994 0.002947 0.006408
5 0.436280 0.242933 0.006998 0.004900
6 0.811234 0.412363 0.003315 0.012816
48 0.572376 0.083302 0.034622 0.009800
48 0.033333 0.349416 0.018048 0.012816
48 0.097606 0.337731 0.015470 0.018093
48 0.172744 0.367132 0.014733 0.016585
48 0.211234 0.383340 0.011418 0.010554
48 0.063536 0.428194 0.012891 0.015831
48 0.026335 0.488127 0.018785 0.018847
48 0.968877 0.156615 0.016575 0.015454
5 0.439411 0.671127 0.004420 0.004900
5 0.455433 0.648134 0.004788 0.004900
5 0.415285 0.571240 0.004052 0.004900
5 0.194659 0.968149 0.004052 0.004900
5 0.178637 0.948360 0.005157 0.002262
5 0.162615 0.961365 0.003315 0.004900
5 0.151565 0.980776 0.003315 0.004523
5 0.793738 0.075575 0.005157 0.005654
5 0.772928 0.122880 0.003315 0.003769
5 0.847330 0.181870 0.002578 0.005654
5 0.648435 0.229175 0.005525 0.005277
5 0.512523 0.282510 0.004052 0.007916
6 0.813628 0.440068 0.014733 0.008669
48 0.151381 0.457407 0.014733 0.023747
48 0.138306 0.595929 0.021731 0.030908
48 0.241621 0.249717 0.030939 0.072748
48 0.828913 0.166981 0.021731 0.013570
48 0.421363 0.097814 0.050829 0.013193
5 0.607735 0.438183 0.003683 0.004900
48 0.160037 0.428948 0.012891 0.014323
2 0.689134 0.855824 0.063352 0.062194
8 0.722468 0.213909 0.006998 0.007916
8 0.479926 0.472296 0.005157 0.004523
5 0.881768 0.185073 0.004420 0.005277
5 0.904236 0.139276 0.002210 0.004900
5 0.749908 0.319261 0.002947 0.006031
5 0.711050 0.305880 0.005525 0.007162
5 0.641068 0.210139 0.002578 0.004900
5 0.636832 0.248587 0.003683 0.004900
6 0.890424 0.554278 0.018048 0.003392
38 0.694659 0.062759 0.010313 0.013946
6 0.848803 0.586883 0.010681 0.012816
48 0.576796 0.023747 0.033149 0.008292
48 0.725046 0.023181 0.020994 0.012439
48 0.594475 0.336035 0.033149 0.041086
48 0.046593 0.390878 0.020994 0.015077
48 0.109761 0.341500 0.016943 0.018847
48 0.080110 0.358462 0.012891 0.009800
48 0.121547 0.415756 0.013996 0.016585
48 0.098343 0.593291 0.017680 0.012816
48 0.279742 0.239352 0.008471 0.007539
48 0.275322 0.244252 0.008471 0.004523
48 0.467772 0.185073 0.047882 0.018847
48 0.918232 0.209763 0.013996 0.013946
48 0.678637 0.475499 0.068140 0.062948
5 0.385267 0.859404 0.004420 0.004523
5 0.400737 0.805315 0.004420 0.004900
5 0.542726 0.377309 0.002578 0.004523
5 0.458564 0.471165 0.002947 0.004523
5 0.448803 0.497550 0.004052 0.005277
5 0.416390 0.614964 0.003315 0.004900
8 0.834991 0.016397 0.005893 0.007916
48 0.206262 0.426121 0.015470 0.019224
5 0.847882 0.189031 0.005893 0.002639
5 0.742357 0.175462 0.004788 0.005654
16 0.678453 0.036751 0.018416 0.005654
5 0.521547 0.360347 0.003683 0.007539
5 0.312523 0.540520 0.005525 0.003769
5 0.337017 0.553336 0.005157 0.003015
48 0.551381 0.200905 0.025046 0.007539
48 0.645304 0.113833 0.063352 0.021862
48 0.620258 0.194685 0.011050 0.007916
48 0.013444 0.316057 0.007735 0.011685
48 0.078821 0.450999 0.016943 0.019224
48 0.081768 0.542028 0.029466 0.026385
48 0.036648 0.702412 0.027624 0.027516
48 0.215654 0.311911 0.015101 0.012439
48 0.144751 0.326423 0.014733 0.012816
48 0.447698 0.205616 0.016575 0.017716
48 0.883794 0.153788 0.013628 0.014323
48 0.907182 0.155296 0.011786 0.014323
48 0.929834 0.154919 0.010681 0.013570
48 0.940700 0.157181 0.011786 0.015077
48 0.872560 0.270260 0.155433 0.098756
48 0.784715 0.263852 0.047514 0.099510
6 0.380479 0.839050 0.006630 0.009800
5 0.390608 0.851677 0.004052 0.004900
5 0.484899 0.642103 0.004052 0.004146
5 0.187845 0.979834 0.004420 0.004900
2 0.658379 0.919902 0.074033 0.056917
8 0.413996 0.720128 0.006630 0.006408
5 0.805893 0.083113 0.004420 0.005654
5 0.952302 0.202224 0.002578 0.005654
5 0.739779 0.319450 0.002578 0.005654
5 0.524862 0.294572 0.004420 0.005654
5 0.531308 0.124764 0.003315 0.005277
48 0.713444 0.091783 0.055985 0.044855
48 0.140147 0.421033 0.012891 0.015077
48 0.964088 0.117037 0.015101 0.012439
48 0.932597 0.210516 0.014733 0.013946
5 0.604052 0.444591 0.003683 0.004900
5 0.544751 0.403505 0.003683 0.005654
5 0.473112 0.429137 0.003315 0.004900
5 0.179558 0.946099 0.005525 0.003015
5 0.176611 0.952695 0.005525 0.002639
48 0.072192 0.327365 0.014733 0.014700
5 0.840516 0.139276 0.003683 0.005654
5 0.912707 0.188277 0.002947 0.003392
5 0.514917 0.268752 0.002947 0.006031
5 0.473296 0.244063 0.003683 0.005654
38 0.677716 0.042216 0.019153 0.003769
5 0.262247 0.192235 0.004420 0.003015
48 0.555617 0.171504 0.024678 0.009046
48 0.639963 0.081417 0.040884 0.044478
48 0.082873 0.485488 0.019153 0.021862
48 0.041068 0.496042 0.019521 0.024124
48 0.077532 0.269129 0.012155 0.012062
48 0.918969 0.154919 0.013260 0.014323
48 0.994475 0.213155 0.011050 0.019224
5 0.265930 0.995100 0.003683 0.004523
5 0.594659 0.453449 0.003315 0.004523
5 0.543094 0.437995 0.005525 0.003015
5 0.184715 0.985488 0.004052 0.004900
5 0.160037 0.966453 0.003315 0.004523
8 0.617864 0.249152 0.006262 0.005277
5 0.894659 0.190162 0.005893 0.003392
5 0.624862 0.322465 0.004052 0.005654
6 0.838858 0.452884 0.009208 0.011685
48 0.019337 0.320204 0.010681 0.010931
48 0.123573 0.348850 0.014365 0.018470
48 0.090608 0.384847 0.019153 0.021108
48 0.303315 0.248398 0.015838 0.010554
48 0.840700 0.119299 0.020258 0.013946
48 0.904604 0.117603 0.011050 0.011308
48 0.894291 0.170750 0.013996 0.014323
5 0.329466 0.733321 0.004052 0.004900
48 0.124309 0.500754 0.015101 0.018470
48 0.248619 0.385978 0.011050 0.012816
8 0.714917 0.149830 0.007366 0.007162
5 0.863352 0.190351 0.004420 0.002262
5 0.920442 0.131926 0.005157 0.002262
5 0.911602 0.132115 0.004420 0.001885
5 0.901842 0.139276 0.002578 0.005654
5 0.727256 0.274595 0.003315 0.004900
5 0.548435 0.246890 0.003683 0.006031
6 0.821363 0.417829 0.008103 0.013193
48 0.688582 0.105918 0.015838 0.015831
48 0.597974 0.246702 0.018048 0.012439
48 0.012155 0.355258 0.014733 0.016962
48 0.813260 0.201282 0.013260 0.012816
6 0.312891 0.898417 0.010681 0.013193
5 0.388766 0.854693 0.003315 0.004146
5 0.420994 0.767622 0.003683 0.004900
5 0.546777 0.396909 0.003315 0.004523
5 0.495212 0.411986 0.002578 0.005277
5 0.181400 0.944403 0.004788 0.002639
8 0.454328 0.129853 0.004052 0.005654
8 0.510866 0.412740 0.004420 0.004523
5 0.805525 0.107802 0.004420 0.006785
5 0.916759 0.198455 0.002947 0.005654
5 0.677164 0.290049 0.004052 0.007162
5 0.628361 0.307576 0.004420 0.005277
5 0.531860 0.195816 0.008840 0.003392
5 0.455617 0.249340 0.005893 0.002639
6 0.810497 0.436487 0.012891 0.007539
6 0.849171 0.505654 0.011418 0.015454
6 0.831123 0.473238 0.011418 0.012439
48 0.560037 0.141349 0.023204 0.005277
48 0.580663 0.362043 0.029834 0.026762
48 0.270534 0.239540 0.010681 0.007916
48 0.860037 0.205239 0.012523 0.013193
48 0.424309 0.048247 0.050092 0.015831
48 0.956169 0.512062 0.039779 0.039578
5 0.304052 0.926310 0.003315 0.004146
5 0.331860 0.877120 0.004420 0.005277
5 0.530571 0.433472 0.005525 0.003015
5 0.153959 0.975499 0.002947 0.004523
48 0.090608 0.352431 0.011786 0.013570
5 0.791897 0.126838 0.007366 0.007162
5 0.921547 0.199020 0.003683 0.005277
5 0.961510 0.192047 0.003315 0.004900
5 0.994843 0.186393 0.003683 0.005654
5 0.656906 0.288918 0.006262 0.005654
5 0.531860 0.211836 0.008840 0.003769
5 0.527440 0.138899 0.003683 0.005654
48 0.606630 0.301545 0.022836 0.027893
48 0.019705 0.357897 0.010681 0.014700
48 0.168324 0.464191 0.021363 0.022239
48 0.036832 0.533170 0.027993 0.026008
48 0.100552 0.614022 0.017680 0.024877
48 0.892633 0.117980 0.012155 0.012062
48 0.939411 0.173200 0.012891 0.015454
5 0.393186 0.845646 0.004052 0.004146
5 0.191529 0.973615 0.003683 0.004523
5 0.181584 0.991142 0.003683 0.004146
48 0.077532 0.303619 0.017311 0.012439
48 0.167403 0.519412 0.011418 0.012816
5 0.759669 0.136826 0.004788 0.004523
5 0.825599 0.180173 0.002578 0.006031
5 0.872376 0.194497 0.003315 0.006031
10 0.878821 0.195439 0.003683 0.005654
5 0.931492 0.128157 0.002947 0.003769
5 0.947145 0.128345 0.001842 0.005654
5 0.753775 0.320015 0.004052 0.006031
5 0.493186 0.256125 0.005893 0.003392
5 0.887293 0.557859 0.014733 0.003769
48 0.641436 0.050320 0.028361 0.023747
48 0.057090 0.357897 0.023573 0.014700
48 0.102026 0.295326 0.020626 0.018470
48 0.880111 0.118168 0.012891 0.012439
48 0.950645 0.117226 0.013260 0.012062
48 0.980111 0.174708 0.016206 0.013193
5 0.148435 0.985488 0.003683 0.004900
8 0.267956 0.180927 0.006998 0.005277
5 0.963720 0.198643 0.004788 0.002262
5 0.930571 0.131926 0.005525 0.003015
5 0.949724 0.127968 0.001842 0.005654
5 0.960405 0.127214 0.002578 0.005654
6 0.855617 0.488692 0.012523 0.014700
6 0.786004 0.446664 0.006630 0.009046
48 0.608103 0.270260 0.020626 0.030155
48 0.018785 0.395213 0.016206 0.013946
48 0.111602 0.369770 0.007366 0.007539
48 0.176427 0.383717 0.014733 0.016585
48 0.221731 0.382020 0.015470 0.017716
48 0.102210 0.385978 0.020258 0.021862
48 0.127624 0.447230 0.022468 0.022993
48 0.137017 0.508858 0.018416 0.021108
48 0.090424 0.612891 0.019521 0.024124
48 0.902210 0.208066 0.020994 0.015831
5 0.597422 0.457972 0.002947 0.004523
5 0.609761 0.341689 0.004052 0.004146
5 0.593186 0.380324 0.003315 0.004523
5 0.174401 0.957218 0.005525 0.002639
48 0.108103 0.496042 0.013628 0.018093
5 0.836280 0.139465 0.004052 0.005277
5 0.824494 0.187147 0.005525 0.002639
5 0.688214 0.304372 0.004052 0.004146
5 0.643831 0.210328 0.002210 0.005277
5 0.375138 0.823219 0.003315 0.004523
48 0.611418 0.157369 0.018416 0.009423
48 0.639779 0.143423 0.054512 0.040332
48 0.036648 0.363174 0.012891 0.013193
48 0.109945 0.358085 0.017311 0.017339
48 0.105893 0.461176 0.017311 0.019224
48 0.177716 0.527516 0.018048 0.012439
48 0.154144 0.563890 0.024678 0.024877
48 0.310129 0.273087 0.013996 0.014700
48 0.939042 0.117603 0.011418 0.011308
48 0.929466 0.172446 0.010681 0.013193
48 0.918232 0.172069 0.012523 0.013946
48 0.859300 0.170562 0.011050 0.015454
48 0.787845 0.197889 0.018416 0.015077
5 0.578269 0.427818 0.003683 0.005277
5 0.170534 0.946476 0.003683 0.004523
8 0.566851 0.493592 0.005157 0.006408
5 0.855985 0.183189 0.002210 0.005277
5 0.530203 0.203732 0.007735 0.003392
5 0.490424 0.259518 0.004788 0.002639
