48 0.023380 0.025641 0.032032 0.049774
5 0.057806 0.064668 0.005891 0.005656
5 0.141384 0.068627 0.004418 0.006033
48 0.087629 0.013386 0.041237 0.026772
48 0.123711 0.013198 0.031664 0.025641
5 0.184647 0.110860 0.005523 0.005279
48 0.170103 0.148944 0.009573 0.008296
48 0.012518 0.160256 0.013255 0.024887
48 0.014175 0.144231 0.015832 0.014706
48 0.028166 0.151395 0.016568 0.016214
48 0.042526 0.157240 0.016568 0.015083
48 0.055781 0.162330 0.014359 0.013198
48 0.069404 0.169118 0.014359 0.012443
48 0.084131 0.175339 0.015832 0.012066
48 0.014175 0.117647 0.016568 0.022624
48 0.129418 0.190234 0.012150 0.010935
48 0.150037 0.198341 0.017305 0.012066
48 0.164764 0.203997 0.015832 0.011312
48 0.180781 0.211161 0.007364 0.008296
48 0.201031 0.228695 0.012518 0.012443
48 0.257364 0.228507 0.011782 0.010558
48 0.228093 0.200792 0.023196 0.016968
5 0.213365 0.236425 0.003314 0.005279
48 0.211156 0.274887 0.009205 0.009050
48 0.208027 0.266968 0.008837 0.009050
48 0.145066 0.273002 0.016200 0.015083
5 0.078608 0.304676 0.006996 0.003771
5 0.083763 0.321833 0.004050 0.005656
48 0.055228 0.309766 0.012518 0.010181
48 0.065722 0.312971 0.012887 0.012821
5 0.058910 0.302602 0.007364 0.004902
48 0.165869 0.041667 0.043078 0.078808
48 0.192563 0.011501 0.020619 0.019231
48 0.224779 0.112934 0.012150 0.013198
48 0.225884 0.129902 0.018778 0.026772
5 0.236929 0.127074 0.003314 0.007541
5 0.226252 0.403658 0.002577 0.004902
48 0.168999 0.469646 0.006627 0.007164
48 0.099779 0.337858 0.014728 0.012066
48 0.104566 0.250566 0.010309 0.013198
48 0.119477 0.256033 0.010677 0.012821
48 0.134757 0.260935 0.010309 0.010558
48 0.042894 0.302036 0.017305 0.015083
48 0.048233 0.231335 0.013991 0.015460
48 0.034794 0.224548 0.012150 0.015460
48 0.064617 0.234729 0.016568 0.018477
48 0.271723 0.155354 0.008837 0.010558
48 0.386598 0.158748 0.019146 0.013575
48 0.390096 0.167986 0.020987 0.014706
5 0.398748 0.148567 0.004418 0.007541
48 0.414396 0.009615 0.020250 0.014706
48 0.435199 0.293741 0.023564 0.021870
5 0.448454 0.521493 0.005891 0.002262
48 0.338733 0.599736 0.015464 0.010935
48 0.336892 0.594269 0.011782 0.007541
48 0.334131 0.565045 0.010677 0.012443
48 0.607143 0.506787 0.019146 0.014329
48 0.608247 0.520739 0.019882 0.015837
48 0.606407 0.532240 0.010309 0.010181
48 0.617820 0.529223 0.018409 0.013952
48 0.630523 0.581448 0.028351 0.021116
48 0.590574 0.618401 0.017673 0.017345
48 0.599227 0.614819 0.013623 0.011689
48 0.604750 0.627828 0.013623 0.014329
48 0.623527 0.628771 0.010677 0.009427
48 0.677651 0.605958 0.009941 0.011312
48 0.650589 0.579940 0.013991 0.017345
48 0.663844 0.578620 0.015464 0.017722
48 0.673785 0.577489 0.014728 0.019985
48 0.684647 0.577677 0.015096 0.015837
48 0.671576 0.565045 0.008100 0.011689
48 0.680412 0.564103 0.014728 0.012821
48 0.702872 0.573718 0.024300 0.017722
48 0.738770 0.598605 0.006996 0.007164
48 0.723490 0.599359 0.011782 0.015460
48 0.693667 0.604072 0.009573 0.013575
48 0.699742 0.601999 0.008468 0.013198
48 0.731591 0.588047 0.008837 0.016968
5 0.694404 0.552225 0.005891 0.002640
5 0.720545 0.555995 0.002946 0.004902
48 0.618004 0.553545 0.029823 0.020362
48 0.616348 0.540347 0.030928 0.020362
48 0.632548 0.546192 0.017673 0.024510
48 0.600700 0.600490 0.004050 0.006410
48 0.639728 0.934766 0.026878 0.015837
48 0.815169 0.881787 0.012518 0.012443
48 0.709315 0.803733 0.016568 0.016968
5 0.687592 0.796757 0.006996 0.003771
5 0.636046 0.771682 0.005523 0.004148
5 0.653166 0.763009 0.005155 0.004148
5 0.666421 0.783748 0.002946 0.004902
5 0.653903 0.754713 0.003682 0.005656
5 0.605302 0.786011 0.005155 0.003394
48 0.654271 0.888198 0.008837 0.008673
5 0.395434 0.955317 0.005891 0.003394
5 0.394146 0.958899 0.003314 0.002262
5 0.407769 0.950792 0.007732 0.003394
5 0.418999 0.948152 0.005891 0.004148
5 0.429860 0.946644 0.003314 0.004902
5 0.433542 0.946267 0.006996 0.004148
5 0.437592 0.945324 0.005523 0.006033
5 0.440538 0.945324 0.005523 0.006033
5 0.444404 0.945324 0.005155 0.005279
5 0.448638 0.944947 0.005523 0.005279
5 0.451951 0.944947 0.004786 0.006033
5 0.435199 0.955128 0.003682 0.004525
5 0.438144 0.955505 0.005155 0.004525
5 0.442931 0.954374 0.004418 0.005279
5 0.447349 0.954751 0.004418 0.003771
48 0.459683 0.977376 0.007732 0.011312
48 0.464838 0.976810 0.006259 0.008673
48 0.477356 0.977187 0.006996 0.007919
48 0.468704 0.960407 0.035346 0.011312
6 0.418078 0.956448 0.012150 0.006410
48 0.317194 0.937217 0.013623 0.010181
48 0.290869 0.904600 0.010309 0.010558
48 0.304676 0.873869 0.006996 0.011689
48 0.338918 0.877451 0.011414 0.009804
48 0.346465 0.899321 0.011782 0.009804
48 0.269330 0.802790 0.011414 0.009050
48 0.277430 0.806561 0.011414 0.012821
48 0.320508 0.768477 0.012150 0.015837
48 0.365427 0.754336 0.015832 0.013198
48 0.320140 0.786765 0.006996 0.006410
48 0.324926 0.795814 0.010677 0.008673
5 0.016753 0.933069 0.006259 0.005656
5 0.013439 0.932504 0.006259 0.005279
5 0.011046 0.931373 0.005891 0.005279
5 0.009757 0.929110 0.006259 0.004525
5 0.003682 0.927413 0.005155 0.004902
5 0.048233 0.954374 0.004418 0.003017
5 0.042710 0.952677 0.005155 0.003394
5 0.036267 0.950792 0.004050 0.002640
48 0.065169 0.981712 0.041237 0.036576
5 0.031664 0.984917 0.005155 0.004525
5 0.045655 0.984729 0.004418 0.007164
5 0.047680 0.979261 0.003314 0.004525
48 0.010125 0.953243 0.018778 0.021870
48 0.002393 0.938914 0.002577 0.003771
48 0.967784 0.817308 0.028351 0.045626
48 0.978645 0.566365 0.016937 0.009050
48 0.948638 0.521870 0.010677 0.009804
48 0.905007 0.052790 0.009573 0.006787
48 0.387150 0.938914 0.023196 0.015083
48 0.399116 0.909502 0.009573 0.009804
48 0.316274 0.827489 0.009573 0.008673
48 0.275773 0.828997 0.011046 0.012443
48 0.276510 0.783748 0.014728 0.007919
48 0.368741 0.727564 0.010677 0.009427
48 0.400037 0.724736 0.011414 0.010558
48 0.329897 0.580694 0.012518 0.008296
48 0.244293 0.113688 0.012887 0.010181
48 0.204713 0.011124 0.008837 0.008673
48 0.875920 0.562217 0.005891 0.008296
48 0.886046 0.568062 0.006259 0.008673
48 0.822349 0.604827 0.015832 0.018100
48 0.326399 0.963235 0.012150 0.010935
48 0.988402 0.844646 0.007732 0.009050
48 0.955633 0.338047 0.017305 0.009427
48 0.979013 0.322021 0.013991 0.009804
48 0.396171 0.892722 0.013991 0.010935
48 0.312776 0.862745 0.009205 0.011312
48 0.311487 0.805053 0.015464 0.009050
48 0.381443 0.753582 0.005891 0.009427
48 0.407585 0.738122 0.005891 0.011689
48 0.342231 0.618590 0.015832 0.011689
48 0.286267 0.269419 0.014359 0.005656
48 0.346649 0.951357 0.018041 0.009050
48 0.217047 0.075226 0.015096 0.019985
48 0.222202 0.013198 0.024669 0.008296
48 0.925994 0.553922 0.010309 0.012821
48 0.879786 0.563537 0.006996 0.007919
48 0.875368 0.581448 0.039396 0.029412
48 0.295839 0.929864 0.009941 0.009804
48 0.281848 0.901772 0.009205 0.007919
48 0.340758 0.893477 0.013623 0.010181
48 0.957106 0.906297 0.010677 0.013952
48 0.796208 0.749811 0.009205 0.005656
48 0.449006 0.792609 0.016568 0.020362
48 0.805965 0.679299 0.007364 0.006410
48 0.293630 0.884804 0.014359 0.010181
48 0.462629 0.846531 0.021723 0.006033
48 0.462445 0.840309 0.023564 0.005656
48 0.930228 0.143477 0.012150 0.007919
48 0.338733 0.861048 0.016200 0.018477
48 0.395066 0.878205 0.012518 0.006033
48 0.304676 0.572021 0.012150 0.009804
48 0.350331 0.299397 0.011414 0.013575
48 0.054860 0.235106 0.008837 0.013952
48 0.882916 0.565611 0.006627 0.009804
48 0.893409 0.571833 0.006996 0.009427
48 0.344809 0.957202 0.013623 0.006410
48 0.287187 0.952677 0.009573 0.007919
48 0.988586 0.822587 0.013255 0.016214
48 0.979381 0.821644 0.022091 0.037707
48 0.803756 0.774698 0.016937 0.012443
48 0.949190 0.212104 0.013255 0.008673
48 0.946060 0.223793 0.023196 0.014706
48 0.430044 0.886312 0.027246 0.012443
48 0.376473 0.765837 0.012150 0.008296
48 0.383100 0.740762 0.017305 0.010935
48 0.407032 0.715875 0.007732 0.005656
48 0.195140 0.504148 0.014728 0.012066
48 0.279639 0.433069 0.012887 0.007164
48 0.277982 0.415913 0.014728 0.006033
48 0.108247 0.334087 0.008100 0.015837
48 0.085052 0.339367 0.010309 0.013575
48 0.064065 0.769231 0.037555 0.038462
48 0.309094 0.958145 0.012150 0.012066
48 0.348122 0.923454 0.009205 0.006787
48 0.798785 0.754525 0.009205 0.007541
48 0.967231 0.278658 0.011782 0.009050
48 0.395434 0.929299 0.018409 0.011689
48 0.368557 0.879713 0.019146 0.012066
48 0.394882 0.871983 0.010677 0.007919
48 0.311672 0.788084 0.008468 0.009050
48 0.316642 0.599548 0.005891 0.006787
48 0.052283 0.326735 0.019882 0.020739
48 0.239875 0.091252 0.020987 0.010558
48 0.133100 0.023567 0.020250 0.019231
48 0.383652 0.952489 0.013255 0.013575
48 0.284242 0.912896 0.013255 0.007541
48 0.951767 0.872172 0.011782 0.015083
48 0.969993 0.910634 0.006996 0.011312
48 0.462813 0.853318 0.024300 0.007541
48 0.922864 0.118401 0.010677 0.007541
48 0.420471 0.711916 0.010309 0.012066
48 0.441826 0.695513 0.009573 0.005656
48 0.480118 0.720023 0.008100 0.008673
48 0.362850 0.685143 0.014359 0.007541
48 0.283137 0.467383 0.017673 0.018477
48 0.162003 0.498680 0.009573 0.009427
48 0.833947 0.626131 0.011782 0.014706
48 0.879786 0.673077 0.006259 0.005279
48 0.047128 0.827866 0.035346 0.039593
48 0.289212 0.896305 0.011414 0.008296
48 0.972386 0.579374 0.012518 0.019985
48 0.961892 0.361802 0.023932 0.011689
48 0.879050 0.075038 0.012887 0.009050
48 0.934462 0.156674 0.011046 0.008673
48 0.443483 0.983974 0.011414 0.032051
48 0.287555 0.864630 0.013991 0.009050
48 0.442194 0.813348 0.010309 0.019608
48 0.299890 0.549585 0.011414 0.007919
48 0.279639 0.441931 0.017305 0.008296
48 0.289396 0.282994 0.015464 0.021493
48 0.242084 0.099548 0.015832 0.009050
48 0.229566 0.032240 0.019514 0.012443
48 0.026141 0.223605 0.008837 0.010558
48 0.889175 0.570324 0.007364 0.009427
48 0.332474 0.988688 0.007364 0.008296
48 0.952320 0.900264 0.005523 0.007164
48 0.990979 0.782994 0.018041 0.028281
48 0.869477 0.697021 0.012150 0.016968
48 0.894330 0.009050 0.012518 0.007541
48 0.895987 0.014894 0.014359 0.007919
48 0.979566 0.358409 0.040869 0.066742
48 0.363218 0.840498 0.008468 0.004525
48 0.316826 0.837293 0.013623 0.009427
48 0.304308 0.781674 0.014359 0.015083
48 0.400221 0.717949 0.006627 0.003017
48 0.471097 0.721908 0.012887 0.008673
48 0.938881 0.630656 0.016200 0.017722
48 0.929676 0.645928 0.027246 0.018854
48 0.881443 0.679299 0.011782 0.006410
48 0.953608 0.852376 0.013255 0.015460
48 0.963549 0.906486 0.005891 0.008296
48 0.945692 0.563537 0.015096 0.016968
48 0.409610 0.870287 0.009941 0.014329
48 0.902430 0.033937 0.014728 0.008296
48 0.298233 0.793364 0.010309 0.007541
48 0.306701 0.794118 0.007364 0.008296
48 0.477909 0.740762 0.013991 0.008673
48 0.844624 0.570513 0.022828 0.023379
48 0.396171 0.973228 0.015464 0.020362
48 0.282585 0.881033 0.009941 0.010935
48 0.992452 0.893854 0.008468 0.013198
48 0.966495 0.908748 0.007364 0.010558
48 0.983800 0.779035 0.020619 0.034691
48 0.994477 0.795060 0.011046 0.016968
48 0.961708 0.259050 0.011046 0.007541
48 0.375000 0.757541 0.007732 0.007541
48 0.443667 0.707391 0.011782 0.006033
48 0.443299 0.701923 0.009573 0.005656
48 0.275589 0.375566 0.011414 0.006033
48 0.916421 0.583522 0.008100 0.012443
48 0.820508 0.617459 0.021723 0.015460
48 0.946797 0.619910 0.014359 0.012821
48 0.291974 0.967006 0.011782 0.016214
48 0.941458 0.863876 0.024300 0.025641
48 0.987850 0.868213 0.010309 0.010935
48 0.982143 0.835784 0.018041 0.017722
48 0.963365 0.576735 0.007732 0.006410
48 0.992452 0.529223 0.015096 0.016214
48 0.803387 0.765271 0.008837 0.006410
48 0.946797 0.302225 0.019514 0.013952
48 0.471465 0.978130 0.009205 0.009050
48 0.278719 0.423077 0.016937 0.011312
48 0.334131 0.975113 0.006259 0.006033
48 0.347754 0.929864 0.009941 0.007541
48 0.970913 0.862934 0.013991 0.016214
48 0.904455 0.045814 0.014359 0.007919
48 0.386230 0.911388 0.008837 0.016591
48 0.390648 0.850490 0.013991 0.005656
48 0.366348 0.816742 0.019146 0.012066
48 0.287371 0.776207 0.017305 0.017722
48 0.236193 0.060332 0.010677 0.003771
48 0.040685 0.229072 0.009205 0.012443
48 0.988586 0.922323 0.011046 0.011312
48 0.718336 0.700792 0.011782 0.007919
48 0.975884 0.409502 0.020250 0.015837
48 0.900037 0.027903 0.014359 0.009804
48 0.945324 0.199661 0.014359 0.008673
48 0.942379 0.187029 0.014359 0.008296
48 0.489875 0.977753 0.024669 0.014329
48 0.201767 0.486237 0.011046 0.007164
48 0.275221 0.380279 0.013623 0.006410
48 0.217231 0.060143 0.014728 0.011689
48 0.012150 0.217383 0.008100 0.010181
48 0.893778 0.673831 0.012150 0.006787
48 0.379050 0.965498 0.008468 0.008673
48 0.311856 0.875000 0.009573 0.010181
48 0.953976 0.330317 0.019146 0.013575
48 0.376657 0.908183 0.009573 0.007164
48 0.364875 0.844646 0.005891 0.004525
48 0.274300 0.368024 0.011782 0.007541
48 0.131811 0.315422 0.016200 0.016968
48 0.237113 0.072964 0.020619 0.026772
48 0.284426 0.965686 0.007732 0.009804
48 0.300442 0.862745 0.013255 0.008296
48 0.274485 0.817873 0.012887 0.009050
48 0.342415 0.285822 0.008837 0.008296
48 0.897275 0.668552 0.006627 0.004525
48 0.303756 0.888386 0.008837 0.015083
48 0.966311 0.374246 0.021723 0.010181
48 0.364875 0.712670 0.015464 0.012821
48 0.273564 0.402715 0.006627 0.004525
48 0.871318 0.559766 0.009205 0.008673
48 0.336892 0.965686 0.005891 0.006787
48 0.306517 0.941176 0.009941 0.009050
48 0.860641 0.697775 0.008468 0.016214
48 0.800994 0.760747 0.011414 0.005656
48 0.959867 0.355204 0.022091 0.011312
48 0.966863 0.379148 0.021355 0.011689
48 0.372791 0.924397 0.014359 0.010181
48 0.386598 0.891026 0.007364 0.009804
48 0.326399 0.786199 0.007732 0.005279
48 0.474411 0.783183 0.013623 0.034691
48 0.409610 0.722851 0.007732 0.009804
48 0.321613 0.671003 0.006996 0.009427
48 0.899300 0.538273 0.012887 0.010935
48 0.836892 0.677036 0.007364 0.006410
48 0.993189 0.875566 0.013623 0.015837
48 0.955081 0.234917 0.014728 0.010558
48 0.968704 0.284691 0.010309 0.007541
48 0.384757 0.900641 0.015464 0.007919
48 0.374264 0.842760 0.015096 0.010558
48 0.377946 0.789216 0.006259 0.006787
48 0.316090 0.608409 0.011414 0.010181
48 0.284057 0.483597 0.015096 0.009427
48 0.281112 0.449284 0.016568 0.009427
48 0.233247 0.052413 0.014359 0.007541
48 0.212261 0.044118 0.013623 0.011312
48 0.900405 0.576923 0.006259 0.008296
48 0.872607 0.671757 0.008837 0.010181
48 0.096097 0.841063 0.037555 0.039593
48 0.956738 0.875377 0.009941 0.013952
48 0.993925 0.838047 0.012150 0.033560
48 0.927467 0.130845 0.013255 0.009050
48 0.965758 0.272059 0.012518 0.009427
48 0.970913 0.291478 0.011046 0.008296
48 0.975515 0.309955 0.012150 0.008296
48 0.465390 0.814291 0.022828 0.016968
48 0.338181 0.605204 0.011414 0.011312
48 0.179676 0.094080 0.014728 0.013952
48 0.912003 0.580882 0.005155 0.006410
48 0.915317 0.664404 0.016200 0.010558
48 0.865611 0.681561 0.011046 0.013198
48 0.113034 0.781297 0.034610 0.037707
48 0.347386 0.936652 0.013623 0.008296
48 0.963918 0.879336 0.014728 0.014329
48 0.936119 0.558446 0.006259 0.010558
48 0.948638 0.311463 0.021723 0.015837
48 0.396723 0.856523 0.008468 0.005656
48 0.377577 0.856335 0.018041 0.006787
48 0.302283 0.832202 0.016937 0.011312
48 0.364691 0.784125 0.012887 0.010935
48 0.928203 0.592572 0.009573 0.013198
48 0.978645 0.865762 0.011782 0.015837
48 0.981959 0.875754 0.011046 0.007919
48 0.796208 0.769608 0.007732 0.004525
48 0.943851 0.292986 0.024669 0.015083
48 0.952136 0.321078 0.021355 0.011689
48 0.496134 0.993778 0.018041 0.012443
48 0.410162 0.977376 0.019146 0.038462
48 0.438697 0.936275 0.021723 0.012821
48 0.373895 0.890271 0.019514 0.013575
48 0.312224 0.815799 0.012518 0.010181
48 0.451399 0.733974 0.013255 0.008673
48 0.127761 0.850113 0.022091 0.036576
48 0.328976 0.943250 0.012887 0.010181
48 0.309462 0.886501 0.006996 0.012066
48 0.988954 0.585407 0.011782 0.017722
48 0.049890 0.710973 0.037187 0.023002
48 0.897828 0.021493 0.013623 0.007541
48 0.952688 0.228884 0.015096 0.009050
48 0.388807 0.826923 0.010309 0.009050
48 0.324742 0.802225 0.010309 0.009427
48 0.441090 0.690422 0.011046 0.005279
48 0.320876 0.682881 0.009205 0.006787
48 0.344809 0.643288 0.020250 0.015837
48 0.203976 0.108409 0.018409 0.013198
48 0.218520 0.102753 0.009205 0.010181
48 0.917526 0.548265 0.013991 0.011312
48 0.880891 0.667609 0.009941 0.005656
48 0.978461 0.584087 0.013623 0.019608
48 0.972386 0.398944 0.021355 0.015837
48 0.430228 0.973605 0.012150 0.024887
48 0.504786 0.895739 0.016937 0.021493
48 0.324190 0.552979 0.011414 0.008673
48 0.256996 0.215498 0.018409 0.010181
48 0.906664 0.541855 0.010677 0.009804
48 0.923601 0.656109 0.022459 0.019608
48 0.976988 0.915158 0.013623 0.017345
48 0.927283 0.531863 0.023196 0.013952
48 0.942010 0.278658 0.026141 0.023379
48 0.373527 0.851244 0.015832 0.005656
48 0.380891 0.826923 0.010677 0.008296
48 0.356775 0.728695 0.009573 0.007919
48 0.316274 0.658937 0.010309 0.008673
48 0.277430 0.409502 0.015832 0.009050
48 0.912187 0.544872 0.006996 0.009804
48 0.908505 0.578808 0.004786 0.011312
48 0.902614 0.670249 0.004786 0.006410
48 0.833395 0.687406 0.006259 0.006787
48 0.334499 0.954374 0.011414 0.011312
48 0.387150 0.989253 0.030560 0.021493
48 0.325479 0.955505 0.011046 0.006033
48 0.280560 0.894419 0.008837 0.010558
48 0.965022 0.367081 0.023564 0.010935
48 0.895987 0.119910 0.024669 0.022624
48 0.960052 0.252828 0.012887 0.010181
48 0.387887 0.839178 0.015832 0.010935
48 0.358984 0.702866 0.011782 0.009050
48 0.347938 0.689103 0.009573 0.007919
48 0.345913 0.681750 0.012887 0.009804
48 0.274669 0.394985 0.016200 0.008673
48 0.284057 0.261501 0.016568 0.012443
48 0.212813 0.126697 0.006627 0.013575
48 0.906296 0.674020 0.005523 0.007919
48 0.940353 0.897436 0.010309 0.012821
48 0.279639 0.953620 0.009205 0.008296
48 0.316274 0.993778 0.007364 0.009427
48 0.296024 0.895739 0.010309 0.013198
48 0.983247 0.555241 0.023932 0.023002
48 0.835972 0.701735 0.018041 0.013575
48 0.792342 0.742647 0.010309 0.006410
48 0.957658 0.346719 0.020619 0.010935
48 0.968520 0.387632 0.024669 0.015083
48 0.931701 0.150264 0.011414 0.009427
48 0.939801 0.174397 0.011414 0.009427
48 0.941826 0.181938 0.013255 0.008673
48 0.957842 0.246983 0.014359 0.011312
48 0.376841 0.915724 0.007732 0.007164
48 0.391568 0.884427 0.020250 0.006410
48 0.370582 0.870475 0.021723 0.007164
48 0.364138 0.831825 0.009573 0.012066
48 0.298049 0.806184 0.014359 0.007541
48 0.196429 0.057315 0.029087 0.084465
48 0.922496 0.588612 0.009941 0.011312
48 0.043078 0.906486 0.016200 0.016591
48 0.324926 0.973228 0.016568 0.011312
48 0.973859 0.296757 0.012518 0.009050
48 0.974043 0.304864 0.013623 0.008673
48 0.457106 0.724359 0.009205 0.006787
48 0.207474 0.124434 0.004050 0.009804
48 0.256811 0.037896 0.007732 0.011689
48 0.942931 0.749057 0.030928 0.022247
48 0.322901 0.986048 0.016937 0.014329
48 0.299705 0.872172 0.007364 0.010558
48 0.791421 0.736237 0.011414 0.007919
48 0.977725 0.315234 0.012887 0.009804
48 0.418999 0.722285 0.010309 0.010181
48 0.309094 0.583333 0.014359 0.010558
48 0.328240 0.030732 0.016568 0.013198
48 0.142121 0.012443 0.013991 0.009804
48 0.908873 0.599925 0.035714 0.027903
48 0.825295 0.685709 0.007732 0.010181
48 0.279087 0.970400 0.006627 0.009427
48 0.286082 0.958710 0.009573 0.004148
48 0.961524 0.861425 0.014359 0.015460
48 0.099779 0.723039 0.036082 0.020739
48 0.393409 0.864253 0.012150 0.009804
48 0.373159 0.831448 0.008468 0.012066
48 0.303571 0.848416 0.012150 0.006787
48 0.451951 0.813348 0.009941 0.019608
48 0.402430 0.738499 0.005891 0.008673
48 0.406480 0.710030 0.006627 0.005279
48 0.439249 0.682315 0.016937 0.013198
48 0.325110 0.562783 0.011046 0.010181
48 0.325110 0.534502 0.015464 0.008673
48 0.904087 0.578243 0.004786 0.010181
48 0.851068 0.682881 0.009205 0.011312
48 0.947349 0.900452 0.009573 0.012066
48 0.284242 0.971719 0.005891 0.006033
48 0.331001 0.931561 0.009573 0.014706
48 0.850700 0.699284 0.014359 0.015460
48 0.411082 0.885370 0.005523 0.006787
48 0.946981 0.206071 0.015464 0.010181
48 0.943667 0.194193 0.013255 0.009804
48 0.956738 0.240385 0.015096 0.010181
48 0.989875 0.422323 0.020250 0.063348
48 0.369661 0.903846 0.009573 0.006787
48 0.414396 0.736991 0.007732 0.011689
48 0.416974 0.699284 0.014359 0.010935
48 0.335236 0.588047 0.010677 0.008673
48 0.216311 0.488499 0.010677 0.012443
48 0.107695 0.310332 0.007732 0.006787
48 0.088733 0.277903 0.013991 0.015083
48 0.346649 0.943627 0.016568 0.010935
48 0.231222 0.042232 0.019146 0.012066
48 0.897644 0.626697 0.029455 0.022624
48 0.977172 0.885747 0.019146 0.018100
48 0.987482 0.891780 0.007364 0.015083
48 0.697901 0.702112 0.016568 0.012066
48 0.415869 0.681750 0.013623 0.018100
48 0.903535 0.039781 0.013255 0.009427
48 0.925626 0.124811 0.011782 0.007541
48 0.371134 0.864253 0.019146 0.009804
48 0.296024 0.846342 0.008100 0.014706
48 0.217415 0.092006 0.010677 0.013575
48 0.897460 0.573718 0.004786 0.009427
48 0.841127 0.685897 0.010677 0.011312
5 0.106222 0.129902 0.006259 0.004902
48 0.140832 0.049585 0.015096 0.013952
48 0.351436 0.132919 0.009205 0.010935
48 0.322349 0.259992 0.015096 0.016968
48 0.238402 0.291101 0.011414 0.008296
48 0.207658 0.252828 0.010309 0.010181
48 0.334499 0.279977 0.013623 0.012443
48 0.360272 0.308635 0.014359 0.013198
48 0.366532 0.313537 0.012150 0.010181
48 0.016568 0.756222 0.028719 0.039593
48 0.628498 0.062406 0.036082 0.063725
48 0.761230 0.102187 0.010677 0.009050
48 0.892857 0.102376 0.023564 0.023002
48 0.907401 0.106146 0.009205 0.008673
48 0.905376 0.099925 0.009573 0.009804
48 0.904087 0.092195 0.010677 0.008673
48 0.913292 0.085407 0.012887 0.010181
48 0.882548 0.062594 0.017673 0.009050
48 0.879418 0.055807 0.016568 0.009804
48 0.880339 0.048643 0.020619 0.010558
48 0.914212 0.098416 0.013991 0.018100
48 0.942931 0.020739 0.067010 0.027149
48 0.832474 0.204374 0.012518 0.015837
48 0.733800 0.234729 0.014728 0.011689
48 0.741163 0.195890 0.014728 0.012443
48 0.727909 0.187406 0.012518 0.014329
48 0.700479 0.371606 0.021723 0.007919
48 0.164580 0.991704 0.017673 0.015837
5 0.218152 0.267157 0.002577 0.004902
5 0.219624 0.276772 0.003314 0.006787
55 0.494109 0.845211 0.010309 0.011689
55 0.505891 0.844269 0.011046 0.013575
48 0.995029 0.613688 0.009941 0.023756
48 0.878866 0.638575 0.058910 0.043364
48 0.953424 0.666478 0.009205 0.009427
48 0.951583 0.677413 0.006996 0.008673
48 0.938697 0.696267 0.008468 0.007164
48 0.943851 0.692496 0.006259 0.005656
48 0.930965 0.689668 0.020250 0.016591
48 0.898748 0.695513 0.047865 0.019985
48 0.927099 0.678545 0.008837 0.010181
48 0.949558 0.691365 0.010309 0.010181
48 0.831922 0.679110 0.007732 0.005279
48 0.815722 0.688537 0.011414 0.014329
48 0.803940 0.684389 0.015096 0.012066
48 0.865611 0.664593 0.007364 0.007919
48 0.856222 0.676094 0.005523 0.006033
48 0.857879 0.681750 0.007364 0.007541
48 0.872975 0.665158 0.011782 0.003771
48 0.855854 0.709276 0.005523 0.005279
48 0.852172 0.709087 0.004050 0.004902
48 0.848122 0.709465 0.004786 0.004902
23 0.270987 0.219457 0.007364 0.009804
28 0.264359 0.225113 0.004418 0.009050
5 0.217047 0.260935 0.003314 0.005279
5 0.449926 0.010747 0.002946 0.004902
5 0.539212 0.152149 0.002577 0.004902
7 0.472018 0.246606 0.002209 0.006033
8 0.480670 0.259615 0.002577 0.004902
5 0.527982 0.638198 0.003682 0.005656
5 0.768962 0.628959 0.003314 0.004525
6 0.523748 0.796757 0.011414 0.012066
8 0.685567 0.818439 0.005155 0.007164
5 0.518041 0.840309 0.002946 0.005656
5 0.794735 0.708333 0.004050 0.005656
5 0.821613 0.765649 0.004050 0.004148
5 0.715758 0.885181 0.002209 0.005656
5 0.852909 0.845400 0.004050 0.005279
8 0.543078 0.754148 0.003682 0.005279
5 0.971465 0.963612 0.004786 0.002640
5 0.922128 0.851621 0.003314 0.004902
5 0.840943 0.617459 0.004418 0.004902
5 0.877945 0.600867 0.005523 0.004148
5 0.943115 0.679110 0.005523 0.004525
5 0.900773 0.554676 0.004786 0.003017
5 0.970729 0.601810 0.005523 0.004525
5 0.967415 0.552979 0.004786 0.001885
5 0.971097 0.503394 0.005523 0.004525
5 0.963918 0.505279 0.002209 0.004525
5 0.954713 0.507541 0.003682 0.003771
5 0.942379 0.510181 0.004786 0.003771
5 0.906112 0.520928 0.005155 0.003394
5 0.946613 0.960784 0.005155 0.003771
5 0.522644 0.845965 0.001841 0.004902
5 0.523932 0.912707 0.002946 0.004902
5 0.025589 0.036576 0.004786 0.004525
5 0.132916 0.061652 0.005155 0.004902
5 0.252577 0.184201 0.004418 0.004902
5 0.110825 0.249811 0.003682 0.005656
5 0.430044 0.955317 0.005155 0.004902
5 0.934094 0.512632 0.003682 0.003394
11 0.527062 0.702489 0.005523 0.018100
5 0.354013 0.287142 0.004050 0.004148
5 0.979566 0.503017 0.004786 0.003017
48 0.340943 0.656297 0.011782 0.009427
48 0.446797 0.208522 0.015096 0.013575
48 0.415133 0.279412 0.014359 0.015837
48 0.397644 0.295626 0.012518 0.012821
48 0.854750 0.070890 0.012150 0.019608
48 0.729197 0.199849 0.013623 0.016591
48 0.823269 0.226056 0.011046 0.015460
48 0.881259 0.208899 0.009941 0.015083
48 0.844256 0.400264 0.016200 0.020739
48 0.571060 0.368213 0.014728 0.012443
8 0.470361 0.164970 0.006259 0.007919
48 0.148012 0.175716 0.013255 0.015837
48 0.047128 0.176659 0.015464 0.023756
48 0.116716 0.318439 0.017673 0.023002
48 0.325110 0.108032 0.010309 0.013952
48 0.273564 0.048831 0.013255 0.010935
48 0.350147 0.224359 0.015464 0.015083
48 0.345913 0.179864 0.015096 0.012066
48 0.371134 0.027526 0.014728 0.012821
48 0.355854 0.029035 0.018778 0.014329
48 0.703608 0.237368 0.022091 0.011689
48 0.728829 0.342572 0.018778 0.012443
48 0.743741 0.031297 0.013255 0.015083
48 0.827688 0.057504 0.015464 0.019231
48 0.807621 0.080882 0.012150 0.013952
48 0.880891 0.389706 0.014359 0.016968
48 0.797128 0.412330 0.014728 0.017722
5 0.786819 0.966817 0.002209 0.004525
5 0.217784 0.711350 0.005523 0.003394
5 0.673049 0.394985 0.002209 0.005656
5 0.415133 0.339178 0.004786 0.004148
5 0.691826 0.796380 0.007364 0.003771
48 0.913292 0.174020 0.020250 0.013952
48 0.890832 0.506222 0.048233 0.031297
48 0.979750 0.432881 0.019882 0.013575
48 0.989323 0.482466 0.015464 0.015460
48 0.315353 0.845400 0.008468 0.009804
48 0.387150 0.175528 0.014359 0.014706
48 0.425994 0.253959 0.019146 0.018477
48 0.871870 0.293741 0.026510 0.021116
48 0.819588 0.327489 0.022091 0.017722
48 0.779455 0.338424 0.014728 0.019985
48 0.860825 0.365762 0.013255 0.021116
48 0.609536 0.755279 0.032769 0.024133
48 0.613586 0.769796 0.034242 0.025264
48 0.700295 0.769985 0.030928 0.019608
48 0.817563 0.851433 0.020250 0.013575
48 0.042894 0.926282 0.034242 0.037330
48 0.955081 0.609163 0.020619 0.019231
48 0.087261 0.151961 0.012518 0.018100
48 0.178019 0.187594 0.012887 0.016968
48 0.016753 0.267157 0.015096 0.015460
48 0.321613 0.078620 0.010677 0.012443
48 0.283873 0.034502 0.015464 0.013952
48 0.286082 0.143477 0.013255 0.010181
48 0.774669 0.088612 0.008837 0.013575
48 0.750184 0.276961 0.012150 0.016214
48 0.875736 0.243401 0.015096 0.015460
48 0.794735 0.312217 0.012887 0.018100
48 0.787003 0.366327 0.012887 0.016214
48 0.833027 0.450792 0.012887 0.021493
48 0.913844 0.430053 0.014728 0.016968
5 0.268041 0.855392 0.002946 0.005656
5 0.097386 0.747172 0.003314 0.002640
5 0.468520 0.463989 0.004786 0.002640
5 0.448638 0.053544 0.004050 0.005279
5 0.460420 0.158560 0.004050 0.005656
5 0.919551 0.517722 0.006259 0.006033
48 0.417710 0.052602 0.018041 0.016214
48 0.402798 0.069193 0.013991 0.016214
48 0.872055 0.361425 0.015096 0.021493
48 0.762703 0.419683 0.019514 0.023379
48 0.612850 0.324661 0.035714 0.021116
48 0.617452 0.286576 0.019146 0.015083
48 0.621134 0.300528 0.013255 0.014329
48 0.708211 0.784691 0.028351 0.014329
48 0.571613 0.897436 0.025405 0.007541
48 0.681333 0.633296 0.012150 0.017722
48 0.726068 0.626320 0.011782 0.019608
48 0.637150 0.714555 0.015096 0.016591
48 0.773012 0.815611 0.019514 0.014329
48 0.812408 0.870098 0.013623 0.012443
48 0.672312 0.904412 0.025773 0.013198
48 0.114691 0.107278 0.040133 0.038084
48 0.722018 0.844646 0.069219 0.067873
8 0.248527 0.177225 0.008100 0.006787
48 0.364875 0.222662 0.012518 0.015460
48 0.344256 0.251697 0.015464 0.017722
48 0.366163 0.058258 0.030560 0.015460
48 0.624264 0.127262 0.012150 0.012443
48 0.696797 0.189668 0.016568 0.010558
48 0.701583 0.225490 0.017305 0.012821
48 0.851252 0.052225 0.013255 0.018477
48 0.801546 0.064857 0.013991 0.011312
48 0.796024 0.167232 0.013255 0.018477
48 0.776141 0.239253 0.011782 0.017722
48 0.810935 0.360860 0.012887 0.014329
48 0.861193 0.461350 0.015464 0.016968
48 0.881443 0.733786 0.049337 0.048265
5 0.822717 0.921757 0.005523 0.002640
5 0.643778 0.238311 0.003314 0.006033
5 0.976436 0.537519 0.005891 0.004902
5 0.347386 0.264329 0.004786 0.003017
48 0.421944 0.097474 0.017673 0.016214
48 0.744661 0.079374 0.015832 0.017722
48 0.774853 0.139706 0.015832 0.019985
48 0.764912 0.192308 0.013623 0.020362
48 0.766937 0.291101 0.012518 0.017345
48 0.902614 0.335973 0.015832 0.014329
48 0.726068 0.451357 0.023564 0.012066
48 0.623711 0.835784 0.017673 0.018477
48 0.532769 0.474170 0.007364 0.016214
48 0.634941 0.688725 0.012150 0.023002
48 0.816090 0.804487 0.016568 0.016968
48 0.704161 0.966817 0.018778 0.015083
8 0.477540 0.236614 0.007364 0.011689
48 0.028719 0.272624 0.013255 0.014329
48 0.294367 0.106146 0.016568 0.012443
48 0.327504 0.153469 0.014359 0.011312
48 0.696981 0.166290 0.021355 0.014329
48 0.397460 0.282805 0.015096 0.014329
48 0.849963 0.148567 0.016568 0.021116
48 0.758468 0.323529 0.016200 0.021870
48 0.809831 0.407617 0.013623 0.018854
48 0.932437 0.441365 0.012887 0.016968
5 0.902430 0.705694 0.005891 0.004902
5 0.848122 0.827866 0.004786 0.007164
5 0.706370 0.425716 0.002577 0.006033
5 0.474043 0.306750 0.002577 0.005656
5 0.417342 0.269419 0.005523 0.002640
6 0.663660 0.931938 0.018041 0.004148
48 0.978645 0.421569 0.018409 0.012066
48 0.389912 0.244155 0.015464 0.014706
48 0.571797 0.088235 0.108247 0.024887
48 0.733616 0.081825 0.014359 0.017345
48 0.892489 0.308069 0.015464 0.018854
48 0.565538 0.718514 0.016200 0.006410
48 0.709683 0.683446 0.012150 0.020739
48 0.622975 0.713612 0.018409 0.010935
48 0.775221 0.748680 0.026141 0.014706
48 0.042710 0.059766 0.055228 0.052413
48 0.189433 0.239819 0.029087 0.020362
48 0.297128 0.131222 0.016937 0.013575
48 0.637703 0.125754 0.013255 0.013952
48 0.783137 0.168741 0.013255 0.018477
48 0.744845 0.204563 0.025773 0.013198
48 0.784794 0.219834 0.014359 0.012821
48 0.652798 0.597285 0.009573 0.013575
5 0.854750 0.841440 0.004050 0.005656
5 0.896539 0.894608 0.005155 0.004902
5 0.839102 0.937594 0.005155 0.004148
5 0.981775 0.528846 0.007732 0.004902
48 0.296576 0.177979 0.023196 0.012066
48 0.700663 0.019419 0.008100 0.009427
48 0.752577 0.146116 0.013255 0.015460
48 0.828976 0.155543 0.014359 0.020739
48 0.905191 0.251697 0.014359 0.016968
48 0.775589 0.416478 0.012887 0.022247
48 0.922864 0.375377 0.012150 0.020739
48 0.632916 0.203054 0.013991 0.016214
48 0.651694 0.380468 0.027982 0.020362
48 0.680596 0.381033 0.014359 0.026772
48 0.568667 0.837293 0.029087 0.007919
48 0.556517 0.630279 0.015832 0.004902
48 0.749816 0.759427 0.025405 0.012821
48 0.773380 0.804487 0.020250 0.013198
48 0.688328 0.984163 0.021723 0.017345
48 0.959315 0.638009 0.012150 0.010558
48 0.969993 0.616893 0.017305 0.014329
48 0.646355 0.634238 0.012150 0.021116
48 0.633100 0.654977 0.012150 0.013575
48 0.027798 0.254148 0.013623 0.015837
48 0.061487 0.266026 0.013255 0.017722
48 0.610088 0.129148 0.011782 0.012443
48 0.715390 0.297134 0.017673 0.012066
48 0.733247 0.392911 0.020250 0.012821
48 0.723122 0.135558 0.016200 0.019985
48 0.761230 0.226244 0.013623 0.017345
48 0.762887 0.274510 0.012518 0.018100
48 0.807621 0.259992 0.015096 0.024510
48 0.821244 0.307127 0.012887 0.017722
48 0.801362 0.330317 0.015096 0.020362
48 0.918262 0.347097 0.012518 0.016214
48 0.826399 0.372360 0.012150 0.018477
48 0.919551 0.446267 0.013623 0.017722
48 0.717599 0.645739 0.008837 0.014706
5 0.964654 0.776584 0.005891 0.006410
5 0.947901 0.805053 0.004050 0.005279
5 0.324374 0.206825 0.002946 0.004902
5 0.801178 0.718137 0.001473 0.007164
5 0.918446 0.569947 0.006259 0.005656
5 0.977172 0.540913 0.005891 0.001885
48 0.933910 0.255091 0.020250 0.013952
48 0.665317 0.416855 0.027246 0.029035
5 0.335236 0.262255 0.004050 0.004902
48 0.290317 0.070701 0.013623 0.010181
48 0.379971 0.085973 0.018409 0.016591
48 0.862850 0.147247 0.013623 0.021493
48 0.914580 0.283748 0.013255 0.016968
48 0.781664 0.483786 0.012518 0.018100
48 0.726436 0.489442 0.014728 0.009050
48 0.636046 0.293552 0.019514 0.018477
48 0.664948 0.820136 0.016200 0.016591
48 0.792526 0.793552 0.020987 0.009427
48 0.838549 0.858597 0.028351 0.020362
48 0.075110 0.092006 0.044183 0.043741
48 0.993925 0.565988 0.012150 0.018100
48 0.064617 0.024321 0.034978 0.031297
48 0.421944 0.214744 0.011782 0.014706
48 0.658873 0.014706 0.018041 0.014329
48 0.712813 0.285068 0.023564 0.012821
48 0.716495 0.105958 0.012518 0.017345
48 0.759757 0.091629 0.010677 0.012821
48 0.772644 0.270928 0.014359 0.017722
48 0.830817 0.254336 0.013623 0.019985
48 0.860825 0.411765 0.013255 0.018854
48 0.586524 0.571644 0.020619 0.012066
48 0.712445 0.591063 0.011046 0.016968
5 0.979013 0.695136 0.003682 0.005656
5 0.918630 0.822964 0.005155 0.005656
5 0.812224 0.996795 0.003682 0.005656
5 0.454529 0.099925 0.005523 0.006787
5 0.474411 0.277338 0.006259 0.004902
5 0.548233 0.807315 0.002946 0.003771
48 0.325110 0.139329 0.016937 0.013952
48 0.409242 0.256410 0.014359 0.015083
48 0.434278 0.315045 0.015832 0.016214
48 0.843520 0.022247 0.014728 0.019608
48 0.857879 0.216440 0.012518 0.016591
48 0.856038 0.348228 0.014728 0.014706
48 0.669183 0.379902 0.009941 0.024510
48 0.694404 0.753582 0.035346 0.023756
48 0.573822 0.986614 0.024669 0.005656
48 0.656848 0.678922 0.008837 0.007919
48 0.814985 0.703808 0.036451 0.026018
48 0.696981 0.177413 0.016937 0.010935
48 0.863034 0.097097 0.013255 0.021493
48 0.771539 0.172511 0.013623 0.019231
48 0.868189 0.163650 0.013991 0.018854
48 0.764912 0.241139 0.012150 0.019231
48 0.787003 0.235294 0.012887 0.018854
48 0.895434 0.351810 0.013991 0.012821
48 0.881627 0.439291 0.013623 0.015083
5 0.467968 0.471719 0.004418 0.004525
5 0.597202 0.336538 0.005155 0.002640
5 0.306885 0.105015 0.003314 0.005656
5 0.534426 0.154977 0.002577 0.006033
5 0.470729 0.287330 0.004050 0.005279
5 0.524485 0.884238 0.004050 0.005279
48 0.922864 0.208522 0.018041 0.017345
48 0.783873 0.569005 0.058174 0.024133
48 0.833395 0.553356 0.060751 0.023756
48 0.655560 0.471719 0.077688 0.025641
48 0.282401 0.024698 0.011046 0.005656
48 0.813697 0.423454 0.011782 0.015083
48 0.677099 0.316931 0.016200 0.025264
48 0.597754 0.303167 0.012150 0.013575
48 0.619293 0.361991 0.077320 0.027149
48 0.689433 0.353695 0.043078 0.030166
48 0.560015 0.659879 0.016200 0.004525
48 0.693851 0.649321 0.012150 0.015837
48 0.705081 0.629148 0.011782 0.019985
48 0.771355 0.794683 0.014728 0.012443
48 0.761046 0.884238 0.010309 0.009050
48 0.627393 0.900830 0.018409 0.012066
48 0.946981 0.657805 0.009573 0.007164
48 0.952872 0.648190 0.011782 0.009050
48 0.094072 0.054110 0.036451 0.028281
48 0.112850 0.197398 0.015832 0.019231
48 0.033137 0.207202 0.014728 0.023002
48 0.287371 0.046192 0.015832 0.010935
48 0.746686 0.048454 0.013991 0.018477
48 0.782401 0.036765 0.012518 0.016214
48 0.801178 0.015649 0.010309 0.017722
48 0.804860 0.030732 0.012518 0.012443
48 0.830081 0.076546 0.012887 0.013575
48 0.815169 0.160822 0.011782 0.012443
48 0.822717 0.421757 0.013623 0.018477
48 0.904455 0.433069 0.011414 0.014706
48 0.578240 0.510747 0.016568 0.010935
48 0.705081 0.647436 0.010309 0.013575
5 0.886046 0.876885 0.004050 0.004902
5 0.838365 0.975113 0.005891 0.005279
5 0.620582 0.349548 0.005523 0.002262
5 0.321244 0.167044 0.002577 0.006033
5 0.444956 0.015649 0.004050 0.006410
48 0.930596 0.243401 0.018778 0.014706
48 0.361193 0.248115 0.017673 0.017345
48 0.732695 0.035822 0.012518 0.013575
48 0.739875 0.148002 0.015096 0.014706
48 0.812040 0.278281 0.014359 0.020362
48 0.874264 0.311840 0.026878 0.021116
48 0.626105 0.174774 0.019514 0.016214
48 0.685935 0.807881 0.015464 0.015460
48 0.574558 0.807881 0.015096 0.004148
48 0.732511 0.682504 0.010677 0.018100
48 0.602356 0.712481 0.022091 0.013198
48 0.759757 0.713235 0.033505 0.034314
48 0.680781 0.861425 0.014728 0.014706
48 0.715206 0.984729 0.029087 0.016214
8 0.212629 0.145928 0.005523 0.006033
48 0.125000 0.205882 0.018041 0.024133
48 0.047128 0.211916 0.010309 0.021116
48 0.310751 0.018665 0.016200 0.015460
48 0.392121 0.203997 0.012518 0.015083
48 0.651694 0.124057 0.013255 0.012066
48 0.695508 0.153658 0.020619 0.011689
48 0.772275 0.320136 0.014359 0.017345
48 0.883652 0.358409 0.014728 0.019985
48 0.615243 0.600113 0.012518 0.014706
5 0.784242 0.972285 0.002946 0.005656
5 0.452504 0.114630 0.008100 0.003771
5 0.525405 0.853884 0.003682 0.007919
5 0.980118 0.590309 0.006627 0.003394
48 0.824926 0.577489 0.029087 0.019985
48 0.384941 0.130279 0.018778 0.016214
48 0.406112 0.112934 0.016937 0.016214
48 0.525037 0.126320 0.011046 0.011312
48 0.707290 0.018477 0.008837 0.007541
48 0.777246 0.071456 0.014728 0.014706
48 0.868741 0.391026 0.015096 0.021870
48 0.588181 0.291855 0.011414 0.013575
48 0.739323 0.624434 0.019146 0.019608
48 0.671392 0.688914 0.012887 0.017345
48 0.770434 0.855015 0.025405 0.026018
48 0.161267 0.179864 0.013991 0.017345
48 0.278166 0.072587 0.010677 0.010935
48 0.607327 0.102564 0.011414 0.014329
8 0.807990 0.741327 0.006259 0.008296
48 0.903719 0.383107 0.015096 0.019608
48 0.897275 0.451735 0.013991 0.016591
5 0.972202 0.712481 0.004050 0.004902
5 0.035714 0.659879 0.005891 0.003017
5 0.551362 0.881599 0.003314 0.006787
48 0.877025 0.040347 0.020619 0.015837
48 0.605302 0.425151 0.028719 0.032805
48 0.961524 0.536388 0.029823 0.042609
48 0.403351 0.083899 0.014359 0.016214
48 0.425626 0.127262 0.017673 0.015460
48 0.835236 0.269042 0.013623 0.011689
48 0.927835 0.395739 0.012518 0.017722
48 0.633652 0.638575 0.014728 0.018477
48 0.810751 0.792798 0.017673 0.010181
48 0.013623 0.069570 0.025037 0.023002
48 0.927835 0.887632 0.022091 0.021870
48 0.124080 0.081448 0.032401 0.030920
48 0.131259 0.168363 0.019514 0.017722
48 0.095545 0.325980 0.016568 0.018477
8 0.521723 0.897813 0.005891 0.007541
48 0.731959 0.354072 0.017673 0.014329
48 0.838365 0.154412 0.011782 0.013198
48 0.870766 0.261878 0.013255 0.016968
48 0.790869 0.379713 0.011782 0.013575
48 0.811856 0.456825 0.012518 0.019231
48 0.846281 0.448341 0.012887 0.015083
48 0.856222 0.445324 0.015096 0.019608
48 0.584131 0.533560 0.023196 0.012821
48 0.741716 0.642722 0.012150 0.016214
5 0.490427 0.476056 0.004418 0.004902
5 0.415685 0.346342 0.005155 0.004902
48 0.446244 0.194382 0.014728 0.016214
48 0.692747 0.129713 0.024669 0.015083
48 0.790501 0.067308 0.016200 0.018477
48 0.847202 0.269796 0.016937 0.021493
48 0.678019 0.722285 0.017305 0.023756
48 0.780560 0.772624 0.014728 0.012066
48 0.788476 0.883296 0.046024 0.013198
48 0.686672 0.950415 0.022091 0.020739
48 0.762334 0.967006 0.030560 0.017722
48 0.953424 0.643854 0.011414 0.009427
48 0.077872 0.187594 0.013623 0.023002
48 0.076215 0.290535 0.017673 0.017722
48 0.340390 0.121041 0.016568 0.012821
48 0.406664 0.216629 0.012887 0.014706
48 0.778535 0.021870 0.013623 0.018854
48 0.817931 0.078808 0.010677 0.015837
48 0.786267 0.134992 0.013623 0.015837
48 0.833395 0.221342 0.015832 0.018854
48 0.944219 0.439668 0.015096 0.018854
48 0.663844 0.594269 0.011046 0.014329
5 0.843152 0.815988 0.004418 0.006033
5 0.675258 0.338235 0.005155 0.002262
5 0.459499 0.179487 0.005155 0.006033
48 0.980302 0.214932 0.039396 0.046757
48 0.907953 0.150641 0.016200 0.013952
48 0.408321 0.128017 0.017673 0.016214
48 0.390096 0.259050 0.019514 0.014329
48 0.528351 0.147247 0.011782 0.004902
48 0.720545 0.084653 0.016937 0.023002
48 0.875184 0.142722 0.019882 0.022247
48 0.753866 0.291101 0.014359 0.014329
48 0.834315 0.402338 0.011782 0.018854
48 0.726068 0.438726 0.025773 0.015460
48 0.600331 0.288650 0.015832 0.014706
48 0.670103 0.654035 0.012518 0.023002
48 0.773380 0.934955 0.071060 0.009427
48 0.156664 0.109917 0.037187 0.033560
48 0.046760 0.261124 0.014728 0.017722
48 0.299705 0.165535 0.012518 0.009050
8 0.538660 0.729827 0.004418 0.007919
48 0.663660 0.025264 0.019514 0.012066
48 0.793999 0.086350 0.012150 0.014329
48 0.746870 0.130468 0.011414 0.018100
48 0.785346 0.413462 0.013255 0.018477
48 0.815169 0.474359 0.013255 0.018854
5 0.792342 0.966817 0.003682 0.005279
5 0.197165 0.706259 0.004786 0.002262
5 0.695324 0.513386 0.002577 0.005656
5 0.498159 0.654789 0.004418 0.006410
5 0.864323 0.593703 0.004786 0.004148
48 0.206922 0.379336 0.031664 0.033183
48 0.415501 0.171757 0.013623 0.014706
48 0.780928 0.190422 0.026510 0.023379
48 0.889175 0.239630 0.014728 0.018477
48 0.828056 0.472851 0.014728 0.022624
48 0.698085 0.392534 0.018409 0.010558
48 0.687960 0.785445 0.016568 0.014329
48 0.536082 0.458899 0.017673 0.006787
48 0.962261 0.629336 0.018041 0.015837
48 0.180044 0.135181 0.028719 0.028281
48 0.194219 0.151772 0.024669 0.030543
8 0.751657 0.598039 0.005523 0.006033
48 0.111561 0.032994 0.035346 0.028281
48 0.061672 0.181184 0.014359 0.024510
48 0.019514 0.200792 0.012518 0.023756
48 0.076767 0.271870 0.017305 0.016591
48 0.382916 0.146116 0.016200 0.015460
48 0.867636 0.115762 0.013623 0.019608
48 0.810383 0.131787 0.013991 0.019985
48 0.748711 0.178733 0.013623 0.018854
48 0.808358 0.213612 0.013623 0.013952
48 0.830449 0.351998 0.015096 0.020739
48 0.923417 0.328808 0.012518 0.018100
48 0.873159 0.411011 0.013623 0.021116
48 0.597754 0.664216 0.023932 0.013198
48 0.668630 0.634615 0.013991 0.011312
5 0.986929 0.742459 0.004786 0.004525
5 0.874264 0.944005 0.006259 0.005656
5 0.271723 0.879525 0.002946 0.005656
5 0.531848 0.155732 0.004050 0.007541
5 0.543078 0.783183 0.001473 0.006787
5 0.523012 0.838424 0.004786 0.007164
48 0.971097 0.136501 0.057806 0.043741
48 0.909794 0.163273 0.015464 0.012066
48 0.303940 0.204751 0.022459 0.010558
48 0.820324 0.126697 0.013255 0.015837
48 0.726436 0.477941 0.014728 0.014706
48 0.680965 0.649510 0.012150 0.015460
48 0.835420 0.845400 0.025773 0.018854
48 0.950663 0.651018 0.011782 0.007919
48 0.135493 0.122926 0.027982 0.027149
48 0.160898 0.287142 0.029455 0.016214
48 0.285530 0.058635 0.015832 0.013198
48 0.331001 0.168552 0.011046 0.012066
48 0.458763 0.313160 0.022091 0.014706
48 0.455633 0.283748 0.015832 0.012443
48 0.582106 0.132353 0.013255 0.014329
48 0.828240 0.109917 0.013623 0.011689
48 0.802467 0.378582 0.012887 0.018100
48 0.780376 0.435520 0.012887 0.018854
48 0.803756 0.429676 0.014728 0.020739
48 0.699742 0.589366 0.011414 0.016591
5 0.684278 0.400075 0.005523 0.003017
5 0.647828 0.392534 0.002577 0.006033
5 0.577320 0.204186 0.003682 0.001885
5 0.463918 0.181750 0.002946 0.007541
5 0.518409 0.862179 0.005891 0.005656
5 0.914028 0.519419 0.006996 0.004902
48 0.769698 0.540913 0.039396 0.023002
48 0.279455 0.100679 0.013255 0.023379
48 0.370950 0.162707 0.018041 0.014706
48 0.411635 0.142157 0.013991 0.013575
48 0.461340 0.330694 0.017673 0.014329
48 0.844993 0.102376 0.022091 0.021493
48 0.763255 0.143665 0.015464 0.021116
48 0.847754 0.369721 0.014359 0.021493
48 0.758652 0.492459 0.037923 0.029412
48 0.663844 0.355204 0.017673 0.029412
48 0.570876 0.867270 0.026878 0.006787
48 0.620029 0.874811 0.015464 0.012066
48 0.743004 0.982466 0.020619 0.011689
48 0.041605 0.132541 0.013991 0.016214
48 0.060383 0.282805 0.016200 0.015837
48 0.376105 0.205882 0.012150 0.014329
48 0.336892 0.226244 0.013255 0.015083
48 0.298969 0.153281 0.011046 0.009427
48 0.580449 0.105769 0.012150 0.013198
8 0.859168 0.849359 0.006996 0.007919
48 0.667710 0.036199 0.018778 0.012821
48 0.711340 0.056184 0.016937 0.015083
48 0.735825 0.102753 0.012150 0.015460
48 0.747423 0.096154 0.013255 0.014329
48 0.842599 0.253205 0.013623 0.013952
48 0.881443 0.258107 0.011782 0.014706
48 0.821797 0.275452 0.016937 0.022247
48 0.891937 0.386124 0.015096 0.020362
48 0.800074 0.460784 0.013991 0.021116
5 0.973306 0.760935 0.004786 0.006033
5 0.803019 0.995475 0.005155 0.005279
5 0.543078 0.152338 0.003682 0.007541
48 0.812408 0.530543 0.045287 0.024133
48 0.416974 0.317873 0.019514 0.019608
48 0.681333 0.095777 0.016568 0.012821
48 0.842784 0.120852 0.012518 0.016214
48 0.812408 0.228884 0.012887 0.017345
48 0.805412 0.479638 0.013623 0.021116
48 0.554676 0.330505 0.015832 0.017722
48 0.613770 0.797134 0.033873 0.024887
48 0.645803 0.654789 0.013255 0.015460
48 0.734168 0.726810 0.027982 0.024510
48 0.689985 0.855204 0.013991 0.015837
48 0.194772 0.258107 0.020619 0.013198
48 0.141568 0.247738 0.019514 0.026395
48 0.314617 0.035068 0.014359 0.014329
48 0.759573 0.045060 0.011782 0.016968
48 0.771355 0.368401 0.022091 0.019608
6 0.834867 0.918364 0.011414 0.012443
5 0.699742 0.497172 0.002577 0.005656
5 0.704529 0.537142 0.003314 0.004902
5 0.683358 0.330882 0.005155 0.002640
5 0.701951 0.332391 0.004786 0.001885
5 0.487113 0.319759 0.002946 0.005279
5 0.969993 0.548077 0.006996 0.002640
48 0.995766 0.342949 0.008468 0.037330
48 0.888623 0.081825 0.015832 0.015083
48 0.368004 0.132730 0.014359 0.015083
48 0.449190 0.223228 0.013991 0.016591
48 0.408321 0.240573 0.015464 0.017345
48 0.401510 0.257730 0.006259 0.015460
48 0.821429 0.211161 0.016937 0.016591
48 0.894514 0.288273 0.027614 0.020739
48 0.844624 0.351244 0.011782 0.015460
48 0.939249 0.383673 0.024300 0.033560
48 0.839654 0.468326 0.013623 0.021116
48 0.684647 0.684201 0.013623 0.024510
48 0.797680 0.868778 0.022459 0.019608
48 0.828424 0.882730 0.027246 0.021116
48 0.700847 0.928922 0.007732 0.007919
48 0.956001 0.641026 0.011414 0.010558
48 0.947717 0.847285 0.015464 0.014329
48 0.331554 0.049208 0.017305 0.013952
48 0.338918 0.108032 0.015096 0.012443
48 0.298417 0.142911 0.016568 0.011312
48 0.405007 0.202677 0.013991 0.014706
48 0.289580 0.167986 0.011414 0.009427
48 0.363034 0.013198 0.034610 0.018100
48 0.634573 0.099359 0.012150 0.013952
48 0.550994 0.303356 0.017305 0.010935
48 0.746502 0.228695 0.018041 0.019231
48 0.796576 0.263763 0.015096 0.021493
48 0.914948 0.379525 0.013991 0.018477
48 0.593336 0.641214 0.019514 0.012443
48 0.729750 0.645173 0.011782 0.016591
5 0.971465 0.667798 0.004050 0.004525
5 0.509573 0.492836 0.003682 0.005279
5 0.914948 0.616139 0.008100 0.003017
5 0.964102 0.560520 0.007732 0.004148
48 0.849963 0.518100 0.043078 0.024133
48 0.366900 0.116516 0.014359 0.017345
48 0.425442 0.239253 0.020250 0.017722
48 0.375000 0.262255 0.011414 0.010181
48 0.529271 0.114065 0.020987 0.020739
48 0.692931 0.097285 0.011046 0.013575
48 0.780560 0.119532 0.015464 0.021870
48 0.869477 0.215498 0.016568 0.022247
48 0.912739 0.331071 0.014728 0.015837
48 0.689065 0.742270 0.033505 0.018477
48 0.539764 0.488499 0.016200 0.004902
48 0.546024 0.543552 0.018409 0.005656
48 0.761598 0.798454 0.009205 0.014706
48 0.711156 0.949849 0.013623 0.014329
48 0.948454 0.654789 0.009573 0.008673
48 0.658321 0.869532 0.025037 0.018854
48 0.117084 0.163839 0.012518 0.015460
48 0.094256 0.236802 0.019146 0.027903
48 0.125552 0.240762 0.011782 0.020739
48 0.159242 0.261689 0.027614 0.024887
48 0.044919 0.278846 0.016937 0.016214
48 0.315353 0.050905 0.014359 0.013575
48 0.319772 0.064291 0.009941 0.011689
48 0.294183 0.093891 0.016200 0.013575
48 0.343336 0.137821 0.010677 0.011689
8 0.844993 0.967006 0.006627 0.007919
48 0.696429 0.213801 0.015832 0.011312
48 0.800810 0.280166 0.015464 0.019608
48 0.757916 0.440988 0.015096 0.021493
48 0.849779 0.414970 0.011782 0.016214
48 0.867268 0.441554 0.013623 0.018100
48 0.584499 0.545814 0.023196 0.012443
48 0.639728 0.597662 0.010677 0.014329
5 0.861561 0.961161 0.003682 0.005279
5 0.710604 0.400830 0.002946 0.006033
5 0.682990 0.395739 0.003682 0.004148
5 0.522275 0.829751 0.001841 0.004148
5 0.803940 0.733409 0.003314 0.006787
48 0.270434 0.035822 0.012150 0.012066
48 0.265832 0.023944 0.020619 0.013952
48 0.399116 0.025452 0.013991 0.014706
48 0.420839 0.081071 0.017673 0.017345
48 0.429124 0.155732 0.016568 0.015837
48 0.370029 0.282805 0.011782 0.012066
48 0.716127 0.036953 0.021355 0.018854
48 0.828240 0.027338 0.018041 0.023756
48 0.776694 0.287707 0.014359 0.018854
48 0.641753 0.784502 0.036819 0.023756
48 0.573269 0.927225 0.030928 0.009804
48 0.766200 0.735671 0.033137 0.024887
48 0.706370 0.919306 0.010677 0.009050
48 0.997791 0.557127 0.004418 0.011689
48 0.029271 0.127074 0.012150 0.015837
48 0.568667 0.134427 0.012887 0.013198
48 0.723490 0.464555 0.021355 0.012821
48 0.790133 0.017534 0.012518 0.018477
48 0.783873 0.085973 0.010309 0.012066
48 0.810015 0.112179 0.024300 0.019231
48 0.789764 0.283183 0.013255 0.017345
48 0.884941 0.406674 0.012887 0.017722
48 0.940353 0.423265 0.012518 0.017722
48 0.599043 0.686463 0.024300 0.013952
48 0.675810 0.592760 0.009941 0.013575
48 0.596649 0.700603 0.017305 0.009804
5 0.993189 0.729449 0.004050 0.005656
5 0.995029 0.639329 0.004786 0.004902
5 0.825663 0.934389 0.005523 0.005279
5 0.817747 0.766968 0.005155 0.006033
48 0.422864 0.112745 0.016568 0.015083
48 0.427099 0.141780 0.016200 0.014329
48 0.413108 0.157240 0.015464 0.015837
48 0.363034 0.262632 0.013991 0.013952
48 0.680596 0.081825 0.024669 0.014329
48 0.691642 0.011689 0.012150 0.012066
48 0.845361 0.172323 0.016200 0.021116
48 0.726804 0.513009 0.013991 0.016968
48 0.727172 0.536765 0.015464 0.013198
48 0.634205 0.217383 0.013623 0.013198
48 0.549337 0.571078 0.014728 0.004148
48 0.719993 0.920060 0.021723 0.012066
48 0.993557 0.514329 0.012887 0.015083
48 0.158137 0.217760 0.015096 0.023002
48 0.196981 0.279035 0.022828 0.012821
48 0.335052 0.210973 0.013255 0.014706
48 0.364323 0.043741 0.031296 0.015837
8 0.906480 0.809201 0.007364 0.006787
8 0.602540 0.583333 0.004786 0.006033
48 0.729750 0.417044 0.019146 0.011312
48 0.842599 0.070324 0.011414 0.010935
48 0.841495 0.203620 0.012887 0.015837
48 0.852909 0.198718 0.014359 0.018100
48 0.788476 0.333710 0.014359 0.018854
48 0.797864 0.362557 0.014728 0.018477
48 0.907769 0.351244 0.013623 0.018477
48 0.790501 0.432315 0.011782 0.016968
48 0.591127 0.605958 0.020987 0.011312
48 0.595177 0.652338 0.020250 0.012821
48 0.688144 0.592383 0.011046 0.012821
5 0.778903 0.971908 0.003314 0.004148
5 0.323085 0.188537 0.003314 0.006033
48 0.412923 0.023190 0.013623 0.016214
48 0.399485 0.243024 0.008100 0.016968
48 0.548233 0.024887 0.072901 0.021116
48 0.527982 0.137632 0.011782 0.015083
48 0.764912 0.074095 0.017305 0.017722
48 0.847018 0.220400 0.011414 0.017722
48 0.918262 0.301282 0.016200 0.018854
48 0.765096 0.390460 0.023564 0.022247
48 0.791237 0.482655 0.014728 0.021116
48 0.556333 0.231146 0.024300 0.042986
48 0.572717 0.292421 0.020987 0.013198
48 0.582474 0.304864 0.013991 0.012443
48 0.627393 0.812217 0.041237 0.028658
48 0.568667 0.748115 0.016568 0.005279
48 0.758468 0.773756 0.031664 0.024887
48 0.722386 0.967383 0.017673 0.016214
48 0.856775 0.792609 0.046392 0.049774
48 0.945324 0.661388 0.012150 0.009050
10 0.164212 0.092572 0.010309 0.007919
48 0.344440 0.167609 0.015096 0.011689
48 0.451215 0.253771 0.020250 0.015083
48 0.565538 0.107278 0.013255 0.012443
8 0.546024 0.850113 0.004418 0.006410
48 0.770250 0.123869 0.013255 0.016214
48 0.738770 0.249246 0.014359 0.021116
48 0.855118 0.299020 0.014359 0.019608
5 0.860825 0.872738 0.005891 0.006410
5 0.670655 0.394796 0.002577 0.006033
5 0.683910 0.334087 0.005523 0.002262
5 0.637703 0.337293 0.005891 0.002640
5 0.952504 0.586538 0.004418 0.002640
48 0.913476 0.184955 0.020619 0.014706
48 0.378682 0.071644 0.018041 0.015837
48 0.713181 0.272436 0.026510 0.015460
48 0.725515 0.526395 0.015096 0.009804
48 0.639912 0.313914 0.016200 0.026018
48 0.569588 0.305807 0.013991 0.013575
48 0.664764 0.743213 0.039396 0.064857
48 0.621134 0.641214 0.011782 0.016968
48 0.696981 0.683824 0.013991 0.024510
48 0.746870 0.799962 0.021723 0.019985
48 0.831186 0.871606 0.032769 0.011689
48 0.210604 0.164970 0.030928 0.024510
48 0.149485 0.129525 0.022091 0.017722
48 0.037555 0.043175 0.047865 0.043364
48 0.621502 0.694005 0.012518 0.014706
48 0.033873 0.171003 0.013991 0.023002
48 0.333211 0.182504 0.009573 0.012066
8 0.773932 0.647813 0.005891 0.006787
48 0.679124 0.070136 0.021723 0.012821
48 0.794551 0.037707 0.012518 0.017345
48 0.735641 0.132541 0.013255 0.017722
48 0.877025 0.194759 0.014728 0.016968
48 0.782953 0.314668 0.014359 0.019985
48 0.806701 0.310520 0.014728 0.017722
48 0.814433 0.377262 0.013991 0.019231
48 0.789212 0.462858 0.012887 0.019231
48 0.722754 0.588047 0.008837 0.013198
5 0.936672 0.824095 0.004418 0.004902
5 0.714470 0.382919 0.002577 0.004902
5 0.372607 0.309389 0.004418 0.002640
48 0.937408 0.266214 0.020619 0.014329
48 0.297312 0.190234 0.030560 0.014706
48 0.402614 0.317496 0.013623 0.015083
48 0.559278 0.049208 0.091311 0.026018
48 0.693483 0.142345 0.022459 0.011689
48 0.832106 0.124434 0.013255 0.018100
48 0.892857 0.207956 0.013991 0.020739
48 0.765648 0.341252 0.013623 0.020362
48 0.725700 0.499246 0.013991 0.010558
48 0.572533 0.325980 0.013255 0.020739
48 0.612297 0.728130 0.050074 0.018854
48 0.645987 0.828054 0.029087 0.022624
48 0.656296 0.630656 0.011414 0.022247
48 0.796576 0.803356 0.025405 0.018477
48 0.780007 0.834465 0.017305 0.014329
48 0.099411 0.097662 0.035346 0.033937
48 0.991716 0.496795 0.016568 0.025264
48 0.035346 0.317119 0.023564 0.023379
48 0.594072 0.104072 0.012150 0.013575
48 0.726436 0.427790 0.017673 0.010935
48 0.752209 0.246229 0.015464 0.020362
48 0.765280 0.471342 0.014359 0.016591
48 0.777982 0.467383 0.013255 0.019231
5 0.804860 0.966629 0.005155 0.005656
5 0.502025 0.457956 0.003314 0.005656
5 0.702504 0.460407 0.002946 0.006033
5 0.707658 0.383484 0.005891 0.002262
48 0.885493 0.483974 0.045655 0.022247
48 0.806333 0.508296 0.047128 0.024887
48 0.764175 0.518854 0.042342 0.023379
48 0.289028 0.118967 0.020619 0.013198
48 0.380707 0.114253 0.016937 0.015083
48 0.395619 0.010181 0.017305 0.015083
48 0.383652 0.297134 0.015464 0.015083
48 0.900405 0.233786 0.015832 0.021116
48 0.859904 0.317873 0.014359 0.018854
48 0.856591 0.396116 0.014359 0.019985
48 0.696797 0.382164 0.016568 0.010181
48 0.729013 0.902149 0.030191 0.014706
8 0.988034 0.620098 0.005523 0.006410
48 0.190169 0.191365 0.012887 0.016214
48 0.204897 0.199095 0.012887 0.015083
48 0.176178 0.225867 0.025405 0.021870
48 0.016016 0.249811 0.012887 0.017722
48 0.326583 0.018100 0.016200 0.015083
48 0.419735 0.200038 0.013255 0.015460
48 0.337077 0.090875 0.015832 0.012066
48 0.676178 0.058635 0.018778 0.013198
48 0.735641 0.365573 0.022091 0.013952
48 0.754602 0.026584 0.012150 0.016968
48 0.766200 0.024510 0.011046 0.015837
48 0.725884 0.103507 0.009941 0.017722
48 0.757364 0.128394 0.011046 0.013198
48 0.854750 0.167421 0.015832 0.020362
48 0.854566 0.249623 0.013991 0.017345
48 0.831922 0.303167 0.012887 0.020362
48 0.843888 0.300151 0.013255 0.020362
48 0.850700 0.464367 0.012150 0.015460
48 0.584867 0.558635 0.018778 0.012443
8 0.908873 0.875943 0.004786 0.006787
5 0.880155 0.901584 0.005523 0.005279
5 0.781480 0.972474 0.002577 0.005279
5 0.513991 0.508673 0.003682 0.005279
5 0.707842 0.379902 0.005523 0.002640
5 0.328792 0.237934 0.002209 0.006033
5 0.460788 0.028281 0.003314 0.006787
5 0.551546 0.895551 0.003682 0.006787
48 0.962077 0.095965 0.067747 0.040347
48 0.795655 0.584465 0.029455 0.020362
5 0.360457 0.293552 0.004418 0.004902
48 0.284978 0.082768 0.021355 0.013952
48 0.400957 0.054299 0.015464 0.015837
48 0.416053 0.068627 0.008100 0.012821
48 0.416974 0.294306 0.015832 0.016214
48 0.685015 0.106146 0.013623 0.013198
48 0.799153 0.134050 0.014359 0.021493
48 0.881443 0.161576 0.015464 0.019985
48 0.890280 0.190988 0.013255 0.016968
48 0.865795 0.247172 0.012887 0.015460
48 0.846649 0.318816 0.015096 0.022247
48 0.609720 0.301659 0.013991 0.015083
48 0.571797 0.777715 0.015464 0.005656
48 0.622975 0.660068 0.011782 0.018477
48 0.658321 0.689480 0.012518 0.014706
48 0.727540 0.996795 0.057437 0.006410
48 0.657769 0.652715 0.012150 0.014329
48 0.648012 0.097474 0.013991 0.014706
48 0.697533 0.201169 0.012887 0.011689
48 0.721281 0.308446 0.022091 0.012066
48 0.768593 0.093326 0.009205 0.017722
48 0.837813 0.420626 0.014359 0.019985
48 0.918446 0.397436 0.013623 0.018854
48 0.821429 0.403469 0.013991 0.016591
48 0.598490 0.675905 0.023932 0.013198
5 0.781664 0.673265 0.004418 0.007919
48 0.362298 0.074095 0.017673 0.016214
48 0.414212 0.038273 0.017673 0.013952
48 0.430781 0.277903 0.016200 0.014329
48 0.870398 0.341440 0.022828 0.021493
48 0.636966 0.234729 0.015464 0.021493
48 0.552651 0.600490 0.017673 0.005656
48 0.744845 0.745664 0.027982 0.025264
48 0.778351 0.756410 0.025037 0.015083
48 0.777430 0.823906 0.020987 0.015083
48 0.789580 0.851433 0.021723 0.025641
48 0.809831 0.828808 0.046024 0.043741
48 0.821060 0.901961 0.033137 0.020362
48 0.914212 0.738122 0.053756 0.080317
48 0.646539 0.690988 0.011046 0.014706
48 0.020434 0.165535 0.013623 0.021870
48 0.378682 0.220777 0.012887 0.013952
48 0.596281 0.130656 0.012150 0.011689
48 0.726068 0.319382 0.022091 0.012821
48 0.760493 0.174774 0.012887 0.017722
48 0.800258 0.231712 0.015096 0.019231
48 0.784610 0.266591 0.015464 0.021870
48 0.892121 0.255656 0.012518 0.016591
48 0.837445 0.322021 0.010677 0.014329
48 0.769514 0.437217 0.011782 0.019231
48 0.895250 0.403281 0.012150 0.018477
48 0.893225 0.435897 0.015464 0.019608
48 0.582106 0.521305 0.024300 0.013198
48 0.587629 0.583333 0.024300 0.011312
5 0.699006 0.511312 0.002577 0.006033
5 0.861561 0.562971 0.004418 0.006033
5 0.865059 0.559201 0.004786 0.005279
48 0.994109 0.078431 0.011782 0.042232
48 0.974227 0.176659 0.051546 0.041855
48 0.690722 0.117081 0.022828 0.013952
48 0.889543 0.336727 0.015464 0.019608
48 0.663844 0.258673 0.050810 0.031674
48 0.543262 0.516403 0.017305 0.005656
48 0.676546 0.885935 0.029087 0.013198
8 0.451399 0.082956 0.003682 0.005279
8 0.472754 0.262066 0.005891 0.008296
48 0.071797 0.333522 0.018409 0.021493
48 0.393594 0.218326 0.013255 0.013575
48 0.331922 0.061652 0.018778 0.013952
48 0.285530 0.155354 0.016568 0.012821
48 0.451031 0.238122 0.013255 0.013952
48 0.620582 0.100867 0.012887 0.013952
8 0.891753 0.549962 0.006627 0.006410
48 0.731038 0.404412 0.018041 0.013198
48 0.864507 0.195890 0.014728 0.017722
48 0.905744 0.399510 0.013255 0.015460
48 0.928203 0.425716 0.014728 0.018100
48 0.908505 0.448718 0.012887 0.016591
48 0.591863 0.628959 0.018778 0.012821
48 0.627945 0.599170 0.010677 0.015083
5 0.814249 0.970965 0.006259 0.005279
5 0.655376 0.337481 0.005155 0.003017
5 0.401510 0.325038 0.004786 0.005279
5 0.319219 0.157051 0.002946 0.004902
5 0.773380 0.627451 0.002577 0.008296
5 0.521907 0.881787 0.001105 0.007164
5 0.960788 0.564668 0.008468 0.001885
48 0.990059 0.036953 0.019882 0.042232
48 0.992636 0.297134 0.014728 0.048265
48 0.936303 0.471908 0.067747 0.027526
48 0.374448 0.176282 0.013255 0.013952
48 0.368373 0.147436 0.015096 0.015837
48 0.364507 0.102187 0.015464 0.012066
48 0.562776 0.064291 0.110088 0.023002
48 0.726068 0.054676 0.014728 0.021116
48 0.726436 0.153281 0.014728 0.019231
48 0.901141 0.302413 0.018041 0.018100
48 0.820140 0.357278 0.012887 0.018477
48 0.639175 0.758107 0.026510 0.018477
48 0.574190 0.956825 0.023196 0.004902
48 0.693851 0.631599 0.012887 0.015837
8 0.516200 0.817873 0.005891 0.010558
8 0.524669 0.875754 0.005155 0.006410
48 0.057069 0.140460 0.013255 0.016214
48 0.141568 0.211350 0.016568 0.023002
48 0.062960 0.217760 0.014728 0.023002
48 0.111377 0.235671 0.013623 0.023379
48 0.323638 0.094268 0.010309 0.012821
48 0.342415 0.151018 0.015464 0.011689
48 0.706554 0.249057 0.018409 0.010935
48 0.708211 0.260747 0.018778 0.012443
48 0.814985 0.062594 0.012887 0.015837
48 0.776878 0.384992 0.014728 0.015083
5 0.839654 0.809389 0.004786 0.005656
5 0.693483 0.332956 0.005523 0.002262
5 0.671944 0.335784 0.005891 0.002640
5 0.466679 0.233032 0.004786 0.006033
48 0.366900 0.796003 0.019514 0.015837
48 0.364323 0.089178 0.016568 0.016214
48 0.398564 0.039216 0.015832 0.014329
48 0.405191 0.099170 0.015096 0.013575
48 0.815906 0.028092 0.015464 0.018477
48 0.587629 0.326923 0.018409 0.021116
48 0.563328 0.689291 0.015464 0.004525
48 0.708211 0.711538 0.023932 0.013575
48 0.727540 0.949661 0.021355 0.019985
48 0.068851 0.145739 0.013991 0.016968
48 0.280928 0.132353 0.016200 0.012066
48 0.347754 0.209087 0.013623 0.013952
48 0.336892 0.077677 0.019146 0.014329
48 0.457658 0.298265 0.018409 0.014329
48 0.771539 0.042232 0.012887 0.019608
48 0.382916 0.283371 0.013991 0.014706
48 0.548601 0.292421 0.013991 0.010181
48 0.838181 0.055430 0.012150 0.016591
48 0.737297 0.181184 0.012887 0.019231
48 0.820140 0.258484 0.012887 0.015460
48 0.837445 0.370098 0.013623 0.019985
48 0.885493 0.455128 0.013991 0.018100
48 0.586524 0.593703 0.016200 0.009427
5 0.841863 0.983409 0.004050 0.004525
5 0.650773 0.392157 0.002577 0.005279
5 0.467599 0.202300 0.005155 0.007164
5 0.524116 0.867081 0.005523 0.004148
5 0.982511 0.532240 0.006996 0.003394
48 0.953056 0.055053 0.070324 0.042986
48 0.904455 0.139894 0.012887 0.015083
48 0.846097 0.497549 0.042710 0.028281
48 0.378866 0.100679 0.014728 0.012821
48 0.430228 0.170626 0.016568 0.016214
48 0.432806 0.330505 0.023196 0.013952
48 0.755891 0.077300 0.012518 0.015083
48 0.855486 0.119155 0.014359 0.018854
48 0.730118 0.712481 0.027246 0.016968
48 0.715206 0.721154 0.015832 0.013198
48 0.827136 0.833145 0.029823 0.027526
48 0.080081 0.936840 0.034242 0.047888
48 0.063144 0.077112 0.051178 0.053922
48 0.716311 0.628205 0.010677 0.019608
48 0.097386 0.157617 0.016568 0.016591
48 0.326767 0.123869 0.011414 0.012443
48 0.273748 0.060143 0.012887 0.010181
48 0.363218 0.207956 0.012887 0.014706
48 0.455081 0.269042 0.015464 0.014706
48 0.772091 0.221154 0.014728 0.019985
48 0.859168 0.265271 0.012887 0.019985
48 0.930781 0.344268 0.015464 0.020362
48 0.874080 0.458333 0.014728 0.018477
48 0.743373 0.679864 0.016200 0.015083
5 0.500736 0.679676 0.002209 0.006410
6 0.665133 0.928922 0.020987 0.003394
5 0.984904 0.904223 0.004418 0.003771
5 0.955081 0.575603 0.007364 0.003394
48 0.986193 0.256976 0.027614 0.041855
