48 0.530387 0.782955 0.006979 0.015909
43 0.658767 0.687879 0.004943 0.010606
43 0.628962 0.680871 0.007560 0.010985
48 0.441698 0.338447 0.067461 0.070076
48 0.432829 0.290530 0.072986 0.055303
48 0.446496 0.253030 0.028787 0.025758
48 0.416546 0.210795 0.104391 0.094318
48 0.346322 0.251705 0.052341 0.071591
53 0.366967 0.364015 0.041873 0.034091
48 0.479500 0.664583 0.050015 0.053409
34 0.208345 0.740152 0.032277 0.064394
43 0.223612 0.763636 0.007560 0.007576
53 0.012213 0.889015 0.018028 0.012121
48 0.032131 0.894697 0.005525 0.008333
53 0.028787 0.868371 0.034312 0.048864
2 0.497965 0.191288 0.020646 0.015909
53 0.053213 0.876705 0.032568 0.055682
53 0.075603 0.896023 0.025589 0.030682
53 0.080256 0.872348 0.023263 0.020455
53 0.008142 0.873864 0.011050 0.022727
48 0.013231 0.913068 0.004943 0.006439
5 0.259668 0.862500 0.002908 0.004545
5 0.258215 0.878030 0.005234 0.005303
48 0.405787 0.533333 0.011922 0.009091
48 0.415528 0.555303 0.011050 0.018182
5 0.416546 0.507197 0.004362 0.003788
48 0.309101 0.494508 0.020936 0.027652
48 0.424397 0.060038 0.054958 0.056439
53 0.388485 0.085795 0.012794 0.048106
53 0.387903 0.112689 0.020936 0.026894
53 0.211835 0.118750 0.018901 0.024621
48 0.044054 0.159091 0.021227 0.018182
48 0.017011 0.131250 0.019482 0.017803
48 0.062664 0.211174 0.125327 0.136742
48 0.028206 0.145455 0.015121 0.016667
48 0.056412 0.334280 0.077348 0.067803
48 0.128962 0.320644 0.012504 0.004924
48 0.134341 0.332386 0.008142 0.016288
53 0.152661 0.327273 0.017447 0.014394
53 0.138558 0.402841 0.014248 0.009470
53 0.145100 0.393939 0.016865 0.009091
53 0.148444 0.384091 0.011341 0.016667
53 0.132742 0.413826 0.018319 0.015530
48 0.017883 0.073674 0.035766 0.105682
9 0.348357 0.180871 0.003489 0.007955
48 0.330474 0.193939 0.035185 0.032576
9 0.322477 0.209091 0.004071 0.008333
48 0.012213 0.802273 0.024426 0.086364
2 0.491277 0.081061 0.039837 0.036364
48 0.090869 0.385985 0.007851 0.007576
48 0.111079 0.384848 0.009887 0.010606
11 0.031259 0.399053 0.003780 0.015530
5 0.098430 0.466856 0.003780 0.009470
5 0.326985 0.766667 0.004943 0.002273
5 0.265630 0.847538 0.003780 0.004924
5 0.308956 0.749053 0.004943 0.003409
5 0.490550 0.188068 0.006397 0.005682
48 0.374382 0.577273 0.030532 0.034848
5 0.209218 0.939394 0.004362 0.005303
5 0.042600 0.850189 0.002617 0.004167
9 0.155714 0.149242 0.004943 0.010606
6 0.124600 0.732955 0.005525 0.009091
5 0.135795 0.748485 0.005234 0.003788
52 0.166182 0.757955 0.080547 0.069697
2 0.008433 0.728409 0.016865 0.068182
5 0.039983 0.850379 0.003199 0.003788
5 0.018028 0.856629 0.003489 0.004924
5 0.015266 0.891477 0.003199 0.006439
5 0.381070 0.362689 0.004362 0.005682
6 0.363623 0.386364 0.002617 0.007576
5 0.303577 0.226705 0.005816 0.001894
10 0.250509 0.198864 0.003199 0.006061
5 0.034312 0.875568 0.002326 0.005682
48 0.181448 0.174053 0.030241 0.034470
6 0.055830 0.505871 0.004071 0.017045
10 0.092469 0.488636 0.008723 0.003788
5 0.218523 0.121402 0.004943 0.001894
5 0.219104 0.123864 0.004943 0.002273
5 0.032568 0.860227 0.002908 0.006061
5 0.017156 0.876894 0.003489 0.004545
5 0.022536 0.878409 0.002617 0.005303
5 0.031695 0.880114 0.002908 0.004924
5 0.036348 0.882576 0.003489 0.006061
5 0.041873 0.883902 0.002908 0.004924
5 0.155132 0.347727 0.004943 0.003788
5 0.148299 0.328220 0.002908 0.004924
5 0.145246 0.325758 0.003199 0.004545
5 0.153533 0.329545 0.002326 0.003788
5 0.368276 0.353598 0.003199 0.005682
5 0.373219 0.359848 0.006106 0.003030
5 0.116749 0.362879 0.004943 0.004545
5 0.000727 0.273674 0.001454 0.003409
6 0.003780 0.266288 0.007560 0.003788
5 0.218087 0.119318 0.004653 0.003030
5 0.023263 0.857765 0.003489 0.005682
48 0.153533 0.363636 0.006979 0.009091
6 0.360570 0.386364 0.003489 0.009848
5 0.014539 0.277462 0.002326 0.002652
11 0.076912 0.406629 0.002617 0.006439
5 0.311282 0.218371 0.004943 0.002652
5 0.208927 0.108333 0.004362 0.005303
11 0.164437 0.149242 0.003780 0.006818
6 0.081564 0.124621 0.008433 0.004545
5 0.083600 0.894129 0.006106 0.003409
5 0.129980 0.325947 0.004653 0.002652
5 0.359843 0.352462 0.002617 0.004924
5 0.392701 0.379735 0.007270 0.004924
5 0.375109 0.384091 0.002908 0.003788
5 0.200349 0.120076 0.004653 0.002273
5 0.028497 0.847349 0.002326 0.004545
5 0.018610 0.862879 0.002326 0.004545
5 0.026897 0.864394 0.002617 0.005303
5 0.022099 0.983333 0.004653 0.004545
48 0.166037 0.092424 0.077348 0.090909
48 0.329165 0.369129 0.031986 0.038258
48 0.314045 0.459848 0.047107 0.048485
48 0.346322 0.657386 0.070951 0.061742
5 0.201221 0.385606 0.002908 0.004545
5 0.196860 0.395265 0.002326 0.004924
5 0.156150 0.330682 0.002908 0.003788
6 0.464961 0.339773 0.006397 0.003788
11 0.236842 0.145076 0.011341 0.019697
5 0.031550 0.848106 0.003199 0.005303
5 0.018755 0.871023 0.003199 0.005682
5 0.267520 0.842424 0.004653 0.006818
5 0.352137 0.366856 0.002908 0.005682
5 0.202094 0.114205 0.002908 0.001894
5 0.416982 0.254545 0.003489 0.005303
5 0.038674 0.861553 0.004071 0.007197
5 0.061500 0.870265 0.003199 0.004924
5 0.011777 0.875379 0.003199 0.004545
5 0.031550 0.875000 0.001454 0.005303
5 0.037075 0.876515 0.003199 0.006818
5 0.004798 0.881818 0.002617 0.005303
5 0.066153 0.910227 0.004943 0.003030
5 0.327712 0.760985 0.002326 0.006061
5 0.073713 0.594129 0.004362 0.006439
5 0.359988 0.365909 0.003489 0.005303
13 0.219977 0.155114 0.007851 0.003409
6 0.041000 0.053409 0.004071 0.006061
5 0.050451 0.853409 0.003199 0.004545
5 0.043908 0.863068 0.002326 0.005682
5 0.026607 0.872917 0.003199 0.005682
5 0.010468 0.889773 0.001745 0.004545
5 0.005961 0.969697 0.005525 0.003030
5 0.026461 0.989962 0.004653 0.003409
11 0.233934 0.886932 0.004943 0.008712
5 0.309538 0.753030 0.004362 0.004545
14 0.135214 0.762121 0.004071 0.004545
6 0.093486 0.485606 0.006688 0.004545
5 0.141029 0.394129 0.005234 0.002652
5 0.362751 0.365530 0.002617 0.005303
11 0.396336 0.346591 0.007560 0.018182
14 0.136377 0.753030 0.006397 0.004545
5 0.357226 0.353788 0.002617 0.004545
5 0.365368 0.364773 0.003199 0.005303
5 0.365513 0.369129 0.005234 0.002652
5 0.360425 0.377841 0.003199 0.005682
6 0.351992 0.392424 0.009596 0.004545
6 0.416836 0.390530 0.007270 0.006061
48 0.626054 0.282008 0.031404 0.030682
11 0.448968 0.175758 0.008142 0.006061
11 0.446205 0.172159 0.004943 0.004924
5 0.064699 0.858712 0.002035 0.005303
5 0.020936 0.857008 0.003489 0.005682
5 0.321460 0.772538 0.005525 0.004167
5 0.381215 0.651326 0.005234 0.003409
5 0.128380 0.329545 0.005525 0.003030
5 0.373946 0.351705 0.002908 0.004924
11 0.017302 0.266477 0.007270 0.010985
5 0.027770 0.858902 0.002617 0.004924
5 0.161093 0.333144 0.002326 0.003409
5 0.413347 0.392803 0.004362 0.003030
5 0.066008 0.411174 0.005234 0.004167
5 0.051178 0.886932 0.002326 0.004924
5 0.018028 0.891856 0.002326 0.007197
55 0.156150 0.194508 0.018610 0.010985
5 0.365659 0.376894 0.003199 0.005303
5 0.362896 0.377273 0.002326 0.004545
5 0.383251 0.400947 0.003489 0.002652
5 0.218087 0.114015 0.004653 0.003030
5 0.463507 0.094886 0.004071 0.006439
5 0.036057 0.861553 0.004071 0.004924
5 0.041146 0.862879 0.002617 0.005303
5 0.024135 0.872538 0.002326 0.004924
5 0.040273 0.876894 0.003780 0.007576
5 0.019628 0.877652 0.002617 0.004545
48 0.359407 0.542045 0.044780 0.043182
5 0.151207 0.395833 0.002908 0.004545
5 0.354609 0.354167 0.002617 0.003788
6 0.434574 0.336742 0.003780 0.003030
6 0.392847 0.315909 0.004071 0.006818
5 0.218959 0.126136 0.005234 0.003030
5 0.414655 0.140341 0.004071 0.005682
5 0.047688 0.853220 0.004071 0.006439
5 0.025734 0.858333 0.002035 0.004545
5 0.032277 0.865720 0.002908 0.005682
5 0.020646 0.871780 0.002326 0.004167
5 0.014539 0.875947 0.002326 0.005682
48 0.159639 0.341477 0.033149 0.023864
5 0.192207 0.453788 0.002908 0.003788
5 0.350102 0.378030 0.002908 0.004545
5 0.201803 0.125189 0.004653 0.002652
48 0.047252 0.013068 0.023553 0.020833
48 0.455365 0.354167 0.002908 0.004545
5 0.016138 0.870076 0.003199 0.004545
5 0.325385 0.769129 0.005816 0.003409
5 0.123582 0.748674 0.003489 0.004924
48 0.010759 0.350379 0.021518 0.015152
6 0.064117 0.508333 0.005525 0.015909
6 0.346758 0.357576 0.003780 0.007576
5 0.119075 0.360985 0.004362 0.002273
5 0.393719 0.160606 0.004653 0.002273
11 0.215179 0.171023 0.006397 0.014773
48 0.044926 0.032576 0.009014 0.008333
48 0.326548 0.523295 0.037220 0.045076
5 0.157459 0.332197 0.002617 0.004545
5 0.017738 0.845265 0.002326 0.004924
5 0.029514 0.880114 0.002617 0.007955
6 0.060483 0.508523 0.005816 0.015530
5 0.148299 0.380303 0.004071 0.003030
6 0.408694 0.340909 0.006106 0.003030
6 0.409276 0.343750 0.005525 0.004167
6 0.410875 0.352083 0.005816 0.002652
11 0.406368 0.379735 0.018901 0.012500
5 0.209945 0.114962 0.004071 0.004924
10 0.202821 0.948295 0.005525 0.007197
48 0.198459 0.143750 0.026461 0.020833
48 0.337307 0.430114 0.051759 0.045076
5 0.378162 0.648674 0.003199 0.001894
10 0.464815 0.332197 0.006688 0.003030
11 0.473248 0.239394 0.007270 0.018939
5 0.218087 0.116856 0.004653 0.001894
5 0.415964 0.268182 0.003780 0.006818
5 0.013376 0.890909 0.002908 0.005303
5 0.376127 0.350000 0.003199 0.006061
5 0.346176 0.365720 0.002617 0.004924
5 0.357081 0.366288 0.002908 0.004545
11 0.449840 0.178977 0.006979 0.004167
5 0.025734 0.846212 0.002617 0.004545
5 0.023990 0.863258 0.002617 0.005303
5 0.044635 0.884470 0.002617 0.005303
5 0.055830 0.888636 0.003489 0.005303
5 0.054812 0.903220 0.003199 0.005682
48 0.116749 0.731250 0.014830 0.009470
48 0.129834 0.371402 0.024716 0.023106
48 0.296598 0.474432 0.022681 0.010227
5 0.370747 0.352273 0.002908 0.004545
11 0.017592 0.278220 0.002617 0.004924
5 0.209363 0.120455 0.004071 0.006061
5 0.421489 0.268939 0.004943 0.006061
11 0.447805 0.164773 0.010468 0.003788
5 0.023263 0.845833 0.002326 0.006061
5 0.046234 0.863447 0.002326 0.006439
5 0.048706 0.864205 0.002617 0.005682
48 0.123292 0.346023 0.013958 0.016288
5 0.158331 0.368182 0.004943 0.004545
5 0.151061 0.327652 0.002617 0.004545
5 0.028206 0.876136 0.000000 0.000000
5 0.146118 0.384848 0.004943 0.003030
5 0.146118 0.364015 0.003199 0.006061
5 0.357081 0.377083 0.003489 0.004167
11 0.150916 0.150568 0.003489 0.007197
5 0.059174 0.857008 0.002617 0.005682
5 0.033731 0.848864 0.002326 0.005303
5 0.020500 0.844886 0.002617 0.006439
5 0.051032 0.882008 0.002035 0.004924
5 0.051614 0.901894 0.002617 0.006818
48 0.357662 0.314205 0.049433 0.064773
5 0.133905 0.404167 0.004362 0.003788
6 0.379616 0.305871 0.004362 0.004924
5 0.011050 0.276894 0.002908 0.005303
5 0.034167 0.282197 0.002035 0.004545
5 0.202239 0.117045 0.003780 0.002273
5 0.200785 0.122727 0.004943 0.002273
5 0.039110 0.897917 0.003199 0.005682
8 0.085199 0.891856 0.006397 0.004167
10 0.015411 0.498106 0.005816 0.005303
5 0.145536 0.321402 0.004362 0.004167
5 0.361878 0.352083 0.002617 0.004924
5 0.150189 0.378220 0.004362 0.003409
5 0.349084 0.355114 0.003199 0.005682
5 0.373801 0.363447 0.002035 0.004924
5 0.377145 0.363447 0.003489 0.004167
5 0.199767 0.095455 0.004071 0.003030
11 0.427159 0.159280 0.007560 0.010227
5 0.030678 0.859659 0.003199 0.004924
5 0.058447 0.869129 0.001745 0.006439
5 0.039110 0.883144 0.002035 0.004167
5 0.368276 0.364773 0.003199 0.005303
5 0.479791 0.316098 0.004071 0.006439
5 0.026897 0.879167 0.002035 0.005303
5 0.271009 0.588447 0.003489 0.004924
5 0.370893 0.364394 0.002617 0.005303
11 0.160512 0.148485 0.004071 0.008333
6 0.200640 0.088068 0.008723 0.003409
5 0.008433 0.888826 0.002908 0.007197
5 0.016138 0.984280 0.004362 0.004167
5 0.372492 0.629545 0.005234 0.003030
10 0.067461 0.592992 0.003489 0.006439
5 0.382669 0.381629 0.006397 0.003409
5 0.206165 0.096970 0.002326 0.004545
5 0.072986 0.860795 0.003489 0.007197
5 0.316662 0.779167 0.002326 0.006818
6 0.085635 0.489205 0.004362 0.015530
5 0.142483 0.391667 0.004653 0.003030
5 0.144373 0.389773 0.004362 0.002273
5 0.364786 0.351326 0.003780 0.004924
6 0.372783 0.384848 0.003489 0.006818
6 0.436319 0.341098 0.003780 0.001894
5 0.023263 0.356439 0.004071 0.004545
11 0.208782 0.344697 0.007560 0.017424
5 0.215470 0.130871 0.004071 0.003409
5 0.407240 0.254545 0.003199 0.006061
5 0.420471 0.252841 0.003489 0.007955
5 0.056266 0.855871 0.002617 0.005682
5 0.041873 0.899242 0.003489 0.006061
5 0.248910 0.898485 0.003489 0.005303
48 0.185083 0.196402 0.014248 0.015530
48 0.323495 0.558144 0.061937 0.053409
5 0.137249 0.398864 0.004071 0.003030
5 0.190317 0.387689 0.003780 0.002652
5 0.351846 0.355303 0.002908 0.004545
5 0.213289 0.096023 0.002035 0.004924
5 0.061937 0.857386 0.002326 0.003409
5 0.054085 0.867424 0.002326 0.005303
5 0.021227 0.862689 0.002908 0.004167
5 0.034022 0.881250 0.002908 0.005682
5 0.048561 0.887121 0.002326 0.006061
5 0.156877 0.994886 0.005525 0.005682
48 0.171707 0.195076 0.012504 0.016667
6 0.071096 0.507386 0.007270 0.016288
5 0.181884 0.380303 0.004362 0.004545
5 0.349811 0.367424 0.003489 0.006061
6 0.361733 0.392614 0.008142 0.003409
10 0.201948 0.354735 0.002617 0.009470
5 0.303431 0.229545 0.005525 0.003030
5 0.385432 0.162879 0.005525 0.002273
