6 0.995800 0.875047 0.008400 0.012080
49 0.990025 0.708569 0.019951 0.240091
4 0.774414 0.593431 0.003150 0.005285
4 0.666958 0.231786 0.004550 0.005285
6 0.559153 0.105512 0.012951 0.009438
6 0.481099 0.081729 0.014351 0.007173
4 0.981624 0.846923 0.003850 0.003398
4 0.690935 0.266516 0.004900 0.006040
4 0.637557 0.180257 0.003850 0.003398
4 0.900070 0.782559 0.003150 0.003775
4 0.791740 0.633447 0.004900 0.006040
4 0.719111 0.340883 0.003150 0.005285
4 0.726986 0.343337 0.004200 0.006418
4 0.499650 0.084749 0.005250 0.002643
4 0.947322 0.842016 0.006650 0.007928
4 0.821491 0.681389 0.004200 0.004530
6 0.747812 0.405625 0.006650 0.013213
4 0.739587 0.395621 0.002100 0.006040
4 0.439972 0.061533 0.005600 0.004530
4 0.953798 0.825972 0.004200 0.003020
4 0.920196 0.813326 0.005600 0.004908
4 0.763738 0.483012 0.002800 0.004908
4 0.589954 0.141940 0.004550 0.004530
4 0.500350 0.089090 0.005250 0.004530
4 0.893770 0.784258 0.005250 0.003398
4 0.765138 0.530011 0.002800 0.005285
4 0.394295 0.038316 0.005950 0.005663
6 0.897795 0.770291 0.008400 0.007173
4 0.806615 0.680445 0.002450 0.004908
4 0.789289 0.590034 0.004200 0.006795
4 0.765488 0.503586 0.002800 0.005285
4 0.717536 0.318800 0.003500 0.006418
4 0.983024 0.865798 0.005950 0.004908
4 0.952923 0.831257 0.003850 0.003020
4 0.790865 0.582673 0.003850 0.007173
4 0.798040 0.624387 0.004200 0.005285
4 0.341267 0.023028 0.004200 0.003775
4 0.908295 0.787467 0.006300 0.004530
4 0.887994 0.772556 0.005600 0.005663
4 0.649632 0.184787 0.003500 0.004908
4 0.395520 0.050396 0.006300 0.003398
4 0.366818 0.020196 0.006300 0.004908
4 0.631782 0.168743 0.003500 0.003775
4 0.535527 0.097395 0.005600 0.004530
4 0.431047 0.051906 0.005950 0.003398
4 0.966923 0.841450 0.004550 0.005285
4 0.803290 0.633258 0.004900 0.006418
4 0.700910 0.273499 0.003850 0.005663
6 0.699685 0.260664 0.008400 0.015478
4 0.641932 0.197811 0.004200 0.003020
4 0.781589 0.605511 0.003500 0.005285
4 0.785614 0.585315 0.003150 0.004908
4 0.734862 0.413364 0.003150 0.006040
4 0.714561 0.336165 0.003150 0.004153
4 0.701435 0.270479 0.003500 0.005663
4 0.782289 0.596452 0.003500 0.005285
4 0.683234 0.265006 0.004200 0.006795
6 0.413021 0.055304 0.014001 0.007173
4 0.790865 0.622310 0.002450 0.004908
4 0.831117 0.697810 0.003850 0.005663
4 0.736787 0.367120 0.003500 0.006418
4 0.589604 0.149868 0.005950 0.006040
4 0.481624 0.077199 0.005600 0.003398
4 0.921596 0.803699 0.004900 0.004530
4 0.866468 0.748018 0.004550 0.004153
4 0.873294 0.768026 0.005600 0.002643
4 0.517151 0.087014 0.005250 0.003398
4 0.752538 0.490374 0.002800 0.005285
4 0.755513 0.460929 0.004550 0.006795
4 0.708960 0.308607 0.003850 0.004908
4 0.581379 0.138165 0.004200 0.003775
4 0.959223 0.847301 0.004550 0.004908
4 0.894295 0.789355 0.005600 0.006040
4 0.879069 0.763118 0.004550 0.003398
4 0.735737 0.379011 0.003500 0.006795
4 0.733287 0.368252 0.004200 0.005663
4 0.709135 0.319555 0.004200 0.004908
4 0.654358 0.214232 0.004550 0.005663
4 0.607280 0.145527 0.006300 0.006418
4 0.745012 0.469234 0.002450 0.004530
4 0.757613 0.454700 0.003150 0.005663
4 0.683234 0.234428 0.004900 0.006040
4 0.606230 0.156285 0.005600 0.005285
4 0.421946 0.053228 0.005250 0.003020
4 0.813441 0.666855 0.004200 0.004908
4 0.803990 0.656285 0.008400 0.008683
4 0.751313 0.428086 0.004550 0.006040
4 0.683934 0.242733 0.003500 0.004530
4 0.440322 0.067761 0.005600 0.003398
4 0.919146 0.796527 0.004200 0.006795
4 0.876269 0.754436 0.004550 0.004153
6 0.824641 0.679502 0.008400 0.012080
4 0.743437 0.449037 0.003500 0.004908
4 0.611306 0.164779 0.005950 0.004153
4 0.541652 0.097584 0.004550 0.004153
4 0.466223 0.078331 0.004900 0.003398
4 0.776689 0.575123 0.003500 0.007173
4 0.759013 0.516610 0.003150 0.005663
4 0.760588 0.479615 0.002800 0.004908
4 0.719461 0.354662 0.003850 0.004908
4 0.463248 0.060966 0.005950 0.004153
4 0.894470 0.773688 0.004550 0.004153
4 0.833217 0.711778 0.003850 0.004908
4 0.794540 0.604379 0.002800 0.005285
4 0.745887 0.445451 0.002800 0.007550
4 0.623906 0.164590 0.005250 0.006795
4 0.912496 0.796716 0.005600 0.006418
4 0.717186 0.333145 0.002800 0.004908
4 0.765488 0.556814 0.003500 0.006040
4 0.717886 0.362212 0.004200 0.005663
4 0.317991 0.015289 0.004550 0.004153
4 0.971999 0.856361 0.005600 0.004908
4 0.810816 0.678558 0.003850 0.004908
4 0.725586 0.328048 0.002100 0.005285
4 0.669758 0.214798 0.004550 0.007550
4 0.568953 0.125519 0.005950 0.005663
4 0.515401 0.080974 0.004550 0.003398
4 0.546377 0.104568 0.004200 0.005285
4 0.484424 0.072858 0.004900 0.003020
4 0.356493 0.019253 0.005250 0.003020
