5 0.077784 0.925000 0.005525 0.004545
5 0.348066 0.907386 0.006397 0.002652
5 0.356354 0.898485 0.003199 0.006061
5 0.398081 0.931439 0.006397 0.005303
5 0.402152 0.954167 0.005234 0.006061
5 0.418581 0.951326 0.004362 0.006439
5 0.420762 0.960606 0.002908 0.005303
5 0.421780 0.969508 0.003780 0.005682
1 0.527188 0.670644 0.011050 0.012500
2 0.534603 0.659849 0.010177 0.012121
2 0.430794 0.582008 0.024135 0.023106
48 0.256034 0.889015 0.120675 0.082576
2 0.101192 0.742803 0.031986 0.037121
5 0.061937 0.983144 0.004071 0.003409
48 0.265193 0.944697 0.012213 0.021212
48 0.381361 0.878977 0.054376 0.044318
6 0.208055 0.961364 0.004362 0.011364
5 0.221140 0.928220 0.004943 0.002652
6 0.241204 0.928598 0.008433 0.003409
6 0.228555 0.961553 0.004071 0.008712
11 0.273044 0.944886 0.003489 0.007197
10 0.279587 0.927083 0.003199 0.005682
6 0.202530 0.938636 0.004362 0.010606
5 0.028497 0.916856 0.003489 0.006439
48 0.075894 0.890152 0.046525 0.072727
6 0.187264 0.938068 0.003489 0.008712
6 0.216778 0.960795 0.004362 0.008712
5 0.257342 0.925379 0.002326 0.004545
5 0.260686 0.925189 0.002617 0.004924
5 0.272754 0.925758 0.001163 0.006061
10 0.275371 0.926136 0.002326 0.005303
6 0.233789 0.940530 0.004653 0.014394
6 0.197732 0.938258 0.004071 0.008333
6 0.212126 0.960606 0.003199 0.009848
48 0.156295 0.876894 0.109625 0.054545
48 0.294417 0.939394 0.014830 0.011364
5 0.269264 0.925947 0.003489 0.006439
6 0.236697 0.961742 0.003489 0.008333
6 0.232917 0.962311 0.004071 0.007955
6 0.218087 0.941288 0.005816 0.015152
6 0.183193 0.937689 0.004071 0.009470
48 0.280896 0.938826 0.011631 0.010985
