48 0.329360 0.881629 0.005233 0.009470
48 0.332413 0.866667 0.009012 0.009848
48 0.687500 0.195076 0.017442 0.018182
48 0.683721 0.818182 0.006977 0.006061
48 0.992151 0.900189 0.014535 0.016288
48 0.976599 0.917614 0.020640 0.020833
48 0.959884 0.931818 0.020930 0.019697
48 0.910174 0.991856 0.056977 0.016288
48 0.896657 0.981061 0.060756 0.037879
48 0.859738 0.944129 0.041570 0.035985
5 0.108721 0.053977 0.008140 0.004167
48 0.856977 0.268182 0.063953 0.051515
48 0.538663 0.070833 0.004070 0.003030
