48 0.720523 0.035780 0.046162 0.051743
48 0.618882 0.023119 0.084260 0.046239
48 0.418103 0.006422 0.008621 0.007706
48 0.225250 0.003486 0.038932 0.006972
52 0.276835 0.002018 0.149333 0.004037
5 0.523776 0.010275 0.004171 0.002936
53 0.532675 0.026789 0.035873 0.053578
48 0.979283 0.053028 0.038098 0.086972
5 0.193409 0.021835 0.003615 0.004037
5 0.201752 0.016514 0.004171 0.002202
5 0.208148 0.016514 0.003615 0.002202
5 0.167964 0.085321 0.006674 0.003303
5 0.168938 0.079633 0.004727 0.002202
5 0.169355 0.069541 0.005562 0.002569
5 0.172970 0.106239 0.002781 0.006972
5 0.177697 0.088257 0.002225 0.004037
5 0.189377 0.075046 0.003893 0.005505
5 0.086207 0.056330 0.002781 0.004771
5 0.125556 0.058899 0.001947 0.004037
5 0.129727 0.058899 0.001390 0.004037
5 0.151418 0.061835 0.002503 0.004037
5 0.154477 0.062018 0.001947 0.003670
5 0.159483 0.062569 0.001947 0.004771
5 0.162403 0.062936 0.002225 0.004037
5 0.151696 0.048257 0.001947 0.004037
5 0.132091 0.042018 0.001669 0.004771
5 0.124722 0.041651 0.001947 0.004771
5 0.121246 0.042202 0.002225 0.003670
5 0.117492 0.040734 0.001947 0.004404
48 0.313821 0.038349 0.051446 0.045872
5 0.220940 0.304404 0.003615 0.004037
5 0.210095 0.255229 0.002503 0.006239
5 0.266963 0.297431 0.003337 0.003303
5 0.257230 0.296514 0.003337 0.003670
5 0.260845 0.293028 0.002781 0.003303
5 0.279894 0.266605 0.001947 0.004771
5 0.289210 0.254495 0.003337 0.004037
5 0.305756 0.224404 0.003059 0.004037
5 0.255145 0.362569 0.003059 0.005138
5 0.311596 0.487523 0.004171 0.004771
6 0.289488 0.529541 0.006118 0.004404
5 0.210929 0.484954 0.004727 0.002569
5 0.214127 0.492110 0.003337 0.002202
5 0.221774 0.475229 0.004727 0.003670
5 0.223026 0.478165 0.003337 0.002936
5 0.300334 0.452110 0.005006 0.002936
5 0.395022 0.364587 0.004171 0.004771
5 0.264321 0.425688 0.003615 0.005872
6 0.265434 0.386239 0.004171 0.005505
5 0.203838 0.442385 0.004449 0.002569
5 0.311596 0.633761 0.004171 0.005872
5 0.196607 0.207706 0.002225 0.004404
5 0.180200 0.162018 0.005006 0.004771
6 0.433815 0.216330 0.003337 0.006972
5 0.373331 0.179817 0.006952 0.002936
5 0.374305 0.175963 0.004449 0.004037
5 0.386958 0.175963 0.003615 0.003303
5 0.397247 0.172844 0.003059 0.004404
6 0.448971 0.215046 0.004727 0.002936
5 0.433676 0.318899 0.004171 0.003670
6 0.453420 0.292844 0.005284 0.003670
5 0.471913 0.293211 0.003337 0.002936
5 0.476363 0.289174 0.005006 0.002936
5 0.505562 0.263303 0.005006 0.003303
5 0.501251 0.255963 0.003059 0.004037
5 0.489711 0.279817 0.002225 0.003303
6 0.512931 0.256330 0.004171 0.005505
5 0.496107 0.238532 0.003893 0.002936
6 0.504310 0.229908 0.004727 0.004771
5 0.510706 0.247156 0.003059 0.003303
5 0.486652 0.283670 0.003337 0.004404
5 0.481646 0.354312 0.004449 0.004771
5 0.638904 0.311193 0.002503 0.005872
6 0.629867 0.326605 0.002781 0.007339
5 0.569800 0.291009 0.002225 0.004404
48 0.607063 0.241835 0.018354 0.016881
48 0.622914 0.247523 0.016129 0.013578
5 0.467047 0.258349 0.004727 0.003670
6 0.590239 0.204037 0.006396 0.005872
5 0.671719 0.208440 0.003615 0.003670
5 0.654616 0.200183 0.002225 0.004037
6 0.655451 0.195963 0.006118 0.003670
6 0.655868 0.193211 0.006396 0.002569
6 0.656980 0.190459 0.005284 0.002202
6 0.657675 0.187890 0.005562 0.002202
6 0.657675 0.185321 0.005562 0.002936
6 0.657397 0.182752 0.005562 0.002202
6 0.646552 0.179083 0.006118 0.002202
6 0.645856 0.181284 0.005284 0.002202
6 0.645717 0.183670 0.005562 0.002569
5 0.589544 0.159633 0.003893 0.003670
5 0.565628 0.150826 0.004449 0.002202
5 0.562013 0.164587 0.004449 0.002569
5 0.562987 0.170459 0.001947 0.004037
5 0.567575 0.163486 0.004449 0.003303
5 0.568965 0.168073 0.002225 0.003670
5 0.570634 0.166972 0.002225 0.003670
5 0.572303 0.165505 0.002781 0.003670
5 0.573832 0.163303 0.002503 0.003670
5 0.578560 0.160183 0.003059 0.004771
5 0.580784 0.158349 0.002503 0.004037
5 0.582870 0.156330 0.002225 0.004404
5 0.586068 0.154862 0.003059 0.002202
5 0.572859 0.153211 0.002225 0.003303
5 0.574527 0.148807 0.003337 0.003303
5 0.606368 0.162018 0.003615 0.003303
5 0.600111 0.146055 0.004449 0.002936
5 0.612903 0.120000 0.002781 0.004404
5 0.611374 0.113211 0.002503 0.004037
5 0.622080 0.122569 0.002781 0.002936
5 0.624722 0.118165 0.003059 0.003670
5 0.627920 0.086422 0.002781 0.004771
5 0.630562 0.087339 0.001947 0.002936
6 0.648637 0.084954 0.003615 0.005505
48 0.664766 0.106055 0.021969 0.019817
5 0.673109 0.113945 0.004727 0.004771
5 0.676029 0.115596 0.002781 0.005138
5 0.656841 0.080917 0.002781 0.005505
5 0.635706 0.067156 0.002781 0.004404
5 0.638070 0.067890 0.002503 0.004404
10 0.650862 0.057798 0.003615 0.006239
5 0.645022 0.059450 0.002503 0.004404
5 0.640851 0.053761 0.003615 0.002569
5 0.642937 0.044220 0.002781 0.004037
5 0.648359 0.046055 0.004171 0.002569
5 0.663376 0.034495 0.004727 0.002202
5 0.664766 0.031743 0.004171 0.002569
5 0.666435 0.029725 0.004171 0.002202
5 0.667825 0.027339 0.004171 0.002569
5 0.493882 0.034495 0.003893 0.002202
5 0.494716 0.032294 0.004449 0.002202
5 0.532258 0.042569 0.003337 0.002936
5 0.501808 0.051743 0.003615 0.002202
5 0.507508 0.055596 0.003893 0.001835
5 0.507647 0.052844 0.004171 0.002202
5 0.535734 0.028991 0.002503 0.003670
5 0.520439 0.028073 0.003059 0.002569
5 0.521413 0.025321 0.003337 0.002202
5 0.535039 0.015596 0.005006 0.003303
5 0.877086 0.254312 0.005006 0.002936
5 0.876808 0.238899 0.005006 0.002936
5 0.877364 0.242018 0.004449 0.001835
5 0.875834 0.263119 0.003615 0.002202
6 0.868604 0.317248 0.003059 0.005505
5 0.843159 0.320000 0.001669 0.003670
5 0.828281 0.347523 0.003615 0.002936
5 0.837180 0.410092 0.004727 0.002569
5 0.823554 0.463853 0.004727 0.002936
5 0.787681 0.675413 0.004171 0.003303
5 0.788515 0.650826 0.003615 0.001835
5 0.789210 0.645688 0.003893 0.002569
5 0.789210 0.641284 0.002781 0.002569
5 0.788793 0.638349 0.005284 0.001835
5 0.799917 0.629174 0.003059 0.004771
5 0.706340 0.657431 0.001669 0.007706
5 0.790740 0.598165 0.005284 0.003670
5 0.830367 0.617982 0.002225 0.004404
48 0.823554 0.608624 0.020857 0.013578
5 0.760289 0.777982 0.003893 0.002936
5 0.760845 0.767890 0.003337 0.002569
5 0.896135 0.717248 0.004727 0.001835
5 0.897247 0.704771 0.003615 0.003303
5 0.897247 0.696881 0.003615 0.002202
5 0.897525 0.699266 0.003059 0.001835
5 0.851224 0.984404 0.002225 0.004037
5 0.851919 0.977982 0.001390 0.003670
5 0.851919 0.968807 0.001947 0.005138
5 0.852058 0.962569 0.001669 0.005138
5 0.852892 0.955963 0.001669 0.004404
5 0.670745 0.791560 0.005006 0.002936
5 0.672553 0.777798 0.004171 0.004037
5 0.597887 0.742936 0.003337 0.004037
5 0.607063 0.731560 0.003337 0.004771
5 0.610957 0.715046 0.003337 0.004771
5 0.612625 0.700000 0.003337 0.005505
5 0.612486 0.689908 0.004171 0.002936
5 0.630284 0.866973 0.004171 0.004037
5 0.635289 0.864587 0.003059 0.004404
5 0.465378 0.865505 0.003059 0.005505
5 0.468715 0.906605 0.003615 0.003303
5 0.635428 0.863853 0.005006 0.005138
48 0.622914 0.595596 0.007786 0.005138
48 0.613737 0.624587 0.004449 0.008807
5 0.389182 0.101284 0.005840 0.002936
5 0.390017 0.118349 0.004171 0.002569
5 0.402113 0.129725 0.005006 0.002569
5 0.401418 0.134312 0.004727 0.002936
48 0.373053 0.117064 0.025862 0.037431
48 0.261541 0.238349 0.049221 0.059083
10 0.190350 0.157982 0.005284 0.007706
48 0.210929 0.152844 0.024750 0.017248
48 0.216212 0.173395 0.016407 0.023853
48 0.205506 0.117615 0.022803 0.017982
48 0.214127 0.134495 0.023359 0.016514
5 0.229700 0.139083 0.002781 0.004404
5 0.229283 0.144220 0.002503 0.005138
5 0.228448 0.155780 0.003059 0.006239
5 0.187013 0.113394 0.003059 0.006606
48 0.216630 0.099633 0.025028 0.017982
48 0.206340 0.081468 0.023915 0.016147
6 0.234288 0.075229 0.003615 0.008073
5 0.232202 0.098165 0.002781 0.004037
5 0.231646 0.104220 0.002781 0.005872
48 0.221774 0.028807 0.025306 0.017248
48 0.210929 0.046972 0.025862 0.017615
48 0.216630 0.063853 0.027809 0.018349
5 0.235539 0.043303 0.003337 0.005872
48 0.152809 0.077982 0.018632 0.019450
48 0.283927 0.320550 0.053393 0.065688
48 0.220662 0.379266 0.038098 0.045138
10 0.258621 0.394495 0.006674 0.012477
10 0.252642 0.354495 0.003615 0.005872
6 0.301168 0.482385 0.008343 0.006239
10 0.322303 0.517431 0.003893 0.005872
6 0.220245 0.550092 0.007786 0.005138
6 0.223443 0.551927 0.008065 0.005138
6 0.230395 0.549358 0.006952 0.005138
5 0.263765 0.530092 0.003615 0.004771
6 0.242909 0.520000 0.008065 0.005138
5 0.238598 0.512110 0.004449 0.003303
5 0.236652 0.509908 0.003893 0.004037
6 0.192158 0.428073 0.003337 0.009174
5 0.195217 0.431560 0.003337 0.005872
10 0.174917 0.447706 0.006674 0.009541
8 0.179227 0.455229 0.005284 0.006972
10 0.160734 0.428257 0.006674 0.006606
5 0.212041 0.558716 0.005840 0.003303
5 0.204672 0.562936 0.006118 0.002936
5 0.182842 0.564587 0.005840 0.003303
6 0.158788 0.667706 0.005006 0.006972
48 0.168521 0.615780 0.031702 0.031560
48 0.149333 0.616514 0.011123 0.014679
48 0.151279 0.639450 0.039488 0.031927
48 0.144744 0.669541 0.031980 0.041468
48 0.062152 0.673945 0.031424 0.022385
48 0.090239 0.692294 0.021413 0.020917
48 0.093298 0.671743 0.031424 0.023119
48 0.057286 0.626239 0.036151 0.023853
48 0.107202 0.542018 0.032536 0.030826
10 0.120133 0.559083 0.003893 0.008440
5 0.071190 0.542202 0.002781 0.005505
10 0.093020 0.563303 0.009177 0.005138
5 0.087875 0.716881 0.002781 0.006239
48 0.091769 0.650642 0.033370 0.023486
48 0.185484 0.763853 0.020578 0.029725
5 0.189377 0.787339 0.005562 0.003303
5 0.195217 0.787706 0.004449 0.003303
48 0.036707 0.762569 0.026696 0.034495
48 0.049221 0.789725 0.048387 0.020550
5 0.019049 0.769908 0.003059 0.005872
10 0.019883 0.778349 0.004171 0.008807
48 0.019327 0.838899 0.016407 0.018349
10 0.021413 0.814495 0.003337 0.006239
48 0.136402 0.961284 0.017519 0.016514
39 0.124722 0.935229 0.004171 0.008440
48 0.068966 0.958532 0.006674 0.006606
48 0.154894 0.905138 0.032814 0.027523
6 0.321746 0.835046 0.002781 0.007706
5 0.052697 0.553394 0.005284 0.002936
48 0.180061 0.430459 0.019744 0.020550
6 0.164905 0.438349 0.006674 0.005505
8 0.165879 0.441651 0.005840 0.004771
39 0.156424 0.421284 0.006396 0.006606
48 0.080923 0.365321 0.009455 0.008440
48 0.058120 0.295780 0.016685 0.019083
48 0.063821 0.292477 0.013626 0.013945
5 0.130701 0.239450 0.005006 0.003303
5 0.150445 0.240550 0.005006 0.003303
5 0.151279 0.243853 0.005006 0.003303
5 0.159483 0.245321 0.005284 0.004037
48 0.139878 0.242752 0.035039 0.044404
48 0.132925 0.215596 0.025028 0.015046
5 0.129449 0.257431 0.004171 0.005505
48 0.276001 0.042569 0.048665 0.060917
6 0.498331 0.066422 0.004449 0.006606
6 0.495273 0.071743 0.005006 0.006972
6 0.491657 0.078532 0.005006 0.006606
8 0.678671 0.108991 0.005840 0.004404
48 0.650445 0.348624 0.027253 0.025688
11 0.697303 0.349358 0.004727 0.011743
5 0.705367 0.309725 0.003059 0.004404
6 0.741935 0.520367 0.003337 0.005872
48 0.814933 0.485688 0.010289 0.009908
10 0.817575 0.628624 0.003893 0.006606
5 0.839266 0.631560 0.002781 0.005138
48 0.738598 0.766789 0.026140 0.053945
5 0.791296 0.836881 0.003059 0.004037
48 0.839127 0.898349 0.033092 0.036697
5 0.856507 0.896514 0.003337 0.005138
6 0.938404 0.618899 0.003059 0.008440
5 0.913793 0.618165 0.002781 0.005505
5 0.917269 0.617798 0.001947 0.004037
5 0.920328 0.618349 0.001947 0.005138
5 0.926446 0.618532 0.002503 0.004771
5 0.928810 0.618899 0.002225 0.004771
5 0.933954 0.618899 0.002503 0.004771
5 0.917686 0.629541 0.002781 0.004771
5 0.925612 0.630275 0.002503 0.004771
5 0.928393 0.630092 0.002503 0.004404
8 0.941602 0.618716 0.001669 0.004404
5 0.963293 0.587339 0.004449 0.004771
6 0.963153 0.591376 0.005840 0.005505
5 0.962736 0.595780 0.004449 0.004037
5 0.955089 0.573945 0.005284 0.002936
48 0.930756 0.595229 0.048387 0.028624
5 0.901974 0.593761 0.003059 0.005872
5 0.902113 0.600183 0.002781 0.004771
5 0.893215 0.538716 0.004449 0.002202
5 0.893354 0.542202 0.004171 0.002569
5 0.892380 0.548440 0.005006 0.002569
5 0.897664 0.563486 0.002781 0.005505
5 0.893354 0.553945 0.004727 0.002569
5 0.892519 0.556697 0.004727 0.002936
5 0.894466 0.508073 0.005284 0.002569
5 0.894049 0.515413 0.004449 0.002569
5 0.893910 0.521468 0.004171 0.002202
48 0.926863 0.546422 0.033927 0.052110
48 0.877781 0.595413 0.026418 0.056881
10 0.781702 0.979083 0.003893 0.009541
48 0.378476 0.702385 0.030590 0.034495
48 0.451891 0.703119 0.025584 0.037431
48 0.366101 0.748257 0.008621 0.008807
48 0.466630 0.668624 0.004449 0.005138
48 0.455506 0.731193 0.005006 0.009174
5 0.666852 0.468991 0.003337 0.005138
48 0.724694 0.483303 0.014461 0.006606
48 0.681591 0.481468 0.011123 0.007339
9 0.805339 0.509358 0.003893 0.002202
48 0.783927 0.498532 0.023359 0.053211
48 0.782675 0.546789 0.025306 0.055780
48 0.767519 0.597615 0.024472 0.055413
48 0.765712 0.650275 0.025306 0.055046
48 0.687013 0.606055 0.031980 0.034128
48 0.682564 0.641651 0.026974 0.043670
48 0.695356 0.662385 0.010845 0.013211
9 0.708148 0.617064 0.005840 0.012110
9 0.704672 0.630826 0.006674 0.012477
5 0.693548 0.678532 0.005006 0.004404
5 0.695356 0.671927 0.004171 0.004404
48 0.669494 0.677798 0.033648 0.040367
48 0.586485 0.719633 0.032258 0.027156
48 0.566324 0.725321 0.004171 0.008440
48 0.637653 0.668257 0.037264 0.053578
51 0.921858 0.280917 0.024472 0.047339
48 0.847748 0.282385 0.050890 0.027523
48 0.818965 0.322569 0.024472 0.055780
9 0.840795 0.331560 0.005840 0.004037
48 0.815489 0.371743 0.025862 0.057982
48 0.727058 0.157982 0.026974 0.020917
48 0.765434 0.163853 0.023637 0.021651
48 0.763209 0.182569 0.026418 0.017248
48 0.726919 0.109358 0.007230 0.005138
48 0.735261 0.109358 0.005006 0.005138
48 0.741379 0.108624 0.004449 0.007339
48 0.755284 0.107890 0.003893 0.008073
48 0.717186 0.108440 0.010011 0.004771
48 0.708287 0.108807 0.007786 0.004771
5 0.741518 0.164404 0.002503 0.005138
5 0.742631 0.159266 0.001947 0.005138
5 0.739850 0.190459 0.003615 0.005872
5 0.744855 0.150459 0.003059 0.005872
5 0.746663 0.142752 0.002225 0.004404
9 0.884177 0.024037 0.008621 0.005505
48 0.910178 0.146606 0.049499 0.026789
48 0.956062 0.146422 0.050056 0.028624
5 0.974416 0.174312 0.004449 0.002936
5 0.879727 0.155413 0.003615 0.002569
5 0.879032 0.150459 0.004449 0.001468
5 0.902531 0.131009 0.001947 0.004404
48 0.859288 0.147339 0.023915 0.053211
48 0.856924 0.194128 0.027531 0.060917
48 0.855673 0.242018 0.026696 0.059817
48 0.012931 0.950826 0.023081 0.025688
48 0.008621 0.940367 0.014461 0.028991
48 0.033370 0.908257 0.038376 0.041835
5 0.007786 0.914128 0.003337 0.005138
5 0.016685 0.892110 0.004449 0.006606
10 0.124722 0.962752 0.005840 0.006972
10 0.127781 0.968257 0.005840 0.003303
39 0.114850 0.958716 0.006674 0.009174
5 0.006952 0.907156 0.002781 0.003670
48 0.015295 0.871927 0.024472 0.044771
48 0.036012 0.807706 0.015295 0.020550
5 0.047692 0.836147 0.005284 0.004037
48 0.050473 0.815780 0.015851 0.030826
48 0.424917 0.832477 0.023359 0.027523
48 0.455367 0.833394 0.030311 0.029358
48 0.901557 0.797248 0.009455 0.011376
5 0.893354 0.790092 0.004727 0.002936
5 0.893493 0.770092 0.005562 0.003303
5 0.898220 0.658349 0.006118 0.003670
5 0.897942 0.664220 0.006118 0.004404
5 0.897942 0.668624 0.005006 0.004404
5 0.903365 0.675780 0.002503 0.006239
5 0.896552 0.711927 0.006118 0.004404
5 0.897664 0.690092 0.005562 0.004037
5 0.898637 0.675596 0.005840 0.003670
5 0.898498 0.678899 0.005562 0.003670
5 0.899055 0.687339 0.005006 0.003670
48 0.876669 0.675046 0.029199 0.054679
48 0.875973 0.722936 0.028921 0.054312
48 0.871524 0.771927 0.027253 0.057615
5 0.933954 0.714128 0.007508 0.005138
5 0.881535 0.795046 0.005006 0.004037
5 0.882508 0.792110 0.004171 0.002569
5 0.883065 0.785138 0.003615 0.003303
5 0.892798 0.784587 0.005840 0.003670
53 0.785178 0.652477 0.012514 0.050642
53 0.788515 0.599083 0.009733 0.033394
48 0.891685 0.080550 0.041435 0.054679
48 0.693409 0.073211 0.045328 0.054679
10 0.657953 0.043486 0.005006 0.008440
10 0.653782 0.059817 0.006118 0.008073
15 0.638070 0.093945 0.011402 0.016881
48 0.580228 0.107339 0.068131 0.057615
48 0.580506 0.073761 0.099833 0.066055
34 0.345523 0.041468 0.035317 0.051376
53 0.395300 0.118165 0.017519 0.043303
48 0.315211 0.173578 0.042547 0.044771
34 0.289766 0.100183 0.065628 0.041101
48 0.269605 0.107523 0.053115 0.066055
48 0.267937 0.171009 0.048665 0.066055
48 0.319105 0.130092 0.038098 0.048807
48 0.320217 0.084587 0.038098 0.041468
48 0.126390 0.070826 0.016963 0.010275
48 0.160178 0.035596 0.007230 0.013945
48 0.138209 0.079817 0.016685 0.023853
48 0.200918 0.301835 0.044772 0.059817
48 0.168242 0.228257 0.060067 0.077064
48 0.146691 0.546055 0.039766 0.023486
48 0.081340 0.601651 0.016407 0.015780
48 0.643493 0.510826 0.030033 0.028624
48 0.602892 0.544220 0.025028 0.024954
5 0.597887 0.471376 0.004449 0.008440
5 0.656285 0.514495 0.003893 0.005872
5 0.657536 0.508073 0.003059 0.006972
5 0.642798 0.569541 0.004727 0.004404
5 0.641129 0.575780 0.003059 0.006606
48 0.546858 0.460183 0.026974 0.021284
48 0.573554 0.488073 0.029199 0.024220
48 0.577725 0.464954 0.028643 0.029358
48 0.619160 0.464404 0.026974 0.028257
48 0.598721 0.387339 0.027253 0.030459
48 0.593298 0.417064 0.028643 0.028991
48 0.586763 0.440734 0.027809 0.026422
48 0.474416 0.459083 0.025584 0.026422
48 0.507925 0.461835 0.028087 0.035596
48 0.491379 0.529725 0.030033 0.030459
48 0.535039 0.505505 0.019466 0.029725
48 0.534205 0.542385 0.022247 0.024220
48 0.522386 0.564771 0.023637 0.024220
48 0.627781 0.531193 0.024750 0.021651
5 0.644605 0.535413 0.006118 0.005138
9 0.653365 0.221101 0.004727 0.007706
9 0.671719 0.175780 0.003615 0.008807
48 0.690489 0.177248 0.031146 0.025688
14 0.813543 0.245505 0.010845 0.022752
14 0.818826 0.224771 0.008065 0.020183
14 0.802141 0.246422 0.006396 0.015046
14 0.796162 0.238165 0.007230 0.015413
9 0.563682 0.280917 0.002781 0.006972
48 0.557564 0.280917 0.013904 0.029725
48 0.530311 0.260734 0.025028 0.023119
48 0.576613 0.348991 0.032536 0.025688
9 0.528226 0.328073 0.001947 0.005872
5 0.553810 0.334128 0.004171 0.006239
5 0.483037 0.348807 0.003893 0.003303
5 0.485261 0.343670 0.003337 0.005505
5 0.474277 0.279817 0.005284 0.006239
48 0.480395 0.316881 0.020300 0.040734
48 0.465517 0.315046 0.011680 0.012844
48 0.479422 0.294128 0.013348 0.010642
48 0.516824 0.290459 0.027531 0.023853
48 0.544355 0.318899 0.026418 0.033028
48 0.512097 0.306239 0.026974 0.024587
48 0.506952 0.326422 0.027253 0.027523
48 0.534483 0.346789 0.029477 0.027156
48 0.164905 0.043303 0.010011 0.008073
5 0.094967 0.058165 0.003615 0.004771
5 0.098443 0.058532 0.002225 0.004037
5 0.100945 0.058349 0.003893 0.004404
9 0.711902 0.288991 0.003337 0.006239
48 0.621802 0.292661 0.028921 0.027523
48 0.655590 0.310092 0.026418 0.024220
48 0.661290 0.290275 0.030033 0.027156
48 0.665462 0.271743 0.026140 0.026055
48 0.700083 0.267890 0.029199 0.030092
48 0.696190 0.294679 0.025306 0.033028
5 0.680617 0.280734 0.004727 0.004404
48 0.742353 0.250275 0.026418 0.026422
48 0.714544 0.385688 0.027531 0.022752
48 0.749027 0.355963 0.034205 0.024220
48 0.720106 0.354128 0.028643 0.022018
48 0.724416 0.332844 0.028921 0.023486
5 0.189655 0.007523 0.002781 0.003303
5 0.235818 0.054495 0.003337 0.006239
5 0.879449 0.180183 0.003615 0.003670
5 0.955645 0.168807 0.005284 0.002936
5 0.879171 0.147523 0.004171 0.002936
5 0.880840 0.140183 0.003615 0.002202
5 0.962597 0.131927 0.003059 0.004771
5 0.917825 0.131009 0.002503 0.004404
5 0.987625 0.131193 0.002503 0.004037
5 0.949944 0.132294 0.002225 0.003303
5 0.945356 0.132110 0.003059 0.005138
5 0.888765 0.140734 0.002225 0.004771
48 0.707036 0.227706 0.037542 0.026789
10 0.648081 0.174312 0.003615 0.007339
10 0.645717 0.173761 0.003337 0.007706
10 0.642937 0.202018 0.008899 0.002569
10 0.643354 0.199633 0.010289 0.002202
9 0.644605 0.188440 0.005562 0.003303
9 0.644605 0.185872 0.005006 0.002569
9 0.644049 0.191193 0.006118 0.003670
9 0.643215 0.193761 0.006674 0.003670
9 0.647386 0.206239 0.005006 0.002936
48 0.658092 0.176697 0.014182 0.013578
5 0.394883 0.017248 0.005006 0.002202
5 0.612347 0.585321 0.005006 0.002936
48 0.629171 0.567706 0.023637 0.022752
48 0.554783 0.565688 0.022803 0.023119
48 0.593298 0.567156 0.023637 0.023119
48 0.670606 0.383486 0.029199 0.022018
48 0.657119 0.444220 0.028365 0.026055
48 0.697303 0.445872 0.025306 0.023486
5 0.679088 0.448991 0.003893 0.004037
5 0.681452 0.443486 0.003615 0.004771
5 0.104839 0.058716 0.003337 0.005138
53 0.134455 0.049908 0.060901 0.030092
39 0.436874 0.033394 0.005006 0.008807
48 0.342742 0.224771 0.049778 0.057615
5 0.567992 0.138349 0.004171 0.002936
9 0.954255 0.102569 0.011958 0.004037
9 0.954255 0.098165 0.012514 0.004771
9 0.954533 0.094679 0.010845 0.003670
9 0.953838 0.091560 0.012236 0.004771
9 0.954255 0.088807 0.011958 0.002936
9 0.953838 0.085505 0.012236 0.004404
9 0.954394 0.082936 0.011680 0.003670
9 0.952864 0.080550 0.017519 0.004037
9 0.953281 0.077064 0.014461 0.005138
53 0.950918 0.083119 0.024750 0.045872
48 0.727336 0.313578 0.033092 0.023853
48 0.733315 0.289908 0.027253 0.024220
5 0.729839 0.233394 0.002503 0.004404
6 0.717603 0.259266 0.003615 0.005505
9 0.250556 0.331193 0.008899 0.017982
5 0.790044 0.572294 0.004449 0.001835
5 0.789905 0.569725 0.004727 0.001835
5 0.791713 0.564587 0.003893 0.001835
5 0.791852 0.561651 0.002503 0.001835
5 0.805478 0.512110 0.003615 0.001835
5 0.805061 0.516514 0.003893 0.002569
5 0.802697 0.554862 0.004171 0.002202
5 0.803115 0.550459 0.005006 0.002936
5 0.803532 0.546422 0.004727 0.002936
5 0.803949 0.538165 0.005006 0.002569
53 0.800612 0.524587 0.013348 0.093578
6 0.773359 0.460917 0.007230 0.004404
5 0.787681 0.609358 0.003615 0.005505
5 0.986096 0.674862 0.004449 0.002936
5 0.985957 0.672477 0.004727 0.002569
5 0.985957 0.664037 0.006396 0.003303
5 0.986652 0.654679 0.003893 0.002936
5 0.985957 0.656881 0.005840 0.002936
53 0.981229 0.673395 0.014182 0.058716
53 0.925890 0.624037 0.039766 0.019450
9 0.953281 0.617248 0.008899 0.003670
5 0.951891 0.605872 0.005562 0.002936
5 0.952308 0.603119 0.004171 0.002569
5 0.952864 0.600367 0.005284 0.002936
9 0.960651 0.605321 0.003059 0.006239
5 0.963849 0.606055 0.002225 0.004771
5 0.944800 0.578165 0.002503 0.004037
5 0.942436 0.578165 0.002225 0.004037
5 0.937431 0.578165 0.002225 0.004037
5 0.934372 0.578165 0.002225 0.004037
5 0.985261 0.567706 0.003893 0.002202
5 0.980673 0.567523 0.004727 0.002569
5 0.975806 0.567890 0.005006 0.002569
5 0.967603 0.567523 0.004171 0.002569
53 0.958982 0.597248 0.020300 0.044404
53 0.934789 0.578532 0.035317 0.012110
53 0.973582 0.571376 0.031146 0.011743
48 0.875695 0.546789 0.025584 0.054312
53 0.900862 0.555596 0.026974 0.129908
5 0.942019 0.715046 0.005284 0.004037
5 0.892937 0.780183 0.003893 0.002936
5 0.923109 0.434862 0.004727 0.002936
5 0.922970 0.437798 0.005006 0.003670
5 0.923526 0.423486 0.005562 0.002936
5 0.923943 0.420734 0.005840 0.004037
5 0.924082 0.417431 0.005006 0.003303
5 0.912264 0.419450 0.004727 0.002936
5 0.913654 0.398899 0.004727 0.002202
5 0.913793 0.396514 0.005006 0.002569
5 0.924917 0.394495 0.003893 0.002936
5 0.925195 0.391927 0.003893 0.002936
5 0.925751 0.388991 0.004449 0.002936
5 0.925890 0.382752 0.005284 0.002936
5 0.926863 0.364587 0.004449 0.002569
5 0.927002 0.362385 0.004171 0.002569
5 0.927002 0.359083 0.005284 0.002569
5 0.822998 0.445688 0.004727 0.002569
5 0.822720 0.447890 0.004727 0.003303
5 0.822303 0.450092 0.004449 0.002569
5 0.835234 0.443670 0.006396 0.002936
5 0.835651 0.438716 0.005562 0.002569
5 0.835790 0.430642 0.004171 0.002569
5 0.839127 0.357982 0.004171 0.002569
5 0.838988 0.361101 0.004449 0.002936
5 0.838849 0.364037 0.005284 0.002202
5 0.838849 0.366972 0.004171 0.002936
5 0.838710 0.369725 0.004449 0.002569
5 0.833982 0.369908 0.004449 0.003670
5 0.838432 0.372477 0.004449 0.002936
5 0.198415 0.436514 0.004727 0.004771
5 0.866518 0.103119 0.002225 0.005872
11 0.815768 0.616881 0.003059 0.007339
5 0.720940 0.598532 0.003059 0.006606
5 0.724555 0.584037 0.003059 0.005505
5 0.648915 0.543303 0.001947 0.004037
6 0.192853 0.040183 0.003059 0.006972
5 0.096774 0.050826 0.005006 0.002569
53 0.095940 0.054312 0.026140 0.019083
5 0.097191 0.054495 0.006396 0.003303
5 0.328838 0.455046 0.004171 0.005138
5 0.342881 0.449725 0.003893 0.004771
5 0.362903 0.391009 0.003893 0.004771
6 0.267241 0.397982 0.003893 0.006239
5 0.483454 0.245505 0.005284 0.005138
5 0.484983 0.247706 0.004449 0.004404
48 0.471496 0.224404 0.069800 0.059083
6 0.650167 0.181835 0.003337 0.007706
6 0.650584 0.190459 0.003059 0.005872
53 0.651140 0.189541 0.023081 0.037064
5 0.572303 0.144220 0.002225 0.004404
53 0.574388 0.151743 0.034761 0.035596
5 0.646830 0.120367 0.003893 0.002936
5 0.753476 0.116697 0.002503 0.005872
6 0.523637 0.018349 0.003893 0.002936
5 0.522108 0.022385 0.004171 0.002936
7 0.856507 0.303486 0.002781 0.005872
5 0.853726 0.303486 0.002781 0.004404
5 0.847608 0.315780 0.002225 0.004037
5 0.814377 0.629725 0.002503 0.004404
5 0.649750 0.788073 0.004171 0.002569
5 0.671858 0.781835 0.004449 0.002569
10 0.474555 0.267339 0.015295 0.014312
44 0.289488 0.007890 0.009455 0.004771
43 0.524889 0.846789 0.010845 0.012110
48 0.077308 0.303119 0.016685 0.018349
48 0.973582 0.770092 0.025584 0.054679
10 0.673109 0.223670 0.011958 0.006239
52 0.097887 0.943303 0.086763 0.056147
5 0.837319 0.435596 0.006118 0.002202
10 0.396413 0.011743 0.005840 0.003670
48 0.513626 0.717248 0.036707 0.042936
48 0.904477 0.315780 0.026418 0.050275
5 0.985539 0.682385 0.003893 0.002569
5 0.895022 0.747523 0.003615 0.002202
10 0.873888 0.451927 0.004171 0.002569
10 0.532536 0.034862 0.006118 0.004404
8 0.146830 0.409174 0.007786 0.008073
5 0.985122 0.692110 0.004171 0.002936
5 0.917130 0.316514 0.005006 0.002569
6 0.841352 0.449725 0.009177 0.004771
5 0.804783 0.519817 0.005562 0.002569
5 0.643910 0.564037 0.003059 0.004404
5 0.679088 0.724954 0.005006 0.004037
5 0.565768 0.142936 0.005840 0.002569
48 0.314099 0.269358 0.046997 0.049908
44 0.453420 0.287890 0.008065 0.006239
5 0.688265 0.411743 0.003893 0.005872
5 0.877503 0.213578 0.004727 0.002202
5 0.567019 0.140734 0.005562 0.002569
5 0.850806 0.990459 0.002503 0.006606
48 0.191880 0.452661 0.019466 0.023119
10 0.278504 0.506606 0.005840 0.009174
46 0.751112 0.843303 0.005562 0.007339
5 0.790323 0.603670 0.005562 0.002936
5 0.580367 0.540917 0.003337 0.005138
48 0.234149 0.498349 0.018910 0.022018
48 0.664766 0.709174 0.036429 0.052477
48 0.773220 0.953761 0.034205 0.036697
48 0.527531 0.095963 0.024472 0.027523
10 0.896135 0.737248 0.005284 0.003670
8 0.250278 0.383853 0.004449 0.005872
48 0.703003 0.427156 0.023915 0.022018
48 0.737486 0.949541 0.030033 0.032661
48 0.842325 0.934495 0.027809 0.037798
48 0.946607 0.827890 0.046719 0.058716
48 0.964405 0.678899 0.027809 0.049174
5 0.161012 0.404404 0.006118 0.004404
48 0.086068 0.315413 0.024194 0.026789
48 0.619855 0.757064 0.025584 0.035963
48 0.840378 0.966789 0.029477 0.042936
5 0.929505 0.321284 0.006952 0.002569
48 0.137931 0.377431 0.024472 0.027523
48 0.808259 0.895046 0.033648 0.035963
48 0.957731 0.523670 0.024472 0.093211
10 0.646969 0.051560 0.008065 0.004771
39 0.743187 0.220000 0.015851 0.008440
48 0.650445 0.617431 0.038932 0.057615
10 0.593854 0.156514 0.004171 0.004771
10 0.394744 0.014679 0.005840 0.002202
11 0.711485 0.080000 0.006952 0.011743
14 0.810206 0.212110 0.018076 0.008807
5 0.584816 0.522569 0.003337 0.005138
48 0.578420 0.759083 0.029477 0.035596
48 0.565350 0.506239 0.025584 0.030459
48 0.808259 0.967890 0.033648 0.042936
46 0.731785 0.865321 0.008621 0.007339
5 0.564516 0.148257 0.005562 0.002936
48 0.733593 0.974312 0.033370 0.033761
48 0.775723 0.850459 0.025306 0.030459
5 0.689377 0.705505 0.004449 0.006239
5 0.672414 0.766422 0.005562 0.002569
10 0.237069 0.031927 0.004171 0.008073
10 0.877920 0.233028 0.012236 0.006606
5 0.689516 0.408440 0.004171 0.004404
5 0.878476 0.194495 0.005006 0.002202
5 0.804505 0.527339 0.003893 0.002936
10 0.545745 0.027339 0.006952 0.003303
48 0.047970 0.538165 0.028643 0.026789
48 0.876529 0.634862 0.055617 0.034495
48 0.964127 0.630459 0.032814 0.046239
48 0.877781 0.496881 0.030868 0.053578
5 0.680756 0.719266 0.005006 0.004404
5 0.894466 0.750642 0.004727 0.001835
5 0.878337 0.191560 0.003615 0.002202
5 0.590378 0.544220 0.005006 0.002202
10 0.618048 0.584220 0.004727 0.002936
10 0.691463 0.387339 0.005284 0.009174
5 0.840239 0.384220 0.008065 0.002202
10 0.544911 0.030275 0.006396 0.004037
5 0.760984 0.754679 0.005284 0.003303
48 0.215517 0.530275 0.024472 0.036697
48 0.808259 0.934312 0.032536 0.039633
48 0.626947 0.721468 0.024750 0.034495
48 0.559372 0.531927 0.023081 0.025321
48 0.812987 0.417982 0.030868 0.058716
48 0.781702 0.824587 0.020578 0.024220
48 0.969271 0.724954 0.030311 0.047339
51 0.181452 0.324037 0.024194 0.044771
5 0.669216 0.058165 0.004727 0.005505
5 0.893632 0.759266 0.004727 0.002202
48 0.105117 0.504771 0.016129 0.017248
48 0.211902 0.505138 0.020578 0.033394
5 0.683120 0.438349 0.001947 0.004771
5 0.845940 0.461835 0.004449 0.003303
14 0.648915 0.068807 0.004171 0.006972
48 0.612764 0.779083 0.026974 0.031560
5 0.690907 0.403486 0.004171 0.004771
34 0.644049 0.640367 0.055617 0.028624
5 0.878337 0.201284 0.004727 0.003303
48 0.062848 0.757064 0.032258 0.033028
48 0.660734 0.405505 0.032814 0.029358
48 0.708565 0.404404 0.027809 0.024220
48 0.457314 0.898716 0.034205 0.039633
5 0.877920 0.210826 0.005006 0.002569
5 0.878893 0.197064 0.005284 0.002202
48 0.904060 0.372477 0.022247 0.043303
10 0.895300 0.761651 0.008621 0.002569
5 0.878337 0.188624 0.004171 0.002202
5 0.564794 0.145505 0.004449 0.002569
5 0.580367 0.151193 0.005006 0.003670
48 0.070773 0.527523 0.018076 0.012844
48 0.567297 0.225688 0.023915 0.029358
10 0.894605 0.741835 0.007230 0.004771
5 0.185901 0.420000 0.003615 0.006239
5 0.822720 0.617615 0.002503 0.005138
5 0.929366 0.876881 0.003893 0.004771
48 0.151140 0.395780 0.021969 0.024587
48 0.652809 0.762202 0.041435 0.033761
48 0.743048 0.710275 0.027253 0.062018
48 0.947442 0.890275 0.033370 0.054312
51 0.803949 0.741835 0.021135 0.040000
14 0.768215 0.219633 0.018632 0.006972
48 0.210234 0.617431 0.037820 0.031193
48 0.538237 0.971560 0.019188 0.023119
10 0.684511 0.207706 0.013070 0.007339
10 0.542686 0.222018 0.006952 0.011743
10 0.674082 0.131193 0.006118 0.009174
48 0.202725 0.473578 0.019466 0.030459
48 0.541991 0.774312 0.027809 0.041835
48 0.949805 0.933394 0.030868 0.035596
5 0.825501 0.617615 0.002503 0.005138
48 0.604283 0.224954 0.031146 0.034495
5 0.894744 0.754862 0.004171 0.002202
