1 0.029559 0.002747 0.010269 0.005495
1 0.036497 0.006044 0.010269 0.011355
48 0.110047 0.002381 0.034138 0.004762
48 0.151263 0.003114 0.036081 0.006227
2 0.248820 0.011722 0.049126 0.023443
2 0.028310 0.105495 0.029420 0.022711
48 0.149875 0.795055 0.108243 0.387912
48 0.213294 0.987363 0.059117 0.025275
5 0.037330 0.728755 0.001943 0.006227
5 0.039273 0.729121 0.002498 0.005495
5 0.041910 0.728571 0.002775 0.005128
5 0.044269 0.728388 0.003053 0.005495
5 0.046628 0.728388 0.002775 0.005495
5 0.049403 0.727839 0.002775 0.004396
5 0.051901 0.726923 0.002220 0.004762
5 0.054815 0.726557 0.002498 0.004762
5 0.057452 0.726190 0.002220 0.004029
5 0.059256 0.725275 0.002498 0.005128
5 0.061754 0.725092 0.002498 0.004762
6 0.069109 0.723626 0.002775 0.005495
53 0.049681 0.728571 0.048848 0.016117
5 0.093256 0.742857 0.003331 0.005128
5 0.105051 0.835165 0.001943 0.004396
5 0.097558 0.823443 0.001943 0.004396
5 0.097696 0.828022 0.001665 0.004029
5 0.101582 0.809890 0.002220 0.004396
5 0.101166 0.804945 0.002498 0.004029
5 0.097974 0.784066 0.002775 0.004029
5 0.097696 0.779121 0.002775 0.004396
5 0.097002 0.774176 0.002498 0.004762
5 0.096031 0.768681 0.003331 0.005495
5 0.095337 0.763553 0.002498 0.004762
5 0.094921 0.758242 0.002220 0.005128
5 0.093533 0.747985 0.003331 0.004396
5 0.094088 0.752747 0.003886 0.005861
9 0.250763 0.966667 0.004163 0.012454
9 0.227311 0.711172 0.003331 0.006960
5 0.214405 0.656593 0.004718 0.003297
6 0.209686 0.652930 0.006384 0.004029
9 0.210658 0.649817 0.006106 0.002930
9 0.195115 0.631868 0.004996 0.003663
9 0.195393 0.636447 0.004996 0.004029
5 0.195948 0.639560 0.004996 0.002930
9 0.196225 0.644872 0.005551 0.003297
48 0.210797 0.619231 0.016375 0.018681
5 0.089509 0.620513 0.003608 0.004396
5 0.091035 0.630952 0.005551 0.003297
5 0.090896 0.632967 0.005273 0.002930
5 0.090064 0.635714 0.006384 0.002564
5 0.090619 0.637912 0.006384 0.003297
5 0.090341 0.640293 0.004718 0.002198
5 0.090619 0.642674 0.005828 0.002564
5 0.090480 0.644872 0.006106 0.002564
5 0.090619 0.647436 0.005828 0.003297
5 0.091452 0.654945 0.004163 0.002198
5 0.091313 0.657143 0.005551 0.002930
5 0.091313 0.659524 0.005551 0.002564
5 0.091590 0.662088 0.005551 0.002564
5 0.091035 0.664286 0.006661 0.002564
5 0.090896 0.667033 0.007494 0.002930
5 0.091452 0.669414 0.004718 0.001832
53 0.089925 0.643590 0.008881 0.056410
48 0.054538 0.636447 0.060783 0.072894
5 0.022204 0.616850 0.002220 0.004396
1 0.025951 0.008791 0.010269 0.012454
1 0.035803 0.017766 0.009437 0.011355
1 0.026367 0.020696 0.009437 0.010623
1 0.033999 0.030220 0.014710 0.016484
3 0.255204 0.384615 0.023036 0.024176
2 0.037608 0.216300 0.021371 0.020147
2 0.250902 0.088645 0.049958 0.045421
48 0.157646 0.259158 0.036081 0.050183
2 0.039550 0.179670 0.032473 0.028938
48 0.118096 0.260440 0.034138 0.054212
2 0.286428 0.700366 0.048293 0.070330
48 0.155981 0.204945 0.033306 0.054579
48 0.112961 0.036447 0.037191 0.053846
2 0.290036 0.897253 0.045518 0.030403
2 0.258673 0.473077 0.054954 0.061905
2 0.034693 0.265934 0.022204 0.016850
48 0.153622 0.036996 0.034138 0.053480
3 0.072717 0.278388 0.014988 0.012454
48 0.157230 0.318132 0.036359 0.053846
2 0.290869 0.873810 0.054954 0.051648
2 0.037330 0.344872 0.016930 0.016484
48 0.113378 0.091575 0.038024 0.051282
2 0.191368 0.462271 0.025812 0.026374
2 0.292534 0.837179 0.054954 0.053846
48 0.133222 0.460623 0.092701 0.102198
2 0.033306 0.315201 0.028865 0.026740
48 0.049126 0.473993 0.070497 0.094505
2 0.256453 0.701648 0.026089 0.048718
48 0.115321 0.204579 0.036359 0.056044
2 0.286150 0.747985 0.043852 0.030769
2 0.205940 0.673993 0.054954 0.064469
48 0.153483 0.090293 0.037746 0.054579
48 0.154316 0.150549 0.036081 0.046886
48 0.119484 0.319414 0.034693 0.060806
48 0.116014 0.147985 0.036081 0.051282
2 0.220094 0.497253 0.046628 0.040659
