48 0.578417 0.282071 0.011511 0.007822
48 0.568345 0.273936 0.009784 0.009074
48 0.248921 0.268461 0.005180 0.005632
48 0.246043 0.271902 0.005755 0.006884
48 0.208201 0.284418 0.005468 0.008135
48 0.200000 0.286452 0.016691 0.016583
48 0.193957 0.321496 0.013813 0.017209
48 0.368058 0.293023 0.015540 0.007822
48 0.369496 0.299124 0.006331 0.003755
48 0.420863 0.312891 0.003741 0.009387
48 0.418130 0.325407 0.008058 0.007509
48 0.487914 0.300219 0.004892 0.007822
48 0.490791 0.306164 0.004892 0.004693
48 0.507050 0.308667 0.014388 0.012829
48 0.497986 0.323060 0.014676 0.017209
48 0.575108 0.290519 0.012950 0.012203
48 0.586906 0.297872 0.011223 0.013767
48 0.600288 0.298342 0.004604 0.004068
48 0.568777 0.298029 0.008345 0.005945
48 0.577842 0.301471 0.006331 0.005319
48 0.574676 0.305538 0.011511 0.006571
48 0.585468 0.307728 0.012374 0.010951
48 0.607050 0.302409 0.007770 0.005319
48 0.596835 0.303191 0.009209 0.008761
48 0.986187 0.956977 0.011511 0.027222
48 0.990791 0.936796 0.016115 0.016896
48 0.913525 0.911295 0.009496 0.019086
48 0.853813 0.936327 0.022446 0.013454
48 0.877266 0.918335 0.021007 0.015019
48 0.833669 0.894869 0.013813 0.021902
48 0.845612 0.890175 0.015252 0.015019
48 0.874389 0.892991 0.014101 0.015019
48 0.873237 0.905194 0.014676 0.012516
48 0.810072 0.880319 0.016691 0.014080
48 0.936978 0.962610 0.011511 0.020338
48 0.958705 0.955882 0.008921 0.022528
48 0.928058 0.967616 0.007482 0.011577
48 0.956259 0.925375 0.017266 0.014706
48 0.896259 0.972309 0.016978 0.014080
48 0.895971 0.957760 0.013525 0.013141
48 0.922158 0.910670 0.010072 0.016583
48 0.978130 0.898154 0.016691 0.020964
48 0.962302 0.903317 0.015540 0.017522
48 0.950216 0.907228 0.013237 0.015332
48 0.942158 0.876408 0.012086 0.023154
48 0.954388 0.877660 0.015827 0.023154
48 0.947482 0.949781 0.014676 0.017835
48 0.921151 0.934762 0.007482 0.013454
48 0.927626 0.936796 0.005468 0.011890
48 0.935396 0.943367 0.011223 0.018773
48 0.949784 0.936483 0.011799 0.013767
48 0.914532 0.928191 0.007482 0.012203
48 0.906763 0.930851 0.009209 0.006258
48 0.931223 0.908479 0.010360 0.009700
48 0.932662 0.920369 0.013237 0.012829
48 0.894101 0.929600 0.009784 0.015019
48 0.879281 0.941959 0.013525 0.007822
48 0.919856 0.967303 0.008345 0.011577
48 0.911655 0.874061 0.008058 0.014706
48 0.864604 0.977159 0.017554 0.012516
48 0.817698 0.947434 0.008921 0.015645
48 0.841151 0.964330 0.010935 0.012516
48 0.828633 0.922403 0.014676 0.008761
48 0.789496 0.931008 0.022158 0.012829
48 0.790072 0.920995 0.024460 0.010951
48 0.785899 0.901596 0.010360 0.025344
48 0.788633 0.880632 0.010647 0.017835
48 0.813669 0.865457 0.012374 0.017522
48 0.838993 0.858886 0.014676 0.010013
48 0.806763 0.918335 0.010072 0.011264
48 0.807194 0.905820 0.013813 0.013767
48 0.797122 0.953849 0.013237 0.012203
48 0.785468 0.954161 0.013525 0.011577
48 0.792374 0.964487 0.023885 0.011577
48 0.829352 0.976377 0.023022 0.013454
48 0.795396 0.974343 0.019568 0.013767
48 0.852950 0.857009 0.014388 0.016270
48 0.863741 0.854193 0.012950 0.014393
48 0.822590 0.867491 0.007770 0.013454
48 0.872662 0.868899 0.012374 0.021277
48 0.930791 0.877972 0.012374 0.018148
48 0.966187 0.881414 0.014101 0.016896
48 0.939856 0.899562 0.009784 0.016896
48 0.977266 0.861546 0.024748 0.019712
48 0.953237 0.848874 0.020432 0.033166
48 0.910648 0.846370 0.019281 0.026909
48 0.891223 0.850751 0.011511 0.020651
48 0.881583 0.850125 0.010072 0.018773
48 0.873669 0.852628 0.009784 0.019399
48 0.875683 0.835732 0.016691 0.018148
48 0.850935 0.844024 0.014388 0.015957
48 0.924173 0.825094 0.012950 0.015019
48 0.935827 0.820557 0.014964 0.013454
48 0.904317 0.802096 0.022734 0.010951
48 0.843022 0.829474 0.023885 0.017522
48 0.769640 0.813204 0.024460 0.015645
48 0.799137 0.826815 0.018417 0.009700
48 0.816978 0.798029 0.023597 0.010951
48 0.771079 0.801784 0.016403 0.016583
48 0.730072 0.797247 0.018417 0.012516
48 0.717266 0.842459 0.018705 0.010325
48 0.716115 0.830257 0.017554 0.012829
48 0.701295 0.831195 0.014388 0.019086
48 0.825036 0.832916 0.014388 0.012516
48 0.784317 0.817897 0.008345 0.010013
48 0.845468 0.809919 0.009784 0.009700
48 0.858130 0.815238 0.013813 0.008448
48 0.802446 0.814612 0.010647 0.004693
48 0.875252 0.812265 0.019281 0.010638
48 0.929784 0.808041 0.025899 0.009074
48 0.924173 0.790519 0.013525 0.014080
48 0.897698 0.785044 0.014101 0.010013
48 0.897698 0.792710 0.013525 0.005945
48 0.889353 0.786452 0.005468 0.015332
48 0.909928 0.793492 0.012662 0.007509
48 0.932518 0.801001 0.004892 0.008135
48 0.933813 0.778160 0.012086 0.008135
48 0.900000 0.813986 0.010647 0.012829
48 0.838561 0.795369 0.011511 0.012516
48 0.830504 0.796464 0.010935 0.009074
48 0.889065 0.805695 0.011223 0.020025
48 0.948201 0.806164 0.013813 0.008448
48 0.958849 0.821965 0.018993 0.010013
48 0.977266 0.826189 0.016115 0.009074
48 0.989065 0.832290 0.007482 0.017522
48 0.858849 0.830100 0.010072 0.010638
48 0.885468 0.830257 0.009784 0.009074
48 0.924173 0.837610 0.009496 0.010638
48 0.884748 0.892835 0.007194 0.014080
48 0.890360 0.891270 0.007482 0.011577
48 0.836403 0.936640 0.011223 0.005319
48 0.855827 0.944931 0.020144 0.006884
48 0.881727 0.949312 0.012662 0.005006
48 0.808345 0.952597 0.006331 0.007196
48 0.757410 0.911139 0.012662 0.024406
48 0.757554 0.887359 0.011799 0.025031
48 0.794964 0.895807 0.010647 0.015019
48 0.607770 0.308980 0.012662 0.009074
48 0.849065 0.961045 0.007770 0.013454
48 0.744029 0.941489 0.020432 0.011264
48 0.726619 0.940238 0.013813 0.011264
48 0.735108 0.910670 0.014676 0.023467
48 0.719424 0.896120 0.012662 0.011264
48 0.716835 0.866865 0.015540 0.020964
48 0.704604 0.906602 0.018129 0.013454
48 0.741439 0.963705 0.015827 0.013767
48 0.726187 0.952910 0.015252 0.013454
48 0.726619 0.974812 0.018417 0.010951
48 0.697122 0.976846 0.013525 0.013767
48 0.690504 0.934762 0.015252 0.010951
48 0.699712 0.954005 0.029640 0.011264
48 0.664173 0.943523 0.017266 0.020964
48 0.773237 0.952441 0.016115 0.040050
48 0.667338 0.959011 0.014388 0.015019
48 0.645180 0.931790 0.018417 0.019399
48 0.690072 0.917710 0.016115 0.008135
48 0.679424 0.959950 0.014964 0.017522
48 0.652086 0.954787 0.018993 0.024093
48 0.637554 0.964018 0.015827 0.023780
48 0.617554 0.900814 0.018417 0.019399
48 0.657122 0.887046 0.008921 0.013767
48 0.606043 0.921464 0.025324 0.017522
48 0.631799 0.940707 0.014676 0.014706
48 0.653957 0.897841 0.012374 0.015957
48 0.635252 0.915363 0.013525 0.021589
48 0.625468 0.970275 0.017554 0.021277
48 0.636547 0.982165 0.025324 0.013141
48 0.605180 0.967929 0.017266 0.016583
48 0.589928 0.939925 0.025324 0.020651
48 0.569209 0.962610 0.016691 0.010951
48 0.589928 0.319149 0.004604 0.006258
48 0.584173 0.318523 0.006331 0.006884
48 0.594676 0.310544 0.011223 0.008448
48 0.603022 0.316802 0.007194 0.010951
48 0.609496 0.316176 0.006331 0.004693
48 0.617698 0.309449 0.006619 0.013767
48 0.626043 0.310075 0.009496 0.015019
48 0.634532 0.311327 0.005755 0.014393
48 0.643165 0.303661 0.011511 0.005945
48 0.675252 0.299750 0.017554 0.011890
48 0.645324 0.310388 0.012950 0.006884
48 0.649640 0.318680 0.018705 0.012203
48 0.654964 0.331039 0.006906 0.012516
48 0.646331 0.331039 0.010360 0.012516
48 0.610647 0.324468 0.009209 0.006884
48 0.570504 0.318210 0.008345 0.008761
48 0.582446 0.324468 0.014964 0.005632
48 0.598130 0.326971 0.005468 0.005006
48 0.592374 0.329318 0.006619 0.009700
48 0.596835 0.337766 0.004604 0.013454
48 0.590935 0.339018 0.006043 0.009700
48 0.654964 0.340113 0.005755 0.005632
48 0.683885 0.322747 0.015827 0.007196
48 0.688777 0.328066 0.015827 0.007822
48 0.722734 0.328692 0.012374 0.017209
48 0.942158 0.323686 0.019568 0.018461
48 0.972662 0.338861 0.019568 0.013767
48 0.569496 0.974969 0.018417 0.016896
48 0.657554 0.924437 0.010360 0.010951
48 0.646619 0.918648 0.012086 0.008135
48 0.646619 0.881258 0.012662 0.014706
48 0.908345 0.862797 0.008345 0.007196
48 0.740432 0.812422 0.022446 0.018461
48 0.945755 0.763611 0.018129 0.024093
48 0.921583 0.761733 0.016978 0.012829
48 0.904173 0.760325 0.008633 0.008761
48 0.933669 0.770025 0.007194 0.008135
48 0.767914 0.742491 0.014101 0.005006
48 0.784460 0.742491 0.006331 0.006258
48 0.766906 0.748748 0.015540 0.006884
48 0.768633 0.754068 0.019568 0.007509
48 0.745468 0.762516 0.016978 0.008135
48 0.740863 0.748748 0.008345 0.014393
48 0.753094 0.749531 0.009209 0.016583
48 0.702878 0.767209 0.011223 0.017522
48 0.741007 0.782697 0.010935 0.007822
48 0.742878 0.775501 0.008921 0.007196
48 0.713381 0.776283 0.012662 0.015645
48 0.676115 0.751095 0.010647 0.008448
48 0.702446 0.731852 0.009209 0.011264
48 0.640863 0.767365 0.015540 0.010951
48 0.681871 0.813048 0.012374 0.019086
48 0.648921 0.837610 0.013237 0.015019
48 0.672086 0.838392 0.008921 0.008448
48 0.632230 0.842459 0.013813 0.019712
48 0.659137 0.822121 0.010647 0.010325
48 0.659137 0.812891 0.011799 0.009387
48 0.680576 0.851220 0.012662 0.012829
48 0.700576 0.860607 0.016403 0.010951
48 0.670360 0.896433 0.017554 0.006884
48 0.634389 0.855131 0.010072 0.005632
48 0.647194 0.864205 0.009209 0.005006
48 0.622446 0.844337 0.006906 0.010951
48 0.522590 0.930069 0.006906 0.019712
48 0.504029 0.939299 0.011223 0.021902
48 0.539712 0.961827 0.011799 0.011890
48 0.563885 0.903786 0.012374 0.015957
48 0.518705 0.976377 0.008345 0.016583
48 0.526763 0.975751 0.010647 0.017209
48 0.509640 0.976846 0.011511 0.006258
48 0.496403 0.984512 0.008058 0.009700
48 0.511079 0.981852 0.007482 0.007509
48 0.503453 0.980601 0.007770 0.006884
48 0.502734 0.987015 0.007482 0.005945
48 0.483741 0.974656 0.012086 0.015019
48 0.503309 0.959011 0.009784 0.015019
48 0.550647 0.953849 0.011799 0.004693
48 0.500144 0.921621 0.007482 0.010951
48 0.514532 0.936796 0.008633 0.013141
48 0.547482 0.906915 0.007194 0.015332
48 0.551799 0.905976 0.008921 0.015332
48 0.550791 0.893930 0.016115 0.011890
48 0.562734 0.889080 0.015827 0.012203
48 0.526763 0.885951 0.010072 0.022215
48 0.536259 0.893773 0.008921 0.012203
48 0.549784 0.876721 0.016978 0.019399
48 0.559568 0.876252 0.011223 0.012203
48 0.536691 0.877660 0.010935 0.021902
48 0.537266 0.859355 0.028777 0.021589
48 0.575252 0.869994 0.020719 0.017209
48 0.590504 0.865926 0.016115 0.024718
48 0.598273 0.861546 0.014964 0.022841
48 0.603597 0.857165 0.014676 0.019712
48 0.562446 0.855757 0.021007 0.018773
48 0.579137 0.830882 0.013525 0.012829
48 0.522446 0.835576 0.017554 0.024718
48 0.560432 0.831039 0.021007 0.023780
48 0.506619 0.845901 0.007770 0.027847
48 0.624029 0.814612 0.035971 0.020338
48 0.594101 0.824312 0.014676 0.010951
48 0.601870 0.818836 0.011799 0.014393
48 0.590791 0.817897 0.017266 0.012516
48 0.595683 0.804912 0.013813 0.019086
48 0.559712 0.806946 0.015540 0.012516
48 0.564317 0.812891 0.017266 0.011890
48 0.592518 0.842146 0.011511 0.010325
48 0.579856 0.798029 0.018993 0.010951
48 0.576691 0.791302 0.021295 0.013767
48 0.575827 0.783010 0.020144 0.014706
48 0.554388 0.795995 0.018129 0.018148
48 0.536115 0.787078 0.006906 0.017835
48 0.530072 0.786295 0.007482 0.017522
48 0.529928 0.765019 0.006619 0.013767
48 0.523309 0.762672 0.006619 0.015957
48 0.489784 0.745150 0.023022 0.017209
48 0.462446 0.762829 0.017266 0.023154
48 0.437410 0.761577 0.008633 0.021277
48 0.428921 0.760638 0.008345 0.020651
48 0.439137 0.742491 0.007482 0.015645
48 0.478561 0.830569 0.007482 0.020338
48 0.470360 0.829474 0.007770 0.020025
48 0.430072 0.836984 0.012950 0.010638
48 0.491799 0.806477 0.013813 0.015957
48 0.413669 0.806946 0.009496 0.010013
48 0.486331 0.789581 0.025899 0.017835
48 0.467914 0.805538 0.013237 0.016583
48 0.473237 0.854819 0.015827 0.023154
48 0.443309 0.852159 0.015827 0.022215
48 0.432662 0.800219 0.011799 0.011577
48 0.438561 0.872653 0.019568 0.007509
48 0.461007 0.914581 0.015540 0.023154
48 0.462158 0.880632 0.023022 0.012203
48 0.361007 0.837297 0.014676 0.031289
48 0.441295 0.920995 0.018129 0.012829
48 0.439137 0.887046 0.018417 0.011890
48 0.473669 0.902691 0.007482 0.020651
48 0.426475 0.931790 0.012662 0.016896
48 0.427482 0.947278 0.014101 0.013454
48 0.413957 0.943054 0.014676 0.012516
48 0.477698 0.935232 0.017266 0.013767
48 0.449065 0.966990 0.012374 0.016583
48 0.193525 0.871245 0.031367 0.032854
48 0.269640 0.878442 0.014388 0.012829
48 0.275540 0.888924 0.016403 0.013767
48 0.264317 0.894243 0.011799 0.016896
48 0.239137 0.883605 0.013237 0.016270
48 0.142590 0.952284 0.016978 0.005945
48 0.312806 0.917710 0.008633 0.004380
48 0.312662 0.913173 0.009496 0.005319
48 0.091942 0.852159 0.019856 0.007822
48 0.159856 0.888924 0.016403 0.015645
48 0.174245 0.871871 0.014676 0.014080
48 0.231223 0.898936 0.022158 0.018773
48 0.261727 0.857478 0.018129 0.014706
48 0.277266 0.867178 0.019856 0.022841
48 0.248633 0.865144 0.017266 0.011264
48 0.257266 0.882666 0.010360 0.008135
48 0.229065 0.875313 0.018417 0.009700
48 0.247050 0.856227 0.010647 0.011577
48 0.240288 0.857165 0.009784 0.007822
48 0.245324 0.847778 0.011799 0.010325
48 0.197842 0.837297 0.014101 0.023154
48 0.188058 0.834794 0.010647 0.011264
48 0.193669 0.846058 0.012086 0.013767
48 0.176978 0.840582 0.013237 0.015332
48 0.230791 0.826971 0.013813 0.010638
48 0.265611 0.825720 0.014388 0.011890
48 0.247914 0.815707 0.011799 0.013141
48 0.267482 0.804756 0.015252 0.018148
48 0.238993 0.776283 0.016403 0.009387
48 0.266331 0.784262 0.008921 0.015332
48 0.262014 0.769243 0.009496 0.017209
48 0.268201 0.767835 0.009209 0.016270
48 0.277554 0.766896 0.016978 0.018773
48 0.235396 0.768304 0.015540 0.009074
48 0.250647 0.764237 0.014388 0.009074
48 0.234101 0.759543 0.018705 0.013454
48 0.183022 0.794900 0.013237 0.006571
48 0.184029 0.800063 0.011223 0.006884
48 0.154101 0.786765 0.023885 0.021589
48 0.135827 0.783792 0.020144 0.023154
48 0.174245 0.810075 0.021583 0.004380
48 0.186187 0.822121 0.007482 0.010951
48 0.172086 0.792240 0.006331 0.010638
48 0.162158 0.815081 0.006043 0.013141
48 0.145324 0.826971 0.012662 0.012516
48 0.155971 0.826033 0.009209 0.012516
48 0.169928 0.803348 0.012374 0.010325
48 0.182014 0.788799 0.011799 0.006884
48 0.174964 0.785982 0.006906 0.005632
48 0.168921 0.790050 0.007482 0.016896
48 0.165036 0.788486 0.010072 0.016270
48 0.138993 0.768773 0.015540 0.008135
48 0.138130 0.743586 0.014388 0.015957
48 0.137122 0.757979 0.014676 0.017209
48 0.145755 0.754068 0.008921 0.009387
48 0.166619 0.741865 0.009209 0.021277
48 0.087338 0.765645 0.013525 0.018773
48 0.122734 0.791458 0.012374 0.039737
48 0.162734 0.773310 0.007194 0.011577
48 0.084317 0.792240 0.009784 0.015645
48 0.094245 0.795839 0.016978 0.005945
48 0.061727 0.755789 0.026187 0.029725
48 0.063309 0.772528 0.024173 0.011890
48 0.069353 0.790363 0.009209 0.011264
48 0.069928 0.784105 0.008058 0.005632
48 0.087770 0.808041 0.011511 0.011577
48 0.061727 0.799437 0.007194 0.006884
48 0.069784 0.799124 0.010647 0.009387
48 0.073094 0.820244 0.006331 0.007196
48 0.073381 0.814456 0.005180 0.005006
48 0.073237 0.826971 0.006619 0.008761
48 0.065324 0.828692 0.009209 0.007822
48 0.168489 0.860294 0.013525 0.007822
48 0.162158 0.865457 0.015252 0.010638
48 0.155108 0.863892 0.010360 0.011264
48 0.152086 0.853254 0.005468 0.010638
48 0.145755 0.846058 0.011799 0.014393
48 0.133669 0.848404 0.008345 0.019712
48 0.095396 0.843242 0.011799 0.011264
48 0.125899 0.850282 0.008345 0.017835
48 0.117122 0.871715 0.012086 0.008135
48 0.143165 0.889237 0.006619 0.012516
48 0.149496 0.887203 0.006043 0.015332
48 0.150935 0.878129 0.010072 0.005945
48 0.152086 0.871715 0.008921 0.005006
48 0.141583 0.872653 0.010360 0.006258
48 0.108921 0.893773 0.005468 0.014706
48 0.120432 0.889393 0.012374 0.005319
48 0.130647 0.881414 0.006906 0.010638
48 0.136691 0.881414 0.005755 0.011264
48 0.115540 0.878442 0.006619 0.007196
48 0.116547 0.844806 0.010935 0.007509
48 0.115827 0.850595 0.012374 0.004693
48 0.116259 0.854975 0.012662 0.006571
48 0.142734 0.878911 0.007482 0.008135
48 0.079137 0.887359 0.008633 0.023154
48 0.096259 0.884387 0.006043 0.004068
48 0.099281 0.916927 0.007482 0.004693
48 0.104317 0.934136 0.015252 0.004693
48 0.072374 0.910826 0.003741 0.006884
48 0.080144 0.923655 0.011223 0.004380
48 0.333237 0.840582 0.022446 0.017209
48 0.329928 0.816802 0.020432 0.010325
48 0.306043 0.796464 0.010647 0.012203
48 0.283741 0.832290 0.018417 0.023154
48 0.329065 0.788016 0.014101 0.015957
48 0.293669 0.759543 0.023885 0.007822
48 0.288058 0.752190 0.010360 0.010638
48 0.297698 0.749687 0.011799 0.012516
48 0.261439 0.752034 0.008921 0.015957
48 0.320432 0.774875 0.012950 0.009700
48 0.355108 0.800845 0.010935 0.010325
48 0.204460 0.727472 0.007194 0.018148
48 0.359712 0.760325 0.019568 0.028160
48 0.355540 0.737484 0.012374 0.016270
48 0.386043 0.763454 0.025036 0.025657
48 0.365324 0.783166 0.021583 0.011890
48 0.399712 0.718085 0.014388 0.016896
48 0.460144 0.720588 0.013237 0.016896
48 0.436115 0.713392 0.013525 0.011890
48 0.524317 0.708073 0.013813 0.018773
48 0.544029 0.662234 0.030216 0.022215
48 0.533669 0.708385 0.007194 0.018773
48 0.377842 0.674280 0.016115 0.024406
48 0.514964 0.687891 0.006619 0.011577
48 0.521007 0.658479 0.015827 0.020338
48 0.534388 0.633917 0.014388 0.026283
48 0.489065 0.630319 0.021583 0.015332
48 0.570360 0.613423 0.016691 0.023467
48 0.584892 0.633917 0.014101 0.023154
48 0.440288 0.605444 0.017266 0.021277
48 0.298993 0.653317 0.007482 0.018148
48 0.392086 0.552253 0.006619 0.018773
48 0.495108 0.548498 0.012950 0.007509
48 0.530647 0.558354 0.012086 0.022841
48 0.627482 0.581821 0.020432 0.017209
48 0.652230 0.583073 0.020432 0.014080
48 0.699281 0.588705 0.023022 0.006571
48 0.336978 0.671151 0.008058 0.016896
48 0.228345 0.613110 0.018705 0.012829
48 0.275683 0.698060 0.009784 0.016270
48 0.219281 0.698373 0.013813 0.010638
48 0.369209 0.652847 0.005180 0.022841
48 0.114101 0.690394 0.007770 0.014706
48 0.144748 0.665676 0.008633 0.009074
48 0.160000 0.713392 0.010935 0.008135
48 0.158129 0.726377 0.004892 0.009074
48 0.164892 0.725595 0.005755 0.009387
48 0.169928 0.718085 0.005468 0.003755
48 0.172230 0.711984 0.006619 0.007822
48 0.177842 0.710732 0.008058 0.008448
48 0.160432 0.719650 0.010072 0.008135
48 0.152662 0.725125 0.007194 0.013454
48 0.144460 0.719806 0.008633 0.009074
48 0.191511 0.709950 0.010647 0.005632
48 0.214676 0.682885 0.009784 0.009074
48 0.099712 0.700876 0.016403 0.006258
48 0.110360 0.715113 0.005468 0.012829
48 0.125468 0.712922 0.008058 0.013454
48 0.096978 0.713079 0.013237 0.005006
48 0.081439 0.717146 0.013237 0.013141
48 0.095540 0.733260 0.008058 0.004068
48 0.110935 0.724656 0.015827 0.006258
48 0.106187 0.686640 0.008058 0.007196
48 0.107338 0.695557 0.006331 0.005632
48 0.097698 0.693836 0.012950 0.008448
48 0.150647 0.738110 0.005468 0.010638
48 0.108777 0.783479 0.006906 0.005006
48 0.104604 0.770025 0.011223 0.010638
48 0.115540 0.788016 0.008921 0.017209
48 0.089353 0.726064 0.008345 0.006571
48 0.088921 0.732009 0.006331 0.007822
48 0.083165 0.748123 0.005755 0.011264
48 0.065755 0.628755 0.015252 0.024093
48 0.764460 0.334637 0.020432 0.012203
48 0.749353 0.338548 0.010360 0.013141
48 0.748489 0.320870 0.006331 0.004693
48 0.647626 0.342616 0.008345 0.011264
48 0.614964 0.344337 0.006331 0.009700
48 0.514101 0.339018 0.010647 0.013454
48 0.505899 0.346527 0.012662 0.016583
48 0.510935 0.355288 0.007194 0.007196
48 0.484604 0.337766 0.014964 0.007822
48 0.413669 0.328379 0.005468 0.005945
48 0.404460 0.337766 0.007194 0.011577
48 0.374245 0.322591 0.014676 0.011264
48 0.195827 0.343867 0.011799 0.015645
48 0.168921 0.355444 0.009209 0.014393
48 0.173813 0.356539 0.002878 0.003442
48 0.172374 0.361702 0.004029 0.007509
48 0.174964 0.367491 0.008058 0.023467
48 0.178417 0.372028 0.004604 0.011264
48 0.207194 0.362797 0.007482 0.010951
48 0.209496 0.369681 0.004029 0.004068
48 0.212086 0.375313 0.005755 0.007822
48 0.246187 0.367804 0.011799 0.008448
48 0.255683 0.370150 0.009496 0.012516
48 0.347770 0.347153 0.007770 0.007822
48 0.575540 0.347935 0.004029 0.005006
48 0.542590 0.368899 0.007194 0.009387
48 0.558273 0.350751 0.007482 0.011264
48 0.524892 0.355288 0.013237 0.011577
48 0.533813 0.357165 0.005755 0.005945
48 0.538705 0.359825 0.010360 0.006258
48 0.537410 0.345745 0.027338 0.024406
48 0.516403 0.361076 0.007770 0.010638
48 0.503597 0.365613 0.010360 0.012829
48 0.498561 0.360607 0.011799 0.011577
48 0.481583 0.364675 0.018705 0.012203
48 0.489928 0.375469 0.023885 0.009387
48 0.475827 0.353098 0.015827 0.007822
48 0.596115 0.366396 0.008345 0.007509
48 0.634101 0.370932 0.007194 0.008448
48 0.747482 0.359043 0.018129 0.025344
48 0.789784 0.364205 0.007770 0.006258
48 0.796835 0.363423 0.007482 0.012829
48 0.806187 0.363267 0.012374 0.016270
48 0.813669 0.368586 0.003741 0.005632
48 0.740863 0.385795 0.007770 0.013767
48 0.751511 0.397997 0.014676 0.008135
48 0.522302 0.375626 0.006331 0.010325
48 0.516259 0.370776 0.008058 0.005632
48 0.514964 0.376564 0.007770 0.005945
48 0.507050 0.375939 0.006906 0.007196
48 0.504173 0.384387 0.008058 0.009074
48 0.510504 0.385482 0.004029 0.007509
48 0.514676 0.383917 0.004892 0.004380
48 0.390072 0.365144 0.008345 0.008135
48 0.402302 0.359199 0.009209 0.009387
48 0.253237 0.388611 0.016115 0.021902
48 0.198705 0.389237 0.015827 0.020651
48 0.160144 0.403630 0.007194 0.005006
48 0.157698 0.396277 0.006331 0.009074
48 0.400432 0.405663 0.007770 0.019712
48 0.740576 0.401596 0.006619 0.015332
48 0.638993 0.416458 0.004892 0.006258
48 0.653094 0.416615 0.012950 0.012203
48 0.539712 0.394712 0.002590 0.004068
48 0.535827 0.393930 0.005180 0.006884
48 0.530360 0.393148 0.003453 0.004693
48 0.525899 0.401283 0.010072 0.004068
48 0.509640 0.392991 0.003453 0.005632
48 0.509928 0.399875 0.003453 0.007509
48 0.502878 0.398623 0.010072 0.011264
48 0.518129 0.406602 0.012374 0.004068
48 0.500863 0.411921 0.008921 0.011577
48 0.471655 0.402222 0.013813 0.008448
48 0.323741 0.020807 0.014964 0.017835
48 0.302734 0.040989 0.006331 0.006258
48 0.305324 0.047716 0.004029 0.005319
48 0.015540 0.028630 0.006331 0.009074
48 0.012950 0.039268 0.006906 0.005945
48 0.026187 0.026909 0.006331 0.008761
48 0.185324 0.027847 0.006331 0.017522
48 0.381871 0.016270 0.013237 0.005006
48 0.382734 0.022528 0.012086 0.006258
48 0.381151 0.028942 0.006043 0.004693
48 0.395108 0.017053 0.010360 0.010951
48 0.395252 0.028786 0.009496 0.011264
48 0.408633 0.024562 0.016115 0.024093
48 0.423741 0.025188 0.015252 0.025344
48 0.434676 0.020651 0.006043 0.010013
48 0.435396 0.032854 0.006906 0.014393
48 0.444173 0.042710 0.006619 0.003442
48 0.444748 0.025814 0.009496 0.027847
48 0.460863 0.017053 0.017554 0.017209
48 0.475971 0.022841 0.011511 0.013141
48 0.489065 0.026439 0.014676 0.014706
48 0.481151 0.040363 0.008058 0.016896
48 0.457266 0.043023 0.015540 0.016583
48 0.471079 0.040989 0.013237 0.020651
48 0.497266 0.043805 0.014388 0.016270
48 0.508921 0.046464 0.006043 0.003442
48 0.509640 0.049437 0.010935 0.004380
48 0.512518 0.043023 0.010360 0.010951
48 0.531655 0.012672 0.008921 0.005945
48 0.524173 0.014393 0.005468 0.003755
48 0.528921 0.040519 0.014964 0.005319
48 0.532518 0.049593 0.005468 0.005319
48 0.527050 0.051940 0.007194 0.011264
48 0.519424 0.052096 0.008633 0.005945
48 0.544748 0.016114 0.006906 0.010325
48 0.545468 0.025344 0.009496 0.003755
48 0.555971 0.027065 0.006906 0.004068
48 0.550935 0.018773 0.006619 0.008761
48 0.563165 0.015488 0.006331 0.004068
48 0.562302 0.023154 0.007482 0.010638
48 0.550647 0.044900 0.022158 0.028473
48 0.567050 0.048342 0.014101 0.012829
48 0.573094 0.030194 0.017554 0.024093
48 0.579712 0.055069 0.009496 0.015019
48 0.590791 0.012516 0.008633 0.008135
48 0.582446 0.040519 0.005180 0.009700
48 0.609496 0.032854 0.015540 0.015645
48 0.594101 0.044118 0.010072 0.016896
48 0.592518 0.056008 0.014388 0.010638
48 0.623453 0.037703 0.012374 0.009074
48 0.602158 0.048185 0.007194 0.025657
48 0.617266 0.053348 0.006906 0.007196
48 0.625755 0.056008 0.006043 0.005632
48 0.646475 0.010951 0.010647 0.011890
48 0.635971 0.054756 0.006906 0.005006
48 0.658273 0.049593 0.011799 0.020964
48 0.667626 0.048342 0.011511 0.020964
48 0.698129 0.038173 0.010935 0.005006
48 0.528345 0.481070 0.003453 0.006571
48 0.527338 0.487954 0.003741 0.006571
48 0.522302 0.489987 0.006331 0.003129
48 0.805324 0.043648 0.003741 0.005319
48 0.807050 0.047716 0.006043 0.004693
48 0.814245 0.049280 0.007770 0.005945
48 0.818993 0.038798 0.006331 0.013767
48 0.843453 0.015801 0.013237 0.005945
48 0.837410 0.020494 0.004604 0.003442
48 0.844892 0.022841 0.014388 0.006884
48 0.844029 0.029412 0.006906 0.005006
48 0.937842 0.004068 0.010935 0.004380
48 0.938849 0.008761 0.011799 0.004380
48 0.957266 0.015332 0.015827 0.013141
48 0.936978 0.031133 0.009209 0.012829
48 0.958130 0.040989 0.007770 0.006258
48 0.968489 0.044118 0.011799 0.011264
48 0.949496 0.058354 0.009496 0.009074
48 0.943309 0.057416 0.002878 0.003442
48 0.879281 0.057259 0.010647 0.003755
48 0.868489 0.058041 0.009784 0.007196
48 0.866763 0.066176 0.014388 0.004693
48 0.869209 0.071496 0.006043 0.004068
48 0.844892 0.043648 0.007482 0.004693
48 0.841439 0.049437 0.003453 0.005632
48 0.842734 0.057103 0.004317 0.004068
48 0.836978 0.053974 0.004317 0.003442
48 0.837410 0.061170 0.004604 0.007822
48 0.844173 0.063986 0.004892 0.007822
48 0.786475 0.063673 0.017842 0.015332
48 0.835396 0.076971 0.013237 0.009387
48 0.808777 0.066489 0.004317 0.003442
48 0.816547 0.063517 0.006619 0.016896
48 0.824460 0.073686 0.005180 0.005319
48 0.837986 0.084168 0.006331 0.004380
48 0.826475 0.090582 0.005180 0.006571
48 0.819281 0.090269 0.009209 0.021589
48 0.839856 0.098091 0.011223 0.012829
48 0.829065 0.098248 0.006906 0.004380
48 0.891223 0.098248 0.012086 0.008135
48 0.875827 0.095745 0.006619 0.014393
48 0.853957 0.087610 0.004892 0.006884
48 0.864892 0.096370 0.012374 0.010638
48 0.786475 0.090113 0.006331 0.013141
48 0.801439 0.091521 0.023597 0.010325
48 0.756835 0.100907 0.012086 0.014080
48 0.751223 0.109668 0.006619 0.007196
48 0.722014 0.079631 0.008633 0.009074
48 0.734101 0.090895 0.004029 0.009700
48 0.742158 0.092616 0.012662 0.009387
48 0.719712 0.089174 0.008633 0.010013
48 0.707914 0.072434 0.018417 0.010951
48 0.731079 0.081195 0.010647 0.006571
48 0.727194 0.090895 0.006906 0.007196
48 0.692950 0.068836 0.008058 0.007509
48 0.676115 0.068836 0.018705 0.013141
48 0.661295 0.069775 0.004029 0.005006
48 0.661727 0.064456 0.006619 0.005006
48 0.636835 0.070557 0.017266 0.013454
48 0.646619 0.085889 0.011511 0.032228
48 0.614964 0.086202 0.018993 0.037234
48 0.599568 0.073060 0.009496 0.008448
48 0.600144 0.080726 0.010072 0.005632
48 0.603165 0.087453 0.005180 0.005945
48 0.597266 0.089174 0.005468 0.007509
48 0.588489 0.090582 0.011511 0.029725
48 0.579281 0.077284 0.004604 0.014393
48 0.566187 0.084793 0.006043 0.008761
48 0.570360 0.075563 0.011511 0.013454
48 0.574676 0.088705 0.014964 0.010325
48 0.563741 0.092772 0.005755 0.005945
48 0.560000 0.086514 0.005180 0.014080
48 0.560576 0.073999 0.006331 0.010325
48 0.544604 0.081508 0.004317 0.005945
48 0.549209 0.073686 0.015252 0.010325
48 0.538561 0.068367 0.004892 0.005319
48 0.531942 0.068210 0.007770 0.005632
48 0.512950 0.071026 0.021007 0.020025
48 0.493094 0.063673 0.018129 0.017835
48 0.477842 0.059919 0.012374 0.011577
48 0.481007 0.075407 0.014676 0.018148
48 0.486043 0.086984 0.013813 0.012516
48 0.508201 0.090738 0.006331 0.009387
48 0.513813 0.091990 0.003741 0.006884
48 0.522446 0.090113 0.015827 0.010638
48 0.527482 0.099030 0.010935 0.007196
48 0.539568 0.094337 0.005755 0.007822
48 0.544604 0.103567 0.008921 0.008135
48 0.462878 0.058354 0.012374 0.009074
48 0.463453 0.069775 0.014101 0.013767
48 0.449353 0.060544 0.015252 0.015332
48 0.443741 0.072278 0.007482 0.011264
48 0.453381 0.073529 0.010647 0.010013
48 0.467482 0.086045 0.013525 0.015019
48 0.450216 0.083542 0.019281 0.010638
48 0.445468 0.091051 0.014388 0.010013
48 0.470072 0.099186 0.019281 0.011890
48 0.430647 0.069775 0.011799 0.007509
48 0.435108 0.065081 0.004604 0.003755
48 0.434676 0.054912 0.010072 0.010325
48 0.423165 0.054443 0.013525 0.014393
48 0.411079 0.050063 0.013525 0.012516
48 0.402590 0.053974 0.004604 0.004693
48 0.392086 0.051314 0.004892 0.004380
48 0.396691 0.044900 0.011223 0.009700
48 0.384604 0.044743 0.012374 0.010013
48 0.383741 0.055538 0.010647 0.010325
48 0.385180 0.066959 0.008921 0.010013
48 0.403453 0.076971 0.013237 0.012516
48 0.369065 0.057728 0.006043 0.005945
48 0.373381 0.054443 0.008921 0.011264
48 0.367338 0.048655 0.003165 0.005319
48 0.372374 0.041615 0.011511 0.011264
48 0.346763 0.038955 0.010360 0.007822
48 0.359424 0.050219 0.013237 0.026596
48 0.374676 0.068992 0.010360 0.011577
48 0.376259 0.078536 0.006043 0.005632
48 0.375971 0.084637 0.006619 0.005945
48 0.361439 0.068680 0.005180 0.007822
48 0.355971 0.067897 0.005180 0.007509
48 0.346763 0.059762 0.009784 0.011264
48 0.330791 0.048811 0.018129 0.018148
48 0.315396 0.040519 0.010935 0.009700
48 0.347770 0.071496 0.012374 0.010325
48 0.328345 0.063360 0.029353 0.014080
48 0.321727 0.072747 0.015540 0.009074
48 0.337410 0.078066 0.007770 0.006571
48 0.320144 0.081821 0.019856 0.011577
48 0.299137 0.077441 0.016978 0.007196
48 0.023885 0.091521 0.016691 0.013454
48 0.288921 0.086358 0.010360 0.008761
48 0.337266 0.094806 0.010935 0.011264
48 0.330360 0.089956 0.004604 0.014080
48 0.381007 0.089174 0.009209 0.004380
48 0.388058 0.095901 0.006619 0.007196
48 0.916835 0.092616 0.012662 0.013141
48 0.400576 0.091677 0.010360 0.011890
48 0.931655 0.098091 0.004317 0.004693
48 0.960432 0.097309 0.011799 0.005006
48 0.964460 0.112484 0.008921 0.008448
48 0.954676 0.112171 0.004892 0.007822
48 0.948345 0.112015 0.007194 0.014393
48 0.940576 0.112171 0.007770 0.012829
48 0.933094 0.116395 0.006619 0.009387
48 0.918273 0.113579 0.007482 0.011264
48 0.907914 0.115300 0.017266 0.012203
48 0.797986 0.120776 0.023597 0.011264
48 0.778417 0.116395 0.007482 0.005632
48 0.780576 0.125313 0.005468 0.009074
48 0.773237 0.125939 0.004604 0.007196
48 0.769209 0.127972 0.004029 0.006884
48 0.761439 0.128911 0.006906 0.007509
48 0.747914 0.118116 0.006906 0.005945
48 0.738129 0.103098 0.015540 0.014706
48 0.727626 0.099656 0.005468 0.009074
48 0.721439 0.112015 0.007482 0.009387
48 0.727338 0.117647 0.006043 0.008135
48 0.732518 0.118429 0.005468 0.007822
48 0.741151 0.114205 0.005468 0.006258
48 0.749353 0.123905 0.010935 0.004380
48 0.750072 0.131258 0.018129 0.007196
48 0.744748 0.136108 0.004029 0.002503
48 0.705468 0.095901 0.011223 0.011577
48 0.691079 0.094337 0.016403 0.009700
48 0.675252 0.095275 0.012950 0.009074
48 0.687626 0.111076 0.007194 0.015019
48 0.677554 0.121715 0.015252 0.006884
48 0.654532 0.122028 0.006043 0.005632
48 0.643165 0.121402 0.013813 0.021902
48 0.634820 0.104819 0.023597 0.019399
48 0.614820 0.110607 0.016403 0.012829
48 0.583022 0.113267 0.014964 0.003755
48 0.597986 0.121245 0.009784 0.009074
48 0.567770 0.119055 0.005180 0.003442
48 0.554964 0.119212 0.014676 0.004380
48 0.512374 0.101533 0.006619 0.005945
48 0.504317 0.106539 0.003741 0.005319
48 0.511079 0.118116 0.007482 0.010325
48 0.499712 0.117960 0.011799 0.011890
48 0.467482 0.109981 0.026187 0.010325
48 0.477698 0.119524 0.016115 0.015019
48 0.439137 0.101377 0.018993 0.013141
48 0.427050 0.111233 0.013813 0.014080
48 0.438417 0.118116 0.018705 0.018461
48 0.424604 0.122966 0.007770 0.008135
48 0.417986 0.119368 0.009496 0.009700
48 0.413381 0.115144 0.008345 0.008135
48 0.397410 0.106696 0.007482 0.012516
48 0.390072 0.110920 0.004892 0.005319
48 0.398705 0.120620 0.006619 0.007822
48 0.299281 0.087140 0.008633 0.009074
48 0.309496 0.105131 0.011223 0.009387
48 0.287914 0.099969 0.023885 0.015332
48 0.277986 0.111859 0.012086 0.007196
48 0.279568 0.121402 0.004317 0.006258
48 0.293957 0.113267 0.014101 0.004380
48 0.270647 0.121715 0.006043 0.005632
48 0.268921 0.128911 0.011223 0.005632
48 0.267338 0.135325 0.008633 0.005945
48 0.261151 0.135638 0.002590 0.004068
48 0.259856 0.139393 0.002302 0.003442
48 0.264317 0.144243 0.017554 0.013141
48 0.297266 0.140175 0.016691 0.018148
48 0.328489 0.128129 0.008345 0.009074
48 0.336691 0.125313 0.010935 0.009700
48 0.324892 0.144243 0.019568 0.018773
48 0.340863 0.137829 0.014101 0.014080
48 0.401870 0.125313 0.008345 0.007822
48 0.404748 0.130319 0.006043 0.004693
48 0.398705 0.135482 0.018705 0.016896
48 0.414532 0.132979 0.007194 0.008135
48 0.469209 0.131884 0.014101 0.015332
48 0.521439 0.134543 0.014964 0.016270
48 0.542446 0.128911 0.005180 0.010638
48 0.549496 0.127347 0.007770 0.007509
48 0.609209 0.124687 0.012662 0.013454
48 0.556835 0.131101 0.006331 0.012516
48 0.562878 0.126252 0.002878 0.003442
48 0.563741 0.131884 0.004604 0.005319
48 0.853813 0.096840 0.006331 0.010325
48 0.983741 0.144086 0.006619 0.015332
48 0.976835 0.143930 0.007770 0.014393
48 0.970072 0.145807 0.006906 0.017522
48 0.965324 0.145025 0.004317 0.014080
48 0.917410 0.155194 0.005180 0.006884
48 0.911223 0.128129 0.025612 0.016583
48 0.911511 0.143773 0.008921 0.005319
48 0.854388 0.132197 0.024748 0.016583
48 0.842158 0.158166 0.005468 0.019086
48 0.807194 0.137359 0.014964 0.018773
48 0.793957 0.138141 0.011511 0.009700
48 0.795108 0.148780 0.012086 0.014080
48 0.809640 0.152847 0.010647 0.007822
48 0.749496 0.139237 0.026763 0.006258
48 0.744604 0.147215 0.007770 0.005319
48 0.699856 0.150501 0.014964 0.013767
48 0.717842 0.140645 0.015252 0.010951
48 0.531942 0.157071 0.018129 0.006884
48 0.631799 0.137672 0.010072 0.009387
48 0.631942 0.131101 0.005755 0.004380
48 0.635971 0.147997 0.012662 0.011890
48 0.545899 0.141583 0.011511 0.006571
48 0.457410 0.141427 0.012950 0.007509
48 0.435827 0.142365 0.006043 0.007509
48 0.442590 0.144556 0.008633 0.005632
48 0.062734 0.148623 0.036259 0.045682
48 0.473957 0.406602 0.013813 0.007822
48 0.400144 0.370463 0.006619 0.010013
48 0.446331 0.426314 0.015540 0.010951
48 0.488489 0.428661 0.010647 0.015019
48 0.476835 0.430069 0.013813 0.009700
48 0.570791 0.430382 0.014101 0.011577
48 0.777554 0.442897 0.004029 0.006571
48 0.776115 0.447591 0.009209 0.003442
48 0.448201 0.446183 0.007770 0.022528
48 0.430360 0.440707 0.023885 0.009074
48 0.426619 0.447747 0.006619 0.003129
48 0.430504 0.450563 0.026475 0.014393
48 0.344173 0.464018 0.003453 0.005006
48 0.370072 0.440551 0.003453 0.009387
48 0.380000 0.441489 0.012950 0.005006
48 0.378561 0.448999 0.013525 0.004380
48 0.377698 0.454005 0.013525 0.006884
48 0.372662 0.462453 0.005180 0.013767
48 0.379281 0.462922 0.006906 0.009700
48 0.385324 0.460732 0.008058 0.017209
48 0.618993 0.458073 0.004604 0.009387
48 0.607770 0.468554 0.010360 0.010951
48 0.654245 0.455569 0.011799 0.016270
48 0.669784 0.462140 0.014676 0.003755
48 0.707338 0.458855 0.016691 0.024093
48 0.382590 0.164737 0.013525 0.011577
48 0.332518 0.170213 0.010072 0.013767
48 0.492086 0.167397 0.014388 0.011264
48 0.469065 0.176001 0.012086 0.014080
48 0.638417 0.165676 0.005468 0.003442
48 0.645899 0.168805 0.004892 0.008448
48 0.632518 0.172559 0.004604 0.008448
48 0.660719 0.175219 0.005180 0.006884
48 0.971223 0.163486 0.020719 0.015332
48 0.979424 0.178504 0.010072 0.017835
48 0.926906 0.192897 0.023022 0.014706
48 0.859281 0.179130 0.014964 0.010951
48 0.798273 0.166771 0.012086 0.007509
48 0.745324 0.167710 0.010360 0.011890
48 0.728921 0.169743 0.016115 0.022215
48 0.715683 0.171934 0.011511 0.018461
48 0.706906 0.181164 0.006619 0.005006
48 0.697266 0.186640 0.007482 0.004693
48 0.699281 0.195088 0.006331 0.013454
48 0.689640 0.192897 0.007770 0.017209
48 0.677266 0.187109 0.015827 0.027534
48 0.650360 0.197121 0.006331 0.014393
48 0.606187 0.175688 0.014101 0.008448
48 0.603597 0.184293 0.004317 0.007509
48 0.598561 0.197121 0.013237 0.010638
48 0.534245 0.171308 0.007194 0.006571
48 0.494388 0.182259 0.004029 0.008448
48 0.488058 0.188360 0.012662 0.003755
48 0.287770 0.196026 0.013237 0.010325
48 0.504892 0.192272 0.009496 0.006571
48 0.503741 0.204318 0.010072 0.006884
48 0.502158 0.211202 0.016115 0.006884
48 0.764317 0.181164 0.008633 0.007509
48 0.780576 0.171621 0.008345 0.007196
48 0.955827 0.193210 0.017554 0.007822
48 0.866619 0.210576 0.004892 0.020025
48 0.859281 0.209950 0.006331 0.021277
48 0.800719 0.192115 0.009496 0.008761
48 0.822590 0.220588 0.015827 0.005632
48 0.813669 0.226220 0.009496 0.006258
48 0.809640 0.221840 0.007770 0.005632
48 0.796403 0.211514 0.012374 0.015645
48 0.767050 0.191802 0.008921 0.013141
48 0.761007 0.206508 0.007194 0.005006
48 0.764173 0.211671 0.007770 0.004693
48 0.777698 0.210263 0.018705 0.011264
48 0.727194 0.192584 0.004029 0.004068
48 0.732662 0.206039 0.010360 0.007196
48 0.737986 0.199312 0.016978 0.015019
48 0.707050 0.222466 0.015540 0.018773
48 0.585899 0.227941 0.014964 0.014080
48 0.416978 0.208855 0.005755 0.005319
48 0.429928 0.206977 0.008633 0.004693
48 0.444892 0.206977 0.004029 0.004068
48 0.448633 0.211358 0.009209 0.004693
48 0.435108 0.213548 0.009784 0.006571
48 0.431799 0.217146 0.011223 0.009387
48 0.446619 0.216990 0.012086 0.005945
48 0.445899 0.223091 0.007194 0.006884
48 0.441151 0.228411 0.011511 0.010638
48 0.339856 0.225907 0.011511 0.011264
48 0.216259 0.243116 0.013525 0.014393
48 0.284460 0.234043 0.018705 0.025031
48 0.301583 0.232947 0.006906 0.005945
48 0.310216 0.224969 0.012086 0.008135
48 0.310791 0.243429 0.013237 0.013141
48 0.325899 0.237641 0.008345 0.007196
48 0.737554 0.217146 0.021295 0.008761
48 0.745468 0.225125 0.007770 0.007822
48 0.746043 0.236546 0.011799 0.013767
48 0.798417 0.237484 0.006043 0.006258
48 0.832806 0.237797 0.008058 0.006884
48 0.950791 0.239675 0.018993 0.013767
48 0.953669 0.258604 0.010935 0.009700
48 0.878129 0.248592 0.016403 0.011577
48 0.956691 0.271277 0.015827 0.010013
48 0.824748 0.270494 0.004604 0.012829
48 0.819568 0.263924 0.003453 0.005945
48 0.804029 0.266896 0.010935 0.005632
48 0.799856 0.255163 0.004317 0.005319
48 0.719137 0.249374 0.025324 0.015019
48 0.648489 0.260951 0.013525 0.013141
48 0.652230 0.270651 0.010647 0.007509
48 0.637122 0.276909 0.014964 0.005006
48 0.620432 0.275657 0.013237 0.020025
48 0.617698 0.253285 0.008345 0.016583
48 0.605324 0.254850 0.016403 0.014706
48 0.439856 0.238892 0.011799 0.005319
48 0.340719 0.249061 0.008058 0.009387
48 0.221151 0.254380 0.003741 0.004380
48 0.216691 0.256727 0.009209 0.010325
48 0.217554 0.267053 0.007482 0.006571
48 0.218849 0.272997 0.005468 0.006571
48 0.223022 0.270494 0.006331 0.007196
48 0.354101 0.277691 0.011223 0.013454
48 0.485036 0.280507 0.016403 0.014706
48 0.518417 0.251721 0.004892 0.004068
48 0.514245 0.247966 0.009784 0.004693
48 0.580432 0.274562 0.011511 0.008448
48 0.729496 0.271433 0.014388 0.029099
48 0.742158 0.263767 0.013237 0.013141
48 0.762158 0.276909 0.009496 0.006884
48 0.753381 0.308354 0.020144 0.009700
48 0.718561 0.306164 0.013237 0.013454
48 0.644604 0.286452 0.005755 0.009700
48 0.618417 0.296934 0.003453 0.003755
48 0.627626 0.296621 0.005755 0.011264
48 0.621439 0.291615 0.007770 0.005006
48 0.611942 0.294274 0.009496 0.014080
48 0.599281 0.287703 0.008921 0.004068
48 0.587194 0.287391 0.007770 0.006571
48 0.316403 0.921934 0.014101 0.004068
48 0.292518 0.970745 0.007194 0.011577
48 0.268345 0.356383 0.012950 0.015645
48 0.587050 0.153942 0.018993 0.029412
48 0.185755 0.394869 0.012374 0.026283
48 0.344317 0.296777 0.027338 0.019086
48 0.366331 0.087766 0.018993 0.014706
48 0.495971 0.157228 0.011223 0.013454
48 0.145755 0.421934 0.011799 0.017209
48 0.218417 0.938517 0.006331 0.013454
48 0.414820 0.984043 0.026763 0.014393
48 0.539568 0.293023 0.016691 0.019712
48 0.473957 0.245620 0.018417 0.020651
48 0.438273 0.306320 0.023597 0.024406
48 0.372518 0.397685 0.027338 0.015019
48 0.082734 0.731852 0.008345 0.015019
48 0.129496 0.960576 0.010935 0.006258
48 0.401583 0.926471 0.016403 0.031289
48 0.726331 0.344806 0.012662 0.018148
48 0.510935 0.136421 0.016403 0.016270
48 0.193669 0.363736 0.009784 0.022841
48 0.220863 0.306008 0.019281 0.020651
48 0.133813 0.925063 0.011511 0.014080
48 0.384173 0.950876 0.015540 0.021902
48 0.452518 0.131101 0.018129 0.013141
48 0.248777 0.314768 0.012950 0.018148
48 0.257554 0.985920 0.008058 0.015019
48 0.430504 0.975595 0.026475 0.016896
48 0.553381 0.363267 0.016115 0.013767
48 0.247914 0.344962 0.018129 0.013454
48 0.351942 0.534105 0.025324 0.016896
48 0.159281 0.911452 0.018129 0.031915
48 0.096978 0.726377 0.008633 0.007822
48 0.122302 0.827910 0.008058 0.025657
48 0.181295 0.917866 0.005180 0.009700
48 0.084317 0.960732 0.010360 0.009700
48 0.330072 0.271902 0.019568 0.015645
48 0.228345 0.370150 0.020432 0.021902
48 0.281727 0.781602 0.018417 0.020651
48 0.106619 0.863423 0.008921 0.021589
48 0.164173 0.870307 0.007770 0.004068
48 0.157410 0.954005 0.010360 0.010638
48 0.565324 0.333229 0.017554 0.023154
48 0.313813 0.281602 0.016403 0.015019
48 0.263022 0.934919 0.018417 0.020025
48 0.136115 0.821496 0.021295 0.044743
48 0.095540 0.926471 0.005180 0.006258
48 0.104748 0.943367 0.012662 0.005632
48 0.223885 0.929912 0.018993 0.010013
48 0.334532 0.917710 0.015827 0.013767
48 0.371223 0.352315 0.016115 0.017522
48 0.550791 0.179287 0.015540 0.008761
48 0.179568 0.737641 0.017266 0.014080
48 0.130216 0.892991 0.007194 0.011264
48 0.317410 0.926784 0.012662 0.005006
48 0.307482 0.266427 0.014676 0.015332
48 0.275827 0.750782 0.010647 0.021589
48 0.136978 0.890645 0.005755 0.009700
48 0.190935 0.946809 0.006619 0.016270
48 0.736115 0.344180 0.010935 0.018148
48 0.345180 0.198217 0.018705 0.015332
48 0.146763 0.943210 0.008058 0.008448
48 0.594245 0.166615 0.017266 0.015332
48 0.210216 0.906602 0.005468 0.009700
48 0.427050 0.174593 0.019568 0.018773
48 0.468201 0.317897 0.032806 0.035670
48 0.151367 0.766583 0.010935 0.024406
48 0.106475 0.880006 0.004604 0.011577
48 0.212374 0.955413 0.014388 0.005945
48 0.637410 0.267053 0.016691 0.014706
48 0.455108 0.400031 0.015252 0.012829
48 0.102590 0.728723 0.002590 0.010013
48 0.077410 0.912703 0.006331 0.007509
48 0.408201 0.223561 0.010647 0.009074
48 0.082878 0.951033 0.010360 0.011577
48 0.369784 0.982947 0.009209 0.011577
48 0.510647 0.255006 0.040576 0.013767
48 0.632662 0.250782 0.021583 0.021589
48 0.637698 0.201345 0.017842 0.021589
48 0.542158 0.311483 0.016115 0.016583
48 0.173813 0.395807 0.008633 0.025031
48 0.326475 0.561483 0.024460 0.017835
48 0.163309 0.960419 0.007194 0.009074
48 0.302158 0.974969 0.007482 0.018148
48 0.622590 0.324155 0.014676 0.013141
48 0.526043 0.217929 0.019568 0.015957
48 0.331942 0.532384 0.022734 0.017835
48 0.360000 0.981696 0.010360 0.012203
48 0.350791 0.990926 0.008633 0.006884
48 0.416115 0.929756 0.016691 0.016583
48 0.427194 0.417866 0.019281 0.019086
48 0.390935 0.354819 0.010647 0.012516
48 0.516259 0.267053 0.025324 0.010951
48 0.510072 0.508135 0.014676 0.018773
48 0.262734 0.915050 0.025324 0.024718
48 0.388058 0.928504 0.013525 0.015957
48 0.352374 0.327597 0.013525 0.013141
48 0.550791 0.156133 0.017266 0.008135
48 0.333094 0.825563 0.015252 0.015332
48 0.197554 0.795056 0.008345 0.022528
48 0.233669 0.932572 0.007482 0.012829
48 0.074388 0.918179 0.004892 0.008448
48 0.207050 0.964800 0.005468 0.012829
48 0.466331 0.209637 0.016978 0.016896
48 0.462302 0.267835 0.021583 0.016270
48 0.429496 0.227315 0.010647 0.010951
48 0.495827 0.134387 0.011511 0.020964
48 0.200000 0.961827 0.009784 0.010638
48 0.206475 0.923498 0.010072 0.009700
48 0.279424 0.913799 0.013237 0.017835
48 0.427626 0.086045 0.017842 0.016270
48 0.648777 0.224030 0.014676 0.022528
48 0.144748 0.861233 0.014388 0.017209
48 0.570504 0.254224 0.018129 0.018461
48 0.584892 0.368116 0.016403 0.014080
48 0.618561 0.201658 0.022734 0.019712
48 0.500288 0.091677 0.014676 0.019399
48 0.111079 0.878598 0.004604 0.008761
48 0.409065 0.189143 0.011799 0.010951
48 0.192662 0.742960 0.012950 0.014706
48 0.620000 0.231696 0.015252 0.025970
48 0.651799 0.156446 0.014388 0.017522
48 0.208777 0.337297 0.015827 0.016270
48 0.175108 0.951971 0.017554 0.015957
48 0.180863 0.929912 0.014676 0.013141
48 0.083165 0.930695 0.008633 0.011577
48 0.589640 0.256258 0.018417 0.021902
48 0.362158 0.273936 0.007770 0.014706
48 0.238129 0.820244 0.014676 0.022841
48 0.127482 0.969337 0.005755 0.010638
48 0.121727 0.913799 0.004604 0.005319
48 0.448345 0.259543 0.014388 0.019712
48 0.473094 0.347153 0.016115 0.009700
48 0.320863 0.615926 0.016115 0.018461
48 0.230216 0.918023 0.012662 0.017522
48 0.216259 0.909262 0.007194 0.013141
48 0.199424 0.936483 0.008058 0.007509
48 0.560432 0.284105 0.014676 0.016270
48 0.605755 0.237171 0.019568 0.033166
48 0.183453 0.332447 0.015827 0.012829
48 0.247770 0.329005 0.026475 0.012829
48 0.258705 0.809449 0.018417 0.024406
48 0.268921 0.990457 0.011223 0.009700
48 0.253094 0.945400 0.006619 0.010325
48 0.140000 0.981070 0.017554 0.007196
48 0.100000 0.926314 0.004317 0.005945
48 0.362878 0.225594 0.023597 0.021902
48 0.096115 0.865144 0.016691 0.011890
48 0.225612 0.939456 0.008058 0.012203
48 0.239424 0.940081 0.011511 0.010325
48 0.513957 0.488892 0.006331 0.009074
48 0.376259 0.497653 0.005468 0.014080
48 0.384892 0.493116 0.021583 0.005006
48 0.047770 0.547090 0.012086 0.020338
48 0.094532 0.509543 0.006043 0.005945
48 0.356403 0.553035 0.008345 0.005945
48 0.565036 0.530976 0.008921 0.011890
48 0.168921 0.561640 0.009784 0.003755
48 0.175540 0.580726 0.007482 0.037547
48 0.167770 0.598091 0.008058 0.003442
48 0.858561 0.586514 0.008921 0.005945
48 0.302158 0.600438 0.009209 0.029412
48 0.265755 0.596527 0.007194 0.006571
48 0.522158 0.623592 0.011223 0.005632
48 0.801727 0.650501 0.004604 0.015019
48 0.807770 0.650344 0.004029 0.014080
48 0.093237 0.635013 0.036259 0.014080
48 0.319568 0.655820 0.015827 0.009387
48 0.316403 0.640957 0.008921 0.010325
48 0.663022 0.659418 0.006331 0.005319
48 0.663022 0.668179 0.006331 0.009700
48 0.661727 0.680225 0.005468 0.012516
48 0.674245 0.681320 0.005755 0.005319
48 0.681007 0.689456 0.004892 0.009700
48 0.675971 0.691176 0.002878 0.007509
48 0.672374 0.693054 0.007194 0.009387
48 0.621871 0.679756 0.007482 0.005945
48 0.628921 0.686796 0.006619 0.018773
48 0.592086 0.686014 0.006619 0.022215
48 0.322878 0.673498 0.005755 0.014706
48 0.094964 0.676001 0.010935 0.007196
48 0.091367 0.664737 0.006619 0.009074
48 0.062014 0.699155 0.004317 0.004693
48 0.082158 0.705413 0.007194 0.007822
48 0.099137 0.720432 0.006619 0.004068
48 0.211942 0.720745 0.007770 0.005945
48 0.270647 0.719493 0.006043 0.004693
48 0.259856 0.721214 0.007482 0.006258
48 0.316978 0.701502 0.014101 0.005632
48 0.537986 0.711984 0.003165 0.010951
48 0.542878 0.708073 0.003741 0.005632
48 0.591079 0.703692 0.003453 0.003129
48 0.588633 0.707760 0.008345 0.003755
48 0.606906 0.705413 0.005180 0.004068
48 0.615396 0.706039 0.010647 0.004693
48 0.623022 0.713079 0.006331 0.016270
48 0.629784 0.711984 0.006043 0.012829
48 0.584892 0.716208 0.016403 0.008761
48 0.647194 0.716208 0.005180 0.008761
48 0.654101 0.710732 0.005180 0.006571
48 0.661583 0.710732 0.006906 0.007196
48 0.664604 0.700876 0.010647 0.010638
48 0.766619 0.732635 0.016115 0.009074
48 0.695108 0.739987 0.004892 0.006258
48 0.581583 0.725751 0.005180 0.009074
48 0.620432 0.726533 0.004029 0.003129
48 0.614964 0.727628 0.008633 0.004693
48 0.597410 0.721840 0.011511 0.006884
48 0.601007 0.726064 0.005468 0.003442
48 0.593669 0.727472 0.008058 0.004380
48 0.605180 0.719180 0.006331 0.011577
48 0.612518 0.724343 0.007194 0.004380
48 0.618705 0.718867 0.004029 0.011577
48 0.574964 0.734825 0.004604 0.005945
48 0.577842 0.740144 0.005180 0.009074
48 0.583309 0.745150 0.005180 0.005319
48 0.590935 0.745932 0.005468 0.003755
48 0.591799 0.738579 0.007770 0.015957
48 0.598849 0.737015 0.004029 0.014080
48 0.600576 0.747497 0.006331 0.005006
48 0.602734 0.735607 0.003165 0.013141
48 0.608345 0.738423 0.007482 0.005632
48 0.606906 0.731070 0.006331 0.008448
48 0.537266 0.727003 0.008633 0.012829
48 0.516115 0.716990 0.005468 0.006571
48 0.512950 0.724343 0.005468 0.016896
48 0.493094 0.729036 0.004317 0.004380
48 0.394964 0.739675 0.004317 0.013767
48 0.121007 0.742021 0.008345 0.009074
48 0.266906 0.750000 0.004892 0.005632
48 0.294101 0.765957 0.022446 0.004380
48 0.316978 0.768461 0.016403 0.007509
48 0.313381 0.752972 0.010935 0.023467
48 0.692662 0.757353 0.005180 0.004693
48 0.688489 0.746089 0.010647 0.014706
48 0.733381 0.768304 0.004317 0.008448
48 0.965899 0.756101 0.007770 0.013454
48 0.993381 0.778942 0.012086 0.015332
48 0.932662 0.786921 0.004029 0.008135
48 0.936978 0.788486 0.004604 0.009387
48 0.906331 0.785670 0.003741 0.007509
48 0.752230 0.785044 0.007482 0.006884
48 0.729784 0.780194 0.010935 0.006571
48 0.352806 0.790989 0.007482 0.007509
48 0.373669 0.792240 0.004892 0.006258
48 0.367770 0.793179 0.005180 0.005006
48 0.336547 0.772059 0.018129 0.012829
48 0.334820 0.799437 0.007194 0.015019
48 0.345324 0.803504 0.007482 0.009387
48 0.345755 0.811327 0.008921 0.005006
48 0.347194 0.818210 0.004892 0.007509
48 0.370504 0.799280 0.012374 0.006571
48 0.382878 0.805695 0.006619 0.009387
48 0.395827 0.804600 0.007194 0.012829
48 0.420576 0.806790 0.004317 0.006571
48 0.580000 0.804912 0.008921 0.005945
48 0.826763 0.805225 0.004604 0.007196
48 0.813381 0.812578 0.006619 0.005006
48 0.938273 0.799280 0.003741 0.007196
48 0.981295 0.790363 0.009784 0.005006
48 0.871799 0.821809 0.009496 0.009700
48 0.810504 0.805538 0.005468 0.005945
48 0.359712 0.809136 0.013237 0.005006
48 0.370791 0.809449 0.006619 0.012516
48 0.385180 0.814768 0.021007 0.006884
48 0.434820 0.828066 0.003453 0.006571
48 0.385612 0.822434 0.008633 0.004068
48 0.380432 0.829474 0.011511 0.008761
48 0.088777 0.817428 0.010072 0.007196
48 0.233094 0.838392 0.008633 0.004693
48 0.270216 0.834324 0.006331 0.005319
48 0.265755 0.838392 0.006619 0.009700
48 0.377986 0.844493 0.014676 0.008761
48 0.728201 0.842929 0.006619 0.023780
48 0.812518 0.836358 0.008345 0.008135
48 0.950072 0.831352 0.015252 0.006258
48 0.992374 0.844962 0.014676 0.007196
48 0.788201 0.854506 0.006906 0.006884
48 0.646763 0.849343 0.010072 0.007822
48 0.103741 0.844337 0.004317 0.011577
48 0.113813 0.839643 0.006043 0.004068
48 0.349496 0.883761 0.006619 0.015332
48 0.602446 0.876877 0.022158 0.015332
48 0.845180 0.902065 0.012662 0.007509
48 0.572086 0.901596 0.008058 0.011577
48 0.456403 0.893148 0.007482 0.004068
48 0.437266 0.912703 0.008345 0.006258
48 0.207050 0.892678 0.008345 0.006884
48 0.203309 0.905350 0.008345 0.013454
48 0.170647 0.903160 0.008633 0.016583
48 0.171367 0.882666 0.007194 0.008761
48 0.103022 0.920682 0.010935 0.004068
48 0.124892 0.893304 0.004029 0.003755
48 0.122734 0.897685 0.008345 0.004380
48 0.492086 0.903630 0.004029 0.006884
48 0.498129 0.908636 0.006331 0.010638
48 0.538705 0.920369 0.006331 0.005319
48 0.968345 0.927253 0.008058 0.009074
48 0.961439 0.935075 0.010360 0.010325
48 0.916547 0.949312 0.004029 0.005632
48 0.905612 0.946026 0.004604 0.003442
48 0.850791 0.949781 0.004317 0.005945
48 0.855252 0.950876 0.004604 0.004380
48 0.860000 0.950250 0.004892 0.005006
48 0.827050 0.934606 0.007482 0.005632
48 0.806619 0.929600 0.006906 0.011890
48 0.839712 0.923185 0.006906 0.007196
48 0.833813 0.930069 0.004892 0.005945
48 0.840000 0.930225 0.003453 0.005006
48 0.829784 0.949625 0.007770 0.009387
48 0.806906 0.943992 0.004029 0.008761
48 0.806475 0.937109 0.003165 0.003755
48 0.799137 0.943680 0.005755 0.005006
48 0.761007 0.929287 0.006043 0.006258
48 0.725612 0.918335 0.013525 0.009387
48 0.674388 0.926784 0.008921 0.005632
48 0.659424 0.932103 0.010072 0.005632
48 0.600000 0.908479 0.024173 0.017835
48 0.545036 0.933980 0.008633 0.011264
48 0.556259 0.932728 0.012662 0.011264
48 0.487482 0.932103 0.005755 0.005632
48 0.459424 0.936483 0.004317 0.006884
48 0.250216 0.930851 0.006043 0.012516
48 0.211799 0.930538 0.008058 0.004380
48 0.177842 0.940551 0.009784 0.005006
48 0.210791 0.947904 0.004892 0.005319
48 0.162878 0.952910 0.005180 0.005945
48 0.459137 0.950876 0.014676 0.005632
48 0.486619 0.951971 0.005755 0.007196
48 0.464604 0.932728 0.008345 0.008135
48 0.474101 0.961201 0.011223 0.005006
48 0.514389 0.962297 0.006619 0.008448
48 0.527194 0.960106 0.009209 0.009074
48 0.578993 0.953379 0.006331 0.006258
48 0.588201 0.956039 0.008633 0.012203
48 0.969209 0.975907 0.009784 0.015645
48 0.821439 0.962610 0.007770 0.012829
48 0.827482 0.962297 0.005468 0.011577
48 0.833381 0.963548 0.005755 0.011577
48 0.810791 0.969024 0.008345 0.005006
48 0.674388 0.978567 0.007770 0.012203
48 0.431223 0.987954 0.011223 0.007822
48 0.439424 0.949312 0.009784 0.014393
48 0.296259 0.961984 0.011223 0.008448
48 0.303165 0.962610 0.005468 0.007196
48 0.311079 0.964487 0.012662 0.009074
48 0.291511 0.980757 0.009209 0.007822
48 0.109928 0.980131 0.011511 0.004068
48 0.111799 0.762829 0.038273 0.023780
48 0.841007 0.816020 0.021583 0.018148
48 0.898561 0.867960 0.016978 0.025657
48 0.963022 0.891896 0.014676 0.008448
48 0.722734 0.906758 0.016978 0.015019
48 0.799424 0.805538 0.020719 0.014706
48 0.624173 0.156133 0.018993 0.017522
48 0.612374 0.160357 0.012662 0.017835
48 0.482590 0.223561 0.021295 0.015332
48 0.479137 0.234199 0.022446 0.014080
48 0.603741 0.160982 0.012086 0.019086
48 0.351799 0.084011 0.015827 0.015332
48 0.528633 0.025031 0.021295 0.026909
5 0.145036 0.051471 0.004604 0.002190
5 0.037698 0.554756 0.002878 0.001877
48 0.053237 0.587922 0.020719 0.022528
48 0.075252 0.622966 0.008345 0.013141
10 0.031942 0.668492 0.004029 0.007822
39 0.028633 0.673967 0.004317 0.007509
10 0.031655 0.691020 0.003453 0.006571
48 0.034964 0.681008 0.005468 0.009074
5 0.061583 0.692272 0.004029 0.002190
5 0.066331 0.698999 0.002590 0.004380
5 0.060576 0.736076 0.002590 0.004068
48 0.067050 0.732009 0.010935 0.009700
48 0.074676 0.867334 0.008345 0.013141
48 0.075252 0.904725 0.007770 0.009700
48 0.137410 0.976220 0.016978 0.006884
48 0.126187 0.981383 0.009496 0.010325
48 0.114964 0.972309 0.019281 0.012829
48 0.103165 0.908636 0.026187 0.010013
48 0.161007 0.761108 0.007770 0.019712
48 0.323453 0.114362 0.012086 0.019712
48 0.315396 0.127816 0.014388 0.016583
5 0.234820 0.618273 0.003453 0.001877
48 0.205755 0.740144 0.009209 0.008448
48 0.180576 0.775814 0.024460 0.019712
48 0.327050 0.975595 0.006619 0.008135
48 0.324748 0.919900 0.008345 0.019399
5 0.280863 0.808198 0.004604 0.003129
5 0.312086 0.785513 0.004317 0.002816
48 0.398417 0.454787 0.012950 0.022215
48 0.415108 0.400814 0.011223 0.008761
48 0.415971 0.393461 0.015252 0.007196
48 0.412662 0.378442 0.011511 0.010325
48 0.382446 0.339018 0.013237 0.017835
48 0.427050 0.324625 0.012662 0.017835
5 0.321583 0.288955 0.004892 0.002816
48 0.323741 0.193367 0.020719 0.025657
48 0.303165 0.168805 0.018129 0.019712
48 0.341727 0.181477 0.020432 0.018773
48 0.251799 0.163016 0.013813 0.013767
48 0.302158 0.026596 0.021871 0.020651
48 0.348633 0.095901 0.007770 0.010325
48 0.383453 0.125939 0.023885 0.021589
48 0.387914 0.115926 0.016115 0.011577
48 0.392230 0.152691 0.015540 0.015645
48 0.394245 0.172403 0.016691 0.014393
5 0.460144 0.815551 0.004604 0.002816
48 0.556691 0.274093 0.010072 0.010013
48 0.531223 0.300845 0.016115 0.016583
48 0.557410 0.316802 0.014388 0.015957
48 0.504173 0.314925 0.013813 0.012829
48 0.511942 0.319931 0.013813 0.013454
48 0.730935 0.295526 0.027050 0.019086
48 0.586763 0.185857 0.018993 0.019399
5 0.755827 0.085419 0.004317 0.003129
5 0.763597 0.094962 0.004892 0.003442
5 0.724892 0.124218 0.005180 0.002503
5 0.764460 0.251095 0.002590 0.004693
5 0.764029 0.256101 0.003453 0.004068
5 0.660576 0.536608 0.004317 0.001877
5 0.576547 0.588705 0.004892 0.002190
48 0.807914 0.852159 0.014101 0.004693
48 0.743741 0.791145 0.010647 0.014706
48 0.505899 0.907541 0.009209 0.014080
48 0.255540 0.254850 0.028777 0.028473
48 0.270791 0.246558 0.016691 0.019399
5 0.483741 0.136577 0.002302 0.005319
48 0.456978 0.149406 0.006331 0.005945
48 0.521870 0.164111 0.009496 0.008448
39 0.523741 0.222622 0.006331 0.002816
5 0.514389 0.216677 0.002590 0.004693
48 0.485180 0.208385 0.018417 0.017522
48 0.545612 0.207916 0.026475 0.019086
5 0.568201 0.061483 0.004892 0.002190
5 0.597986 0.066489 0.004604 0.002190
5 0.607626 0.056790 0.002590 0.004693
5 0.611223 0.056008 0.002878 0.004380
5 0.523597 0.106227 0.003165 0.002816
5 0.963597 0.105288 0.005468 0.002816
5 0.953094 0.104506 0.003453 0.002503
5 0.953525 0.167397 0.004892 0.002503
48 0.733094 0.321496 0.011799 0.020338
48 0.709928 0.332290 0.020144 0.016896
48 0.883453 0.162703 0.032806 0.017522
39 0.632518 0.081039 0.005755 0.002503
48 0.440144 0.895807 0.015252 0.006258
5 0.389784 0.405038 0.003165 0.001564
48 0.370072 0.334481 0.012662 0.011890
5 0.169209 0.332603 0.002302 0.002503
48 0.292230 0.653473 0.008921 0.015957
48 0.292662 0.795526 0.008633 0.012203
48 0.497410 0.706195 0.012374 0.015645
48 0.831799 0.060701 0.005468 0.009387
48 0.896259 0.046464 0.012374 0.014706
52 0.013957 0.598248 0.027914 0.063204
48 0.962590 0.062265 0.014964 0.013767
48 0.922014 0.032384 0.018417 0.016583
48 0.927482 0.081977 0.012086 0.013141
