5 0.330697 0.216380 0.002498 0.003298
5 0.317652 0.225357 0.003053 0.002199
5 0.319317 0.221510 0.004718 0.002565
6 0.320289 0.218945 0.003886 0.002565
48 0.309326 0.180652 0.008604 0.010993
48 0.308493 0.189996 0.011934 0.006962
48 0.308354 0.203554 0.016653 0.026750
5 0.328893 0.201173 0.002220 0.005130
5 0.325284 0.200623 0.003886 0.002565
5 0.336109 0.188714 0.003331 0.005863
5 0.341937 0.182668 0.002775 0.004764
5 0.322231 0.206852 0.003886 0.002565
5 0.321260 0.209234 0.003608 0.002199
5 0.222731 0.414438 0.001943 0.004397
5 0.218152 0.408208 0.002220 0.003664
5 0.215654 0.407842 0.002220 0.004397
5 0.213156 0.407292 0.001665 0.004031
5 0.210658 0.407109 0.001665 0.003664
5 0.208437 0.406926 0.002220 0.004031
5 0.205801 0.407109 0.002498 0.003664
5 0.203303 0.406926 0.001943 0.003298
5 0.198307 0.406559 0.001943 0.003298
5 0.201221 0.407292 0.001665 0.003298
48 0.636275 0.309088 0.009714 0.006229
48 0.689287 0.399414 0.019151 0.015390
48 0.753955 0.212349 0.011379 0.011359
48 0.737163 0.204104 0.013877 0.013925
48 0.954205 0.994503 0.018873 0.010993
48 0.990147 0.194027 0.019706 0.015757
48 0.927838 0.318981 0.025534 0.021620
48 0.871218 0.891352 0.009992 0.014291
48 0.720372 0.339685 0.020816 0.017589
48 0.762559 0.208501 0.013600 0.013925
48 0.979045 0.680103 0.014710 0.022719
48 0.799889 0.399047 0.028310 0.019055
48 0.945462 0.342067 0.015265 0.013558
48 0.990286 0.332539 0.019428 0.017955
48 0.988898 0.121107 0.016098 0.015024
48 0.675271 0.349945 0.018318 0.013925
48 0.971413 0.269329 0.017763 0.017589
48 0.644602 0.302675 0.010269 0.010260
48 0.981404 0.428728 0.025534 0.024918
48 0.770330 0.400513 0.023036 0.017589
6 0.316125 0.031513 0.003886 0.010993
6 0.332223 0.089227 0.002775 0.006229
6 0.336109 0.124771 0.004441 0.009894
14 0.317236 0.126237 0.005551 0.015024
11 0.309048 0.114511 0.004718 0.015024
11 0.264502 0.075852 0.006106 0.016856
14 0.276436 0.195126 0.004996 0.019421
5 0.325146 0.203188 0.004163 0.001832
5 0.324452 0.196409 0.004996 0.002199
5 0.325423 0.214547 0.004718 0.002565
5 0.325978 0.207952 0.004163 0.002565
5 0.325978 0.205936 0.004163 0.002199
5 0.320983 0.211799 0.004163 0.002199
10 0.324729 0.193844 0.004996 0.002199
5 0.325423 0.212166 0.004718 0.002199
5 0.322787 0.224075 0.005551 0.003298
5 0.324591 0.217112 0.004163 0.002565
5 0.324452 0.219311 0.004996 0.002565
5 0.324036 0.221876 0.004718 0.002565
39 0.355260 0.202455 0.005551 0.011359
10 0.360117 0.212532 0.004163 0.006596
39 0.364835 0.220960 0.007494 0.010993
39 0.342631 0.167644 0.005273 0.009894
10 0.340550 0.158300 0.004996 0.006596
39 0.337635 0.144742 0.003608 0.005863
39 0.345268 0.176438 0.004441 0.008428
11 0.349570 0.187798 0.008049 0.014291
10 0.370941 0.232136 0.005273 0.006229
14 0.365390 0.266581 0.009159 0.010627
10 0.351790 0.258886 0.006939 0.004764
10 0.351235 0.255771 0.008604 0.003664
10 0.339439 0.237450 0.007216 0.005130
10 0.341660 0.242396 0.006661 0.004764
10 0.343464 0.244412 0.006939 0.003664
10 0.344713 0.247343 0.007216 0.005130
10 0.346656 0.249908 0.006106 0.003664
10 0.348182 0.251924 0.006384 0.004031
39 0.332084 0.251008 0.006384 0.008794
39 0.328754 0.251008 0.005828 0.010260
39 0.321954 0.253939 0.006661 0.010260
39 0.319178 0.256138 0.007771 0.010993
10 0.360672 0.259436 0.005828 0.006596
10 0.334305 0.266764 0.003053 0.006596
39 0.379822 0.283620 0.009159 0.009527
39 0.390785 0.295346 0.008326 0.008794
6 0.399528 0.303774 0.007494 0.008062
11 0.396198 0.294430 0.009159 0.009161
11 0.411046 0.305606 0.008326 0.007329
6 0.484041 0.331990 0.007216 0.005863
5 0.461421 0.322279 0.005828 0.004031
5 0.501110 0.353243 0.005828 0.004397
5 0.541493 0.349579 0.004441 0.005130
5 0.564807 0.379809 0.005551 0.004031
6 0.579933 0.388604 0.007494 0.004764
6 0.594088 0.396482 0.004718 0.005863
6 0.589509 0.397032 0.006106 0.006229
6 0.594921 0.401796 0.005273 0.004764
5 0.617263 0.414987 0.004996 0.004031
5 0.623092 0.415354 0.006106 0.005497
6 0.653344 0.427812 0.006661 0.006962
5 0.666528 0.433675 0.004718 0.004764
5 0.697752 0.456761 0.004996 0.004764
5 0.702886 0.461341 0.004163 0.003664
5 0.717458 0.474166 0.004441 0.003664
5 0.732723 0.491206 0.003886 0.005497
7 0.718429 0.479846 0.005828 0.005497
5 0.712601 0.470136 0.003053 0.003664
7 0.747571 0.507329 0.004718 0.004031
5 0.768665 0.534994 0.004718 0.004397
6 0.782681 0.559546 0.004996 0.005863
6 0.780044 0.564859 0.004718 0.007695
6 0.776991 0.557530 0.004718 0.006229
5 0.812795 0.541774 0.004163 0.002565
5 0.872190 0.450715 0.005273 0.002931
5 0.844851 0.432210 0.004996 0.004031
7 0.786012 0.576402 0.003886 0.005130
6 0.802109 0.593258 0.004996 0.006596
5 0.801554 0.604617 0.004996 0.005130
5 0.790591 0.582814 0.004718 0.006229
5 0.798640 0.587395 0.004163 0.005130
7 0.876214 0.635031 0.002775 0.005863
7 0.874827 0.630084 0.003331 0.004764
7 0.873161 0.624954 0.004441 0.004764
5 0.868443 0.636314 0.001665 0.003298
6 0.962254 0.650421 0.002775 0.005863
10 0.970025 0.659582 0.002775 0.006596
10 0.977380 0.661414 0.003053 0.006596
10 0.975160 0.663613 0.003053 0.008062
10 0.966694 0.660865 0.002775 0.006229
5 0.971829 0.648589 0.002498 0.005130
5 0.975853 0.648406 0.002220 0.004764
5 0.978074 0.648956 0.002220 0.005863
5 0.956148 0.657384 0.002775 0.004397
5 0.942687 0.622756 0.003053 0.004764
5 0.943797 0.602052 0.004718 0.002931
5 0.936719 0.569256 0.003331 0.004764
10 0.934915 0.563943 0.004163 0.005863
6 0.873855 0.645108 0.003053 0.005497
5 0.870941 0.620007 0.002775 0.004397
8 0.870247 0.635031 0.003053 0.005130
5 0.865806 0.635581 0.002498 0.004764
5 0.859006 0.636863 0.002775 0.005130
5 0.863170 0.635947 0.002775 0.005497
5 0.812379 0.616709 0.003331 0.005130
6 0.817513 0.630084 0.003608 0.005497
5 0.814183 0.636130 0.003053 0.005863
5 0.823064 0.644742 0.003053 0.004764
5 0.805301 0.600586 0.004163 0.005863
5 0.807383 0.608831 0.002775 0.004764
5 0.815015 0.624038 0.003608 0.005130
5 0.809326 0.624588 0.003886 0.005497
5 0.828754 0.687981 0.003331 0.005497
5 0.824868 0.671308 0.003331 0.006596
6 0.831113 0.695493 0.003608 0.007329
5 0.841382 0.724258 0.002498 0.005497
6 0.893145 0.693477 0.006661 0.004031
5 0.909242 0.735984 0.004996 0.002565
5 0.907855 0.728655 0.005551 0.002565
5 0.907855 0.734152 0.005551 0.001832
5 0.908687 0.731587 0.004441 0.001832
10 0.905079 0.692561 0.005551 0.002199
5 0.865529 0.641810 0.005273 0.002565
5 0.841243 0.742030 0.002775 0.005130
7 0.844990 0.749908 0.003053 0.005497
5 0.928115 0.574020 0.003331 0.004031
5 0.950042 0.640711 0.002220 0.005497
5 0.966278 0.649505 0.002498 0.004764
10 0.972245 0.664163 0.002775 0.006229
10 0.912712 0.760535 0.006384 0.004031
5 0.840550 0.719494 0.002498 0.004764
5 0.838329 0.757420 0.001943 0.004397
6 0.839301 0.726090 0.003331 0.005497
6 0.836803 0.820813 0.003331 0.005863
14 0.833195 0.849395 0.004441 0.008062
5 0.838745 0.848662 0.002220 0.005130
5 0.838329 0.854159 0.001943 0.005130
5 0.834305 0.879260 0.003331 0.005497
5 0.831529 0.906193 0.003331 0.005130
14 0.770330 0.923965 0.006384 0.012092
5 0.781987 0.952547 0.005273 0.006962
39 0.740772 0.944852 0.004996 0.008428
11 0.895920 0.953280 0.003886 0.008428
5 0.895226 0.960242 0.003053 0.005497
10 0.896198 0.976915 0.004441 0.005863
10 0.895087 0.943936 0.006106 0.003664
5 0.897169 0.992488 0.002498 0.004764
48 0.902442 0.948150 0.003053 0.006229
5 0.904802 0.943569 0.004996 0.002931
5 0.917846 0.939355 0.004441 0.002565
5 0.897169 0.985709 0.003608 0.006596
6 0.899112 0.911873 0.003053 0.005497
5 0.898696 0.917552 0.002775 0.005130
39 0.906467 0.938439 0.007216 0.004397
14 0.974743 0.912972 0.003331 0.007695
5 0.901749 0.869549 0.003331 0.005130
5 0.902581 0.853793 0.002775 0.005863
5 0.900500 0.882558 0.002498 0.006229
5 0.899528 0.900147 0.003331 0.005497
5 0.909936 0.814034 0.003053 0.006229
5 0.912850 0.802309 0.004441 0.002565
5 0.912573 0.753573 0.004996 0.002565
10 0.904524 0.520887 0.003331 0.004764
5 0.902442 0.515940 0.003053 0.004397
5 0.697891 0.423415 0.005828 0.003298
10 0.718845 0.398681 0.002775 0.003664
10 0.752151 0.437706 0.003331 0.004031
10 0.786705 0.442836 0.004718 0.002565
8 0.769359 0.440821 0.004441 0.002199
5 0.716903 0.409674 0.006661 0.002931
5 0.666528 0.306706 0.004163 0.003664
5 0.673328 0.300293 0.004441 0.004031
5 0.681099 0.343166 0.003331 0.004764
6 0.653206 0.207402 0.009159 0.005863
10 0.668193 0.210333 0.008049 0.004397
5 0.616292 0.231953 0.006384 0.004397
5 0.756314 0.126970 0.004441 0.004764
5 0.748543 0.150055 0.004441 0.004764
5 0.788371 0.111946 0.003608 0.004764
5 0.765890 0.136680 0.004718 0.005130
5 0.027755 0.158666 0.003331 0.005130
14 0.070636 0.210333 0.012490 0.005863
14 0.072023 0.233052 0.016930 0.008062
14 0.098529 0.194577 0.006661 0.017589
14 0.074244 0.239648 0.011379 0.005130
14 0.073133 0.243679 0.015265 0.004397
14 0.071885 0.247527 0.013322 0.003298
14 0.071607 0.251557 0.013877 0.004031
14 0.072023 0.255955 0.011934 0.004764
14 0.117541 0.263650 0.017485 0.004764
39 0.101443 0.333822 0.007494 0.003664
39 0.093394 0.335104 0.006939 0.003298
39 0.122259 0.330341 0.006939 0.003298
10 0.110047 0.332539 0.006939 0.004031
6 0.105329 0.359289 0.005828 0.008428
6 0.107410 0.365702 0.005551 0.010260
6 0.110741 0.354159 0.005551 0.007695
6 0.111019 0.358923 0.005551 0.006962
5 0.180683 0.371381 0.002775 0.004764
5 0.176103 0.371015 0.003053 0.006229
5 0.189148 0.371381 0.003053 0.005497
5 0.210241 0.373030 0.002498 0.004397
5 0.204691 0.372298 0.002498 0.004397
5 0.197058 0.372114 0.002775 0.004764
10 0.156953 0.369916 0.002498 0.005497
10 0.161393 0.370465 0.003053 0.006596
5 0.163475 0.370832 0.002220 0.005130
5 0.158895 0.370282 0.001943 0.004764
10 0.202470 0.372664 0.002498 0.005130
5 0.218290 0.371381 0.002498 0.005497
5 0.223425 0.372298 0.002220 0.005130
5 0.228837 0.372481 0.003053 0.004764
5 0.244935 0.372847 0.003053 0.006962
5 0.247710 0.372847 0.002498 0.005497
5 0.252845 0.372481 0.002775 0.004764
10 0.231890 0.373030 0.003053 0.006596
10 0.193311 0.410773 0.003608 0.005863
11 0.182348 0.409491 0.004441 0.007695
5 0.183875 0.404361 0.002498 0.004764
5 0.186372 0.404727 0.002498 0.004764
5 0.188593 0.405643 0.002498 0.004397
5 0.190536 0.406010 0.001943 0.005130
5 0.193172 0.406010 0.002220 0.004397
5 0.164308 0.334921 0.005551 0.003664
5 0.235915 0.324111 0.006106 0.004031
14 0.037469 0.291682 0.007216 0.017589
5 0.678324 0.690363 0.002775 0.004397
5 0.780877 0.690363 0.004718 0.004397
6 0.839856 0.777757 0.003886 0.008428
14 0.754233 0.609747 0.007494 0.006596
8 0.744380 0.596189 0.010547 0.006596
6 0.750208 0.601686 0.007771 0.005863
5 0.636137 0.465189 0.004996 0.004764
5 0.537330 0.416636 0.004996 0.002931
5 0.480572 0.399780 0.005828 0.003664
14 0.385235 0.392268 0.009437 0.006229
14 0.375104 0.385856 0.008604 0.005863
14 0.364419 0.380909 0.007771 0.006229
14 0.354566 0.375595 0.006939 0.006596
14 0.345129 0.371198 0.008604 0.005863
9 0.198307 0.411140 0.003053 0.005130
9 0.200944 0.411872 0.002220 0.005863
9 0.203164 0.412056 0.002220 0.006229
9 0.205801 0.412056 0.003053 0.005497
9 0.210658 0.412605 0.002775 0.005863
9 0.213294 0.412972 0.002498 0.005130
9 0.215376 0.413521 0.002220 0.004764
9 0.217874 0.413155 0.002220 0.004764
9 0.220233 0.413705 0.002498 0.005130
5 0.139190 0.369916 0.002498 0.004764
5 0.141271 0.370099 0.002775 0.005130
5 0.143492 0.370832 0.002220 0.005130
5 0.151540 0.369916 0.002775 0.004764
14 0.101582 0.397398 0.003331 0.007695
14 0.115598 0.400147 0.002498 0.007329
14 0.118235 0.399230 0.002775 0.006962
14 0.123231 0.401063 0.002775 0.004764
14 0.130308 0.401429 0.002498 0.006229
14 0.133084 0.401796 0.002498 0.006229
14 0.120733 0.400147 0.003331 0.006596
14 0.128088 0.402162 0.002498 0.005497
14 0.110186 0.399780 0.002775 0.006596
14 0.112823 0.399963 0.003608 0.007695
14 0.107549 0.398864 0.003053 0.006229
14 0.125451 0.401246 0.002775 0.005863
8 0.132806 0.419568 0.004718 0.002931
8 0.107410 0.417369 0.004996 0.002931
5 0.114349 0.415537 0.006106 0.002199
5 0.014988 0.374863 0.006106 0.003664
5 0.015543 0.379077 0.004996 0.003298
5 0.014710 0.372481 0.004996 0.002565
5 0.013045 0.389886 0.004996 0.002931
5 0.013877 0.386955 0.004996 0.003664
5 0.014710 0.383291 0.004996 0.002931
48 0.474604 0.027299 0.028865 0.030414
48 0.506939 0.062477 0.057452 0.048003
13 0.344019 0.268963 0.005273 0.008794
13 0.341243 0.263283 0.004718 0.006962
13 0.346933 0.268780 0.005551 0.011359
13 0.343741 0.260901 0.003608 0.006596
13 0.350264 0.269879 0.004441 0.006229
13 0.347349 0.263466 0.004163 0.007329
51 0.582154 0.533895 0.051346 0.052034
51 0.598529 0.513192 0.054677 0.054599
51 0.713850 0.691462 0.028865 0.023452
5 0.675687 0.696959 0.003608 0.005863
48 0.783791 0.735434 0.014988 0.013192
48 0.755343 0.747893 0.018041 0.013925
48 0.704968 0.742030 0.009992 0.012459
48 0.773522 0.689080 0.012767 0.010627
48 0.726755 0.663979 0.010824 0.010260
9 0.728004 0.840784 0.004441 0.006962
9 0.747016 0.870465 0.003608 0.006962
48 0.145296 0.348113 0.010824 0.008062
48 0.131002 0.369000 0.014432 0.010260
48 0.117402 0.368816 0.011102 0.010627
48 0.070497 0.347930 0.015543 0.006962
48 0.031640 0.379077 0.018873 0.042873
48 0.033861 0.410040 0.016098 0.030048
48 0.053983 0.416453 0.010824 0.026750
48 0.053428 0.399047 0.008604 0.013192
48 0.055787 0.385123 0.010547 0.018322
48 0.058840 0.367534 0.016653 0.010993
48 0.058840 0.374863 0.016098 0.011726
48 0.063142 0.384573 0.006939 0.012092
48 0.075354 0.371565 0.018041 0.019787
5 0.069803 0.285269 0.004163 0.004031
48 0.079240 0.284720 0.013600 0.008794
48 0.090896 0.285269 0.013600 0.008428
14 0.115459 0.274093 0.014432 0.005863
14 0.116153 0.270429 0.018041 0.005863
14 0.072162 0.268413 0.016098 0.006229
12 0.020261 0.294430 0.004996 0.006962
5 0.606439 0.356174 0.004996 0.004397
5 0.609908 0.353243 0.005273 0.005130
5 0.657646 0.389886 0.004718 0.004397
5 0.645157 0.386039 0.004718 0.004031
5 0.649598 0.382191 0.003608 0.003664
5 0.677352 0.365152 0.005273 0.004764
5 0.699695 0.342433 0.005551 0.004764
5 0.707466 0.336570 0.003886 0.004764
5 0.777408 0.247343 0.004441 0.005130
5 0.748820 0.229388 0.004996 0.004397
5 0.756037 0.223892 0.006106 0.004397
5 0.904246 0.158666 0.005551 0.005130
7 0.931724 0.133016 0.005551 0.005130
48 0.848598 0.081532 0.014710 0.017955
5 0.907022 0.083914 0.007216 0.006596
5 0.952123 0.119458 0.005273 0.005130
5 0.900638 0.077501 0.006661 0.006962
5 0.893838 0.067607 0.004718 0.005497
48 0.870525 0.091425 0.024147 0.026750
48 0.902997 0.099853 0.023591 0.021620
48 0.871357 0.057347 0.021371 0.020154
48 0.919650 0.039758 0.016375 0.017955
48 0.927283 0.032613 0.016653 0.015390
48 0.963780 0.058263 0.018041 0.019787
48 0.954482 0.044522 0.014432 0.013558
48 0.959062 0.084280 0.020261 0.022719
48 0.980155 0.084280 0.016375 0.018322
48 0.987372 0.080616 0.017485 0.017589
57 0.647377 0.081348 0.008604 0.011726
48 0.026228 0.077867 0.035248 0.155735
56 0.061477 0.017406 0.005273 0.034811
48 0.913822 0.012642 0.011379 0.011359
48 0.981682 0.010810 0.022759 0.021620
6 0.912573 0.031513 0.006106 0.005863
5 0.901193 0.043056 0.004441 0.004031
5 0.897585 0.046354 0.004441 0.004031
5 0.893977 0.050202 0.005551 0.005130
5 0.890369 0.053683 0.004441 0.004031
5 0.891341 0.064492 0.004718 0.004397
48 0.891063 0.085929 0.014710 0.017222
48 0.859839 0.087211 0.016098 0.016856
48 0.831946 0.121290 0.016930 0.019055
48 0.823897 0.110480 0.015820 0.017955
48 0.829725 0.098021 0.014710 0.012825
48 0.851374 0.137963 0.017485 0.020154
48 0.863725 0.151887 0.017208 0.017955
48 0.881765 0.137596 0.022759 0.022353
48 0.927144 0.150788 0.025812 0.024551
48 0.941993 0.139062 0.018873 0.019421
48 0.951846 0.150055 0.023591 0.027483
48 0.880239 0.156468 0.027477 0.030048
48 0.895365 0.147673 0.015543 0.021253
48 0.928809 0.118908 0.028587 0.028215
48 0.911601 0.136497 0.016930 0.015024
48 0.873022 0.126786 0.025812 0.027849
48 0.863170 0.124038 0.016653 0.017955
48 0.972245 0.134848 0.026089 0.028582
48 0.987927 0.158849 0.018596 0.023818
48 0.969331 0.175339 0.021371 0.020887
48 0.879406 0.220410 0.025257 0.027483
48 0.871357 0.213998 0.019151 0.019787
48 0.893145 0.205570 0.014432 0.013192
48 0.906051 0.169110 0.013600 0.012825
48 0.817930 0.198058 0.031085 0.034811
48 0.837358 0.192012 0.027200 0.027849
48 0.793783 0.143459 0.011102 0.009161
48 0.790730 0.151337 0.008881 0.008794
48 0.776159 0.165628 0.015820 0.016123
48 0.807938 0.213082 0.017763 0.017955
48 0.778518 0.234518 0.021649 0.019055
48 0.754371 0.237266 0.015543 0.013558
48 0.748820 0.259985 0.017208 0.017955
48 0.758396 0.275009 0.025257 0.027483
48 0.773383 0.267497 0.018041 0.019055
48 0.724535 0.303041 0.031363 0.035178
48 0.717458 0.283437 0.017763 0.017222
48 0.775881 0.421766 0.051901 0.037376
48 0.814738 0.425614 0.025257 0.023818
48 0.774216 0.455845 0.026367 0.024918
48 0.764363 0.458410 0.019983 0.021253
48 0.831946 0.460791 0.025812 0.025284
48 0.856370 0.469036 0.031363 0.038842
48 0.875104 0.462990 0.013322 0.018688
48 0.882182 0.477831 0.010269 0.012459
48 0.874827 0.477647 0.013322 0.016490
48 0.932556 0.467937 0.017763 0.020520
48 0.965029 0.475082 0.015543 0.018688
48 0.979184 0.473800 0.018873 0.021253
48 0.979739 0.496519 0.019428 0.024185
52 0.976686 0.558446 0.025534 0.049102
48 0.972107 0.638879 0.030253 0.016490
48 0.967943 0.621290 0.038024 0.023085
48 0.871912 0.661964 0.023036 0.010627
48 0.867610 0.654819 0.019983 0.008062
48 0.931724 0.780872 0.031640 0.016856
48 0.931168 0.792964 0.032750 0.020520
48 0.962531 0.807988 0.030530 0.012459
48 0.961143 0.823928 0.033306 0.026017
48 0.929781 0.814034 0.032195 0.032613
48 0.925756 0.863870 0.033028 0.035544
48 0.929781 0.734518 0.036081 0.032613
48 0.930613 0.752473 0.029420 0.017222
48 0.966833 0.727922 0.022481 0.009161
48 0.885373 0.857274 0.034971 0.024551
48 0.957674 0.854159 0.034138 0.032979
48 0.963503 0.782888 0.031918 0.016490
48 0.964197 0.769329 0.032750 0.015024
48 0.964474 0.754855 0.033861 0.013192
48 0.964335 0.741297 0.034138 0.013925
48 0.960588 0.924698 0.017763 0.022353
48 0.921316 0.920117 0.033583 0.032246
48 0.926173 0.984243 0.036081 0.028582
5 0.901887 0.954745 0.002498 0.006229
5 0.902442 0.961158 0.002498 0.005130
10 0.902581 0.966471 0.002775 0.006229
48 0.973633 0.980213 0.013877 0.021253
48 0.952540 0.971785 0.019428 0.019055
48 0.911185 0.966838 0.013877 0.007695
48 0.858174 0.940454 0.042742 0.070722
51 0.729253 0.923965 0.029697 0.045071
51 0.718013 0.965555 0.025534 0.032979
48 0.771163 0.766764 0.025812 0.024551
48 0.634610 0.647124 0.049681 0.030048
48 0.643630 0.590143 0.049958 0.050202
51 0.509714 0.452547 0.135165 0.111396
5 0.334027 0.401429 0.004163 0.003298
5 0.333333 0.406376 0.003886 0.002931
48 0.338607 0.414621 0.003886 0.004764
48 0.078129 0.408941 0.009714 0.043239
48 0.951152 0.499267 0.041632 0.030414
48 0.887455 0.825577 0.035803 0.016123
48 0.857896 0.814034 0.017763 0.013558
48 0.875520 0.604251 0.014710 0.024918
48 0.984041 0.513192 0.011934 0.021620
48 0.986955 0.222792 0.017763 0.030781
48 0.953789 0.224075 0.016930 0.016490
48 0.992090 0.171675 0.010269 0.019421
14 0.357619 0.249908 0.011379 0.014657
10 0.422009 0.320081 0.015265 0.016490
5 0.706217 0.463906 0.004718 0.005130
5 0.725507 0.482778 0.004441 0.004764
5 0.728976 0.486075 0.004163 0.004764
5 0.747155 0.515573 0.004441 0.005863
5 0.753261 0.518871 0.004441 0.005130
5 0.755204 0.516123 0.003886 0.004031
5 0.763530 0.527666 0.004441 0.005130
5 0.783236 0.571272 0.004441 0.005863
8 0.795171 0.581532 0.006106 0.006596
5 0.830974 0.674423 0.003331 0.006229
10 0.832639 0.680103 0.003886 0.007329
5 0.841382 0.751008 0.003053 0.006962
5 0.844019 0.760169 0.003331 0.006962
5 0.841660 0.763466 0.002498 0.005497
5 0.848043 0.802675 0.003053 0.005497
10 0.829864 0.873214 0.004441 0.007329
11 0.812101 0.927446 0.007771 0.017589
11 0.832917 0.894284 0.005551 0.015757
8 0.981682 0.789300 0.002220 0.005130
5 0.978906 0.790949 0.002775 0.004764
5 0.979600 0.784353 0.002498 0.004764
5 0.978490 0.799560 0.003053 0.005863
5 0.979739 0.774459 0.002775 0.006229
5 0.980572 0.763283 0.002775 0.005863
5 0.979462 0.695310 0.006106 0.003298
5 0.979184 0.699524 0.004996 0.002931
8 0.891341 0.679919 0.003053 0.006229
8 0.894255 0.677904 0.003331 0.005130
5 0.928254 0.455478 0.005828 0.002931
5 0.942409 0.456761 0.005828 0.003298
5 0.774077 0.441920 0.003886 0.002199
8 0.864974 0.450715 0.006384 0.003664
5 0.841521 0.442103 0.004441 0.004031
5 0.801277 0.439721 0.004996 0.005130
5 0.779212 0.442287 0.005273 0.002199
5 0.788510 0.355625 0.004441 0.004764
5 0.793783 0.355808 0.004441 0.004397
6 0.779489 0.362404 0.006939 0.005863
6 0.771996 0.367900 0.006384 0.006596
6 0.821399 0.332539 0.008049 0.006962
5 0.846656 0.311653 0.004718 0.004764
8 0.885928 0.282521 0.005551 0.005130
8 0.905773 0.268413 0.007494 0.006229
5 0.940466 0.241847 0.004163 0.004397
5 0.979462 0.213448 0.004441 0.004031
5 0.990980 0.204471 0.004718 0.004397
5 0.986400 0.208318 0.004441 0.003298
5 0.889536 0.194394 0.003886 0.004764
5 0.970580 0.105350 0.006106 0.005497
5 0.978213 0.056981 0.005273 0.005497
5 0.922009 0.054232 0.004996 0.004397
5 0.559117 0.131550 0.005273 0.004397
48 0.537191 0.093074 0.030808 0.032246
56 0.112684 0.242946 0.018873 0.036643
11 0.104496 0.253390 0.006939 0.019421
5 0.057730 0.213448 0.002220 0.004764
11 0.034555 0.248259 0.003608 0.017955
48 0.211907 0.108648 0.034138 0.069256
5 0.325146 0.146940 0.003053 0.005863
5 0.271996 0.085379 0.002775 0.004397
39 0.269081 0.077134 0.003608 0.006229
10 0.305995 0.082265 0.003053 0.006229
10 0.308770 0.133565 0.003608 0.009161
14 0.317652 0.182118 0.004718 0.016123
14 0.320289 0.182668 0.005551 0.017955
14 0.324036 0.184866 0.005273 0.015757
5 0.326950 0.184133 0.003331 0.006229
10 0.344990 0.237266 0.004441 0.006229
5 0.442548 0.393184 0.004163 0.002199
5 0.547183 0.358007 0.004163 0.003664
50 0.603664 0.373214 0.014432 0.013558
48 0.677352 0.273727 0.016375 0.014657
48 0.925895 0.088677 0.014432 0.014657
48 0.932834 0.080616 0.013322 0.011726
5 0.680822 0.335471 0.002775 0.004764
48 0.728004 0.417186 0.014432 0.015757
5 0.743131 0.430927 0.003053 0.004397
5 0.729115 0.435691 0.004441 0.002199
10 0.711352 0.434775 0.004996 0.003298
5 0.752984 0.382924 0.003331 0.002931
5 0.790730 0.344449 0.002775 0.003664
5 0.804052 0.287651 0.004996 0.002931
5 0.807938 0.295346 0.003886 0.003664
48 0.871080 0.325944 0.015820 0.015757
10 0.876769 0.383291 0.003886 0.005130
48 0.892173 0.382924 0.024702 0.021986
48 0.938523 0.372664 0.023036 0.021253
48 0.948099 0.382924 0.025534 0.025650
48 0.955731 0.394833 0.029142 0.026017
48 0.964752 0.409307 0.023869 0.022719
48 0.983902 0.400330 0.017208 0.016490
48 0.977102 0.392635 0.019706 0.016490
48 0.973217 0.379993 0.019151 0.017589
48 0.966972 0.368267 0.021094 0.019055
48 0.956009 0.359472 0.021371 0.019055
48 0.982376 0.359839 0.020261 0.019055
48 0.973633 0.347563 0.023869 0.020887
48 0.927005 0.357457 0.021094 0.020887
5 0.810852 0.611946 0.003053 0.005130
5 0.808215 0.605350 0.004441 0.004397
5 0.818901 0.647490 0.003053 0.005863
5 0.839856 0.709784 0.002775 0.005863
53 0.974049 0.657017 0.025257 0.026383
53 0.867888 0.640528 0.018873 0.016123
5 0.868998 0.645108 0.002220 0.003298
48 0.864557 0.770062 0.027200 0.017955
48 0.850264 0.865335 0.028587 0.017222
48 0.920899 0.541041 0.012212 0.015757
48 0.934083 0.551667 0.027477 0.016490
5 0.627949 0.501832 0.004163 0.004764
48 0.613933 0.488457 0.033306 0.032979
5 0.612406 0.593441 0.002498 0.004031
5 0.714543 0.825944 0.001943 0.003664
5 0.854566 0.285453 0.003886 0.003664
5 0.821121 0.241664 0.003053 0.004031
48 0.577158 0.451447 0.017485 0.026383
53 0.324174 0.215280 0.018873 0.033346
53 0.332084 0.258336 0.035248 0.035178
11 0.029142 0.290583 0.003331 0.016856
6 0.980988 0.463173 0.008049 0.002199
5 0.578823 0.157933 0.005828 0.003664
11 0.316681 0.077501 0.004441 0.017955
11 0.309326 0.027299 0.003608 0.017955
11 0.317097 0.015024 0.003608 0.010993
5 0.168471 0.370832 0.002775 0.005863
5 0.254649 0.421033 0.004718 0.002199
5 0.258673 0.419018 0.004441 0.002565
5 0.254510 0.418835 0.004996 0.002199
5 0.259367 0.416636 0.004718 0.002199
5 0.254510 0.416636 0.005551 0.002199
5 0.254371 0.414438 0.005273 0.002199
5 0.258812 0.412605 0.004718 0.002199
5 0.254094 0.412239 0.004163 0.002199
5 0.250208 0.412056 0.004163 0.002565
5 0.250208 0.410040 0.004163 0.002199
5 0.254371 0.410224 0.004163 0.002565
5 0.258673 0.410040 0.004441 0.002199
5 0.254233 0.408025 0.004441 0.002565
5 0.258951 0.407842 0.004441 0.002199
5 0.250208 0.407842 0.004163 0.002199
5 0.258673 0.405643 0.004996 0.002199
5 0.253816 0.405826 0.005273 0.002565
5 0.248682 0.405460 0.004441 0.002565
5 0.243825 0.405460 0.004718 0.002565
5 0.249376 0.403261 0.004718 0.002565
5 0.253955 0.401063 0.004441 0.001832
5 0.254094 0.403444 0.004718 0.002199
5 0.258812 0.403628 0.004718 0.002565
5 0.258812 0.401246 0.005273 0.002199
5 0.258257 0.398864 0.005273 0.002565
5 0.249098 0.401063 0.004718 0.002565
5 0.244102 0.400696 0.004718 0.002565
5 0.244241 0.403078 0.005551 0.002199
5 0.258396 0.396482 0.003886 0.002199
5 0.253677 0.396482 0.004996 0.002199
5 0.258396 0.394284 0.004441 0.002199
5 0.248959 0.396299 0.004441 0.002565
5 0.244102 0.395933 0.004718 0.002565
5 0.243963 0.393368 0.004996 0.002565
5 0.248682 0.393551 0.003886 0.002199
5 0.253539 0.393917 0.005273 0.002199
5 0.258396 0.391902 0.004441 0.002565
5 0.258257 0.389703 0.004718 0.002565
5 0.258257 0.387138 0.004718 0.002565
5 0.253539 0.387321 0.004718 0.002199
5 0.253539 0.389520 0.004718 0.002199
5 0.253539 0.391719 0.005273 0.002199
5 0.248820 0.391352 0.004718 0.002199
5 0.248820 0.389520 0.004718 0.002199
5 0.248820 0.387321 0.004718 0.002199
5 0.243547 0.386955 0.005273 0.003664
5 0.257841 0.372481 0.003331 0.005497
53 0.182348 0.398131 0.164863 0.058996
5 0.614627 0.402162 0.004718 0.004031
6 0.869276 0.614694 0.002775 0.004764
5 0.630308 0.540857 0.004996 0.005863
5 0.629337 0.544339 0.004718 0.004031
5 0.628226 0.546720 0.005273 0.005130
5 0.627116 0.549652 0.005828 0.005130
5 0.716209 0.630817 0.005273 0.004764
14 0.018318 0.334005 0.014432 0.009894
5 0.042742 0.314767 0.004996 0.002931
5 0.042187 0.305790 0.004441 0.002565
5 0.955176 0.105350 0.004718 0.004764
10 0.369969 0.266764 0.013322 0.016123
10 0.313905 0.231037 0.004441 0.004764
10 0.328893 0.268413 0.001665 0.008428
48 0.907716 0.442103 0.023591 0.017955
48 0.853455 0.525650 0.030530 0.014291
48 0.825284 0.479480 0.019706 0.017222
48 0.795865 0.458226 0.028587 0.030414
48 0.933111 0.218395 0.019428 0.017589
48 0.910491 0.950898 0.011934 0.012459
48 0.906744 0.649689 0.038857 0.024918
10 0.337497 0.266032 0.004996 0.008794
10 0.755482 0.445768 0.005551 0.004764
5 0.121288 0.394100 0.003331 0.005497
48 0.870108 0.281971 0.023869 0.019421
48 0.898557 0.475082 0.018041 0.013558
48 0.978768 0.281239 0.022481 0.017955
48 0.842354 0.124405 0.025534 0.023085
48 0.915210 0.675339 0.035803 0.024918
48 0.861643 0.782338 0.020816 0.015390
48 0.097280 0.307805 0.003608 0.008794
53 0.013877 0.388421 0.027755 0.079883
48 0.634055 0.382558 0.016930 0.021253
48 0.832501 0.373580 0.028032 0.023085
48 0.956425 0.425431 0.023869 0.019787
48 0.975021 0.072920 0.023869 0.019055
48 0.985012 0.044888 0.022759 0.023818
48 0.688593 0.232503 0.024424 0.020154
5 0.173605 0.371015 0.002498 0.005497
48 0.662642 0.399597 0.030253 0.027483
48 0.788787 0.281971 0.025534 0.023818
48 0.736470 0.250824 0.014710 0.015024
48 0.910352 0.367900 0.021649 0.017589
48 0.915210 0.338769 0.035248 0.034078
48 0.942132 0.438622 0.036359 0.032979
48 0.889120 0.536643 0.053011 0.024551
48 0.949348 0.280322 0.021371 0.016123
48 0.781848 0.155551 0.021094 0.018688
48 0.726339 0.230487 0.023869 0.017589
48 0.887455 0.039392 0.019706 0.015757
48 0.880516 0.676255 0.033583 0.027483
48 0.862337 0.740931 0.026089 0.014657
48 0.958784 0.874679 0.025257 0.010993
48 0.922703 0.890619 0.039689 0.028948
48 0.897863 0.635764 0.027755 0.013192
48 0.968637 0.792781 0.021649 0.015024
48 0.855121 0.262550 0.018318 0.011359
48 0.882875 0.263833 0.032195 0.030781
48 0.867333 0.311286 0.019983 0.016490
48 0.868165 0.346097 0.021094 0.020887
48 0.947682 0.464273 0.025812 0.018322
48 0.854427 0.532979 0.021371 0.015024
48 0.832778 0.619091 0.029697 0.031880
48 0.962392 0.602052 0.033028 0.016856
48 0.673050 0.414621 0.031640 0.028948
48 0.805579 0.411323 0.026367 0.021620
48 0.785318 0.308171 0.028587 0.024918
48 0.763114 0.248076 0.026922 0.019787
48 0.888010 0.413155 0.022481 0.017955
48 0.907577 0.487724 0.033861 0.018322
48 0.745490 0.474350 0.033861 0.017222
48 0.756592 0.653903 0.024979 0.037010
10 0.839717 0.777574 0.003608 0.006596
10 0.744241 0.502931 0.002498 0.004764
48 0.750486 0.413888 0.023869 0.021620
48 0.790869 0.383291 0.033583 0.029315
48 0.842770 0.419751 0.021926 0.020887
48 0.851790 0.255038 0.020538 0.013925
48 0.831252 0.234152 0.017763 0.017589
48 0.869137 0.246061 0.025812 0.021620
48 0.794754 0.541957 0.029142 0.017589
48 0.802803 0.497435 0.040799 0.023085
48 0.977796 0.029864 0.025534 0.019421
48 0.856370 0.712898 0.020816 0.015757
48 0.691646 0.288384 0.029975 0.031513
48 0.740633 0.364236 0.023036 0.019787
48 0.930752 0.394833 0.024147 0.017955
48 0.939356 0.292781 0.029142 0.021986
48 0.933111 0.158300 0.024979 0.021253
48 0.774077 0.823379 0.028310 0.025650
48 0.918124 0.589044 0.027755 0.010627
48 0.936026 0.645475 0.019706 0.013558
48 0.850958 0.221693 0.022204 0.019787
48 0.917985 0.499267 0.036914 0.013558
48 0.973633 0.228106 0.013877 0.015024
48 0.972662 0.311286 0.029142 0.028215
48 0.932001 0.765482 0.030530 0.017589
10 0.331391 0.266398 0.003331 0.009527
48 0.683042 0.383291 0.023314 0.022719
48 0.741049 0.323745 0.025534 0.020154
48 0.830974 0.265299 0.028865 0.030781
48 0.840550 0.386405 0.026922 0.017955
48 0.872884 0.422866 0.021649 0.019787
48 0.838607 0.172041 0.035248 0.031147
48 0.741882 0.183217 0.018318 0.019055
48 0.703580 0.215097 0.023314 0.019787
48 0.752845 0.715830 0.019151 0.018688
48 0.864557 0.798827 0.028310 0.019055
48 0.921593 0.599487 0.031363 0.016123
48 0.762698 0.326676 0.022204 0.019421
48 0.733000 0.347197 0.026089 0.026017
48 0.733000 0.385306 0.021094 0.018688
48 0.806411 0.239099 0.019151 0.020154
48 0.882737 0.297545 0.021926 0.018322
48 0.885373 0.370282 0.024979 0.022353
48 0.963225 0.329974 0.025257 0.022353
48 0.952540 0.526933 0.019428 0.024918
48 0.849015 0.580066 0.016653 0.010993
48 0.821399 0.599670 0.030253 0.023085
48 0.922842 0.268597 0.012767 0.013192
48 0.940605 0.230671 0.019983 0.018688
48 0.970858 0.092525 0.028310 0.022353
48 0.723702 0.201173 0.015820 0.013925
48 0.864419 0.754489 0.026922 0.017589
48 0.892451 0.744412 0.030808 0.016490
48 0.748543 0.891902 0.028865 0.019055
48 0.936442 0.657384 0.023869 0.017589
48 0.767555 0.360755 0.023591 0.020154
48 0.747988 0.298278 0.023314 0.019055
48 0.826811 0.432210 0.022759 0.017955
48 0.860672 0.432759 0.022204 0.021986
48 0.945878 0.307255 0.023869 0.020887
48 0.794338 0.226457 0.024424 0.017589
48 0.733278 0.652437 0.025534 0.019421
48 0.773522 0.705753 0.023314 0.029315
48 0.749792 0.837303 0.023036 0.030048
48 0.958368 0.680835 0.021649 0.023452
48 0.708299 0.382741 0.026644 0.023818
48 0.722037 0.445401 0.065779 0.028948
48 0.910075 0.396482 0.023314 0.022719
48 0.917430 0.275192 0.012490 0.012459
48 0.908687 0.118358 0.026644 0.031513
48 0.908410 0.024551 0.028865 0.025650
48 0.981266 0.111763 0.022481 0.018322
48 0.816819 0.350861 0.022204 0.020154
48 0.895643 0.466471 0.018318 0.011726
48 0.985706 0.261818 0.015265 0.012825
48 0.938662 0.095823 0.025534 0.023818
48 0.749098 0.198058 0.023314 0.020887
48 0.951152 0.069073 0.026644 0.023818
48 0.890647 0.813485 0.034416 0.014657
48 0.072301 0.316599 0.028032 0.038842
48 0.754510 0.312202 0.020816 0.019787
48 0.899944 0.286918 0.023591 0.019055
48 0.875937 0.359289 0.019428 0.017222
48 0.855398 0.392635 0.028310 0.026017
48 0.891896 0.567790 0.017485 0.011359
48 0.932279 0.262184 0.017763 0.018688
48 0.933111 0.045071 0.026644 0.021253
48 0.891479 0.717479 0.014988 0.012459
48 0.894116 0.772627 0.029142 0.012825
48 0.896475 0.781971 0.036636 0.021253
48 0.035110 0.320630 0.006384 0.010260
48 0.116847 0.283804 0.013322 0.012092
48 0.712323 0.242763 0.019151 0.017222
48 0.843047 0.286369 0.024702 0.019421
48 0.846656 0.244045 0.025257 0.024185
48 0.822231 0.362587 0.026367 0.018688
48 0.898418 0.425797 0.023869 0.024185
48 0.887871 0.576951 0.015543 0.012092
48 0.793505 0.478197 0.044407 0.024185
48 0.980433 0.183401 0.020261 0.020887
48 0.956286 0.887505 0.023036 0.013192
10 0.954482 0.459875 0.004996 0.007329
48 0.813766 0.454745 0.022204 0.022719
48 0.884679 0.331440 0.025257 0.019421
48 0.955176 0.580982 0.041354 0.020154
48 0.966001 0.234885 0.015265 0.015390
48 0.788926 0.179919 0.019706 0.021253
48 0.860117 0.837486 0.025534 0.016490
48 0.611296 0.310187 0.018041 0.017955
48 0.706356 0.355258 0.026089 0.023818
48 0.709686 0.399963 0.019428 0.014291
48 0.829170 0.411689 0.020816 0.019421
48 0.896336 0.305057 0.028587 0.025284
48 0.881904 0.435508 0.022481 0.018688
48 0.952956 0.246610 0.023591 0.021986
48 0.983070 0.144925 0.027755 0.027483
48 0.909797 0.050202 0.018873 0.019787
48 0.472800 0.074203 0.092423 0.098571
48 0.292534 0.082448 0.053289 0.068157
48 0.843047 0.673140 0.021926 0.026383
48 0.880933 0.702089 0.026644 0.017589
48 0.862198 0.725541 0.025812 0.016856
48 0.926311 0.613045 0.039134 0.021253
10 0.306411 0.158849 0.007771 0.009894
48 0.623231 0.321730 0.020261 0.021986
48 0.668609 0.250275 0.033861 0.022719
48 0.802248 0.261268 0.023591 0.019787
48 0.936581 0.330890 0.025257 0.021253
48 0.939217 0.407658 0.021094 0.017222
48 0.844851 0.507329 0.036636 0.023085
48 0.960172 0.255222 0.021926 0.015024
48 0.919511 0.077134 0.018873 0.017955
48 0.861643 0.068340 0.019706 0.018688
48 0.949625 0.039025 0.016375 0.013558
48 0.856925 0.621290 0.024702 0.015024
48 0.956980 0.901979 0.032750 0.022353
48 0.925201 0.702822 0.035248 0.019055
48 0.974049 0.706486 0.020816 0.030781
10 0.016514 0.288018 0.002498 0.020520
10 0.911740 0.379993 0.004996 0.006596
48 0.748543 0.375779 0.022204 0.019421
48 0.647377 0.282338 0.017485 0.023818
48 0.803081 0.330524 0.023591 0.018322
48 0.892728 0.346281 0.024147 0.019787
48 0.840411 0.349029 0.022204 0.021620
48 0.925201 0.422316 0.030253 0.028948
48 0.921871 0.515390 0.046905 0.027483
48 0.854011 0.548919 0.013322 0.011726
48 0.734110 0.462807 0.037746 0.019055
48 0.834582 0.149872 0.024424 0.021253
48 0.116292 0.309271 0.004441 0.009527
48 0.621565 0.389703 0.015820 0.018688
48 0.703858 0.319531 0.027200 0.027116
48 0.724119 0.372298 0.026089 0.021986
48 0.813489 0.387321 0.023869 0.020520
48 0.745629 0.244045 0.020816 0.016856
48 0.814321 0.314034 0.032750 0.030781
48 0.901055 0.358007 0.021926 0.023452
48 0.850541 0.600770 0.027477 0.027483
48 0.943797 0.270978 0.020261 0.015757
48 0.936442 0.198791 0.016098 0.015024
48 0.742159 0.219311 0.022204 0.020154
48 0.949764 0.708501 0.019983 0.027483
48 0.629475 0.350861 0.017208 0.019421
48 0.665140 0.280322 0.021926 0.015390
48 0.829586 0.219494 0.026644 0.021253
48 0.851513 0.320264 0.023869 0.024918
48 0.892728 0.457860 0.021371 0.013558
48 0.846378 0.567790 0.014155 0.019421
48 0.782265 0.522719 0.033028 0.028215
48 0.767277 0.504031 0.033583 0.021620
48 0.883986 0.102235 0.032750 0.025650
48 0.965723 0.018505 0.020261 0.015757
48 0.842492 0.645841 0.030253 0.038476
10 0.042326 0.291315 0.007494 0.017589
48 0.585762 0.348296 0.034693 0.037010
48 0.659728 0.326860 0.028310 0.025650
48 0.738412 0.266215 0.013045 0.013558
48 0.819040 0.283437 0.021094 0.019421
48 0.878296 0.494137 0.042465 0.034811
48 0.908687 0.546537 0.013877 0.016490
48 0.913405 0.565775 0.019428 0.012459
48 0.833472 0.574936 0.020538 0.024185
48 0.808909 0.563210 0.035803 0.030048
48 0.817097 0.164896 0.018873 0.019055
48 0.924924 0.963357 0.018596 0.012459
48 0.937968 0.965738 0.016930 0.017955
48 0.043297 0.328142 0.008326 0.011359
48 0.694005 0.412972 0.015265 0.015390
48 0.716625 0.423232 0.026089 0.018322
48 0.730919 0.273360 0.014155 0.013925
48 0.919789 0.305973 0.033306 0.024918
48 0.938523 0.346830 0.014710 0.016490
48 0.835137 0.545438 0.025534 0.030414
48 0.982515 0.245878 0.022204 0.016856
48 0.960311 0.161598 0.019983 0.020520
48 0.288648 0.126786 0.018873 0.028582
48 0.858312 0.675522 0.015265 0.021620
48 0.121010 0.307439 0.004996 0.008794
48 0.213433 0.030231 0.033861 0.060462
48 0.903969 0.186698 0.022204 0.019421
48 0.861504 0.271528 0.019983 0.016123
48 0.874688 0.396849 0.017485 0.017589
48 0.890230 0.596006 0.029142 0.026750
48 0.908965 0.226090 0.030530 0.031513
48 0.973633 0.206119 0.022759 0.020154
48 0.809048 0.123672 0.023314 0.024551
48 0.942548 0.949982 0.012767 0.015757
10 0.317791 0.053866 0.006106 0.019055
48 0.631141 0.299011 0.014432 0.017589
48 0.826950 0.296812 0.021926 0.014657
48 0.811546 0.271345 0.022759 0.015757
48 0.916875 0.408025 0.023036 0.019421
48 0.888843 0.521070 0.036359 0.021986
48 0.753261 0.485892 0.035526 0.021986
48 0.793505 0.206852 0.024424 0.023818
48 0.775742 0.195676 0.029420 0.028582
48 0.763392 0.167277 0.018041 0.020154
48 0.943658 0.054416 0.030530 0.023818
48 0.958646 0.009527 0.024424 0.019055
48 0.894394 0.755405 0.031918 0.019421
48 0.970996 0.956394 0.018041 0.020520
10 0.721621 0.407292 0.006661 0.005497
48 0.657924 0.364786 0.039134 0.039209
48 0.832084 0.334921 0.024979 0.024185
48 0.863725 0.564859 0.024424 0.025284
48 0.815570 0.525650 0.035803 0.025284
48 0.836525 0.491389 0.028310 0.011726
48 0.928393 0.282338 0.024424 0.020154
48 0.963641 0.196775 0.023869 0.019055
48 0.858174 0.176255 0.022759 0.019055
48 0.912573 0.064859 0.028310 0.021986
48 0.889398 0.729755 0.029142 0.015757
48 0.954482 0.955295 0.013322 0.019055
48 0.930197 0.838036 0.030253 0.023452
48 0.748543 0.338219 0.019428 0.017589
48 0.711074 0.269329 0.018318 0.021253
48 0.780044 0.373214 0.026922 0.023818
48 0.796836 0.361488 0.022759 0.018688
48 0.900777 0.322646 0.022481 0.020154
48 0.856786 0.203188 0.019983 0.017222
48 0.964058 0.262367 0.020261 0.019055
48 0.945601 0.922316 0.018318 0.023452
48 0.919789 0.949066 0.009437 0.010993
48 0.747155 0.860755 0.015543 0.013192
48 0.771857 0.339135 0.024424 0.020154
48 0.750902 0.398131 0.035248 0.026017
48 0.859284 0.407658 0.024424 0.018688
48 0.918263 0.464822 0.031363 0.036277
48 0.961699 0.295346 0.019428 0.020520
48 0.591590 0.107915 0.080211 0.076585
48 0.854843 0.849945 0.033306 0.019421
10 0.322231 0.264199 0.007216 0.003664
48 0.838190 0.307805 0.022759 0.016856
48 0.953233 0.318798 0.021926 0.017589
48 0.915348 0.250275 0.040522 0.030048
48 0.937275 0.020337 0.023869 0.017955
48 0.855676 0.697508 0.025534 0.018688
48 0.896198 0.800476 0.026644 0.017955
48 0.889259 0.838036 0.030530 0.015390
48 0.756037 0.352144 0.022204 0.020520
48 0.725645 0.259252 0.014155 0.015757
48 0.765057 0.286185 0.021926 0.019787
48 0.791840 0.251557 0.024424 0.021620
48 0.815709 0.250275 0.021094 0.020520
48 0.952540 0.477647 0.019428 0.015757
48 0.912157 0.575669 0.027477 0.015390
48 0.954621 0.184500 0.022481 0.020887
48 0.933111 0.950715 0.014432 0.015757
48 0.895504 0.624221 0.033028 0.016490
48 0.941576 0.682301 0.018596 0.021986
48 0.091452 0.307072 0.006939 0.010993
10 0.312379 0.145108 0.004163 0.016123
48 0.682487 0.310920 0.021094 0.020154
48 0.856508 0.335288 0.020538 0.019055
48 0.846933 0.361854 0.023036 0.020887
48 0.966139 0.444668 0.023869 0.020154
48 0.884818 0.553316 0.037746 0.022719
48 0.893422 0.176255 0.020538 0.020520
48 0.772828 0.224258 0.021926 0.018322
