48 0.991945 0.758054 0.012083 0.016578
48 0.993383 0.419612 0.013234 0.012199
48 0.986910 0.469033 0.007192 0.021583
48 0.993383 0.471067 0.008631 0.023772
48 0.980006 0.097279 0.011795 0.011886
48 0.986047 0.382859 0.010644 0.012512
48 0.982883 0.161871 0.012946 0.010322
48 0.986910 0.740694 0.026180 0.021896
48 0.984177 0.143259 0.007480 0.003128
48 0.990794 0.825774 0.013809 0.015014
48 0.984753 0.232093 0.022440 0.008758
48 0.988924 0.342821 0.016398 0.020019
48 0.981588 0.131373 0.009206 0.011261
48 0.993671 0.321551 0.012658 0.015014
48 0.994678 0.841101 0.010069 0.013137
48 0.996116 0.854708 0.007768 0.013450
48 0.997267 0.890210 0.005466 0.018768
48 0.993671 0.776978 0.007480 0.017516
48 0.991226 0.549578 0.009494 0.014388
48 0.993815 0.572568 0.005466 0.006569
48 0.990075 0.510479 0.017549 0.009384
48 0.996116 0.569909 0.007768 0.012512
48 0.993383 0.523616 0.010932 0.021270
48 0.983170 0.167657 0.012371 0.005005
48 0.845081 0.650923 0.007192 0.017516
48 0.688723 0.590084 0.009206 0.009071
48 0.931818 0.403972 0.016110 0.018455
48 0.704114 0.345637 0.007192 0.012512
48 0.742664 0.245855 0.015247 0.013137
48 0.783372 0.249922 0.016110 0.006881
48 0.880322 0.690491 0.014384 0.024085
48 0.761364 0.657335 0.007768 0.022208
48 0.767837 0.621207 0.013809 0.011261
48 0.717635 0.610260 0.017549 0.006881
48 0.735472 0.153738 0.011795 0.017204
48 0.459005 0.424460 0.010069 0.013137
48 0.590478 0.007976 0.010069 0.015952
48 0.735328 0.637473 0.017837 0.013137
48 0.742520 0.626368 0.010357 0.010322
48 0.913982 0.369252 0.018987 0.010322
48 0.837313 0.148264 0.013521 0.009384
48 0.749856 0.151079 0.008343 0.014388
48 0.741082 0.170942 0.012083 0.012199
48 0.422612 0.454958 0.009206 0.014076
48 0.639097 0.348921 0.005466 0.004692
48 0.693470 0.646387 0.014097 0.007194
48 0.720656 0.675946 0.013234 0.007507
48 0.746835 0.588833 0.008055 0.012825
48 0.799338 0.086175 0.021001 0.012199
48 0.806674 0.132624 0.024166 0.018142
48 0.788406 0.153269 0.014672 0.008758
48 0.678366 0.037379 0.011507 0.015327
48 0.476841 0.452455 0.007192 0.005317
48 0.529344 0.321708 0.014384 0.010322
48 0.902474 0.774007 0.023015 0.019080
48 0.956128 0.680169 0.018124 0.009071
48 0.829114 0.670316 0.013809 0.009384
48 0.689730 0.672036 0.009494 0.013450
48 0.692894 0.465124 0.011220 0.010009
48 0.917865 0.507194 0.010644 0.014701
48 0.946634 0.360494 0.011220 0.014076
48 0.961306 0.337973 0.007192 0.012199
48 0.883774 0.211135 0.019563 0.020644
48 0.797468 0.186581 0.020138 0.013450
48 0.668728 0.204098 0.014672 0.010322
48 0.639672 0.479199 0.010069 0.011261
48 0.517837 0.452925 0.017261 0.015640
48 0.684695 0.357210 0.008631 0.008758
48 0.733170 0.281045 0.007192 0.011573
48 0.595224 0.007507 0.010357 0.015014
48 0.894419 0.739443 0.012083 0.007507
48 0.780639 0.585705 0.008918 0.009697
48 0.734753 0.548952 0.016110 0.014388
48 0.799194 0.546763 0.015535 0.006256
48 0.836018 0.561933 0.028769 0.007194
48 0.822353 0.487801 0.023878 0.011573
48 0.977417 0.479199 0.015247 0.019393
48 0.914701 0.377385 0.015823 0.004692
48 0.950662 0.196591 0.009494 0.017829
48 0.669304 0.182671 0.018700 0.015640
48 0.625144 0.089615 0.005178 0.010948
48 0.730006 0.271505 0.016974 0.006881
48 0.697929 0.314983 0.008631 0.006256
48 0.899310 0.757585 0.026467 0.019393
48 0.922037 0.688458 0.011507 0.020019
48 0.935846 0.725837 0.009781 0.010948
48 0.700374 0.675633 0.011795 0.015014
48 0.792578 0.581795 0.016110 0.006256
48 0.769419 0.593369 0.014672 0.008133
48 0.711594 0.481858 0.032509 0.010948
48 0.725834 0.432437 0.014960 0.013450
48 0.931818 0.373944 0.012658 0.015952
48 0.817319 0.211917 0.006329 0.012199
48 0.885069 0.094933 0.014097 0.010322
48 0.778625 0.124335 0.015247 0.010322
48 0.667002 0.034407 0.010069 0.006881
48 0.613924 0.469346 0.017261 0.019080
48 0.570771 0.427119 0.014960 0.016578
48 0.626151 0.315608 0.027330 0.013137
48 0.601553 0.007038 0.014960 0.014076
48 0.860184 0.677979 0.016686 0.014076
48 0.691887 0.652799 0.017837 0.006256
48 0.686277 0.578511 0.009494 0.010948
48 0.778625 0.475602 0.005466 0.007820
48 0.693326 0.473882 0.009781 0.007507
48 0.972957 0.381921 0.013809 0.005005
48 0.763953 0.200970 0.009494 0.014701
48 0.774741 0.070378 0.016686 0.010009
48 0.633631 0.066312 0.014097 0.017516
48 0.496404 0.471536 0.011220 0.017204
48 0.488061 0.456522 0.006041 0.011573
48 0.724108 0.249453 0.006329 0.009071
48 0.699799 0.243197 0.012371 0.014076
48 0.740075 0.298718 0.009494 0.009384
48 0.667578 0.239287 0.023878 0.012512
48 0.673763 0.271974 0.028193 0.012199
48 0.164845 0.010322 0.023015 0.015640
48 0.959005 0.743197 0.014672 0.020019
48 0.855725 0.651705 0.004891 0.010948
48 0.766686 0.642947 0.014960 0.010948
48 0.775173 0.567720 0.009494 0.011886
48 0.916571 0.492493 0.010932 0.015327
48 0.887658 0.149202 0.014097 0.019393
48 0.821490 0.109478 0.014672 0.011261
48 0.761364 0.143728 0.011795 0.011573
48 0.707998 0.227557 0.009206 0.009697
48 0.381473 0.419456 0.010932 0.015640
48 0.552215 0.306694 0.010644 0.020957
48 0.532796 0.335940 0.011507 0.010009
48 0.984609 0.798561 0.018124 0.011886
48 0.980293 0.783547 0.022152 0.011261
48 0.909954 0.627463 0.020138 0.008133
48 0.847094 0.670003 0.006617 0.013137
48 0.708861 0.592430 0.007480 0.007507
48 0.847814 0.416484 0.012658 0.007820
48 0.968498 0.335471 0.009494 0.016578
48 0.918297 0.223647 0.013234 0.008758
48 0.898159 0.188927 0.015535 0.006256
48 0.803366 0.214889 0.011220 0.014388
48 0.867952 0.147326 0.009206 0.012512
48 0.863493 0.122928 0.011795 0.019393
48 0.831559 0.048796 0.015247 0.008133
48 0.816743 0.142165 0.022440 0.010322
48 0.751295 0.272599 0.005466 0.012825
48 0.918153 0.644667 0.008918 0.010009
48 0.804517 0.712856 0.010069 0.011886
48 0.754315 0.608696 0.006904 0.014388
48 0.708429 0.579606 0.012946 0.010009
48 0.751151 0.535189 0.012658 0.005005
48 0.700949 0.497967 0.022152 0.006256
48 0.691600 0.430404 0.013234 0.021270
48 0.876295 0.241007 0.013809 0.012825
48 0.823072 0.193775 0.017261 0.012825
48 0.826525 0.069753 0.006904 0.007507
48 0.338608 0.363935 0.021289 0.017829
48 0.687572 0.345011 0.013809 0.016265
48 0.876007 0.758524 0.010357 0.011261
48 0.850547 0.651236 0.004891 0.013137
48 0.692606 0.638098 0.008918 0.007507
48 0.726410 0.688771 0.027043 0.018142
48 0.751007 0.625274 0.006041 0.011261
48 0.976266 0.454958 0.017549 0.014701
48 0.879028 0.177354 0.022152 0.013763
48 0.891398 0.052706 0.010644 0.010322
48 0.765247 0.160307 0.013809 0.009071
48 0.755898 0.038943 0.044016 0.017204
48 0.641398 0.464811 0.011220 0.017516
48 0.645138 0.340319 0.008918 0.008758
48 0.714183 0.347670 0.012946 0.016578
48 0.752733 0.282452 0.015247 0.009384
48 0.911105 0.635127 0.019563 0.009071
48 0.683544 0.536440 0.023015 0.018768
48 0.676064 0.520175 0.006904 0.012512
48 0.811277 0.426806 0.013809 0.018455
48 0.723101 0.419925 0.014097 0.010322
48 0.918728 0.434626 0.013521 0.014701
48 0.965909 0.401783 0.011795 0.015952
48 0.820771 0.232093 0.015535 0.015014
48 0.796749 0.116359 0.011795 0.010635
48 0.372699 0.422114 0.009494 0.014701
48 0.648015 0.334376 0.012371 0.005630
48 0.568326 0.009071 0.014672 0.018142
48 0.869965 0.740694 0.026467 0.018142
48 0.829258 0.718799 0.012946 0.007507
48 0.789701 0.673287 0.006329 0.009071
48 0.722382 0.653582 0.007480 0.005317
48 0.812284 0.570691 0.013521 0.010948
48 0.683832 0.490460 0.013234 0.023147
48 0.720368 0.494683 0.017837 0.010948
48 0.870253 0.449015 0.010932 0.014076
48 0.928654 0.507351 0.012658 0.016265
48 0.822497 0.552393 0.011507 0.019393
48 0.900316 0.381139 0.011795 0.013450
48 0.887658 0.228965 0.016974 0.018142
48 0.911680 0.141226 0.012658 0.016578
48 0.693470 0.218799 0.016398 0.009697
48 0.709148 0.058023 0.017837 0.018455
48 0.587313 0.322021 0.011795 0.010322
48 0.609465 0.318111 0.007768 0.013763
48 0.650029 0.341727 0.007192 0.009071
48 0.115362 0.032061 0.015535 0.007820
48 0.957998 0.686268 0.017261 0.007507
48 0.831847 0.417892 0.011220 0.016265
48 0.875144 0.096653 0.008055 0.010009
48 0.806962 0.094307 0.016686 0.008445
48 0.646720 0.119174 0.008055 0.013763
48 0.632336 0.088990 0.009781 0.014076
48 0.719649 0.266343 0.008918 0.010948
48 0.845512 0.717548 0.010357 0.010009
48 0.833142 0.710666 0.016686 0.007507
48 0.759638 0.680794 0.015247 0.011573
48 0.735040 0.588051 0.006329 0.012512
48 0.839902 0.099312 0.005466 0.007194
48 0.745253 0.203316 0.013521 0.009384
48 0.669591 0.194870 0.015823 0.008758
48 0.807394 0.026744 0.013521 0.013450
48 0.431243 0.454645 0.009781 0.015327
48 0.528913 0.425399 0.020426 0.013137
48 0.731444 0.249140 0.010644 0.012825
48 0.689154 0.244292 0.011795 0.010009
48 0.713464 0.275571 0.012658 0.005630
48 0.767693 0.632468 0.014672 0.010635
48 0.735903 0.602753 0.011507 0.008133
48 0.810414 0.412731 0.011507 0.008445
48 0.837457 0.434157 0.023015 0.018142
48 0.903625 0.434783 0.014384 0.011261
48 0.912687 0.467000 0.008343 0.009384
48 0.836450 0.232875 0.018124 0.011573
48 0.798331 0.205662 0.019563 0.005943
48 0.842779 0.132937 0.008343 0.012512
48 0.686997 0.211917 0.014384 0.006569
48 0.611335 0.346419 0.011507 0.010948
48 0.729862 0.257429 0.014384 0.007507
48 0.971519 0.842352 0.012083 0.013137
48 0.969074 0.717704 0.017549 0.027213
48 0.925345 0.746794 0.012371 0.014701
48 0.903625 0.667032 0.018987 0.013450
48 0.843642 0.693150 0.012371 0.008758
48 0.786392 0.720206 0.015823 0.010948
48 0.842779 0.574132 0.010069 0.013450
48 0.916427 0.458086 0.016974 0.005317
48 0.901755 0.509540 0.016398 0.011261
48 0.950662 0.491711 0.009494 0.018768
48 0.973533 0.387707 0.010932 0.005317
48 0.920167 0.232718 0.013521 0.010635
48 0.647440 0.481232 0.010069 0.007194
48 0.628308 0.322490 0.010932 0.008133
48 0.727417 0.590710 0.008343 0.010948
48 0.724540 0.528777 0.030783 0.024085
48 0.784379 0.413356 0.025604 0.012199
48 0.905063 0.525805 0.014960 0.021270
48 0.953251 0.453707 0.012946 0.007820
48 0.914845 0.385987 0.018987 0.014388
48 0.820052 0.254614 0.014672 0.015014
48 0.821059 0.125586 0.015535 0.006569
48 0.722238 0.175008 0.016398 0.012825
48 0.791715 0.065061 0.010932 0.008758
48 0.722814 0.041914 0.019850 0.016265
48 0.515823 0.466375 0.006904 0.008133
48 0.627158 0.327651 0.009206 0.007194
48 0.787543 0.271348 0.022727 0.008445
48 0.582854 0.007194 0.014384 0.014388
48 0.627302 0.019080 0.010644 0.013763
48 0.861479 0.717391 0.020426 0.011573
48 0.909954 0.678605 0.008055 0.014076
48 0.786824 0.703628 0.009781 0.007194
48 0.791858 0.617454 0.025604 0.008758
48 0.860328 0.450735 0.008918 0.016265
48 0.879028 0.431967 0.010069 0.010009
48 0.852560 0.433219 0.007192 0.009384
48 0.829689 0.507820 0.047756 0.020957
48 0.958285 0.466688 0.021289 0.010009
48 0.935414 0.228495 0.015247 0.012825
48 0.792578 0.014076 0.020138 0.016265
48 0.714758 0.299656 0.007192 0.008133
48 0.910098 0.709259 0.018124 0.012199
48 0.898590 0.468408 0.014672 0.020332
48 0.920886 0.465749 0.008055 0.008133
48 0.972238 0.195183 0.009494 0.010009
48 0.686709 0.503441 0.008631 0.004692
48 0.380898 0.373162 0.010357 0.010009
48 0.406214 0.390053 0.009781 0.010009
48 0.726266 0.282452 0.008343 0.012512
48 0.670598 0.256490 0.027043 0.013137
48 0.671749 0.264779 0.026467 0.010322
48 0.633774 0.017673 0.010357 0.013450
48 0.867376 0.700188 0.009781 0.011573
48 0.801496 0.592900 0.008055 0.015327
48 0.800633 0.608226 0.006904 0.009071
48 0.665276 0.520957 0.014097 0.009071
48 0.871260 0.462465 0.010069 0.009697
48 0.956847 0.357366 0.012658 0.008445
48 0.975690 0.174539 0.008343 0.010009
48 0.800633 0.196434 0.020713 0.012512
48 0.973964 0.086175 0.011795 0.010322
48 0.834148 0.106819 0.014672 0.007194
48 0.778769 0.137629 0.025316 0.015014
48 0.712025 0.158273 0.016110 0.019393
48 0.688291 0.184704 0.012371 0.012199
48 0.100978 0.046606 0.020138 0.017516
48 0.832566 0.625743 0.006904 0.014076
48 0.878884 0.117610 0.007480 0.010009
48 0.720656 0.226150 0.010357 0.012512
48 0.758774 0.056616 0.012371 0.016891
48 0.115794 0.037222 0.015823 0.006881
48 0.902043 0.653738 0.021001 0.008133
48 0.778337 0.641695 0.009494 0.012199
48 0.922900 0.474977 0.009206 0.010322
48 0.651179 0.086018 0.013521 0.007507
48 0.555667 0.473725 0.010644 0.007820
48 0.431099 0.402252 0.014672 0.034407
48 0.762371 0.253050 0.016686 0.007507
48 0.895282 0.728652 0.010357 0.007194
48 0.863636 0.650454 0.011507 0.011573
48 0.829545 0.652956 0.015247 0.017204
48 0.706128 0.491242 0.010069 0.005943
48 0.936997 0.487175 0.009206 0.007194
48 0.798331 0.167970 0.025316 0.026275
48 0.905639 0.115577 0.018987 0.019080
48 0.854574 0.086018 0.016974 0.012512
48 0.780207 0.149515 0.024741 0.009384
48 0.706991 0.141852 0.015823 0.012825
48 0.632624 0.470285 0.008055 0.026587
48 0.648303 0.474664 0.010069 0.004692
48 0.677215 0.288865 0.027043 0.013450
48 0.804804 0.721145 0.011795 0.008445
48 0.810127 0.623553 0.011507 0.009697
48 0.865075 0.510635 0.021864 0.011573
48 0.839327 0.086175 0.010644 0.007194
48 0.824655 0.087582 0.011220 0.006881
48 0.731013 0.063497 0.020713 0.017516
48 0.747411 0.065530 0.012083 0.007820
48 0.886507 0.776196 0.012946 0.025336
48 0.773878 0.605724 0.008631 0.018455
48 0.765967 0.431498 0.015247 0.015952
48 0.940880 0.134501 0.016974 0.018142
48 0.962457 0.152956 0.022727 0.008133
48 0.871260 0.064905 0.014672 0.015952
48 0.623562 0.486706 0.010644 0.012512
48 0.569764 0.440100 0.012946 0.013137
48 0.567031 0.326400 0.023015 0.012825
48 0.642693 0.353300 0.006329 0.012199
48 0.730581 0.237254 0.007768 0.010948
48 0.983170 0.840788 0.013521 0.015014
48 0.745541 0.685486 0.010644 0.016578
48 0.707710 0.664529 0.010357 0.009697
48 0.751007 0.422271 0.013521 0.011886
48 0.687716 0.410541 0.013521 0.012199
48 0.821346 0.535033 0.017261 0.015327
48 0.763090 0.184235 0.020426 0.013763
48 0.692750 0.156709 0.022440 0.033156
48 0.691312 0.035033 0.016110 0.020019
48 0.646289 0.053175 0.008343 0.012512
48 0.662687 0.092587 0.017549 0.006881
48 0.470081 0.449640 0.010932 0.012199
48 0.638809 0.368314 0.009494 0.016578
48 0.592923 0.302784 0.015535 0.029403
48 0.705409 0.299030 0.012658 0.006881
48 0.675201 0.280419 0.028193 0.012199
48 0.882048 0.709571 0.017261 0.015952
48 0.720656 0.666719 0.017837 0.010948
48 0.740362 0.494839 0.016974 0.014388
48 0.853567 0.550360 0.014384 0.024085
48 0.682394 0.103691 0.019563 0.013450
48 0.424626 0.429622 0.009781 0.014076
48 0.614787 0.370816 0.015535 0.017204
48 0.571922 0.341727 0.009781 0.019080
48 0.720656 0.287457 0.010357 0.012512
48 0.776899 0.256490 0.044591 0.013137
48 0.734321 0.287926 0.012946 0.005943
48 0.716916 0.309196 0.005754 0.007820
48 0.741945 0.281827 0.008055 0.014388
48 0.129747 0.044260 0.012083 0.007820
48 0.955121 0.723022 0.018987 0.025962
48 0.815593 0.721301 0.010357 0.006256
48 0.779488 0.692524 0.016398 0.006256
48 0.809695 0.670003 0.007192 0.006256
48 0.722957 0.578198 0.016686 0.017204
48 0.766398 0.574288 0.009781 0.011261
48 0.939586 0.198467 0.013234 0.015952
48 0.875000 0.229121 0.012946 0.010948
48 0.877733 0.164373 0.019563 0.010322
48 0.937284 0.102127 0.027043 0.037222
48 0.846951 0.048014 0.013809 0.017204
48 0.669879 0.213951 0.013521 0.008758
48 0.712025 0.080231 0.018412 0.022834
48 0.392117 0.380982 0.010357 0.009384
48 0.862486 0.728495 0.008631 0.015014
48 0.880178 0.660932 0.009494 0.005630
48 0.925201 0.717704 0.009206 0.009697
48 0.782077 0.697842 0.022727 0.006256
48 0.714183 0.634345 0.012946 0.011886
48 0.734177 0.649672 0.005178 0.013763
48 0.939010 0.443072 0.006904 0.005317
48 0.795455 0.233187 0.023015 0.015952
48 0.925921 0.044417 0.025029 0.023147
48 0.609465 0.027213 0.012946 0.023772
48 0.589902 0.457773 0.009494 0.011573
48 0.479143 0.418830 0.008918 0.011261
48 0.581991 0.335158 0.012658 0.015327
48 0.638090 0.354551 0.006329 0.009697
48 0.746116 0.303253 0.009494 0.007194
48 0.669160 0.248201 0.024741 0.011573
48 0.610616 0.005787 0.012371 0.011573
48 0.935270 0.653112 0.014960 0.008133
48 0.736191 0.667032 0.013809 0.013450
48 0.737198 0.424304 0.016974 0.012825
48 0.681674 0.436659 0.014672 0.019393
48 0.945483 0.404598 0.012371 0.019706
48 0.846375 0.067876 0.007480 0.011261
48 0.733170 0.077729 0.021001 0.014076
48 0.585443 0.491555 0.014960 0.011573
48 0.652906 0.355177 0.016974 0.010322
48 0.801208 0.248514 0.014960 0.009071
48 0.863349 0.963247 0.006904 0.004066
48 0.864212 0.970128 0.008055 0.004692
48 0.856157 0.969190 0.005178 0.013450
48 0.863780 0.977010 0.010644 0.008445
48 0.846231 0.975289 0.013521 0.005630
48 0.805955 0.969190 0.010069 0.014701
48 0.814154 0.945261 0.009206 0.005630
48 0.813866 0.954801 0.008631 0.008445
48 0.828251 0.951048 0.016110 0.016578
48 0.841772 0.949797 0.008631 0.009071
48 0.792002 0.951830 0.016686 0.017516
48 0.775173 0.980763 0.008918 0.004066
48 0.774022 0.960119 0.006041 0.005943
48 0.762083 0.965436 0.007480 0.017204
48 0.734465 0.959337 0.007480 0.008133
48 0.745109 0.960432 0.013234 0.009697
48 0.735759 0.966688 0.006041 0.004692
48 0.729287 0.977792 0.007480 0.005630
48 0.750000 0.979043 0.005754 0.003754
48 0.691312 0.976697 0.009206 0.005317
48 0.709580 0.955114 0.010644 0.005943
48 0.693038 0.969815 0.013809 0.007820
48 0.739787 0.952143 0.006617 0.003754
48 0.755898 0.946356 0.024453 0.018455
48 0.691024 0.945730 0.009206 0.011573
48 0.875144 0.922271 0.007480 0.005943
48 0.883774 0.928840 0.008631 0.009071
48 0.879603 0.938380 0.003165 0.007507
48 0.864643 0.938693 0.003165 0.005005
48 0.803366 0.932124 0.023303 0.014388
48 0.773303 0.934626 0.004028 0.010635
48 0.778049 0.927432 0.010644 0.003754
48 0.780926 0.937598 0.008918 0.004692
48 0.786824 0.933688 0.005178 0.010009
48 0.777043 0.918830 0.008055 0.012199
48 0.756904 0.929934 0.006904 0.010635
48 0.748849 0.925868 0.010357 0.005630
48 0.737629 0.925712 0.010357 0.005943
48 0.735472 0.931967 0.004315 0.005317
48 0.726985 0.927588 0.010357 0.020332
48 0.718211 0.931029 0.007768 0.008445
48 0.699079 0.924304 0.008631 0.004379
48 0.709580 0.925712 0.010644 0.004692
48 0.708429 0.932437 0.010644 0.008133
48 0.680380 0.919143 0.011507 0.010322
48 0.682681 0.930873 0.006904 0.011886
48 0.673044 0.925868 0.014672 0.005005
48 0.675201 0.933688 0.004028 0.003754
48 0.646864 0.956209 0.021577 0.022521
48 0.635213 0.974195 0.014960 0.021583
48 0.474971 0.980763 0.009781 0.010322
48 0.424338 0.988739 0.006904 0.011261
48 0.425345 0.977323 0.007768 0.010948
48 0.409810 0.978261 0.007768 0.007194
48 0.401036 0.983891 0.009206 0.016578
48 0.381761 0.980138 0.006904 0.012199
48 0.348820 0.967626 0.007768 0.007820
48 0.337457 0.961839 0.012658 0.021270
48 0.312860 0.961683 0.012371 0.012199
48 0.287975 0.989991 0.005754 0.010009
48 0.281502 0.978574 0.011795 0.010322
48 0.302359 0.964498 0.004603 0.005317
48 0.266830 0.960432 0.004891 0.009697
48 0.262514 0.968721 0.005466 0.009384
48 0.254028 0.969346 0.006329 0.005630
48 0.256617 0.958242 0.008055 0.004692
48 0.253021 0.954645 0.009494 0.005005
48 0.230581 0.961214 0.009494 0.013763
48 0.242232 0.964342 0.010357 0.013763
48 0.239356 0.953863 0.006904 0.004692
48 0.145713 0.983578 0.011795 0.020332
48 0.137658 0.979043 0.007192 0.010009
48 0.114643 0.957304 0.012946 0.021583
48 0.106156 0.953550 0.014960 0.024085
48 0.071634 0.926806 0.010357 0.011261
48 0.085155 0.927432 0.005754 0.006256
48 0.132911 0.964654 0.007480 0.009384
48 0.158372 0.927276 0.006041 0.010322
48 0.225259 0.927119 0.005178 0.007507
48 0.230581 0.924930 0.005466 0.013137
48 0.260069 0.927745 0.029919 0.014388
48 0.271001 0.938693 0.010357 0.018768
48 0.300489 0.954958 0.007768 0.012512
48 0.286824 0.935408 0.021289 0.018455
48 0.297756 0.943384 0.016110 0.015640
48 0.413982 0.936972 0.005754 0.004692
48 0.419879 0.937598 0.007768 0.007820
48 0.435270 0.938223 0.009206 0.009071
48 0.454689 0.937911 0.006617 0.007194
48 0.442894 0.956365 0.008343 0.007820
48 0.443613 0.962621 0.005754 0.005943
48 0.435127 0.956991 0.007192 0.009071
48 0.830265 0.913356 0.009206 0.015014
48 0.819045 0.914920 0.013809 0.015640
48 0.806962 0.917110 0.012083 0.008758
48 0.805236 0.909916 0.007480 0.004379
48 0.784810 0.915702 0.006904 0.004066
48 0.784379 0.909134 0.007768 0.007820
48 0.794448 0.908664 0.014097 0.006881
48 0.793872 0.903034 0.008918 0.003128
48 0.779200 0.901939 0.007192 0.006569
48 0.762371 0.916797 0.011507 0.012512
48 0.767837 0.923053 0.008055 0.026275
48 0.750288 0.915389 0.012083 0.013450
48 0.737917 0.915859 0.012083 0.012512
48 0.674338 0.910385 0.012083 0.007194
48 0.086162 0.891461 0.010644 0.010009
48 0.077100 0.912887 0.008055 0.005943
48 0.223389 0.903503 0.006041 0.004692
48 0.237486 0.883641 0.010644 0.011886
48 0.249137 0.907413 0.010357 0.004379
48 0.260788 0.916484 0.006617 0.006256
48 0.251151 0.913513 0.008055 0.004692
48 0.273734 0.912261 0.008343 0.005317
48 0.266542 0.903660 0.020426 0.005005
48 0.267549 0.897717 0.005754 0.005005
48 0.260213 0.898968 0.009494 0.004379
48 0.260213 0.893807 0.006617 0.004692
48 0.415420 0.897091 0.007480 0.010009
48 0.643700 0.885205 0.007768 0.006881
48 0.652906 0.887238 0.004315 0.007194
48 0.659091 0.886925 0.005754 0.006569
48 0.657940 0.892712 0.005754 0.005005
48 0.665276 0.890522 0.008343 0.011886
48 0.717635 0.899124 0.004891 0.005943
48 0.762083 0.886143 0.013809 0.006256
48 0.787112 0.891617 0.004603 0.002815
48 0.786392 0.888489 0.009494 0.007194
48 0.785385 0.897717 0.006329 0.008758
48 0.798763 0.892868 0.018700 0.008445
48 0.810270 0.895840 0.003740 0.010635
48 0.817463 0.894589 0.010069 0.008758
48 0.816312 0.884110 0.012946 0.012199
48 0.828251 0.896153 0.010357 0.004379
48 0.830552 0.901001 0.009781 0.003441
48 0.845224 0.895527 0.008631 0.006256
48 0.849252 0.901157 0.004603 0.004379
48 0.859465 0.888489 0.008343 0.006569
48 0.866513 0.901157 0.018987 0.008758
48 0.890535 0.913825 0.008918 0.005317
48 0.887371 0.906944 0.014097 0.014076
48 0.882624 0.896309 0.008631 0.006569
48 0.888090 0.889897 0.006904 0.021270
48 0.872267 0.877541 0.006904 0.008445
48 0.869534 0.884579 0.011795 0.006881
48 0.894994 0.883015 0.007480 0.008133
48 0.902762 0.881764 0.008631 0.008758
48 0.903769 0.891148 0.008918 0.009384
48 0.922900 0.898655 0.009781 0.008133
48 0.923907 0.907100 0.008918 0.008758
48 0.931099 0.903034 0.004315 0.010009
48 0.935702 0.899281 0.006041 0.017516
48 0.969217 0.897247 0.013809 0.017204
48 0.991801 0.897717 0.004315 0.005005
48 0.916858 0.870504 0.008631 0.010009
48 0.908372 0.871129 0.007192 0.008758
48 0.895857 0.873475 0.002877 0.007194
48 0.885788 0.872224 0.017261 0.008445
48 0.902906 0.853926 0.007192 0.006881
48 0.903193 0.862997 0.008343 0.009384
48 0.893987 0.857992 0.013521 0.018768
48 0.883487 0.863779 0.013234 0.007820
48 0.866657 0.855489 0.011220 0.006881
48 0.866226 0.859712 0.004028 0.002815
48 0.868239 0.865342 0.010357 0.009071
48 0.857595 0.865030 0.010932 0.005317
48 0.854430 0.858148 0.004603 0.009697
48 0.834724 0.858930 0.006617 0.007507
48 0.821490 0.864873 0.005466 0.005005
48 0.825230 0.861902 0.011795 0.012825
48 0.784379 0.862215 0.017549 0.009697
48 0.784235 0.870504 0.018987 0.007507
48 0.776611 0.876916 0.004315 0.003441
48 0.778913 0.883641 0.008343 0.009384
48 0.758918 0.861433 0.004028 0.007507
48 0.747411 0.875508 0.010932 0.004379
48 0.743383 0.868940 0.021864 0.008758
48 0.762227 0.871911 0.006041 0.008445
48 0.737629 0.878323 0.007480 0.010009
48 0.725978 0.876759 0.010644 0.005630
48 0.701956 0.882859 0.008631 0.019706
48 0.703395 0.867532 0.008055 0.010322
48 0.692750 0.871911 0.012658 0.020332
48 0.678941 0.866594 0.014384 0.005317
48 0.675201 0.872380 0.007480 0.005630
48 0.680524 0.880513 0.004315 0.006881
48 0.684264 0.881608 0.003740 0.006569
48 0.644563 0.856741 0.006041 0.007507
48 0.644707 0.865342 0.006329 0.009071
48 0.643700 0.874726 0.004315 0.009071
48 0.601122 0.858617 0.006041 0.004379
48 0.286536 0.863309 0.005178 0.005630
48 0.280783 0.881139 0.006329 0.010635
48 0.261076 0.882233 0.003740 0.006569
48 0.263953 0.884736 0.003740 0.004692
48 0.270857 0.865186 0.016974 0.012512
48 0.260788 0.876447 0.008918 0.005005
48 0.275173 0.886300 0.003740 0.004066
48 0.439730 0.836722 0.008343 0.008758
48 0.614787 0.850485 0.010932 0.005005
48 0.655926 0.840475 0.008055 0.016891
48 0.662831 0.837973 0.005178 0.011261
48 0.682681 0.837660 0.012083 0.021270
48 0.697209 0.855802 0.006041 0.011261
48 0.702963 0.858148 0.005466 0.010322
48 0.769275 0.851110 0.005178 0.012512
48 0.760357 0.846418 0.010932 0.007507
48 0.791715 0.854082 0.007480 0.003441
48 0.785098 0.850954 0.014960 0.009071
48 0.781358 0.844229 0.005754 0.004379
48 0.786824 0.834376 0.012083 0.005317
48 0.790564 0.841883 0.006904 0.010322
48 0.804229 0.852362 0.017549 0.005630
48 0.809695 0.846888 0.004891 0.004066
48 0.809264 0.842821 0.023590 0.005943
48 0.829258 0.843134 0.011220 0.004692
48 0.828395 0.851110 0.028481 0.005005
48 0.880322 0.852362 0.009206 0.007507
48 0.915708 0.842978 0.007480 0.005005
48 0.917578 0.847044 0.004315 0.003128
48 0.928654 0.850798 0.003452 0.004379
48 0.960731 0.842352 0.006617 0.012512
48 0.908659 0.819675 0.007192 0.011573
48 0.917146 0.818736 0.009781 0.022208
48 0.923044 0.831248 0.007768 0.005943
48 0.900748 0.822490 0.005754 0.004692
48 0.894994 0.829058 0.004603 0.006569
48 0.896289 0.836878 0.004891 0.008445
48 0.877158 0.840632 0.020138 0.016578
48 0.763665 0.836722 0.009494 0.010009
48 0.772152 0.832499 0.006329 0.019706
48 0.764097 0.823115 0.014384 0.009697
48 0.751582 0.825931 0.006617 0.006569
48 0.788119 0.824679 0.011220 0.005317
48 0.745109 0.841257 0.006329 0.004066
48 0.731300 0.844542 0.012083 0.017516
48 0.715909 0.845480 0.014097 0.015014
48 0.711450 0.835940 0.006904 0.007820
48 0.703682 0.846575 0.010932 0.009697
48 0.598389 0.835940 0.021864 0.039725
48 0.412399 0.819206 0.008918 0.005005
48 0.756617 0.806850 0.008055 0.010948
48 0.708142 0.806850 0.008343 0.009697
48 0.697785 0.834220 0.009494 0.006881
48 0.484321 0.795746 0.005466 0.003754
48 0.786824 0.817172 0.011507 0.012199
48 0.880035 0.821551 0.011507 0.005943
48 0.888665 0.817642 0.005754 0.010009
48 0.886364 0.828120 0.004603 0.004066
48 0.860184 0.803097 0.004028 0.005317
48 0.863636 0.797466 0.006904 0.005317
48 0.865506 0.803097 0.003740 0.004692
48 0.896433 0.818736 0.004028 0.008445
48 0.789269 0.803253 0.015247 0.015014
48 0.854718 0.784485 0.006904 0.018768
48 0.848821 0.771974 0.019850 0.005630
48 0.828970 0.770879 0.012946 0.004066
48 0.819333 0.772130 0.005754 0.008445
48 0.811997 0.772287 0.009494 0.007507
48 0.800777 0.771192 0.011795 0.006569
48 0.793297 0.788395 0.019850 0.017204
48 0.767117 0.789334 0.010644 0.008445
48 0.722526 0.759931 0.004891 0.009697
48 0.722526 0.767907 0.007768 0.005005
48 0.735759 0.783234 0.004315 0.005630
48 0.735903 0.764936 0.010357 0.016578
48 0.743096 0.763685 0.004603 0.007820
48 0.742952 0.775258 0.007192 0.005943
48 0.759350 0.762746 0.007192 0.012825
48 0.756761 0.776040 0.007192 0.011886
48 0.761220 0.777604 0.005178 0.010635
48 0.781933 0.768377 0.017261 0.013450
48 0.800345 0.759306 0.007480 0.010322
48 0.801496 0.749765 0.006904 0.009384
48 0.807537 0.747732 0.005178 0.004692
48 0.807681 0.752737 0.004315 0.004692
48 0.812428 0.751173 0.004028 0.009697
48 0.816743 0.758836 0.005178 0.011261
48 0.826956 0.759618 0.014672 0.014701
48 0.851266 0.757272 0.009781 0.014388
48 0.898303 0.785893 0.012946 0.005943
48 0.920886 0.769471 0.013234 0.006881
48 0.921318 0.784642 0.006617 0.004692
48 0.876438 0.785111 0.011220 0.004379
48 0.927071 0.756490 0.011220 0.009071
48 0.883343 0.758054 0.004891 0.010322
48 0.885213 0.746481 0.005754 0.010948
48 0.890967 0.746481 0.005178 0.004066
48 0.896001 0.746794 0.004315 0.004066
48 0.901611 0.746950 0.005178 0.003754
48 0.840621 0.746325 0.010932 0.009384
48 0.840046 0.757742 0.010357 0.012825
48 0.826956 0.748827 0.015247 0.006881
48 0.802791 0.742571 0.003740 0.003754
48 0.808832 0.742571 0.008343 0.003128
48 0.806530 0.737097 0.011220 0.008445
48 0.807250 0.729747 0.012658 0.005630
48 0.815161 0.731623 0.006617 0.010009
48 0.791571 0.748201 0.006617 0.010009
48 0.792434 0.739756 0.005466 0.006881
48 0.784810 0.743197 0.010357 0.015640
48 0.773159 0.746168 0.007768 0.005317
48 0.769707 0.736472 0.004891 0.010322
48 0.747411 0.745856 0.004028 0.016578
48 0.742952 0.752268 0.003740 0.003754
48 0.742232 0.740851 0.005178 0.017204
48 0.726266 0.734282 0.006041 0.004066
48 0.678797 0.729434 0.008343 0.006881
48 0.690305 0.731154 0.012371 0.006569
48 0.354574 0.740225 0.008918 0.005943
48 0.341772 0.742728 0.004028 0.005317
48 0.337745 0.747107 0.004028 0.004066
48 0.289125 0.716609 0.008055 0.008133
48 0.301928 0.709102 0.007192 0.006256
48 0.697497 0.720988 0.004891 0.010009
48 0.706415 0.723960 0.008918 0.006569
48 0.707710 0.729121 0.004603 0.004379
48 0.714327 0.714889 0.008055 0.006569
48 0.727560 0.715671 0.010357 0.004379
48 0.727992 0.723178 0.008343 0.009384
48 0.733746 0.722240 0.005466 0.008758
48 0.738780 0.722865 0.005754 0.008758
48 0.791427 0.731623 0.006329 0.008133
48 0.785098 0.730998 0.005754 0.007507
48 0.841916 0.731467 0.010069 0.014076
48 0.887083 0.727244 0.005466 0.010009
48 0.901899 0.730216 0.003452 0.003441
48 0.900029 0.722552 0.019850 0.008758
48 0.896433 0.714263 0.011507 0.009071
48 0.987773 0.720988 0.009494 0.013763
48 0.817031 0.697373 0.009781 0.008445
48 0.775316 0.705349 0.009206 0.007507
48 0.739499 0.702377 0.016974 0.014701
48 0.740362 0.714420 0.009494 0.010009
48 0.693613 0.700970 0.009206 0.007507
48 0.693182 0.692681 0.010069 0.008445
48 0.701956 0.693932 0.005178 0.004692
48 0.707422 0.699093 0.008055 0.005005
48 0.388809 0.702846 0.005466 0.006256
48 0.380035 0.689553 0.007480 0.007820
48 0.382480 0.697685 0.010069 0.010322
48 0.370829 0.692993 0.012658 0.012199
48 0.374281 0.698780 0.009206 0.007507
48 0.306818 0.703628 0.008918 0.008445
48 0.300201 0.697842 0.009494 0.009384
48 0.279488 0.691899 0.019275 0.024398
48 0.288119 0.675008 0.012946 0.008758
48 0.290995 0.683297 0.009494 0.009071
48 0.306531 0.681420 0.006041 0.004692
48 0.302359 0.676415 0.008055 0.004692
48 0.333861 0.685956 0.014097 0.015014
48 0.345512 0.679700 0.007480 0.005005
48 0.364931 0.672036 0.012946 0.010322
48 0.411680 0.678918 0.013234 0.014076
48 0.677215 0.683297 0.008055 0.014701
48 0.698792 0.686268 0.009781 0.006256
48 0.913838 0.698937 0.007192 0.007820
48 0.934983 0.678449 0.015535 0.006881
48 0.988493 0.687520 0.008055 0.019393
48 0.839615 0.668439 0.008343 0.010635
48 0.846663 0.684392 0.006329 0.006881
48 0.845944 0.677823 0.010644 0.007507
48 0.788694 0.664060 0.004891 0.006881
48 0.716053 0.655927 0.005754 0.011261
48 0.680380 0.670316 0.010357 0.011886
48 0.652906 0.661870 0.021001 0.011261
48 0.657221 0.653425 0.006617 0.006881
48 0.638521 0.668126 0.008343 0.010009
48 0.630898 0.663591 0.009206 0.007194
48 0.612342 0.658273 0.009494 0.007194
48 0.597814 0.660776 0.006904 0.014701
48 0.592348 0.658273 0.005178 0.013450
48 0.587169 0.658743 0.006329 0.013763
48 0.581415 0.663278 0.004028 0.003441
48 0.577532 0.659368 0.006041 0.014388
48 0.566887 0.661401 0.013521 0.017829
48 0.532796 0.655458 0.009206 0.007820
48 0.522727 0.654989 0.008631 0.005630
48 0.515535 0.664216 0.004028 0.005943
48 0.473677 0.652799 0.022152 0.011886
48 0.450518 0.657022 0.011507 0.015327
48 0.440017 0.659055 0.013521 0.018142
48 0.403049 0.670785 0.006329 0.006569
48 0.404056 0.659055 0.014097 0.010635
48 0.392261 0.700500 0.005466 0.007194
48 0.341628 0.669690 0.007192 0.014388
48 0.334005 0.669690 0.007480 0.014388
48 0.318469 0.666093 0.006329 0.004692
48 0.301784 0.669378 0.006904 0.008758
48 0.310414 0.671567 0.007480 0.013763
48 0.279632 0.654363 0.011507 0.013763
48 0.364787 0.647795 0.013234 0.010635
48 0.352560 0.631999 0.007768 0.008445
48 0.352992 0.642321 0.008055 0.007194
48 0.340765 0.639506 0.008918 0.008445
48 0.312716 0.641383 0.005754 0.005317
48 0.300777 0.639193 0.006041 0.007820
48 0.377733 0.647013 0.008055 0.009071
48 0.388953 0.647951 0.013809 0.009697
48 0.403049 0.644198 0.009206 0.004692
48 0.422325 0.648264 0.004603 0.005317
48 0.449942 0.641070 0.008055 0.011573
48 0.440017 0.641695 0.006617 0.010948
48 0.507336 0.643259 0.013521 0.007820
48 0.500432 0.636065 0.006041 0.010322
48 0.508199 0.634032 0.008918 0.010635
48 0.516398 0.634658 0.007480 0.006881
48 0.517405 0.642947 0.007192 0.009071
48 0.541858 0.645918 0.004891 0.006256
48 0.550633 0.637942 0.015535 0.005317
48 0.562572 0.638724 0.007768 0.008758
48 0.567031 0.646074 0.004028 0.005317
48 0.573504 0.644667 0.006041 0.010009
48 0.581415 0.645292 0.009781 0.010009
48 0.581991 0.636065 0.010357 0.007820
48 0.591772 0.634970 0.008631 0.005630
48 0.590621 0.644198 0.009206 0.011573
48 0.619102 0.648108 0.005178 0.009384
48 0.628452 0.647169 0.014672 0.019393
48 0.651467 0.640601 0.004891 0.004379
48 0.663982 0.636691 0.005178 0.005943
48 0.658228 0.644354 0.010357 0.010635
48 0.667434 0.646856 0.008631 0.013763
48 0.675489 0.652018 0.009781 0.007194
48 0.684264 0.658899 0.010069 0.012199
48 0.832135 0.638880 0.006617 0.010948
48 0.905063 0.643728 0.008055 0.007507
48 0.919879 0.672505 0.012946 0.013763
48 0.945915 0.655771 0.005754 0.013450
48 0.958429 0.621520 0.008918 0.008758
48 0.443469 0.623397 0.014672 0.015014
48 0.454258 0.621364 0.007480 0.008445
48 0.476266 0.628714 0.008343 0.009384
48 0.490794 0.624648 0.009781 0.010009
48 0.499712 0.624804 0.008631 0.012825
48 0.534091 0.617141 0.010644 0.015014
48 0.551640 0.620582 0.012371 0.011886
48 0.581703 0.617610 0.011507 0.013450
48 0.616369 0.618392 0.015247 0.005005
48 0.617952 0.612606 0.013234 0.005317
48 0.640535 0.619800 0.010069 0.012199
48 0.651467 0.617297 0.004891 0.009071
48 0.661392 0.617610 0.005178 0.010948
48 0.672612 0.620582 0.014384 0.010009
48 0.683113 0.620895 0.007768 0.010635
48 0.859321 0.629340 0.009206 0.006256
48 0.877589 0.625587 0.019275 0.017516
48 0.896577 0.623710 0.007192 0.011261
48 0.946203 0.631060 0.011507 0.009071
48 0.929804 0.613857 0.017837 0.010948
48 0.946346 0.598217 0.014097 0.015952
48 0.933113 0.591648 0.011795 0.010948
48 0.917290 0.591492 0.016974 0.011261
48 0.888521 0.614795 0.004891 0.007194
48 0.894275 0.608852 0.010069 0.015327
48 0.880610 0.607601 0.009781 0.017204
48 0.859033 0.604629 0.006329 0.005005
48 0.842204 0.613700 0.012371 0.010635
48 0.807681 0.595246 0.005466 0.009384
48 0.673188 0.608070 0.017837 0.007507
48 0.617808 0.604942 0.006041 0.006881
48 0.620253 0.595871 0.012083 0.009384
48 0.607307 0.601971 0.014960 0.016578
48 0.593211 0.601658 0.011507 0.014076
48 0.583142 0.596497 0.006904 0.007507
48 0.565161 0.600876 0.006041 0.011886
48 0.504891 0.606975 0.012658 0.017829
48 0.493383 0.606819 0.012658 0.012512
48 0.482451 0.611980 0.012658 0.014076
48 0.608458 0.581483 0.008055 0.013763
48 0.635213 0.565530 0.012658 0.005630
48 0.637802 0.592743 0.013234 0.008133
48 0.705409 0.585705 0.006904 0.004066
48 0.744822 0.579293 0.012083 0.007507
48 0.734609 0.575227 0.007192 0.011886
48 0.881904 0.585393 0.004891 0.009697
48 0.889672 0.583985 0.011220 0.008758
48 0.901467 0.585393 0.013521 0.009071
48 0.934120 0.581639 0.014960 0.010948
48 0.954545 0.577573 0.011507 0.016578
48 0.983890 0.576165 0.009781 0.005005
48 0.983170 0.563966 0.010069 0.005630
48 0.980150 0.570691 0.005178 0.005943
48 0.951525 0.558023 0.010069 0.020019
48 0.971087 0.551767 0.007768 0.012512
48 0.961162 0.553175 0.012083 0.015952
48 0.966916 0.561933 0.021864 0.009071
48 0.944333 0.564905 0.007768 0.008758
48 0.929804 0.570066 0.015535 0.008445
48 0.874856 0.567720 0.010932 0.006881
48 0.874856 0.574445 0.013234 0.007820
48 0.667290 0.548014 0.008343 0.011886
48 0.634494 0.560369 0.012371 0.005317
48 0.579833 0.551142 0.012371 0.010635
48 0.591628 0.545981 0.011795 0.015952
48 0.592348 0.530810 0.016686 0.011261
48 0.758774 0.527839 0.007768 0.007820
48 0.785817 0.527995 0.007768 0.008133
48 0.801064 0.537692 0.009494 0.008758
48 0.974540 0.535189 0.012946 0.019393
48 0.966484 0.516265 0.006041 0.010322
48 0.986047 0.519862 0.008343 0.009384
48 0.978711 0.516891 0.006904 0.017829
48 0.959436 0.522677 0.015535 0.019393
48 0.918585 0.521426 0.008055 0.009384
48 0.802934 0.515170 0.005754 0.008133
48 0.795167 0.511417 0.004603 0.006256
48 0.784235 0.515014 0.009206 0.010948
48 0.749856 0.527057 0.006041 0.005630
48 0.743959 0.530185 0.005754 0.006881
48 0.741513 0.520332 0.016398 0.006569
48 0.740075 0.515483 0.014097 0.006881
48 0.608314 0.518611 0.012946 0.013137
48 0.585587 0.518611 0.008343 0.010635
48 0.573216 0.516734 0.014097 0.014388
48 0.355869 0.507507 0.010357 0.011573
48 0.248562 0.510166 0.006329 0.003128
48 0.274166 0.491085 0.008631 0.018768
48 0.281933 0.495152 0.004028 0.008133
48 0.309120 0.493744 0.005466 0.006569
48 0.333573 0.480294 0.007192 0.012199
48 0.339327 0.480607 0.006041 0.007820
48 0.346807 0.476697 0.006041 0.013137
48 0.558113 0.498280 0.004028 0.009384
48 0.599684 0.482014 0.004891 0.006256
48 0.608314 0.484360 0.008918 0.009071
48 0.631904 0.486393 0.005466 0.005630
48 0.641974 0.497967 0.008918 0.004379
48 0.637946 0.491398 0.008918 0.012512
48 0.643556 0.505318 0.004028 0.005943
48 0.659379 0.491711 0.006329 0.009384
48 0.740219 0.506412 0.006904 0.007507
48 0.754747 0.504066 0.007192 0.012199
48 0.762658 0.499844 0.010932 0.005630
48 0.859896 0.486706 0.005178 0.011261
48 0.851985 0.481858 0.008918 0.005317
48 0.965190 0.485142 0.006904 0.006256
48 0.941887 0.469346 0.007480 0.004692
48 0.869678 0.471849 0.010932 0.005317
48 0.744678 0.479668 0.008343 0.012825
48 0.762083 0.464029 0.007480 0.007820
48 0.765247 0.483578 0.002877 0.005005
48 0.811565 0.472005 0.016686 0.017516
48 0.758055 0.479512 0.006329 0.009384
48 0.739212 0.469815 0.005466 0.010009
48 0.744102 0.466062 0.006617 0.013763
48 0.754028 0.461839 0.008631 0.007820
48 0.713464 0.471849 0.006904 0.005943
48 0.730869 0.473413 0.005466 0.005317
48 0.729862 0.466062 0.005178 0.007507
48 0.682250 0.475289 0.006041 0.005943
48 0.677071 0.474664 0.004891 0.004066
48 0.587169 0.469659 0.009206 0.009697
48 0.570196 0.477010 0.002877 0.006256
48 0.556099 0.466844 0.009781 0.006569
48 0.556962 0.459962 0.011507 0.009071
48 0.543441 0.459962 0.012658 0.010322
48 0.534235 0.454958 0.004603 0.004692
48 0.473389 0.457304 0.006617 0.004379
48 0.464039 0.474820 0.008631 0.005005
48 0.455552 0.477792 0.003165 0.010322
48 0.339471 0.473569 0.008631 0.006256
48 0.340621 0.466531 0.008631 0.007194
48 0.279919 0.469659 0.005178 0.016578
48 0.284522 0.469033 0.004603 0.018455
48 0.296030 0.460119 0.004603 0.007507
48 0.316600 0.455896 0.007768 0.005317
48 0.291427 0.467313 0.005178 0.018768
48 0.215190 0.459337 0.010357 0.005317
48 0.212025 0.466218 0.005178 0.006569
48 0.234609 0.512355 0.006041 0.005005
48 0.188435 0.479356 0.006329 0.010322
48 0.194908 0.478104 0.006617 0.011573
48 0.353280 0.446825 0.004603 0.005317
48 0.455121 0.450579 0.014960 0.012199
48 0.441312 0.458242 0.009781 0.007507
48 0.729574 0.450109 0.006904 0.008758
48 0.744102 0.447764 0.006041 0.006569
48 0.753021 0.450735 0.008343 0.013137
48 0.772871 0.444323 0.004891 0.009071
48 0.794016 0.461526 0.006904 0.009071
48 0.852704 0.445418 0.006904 0.006881
48 0.795742 0.452768 0.007480 0.011573
48 0.948360 0.430873 0.009494 0.013450
48 0.975978 0.420551 0.007192 0.007820
48 0.983026 0.417423 0.006904 0.012825
48 0.981300 0.404442 0.008631 0.008133
48 0.917434 0.400845 0.009206 0.008445
48 0.901179 0.411636 0.007768 0.004379
48 0.884350 0.410385 0.006904 0.010009
48 0.869390 0.423366 0.011507 0.035346
48 0.664125 0.412574 0.009494 0.013763
48 0.487486 0.426024 0.006041 0.007507
48 0.442463 0.427901 0.005178 0.011261
48 0.411824 0.429309 0.007768 0.009697
48 0.388234 0.436972 0.010644 0.007507
48 0.349540 0.430404 0.008631 0.009384
48 0.363780 0.446356 0.011220 0.011261
48 0.346519 0.417892 0.004315 0.004379
48 0.272583 0.452925 0.003740 0.006256
48 0.274597 0.427745 0.005466 0.006569
48 0.264672 0.420551 0.009781 0.009697
48 0.261076 0.424773 0.006041 0.005630
48 0.401611 0.421958 0.012658 0.022521
48 0.440161 0.391930 0.006329 0.007507
48 0.480437 0.401157 0.006329 0.012199
48 0.509925 0.389271 0.011220 0.011573
48 0.948072 0.519080 0.010069 0.010948
48 0.937140 0.521583 0.010644 0.015327
48 0.783516 0.354238 0.018124 0.013450
48 0.767549 0.322490 0.012083 0.018142
48 0.778193 0.320300 0.013809 0.021896
48 0.789413 0.314201 0.015535 0.019706
48 0.749137 0.332656 0.013809 0.010322
48 0.749425 0.342821 0.015535 0.006256
48 0.788406 0.339537 0.005466 0.008445
48 0.783516 0.341101 0.005466 0.007820
48 0.744965 0.313575 0.015823 0.012825
48 0.765679 0.355177 0.008918 0.012199
48 0.806099 0.365968 0.013809 0.013763
48 0.795311 0.383954 0.010069 0.009697
48 0.845081 0.324210 0.008343 0.009697
48 0.859753 0.325149 0.021001 0.016578
48 0.880178 0.330153 0.007192 0.007820
48 0.858170 0.340788 0.008055 0.013450
48 0.850547 0.338755 0.008918 0.009384
48 0.897440 0.330779 0.017549 0.011573
48 0.839471 0.345637 0.013234 0.011261
48 0.829545 0.343603 0.008343 0.012825
48 0.849971 0.345949 0.009494 0.007507
48 0.858890 0.358617 0.008918 0.022834
48 0.849396 0.353926 0.011795 0.009071
48 0.849252 0.362371 0.010932 0.010948
48 0.839183 0.355959 0.010932 0.009384
48 0.838895 0.363779 0.010932 0.008758
48 0.850115 0.372850 0.010932 0.013763
48 0.859177 0.373944 0.007768 0.009071
48 0.919448 0.350798 0.009781 0.013450
48 0.912831 0.356897 0.006329 0.009384
48 0.914269 0.337817 0.006904 0.008133
48 0.889960 0.359087 0.010644 0.016265
48 0.899022 0.356584 0.012083 0.010009
48 0.878308 0.395214 0.014960 0.012199
48 0.837169 0.382390 0.016110 0.011573
48 0.824223 0.395371 0.009206 0.009384
48 0.862917 0.384423 0.011795 0.008758
48 0.933400 0.437441 0.018124 0.017204
48 0.950086 0.308414 0.017549 0.017516
48 0.885213 0.291367 0.015535 0.016578
48 0.923044 0.287457 0.012946 0.020644
48 0.634781 0.215358 0.011220 0.013450
48 0.623993 0.217079 0.006904 0.014388
48 0.616801 0.217391 0.006904 0.017516
48 0.609033 0.221770 0.006329 0.006881
48 0.757480 0.210823 0.009781 0.005630
48 0.711306 0.177667 0.006617 0.008133
48 0.697497 0.180482 0.006041 0.006256
48 0.671749 0.153738 0.014384 0.023459
48 0.623993 0.152330 0.016686 0.014388
48 0.651611 0.171723 0.016686 0.013763
48 0.637658 0.167814 0.015247 0.012825
48 0.609609 0.172505 0.013234 0.012199
48 0.591053 0.156553 0.011795 0.013450
48 0.594505 0.151861 0.011795 0.011573
48 0.599827 0.158430 0.008055 0.009071
48 0.585011 0.149984 0.012371 0.014701
48 0.579833 0.147169 0.013521 0.014701
48 0.567031 0.136378 0.014384 0.018142
48 0.503021 0.079762 0.019275 0.020019
48 0.485328 0.087582 0.010357 0.010635
48 0.459868 0.072568 0.010069 0.009384
48 0.475547 0.075070 0.007480 0.012512
48 0.490650 0.070691 0.009494 0.007507
48 0.384781 0.132937 0.027330 0.025649
48 0.400460 0.105724 0.008631 0.015014
48 0.364212 0.164373 0.014960 0.015327
48 0.354430 0.168439 0.013809 0.012199
48 0.342779 0.172349 0.016398 0.013137
48 0.332566 0.146074 0.007480 0.016265
48 0.383487 0.094776 0.011507 0.010635
48 0.436997 0.093682 0.014384 0.020957
48 0.465478 0.091023 0.012083 0.015014
48 0.427791 0.054113 0.007480 0.008133
48 0.282509 0.180482 0.008631 0.010635
48 0.318182 0.145762 0.008055 0.015640
48 0.309407 0.159055 0.010644 0.005943
48 0.265967 0.163747 0.006617 0.007194
48 0.213895 0.068815 0.007192 0.006881
48 0.198216 0.070848 0.006329 0.010948
48 0.144563 0.122302 0.007768 0.008758
48 0.138521 0.119800 0.010644 0.015640
48 0.134638 0.126838 0.008055 0.005943
48 0.124856 0.125899 0.009206 0.010948
48 0.121979 0.106037 0.017837 0.011261
48 0.116369 0.101189 0.009494 0.007194
48 0.062428 0.092587 0.020713 0.025649
48 0.104287 0.110572 0.011795 0.012199
48 0.115506 0.095715 0.005466 0.006881
48 0.150029 0.025493 0.023303 0.020332
48 0.132911 0.009227 0.013234 0.012825
48 0.666571 0.398342 0.008631 0.007194
48 0.709868 0.394432 0.008918 0.010009
48 0.792578 0.398029 0.014960 0.011573
48 0.832278 0.391617 0.004603 0.007507
48 0.769563 0.375508 0.009206 0.007194
48 0.588751 0.344229 0.013521 0.012199
48 0.615362 0.357053 0.012658 0.007194
48 0.956559 0.348295 0.009781 0.007194
48 0.936565 0.317798 0.012946 0.009384
48 0.802503 0.315921 0.011795 0.006881
48 0.805667 0.307007 0.006617 0.007820
48 0.798619 0.308258 0.004028 0.007820
48 0.772440 0.293556 0.010357 0.012825
48 0.760213 0.288083 0.005466 0.007507
48 0.784235 0.288239 0.011507 0.011573
48 0.559264 0.309353 0.005178 0.015014
5 0.793009 0.341570 0.003165 0.005005
6 0.836018 0.318111 0.004028 0.001877
5 0.849540 0.315765 0.004028 0.002190
5 0.855006 0.314983 0.005178 0.001877
6 0.877877 0.266969 0.004891 0.003441
5 0.875575 0.259775 0.004891 0.002190
5 0.875863 0.261964 0.004891 0.002190
6 0.882768 0.258211 0.002589 0.004692
5 0.889960 0.250078 0.002589 0.004692
5 0.920886 0.267125 0.004603 0.002502
5 0.828107 0.318424 0.003740 0.001877
6 0.927071 0.258680 0.004315 0.002502
5 0.900173 0.274789 0.004603 0.002190
5 0.952963 0.269628 0.004315 0.002502
5 0.903913 0.261026 0.004603 0.002815
5 0.811421 0.151548 0.003740 0.004066
5 0.832278 0.142321 0.004603 0.003128
5 0.781358 0.060838 0.002301 0.004692
5 0.781070 0.054895 0.002877 0.004692
5 0.583142 0.021114 0.003452 0.004692
5 0.582135 0.026900 0.002014 0.004379
5 0.595224 0.024554 0.002877 0.004692
5 0.640679 0.009384 0.002877 0.004379
5 0.650029 0.011261 0.002589 0.004379
5 0.652618 0.009697 0.003165 0.004379
5 0.663694 0.005474 0.002877 0.004692
48 0.373993 0.093838 0.009781 0.004379
48 0.329833 0.084454 0.006041 0.008758
48 0.338176 0.114013 0.014097 0.006569
48 0.362342 0.144354 0.004891 0.005317
48 0.324511 0.164842 0.005754 0.005005
48 0.251295 0.135283 0.010644 0.010322
48 0.274885 0.131842 0.006617 0.004692
48 0.365506 0.124961 0.006617 0.003441
48 0.343786 0.127776 0.010357 0.005943
48 0.357451 0.125430 0.006617 0.004379
48 0.355581 0.128558 0.002301 0.001877
50 0.268412 0.135909 0.016686 0.012199
48 0.266830 0.142477 0.004891 0.003441
48 0.271289 0.142947 0.002877 0.003128
50 0.298763 0.167032 0.015823 0.025023
48 0.406646 0.107132 0.005466 0.007820
48 0.385213 0.071317 0.004603 0.006881
48 0.478567 0.093212 0.004315 0.008133
48 0.485184 0.093994 0.004315 0.005317
48 0.448936 0.093838 0.006041 0.007507
48 0.456415 0.095402 0.007768 0.008133
48 0.491082 0.116672 0.006329 0.010009
48 0.491945 0.124961 0.005754 0.009071
48 0.447929 0.108070 0.004028 0.004066
48 0.469074 0.106662 0.006041 0.006256
48 0.517549 0.096653 0.020713 0.008133
48 0.526611 0.091179 0.003740 0.003441
48 0.470800 0.134970 0.007192 0.004692
48 0.405926 0.138880 0.003452 0.005630
50 0.518700 0.110885 0.012658 0.014076
48 0.404488 0.070535 0.024741 0.012199
48 0.417290 0.021739 0.006617 0.005317
48 0.417865 0.096653 0.020426 0.015014
48 0.046030 0.136691 0.009781 0.007507
48 0.130754 0.125899 0.004891 0.006569
48 0.238493 0.084141 0.004603 0.003754
48 0.246835 0.094776 0.008055 0.005005
48 0.364499 0.087269 0.006329 0.010009
48 0.338176 0.076791 0.026755 0.022834
48 0.346231 0.089459 0.012371 0.006881
48 0.343930 0.097435 0.012371 0.007820
48 0.544591 0.116515 0.006904 0.005943
48 0.548619 0.134032 0.005754 0.005317
48 0.543009 0.137785 0.004315 0.005317
48 0.549914 0.139975 0.004315 0.004692
48 0.548619 0.326556 0.009781 0.006256
48 0.524166 0.300751 0.007480 0.012199
48 0.528337 0.306850 0.006041 0.005630
48 0.508918 0.304035 0.009206 0.005630
48 0.518124 0.302315 0.004603 0.009071
48 0.600978 0.315765 0.015535 0.015952
48 0.579402 0.347982 0.004028 0.005317
48 0.573936 0.351423 0.004603 0.005943
48 0.598389 0.350172 0.008055 0.008445
48 0.649453 0.369096 0.014672 0.018142
48 0.637227 0.382390 0.008055 0.010322
48 0.602992 0.341101 0.010357 0.017204
48 0.605437 0.367063 0.006041 0.010948
48 0.597814 0.373319 0.008631 0.012199
48 0.604862 0.376759 0.004315 0.006569
48 0.576525 0.357835 0.014960 0.013137
48 0.619678 0.347826 0.007480 0.011261
48 0.627877 0.365342 0.014097 0.021896
48 0.703682 0.353769 0.006329 0.004379
48 0.711450 0.366437 0.006329 0.007194
48 0.626438 0.352049 0.008918 0.005317
48 0.636507 0.328746 0.008918 0.008133
48 0.639528 0.335940 0.004603 0.013137
48 0.703970 0.293400 0.012658 0.007507
48 0.723389 0.301376 0.015823 0.019706
48 0.734609 0.303097 0.012371 0.011886
48 0.769707 0.305599 0.010644 0.013137
48 0.723245 0.318893 0.012658 0.014701
48 0.734753 0.315765 0.008055 0.011573
48 0.738636 0.292462 0.016398 0.008133
48 0.753452 0.298561 0.021864 0.009697
48 0.757048 0.310135 0.012946 0.012825
48 0.758918 0.324523 0.012658 0.019706
48 0.786680 0.367376 0.017549 0.017829
48 0.772440 0.354551 0.006904 0.012825
48 0.750575 0.347982 0.012658 0.005317
48 0.696203 0.346888 0.009781 0.013763
48 0.678941 0.339850 0.008055 0.009697
48 0.677934 0.347201 0.006617 0.006881
48 0.671174 0.356115 0.018412 0.011573
48 0.666571 0.369722 0.010357 0.007507
50 0.630178 0.335940 0.010644 0.008758
48 0.612486 0.410541 0.006904 0.005317
48 0.501438 0.359399 0.005754 0.004379
48 0.481013 0.351267 0.003452 0.003754
48 0.503452 0.330779 0.003452 0.003441
48 0.664845 0.392556 0.004603 0.002502
48 0.668585 0.382077 0.012658 0.009071
48 0.688579 0.400532 0.003165 0.005317
48 0.738924 0.455740 0.010644 0.010009
48 0.692319 0.482953 0.006617 0.010635
48 0.625575 0.465436 0.007768 0.018768
48 0.567894 0.449015 0.012083 0.009697
48 0.512514 0.422740 0.012371 0.012199
48 0.509494 0.413513 0.005754 0.007507
48 0.500000 0.425555 0.012658 0.008445
48 0.468498 0.425242 0.010644 0.014076
48 0.487917 0.473882 0.004603 0.004379
48 0.442463 0.477635 0.019563 0.014388
48 0.398015 0.456365 0.014672 0.010635
48 0.423619 0.440100 0.008343 0.006256
48 0.334868 0.445574 0.005754 0.005943
48 0.364212 0.457929 0.011507 0.011886
48 0.346375 0.442290 0.016686 0.013763
48 0.339758 0.373475 0.008631 0.006256
48 0.546605 0.440569 0.009781 0.007194
48 0.735903 0.385518 0.021864 0.007820
48 0.702963 0.393338 0.004891 0.008445
48 0.699223 0.393807 0.004315 0.008758
48 0.713464 0.383797 0.008631 0.008133
48 0.702819 0.402252 0.008055 0.008758
48 0.712745 0.402878 0.012371 0.007507
48 0.653337 0.513606 0.007480 0.011886
48 0.598245 0.467939 0.006041 0.006881
48 0.684120 0.522208 0.009206 0.012825
48 0.688147 0.517360 0.016686 0.021270
48 0.702100 0.533469 0.012946 0.007820
48 0.711594 0.506256 0.010644 0.011573
48 0.718354 0.463247 0.016686 0.013763
48 0.689730 0.454645 0.007192 0.009697
48 0.710587 0.452455 0.005754 0.007194
48 0.655495 0.465124 0.011795 0.015640
48 0.681818 0.464029 0.010357 0.008445
48 0.673331 0.454332 0.025029 0.008445
5 0.773159 0.558180 0.004891 0.002815
48 0.833861 0.577573 0.011795 0.012199
48 0.784522 0.594776 0.012083 0.008445
48 0.868815 0.644511 0.002301 0.002815
48 0.880466 0.668596 0.013521 0.006569
48 0.888377 0.667188 0.005178 0.007507
48 0.901179 0.679856 0.009494 0.011573
50 0.861479 0.756803 0.011220 0.016578
48 0.706847 0.981389 0.012083 0.013450
48 0.668585 0.666562 0.016110 0.011886
48 0.669016 0.678449 0.010069 0.015640
48 0.709868 0.678136 0.011220 0.017516
48 0.707422 0.691742 0.009206 0.010948
50 0.638953 0.649828 0.010357 0.017204
48 0.834580 0.981858 0.012658 0.005005
48 0.846087 0.981702 0.009781 0.005317
48 0.857883 0.981858 0.017261 0.004379
48 0.787543 0.981858 0.012946 0.007507
48 0.776179 0.970441 0.012083 0.015327
48 0.796605 0.980294 0.006904 0.009384
48 0.813003 0.981702 0.014384 0.006569
9 0.865650 0.846418 0.004028 0.001877
48 0.895713 0.893337 0.007192 0.011261
48 0.915420 0.904754 0.007480 0.013450
50 0.942319 0.899124 0.011795 0.017829
48 0.747555 0.880826 0.010644 0.005005
48 0.765535 0.807007 0.002301 0.004379
48 0.961450 0.881295 0.020713 0.014076
48 0.925489 0.735533 0.005178 0.006569
48 0.946778 0.764310 0.036249 0.012199
48 0.916858 0.759775 0.009206 0.008758
48 0.936134 0.752111 0.008055 0.015327
48 0.942175 0.751955 0.006904 0.013137
48 0.948648 0.749609 0.010644 0.016578
48 0.968211 0.749922 0.007192 0.005317
48 0.944045 0.734751 0.008918 0.008758
50 0.960587 0.699093 0.016686 0.008133
9 0.883774 0.723334 0.002301 0.004066
9 0.797756 0.737723 0.001726 0.003441
48 0.821490 0.837191 0.003740 0.005317
4 0.781070 0.784329 0.001726 0.002815
4 0.789125 0.779950 0.001726 0.002190
4 0.783947 0.778542 0.001726 0.001877
4 0.788119 0.772443 0.002014 0.002815
4 0.791139 0.767907 0.001151 0.001877
4 0.795167 0.778386 0.002301 0.002190
4 0.809551 0.778073 0.002301 0.001564
4 0.801208 0.775884 0.001726 0.001564
4 0.798475 0.777917 0.002589 0.001877
4 0.800921 0.780263 0.002301 0.001564
4 0.804373 0.775414 0.002301 0.001877
4 0.808400 0.784016 0.002301 0.002190
4 0.814730 0.779324 0.002877 0.002190
4 0.813866 0.780732 0.003452 0.001877
4 0.813579 0.781983 0.002877 0.001251
4 0.812860 0.783547 0.002589 0.001877
4 0.812428 0.784798 0.002301 0.001251
50 0.812140 0.759775 0.005178 0.007507
4 0.779056 0.830622 0.001726 0.003441
4 0.775460 0.843760 0.001438 0.002815
4 0.916283 0.861433 0.009206 0.006881
4 0.899166 0.907100 0.011220 0.016265
5 0.800201 0.846418 0.003740 0.001877
48 0.752158 0.651236 0.014097 0.012512
48 0.786536 0.656240 0.012658 0.008133
48 0.776179 0.657648 0.004603 0.007194
48 0.797756 0.646544 0.009781 0.020019
48 0.752733 0.637316 0.014097 0.013450
48 0.747411 0.670785 0.007480 0.007820
48 0.751151 0.665311 0.015535 0.015640
48 0.791283 0.649828 0.006617 0.004066
48 0.740506 0.657491 0.009206 0.005630
48 0.815736 0.685330 0.008343 0.005630
48 0.814873 0.690022 0.008343 0.005630
48 0.804804 0.696903 0.015247 0.018142
48 0.813579 0.681420 0.024166 0.011573
48 0.823648 0.690804 0.005178 0.005943
48 0.845944 0.705974 0.011220 0.015014
48 0.857595 0.701126 0.009781 0.009697
48 0.850690 0.729590 0.014960 0.013450
48 0.871548 0.939318 0.007768 0.006256
48 0.835443 0.910854 0.002301 0.003754
48 0.804948 0.904285 0.007480 0.005630
48 0.837457 0.587426 0.016110 0.010635
48 0.890104 0.540976 0.011507 0.009697
48 0.886795 0.525180 0.006041 0.004379
48 0.959005 0.604317 0.004315 0.004379
50 0.817175 0.387238 0.006617 0.016265
48 0.836881 0.396622 0.012658 0.011261
5 0.795455 0.381295 0.004028 0.003754
5 0.803510 0.383954 0.001151 0.005317
5 0.887802 0.388333 0.004603 0.002190
48 0.877733 0.413825 0.006329 0.008133
48 0.890679 0.366437 0.006904 0.005317
48 0.861335 0.392086 0.010932 0.009071
48 0.872698 0.385674 0.007192 0.010009
48 0.907509 0.400063 0.008343 0.008758
48 0.892117 0.408664 0.009781 0.011573
48 0.955552 0.400845 0.006617 0.013450
48 0.944620 0.386925 0.014672 0.012512
48 0.973677 0.400063 0.004315 0.010009
48 0.960155 0.435095 0.006041 0.008758
48 0.929229 0.494839 0.016110 0.010635
48 0.946346 0.507351 0.022152 0.010635
48 0.964327 0.501720 0.014384 0.011886
48 0.982307 0.587426 0.012371 0.016265
48 0.976410 0.595715 0.005178 0.004692
48 0.952100 0.417423 0.011220 0.016578
48 0.970224 0.368314 0.013521 0.018455
48 0.885069 0.380513 0.018124 0.016578
48 0.831415 0.268064 0.031070 0.012512
48 0.846663 0.248514 0.004028 0.005943
48 0.818038 0.244292 0.010069 0.007507
48 0.798188 0.241946 0.016974 0.006569
48 0.752445 0.243979 0.010644 0.022521
48 0.744102 0.274476 0.011220 0.014076
48 0.779200 0.279324 0.038262 0.014388
48 0.775604 0.267751 0.043728 0.014388
48 0.805092 0.291680 0.019275 0.027213
48 0.802791 0.262121 0.011795 0.024398
48 0.744102 0.260088 0.016974 0.014701
48 0.707566 0.304661 0.012371 0.006256
48 0.698072 0.280732 0.016398 0.016578
48 0.713751 0.286362 0.016686 0.017829
48 0.781933 0.332186 0.007480 0.006881
48 0.765967 0.339850 0.018124 0.017829
48 0.680236 0.398342 0.014672 0.014076
48 0.676208 0.408821 0.008918 0.008758
48 0.768700 0.395527 0.009781 0.012825
48 0.779488 0.397873 0.011795 0.016891
48 0.793585 0.377854 0.006041 0.005005
48 0.733314 0.336253 0.016686 0.019393
48 0.740938 0.323897 0.023878 0.007820
48 0.833142 0.407726 0.010932 0.009071
48 0.850259 0.390992 0.012946 0.021896
48 0.847238 0.331561 0.010357 0.006881
48 0.838320 0.330935 0.014384 0.019393
48 0.819333 0.301376 0.007480 0.004692
48 0.820196 0.307163 0.008055 0.005630
48 0.944620 0.223334 0.007192 0.003754
48 0.819620 0.222240 0.013234 0.009071
48 0.865938 0.222240 0.010932 0.015327
48 0.864499 0.233969 0.009206 0.009384
48 0.926064 0.193463 0.013809 0.009071
48 0.951956 0.221458 0.009781 0.005630
48 0.947353 0.213638 0.009781 0.011886
48 0.953107 0.228495 0.008055 0.007820
48 0.965909 0.158899 0.010644 0.005630
48 0.956272 0.159525 0.008055 0.004379
48 0.958285 0.194714 0.005754 0.012199
48 0.981588 0.193150 0.006329 0.009071
48 0.966053 0.165624 0.020713 0.010322
48 0.962888 0.176572 0.016686 0.010322
48 0.941456 0.153738 0.017549 0.011573
48 0.922325 0.140131 0.009206 0.013763
48 0.871404 0.117767 0.007480 0.009071
48 0.873849 0.121989 0.003740 0.001877
48 0.903049 0.225837 0.020138 0.018768
48 0.819333 0.209571 0.009781 0.017516
48 0.846087 0.202534 0.026467 0.023459
48 0.863780 0.187207 0.012371 0.018455
48 0.869965 0.211605 0.010357 0.020332
48 0.962025 0.223178 0.011507 0.013450
5 0.938579 0.258367 0.004891 0.003754
5 0.945627 0.271505 0.002877 0.004379
48 0.976841 0.330622 0.014097 0.021270
48 0.961594 0.329058 0.018700 0.011261
48 0.943757 0.333594 0.016398 0.019706
50 0.967204 0.295590 0.013809 0.013137
48 0.926064 0.291523 0.006329 0.011886
48 0.933257 0.282765 0.009781 0.008133
48 0.911536 0.286519 0.010644 0.009384
4 0.895282 0.248671 0.003452 0.005005
5 0.949367 0.281045 0.002877 0.004692
5 0.951669 0.266969 0.004028 0.002815
5 0.952100 0.263372 0.004315 0.002502
5 0.957422 0.274789 0.002301 0.002190
5 0.958142 0.278542 0.002014 0.001564
48 0.961738 0.278855 0.006329 0.014701
48 0.952532 0.293244 0.013234 0.010948
48 0.959005 0.305130 0.010069 0.012199
48 0.959868 0.233657 0.011795 0.009384
48 0.876007 0.248671 0.010357 0.003754
48 0.876295 0.251799 0.010357 0.005630
48 0.755178 0.217235 0.013234 0.010322
48 0.722526 0.238505 0.007768 0.012825
48 0.713464 0.220363 0.010357 0.017204
48 0.767261 0.212699 0.016110 0.009384
48 0.788119 0.191742 0.004315 0.008758
48 0.840478 0.187989 0.021577 0.007507
48 0.818901 0.316703 0.006617 0.006569
48 0.814730 0.338129 0.019563 0.020019
48 0.817319 0.358148 0.014384 0.018768
48 0.638234 0.307789 0.020426 0.013137
48 0.695915 0.253050 0.023015 0.010009
48 0.696203 0.265092 0.023015 0.015952
48 0.730581 0.202846 0.018124 0.012825
48 0.910242 0.323428 0.008055 0.008133
48 0.888809 0.321239 0.005466 0.007507
48 0.831703 0.569440 0.013234 0.006569
48 0.704258 0.185330 0.019563 0.020957
48 0.739931 0.187676 0.028193 0.021270
48 0.756329 0.204567 0.008631 0.008758
48 0.758918 0.195496 0.017837 0.009384
48 0.747986 0.167344 0.009781 0.018142
48 0.760932 0.169847 0.020138 0.019393
48 0.762371 0.153738 0.015535 0.010948
48 0.730006 0.166719 0.010069 0.008133
48 0.820627 0.118705 0.014097 0.009697
48 0.823360 0.137316 0.010932 0.006256
48 0.834148 0.134501 0.009494 0.011886
48 0.966341 0.141226 0.009781 0.015952
48 0.953107 0.143103 0.009206 0.014701
48 0.949079 0.182202 0.013234 0.012825
48 0.964183 0.184548 0.016974 0.008133
48 0.894275 0.124961 0.010069 0.012825
48 0.898447 0.137942 0.014960 0.015640
48 0.884925 0.138255 0.011507 0.006256
48 0.866657 0.139506 0.008343 0.006256
48 0.885932 0.126525 0.008343 0.015327
48 0.922612 0.106193 0.012658 0.006569
48 0.907221 0.092274 0.011795 0.008133
48 0.870685 0.081326 0.018124 0.017516
48 0.957854 0.087269 0.011795 0.018768
48 0.933544 0.064123 0.024166 0.010009
48 0.931099 0.057398 0.021001 0.008445
48 0.930667 0.073663 0.008055 0.003441
48 0.929517 0.079449 0.011507 0.007507
48 0.796461 0.076165 0.018124 0.007820
48 0.793441 0.092430 0.010357 0.011573
48 0.792578 0.104317 0.009206 0.007820
48 0.812428 0.100876 0.009206 0.009071
48 0.820483 0.097122 0.013234 0.014701
48 0.854430 0.100094 0.016110 0.017516
48 0.803941 0.102753 0.007768 0.010948
48 0.831415 0.100250 0.011507 0.005943
48 0.706559 0.042227 0.012658 0.010635
5 0.766686 0.045355 0.004603 0.003128
5 0.761507 0.046763 0.005178 0.003441
48 0.819476 0.059118 0.012371 0.011886
48 0.830840 0.078355 0.025316 0.012199
48 0.835875 0.060838 0.012371 0.019706
48 0.831703 0.070848 0.004603 0.004066
48 0.881329 0.060838 0.011220 0.020957
5 0.811853 0.454176 0.002301 0.005005
5 0.822497 0.454019 0.002301 0.004066
5 0.826956 0.452768 0.001438 0.004066
5 0.837745 0.451204 0.002301 0.004066
48 0.748562 0.434626 0.008055 0.012199
48 0.755466 0.433844 0.008631 0.015014
48 0.763953 0.445730 0.014097 0.010635
48 0.761651 0.454801 0.011795 0.008758
48 0.769994 0.454332 0.008918 0.010322
48 0.785529 0.428058 0.026180 0.019706
5 0.798188 0.503910 0.009494 0.009384
50 0.719649 0.471692 0.005466 0.009384
48 0.752014 0.479668 0.006329 0.010322
48 0.770426 0.476541 0.014960 0.014076
48 0.762514 0.491867 0.008918 0.009697
48 0.782365 0.506256 0.008343 0.008445
48 0.775460 0.486237 0.016398 0.013450
48 0.695196 0.491555 0.010644 0.005317
48 0.657652 0.545511 0.012083 0.008133
48 0.677071 0.561777 0.010069 0.010009
50 0.649310 0.595402 0.010932 0.015327
48 0.638665 0.632624 0.010932 0.014076
48 0.647583 0.617923 0.004028 0.007194
48 0.703251 0.590084 0.002589 0.004066
48 0.755322 0.575540 0.013521 0.013137
48 0.706415 0.601189 0.010644 0.010635
48 0.719649 0.600563 0.015823 0.011886
48 0.807537 0.563497 0.004603 0.006569
48 0.802359 0.571160 0.006904 0.010635
48 0.869246 0.606350 0.012946 0.018455
48 0.841053 0.633250 0.008918 0.004692
48 0.815017 0.656709 0.006904 0.009697
48 0.808544 0.657335 0.007192 0.008445
48 0.809839 0.558023 0.012658 0.015014
48 0.798475 0.558336 0.010644 0.013763
48 0.787831 0.608226 0.018124 0.008445
48 0.544304 0.612762 0.020138 0.009384
48 0.549626 0.631373 0.015823 0.009071
48 0.421174 0.643728 0.015535 0.013137
48 0.443469 0.634970 0.018124 0.010009
50 0.587745 0.627776 0.005754 0.006256
48 0.634781 0.550203 0.008918 0.015640
48 0.664413 0.527369 0.014097 0.006881
48 0.639241 0.050203 0.008055 0.015327
48 0.594217 0.052706 0.035961 0.022834
48 0.572641 0.072568 0.018124 0.021270
48 0.621835 0.070066 0.015823 0.021270
48 0.646145 0.107914 0.009206 0.009384
48 0.661392 0.117923 0.021864 0.008758
48 0.671605 0.169065 0.006617 0.004066
48 0.663119 0.168752 0.008055 0.004692
48 0.712313 0.146074 0.006904 0.003754
5 0.658372 0.007194 0.003165 0.005630
48 0.612342 0.251329 0.007192 0.005943
48 0.595368 0.268846 0.003740 0.005317
48 0.606588 0.273694 0.003740 0.005005
48 0.896145 0.496872 0.005178 0.012199
48 0.900460 0.488583 0.009781 0.003754
48 0.900460 0.482640 0.018987 0.008133
48 0.853999 0.487175 0.003740 0.005317
48 0.787399 0.546606 0.005178 0.013450
48 0.719074 0.543009 0.012371 0.006881
48 0.693901 0.392868 0.006904 0.011261
48 0.712888 0.373944 0.008631 0.009697
48 0.720081 0.378949 0.009206 0.027213
48 0.737773 0.409759 0.004891 0.005630
48 0.720512 0.395371 0.012946 0.015640
48 0.702100 0.413200 0.015823 0.014388
48 0.715621 0.412261 0.011220 0.015014
48 0.811134 0.387707 0.005466 0.013450
5 0.903769 0.184861 0.003740 0.001877
48 0.887802 0.189396 0.012658 0.020332
48 0.787112 0.001720 0.025316 0.003441
48 0.355581 0.520019 0.002877 0.001564
48 0.320771 0.526744 0.005754 0.005630
4 0.366513 0.506725 0.002301 0.003128
48 0.319764 0.540350 0.006041 0.003441
48 0.483890 0.694557 0.004603 0.003441
48 0.618527 0.688302 0.002877 0.002190
48 0.680092 0.862058 0.011507 0.004379
48 0.663550 0.864404 0.014097 0.010322
48 0.236910 0.944792 0.012371 0.013450
5 0.207854 0.990773 0.002589 0.005317
5 0.201381 0.991711 0.003452 0.004692
48 0.423331 0.961214 0.020426 0.011886
48 0.421030 0.944166 0.004891 0.004692
48 0.491945 0.985924 0.013809 0.008758
48 0.870829 0.657648 0.038550 0.005943
48 0.821778 0.642634 0.015247 0.019706
48 0.943182 0.439474 0.007192 0.004379
48 0.707422 0.131999 0.006329 0.006256
48 0.701525 0.133719 0.006041 0.005943
48 0.673475 0.134501 0.002301 0.005630
48 0.665708 0.134501 0.012658 0.005005
48 0.898015 0.007820 0.008918 0.008133
48 0.916139 0.017986 0.009494 0.008445
48 0.870397 0.004066 0.010644 0.003128
48 0.904056 0.015327 0.009494 0.006256
48 0.865794 0.778073 0.010644 0.017204
48 0.872842 0.775884 0.004028 0.014076
48 0.728136 0.868940 0.006904 0.006881
48 0.641110 0.785580 0.008343 0.013450
48 0.712888 0.111980 0.013234 0.015640
48 0.687716 0.133406 0.021001 0.017204
5 0.862342 0.677823 0.001438 0.003128
5 0.887227 0.255865 0.002877 0.004379
6 0.584580 0.027682 0.002877 0.005317
5 0.790852 0.774007 0.001151 0.002190
48 0.774597 0.497028 0.017549 0.011886
48 0.792722 0.491085 0.017549 0.016265
5 0.908084 0.276040 0.004315 0.002190
51 0.845800 0.213794 0.044304 0.027839
52 0.436133 0.242571 0.185846 0.201752
