48 0.006473 0.445418 0.012946 0.016265
9 0.002301 0.061151 0.004603 0.002190
48 0.015247 0.244292 0.023015 0.021270
48 0.001726 0.109947 0.003452 0.020957
48 0.008343 0.316078 0.011507 0.022208
48 0.008918 0.335940 0.010932 0.016891
48 0.010213 0.667344 0.012371 0.021583
48 0.010213 0.688145 0.012371 0.019393
48 0.019563 0.745073 0.018987 0.028151
48 0.027906 0.771817 0.028769 0.025336
48 0.001870 0.227088 0.003740 0.021270
48 0.004171 0.271035 0.008343 0.020332
48 0.006617 0.406006 0.011507 0.020019
48 0.006473 0.423366 0.011795 0.015327
48 0.007480 0.474664 0.014960 0.042853
48 0.004891 0.512199 0.009781 0.024085
48 0.005610 0.637003 0.011220 0.024711
48 0.004747 0.012668 0.009494 0.025336
48 0.015535 0.967939 0.010932 0.017829
48 0.015104 0.981076 0.012371 0.010322
48 0.011939 0.938849 0.023303 0.010322
48 0.013809 0.926963 0.021289 0.012199
48 0.013809 0.918674 0.021289 0.008133
48 0.014528 0.886143 0.015823 0.016891
48 0.015247 0.903816 0.014960 0.024085
48 0.008774 0.834063 0.017549 0.009071
48 0.009781 0.839537 0.016110 0.006256
48 0.013377 0.846106 0.011795 0.011886
48 0.016110 0.859556 0.007480 0.008758
48 0.011939 0.794495 0.016398 0.015014
48 0.018412 0.635439 0.014960 0.021583
48 0.009494 0.380044 0.013234 0.015014
48 0.004459 0.136691 0.008918 0.020644
48 0.009350 0.715045 0.018700 0.023147
48 0.009925 0.362684 0.011220 0.021583
48 0.005898 0.573663 0.011795 0.019393
48 0.004603 0.181889 0.009206 0.019706
48 0.004747 0.157491 0.009494 0.020332
48 0.005322 0.198624 0.010644 0.018768
48 0.011364 0.780888 0.013521 0.016578
48 0.005610 0.553800 0.011220 0.019080
48 0.017261 0.611354 0.014960 0.026587
48 0.167434 0.988114 0.020713 0.018142
48 0.169591 0.997654 0.010069 0.004692
5 0.946778 0.982484 0.004028 0.002502
48 0.217348 0.990929 0.021577 0.018142
48 0.208429 0.997028 0.016398 0.005943
48 0.152762 0.998123 0.023590 0.003754
48 0.147296 0.993901 0.018987 0.011573
48 0.147727 0.996559 0.015247 0.006881
48 0.032365 0.990460 0.022727 0.019080
48 0.070339 0.991242 0.011220 0.017516
5 0.873418 0.984673 0.006329 0.003754
48 0.982739 0.960119 0.034522 0.050985
48 0.059120 0.990460 0.012946 0.019080
5 0.954114 0.982953 0.006617 0.002815
48 0.231156 0.986550 0.018700 0.025649
5 0.885788 0.985455 0.005754 0.003441
5 0.879028 0.983266 0.004315 0.002815
51 0.130466 0.997498 0.024453 0.005005
48 0.989499 0.827964 0.021001 0.025649
48 0.988636 0.875196 0.022727 0.025649
48 0.990219 0.855489 0.019563 0.016891
48 0.995397 0.842978 0.009206 0.009384
5 0.988349 0.463403 0.004315 0.002190
48 0.986766 0.033156 0.016110 0.025023
48 0.994102 0.620425 0.011795 0.037848
48 0.978280 0.065530 0.015823 0.018455
48 0.977992 0.092587 0.016398 0.030028
48 0.977417 0.129184 0.017549 0.021896
48 0.977273 0.153269 0.017837 0.023772
48 0.992376 0.677979 0.015247 0.020332
48 0.993383 0.328746 0.013234 0.020644
48 0.990362 0.212699 0.019275 0.013763
48 0.985472 0.191586 0.011220 0.029090
48 0.988780 0.267595 0.018412 0.031592
48 0.990794 0.295120 0.018412 0.022834
48 0.992808 0.358930 0.014384 0.029715
48 0.993959 0.383641 0.012083 0.020957
48 0.993959 0.409446 0.012083 0.018768
48 0.994390 0.426806 0.011220 0.020332
48 0.993959 0.446825 0.012083 0.022208
48 0.991082 0.713794 0.017837 0.015014
48 0.989068 0.728652 0.021864 0.015327
48 0.992232 0.659681 0.015535 0.021270
48 0.979862 0.510009 0.034522 0.029715
48 0.988205 0.745073 0.021864 0.016265
48 0.987917 0.909603 0.024166 0.045042
48 0.991513 0.698937 0.016974 0.019706
48 0.987917 0.759931 0.021289 0.015327
48 0.988493 0.491555 0.015535 0.013450
48 0.987486 0.775571 0.020426 0.015952
48 0.990650 0.477479 0.018700 0.019080
48 0.924914 0.884736 0.017261 0.012825
48 0.701669 0.779950 0.021289 0.013450
48 0.639960 0.635439 0.031933 0.020957
48 0.985903 0.843291 0.011507 0.010009
48 0.887658 0.694870 0.029632 0.017829
48 0.970224 0.638255 0.019850 0.020332
48 0.856444 0.631842 0.028193 0.016265
48 0.699367 0.721614 0.020713 0.015014
48 0.969361 0.658586 0.017549 0.020957
48 0.752302 0.722240 0.020713 0.013763
5 0.036680 0.482014 0.003740 0.001877
48 0.031933 0.499374 0.021864 0.029715
48 0.054229 0.524085 0.010069 0.020957
48 0.079833 0.553175 0.012371 0.019706
48 0.092779 0.551767 0.011795 0.018142
48 0.105581 0.550673 0.013234 0.017829
48 0.142261 0.571317 0.011795 0.015952
48 0.071922 0.469346 0.011507 0.019080
48 0.071203 0.449797 0.009494 0.020644
48 0.027043 0.469190 0.010932 0.018142
48 0.140391 0.398499 0.016110 0.022521
48 0.158659 0.394589 0.019275 0.012825
48 0.187284 0.411949 0.017837 0.027526
48 0.141830 0.429934 0.018412 0.015952
48 0.205696 0.419143 0.017837 0.013763
48 0.143268 0.489521 0.018412 0.011886
48 0.162975 0.526431 0.016974 0.013763
48 0.262227 0.403503 0.017549 0.009384
48 0.445627 0.411323 0.019563 0.025023
48 0.701237 0.390522 0.017549 0.029090
48 0.682250 0.365499 0.018124 0.029090
48 0.518556 0.840319 0.021577 0.032843
48 0.458861 0.879731 0.021864 0.017829
48 0.387371 0.867688 0.019850 0.018142
48 0.238493 0.928527 0.021864 0.017829
47 0.054229 0.868001 0.008343 0.006256
47 0.057250 0.871286 0.004028 0.003441
47 0.035817 0.880044 0.019275 0.014076
48 0.248993 0.974820 0.021001 0.020332
48 0.034522 0.813262 0.018987 0.028151
48 0.096807 0.507038 0.018124 0.018768
48 0.158084 0.366750 0.019850 0.024085
48 0.138521 0.353144 0.019850 0.023147
48 0.137802 0.315296 0.020138 0.005630
48 0.092491 0.373162 0.018700 0.009384
48 0.093498 0.382703 0.018987 0.010948
48 0.093642 0.394589 0.019275 0.012199
48 0.111623 0.370816 0.018412 0.012825
48 0.112198 0.389897 0.018987 0.023459
48 0.113493 0.429934 0.015823 0.011573
5 0.977704 0.037379 0.002014 0.004066
5 0.966628 0.045355 0.004603 0.002502
5 0.885788 0.079919 0.002877 0.005317
5 0.886651 0.124648 0.002877 0.004066
5 0.886651 0.159994 0.002301 0.004066
5 0.880754 0.170942 0.002014 0.004692
5 0.875719 0.172036 0.002877 0.005630
5 0.885213 0.188771 0.002301 0.004692
5 0.886220 0.193932 0.002014 0.004379
5 0.886220 0.199249 0.002589 0.005005
5 0.885932 0.209728 0.002014 0.004066
5 0.875000 0.217235 0.002589 0.004692
5 0.859753 0.238036 0.003740 0.002502
5 0.852704 0.235533 0.002301 0.004379
5 0.847957 0.236159 0.002589 0.005005
5 0.845224 0.236003 0.002301 0.004692
5 0.841053 0.237254 0.002589 0.003441
5 0.819908 0.245855 0.004603 0.003128
5 0.838608 0.237566 0.002301 0.004066
5 0.820052 0.262590 0.002014 0.004692
5 0.822209 0.262121 0.002301 0.004379
5 0.824799 0.262277 0.002301 0.004692
5 0.822353 0.258836 0.005466 0.001564
5 0.817319 0.262277 0.001726 0.003441
5 0.801496 0.263059 0.004603 0.002502
5 0.777618 0.266969 0.002301 0.004066
5 0.760788 0.268533 0.002014 0.003441
5 0.839039 0.257429 0.004891 0.001877
5 0.834724 0.261339 0.002589 0.005317
5 0.837313 0.261495 0.002589 0.003754
5 0.841053 0.265405 0.005466 0.002815
5 0.841484 0.267751 0.004603 0.001877
5 0.863636 0.256021 0.004028 0.002190
5 0.843354 0.280732 0.002014 0.004692
5 0.843498 0.288395 0.002877 0.005630
5 0.851410 0.291992 0.002014 0.004066
5 0.850834 0.276666 0.002014 0.004692
5 0.848677 0.317172 0.002877 0.005005
5 0.853280 0.302471 0.002877 0.005005
5 0.797612 0.330935 0.004891 0.001877
5 0.875000 0.327182 0.004891 0.001877
5 0.893268 0.324210 0.004603 0.002190
5 0.938147 0.320300 0.004603 0.002502
5 0.937284 0.312480 0.004028 0.001877
5 0.852560 0.270097 0.002014 0.002815
5 0.878021 0.256803 0.002301 0.004379
5 0.875719 0.256647 0.002301 0.004692
5 0.880035 0.256803 0.001726 0.004379
5 0.883199 0.256490 0.002877 0.005005
5 0.888665 0.256334 0.002301 0.004692
5 0.895570 0.255865 0.005178 0.002502
5 0.913550 0.251955 0.002589 0.004692
5 0.915995 0.252111 0.002301 0.004379
5 0.924914 0.236472 0.004603 0.002502
5 0.922900 0.228965 0.002301 0.004379
5 0.928510 0.231311 0.004891 0.002190
5 0.948792 0.235221 0.004603 0.002502
5 0.972814 0.225680 0.004891 0.002190
5 0.961162 0.251017 0.002301 0.004692
5 0.964039 0.251329 0.002301 0.004692
5 0.971807 0.255396 0.002301 0.004066
5 0.847094 0.351892 0.002589 0.004379
5 0.808113 0.330779 0.004028 0.001564
5 0.780783 0.375665 0.002301 0.005005
5 0.764384 0.404129 0.004028 0.001877
5 0.669448 0.276978 0.002301 0.005317
5 0.689154 0.275884 0.002014 0.004379
5 0.702532 0.251642 0.002301 0.004692
5 0.671893 0.261652 0.004891 0.002190
5 0.626007 0.258054 0.005178 0.002502
5 0.631761 0.257116 0.002877 0.005005
5 0.638953 0.281201 0.002301 0.004379
5 0.600978 0.224429 0.002301 0.004066
11 0.541139 0.251955 0.003452 0.009071
5 0.474971 0.221145 0.002301 0.003754
5 0.458717 0.283703 0.004891 0.003128
5 0.269994 0.254457 0.002589 0.004692
5 0.273159 0.295746 0.002014 0.004692
5 0.219649 0.279794 0.002589 0.004692
5 0.224396 0.261808 0.002877 0.004379
5 0.313579 0.187832 0.002877 0.005943
10 0.268124 0.186425 0.002301 0.004379
5 0.304804 0.204254 0.004315 0.001877
5 0.219074 0.197842 0.002589 0.004692
5 0.217348 0.205036 0.003740 0.005317
5 0.220944 0.218330 0.002301 0.005005
5 0.212601 0.205192 0.004028 0.003128
5 0.223820 0.373944 0.002877 0.004692
5 0.218354 0.385518 0.002301 0.004692
5 0.219505 0.393181 0.002877 0.005005
5 0.223820 0.229590 0.002301 0.003128
5 0.218642 0.056303 0.004603 0.003128
5 0.198216 0.057398 0.004603 0.002190
5 0.170455 0.059274 0.004891 0.002190
5 0.158947 0.057241 0.004891 0.002502
5 0.179085 0.025180 0.002589 0.004066
5 0.175633 0.025962 0.002589 0.004379
5 0.125863 0.028308 0.002589 0.004692
5 0.117664 0.020488 0.001726 0.004692
5 0.117952 0.031749 0.001726 0.004692
11 0.018412 0.066781 0.002877 0.005317
11 0.006185 0.067407 0.002589 0.004692
5 0.010213 0.119643 0.004891 0.002190
5 0.038550 0.209884 0.004603 0.002502
5 0.029344 0.212543 0.004603 0.001564
5 0.074655 0.308883 0.002014 0.004692
5 0.075086 0.318580 0.002877 0.005317
5 0.080552 0.332499 0.002301 0.004379
5 0.126870 0.333125 0.002301 0.004379
5 0.124137 0.390053 0.002589 0.004379
5 0.020282 0.465124 0.002589 0.005005
5 0.027474 0.482171 0.004891 0.002190
5 0.074367 0.480920 0.004315 0.002190
5 0.065161 0.538786 0.004891 0.002815
5 0.138090 0.582577 0.004603 0.002190
5 0.121116 0.614013 0.002301 0.004379
10 0.073073 0.731623 0.002877 0.004379
5 0.068326 0.711605 0.002014 0.004379
5 0.055236 0.842978 0.002877 0.004379
48 0.240362 0.333750 0.019850 0.010635
5 0.170455 0.809509 0.002589 0.005005
5 0.167290 0.747732 0.002014 0.005317
5 0.178366 0.638098 0.005178 0.001877
5 0.188867 0.581170 0.004891 0.001877
5 0.204545 0.044729 0.004603 0.001877
5 0.171030 0.423522 0.002589 0.005005
5 0.221087 0.441820 0.002014 0.005317
5 0.274453 0.436190 0.002301 0.004692
5 0.224540 0.487488 0.002014 0.003441
5 0.229862 0.540194 0.002301 0.005005
5 0.229287 0.554582 0.001726 0.004379
5 0.233746 0.551611 0.002014 0.005317
5 0.234033 0.560682 0.002589 0.004692
5 0.234321 0.571942 0.002589 0.004692
5 0.261651 0.583203 0.004891 0.001564
5 0.287112 0.585393 0.004028 0.002815
5 0.267693 0.778073 0.004891 0.002190
5 0.268124 0.780576 0.004603 0.002190
5 0.270282 0.634814 0.004891 0.002815
5 0.252589 0.128402 0.005754 0.001564
5 0.475259 0.056928 0.003452 0.003754
10 0.479718 0.126838 0.002589 0.004066
10 0.475690 0.253050 0.002589 0.004379
5 0.488493 0.425712 0.002301 0.003754
5 0.490506 0.483891 0.002301 0.005005
5 0.332710 0.580231 0.004891 0.001877
5 0.393412 0.579762 0.004891 0.002815
5 0.405063 0.579919 0.004028 0.001877
5 0.533947 0.576322 0.003452 0.002190
5 0.594937 0.520332 0.005178 0.002190
5 0.597382 0.569440 0.004891 0.002190
5 0.621260 0.577573 0.004891 0.002190
5 0.641686 0.574288 0.004315 0.001877
5 0.667578 0.569753 0.004891 0.002190
5 0.652330 0.570222 0.004891 0.001877
5 0.656358 0.576791 0.004891 0.001877
39 0.640104 0.540976 0.004028 0.006569
39 0.638234 0.555208 0.007192 0.005005
5 0.659522 0.698311 0.004891 0.002190
5 0.608170 0.859399 0.002301 0.003441
10 0.630610 0.932124 0.004028 0.002502
5 0.666283 0.936816 0.004603 0.001877
39 0.698216 0.941508 0.006329 0.003128
39 0.684551 0.945105 0.004891 0.002815
10 0.710875 0.677823 0.002301 0.005005
39 0.605869 0.697060 0.002301 0.004066
5 0.563723 0.870816 0.004315 0.001877
5 0.745685 0.200657 0.002877 0.004066
5 0.777762 0.184235 0.004891 0.002502
5 0.774885 0.154989 0.002014 0.003441
5 0.919591 0.376290 0.002589 0.004379
5 0.920023 0.395840 0.002301 0.004692
5 0.846087 0.447451 0.002301 0.004066
5 0.867664 0.457929 0.004603 0.002502
5 0.871260 0.463560 0.003740 0.001877
5 0.880322 0.464029 0.004603 0.002190
5 0.844937 0.479981 0.004603 0.002190
5 0.846375 0.484204 0.002301 0.003754
5 0.846231 0.490147 0.002014 0.004379
5 0.848101 0.494213 0.002877 0.005005
5 0.902762 0.589146 0.005178 0.002815
5 0.902043 0.593212 0.003740 0.002190
5 0.921749 0.464029 0.004603 0.002190
6 0.920455 0.452612 0.002014 0.004379
5 0.921749 0.445418 0.001726 0.004379
5 0.963895 0.462621 0.004891 0.002502
5 0.981300 0.454801 0.002877 0.004379
5 0.986191 0.434313 0.004603 0.002190
6 0.985759 0.421176 0.003165 0.004692
5 0.985903 0.410698 0.003452 0.001877
5 0.970656 0.312793 0.005178 0.002502
5 0.973101 0.316703 0.004315 0.002190
5 0.979287 0.336096 0.002877 0.004692
5 0.979143 0.345324 0.002014 0.003754
5 0.984609 0.365499 0.002589 0.005317
5 0.978711 0.366906 0.002877 0.004379
5 0.979574 0.351736 0.002301 0.004066
5 0.984465 0.386300 0.002301 0.004379
5 0.892980 0.592587 0.004603 0.002190
5 0.984465 0.658273 0.001726 0.004692
5 0.981013 0.673287 0.002301 0.004066
5 0.940593 0.671567 0.005466 0.001877
5 0.943470 0.669065 0.004315 0.001877
5 0.945627 0.671567 0.004028 0.001877
5 0.954833 0.671567 0.004028 0.001877
5 0.905207 0.690960 0.002014 0.003754
10 0.901323 0.710041 0.002301 0.005005
10 0.903913 0.751017 0.002301 0.004379
5 0.909522 0.774320 0.002014 0.004066
5 0.909522 0.780263 0.002014 0.004692
5 0.909522 0.784798 0.002014 0.004379
5 0.905351 0.807163 0.002301 0.004692
5 0.914125 0.805130 0.002014 0.005005
5 0.905063 0.852362 0.002301 0.003754
5 0.908516 0.871129 0.002301 0.005005
5 0.870109 0.908977 0.004891 0.001877
5 0.978567 0.788083 0.004315 0.002190
5 0.979430 0.800438 0.002014 0.004379
5 0.969361 0.809040 0.002589 0.005317
5 0.975115 0.816234 0.002589 0.004692
5 0.977417 0.817642 0.002014 0.004379
5 0.977848 0.823897 0.002301 0.004379
5 0.965621 0.821395 0.002589 0.005005
6 0.967923 0.828589 0.002589 0.005005
5 0.974827 0.851892 0.002589 0.004066
5 0.974540 0.862058 0.002014 0.004379
5 0.971375 0.881295 0.002589 0.004066
5 0.969217 0.885674 0.002301 0.004066
5 0.972670 0.885674 0.001726 0.003441
5 0.972670 0.890835 0.002301 0.003754
5 0.971663 0.898655 0.002589 0.004379
5 0.971231 0.903503 0.002301 0.004692
10 0.970800 0.910072 0.003165 0.004692
5 0.969505 0.915546 0.002301 0.004379
5 0.962888 0.936347 0.002301 0.005317
5 0.968786 0.934001 0.002589 0.005005
5 0.877158 0.971849 0.005178 0.002502
5 0.968067 0.950266 0.002301 0.003754
5 0.967491 0.957929 0.002301 0.004692
48 0.810990 0.034876 0.014960 0.010322
48 0.923331 0.089772 0.013521 0.011261
5 0.915708 0.229590 0.002301 0.004379
5 0.941887 0.312637 0.004028 0.002190
48 0.960875 0.354082 0.021289 0.015014
48 0.897583 0.356897 0.025316 0.017516
48 0.896289 0.339068 0.020426 0.015640
48 0.871116 0.357523 0.021864 0.015014
48 0.873993 0.393181 0.023590 0.016891
48 0.893268 0.392868 0.014960 0.020644
48 0.903193 0.429465 0.016398 0.016891
5 0.870685 0.663122 0.004315 0.001877
5 0.865506 0.663434 0.004891 0.001251
5 0.860616 0.662809 0.004315 0.001877
48 0.949367 0.717391 0.015535 0.024711
48 0.883199 0.712074 0.023015 0.017204
48 0.865075 0.763528 0.008631 0.015640
48 0.888234 0.798874 0.026180 0.018768
48 0.927647 0.804504 0.021577 0.016265
48 0.949367 0.820769 0.029919 0.016265
48 0.863061 0.837348 0.021864 0.015014
5 0.840334 0.841414 0.002301 0.004379
48 0.913406 0.956365 0.014960 0.018455
48 0.885501 0.952925 0.014384 0.019080
48 0.870541 0.949327 0.014960 0.017516
48 0.824511 0.943072 0.016686 0.021896
5 0.800345 0.890679 0.002301 0.004692
48 0.825086 0.856272 0.023590 0.014701
5 0.780207 0.856897 0.002301 0.004692
5 0.769707 0.825305 0.004315 0.002190
5 0.840190 0.815608 0.002014 0.004066
48 0.798188 0.822490 0.017549 0.013450
48 0.822785 0.770723 0.024166 0.016891
48 0.792434 0.768377 0.009494 0.011573
5 0.839183 0.747576 0.002301 0.003754
48 0.793872 0.719268 0.025604 0.012199
48 0.793441 0.733344 0.022440 0.015952
48 0.817606 0.679700 0.017837 0.019393
48 0.868815 0.574445 0.015535 0.024085
48 0.820483 0.427432 0.012083 0.018455
48 0.804661 0.409290 0.013809 0.017204
48 0.818757 0.223647 0.014960 0.020644
48 0.834292 0.200500 0.013234 0.018142
48 0.803366 0.225524 0.015247 0.021270
48 0.788262 0.227401 0.014960 0.021270
48 0.773734 0.227244 0.014672 0.021583
48 0.759206 0.228965 0.014960 0.021270
48 0.863205 0.200031 0.012946 0.019706
48 0.861766 0.175164 0.019275 0.011261
48 0.785673 0.172975 0.020138 0.015640
48 0.839902 0.112918 0.019275 0.013763
48 0.756473 0.082577 0.015247 0.013763
48 0.758343 0.166250 0.016686 0.019080
48 0.759350 0.202064 0.014672 0.023772
48 0.752445 0.598217 0.014672 0.024085
48 0.731876 0.591961 0.017837 0.012825
48 0.709148 0.591961 0.018987 0.012825
48 0.687860 0.593056 0.016110 0.013137
48 0.754028 0.799030 0.017261 0.013450
48 0.735759 0.811698 0.018700 0.015640
48 0.798188 0.857523 0.026755 0.013450
48 0.625144 0.918361 0.015535 0.018768
48 0.703251 0.873162 0.021001 0.019080
48 0.648303 0.815296 0.016974 0.013450
48 0.625000 0.832030 0.018700 0.013763
48 0.700230 0.749140 0.018987 0.012512
48 0.619534 0.696591 0.017549 0.013763
48 0.620541 0.682202 0.020138 0.012512
48 0.615362 0.595402 0.015535 0.020957
48 0.659522 0.561933 0.023878 0.017204
5 0.630898 0.348764 0.005178 0.002502
5 0.652906 0.349234 0.004315 0.002190
6 0.646577 0.350172 0.006617 0.002815
5 0.609033 0.324523 0.002877 0.004692
5 0.619102 0.411792 0.005178 0.002190
48 0.595224 0.428683 0.022440 0.012825
48 0.701237 0.447451 0.014672 0.019080
48 0.597814 0.535658 0.015535 0.020332
48 0.567463 0.536440 0.015823 0.023147
48 0.553510 0.539256 0.015535 0.023147
48 0.507911 0.537066 0.014672 0.024398
48 0.585731 0.689553 0.012083 0.006569
48 0.567031 0.691273 0.019563 0.008758
48 0.515967 0.711917 0.016398 0.013137
48 0.569045 0.752424 0.020138 0.015952
48 0.626151 0.786675 0.017549 0.011886
48 0.590334 0.826400 0.012083 0.010009
48 0.568757 0.885830 0.014384 0.018768
48 0.657077 0.920707 0.013809 0.018455
48 0.517980 0.816078 0.018700 0.013137
48 0.541427 0.814201 0.024166 0.014388
48 0.516398 0.771661 0.020713 0.012512
48 0.536249 0.696121 0.021864 0.012825
48 0.477273 0.746012 0.021289 0.013763
48 0.456703 0.793244 0.018124 0.015640
48 0.457710 0.804661 0.020713 0.011573
5 0.436853 0.792774 0.003740 0.002190
48 0.475547 0.674851 0.019563 0.014701
48 0.453539 0.676259 0.017549 0.012512
48 0.442463 0.538004 0.021289 0.016891
48 0.537255 0.502972 0.011795 0.015014
48 0.448072 0.498123 0.019275 0.014076
48 0.447209 0.467000 0.021001 0.013763
5 0.487054 0.449327 0.003452 0.004066
48 0.530783 0.396309 0.018987 0.016265
48 0.441600 0.391617 0.012083 0.013763
5 0.506473 0.352674 0.004315 0.002190
48 0.468642 0.374414 0.018412 0.013763
48 0.470512 0.388333 0.014672 0.012199
48 0.560270 0.241164 0.021001 0.012512
48 0.518556 0.127150 0.019850 0.010948
48 0.495829 0.043791 0.018700 0.013137
48 0.341197 0.911010 0.013809 0.020957
48 0.350547 0.909603 0.011220 0.014388
48 0.356588 0.904911 0.011220 0.013763
48 0.361623 0.897247 0.015535 0.019706
48 0.347238 0.897091 0.016110 0.011886
48 0.299626 0.944010 0.014672 0.017516
48 0.314873 0.894120 0.019850 0.015952
48 0.322929 0.902252 0.018700 0.015327
48 0.305955 0.885361 0.023303 0.019080
48 0.372123 0.820613 0.021001 0.011573
5 0.376007 0.772912 0.004028 0.004379
48 0.290995 0.664998 0.018700 0.012512
48 0.290708 0.690491 0.016974 0.010322
48 0.312284 0.508445 0.017549 0.010948
48 0.309120 0.498123 0.012371 0.013450
48 0.311709 0.486550 0.018700 0.010322
48 0.310846 0.461839 0.019275 0.010948
5 0.322497 0.445418 0.002301 0.004379
48 0.310414 0.451204 0.017837 0.010948
48 0.290995 0.462465 0.019850 0.010948
48 0.289845 0.427119 0.016398 0.011573
48 0.290276 0.404598 0.016110 0.009697
48 0.307106 0.354238 0.016398 0.010322
48 0.303941 0.261808 0.016974 0.015014
48 0.284522 0.251486 0.019563 0.011886
48 0.302934 0.238192 0.018987 0.012825
48 0.284235 0.238818 0.018987 0.012825
48 0.302359 0.226931 0.018987 0.011573
48 0.301784 0.213638 0.020713 0.014388
48 0.283659 0.214889 0.018987 0.014388
48 0.299626 0.102753 0.019850 0.011573
48 0.257768 0.286519 0.018987 0.011261
48 0.237198 0.284642 0.014097 0.009384
48 0.239931 0.451361 0.010932 0.008758
48 0.223101 0.839537 0.014097 0.017516
48 0.227273 0.859087 0.020713 0.019706
48 0.286680 0.898186 0.016398 0.017204
48 0.326956 0.920551 0.018124 0.020019
48 0.266830 0.943072 0.014672 0.011261
48 0.211594 0.939631 0.021577 0.018142
48 0.144850 0.927276 0.018700 0.009697
48 0.166283 0.916797 0.012658 0.013763
48 0.222957 0.912261 0.023015 0.014701
48 0.154776 0.842509 0.021289 0.010322
48 0.180955 0.699249 0.018412 0.010948
48 0.243959 0.513450 0.009781 0.007194
48 0.203539 0.406475 0.015247 0.011573
48 0.141110 0.453237 0.015823 0.010009
48 0.160961 0.441351 0.018700 0.010009
48 0.202963 0.335002 0.017549 0.011261
48 0.184983 0.310916 0.014384 0.014388
48 0.154344 0.132468 0.010644 0.019080
48 0.132911 0.131686 0.010932 0.016891
48 0.190736 0.196278 0.010357 0.019080
48 0.032221 0.360807 0.014384 0.019080
48 0.044016 0.361120 0.012083 0.017829
48 0.035961 0.133094 0.010357 0.017829
48 0.109177 0.136378 0.006041 0.012512
48 0.138809 0.242884 0.011220 0.017829
48 0.035242 0.288708 0.009494 0.020644
48 0.013809 0.288239 0.010357 0.019080
48 0.095944 0.490773 0.018124 0.013763
48 0.041571 0.554113 0.010069 0.015952
48 0.067894 0.570222 0.011507 0.016891
48 0.092204 0.570066 0.012371 0.016578
48 0.076237 0.846262 0.020713 0.017829
48 0.026036 0.838755 0.015247 0.017204
48 0.051208 0.877385 0.008055 0.013137
48 0.081415 0.959493 0.012083 0.013450
48 0.065880 0.964811 0.013234 0.015327
48 0.069333 0.955271 0.009206 0.005630
48 0.091053 0.970441 0.005466 0.009697
48 0.126438 0.973413 0.009494 0.011886
48 0.144131 0.959962 0.011507 0.010635
48 0.189730 0.928214 0.021577 0.006569
48 0.188723 0.938067 0.021289 0.010635
48 0.146577 0.906788 0.015823 0.008133
48 0.164988 0.906631 0.012946 0.007194
48 0.155351 0.899281 0.031646 0.008758
48 0.236191 0.884736 0.017261 0.008445
48 0.495109 0.260400 0.024741 0.016578
48 0.680524 0.792462 0.019275 0.042853
48 0.593067 0.392868 0.020426 0.015014
48 0.827100 0.370816 0.027043 0.018455
48 0.824511 0.357366 0.027618 0.011573
48 0.863636 0.221458 0.017261 0.018768
48 0.719505 0.229121 0.012658 0.019080
48 0.734465 0.209884 0.016686 0.018142
48 0.719505 0.203941 0.014384 0.020644
48 0.687428 0.065687 0.017549 0.012512
48 0.686277 0.041289 0.014097 0.020019
48 0.686421 0.018455 0.014384 0.020019
48 0.583717 0.013450 0.014384 0.007507
48 0.713176 0.067094 0.013234 0.016578
48 0.709868 0.081795 0.018700 0.012825
48 0.945196 0.004223 0.013521 0.008445
5 0.117664 0.015327 0.002877 0.003754
48 0.107883 0.010479 0.013809 0.020957
48 0.093067 0.010322 0.014097 0.020644
48 0.077819 0.010791 0.014672 0.021583
48 0.062572 0.011730 0.015247 0.023459
48 0.046605 0.013294 0.015535 0.026587
48 0.031789 0.011730 0.012946 0.020957
5 0.038119 0.046137 0.004891 0.002190
48 0.211018 0.007194 0.022152 0.014388
5 0.086594 0.058336 0.005178 0.002815
5 0.122699 0.053644 0.004891 0.002815
5 0.128452 0.052706 0.004891 0.002815
5 0.139528 0.050673 0.005178 0.003128
5 0.143700 0.057398 0.004891 0.002815
5 0.149741 0.060995 0.004315 0.002502
5 0.136364 0.060995 0.004603 0.002502
5 0.158372 0.051142 0.004315 0.002815
5 0.166283 0.052080 0.005178 0.002815
5 0.153193 0.052862 0.004891 0.003128
5 0.188579 0.048483 0.004315 0.002502
5 0.196778 0.051298 0.004028 0.002502
5 0.197929 0.048483 0.004603 0.002502
5 0.202963 0.050985 0.004891 0.003128
5 0.189730 0.058336 0.004891 0.002190
5 0.187140 0.064279 0.004891 0.002190
5 0.226410 0.057554 0.005178 0.002502
4 0.226122 0.046763 0.005178 0.002190
5 0.242808 0.050985 0.004603 0.002502
4 0.223964 0.049578 0.004891 0.002815
4 0.274166 0.044886 0.004603 0.002815
5 0.289988 0.058649 0.005178 0.002190
5 0.283803 0.054270 0.004891 0.002815
5 0.294735 0.050203 0.004891 0.002815
5 0.295167 0.054426 0.005178 0.002502
5 0.311709 0.062246 0.002589 0.005005
5 0.309695 0.049891 0.004315 0.002815
5 0.336018 0.049421 0.004603 0.002502
5 0.327675 0.049578 0.005178 0.002815
5 0.339471 0.055052 0.005178 0.002502
5 0.348677 0.050360 0.005178 0.002502
4 0.009206 0.060525 0.004603 0.002190
48 0.962601 0.030654 0.016686 0.030654
9 0.025604 0.064435 0.005178 0.001877
5 0.010501 0.066625 0.002014 0.005005
5 0.013377 0.067094 0.002014 0.004692
5 0.054229 0.045824 0.004891 0.002190
5 0.052934 0.066781 0.004603 0.002190
48 0.017405 0.012668 0.015823 0.025336
48 0.078395 0.035189 0.015247 0.022834
5 0.069045 0.047075 0.005178 0.003441
48 0.017980 0.034407 0.015247 0.018142
48 0.033228 0.033312 0.014672 0.020332
48 0.048188 0.034876 0.014672 0.017204
48 0.093498 0.030028 0.013809 0.018142
48 0.108890 0.033156 0.015247 0.022521
4 0.030063 0.046606 0.006041 0.003128
48 0.072641 0.084141 0.015823 0.023147
48 0.086306 0.083203 0.011507 0.017516
9 0.137946 0.053644 0.006041 0.003441
48 0.226554 0.078824 0.017549 0.023772
48 0.243815 0.102753 0.016974 0.025962
48 0.222238 0.028621 0.046893 0.025962
48 0.274597 0.033000 0.045742 0.017204
48 0.285817 0.018455 0.022152 0.015014
48 0.263521 0.018611 0.021864 0.014701
48 0.315880 0.033782 0.020713 0.018142
48 0.316168 0.016734 0.021289 0.015952
4 0.278337 0.062246 0.004315 0.002502
9 0.374137 0.054113 0.005466 0.002502
5 0.382048 0.055677 0.003452 0.002502
5 0.385501 0.053018 0.004603 0.002815
5 0.386795 0.049265 0.004891 0.002815
5 0.398159 0.048796 0.004603 0.002502
4 0.315880 0.076009 0.001726 0.003128
4 0.428222 0.043165 0.004315 0.002502
5 0.419016 0.052862 0.005466 0.003128
5 0.423619 0.047075 0.004315 0.002190
5 0.467348 0.049578 0.004891 0.004066
5 0.446778 0.045199 0.005178 0.002815
5 0.471087 0.070691 0.002589 0.005005
48 0.452244 0.014388 0.023015 0.013763
48 0.495541 0.005943 0.021001 0.011886
5 0.482307 0.007351 0.002589 0.005317
48 0.495541 0.019080 0.020426 0.015014
48 0.495829 0.031592 0.019850 0.011261
48 0.517549 0.019237 0.022440 0.014076
48 0.517261 0.032530 0.021289 0.013137
48 0.515679 0.045668 0.018124 0.013137
48 0.495253 0.071630 0.022152 0.013763
48 0.495541 0.084611 0.021577 0.012825
48 0.517405 0.067251 0.021001 0.015640
48 0.518412 0.086800 0.022440 0.024085
48 0.551208 0.065530 0.018412 0.015952
48 0.582710 0.068345 0.018700 0.017829
48 0.547325 0.010479 0.014097 0.020957
48 0.562716 0.010635 0.014960 0.021270
48 0.555524 0.032218 0.029344 0.022521
48 0.586306 0.030967 0.024166 0.016265
48 0.655926 0.013450 0.030495 0.015640
48 0.655495 0.045511 0.027906 0.016578
48 0.651899 0.028621 0.020713 0.015327
48 0.622267 0.010479 0.017261 0.013450
48 0.627877 0.023772 0.021577 0.013137
48 0.627158 0.036284 0.024741 0.012512
48 0.625432 0.049578 0.029344 0.015327
48 0.620541 0.068815 0.018987 0.023772
48 0.640104 0.069596 0.019563 0.024085
48 0.660673 0.069909 0.019850 0.026587
48 0.636795 0.128871 0.019850 0.017516
48 0.659810 0.097748 0.020426 0.018455
48 0.550201 0.094776 0.015247 0.021270
48 0.565017 0.096340 0.013809 0.020019
48 0.550633 0.118079 0.014960 0.023459
48 0.566024 0.117610 0.015247 0.021270
48 0.579977 0.096340 0.013809 0.025649
48 0.580409 0.118549 0.014097 0.019393
48 0.594649 0.096966 0.013809 0.025649
48 0.595081 0.119331 0.014672 0.018455
48 0.610328 0.098530 0.015823 0.024398
48 0.610616 0.120895 0.015247 0.020957
48 0.737773 0.073819 0.019275 0.028151
48 0.788119 0.068189 0.021577 0.016891
48 0.788119 0.084454 0.021577 0.015640
48 0.809695 0.067876 0.019850 0.017516
48 0.809407 0.083047 0.020426 0.012825
48 0.809407 0.097279 0.021001 0.015640
48 0.789125 0.098217 0.017261 0.011886
48 0.839615 0.083359 0.020426 0.013450
48 0.840909 0.097591 0.017837 0.015640
48 0.786824 0.111042 0.021289 0.015014
48 0.862198 0.069753 0.021864 0.018768
48 0.862486 0.086175 0.021289 0.014701
48 0.861623 0.100250 0.022440 0.014701
48 0.852848 0.020332 0.050345 0.040663
48 0.899453 0.007038 0.016398 0.014076
48 0.898447 0.026275 0.015535 0.023147
48 0.914845 0.024554 0.015535 0.027213
48 0.930524 0.005005 0.014097 0.010009
48 0.930236 0.028308 0.014672 0.029715
48 0.945627 0.026275 0.015535 0.020644
48 0.963320 0.007351 0.017549 0.014701
48 0.960875 0.065687 0.017261 0.023147
48 0.942894 0.063497 0.016974 0.028777
48 0.960587 0.091648 0.017261 0.028777
48 0.942319 0.092900 0.018124 0.028777
5 0.973677 0.109321 0.004315 0.002815
48 0.900748 0.056616 0.018987 0.019393
48 0.903913 0.077416 0.025316 0.022208
48 0.903481 0.096966 0.025029 0.017516
48 0.959868 0.127620 0.016974 0.028777
48 0.942175 0.125899 0.017261 0.027213
48 0.942319 0.150766 0.017549 0.020019
48 0.924770 0.127620 0.016398 0.020644
48 0.903193 0.119174 0.024453 0.018142
48 0.903049 0.137316 0.021864 0.018142
48 0.899741 0.156709 0.020426 0.018142
4 0.883199 0.160150 0.001726 0.002502
48 0.924194 0.149984 0.016398 0.021583
48 0.959580 0.151548 0.013521 0.018455
48 0.896145 0.183610 0.017261 0.023147
48 0.926928 0.188771 0.012658 0.026587
48 0.941887 0.188927 0.014384 0.025649
48 0.956415 0.188458 0.013521 0.024711
48 0.971951 0.188458 0.015247 0.023459
48 0.896864 0.215984 0.015247 0.017829
48 0.955984 0.214733 0.018412 0.027213
5 0.965621 0.225524 0.003740 0.002502
48 0.916427 0.210197 0.019850 0.028151
48 0.882336 0.278542 0.019563 0.030341
48 0.901179 0.276509 0.018124 0.025023
48 0.935414 0.275884 0.016974 0.033782
48 0.918297 0.278386 0.014960 0.029403
48 0.901323 0.302627 0.017837 0.024711
48 0.864643 0.309978 0.018700 0.031279
48 0.920167 0.306537 0.021577 0.026900
48 0.954258 0.299969 0.017837 0.031279
48 0.968930 0.333907 0.014384 0.026587
48 0.954545 0.334376 0.014384 0.025023
48 0.936565 0.337035 0.020426 0.016578
48 0.867664 0.375352 0.017261 0.014388
48 0.962457 0.373162 0.027330 0.020644
48 0.963320 0.400219 0.026180 0.033469
48 0.963608 0.428214 0.023878 0.021896
48 0.934407 0.374570 0.025892 0.017204
48 0.935270 0.392399 0.025892 0.018455
48 0.935558 0.409759 0.026467 0.016891
48 0.935990 0.428214 0.023878 0.018768
48 0.950806 0.447764 0.053510 0.020957
48 0.870541 0.431342 0.025316 0.018768
48 0.870829 0.448389 0.025316 0.015952
48 0.898878 0.449797 0.026755 0.022521
5 0.847957 0.454645 0.002014 0.004066
5 0.215334 0.127776 0.003165 0.005943
4 0.196922 0.116359 0.004315 0.002502
48 0.080552 0.197842 0.011507 0.022834
48 0.091341 0.200031 0.010644 0.019706
48 0.090765 0.179387 0.011220 0.022208
48 0.234033 0.142790 0.018700 0.024711
48 0.254747 0.163747 0.020426 0.015952
48 0.255754 0.177197 0.018987 0.011573
48 0.234033 0.165780 0.018124 0.018142
48 0.020138 0.225524 0.012083 0.021270
48 0.042002 0.243510 0.012083 0.022208
48 0.052647 0.225211 0.010357 0.021896
48 0.052934 0.244135 0.010357 0.017204
48 0.063579 0.244917 0.010932 0.018142
48 0.074511 0.245230 0.011507 0.018142
48 0.085299 0.244761 0.010644 0.017829
48 0.085587 0.224586 0.012946 0.021896
48 0.128165 0.223178 0.010069 0.019080
9 0.152186 0.254927 0.006904 0.002502
48 0.067463 0.270097 0.011220 0.022208
48 0.096087 0.242415 0.010932 0.020644
48 0.106732 0.243666 0.010357 0.019393
48 0.117520 0.243666 0.011220 0.019393
48 0.128452 0.242571 0.011220 0.019706
48 0.024453 0.271192 0.010357 0.021270
48 0.024741 0.290272 0.010357 0.017516
48 0.046174 0.269784 0.011795 0.021583
48 0.046461 0.289803 0.010644 0.019706
48 0.057250 0.288708 0.010932 0.021896
48 0.068182 0.289647 0.010932 0.018142
48 0.079402 0.289177 0.010932 0.019080
48 0.110616 0.270253 0.011220 0.020644
48 0.100690 0.287613 0.010357 0.020957
48 0.111479 0.289021 0.011220 0.017516
48 0.133055 0.289021 0.010644 0.017516
48 0.144419 0.286206 0.012083 0.021270
48 0.157077 0.285737 0.012083 0.020957
4 0.075662 0.332030 0.002301 0.006569
48 0.019850 0.315452 0.010932 0.020957
48 0.020138 0.335002 0.011507 0.018768
48 0.031214 0.315296 0.011220 0.021270
48 0.031646 0.335158 0.011507 0.018455
48 0.042722 0.315765 0.011220 0.020332
48 0.043297 0.335158 0.011795 0.017829
48 0.054373 0.315296 0.012083 0.021270
48 0.055380 0.335158 0.012371 0.019080
48 0.067031 0.334532 0.012083 0.017204
48 0.066600 0.314826 0.012946 0.021583
48 0.090478 0.312480 0.019275 0.016891
48 0.090765 0.326869 0.018700 0.011886
48 0.091341 0.338911 0.017549 0.012199
48 0.091916 0.351110 0.019275 0.012825
48 0.091916 0.364091 0.018700 0.013137
48 0.110184 0.351736 0.017837 0.011573
48 0.110472 0.339850 0.018987 0.011573
48 0.109896 0.313888 0.019563 0.018455
48 0.110328 0.328589 0.019850 0.010322
48 0.157077 0.310604 0.019563 0.019393
48 0.157077 0.327338 0.019563 0.013450
48 0.157221 0.344385 0.019275 0.020019
48 0.137514 0.329840 0.019563 0.024711
48 0.139384 0.372068 0.019850 0.014076
48 0.184407 0.373788 0.016686 0.012512
48 0.185270 0.360651 0.019563 0.014388
48 0.204545 0.360494 0.017261 0.014701
48 0.203826 0.346575 0.018124 0.012512
48 0.185702 0.348764 0.016398 0.010009
48 0.184551 0.338129 0.018124 0.011261
48 0.261076 0.346262 0.018700 0.012512
48 0.261220 0.360494 0.019563 0.015327
48 0.241657 0.359712 0.017837 0.018142
48 0.242664 0.374570 0.015247 0.012199
48 0.287112 0.330622 0.018987 0.014388
48 0.289701 0.343760 0.013809 0.011261
48 0.287975 0.355333 0.016686 0.011886
48 0.288406 0.367376 0.016398 0.010948
48 0.307537 0.367532 0.017261 0.014388
48 0.263234 0.414295 0.020138 0.012199
48 0.243527 0.406631 0.018700 0.011886
48 0.309264 0.421333 0.019563 0.025023
48 0.290132 0.440413 0.018700 0.014388
48 0.242664 0.392712 0.016974 0.015327
48 0.290995 0.452299 0.019275 0.010009
48 0.293009 0.500156 0.017549 0.011886
48 0.292722 0.512199 0.018700 0.010948
48 0.293441 0.522521 0.017837 0.009697
48 0.214614 0.566938 0.011507 0.017204
48 0.246404 0.499218 0.018124 0.013763
48 0.265391 0.506725 0.018124 0.023147
48 0.265823 0.524554 0.019563 0.011886
48 0.120397 0.985924 0.024453 0.011261
48 0.100259 0.986550 0.017549 0.008758
48 0.083142 0.992962 0.017261 0.009697
48 0.246404 0.524241 0.016974 0.012512
48 0.189586 0.464654 0.017837 0.012825
48 0.190161 0.476697 0.017837 0.011261
48 0.189442 0.488427 0.018700 0.012199
48 0.189586 0.501095 0.018412 0.011886
48 0.209148 0.475289 0.018987 0.012825
48 0.209005 0.489209 0.019275 0.013763
48 0.209005 0.502190 0.019275 0.011573
48 0.209436 0.514389 0.018412 0.012199
48 0.190593 0.513137 0.018700 0.011573
48 0.190593 0.525180 0.019275 0.011886
48 0.209868 0.525649 0.018700 0.010322
48 0.244246 0.548639 0.011507 0.019393
48 0.256329 0.548170 0.012083 0.016578
48 0.268268 0.548796 0.011220 0.019080
48 0.279919 0.548170 0.012083 0.017829
48 0.292434 0.546450 0.012371 0.021896
48 0.304229 0.545199 0.011220 0.020644
48 0.317175 0.545511 0.013521 0.017516
48 0.316743 0.565374 0.013809 0.020957
48 0.304661 0.564123 0.011507 0.016578
48 0.292865 0.566312 0.012083 0.017204
48 0.280351 0.565843 0.012371 0.017516
48 0.268412 0.566938 0.011507 0.017829
48 0.256473 0.566469 0.012371 0.018768
48 0.244822 0.567251 0.010932 0.017204
48 0.284666 0.603847 0.011795 0.024711
48 0.285673 0.623710 0.011507 0.015640
48 0.299338 0.601658 0.015247 0.020957
48 0.299338 0.623710 0.014672 0.019393
48 0.314298 0.600719 0.015247 0.020332
48 0.341197 0.601814 0.019563 0.021270
48 0.343354 0.622615 0.025029 0.020332
48 0.107020 0.665311 0.013234 0.021270
48 0.107307 0.685330 0.012083 0.018768
48 0.094505 0.685486 0.011795 0.017829
48 0.094361 0.665624 0.011507 0.020019
48 0.082278 0.667032 0.011507 0.022208
48 0.082566 0.686425 0.009781 0.016578
48 0.070339 0.667032 0.011220 0.022208
48 0.071059 0.686738 0.010932 0.017204
48 0.058400 0.667344 0.010932 0.019080
48 0.058688 0.687676 0.012083 0.020332
48 0.047037 0.666719 0.011220 0.018455
48 0.046605 0.685956 0.010932 0.020019
48 0.034810 0.668283 0.012083 0.019706
48 0.034810 0.687050 0.012083 0.018455
48 0.022583 0.668908 0.011795 0.022208
48 0.022583 0.689553 0.012371 0.019080
5 0.034379 0.654833 0.005466 0.003441
48 0.033084 0.635283 0.014960 0.021896
48 0.035817 0.716609 0.022727 0.024398
48 0.037831 0.743979 0.018700 0.029090
48 0.054517 0.740382 0.017549 0.022521
5 0.067463 0.748358 0.004315 0.005317
5 0.055811 0.762746 0.004603 0.004066
48 0.100259 0.785424 0.024453 0.015640
48 0.103711 0.771192 0.019275 0.013450
5 0.115938 0.767751 0.002301 0.004692
48 0.286105 0.928370 0.016974 0.020644
48 0.280063 0.911792 0.014672 0.014388
48 0.366801 0.912574 0.005178 0.010948
48 0.381329 0.910072 0.011795 0.006569
48 0.379028 0.887551 0.011795 0.012825
5 0.491226 0.836096 0.004891 0.002502
5 0.499425 0.812480 0.002301 0.006569
5 0.498849 0.794808 0.002301 0.005630
5 0.497842 0.773851 0.003165 0.005630
5 0.492376 0.649984 0.002589 0.004379
5 0.495685 0.635909 0.002301 0.005005
5 0.491369 0.601814 0.002301 0.004379
5 0.491226 0.593212 0.002589 0.005943
5 0.491657 0.516578 0.002877 0.005317
5 0.491226 0.526587 0.002589 0.005317
48 0.103423 0.757898 0.019275 0.012512
48 0.103567 0.745856 0.019563 0.010948
48 0.103711 0.733344 0.019275 0.014076
48 0.084148 0.753050 0.016974 0.025962
48 0.103999 0.710666 0.019850 0.016891
48 0.084292 0.723647 0.019563 0.015327
48 0.132911 0.602753 0.018987 0.013137
48 0.152474 0.603691 0.017837 0.016891
48 0.153337 0.622771 0.017261 0.021896
48 0.133774 0.615264 0.018412 0.011261
48 0.133774 0.627463 0.019563 0.011261
48 0.133918 0.638724 0.018700 0.010635
48 0.153481 0.651236 0.018700 0.014388
48 0.134206 0.650766 0.018124 0.012199
48 0.134350 0.663278 0.018412 0.012199
48 0.153337 0.663278 0.018987 0.009697
48 0.134206 0.675321 0.018700 0.011261
48 0.134206 0.687676 0.018700 0.013450
48 0.134494 0.700188 0.018700 0.011573
48 0.134206 0.712074 0.019275 0.012199
48 0.134062 0.724586 0.019563 0.012199
48 0.153625 0.674069 0.019563 0.011886
48 0.153193 0.692211 0.018700 0.024398
48 0.153913 0.711292 0.020138 0.013137
48 0.153913 0.724898 0.019563 0.013450
48 0.134494 0.748045 0.018700 0.015327
48 0.134925 0.760870 0.017261 0.010322
48 0.134206 0.772130 0.017549 0.011573
48 0.134494 0.784798 0.019275 0.013137
48 0.153481 0.782609 0.018700 0.015640
48 0.153769 0.759775 0.019275 0.013763
48 0.154344 0.741164 0.019850 0.019080
48 0.133631 0.735064 0.020426 0.010009
48 0.180667 0.662965 0.017837 0.010948
48 0.180811 0.767438 0.019850 0.017829
48 0.201237 0.766343 0.020426 0.015640
48 0.200374 0.781358 0.016974 0.014388
48 0.182394 0.781045 0.018412 0.011261
48 0.181099 0.792618 0.019275 0.011886
48 0.182250 0.815921 0.018700 0.012199
48 0.182394 0.827964 0.017261 0.011886
48 0.181387 0.839224 0.016398 0.010635
48 0.182537 0.864248 0.019850 0.016265
48 0.182969 0.880357 0.017837 0.016578
48 0.213176 0.882233 0.035673 0.022834
48 0.200518 0.895214 0.025316 0.016265
48 0.226841 0.900063 0.026755 0.019080
48 0.257048 0.886925 0.024453 0.013450
48 0.260932 0.882859 0.022440 0.014076
48 0.268412 0.880357 0.014384 0.012199
48 0.862054 0.129027 0.022152 0.022208
48 0.839471 0.175790 0.021864 0.017516
48 0.839039 0.158743 0.021001 0.015327
48 0.862198 0.159837 0.021864 0.019393
48 0.788694 0.202064 0.015247 0.028777
48 0.705121 0.232562 0.013809 0.023459
48 0.689873 0.233031 0.015535 0.023772
48 0.678366 0.240694 0.009206 0.014076
4 0.672900 0.236159 0.001726 0.005005
5 0.835875 0.240694 0.005466 0.002190
5 0.836450 0.237566 0.002014 0.003441
5 0.763090 0.268064 0.001438 0.003128
5 0.738061 0.263841 0.004315 0.002190
5 0.729430 0.270097 0.002014 0.003441
48 0.827532 0.283234 0.022152 0.031592
48 0.827675 0.312793 0.021289 0.027526
48 0.807681 0.312480 0.016398 0.027526
48 0.789989 0.287770 0.017837 0.031279
48 0.790276 0.312950 0.017261 0.019080
48 0.772727 0.288552 0.017261 0.031592
48 0.773159 0.318893 0.016398 0.029090
48 0.755754 0.290272 0.016686 0.023772
48 0.756185 0.314044 0.016974 0.020644
48 0.737917 0.289959 0.017837 0.025023
48 0.738493 0.314826 0.017261 0.019706
48 0.685414 0.296059 0.018124 0.027839
48 0.721951 0.320300 0.016398 0.025023
48 0.703539 0.323428 0.017549 0.028777
48 0.685846 0.324992 0.017837 0.026900
48 0.667290 0.299187 0.014672 0.029090
48 0.667865 0.328120 0.016974 0.028777
48 0.650173 0.328902 0.017261 0.027839
5 0.809407 0.262277 0.002014 0.003441
5 0.787831 0.263216 0.003165 0.001564
5 0.779919 0.266343 0.002301 0.004066
5 0.767837 0.267595 0.001726 0.003441
5 0.766254 0.267595 0.001438 0.003441
5 0.748849 0.270879 0.003452 0.002502
5 0.657221 0.278386 0.002014 0.004379
5 0.721951 0.271035 0.002014 0.003441
6 0.614787 0.268377 0.008631 0.003128
6 0.679661 0.277135 0.006617 0.003754
4 0.672037 0.256021 0.006329 0.003441
5 0.599684 0.269471 0.004891 0.003441
9 0.595368 0.282609 0.006617 0.002815
9 0.589039 0.281045 0.006617 0.003441
9 0.576237 0.284798 0.005178 0.002815
5 0.604143 0.255239 0.002877 0.005630
5 0.605006 0.261495 0.002877 0.005630
48 0.528625 0.312480 0.022727 0.027526
48 0.528913 0.336722 0.019850 0.020957
48 0.550201 0.333438 0.021001 0.024398
48 0.549626 0.307476 0.021577 0.023147
48 0.570196 0.308414 0.017261 0.025649
48 0.571059 0.329528 0.018987 0.017829
5 0.482020 0.358617 0.002589 0.005317
5 0.483170 0.401470 0.003165 0.005317
5 0.489643 0.399750 0.002877 0.006256
5 0.484753 0.421020 0.002301 0.006256
5 0.491226 0.468408 0.002589 0.005943
5 0.487486 0.556928 0.003165 0.005943
5 0.480725 0.581170 0.006329 0.002502
5 0.470081 0.581639 0.004603 0.002815
5 0.489643 0.663122 0.002877 0.005630
5 0.498705 0.917579 0.006617 0.004066
5 0.436997 0.908195 0.006329 0.003441
48 0.426208 0.878636 0.022727 0.017516
48 0.426928 0.896465 0.021864 0.019393
5 0.769563 0.950735 0.005178 0.002815
5 0.720512 0.943697 0.004891 0.002502
5 0.724971 0.944323 0.004028 0.001877
48 0.685270 0.924148 0.014960 0.021583
48 0.701093 0.927276 0.014960 0.021583
48 0.716628 0.929778 0.014960 0.018455
48 0.730869 0.932280 0.013521 0.021583
48 0.745972 0.935565 0.014960 0.017516
5 0.717060 0.949953 0.003165 0.001877
5 0.674482 0.936816 0.003740 0.001877
4 0.786968 0.966062 0.004891 0.002815
4 0.846519 0.980138 0.004315 0.002815
5 0.830409 0.963872 0.005466 0.002815
4 0.897871 0.968564 0.005754 0.003441
4 0.891830 0.979825 0.005178 0.002190
4 0.964327 0.875196 0.002877 0.006881
5 0.843067 0.901470 0.002589 0.004379
5 0.844074 0.857835 0.002877 0.005943
5 0.652618 0.279168 0.002014 0.004692
5 0.650748 0.279481 0.001726 0.004692
5 0.630466 0.278699 0.004891 0.002502
5 0.810558 0.240069 0.005466 0.003441
5 0.900316 0.250235 0.004891 0.002502
5 0.943901 0.226462 0.001726 0.004379
5 0.945771 0.226150 0.002014 0.004379
5 0.470656 0.168752 0.002301 0.005943
5 0.465765 0.104160 0.002301 0.006256
5 0.482163 0.097748 0.002877 0.004692
4 0.482020 0.102909 0.002589 0.005005
4 0.553941 0.287144 0.003740 0.001877
5 0.611191 0.347982 0.004315 0.005317
5 0.939442 0.588208 0.004315 0.002190
5 0.517117 0.581639 0.003740 0.002190
48 0.508199 0.599937 0.016398 0.025649
48 0.509350 0.624179 0.015823 0.022834
48 0.524885 0.601658 0.016398 0.019080
48 0.525316 0.623084 0.015535 0.022521
48 0.540995 0.598530 0.016974 0.023459
48 0.541283 0.622146 0.015247 0.021896
48 0.557394 0.622146 0.016398 0.021896
48 0.557394 0.598843 0.015247 0.024085
48 0.573216 0.601032 0.015247 0.025962
48 0.573648 0.623553 0.015535 0.019080
48 0.589471 0.599468 0.014384 0.025336
48 0.590334 0.621833 0.017261 0.020019
9 0.077244 0.379731 0.003165 0.005630
9 0.076956 0.374570 0.002589 0.004692
48 0.094649 0.431811 0.017837 0.018455
9 0.392693 0.840319 0.002877 0.005317
48 0.028193 0.975759 0.010932 0.010948
48 0.036105 0.975759 0.005466 0.010322
48 0.058544 0.955583 0.010644 0.006256
48 0.076956 0.947294 0.019275 0.007194
48 0.082566 0.934470 0.009781 0.019706
48 0.077100 0.939475 0.005754 0.008445
48 0.079545 0.918674 0.019850 0.013137
48 0.065880 0.901314 0.014384 0.009697
48 0.064873 0.907570 0.012371 0.006569
48 0.021577 0.851892 0.008055 0.005317
48 0.028769 0.853300 0.008055 0.008133
48 0.030926 0.853926 0.005466 0.006881
48 0.057394 0.805443 0.029632 0.035658
48 0.074942 0.788083 0.016974 0.015952
48 0.044448 0.828589 0.021577 0.010635
48 0.098101 0.804348 0.030495 0.039099
48 0.025316 0.797779 0.016686 0.019706
48 0.048331 0.787613 0.014960 0.011261
48 0.028625 0.790272 0.012371 0.013450
48 0.033659 0.785424 0.011507 0.010009
48 0.047325 0.778699 0.025029 0.014701
48 0.061133 0.748514 0.013521 0.016265
48 0.069476 0.753675 0.007192 0.011573
48 0.071778 0.760088 0.008918 0.020644
5 0.058976 0.768689 0.002301 0.004692
48 0.062140 0.772443 0.005754 0.005943
5 0.055667 0.756490 0.002589 0.003441
5 0.145857 0.855802 0.001726 0.003128
48 0.145138 0.881451 0.007192 0.016891
48 0.150173 0.883954 0.005754 0.016265
48 0.188003 0.921958 0.018124 0.005317
48 0.215334 0.922740 0.021577 0.018768
48 0.235759 0.934783 0.018124 0.010948
48 0.225259 0.944323 0.013234 0.011261
48 0.231876 0.938536 0.021289 0.011573
48 0.236191 0.946512 0.009781 0.009384
48 0.260932 0.948702 0.008631 0.006256
48 0.251438 0.938380 0.016110 0.023772
48 0.225259 0.974820 0.008055 0.007820
48 0.144707 0.989052 0.010932 0.008133
48 0.055380 0.723491 0.012371 0.013763
48 0.810702 0.941977 0.013809 0.021583
48 0.795311 0.940100 0.014097 0.017829
5 0.606013 0.302940 0.001438 0.004692
5 0.068757 0.346419 0.004028 0.001564
6 0.220512 0.160619 0.001438 0.004692
6 0.220224 0.156084 0.002014 0.005005
48 0.679661 0.857523 0.023303 0.019080
48 0.757336 0.857366 0.023303 0.015640
48 0.731157 0.754927 0.020426 0.017829
48 0.697929 0.708164 0.025316 0.015640
48 0.816743 0.615734 0.028769 0.019080
48 0.159091 0.946982 0.042002 0.020957
48 0.032796 0.610416 0.013809 0.024085
48 0.933544 0.689709 0.017837 0.033782
48 0.202388 0.548483 0.011795 0.019080
48 0.162687 0.243979 0.013521 0.020019
48 0.812428 0.921645 0.014384 0.022208
48 0.255035 0.192993 0.020426 0.017516
48 0.199655 0.697060 0.018412 0.012825
48 0.202532 0.857992 0.022440 0.016891
48 0.306099 0.923678 0.024741 0.020019
48 0.271864 0.927901 0.022440 0.022208
48 0.228567 0.662965 0.019850 0.016578
48 0.247986 0.646544 0.021864 0.020019
48 0.247986 0.701439 0.018987 0.014701
48 0.324655 0.650297 0.012371 0.021270
48 0.450662 0.209728 0.023878 0.015327
48 0.736623 0.113857 0.020426 0.016265
48 0.759206 0.111354 0.019563 0.014388
48 0.787399 0.158743 0.020713 0.014701
48 0.469074 0.538943 0.030783 0.025023
48 0.540132 0.758211 0.022727 0.017516
5 0.445627 0.047857 0.005178 0.001877
5 0.482451 0.118549 0.006329 0.003754
5 0.488924 0.578355 0.004891 0.006256
5 0.705121 0.940882 0.005178 0.003128
48 0.591772 0.376290 0.024741 0.016891
48 0.668009 0.597435 0.013809 0.028151
48 0.733314 0.858461 0.024166 0.017204
48 0.753452 0.752581 0.016110 0.016265
48 0.675489 0.705974 0.019563 0.013763
48 0.112342 0.957304 0.010644 0.017204
48 0.038119 0.469815 0.011220 0.017516
48 0.884206 0.616515 0.029056 0.023772
48 0.133631 0.821082 0.021001 0.016891
48 0.030495 0.224898 0.011507 0.021270
48 0.798763 0.842665 0.026755 0.016891
48 0.237486 0.239756 0.018700 0.012825
48 0.274166 0.621364 0.011507 0.017829
48 0.227417 0.698937 0.020426 0.015327
48 0.809407 0.175164 0.023878 0.018142
48 0.468498 0.421020 0.024453 0.018142
48 0.035817 0.940882 0.024453 0.030654
48 0.926208 0.868627 0.017549 0.020019
48 0.947785 0.877854 0.023878 0.034720
48 0.439730 0.564435 0.034810 0.032218
5 0.764672 0.028308 0.004028 0.006569
5 0.500000 0.895840 0.003452 0.005630
48 0.508918 0.362527 0.027043 0.018768
48 0.509925 0.398655 0.021001 0.017829
48 0.768124 0.357366 0.014960 0.030967
48 0.801496 0.555677 0.027043 0.019080
48 0.957422 0.575540 0.015535 0.031905
48 0.733026 0.612606 0.019563 0.014701
48 0.623418 0.801689 0.024741 0.018142
48 0.716916 0.907100 0.017261 0.028151
48 0.680380 0.750860 0.014960 0.016578
48 0.752589 0.708477 0.022440 0.016891
48 0.123849 0.847982 0.016974 0.030654
48 0.050058 0.468877 0.010932 0.018142
48 0.056099 0.380513 0.012083 0.017829
48 0.108602 0.974351 0.010644 0.017516
48 0.027186 0.109634 0.015823 0.021583
48 0.133918 0.108226 0.017549 0.022521
48 0.121116 0.152800 0.012658 0.020332
48 0.178078 0.177667 0.013234 0.021270
48 0.202819 0.297779 0.018987 0.026275
48 0.243671 0.440100 0.020138 0.014388
48 0.200662 0.626056 0.014672 0.021583
48 0.227560 0.648108 0.018987 0.015014
48 0.247267 0.735533 0.019275 0.010948
48 0.290995 0.738505 0.019850 0.013763
48 0.557250 0.211448 0.028193 0.016891
48 0.594361 0.172975 0.015535 0.024398
48 0.585443 0.049421 0.024166 0.018768
48 0.834148 0.223960 0.015823 0.023147
48 0.569333 0.723178 0.018412 0.013763
48 0.598101 0.557085 0.017837 0.018142
5 0.466053 0.033156 0.003452 0.006256
5 0.854862 0.055052 0.006041 0.002502
5 0.466772 0.017516 0.003165 0.005630
5 0.474827 0.183922 0.002589 0.006256
5 0.494246 0.486706 0.002301 0.004379
48 0.521577 0.484048 0.016110 0.026587
48 0.593067 0.327182 0.024453 0.027526
48 0.763953 0.442133 0.023303 0.017829
48 0.661968 0.618705 0.033372 0.013763
48 0.724108 0.631373 0.014960 0.022208
48 0.642837 0.663904 0.021001 0.017204
48 0.648159 0.850016 0.020713 0.021583
48 0.732020 0.783547 0.024453 0.018768
48 0.934983 0.654833 0.017261 0.031592
48 0.161968 0.491085 0.017261 0.012512
48 0.166283 0.176728 0.012083 0.024398
48 0.281646 0.176572 0.018412 0.010322
48 0.237342 0.215045 0.020138 0.016578
48 0.861047 0.785580 0.027618 0.019080
48 0.246116 0.713638 0.023303 0.010948
48 0.341772 0.712856 0.022440 0.015640
48 0.342923 0.647169 0.021864 0.016891
48 0.309839 0.441351 0.019563 0.013763
48 0.495397 0.098217 0.021864 0.013763
48 0.495829 0.235221 0.022152 0.015014
48 0.705265 0.141539 0.017549 0.029090
48 0.809407 0.112918 0.018124 0.013137
48 0.956559 0.480763 0.017837 0.021896
48 0.448648 0.482171 0.024453 0.015952
48 0.423907 0.831874 0.020426 0.014701
48 0.481013 0.852205 0.025316 0.022208
48 0.598533 0.892243 0.016398 0.024711
48 0.591916 0.739756 0.021577 0.016265
5 0.887227 0.031592 0.004028 0.005005
5 0.210155 0.056616 0.007192 0.003128
48 0.716197 0.449171 0.014672 0.019393
48 0.221519 0.763841 0.016686 0.013763
48 0.583429 0.480763 0.013809 0.024398
48 0.828251 0.551767 0.023590 0.016891
48 0.620109 0.666093 0.025029 0.022834
48 0.644563 0.713169 0.020426 0.019393
48 0.642837 0.895996 0.016398 0.022834
48 0.127301 0.960119 0.019850 0.015952
48 0.104574 0.848139 0.025604 0.040350
48 0.076669 0.632468 0.015823 0.024398
48 0.079114 0.571473 0.016110 0.022521
48 0.150604 0.225055 0.011220 0.022208
48 0.300201 0.144041 0.021577 0.029715
48 0.262371 0.391461 0.019563 0.016578
48 0.199799 0.673131 0.019850 0.013137
48 0.212457 0.624804 0.010644 0.019080
48 0.272440 0.717548 0.018987 0.013763
48 0.519275 0.225680 0.024166 0.012199
48 0.688003 0.097904 0.022152 0.015014
48 0.736910 0.096497 0.021001 0.015327
48 0.538119 0.787613 0.021001 0.010635
48 0.455121 0.819206 0.021289 0.015640
48 0.480006 0.868940 0.022152 0.015640
48 0.588464 0.708164 0.021001 0.018768
5 0.456847 0.582421 0.006329 0.002502
48 0.598533 0.480763 0.017549 0.019393
48 0.797181 0.446825 0.029919 0.022208
48 0.826525 0.480920 0.029344 0.022834
48 0.922612 0.573819 0.017261 0.031592
48 0.137802 0.038317 0.020138 0.012199
48 0.677215 0.721301 0.023590 0.016891
48 0.112629 0.442602 0.018124 0.013763
48 0.043009 0.426337 0.016398 0.015014
48 0.020138 0.361276 0.009781 0.021896
48 0.021864 0.380669 0.012658 0.016891
48 0.140679 0.443697 0.018412 0.011573
48 0.047468 0.153581 0.011507 0.020019
48 0.046461 0.180638 0.012946 0.021583
48 0.063147 0.224898 0.010644 0.023147
48 0.825949 0.876290 0.027618 0.020332
48 0.245541 0.464185 0.019275 0.012512
48 0.288406 0.784798 0.035386 0.045042
48 0.517261 0.006412 0.020713 0.012825
48 0.592779 0.246794 0.015247 0.026275
48 0.578682 0.245543 0.015247 0.024398
48 0.637371 0.096340 0.020426 0.016891
48 0.657077 0.176572 0.017261 0.017829
48 0.850259 0.199718 0.015823 0.018455
48 0.949079 0.840319 0.025316 0.021583
48 0.513953 0.683766 0.019850 0.015640
48 0.425345 0.819206 0.021577 0.016891
48 0.535098 0.904442 0.015535 0.019080
48 0.565593 0.649828 0.018987 0.018455
5 0.765535 0.054582 0.004603 0.002815
5 0.193038 0.054426 0.006904 0.003754
48 0.507480 0.486237 0.015535 0.015952
48 0.912543 0.185956 0.014960 0.020957
48 0.754315 0.387238 0.016110 0.025649
48 0.715765 0.424304 0.017261 0.026587
48 0.036824 0.527369 0.023590 0.021896
48 0.054661 0.361902 0.013809 0.020019
48 0.163982 0.082265 0.016686 0.028151
48 0.048331 0.199875 0.011507 0.020644
48 0.139384 0.224116 0.012371 0.019706
48 0.182681 0.295277 0.020713 0.016891
48 0.825518 0.839537 0.027330 0.016891
48 0.200806 0.153581 0.012658 0.020019
48 0.901755 0.931967 0.016398 0.025962
48 0.280926 0.190647 0.020426 0.019706
48 0.256041 0.225837 0.018412 0.013763
48 0.237342 0.604629 0.012083 0.018142
48 0.202100 0.803253 0.020426 0.014388
48 0.201812 0.840945 0.021001 0.017204
48 0.860472 0.802315 0.025316 0.017516
48 0.228136 0.724742 0.018987 0.011886
48 0.248274 0.746012 0.021289 0.012512
48 0.270570 0.690491 0.023303 0.011573
48 0.709148 0.113544 0.019563 0.014388
48 0.740794 0.142321 0.017837 0.028777
48 0.742808 0.031123 0.019563 0.046606
48 0.923619 0.753988 0.031933 0.022834
48 0.442319 0.314826 0.025604 0.013450
48 0.465046 0.331404 0.020426 0.015952
48 0.418297 0.375977 0.015535 0.028777
48 0.469074 0.497498 0.022152 0.017829
48 0.516830 0.880669 0.018124 0.022834
48 0.571922 0.827964 0.021289 0.016891
5 0.481013 0.451986 0.002301 0.006881
48 0.567031 0.449797 0.018412 0.018768
48 0.905783 0.548014 0.019275 0.029403
48 0.645138 0.772756 0.020426 0.014076
48 0.753740 0.784016 0.022440 0.017204
48 0.097670 0.957773 0.020426 0.017516
48 0.917146 0.616359 0.020713 0.024085
48 0.919735 0.657335 0.021289 0.022208
48 0.952388 0.621677 0.013521 0.014701
48 0.115794 0.529090 0.023303 0.014076
48 0.032940 0.381295 0.012371 0.018142
48 0.129603 0.570535 0.012371 0.016891
48 0.178941 0.569909 0.011507 0.019393
48 0.041571 0.105881 0.014097 0.022208
48 0.118959 0.107444 0.015247 0.022208
48 0.090190 0.134345 0.010644 0.023459
48 0.854718 0.948858 0.016110 0.019706
48 0.225115 0.604160 0.011220 0.022834
48 0.202963 0.820769 0.020426 0.019393
48 0.366226 0.783234 0.025316 0.030654
48 0.341916 0.887082 0.026180 0.023147
48 0.888090 0.872537 0.031070 0.019080
48 0.295886 0.649359 0.015247 0.022521
48 0.447785 0.226150 0.016398 0.016891
48 0.658516 0.131217 0.021864 0.017829
48 0.922325 0.819987 0.024166 0.020332
48 0.454833 0.714889 0.022440 0.020957
48 0.571778 0.844385 0.021577 0.015952
48 0.570771 0.799030 0.021864 0.017204
5 0.491513 0.502502 0.003165 0.006569
5 0.504603 0.872068 0.002877 0.006881
5 0.370685 0.824992 0.006041 0.004066
48 0.507048 0.421958 0.023878 0.022521
48 0.533803 0.436034 0.023303 0.019393
48 0.030495 0.573506 0.014960 0.018455
48 0.117089 0.517360 0.020713 0.013763
48 0.932969 0.723178 0.017837 0.033782
48 0.160242 0.977948 0.021289 0.014076
48 0.102992 0.198311 0.012083 0.022521
48 0.839327 0.945730 0.014672 0.019080
48 0.936565 0.968408 0.032509 0.026275
48 0.281646 0.163278 0.018412 0.016891
48 0.248993 0.603065 0.011795 0.021270
48 0.227129 0.685017 0.019850 0.015640
48 0.860472 0.820613 0.025316 0.019706
48 0.247986 0.662340 0.020138 0.013450
48 0.247123 0.674695 0.018987 0.013137
48 0.341916 0.686581 0.022152 0.015640
48 0.305236 0.299343 0.018412 0.013137
48 0.496116 0.200188 0.021577 0.013137
48 0.704689 0.170160 0.018700 0.028777
48 0.838608 0.141852 0.024166 0.017829
48 0.452963 0.691586 0.023303 0.019393
48 0.476266 0.733969 0.020426 0.012199
48 0.567750 0.558805 0.017549 0.019080
5 0.493527 0.799812 0.002014 0.005005
5 0.396577 0.053800 0.006041 0.002502
5 0.496116 0.725680 0.003165 0.005630
5 0.481876 0.278699 0.005178 0.006256
5 0.603711 0.282921 0.003165 0.005943
5 0.549338 0.410541 0.002589 0.006569
5 0.553941 0.417423 0.003165 0.006569
5 0.419304 0.583829 0.006041 0.004692
5 0.518987 0.922584 0.004603 0.004066
48 0.734753 0.358774 0.021289 0.031905
48 0.679085 0.634658 0.016398 0.020019
48 0.679661 0.872693 0.021577 0.017516
48 0.039125 0.845949 0.023015 0.043478
48 0.025316 0.451048 0.012658 0.018142
48 0.067319 0.424773 0.016110 0.017516
48 0.152906 0.550829 0.011795 0.023772
48 0.181243 0.982171 0.012083 0.014388
48 0.160673 0.224586 0.010644 0.023772
48 0.273303 0.601971 0.010932 0.020957
48 0.182106 0.804348 0.016686 0.010948
48 0.325949 0.826869 0.031646 0.034720
48 0.863349 0.894276 0.027618 0.026900
48 0.888665 0.779950 0.025316 0.019706
48 0.226985 0.712230 0.021289 0.014388
48 0.200374 0.685643 0.019850 0.011886
48 0.451525 0.031905 0.025029 0.020644
48 0.495397 0.112606 0.023015 0.013763
48 0.700518 0.018455 0.013234 0.024398
48 0.924770 0.773225 0.027330 0.016891
48 0.806962 0.142634 0.022440 0.018142
48 0.443757 0.377698 0.018700 0.015327
48 0.947209 0.905380 0.022727 0.022208
48 0.477992 0.779794 0.021001 0.015640
48 0.552071 0.907570 0.013809 0.017204
48 0.504315 0.332343 0.022440 0.020957
48 0.867520 0.481545 0.018700 0.027213
48 0.168585 0.959962 0.025892 0.010635
48 0.054948 0.552862 0.013809 0.020957
48 0.059695 0.451204 0.010644 0.021583
48 0.043441 0.571786 0.013809 0.015640
48 0.969649 0.615734 0.019850 0.024711
48 0.916283 0.693619 0.016686 0.034720
48 0.043153 0.407882 0.013809 0.021270
48 0.181243 0.083359 0.018412 0.024085
48 0.090046 0.155302 0.009781 0.017204
48 0.026323 0.182202 0.010644 0.020332
48 0.170455 0.223022 0.011795 0.021896
48 0.203826 0.240382 0.012946 0.022208
48 0.301064 0.190491 0.018700 0.016891
48 0.245829 0.476853 0.022152 0.014076
48 0.181530 0.749609 0.020713 0.012825
48 0.270282 0.904442 0.016398 0.024085
48 0.286680 0.310135 0.017549 0.015952
48 0.451812 0.120425 0.024453 0.016891
48 0.449079 0.194088 0.028193 0.016578
48 0.660673 0.205974 0.014672 0.034720
48 0.785961 0.129653 0.021289 0.017829
48 0.470800 0.560213 0.017549 0.017516
48 0.456272 0.764154 0.024166 0.017516
48 0.600115 0.917735 0.014960 0.026900
48 0.568326 0.708633 0.022727 0.016578
5 0.488636 0.505943 0.002589 0.006569
5 0.458573 0.288083 0.005178 0.002502
5 0.568613 0.288395 0.003165 0.005630
5 0.499856 0.700188 0.003740 0.006569
5 0.723821 0.947138 0.004603 0.003128
5 0.214183 0.051454 0.006041 0.003441
48 0.522440 0.505943 0.016686 0.019080
48 0.567319 0.359087 0.024166 0.020019
48 0.753452 0.625430 0.016110 0.028464
48 0.626295 0.847044 0.020138 0.015014
48 0.625000 0.896465 0.021001 0.025023
48 0.699799 0.812793 0.025604 0.018455
48 0.819764 0.651861 0.027906 0.023772
48 0.047325 0.611824 0.014672 0.025649
48 0.223245 0.965749 0.031646 0.017829
48 0.113780 0.467470 0.019275 0.015952
48 0.190736 0.569440 0.012658 0.018455
48 0.188867 0.441664 0.016398 0.014388
48 0.154919 0.831561 0.021577 0.014076
48 0.042002 0.086800 0.014384 0.023459
48 0.100690 0.155615 0.012658 0.015952
48 0.203251 0.324367 0.018124 0.013763
48 0.239931 0.299187 0.017261 0.012825
48 0.292434 0.487019 0.018124 0.015014
48 0.237629 0.622771 0.012658 0.019393
48 0.272871 0.739600 0.019850 0.014701
48 0.305955 0.330935 0.016974 0.015014
48 0.468067 0.406631 0.021864 0.016891
48 0.575662 0.857679 0.023015 0.013137
48 0.592491 0.796215 0.024453 0.020332
5 0.457422 0.047388 0.005754 0.003441
5 0.470512 0.252424 0.002589 0.005005
5 0.292146 0.044260 0.004315 0.003441
5 0.188147 0.051924 0.005754 0.005005
48 0.567031 0.482014 0.016686 0.022521
48 0.798907 0.485299 0.025316 0.016578
48 0.800058 0.518924 0.027043 0.018142
48 0.735472 0.877541 0.024453 0.025336
48 0.791858 0.705192 0.028481 0.019080
48 0.075662 0.608070 0.013809 0.020019
48 0.068757 0.526744 0.021289 0.019393
48 0.858170 0.733813 0.026467 0.021270
48 0.823936 0.755552 0.017837 0.019706
48 0.163982 0.503441 0.020713 0.013450
48 0.153625 0.569596 0.010357 0.015014
48 0.165852 0.551142 0.013521 0.020019
48 0.159810 0.418674 0.021001 0.015952
48 0.180524 0.107444 0.017549 0.025336
48 0.101410 0.134345 0.010644 0.023459
48 0.073648 0.224898 0.010932 0.021270
48 0.795886 0.916328 0.018700 0.023459
48 0.945771 0.939631 0.019850 0.024398
48 0.242952 0.427745 0.020426 0.017204
48 0.289557 0.414295 0.018124 0.013450
48 0.181387 0.648733 0.020426 0.018142
48 0.338751 0.797779 0.037687 0.037222
48 0.398590 0.899437 0.034235 0.040976
48 0.226841 0.809353 0.018700 0.012825
48 0.284810 0.287144 0.019563 0.013137
48 0.839327 0.067876 0.020426 0.017516
48 0.476841 0.762121 0.020426 0.018455
48 0.589902 0.680013 0.021001 0.016265
5 0.483890 0.123710 0.005178 0.002815
5 0.498849 0.656553 0.002877 0.005630
48 0.592060 0.354082 0.025316 0.025649
48 0.626726 0.333125 0.027906 0.035658
48 0.647440 0.367845 0.015823 0.023147
48 0.670598 0.450422 0.014384 0.015640
48 0.940880 0.547545 0.019275 0.032843
48 0.939154 0.480607 0.016398 0.026587
48 0.644131 0.755083 0.022440 0.018768
48 0.733026 0.909759 0.014384 0.019706
48 0.048475 0.450266 0.013521 0.021583
48 0.918441 0.638098 0.014672 0.021270
48 0.143268 0.514701 0.019563 0.012825
48 0.067750 0.404754 0.014672 0.020644
48 0.141254 0.982796 0.016686 0.013137
48 0.103136 0.108070 0.015823 0.022208
48 0.116945 0.223804 0.012371 0.022208
48 0.264960 0.968564 0.020713 0.023459
48 0.225690 0.821864 0.020426 0.016578
48 0.317750 0.666250 0.024453 0.013137
48 0.687572 0.170003 0.017837 0.027213
48 0.475115 0.712856 0.023303 0.022521
48 0.516254 0.787926 0.022152 0.018768
48 0.457998 0.898029 0.022440 0.018768
48 0.583717 0.914451 0.016686 0.023459
5 0.502014 0.761652 0.002877 0.005005
48 0.568038 0.393494 0.023878 0.020019
48 0.746116 0.419456 0.015823 0.026275
48 0.822641 0.461214 0.019850 0.015327
48 0.800633 0.375508 0.022440 0.022834
48 0.729574 0.722396 0.021289 0.017204
48 0.037255 0.449484 0.013521 0.022521
48 0.044591 0.380200 0.011507 0.017204
48 0.047756 0.964029 0.010932 0.021270
48 0.027618 0.964967 0.013809 0.013763
48 0.133631 0.178761 0.012946 0.022208
48 0.143268 0.152800 0.014384 0.017204
48 0.806099 0.813888 0.006329 0.007507
48 0.240219 0.310916 0.018987 0.011886
48 0.239787 0.878167 0.022727 0.009697
48 0.227129 0.796841 0.021001 0.015952
48 0.339615 0.699249 0.025604 0.015952
48 0.308113 0.402096 0.018412 0.012825
48 0.517980 0.213169 0.024453 0.012825
48 0.557681 0.226775 0.030207 0.016891
48 0.638521 0.148264 0.017549 0.018142
48 0.630754 0.206913 0.012946 0.032843
48 0.393412 0.794495 0.016398 0.026275
48 0.404344 0.824367 0.016974 0.021583
48 0.590909 0.754770 0.021864 0.013763
48 0.508199 0.558805 0.012946 0.019080
5 0.485040 0.334845 0.004028 0.005317
5 0.504603 0.877541 0.002877 0.005317
48 0.510357 0.439631 0.024166 0.016578
48 0.534091 0.452299 0.026180 0.021896
48 0.933832 0.356115 0.025892 0.020332
48 0.633343 0.595558 0.020426 0.024398
48 0.633343 0.615890 0.019850 0.018142
48 0.161968 0.038161 0.016686 0.014388
48 0.733890 0.828277 0.024166 0.016265
48 0.753452 0.737566 0.021289 0.015640
48 0.030783 0.554426 0.014384 0.017829
48 0.132048 0.268377 0.011507 0.024398
48 0.111623 0.408977 0.017837 0.013450
48 0.177503 0.548952 0.012083 0.020019
48 0.190017 0.549421 0.013521 0.020957
48 0.070627 0.197842 0.011795 0.024085
48 0.181099 0.223022 0.013521 0.023772
48 0.278769 0.103535 0.021864 0.015014
48 0.311421 0.474820 0.020426 0.015640
48 0.177215 0.626056 0.012658 0.022208
48 0.189010 0.604160 0.013234 0.019080
48 0.261939 0.621207 0.011795 0.017516
48 0.329833 0.873006 0.029632 0.022521
48 0.335731 0.881139 0.025892 0.023772
48 0.341053 0.674695 0.021577 0.014388
48 0.270713 0.650454 0.018412 0.021583
48 0.517117 0.177823 0.027330 0.017829
48 0.478280 0.805443 0.020426 0.018142
5 0.767693 0.046606 0.006041 0.005005
5 0.793728 0.954176 0.005178 0.002815
5 0.801496 0.944479 0.003452 0.006569
48 0.552359 0.506099 0.016110 0.025649
48 0.936709 0.212856 0.015535 0.020332
48 0.737486 0.388646 0.018124 0.027839
48 0.823072 0.387864 0.024741 0.013137
48 0.018268 0.555521 0.013521 0.020644
48 0.093930 0.445730 0.019275 0.009384
48 0.134206 0.808258 0.022152 0.013763
48 0.027043 0.087739 0.015535 0.020332
48 0.014816 0.156553 0.011220 0.017829
48 0.025029 0.154989 0.010932 0.020957
48 0.111479 0.178761 0.013521 0.023459
48 0.841197 0.924930 0.014960 0.017516
48 0.871260 0.928840 0.016974 0.023459
48 0.255466 0.263216 0.020138 0.010948
48 0.861766 0.855646 0.027330 0.022834
48 0.449367 0.092587 0.019563 0.016891
48 0.518700 0.139975 0.023015 0.013450
48 0.584436 0.211448 0.025604 0.014388
48 0.594505 0.147326 0.016398 0.025649
48 0.675489 0.203941 0.014384 0.037535
48 0.659522 0.240382 0.014672 0.024711
48 0.734177 0.232875 0.016686 0.026587
48 0.424914 0.723491 0.014960 0.027526
48 0.593067 0.781827 0.019275 0.014701
48 0.232883 0.007351 0.019275 0.014701
48 0.971519 0.298092 0.015535 0.023147
48 0.753308 0.357992 0.016398 0.032218
48 0.621979 0.728965 0.025316 0.017829
48 0.673044 0.901157 0.015823 0.022521
48 0.727704 0.661401 0.025029 0.024711
48 0.793585 0.683922 0.026180 0.029715
48 0.105150 0.612918 0.018700 0.027839
48 0.858026 0.678605 0.027906 0.022208
48 0.015823 0.181264 0.013234 0.018455
48 0.132768 0.150610 0.010644 0.020332
48 0.150173 0.243040 0.010932 0.016891
48 0.277906 0.120269 0.019563 0.019080
48 0.254891 0.147795 0.020713 0.017829
48 0.200518 0.745386 0.016686 0.012512
48 0.320627 0.861120 0.030207 0.033782
48 0.245829 0.723491 0.018700 0.013137
48 0.223677 0.775571 0.013521 0.010322
48 0.245541 0.797310 0.023878 0.012512
48 0.450374 0.239600 0.023303 0.016265
48 0.700518 0.042540 0.013809 0.021270
48 0.952532 0.804191 0.025316 0.020019
5 0.491226 0.374726 0.003740 0.006256
5 0.492232 0.545042 0.002301 0.005943
5 0.451956 0.579293 0.005754 0.003128
5 0.181818 0.119487 0.007480 0.003754
48 0.531933 0.416953 0.025892 0.022521
48 0.719074 0.389428 0.020426 0.033782
48 0.940880 0.509384 0.016974 0.025336
48 0.955552 0.504535 0.020426 0.018142
48 0.642549 0.683297 0.019850 0.016578
48 0.702532 0.856272 0.020713 0.014701
48 0.699942 0.793400 0.024741 0.017204
48 0.068757 0.381295 0.013809 0.017516
48 0.204258 0.392868 0.018987 0.013763
48 0.207422 0.454958 0.019563 0.012199
48 0.056674 0.085705 0.014960 0.024398
48 0.182106 0.269315 0.021289 0.024398
48 0.279056 0.090241 0.021289 0.013450
48 0.299194 0.091492 0.018412 0.012825
48 0.263521 0.428370 0.018412 0.015952
48 0.888665 0.854395 0.029344 0.025336
48 0.230150 0.747419 0.020713 0.011573
48 0.272296 0.666406 0.018700 0.011573
48 0.303222 0.276040 0.021289 0.012199
48 0.579402 0.148108 0.015535 0.029715
48 0.445052 0.333281 0.018412 0.017204
48 0.534810 0.668439 0.023015 0.015014
48 0.540708 0.831561 0.022727 0.015952
48 0.569333 0.780106 0.025316 0.021896
5 0.481156 0.139037 0.002589 0.007194
5 0.465190 0.182828 0.002301 0.005317
5 0.488493 0.494683 0.003452 0.006569
48 0.664125 0.636065 0.018700 0.020332
48 0.729574 0.680794 0.021289 0.015952
48 0.143556 0.527057 0.015535 0.012512
48 0.067750 0.360494 0.011220 0.019706
48 0.159379 0.433062 0.020138 0.013450
48 0.056530 0.965593 0.007768 0.012512
48 0.072066 0.107132 0.017549 0.020957
48 0.144275 0.135439 0.011220 0.021270
48 0.201237 0.265874 0.018124 0.017516
48 0.257624 0.251329 0.019275 0.009697
48 0.239787 0.323428 0.018124 0.011886
48 0.266254 0.488739 0.020426 0.012199
48 0.301064 0.800125 0.031358 0.037535
48 0.248130 0.843760 0.041715 0.040350
48 0.247986 0.685330 0.021864 0.015014
48 0.243527 0.766813 0.026180 0.025962
48 0.318757 0.727088 0.026467 0.015327
48 0.290420 0.678761 0.016974 0.013763
48 0.319045 0.678761 0.024741 0.011886
48 0.687140 0.141695 0.018700 0.030654
48 0.614356 0.206600 0.013521 0.031592
48 0.643124 0.237097 0.015823 0.030654
48 0.688147 0.082577 0.022440 0.013763
48 0.456703 0.611354 0.044016 0.040350
48 0.541571 0.846106 0.023878 0.018142
48 0.457854 0.850954 0.019275 0.021583
5 0.471807 0.125743 0.004028 0.006881
5 0.483026 0.127307 0.005178 0.003754
5 0.487198 0.584454 0.004891 0.004066
5 0.121835 0.780106 0.003165 0.006256
5 0.320771 0.049734 0.006329 0.003128
48 0.312284 0.521114 0.018700 0.011886
48 0.628021 0.298405 0.025316 0.021270
48 0.594649 0.411480 0.023590 0.017829
48 0.509062 0.379575 0.019850 0.015952
48 0.649453 0.391774 0.022152 0.015952
48 0.763809 0.420081 0.020713 0.025649
48 0.828107 0.499374 0.024453 0.015327
48 0.885357 0.481545 0.016974 0.027839
48 0.792002 0.653425 0.027618 0.018768
48 0.967491 0.690491 0.019563 0.033469
48 0.917865 0.723804 0.015823 0.027526
48 0.823504 0.735064 0.027330 0.021896
48 0.142549 0.501720 0.018700 0.013763
48 0.141974 0.549734 0.011795 0.021583
48 0.056674 0.136847 0.012083 0.021583
48 0.080121 0.155771 0.010644 0.016891
48 0.145713 0.177979 0.011795 0.025023
48 0.189154 0.154051 0.012946 0.019080
48 0.156358 0.198780 0.011795 0.018455
48 0.182250 0.241164 0.012946 0.024398
48 0.235472 0.228495 0.021001 0.009697
48 0.180955 0.710041 0.016686 0.011886
48 0.890823 0.822333 0.029056 0.023772
48 0.243671 0.810604 0.017261 0.014701
48 0.518987 0.247889 0.023590 0.016578
48 0.581847 0.198467 0.017549 0.019080
48 0.740219 0.167657 0.017837 0.023147
48 0.415420 0.320769 0.014960 0.026587
48 0.469937 0.514858 0.030783 0.020644
48 0.534091 0.651236 0.021577 0.019393
48 0.538550 0.773381 0.023590 0.015952
48 0.425345 0.786831 0.022727 0.044729
48 0.553078 0.887551 0.013521 0.023459
5 0.842348 0.044886 0.005178 0.003441
5 0.887946 0.019706 0.002589 0.005630
48 0.567175 0.413356 0.028481 0.022208
48 0.628452 0.400375 0.022727 0.021896
48 0.654200 0.429622 0.014960 0.024085
48 0.904200 0.574445 0.019563 0.025336
48 0.617089 0.631060 0.013234 0.030967
48 0.762227 0.913825 0.014672 0.017829
48 0.677934 0.828433 0.021001 0.022208
48 0.857451 0.650454 0.027330 0.021583
48 0.123993 0.883641 0.035098 0.040663
48 0.952100 0.654051 0.016974 0.031905
48 0.018124 0.425242 0.012083 0.015327
48 0.057250 0.108852 0.014960 0.023147
48 0.800489 0.877541 0.027330 0.026587
48 0.256329 0.238818 0.016110 0.010948
48 0.265967 0.462934 0.021577 0.013763
48 0.248993 0.960432 0.024453 0.018455
48 0.161392 0.875665 0.013234 0.016578
48 0.494102 0.057398 0.021577 0.014076
48 0.449223 0.148420 0.018700 0.015327
48 0.658516 0.148733 0.018987 0.015952
48 0.786680 0.143572 0.020426 0.015640
48 0.921605 0.838911 0.022152 0.016265
48 0.516830 0.758836 0.022727 0.016265
48 0.455984 0.779012 0.021864 0.017204
48 0.592204 0.813732 0.021577 0.014076
5 0.879603 0.055052 0.005466 0.005005
5 0.887371 0.024398 0.002589 0.005630
48 0.667578 0.393025 0.015823 0.022834
48 0.765823 0.385518 0.016686 0.029715
48 0.644707 0.729434 0.022440 0.016891
48 0.648447 0.868470 0.019563 0.016578
48 0.658084 0.899124 0.016974 0.019080
48 0.642117 0.920238 0.017837 0.023772
48 0.622267 0.713012 0.023590 0.015952
48 0.935558 0.622615 0.017837 0.030341
48 0.882480 0.677354 0.021001 0.019706
48 0.164269 0.106819 0.016110 0.023459
48 0.155639 0.153112 0.012083 0.019080
48 0.279056 0.074445 0.019563 0.019393
48 0.176352 0.605255 0.013234 0.018768
48 0.317606 0.761495 0.041427 0.033469
48 0.361910 0.840475 0.016686 0.019393
48 0.292865 0.912105 0.020713 0.021270
48 0.315593 0.701282 0.025892 0.015640
48 0.318469 0.691586 0.024166 0.014388
48 0.306531 0.311386 0.021001 0.012199
48 0.495397 0.212074 0.021864 0.015014
48 0.519419 0.164373 0.026180 0.012825
48 0.496260 0.248983 0.020138 0.010009
48 0.709436 0.097122 0.020713 0.015327
48 0.759350 0.068658 0.018700 0.014076
48 0.512802 0.698467 0.025604 0.016891
48 0.516974 0.743353 0.022440 0.015327
48 0.538119 0.743040 0.022727 0.012825
48 0.538838 0.541445 0.013809 0.020019
48 0.554229 0.558180 0.012371 0.015952
5 0.471087 0.136065 0.002589 0.007507
5 0.563291 0.289177 0.003452 0.005317
5 0.502877 0.801689 0.004028 0.006256
5 0.959436 0.968251 0.004028 0.005943
48 0.827532 0.514701 0.023303 0.016578
48 0.974540 0.482484 0.018124 0.028464
48 0.697497 0.735846 0.025029 0.014076
48 0.856157 0.615108 0.028769 0.023459
48 0.056387 0.571630 0.012658 0.015952
48 0.886076 0.750078 0.028193 0.023147
48 0.143700 0.478261 0.021577 0.011261
48 0.054085 0.406162 0.012658 0.020332
48 0.129747 0.551767 0.013234 0.018768
48 0.166715 0.570378 0.014097 0.018455
48 0.036680 0.154833 0.012371 0.020019
48 0.188147 0.133094 0.013234 0.023459
48 0.145570 0.198155 0.009781 0.018455
48 0.801640 0.771974 0.014097 0.013763
48 0.300921 0.167501 0.018412 0.014076
48 0.263953 0.443072 0.019275 0.012825
48 0.201381 0.721614 0.020713 0.014388
48 0.304373 0.847513 0.035673 0.039099
48 0.289845 0.392712 0.018700 0.017204
48 0.449367 0.165937 0.019563 0.015952
48 0.517837 0.153112 0.024741 0.012199
48 0.550058 0.172818 0.020138 0.021583
48 0.953826 0.754614 0.026180 0.018455
48 0.466197 0.313888 0.019850 0.017829
48 0.468067 0.452925 0.023015 0.015014
48 0.511220 0.666406 0.022440 0.020332
48 0.535817 0.883485 0.018700 0.028464
48 0.567606 0.910072 0.014960 0.024711
5 0.496548 0.690960 0.004028 0.006256
5 0.933688 0.979825 0.004891 0.003441
48 0.507048 0.506412 0.014097 0.021896
48 0.972814 0.210666 0.012371 0.017829
48 0.641110 0.453707 0.015247 0.017829
48 0.823504 0.444010 0.019850 0.017204
48 0.622698 0.755865 0.021577 0.019080
48 0.700230 0.766187 0.023015 0.015952
48 0.752877 0.661714 0.023590 0.022208
48 0.792578 0.633875 0.028193 0.019080
48 0.114499 0.479981 0.020138 0.010322
48 0.030495 0.406631 0.010357 0.019393
48 0.202388 0.568189 0.012371 0.021583
48 0.058688 0.154520 0.011507 0.018142
48 0.177071 0.154051 0.013521 0.017204
48 0.179517 0.197373 0.013234 0.020019
48 0.824367 0.788552 0.026180 0.018768
48 0.258199 0.300438 0.017549 0.014076
48 0.261651 0.323428 0.023878 0.013763
48 0.212888 0.605099 0.012658 0.022208
48 0.271001 0.702221 0.021864 0.016265
48 0.311709 0.647638 0.011795 0.021583
48 0.286536 0.263059 0.020713 0.012512
48 0.453395 0.662809 0.022440 0.016891
48 0.425345 0.751642 0.014672 0.026275
48 0.594217 0.842978 0.022727 0.015640
48 0.803941 0.202064 0.014672 0.024398
5 0.464902 0.190647 0.002301 0.006569
5 0.481588 0.216922 0.003452 0.005317
48 0.802359 0.535033 0.026467 0.020332
48 0.690017 0.610260 0.020426 0.018142
48 0.762946 0.935721 0.015535 0.018455
48 0.758774 0.880826 0.021001 0.030654
48 0.090334 0.634032 0.016110 0.026900
48 0.068326 0.497810 0.026180 0.030341
48 0.883631 0.651236 0.027330 0.022521
48 0.095224 0.469972 0.018412 0.011573
48 0.010788 0.086800 0.015823 0.026587
48 0.068182 0.154207 0.012658 0.018142
48 0.189586 0.177510 0.012658 0.020957
48 0.176640 0.135127 0.012658 0.020019
48 0.166571 0.197060 0.012658 0.022521
48 0.224396 0.625117 0.013809 0.019080
48 0.279776 0.824210 0.032509 0.035033
48 0.558976 0.259775 0.025316 0.019080
48 0.614643 0.235690 0.014097 0.027213
48 0.924626 0.789647 0.028193 0.018455
48 0.533803 0.683610 0.022152 0.015327
48 0.405351 0.796059 0.013809 0.022521
48 0.584580 0.889428 0.016110 0.024085
5 0.466628 0.023147 0.002877 0.006881
5 0.815017 0.956991 0.005178 0.003441
48 0.568326 0.432593 0.027906 0.022521
48 0.668585 0.429622 0.016686 0.025962
48 0.886651 0.547701 0.018412 0.030028
48 0.824942 0.344385 0.026755 0.018768
48 0.627302 0.862997 0.021001 0.015014
48 0.061565 0.936034 0.027043 0.027213
48 0.049194 0.495777 0.012658 0.021270
48 0.861335 0.715045 0.021289 0.015014
48 0.133918 0.083516 0.015823 0.027526
48 0.195052 0.082265 0.014960 0.024398
48 0.058688 0.180482 0.011507 0.021270
48 0.199367 0.134032 0.012658 0.019080
48 0.916571 0.934470 0.016110 0.022834
48 0.280783 0.146544 0.017837 0.019080
48 0.237486 0.252268 0.018700 0.012199
48 0.288262 0.947138 0.013809 0.023147
48 0.900316 0.955114 0.013521 0.017829
48 0.271289 0.760088 0.023590 0.025649
48 0.341916 0.662496 0.021001 0.015014
48 0.451812 0.134814 0.024453 0.014388
48 0.548763 0.149672 0.017549 0.025336
48 0.446203 0.436503 0.017837 0.015327
48 0.476266 0.654207 0.021577 0.025336
48 0.424194 0.847513 0.022152 0.017829
48 0.589471 0.725524 0.020138 0.015952
5 0.501295 0.287457 0.004891 0.003754
5 0.679661 0.938067 0.006041 0.003754
48 0.797037 0.426963 0.023303 0.014388
48 0.903913 0.507663 0.020138 0.033782
48 0.617232 0.611042 0.012946 0.012199
48 0.625432 0.819675 0.023015 0.017204
48 0.731444 0.695809 0.021577 0.012825
48 0.795023 0.789177 0.030207 0.023147
48 0.214327 0.548483 0.011507 0.017829
48 0.153193 0.807319 0.018700 0.015640
48 0.103423 0.909446 0.060702 0.042227
48 0.016254 0.200500 0.011220 0.021270
48 0.121835 0.133094 0.011795 0.021583
48 0.165708 0.153581 0.012083 0.018142
48 0.135069 0.199562 0.013521 0.018142
48 0.801784 0.806537 0.016110 0.007820
48 0.300201 0.178136 0.019275 0.009697
48 0.207710 0.441664 0.020138 0.016265
48 0.180524 0.686268 0.018700 0.017516
48 0.344505 0.742571 0.031358 0.031905
48 0.205552 0.959962 0.012371 0.016265
48 0.315880 0.740225 0.032221 0.021583
48 0.520138 0.191429 0.025892 0.011261
48 0.609321 0.170003 0.013809 0.018455
48 0.705409 0.204254 0.016686 0.031905
48 0.758343 0.096028 0.021289 0.015640
48 0.467923 0.359556 0.018700 0.015952
48 0.537255 0.712543 0.022152 0.018768
48 0.514672 0.728965 0.022440 0.019080
48 0.588895 0.665311 0.023015 0.016891
48 0.553222 0.482484 0.015535 0.025962
48 0.581991 0.500469 0.015535 0.013763
48 0.626870 0.369252 0.021864 0.027213
48 0.868383 0.548170 0.018700 0.029715
48 0.885932 0.575383 0.018700 0.028464
48 0.138665 0.019862 0.016686 0.017204
48 0.748130 0.915546 0.016398 0.028151
48 0.062716 0.634970 0.017261 0.026900
48 0.793872 0.753519 0.027330 0.019393
48 0.114787 0.503128 0.024166 0.013450
48 0.018268 0.408508 0.016398 0.025023
48 0.148734 0.107288 0.015535 0.021896
48 0.211450 0.103847 0.018412 0.024398
48 0.025029 0.134814 0.010357 0.020019
48 0.058832 0.199406 0.011795 0.020957
48 0.822929 0.808258 0.022727 0.015640
48 0.819764 0.824679 0.011220 0.019080
48 0.887658 0.932749 0.017549 0.023147
48 0.181387 0.734908 0.019850 0.015327
48 0.494965 0.135596 0.023878 0.019706
48 0.495829 0.155302 0.022152 0.024711
48 0.728567 0.023616 0.013521 0.030341
48 0.847957 0.223491 0.013521 0.019706
48 0.467491 0.437598 0.023015 0.015640
48 0.446778 0.454489 0.021864 0.017516
48 0.451093 0.514701 0.020138 0.018455
48 0.476985 0.688458 0.025316 0.016265
48 0.479430 0.883485 0.018124 0.015952
48 0.538262 0.560682 0.014384 0.020332
48 0.523878 0.557554 0.015535 0.022208
48 0.583285 0.559587 0.011795 0.021270
5 0.405926 0.053331 0.006329 0.002815
5 0.481876 0.151548 0.002301 0.005943
5 0.471231 0.233500 0.002877 0.006569
5 0.475690 0.239756 0.004315 0.006569
5 0.070627 0.741320 0.002589 0.006881
48 0.970800 0.274007 0.016974 0.023147
48 0.700374 0.426337 0.014672 0.024398
48 0.639241 0.431029 0.016686 0.023147
48 0.796749 0.466688 0.030207 0.021896
48 0.921461 0.509540 0.017261 0.029403
48 0.738205 0.630435 0.014960 0.023459
48 0.648303 0.801063 0.022727 0.017516
48 0.674914 0.667970 0.023590 0.034720
48 0.750288 0.680169 0.024166 0.014701
48 0.096807 0.457304 0.020426 0.011886
48 0.078107 0.269784 0.010069 0.017829
48 0.037975 0.200344 0.011507 0.022834
48 0.156214 0.177667 0.010932 0.021896
48 0.105869 0.223804 0.012083 0.022208
48 0.193326 0.239443 0.009781 0.022834
48 0.298907 0.121989 0.022440 0.019393
48 0.826237 0.921802 0.016686 0.018142
48 0.200374 0.709259 0.019850 0.013450
48 0.199511 0.733344 0.015823 0.012199
48 0.890391 0.894901 0.026467 0.030654
48 0.518124 0.201126 0.025316 0.012512
48 0.689154 0.114795 0.024453 0.018142
48 0.578682 0.174382 0.018700 0.016578
48 0.445196 0.359243 0.020426 0.014076
48 0.406358 0.846888 0.018700 0.020332
48 0.480869 0.901470 0.022727 0.021270
48 0.591341 0.767751 0.023878 0.012825
48 0.567894 0.679074 0.022440 0.018142
5 0.466628 0.091179 0.004028 0.006569
5 0.798331 0.054426 0.005754 0.003128
5 0.505178 0.269315 0.002877 0.005630
5 0.500719 0.720050 0.004315 0.005630
5 0.268844 0.045511 0.004315 0.003441
48 0.567750 0.505318 0.014672 0.022834
48 0.509494 0.453707 0.021864 0.014076
48 0.623705 0.432124 0.015535 0.022834
48 0.625000 0.454019 0.014672 0.019706
51 0.695052 0.512355 0.162255 0.090084
48 0.829833 0.532687 0.021001 0.016265
48 0.798188 0.392243 0.025604 0.016891
48 0.796461 0.344229 0.025604 0.019080
48 0.623130 0.774789 0.022440 0.018142
48 0.820196 0.703941 0.027618 0.025336
48 0.103280 0.633719 0.020138 0.025649
48 0.014384 0.137942 0.012083 0.021270
48 0.068326 0.136221 0.011220 0.022834
48 0.166283 0.134970 0.012658 0.022208
48 0.183832 0.325774 0.020138 0.014076
48 0.199223 0.661089 0.018700 0.013450
48 0.266254 0.813575 0.037112 0.038161
48 0.339615 0.833125 0.029632 0.032843
48 0.290564 0.708008 0.021289 0.025336
48 0.224971 0.785580 0.019563 0.011573
48 0.244678 0.786362 0.022152 0.013763
48 0.272296 0.679543 0.019275 0.015952
48 0.449079 0.074288 0.023590 0.018455
48 0.451093 0.106193 0.023015 0.016578
5 0.465765 0.136534 0.002301 0.005943
48 0.537831 0.486237 0.015247 0.014701
48 0.533228 0.378793 0.025029 0.021896
48 0.592635 0.448858 0.027618 0.026275
48 0.685846 0.428370 0.016110 0.020332
48 0.654632 0.449640 0.017549 0.015327
48 0.733458 0.446982 0.016974 0.025023
48 0.825806 0.409916 0.029056 0.025962
48 0.799914 0.500626 0.026180 0.017204
48 0.884781 0.509853 0.017549 0.025649
48 0.653625 0.600407 0.015535 0.027213
48 0.160673 0.020175 0.019275 0.013450
48 0.673188 0.735690 0.014384 0.012512
48 0.756041 0.826400 0.020138 0.013763
48 0.697929 0.675008 0.023015 0.020019
48 0.697929 0.694088 0.025892 0.016265
48 0.094649 0.933062 0.021289 0.031279
48 0.114356 0.490616 0.020426 0.011573
48 0.884494 0.732405 0.029632 0.020957
48 0.030495 0.424460 0.012083 0.018142
48 0.121404 0.270253 0.010357 0.021270
48 0.093786 0.411949 0.022440 0.021896
48 0.176352 0.971067 0.016686 0.015327
48 0.148878 0.082577 0.015247 0.027526
48 0.078970 0.135752 0.012371 0.024398
48 0.113493 0.199562 0.010069 0.018142
48 0.297612 0.075383 0.019850 0.018142
48 0.856876 0.928527 0.016398 0.022208
48 0.201669 0.604160 0.012083 0.020957
48 0.188723 0.624023 0.010932 0.024398
48 0.433113 0.026275 0.015823 0.026275
48 0.519131 0.114482 0.016974 0.011886
48 0.496548 0.187989 0.022440 0.014388
48 0.557106 0.198624 0.025604 0.019393
48 0.565736 0.147482 0.015823 0.027839
48 0.636507 0.175477 0.021577 0.018768
48 0.758343 0.140601 0.018987 0.028464
48 0.455265 0.747107 0.021577 0.017829
48 0.536968 0.728026 0.023303 0.019080
