5 0.689737 0.951069 0.006209 0.005624
48 0.651570 0.974128 0.008035 0.012748
48 0.086925 0.972816 0.045289 0.050619
13 0.059533 0.892388 0.005113 0.014998
13 0.064463 0.892576 0.005478 0.016123
5 0.027575 0.949756 0.001826 0.003750
11 0.200329 0.774091 0.004748 0.015373
11 0.222060 0.751969 0.011687 0.004124
13 0.207999 0.766217 0.005478 0.010874
13 0.247991 0.754593 0.010226 0.004124
13 0.237765 0.743907 0.012418 0.005999
39 0.194485 0.808024 0.004018 0.007499
39 0.189372 0.805399 0.005478 0.007499
39 0.187180 0.795088 0.004018 0.006374
39 0.186267 0.788339 0.004383 0.006374
5 0.308619 0.702100 0.002922 0.005624
5 0.291271 0.671166 0.002557 0.005999
39 0.269905 0.738095 0.005113 0.010124
39 0.274105 0.738845 0.004018 0.009374
5 0.441563 0.712411 0.002922 0.004499
5 0.415449 0.710161 0.002557 0.005249
5 0.411432 0.708474 0.003287 0.005624
5 0.395179 0.705662 0.005113 0.001500
5 0.377648 0.706412 0.006574 0.003000
5 0.326333 0.643795 0.004748 0.004499
5 0.386231 0.749906 0.004748 0.002250
8 0.386231 0.751969 0.004748 0.003375
5 0.678780 0.622047 0.004748 0.005249
5 0.630022 0.612298 0.002191 0.005249
5 0.627831 0.606112 0.002922 0.004874
7 0.654858 0.670041 0.005113 0.002250
7 0.562454 0.488751 0.002922 0.003375
48 0.580898 0.473566 0.010592 0.010499
5 0.507122 0.449194 0.002557 0.003000
5 0.505113 0.455381 0.002922 0.004874
8 0.562637 0.334646 0.005478 0.003375
5 0.568115 0.335208 0.004748 0.002250
8 0.628378 0.336708 0.005478 0.002250
7 0.653397 0.369141 0.002922 0.004874
48 0.621074 0.249719 0.023009 0.011998
48 0.592768 0.159543 0.010957 0.022872
55 0.798028 0.024934 0.011687 0.012373
48 0.772644 0.019498 0.020088 0.015748
48 0.765522 0.028121 0.017531 0.011998
5 0.031958 0.464942 0.004018 0.005249
10 0.024470 0.479565 0.002191 0.005249
10 0.027940 0.487439 0.002557 0.005249
5 0.034332 0.431946 0.002191 0.003750
5 0.033966 0.420697 0.003652 0.005249
5 0.038532 0.419385 0.002557 0.004124
6 0.040541 0.411511 0.002922 0.007124
5 0.034514 0.415448 0.002557 0.005249
5 0.094595 0.290401 0.005113 0.002625
5 0.105186 0.292838 0.004383 0.002250
5 0.119795 0.296588 0.005113 0.003000
5 0.076516 0.220472 0.004018 0.005249
48 0.011687 0.450694 0.012418 0.011998
48 0.125091 0.314773 0.024470 0.029621
48 0.185172 0.339708 0.035793 0.020997
48 0.191563 0.309711 0.021549 0.014998
48 0.131848 0.128421 0.016801 0.014623
48 0.220964 0.116048 0.016070 0.016873
48 0.122535 0.127484 0.005478 0.005999
48 0.052228 0.865392 0.008766 0.008249
48 0.980460 0.082865 0.011322 0.012748
48 0.023375 0.438695 0.014609 0.010499
48 0.040358 0.367267 0.010592 0.008624
48 0.040723 0.353393 0.009861 0.007124
48 0.026114 0.332208 0.010592 0.023247
48 0.069942 0.304649 0.023740 0.021372
48 0.199233 0.297525 0.013514 0.015373
48 0.092951 0.147732 0.014244 0.011249
48 0.015705 0.862955 0.014609 0.020622
48 0.007852 0.528496 0.015705 0.022872
48 0.006026 0.478253 0.012053 0.025122
48 0.092221 0.357330 0.006209 0.011249
48 0.003104 0.335396 0.006209 0.011624
48 0.112126 0.280652 0.021914 0.027372
48 0.097151 0.297900 0.014609 0.016123
48 0.142075 0.307649 0.018262 0.020622
48 0.172023 0.252156 0.030679 0.021372
48 0.465303 0.789089 0.010957 0.007874
48 0.008948 0.462880 0.012053 0.009374
48 0.011322 0.406449 0.013879 0.021747
48 0.142257 0.402325 0.028853 0.032996
48 0.006574 0.329209 0.013148 0.021747
48 0.060993 0.243532 0.011687 0.020622
48 0.145179 0.345332 0.023009 0.011249
48 0.182250 0.321897 0.029949 0.017623
48 0.145727 0.260967 0.021183 0.015748
48 0.006757 0.153543 0.011322 0.011624
48 0.201059 0.138920 0.020818 0.018373
48 0.210373 0.153918 0.034332 0.022122
48 0.121439 0.120735 0.008400 0.005999
48 0.268809 0.668916 0.010226 0.017998
48 0.286888 0.980315 0.017896 0.025872
48 0.976443 0.070679 0.016435 0.017623
48 0.962747 0.091114 0.027027 0.028496
48 0.097516 0.499063 0.023375 0.029246
48 0.032323 0.843270 0.006939 0.006749
48 0.122900 0.381327 0.009131 0.009749
48 0.081446 0.264154 0.015340 0.008624
48 0.072681 0.289276 0.022644 0.019123
48 0.128744 0.214848 0.023740 0.018748
48 0.152118 0.125422 0.015705 0.015373
48 0.172023 0.100112 0.017531 0.020247
48 0.059350 0.159730 0.014974 0.017248
48 0.047480 0.118110 0.014609 0.016498
48 0.539993 0.781965 0.003287 0.001875
48 0.054785 0.488751 0.022644 0.028871
48 0.075055 0.492126 0.025931 0.025122
48 0.010774 0.816648 0.016435 0.010499
48 0.017166 0.803900 0.005844 0.005999
48 0.099343 0.609486 0.010957 0.011624
48 0.072498 0.437570 0.014244 0.016498
48 0.037984 0.338583 0.011687 0.009749
48 0.048941 0.310649 0.015340 0.016123
48 0.002557 0.119235 0.005113 0.015748
48 0.009861 0.122797 0.013879 0.021372
48 0.202885 0.173791 0.014974 0.011624
48 0.429876 0.755343 0.017531 0.016123
48 0.922206 0.022872 0.019722 0.018748
48 0.042184 0.839145 0.015705 0.023997
48 0.032505 0.511249 0.018262 0.022872
48 0.013879 0.434758 0.011687 0.011624
48 0.028853 0.413948 0.014609 0.012748
48 0.042549 0.439070 0.014974 0.017248
48 0.056611 0.416573 0.014609 0.019498
48 0.081081 0.449756 0.010226 0.013123
48 0.095873 0.387327 0.017166 0.044244
48 0.164354 0.387139 0.011687 0.017623
48 0.114134 0.103487 0.011322 0.009749
48 0.212747 0.183165 0.015705 0.012373
48 0.297297 0.830334 0.009496 0.009374
48 0.030131 0.532246 0.014974 0.023622
48 0.065194 0.391451 0.017896 0.022497
48 0.083090 0.375141 0.009131 0.019123
48 0.155040 0.215598 0.021549 0.017248
48 0.108839 0.150356 0.021183 0.018748
48 0.119248 0.134608 0.011322 0.012748
48 0.136048 0.109674 0.014974 0.014623
48 0.195946 0.109674 0.020088 0.023622
48 0.020088 0.098613 0.016070 0.017248
48 0.449416 0.604050 0.004748 0.006749
48 0.438459 0.757405 0.009861 0.011249
48 0.048210 0.540870 0.015340 0.014623
48 0.006392 0.713911 0.010592 0.016498
48 0.047663 0.514436 0.024470 0.020997
48 0.016983 0.478815 0.016435 0.028496
48 0.092586 0.440195 0.012783 0.008249
48 0.073776 0.448819 0.008766 0.013498
48 0.033601 0.382640 0.017531 0.016873
48 0.087473 0.354893 0.008400 0.018373
48 0.063550 0.223285 0.017531 0.016873
48 0.049489 0.240720 0.021549 0.025497
48 0.132944 0.118298 0.016801 0.013873
48 0.149196 0.139108 0.015705 0.017998
48 0.058985 0.118298 0.012783 0.014623
48 0.466947 0.824147 0.010592 0.009749
48 0.009861 0.774091 0.015340 0.012373
48 0.046567 0.464004 0.028123 0.023622
48 0.120526 0.431196 0.023375 0.023247
48 0.005113 0.574241 0.010226 0.028871
48 0.027940 0.431571 0.009861 0.008999
48 0.090212 0.374578 0.012418 0.017248
48 0.019357 0.176790 0.030679 0.031121
48 0.102995 0.342332 0.035062 0.040495
48 0.202885 0.259655 0.030314 0.019123
48 0.157962 0.196475 0.015705 0.014998
48 0.128561 0.150731 0.016070 0.011249
48 0.343864 0.663292 0.008400 0.007499
48 0.613039 0.795088 0.014974 0.010874
48 0.023923 0.581177 0.017166 0.022497
48 0.006757 0.426697 0.013514 0.022497
48 0.019175 0.403450 0.007670 0.014248
48 0.096056 0.428571 0.006574 0.006749
48 0.072681 0.398575 0.009496 0.008999
48 0.044010 0.332208 0.013514 0.012748
48 0.094777 0.223285 0.035427 0.025122
48 0.122535 0.252718 0.025201 0.016498
48 0.116326 0.302025 0.017896 0.015373
48 0.082542 0.100675 0.013148 0.015373
48 0.113039 0.127484 0.005478 0.005999
48 0.578159 0.797900 0.016070 0.006749
48 0.133492 0.455568 0.023740 0.027747
48 0.005661 0.550994 0.011322 0.017623
48 0.021001 0.463442 0.011322 0.011249
48 0.020636 0.454256 0.013514 0.013873
48 0.096786 0.421822 0.013879 0.012748
48 0.025931 0.354331 0.022644 0.017248
48 0.173850 0.267904 0.032140 0.016873
48 0.128196 0.159168 0.014609 0.013123
48 0.001278 0.150731 0.002557 0.012748
48 0.231921 0.117735 0.008035 0.011249
48 0.487034 0.816086 0.016435 0.015373
48 0.295289 0.623172 0.018627 0.018748
48 0.067750 0.467754 0.019357 0.024372
48 0.010592 0.806899 0.008766 0.013498
48 0.059898 0.434571 0.016801 0.014248
48 0.135500 0.368766 0.018992 0.018373
48 0.171476 0.235846 0.014974 0.017248
48 0.007487 0.098988 0.014974 0.020247
48 0.046019 0.128421 0.010957 0.007874
48 0.044375 0.133671 0.009131 0.007124
48 0.043462 0.142670 0.010226 0.006374
48 0.609752 0.122797 0.020818 0.020622
48 0.780862 0.007874 0.016070 0.015748
48 0.022096 0.819085 0.008400 0.007124
48 0.057706 0.531309 0.008035 0.011249
48 0.004565 0.405512 0.009131 0.022872
48 0.046202 0.428196 0.012783 0.013498
48 0.037071 0.346269 0.027392 0.010124
48 0.001096 0.168541 0.002191 0.016123
48 0.002739 0.240532 0.005478 0.016123
48 0.069211 0.314961 0.024470 0.017248
48 0.156866 0.370641 0.022279 0.025122
48 0.190650 0.229471 0.018992 0.021747
48 0.132396 0.194601 0.022279 0.021747
48 0.004018 0.310461 0.008035 0.010499
48 0.218042 0.127859 0.018992 0.017248
48 0.053871 0.136295 0.008400 0.011624
48 0.029949 0.833896 0.010957 0.007499
48 0.058802 0.581927 0.013879 0.011249
48 0.049671 0.531121 0.011687 0.008624
48 0.021731 0.430446 0.007670 0.008999
48 0.026662 0.423697 0.013148 0.008999
48 0.071768 0.420510 0.018627 0.023622
48 0.044741 0.215411 0.029584 0.022872
48 0.004931 0.229096 0.009861 0.011998
48 0.076516 0.273903 0.010592 0.014623
48 0.146092 0.280277 0.021183 0.025122
48 0.118882 0.127109 0.006209 0.004499
48 0.653031 0.768279 0.013879 0.020997
48 0.010226 0.506937 0.017531 0.019498
48 0.013148 0.457818 0.007305 0.007499
48 0.034149 0.374391 0.020088 0.009374
48 0.070307 0.349644 0.012783 0.016873
48 0.005478 0.206412 0.010957 0.026622
48 0.020636 0.208099 0.023009 0.023247
48 0.069759 0.272029 0.013148 0.023622
48 0.035245 0.300712 0.042001 0.039745
48 0.069576 0.332771 0.033236 0.027372
48 0.009861 0.143232 0.014609 0.016498
48 0.046384 0.159730 0.013148 0.012748
48 0.070307 0.888076 0.009131 0.008624
48 0.319759 0.827522 0.013514 0.011998
48 0.180789 0.372516 0.022644 0.024372
48 0.150292 0.335208 0.016435 0.012748
48 0.190285 0.271466 0.017531 0.016498
48 0.107560 0.088114 0.028853 0.025497
48 0.056793 0.113423 0.007670 0.004874
48 0.090942 0.139295 0.005844 0.007124
48 0.485756 0.662355 0.018262 0.012373
48 0.010592 0.923885 0.008035 0.008249
48 0.031045 0.826022 0.012418 0.007499
48 0.097151 0.251594 0.016070 0.018748
48 0.153397 0.238470 0.023375 0.028496
48 0.129839 0.139858 0.017896 0.015748
48 0.038167 0.148106 0.009861 0.008999
48 0.469138 0.817960 0.009861 0.009374
48 0.037619 0.927822 0.008766 0.010124
48 0.013879 0.786089 0.012418 0.013873
48 0.030497 0.404574 0.012783 0.010499
48 0.067933 0.448069 0.008035 0.010499
48 0.053141 0.443757 0.009131 0.013123
48 0.054237 0.387702 0.017166 0.023247
48 0.067568 0.371766 0.010226 0.017623
48 0.016983 0.382265 0.017896 0.016873
48 0.032140 0.365392 0.010957 0.010124
48 0.040358 0.359955 0.010592 0.009749
48 0.006757 0.169854 0.013514 0.020997
48 0.097699 0.314398 0.020818 0.021372
48 0.147005 0.181290 0.014974 0.024372
48 0.036706 0.156355 0.012053 0.012748
48 0.092038 0.132921 0.007305 0.007874
48 0.518261 0.676415 0.019722 0.017998
48 0.317020 0.965879 0.006574 0.006749
48 0.081812 0.247844 0.024836 0.026997
48 0.121804 0.344957 0.018627 0.032246
48 0.142075 0.355831 0.015340 0.015748
48 0.171110 0.305587 0.021549 0.025497
48 0.175676 0.282152 0.014609 0.018373
48 0.072863 0.158980 0.012053 0.022497
48 0.123083 0.105362 0.008035 0.007499
48 0.172389 0.133858 0.007305 0.009749
48 0.222243 0.179603 0.007670 0.010499
48 0.207816 0.112486 0.008035 0.010499
48 0.084368 0.882640 0.006574 0.008999
48 0.342586 0.963255 0.019722 0.017998
48 0.954711 0.048744 0.020453 0.019498
48 0.047845 0.413573 0.014609 0.020247
48 0.125822 0.403825 0.009861 0.014998
48 0.045289 0.340082 0.006574 0.005249
48 0.041636 0.173041 0.021183 0.021372
48 0.016618 0.305024 0.017166 0.022122
48 0.187546 0.164604 0.018627 0.018748
48 0.058437 0.134046 0.016801 0.016873
48 0.213842 0.169291 0.008400 0.007874
48 0.299854 0.667229 0.011687 0.014623
48 0.037984 0.484252 0.027757 0.026622
48 0.007122 0.855643 0.014244 0.017248
48 0.016253 0.465129 0.006209 0.007124
48 0.033419 0.238845 0.020818 0.025497
48 0.159788 0.181852 0.021549 0.019498
48 0.156684 0.095613 0.015340 0.013498
48 0.164171 0.163480 0.019357 0.017998
48 0.198320 0.124672 0.019722 0.022122
48 0.120526 0.111549 0.008035 0.007124
48 0.487582 0.828084 0.011687 0.010874
48 0.142805 0.503187 0.017531 0.025497
48 0.209094 0.572928 0.011322 0.010499
48 0.042367 0.259655 0.039445 0.016123
48 0.087290 0.306524 0.013879 0.016873
48 0.172389 0.354893 0.035793 0.016873
48 0.107378 0.137608 0.017531 0.016498
48 0.165267 0.148294 0.020818 0.020622
48 0.026844 0.151669 0.016435 0.022122
48 0.181885 0.099925 0.004383 0.005624
48 0.396275 0.751219 0.015340 0.015373
48 0.950877 0.076678 0.024470 0.022872
48 0.251826 0.616985 0.017166 0.031871
48 0.244156 0.596738 0.017166 0.019123
48 0.019905 0.413761 0.008400 0.012373
48 0.085646 0.424259 0.014974 0.016873
48 0.057159 0.373266 0.015705 0.012373
48 0.072681 0.373266 0.008766 0.017623
48 0.159058 0.406074 0.012783 0.022497
48 0.079803 0.351706 0.012783 0.019498
48 0.155771 0.305212 0.018627 0.026247
48 0.131300 0.281590 0.017896 0.025497
48 0.201607 0.279528 0.016801 0.020622
48 0.146822 0.156355 0.016801 0.014998
48 0.058802 0.143232 0.008766 0.010499
48 0.189007 0.149606 0.009861 0.007499
48 0.493974 0.610611 0.016435 0.007874
48 0.041636 0.866329 0.021183 0.028121
48 0.115413 0.501125 0.019722 0.025122
48 0.048758 0.524747 0.008400 0.007874
48 0.016253 0.115486 0.006939 0.011998
48 0.056976 0.119610 0.005844 0.008999
48 0.189372 0.145482 0.010592 0.006749
48 0.051315 0.877203 0.012783 0.010874
48 0.904675 0.039933 0.016070 0.013873
48 0.263148 0.622235 0.020818 0.026622
48 0.270088 0.602925 0.024470 0.020247
48 0.092768 0.525122 0.026297 0.016123
48 0.113769 0.529434 0.024470 0.023247
48 0.042732 0.583240 0.024105 0.025872
48 0.113404 0.452006 0.025931 0.025872
48 0.069942 0.536183 0.014974 0.014998
48 0.089847 0.450881 0.012418 0.015373
48 0.058619 0.364267 0.017896 0.012373
48 0.115595 0.401387 0.018627 0.027372
48 0.048941 0.191601 0.049671 0.023997
48 0.090760 0.276715 0.016435 0.024747
48 0.174397 0.210161 0.016435 0.012373
48 0.127283 0.096550 0.015705 0.013873
48 0.179876 0.151294 0.012783 0.019873
48 0.094960 0.126734 0.008766 0.005249
48 0.584368 0.771654 0.016070 0.017998
48 0.025383 0.863892 0.016435 0.024747
48 0.129657 0.386202 0.014609 0.024747
48 0.186998 0.292088 0.021183 0.021747
48 0.162710 0.284964 0.023009 0.017998
48 0.046019 0.098050 0.021914 0.014623
48 0.054237 0.128234 0.007670 0.010499
48 0.245617 0.159168 0.006209 0.007874
48 0.542549 0.784589 0.006939 0.005624
48 0.091308 0.544807 0.026297 0.026997
48 0.029218 0.561305 0.024105 0.020997
48 0.168188 0.408136 0.012053 0.022872
48 0.225530 0.339145 0.036888 0.030371
48 0.279401 0.414136 0.014609 0.013123
48 0.025201 0.368579 0.008766 0.010499
48 0.031045 0.337458 0.007305 0.010499
48 0.041636 0.271091 0.036523 0.016498
48 0.008400 0.301275 0.008766 0.016123
48 0.100621 0.106299 0.017166 0.014623
48 0.057524 0.143795 0.013514 0.010124
48 0.032688 0.097863 0.013514 0.014248
48 0.383126 0.574616 0.012418 0.013873
48 0.322133 0.956693 0.010957 0.011624
48 0.110299 0.544807 0.024105 0.025497
48 0.136779 0.483127 0.021549 0.017623
48 0.074324 0.517810 0.014974 0.011998
48 0.085099 0.437008 0.008766 0.010124
48 0.084733 0.395950 0.013879 0.024747
48 0.121439 0.387514 0.009131 0.008624
48 0.113952 0.381327 0.012418 0.012748
48 0.058619 0.346644 0.014244 0.019123
48 0.156866 0.324334 0.020088 0.020997
48 0.167641 0.124297 0.015340 0.018373
48 0.489226 0.651106 0.020088 0.012373
48 0.968590 0.058118 0.024836 0.020247
48 0.912893 0.033933 0.013514 0.013123
48 0.281045 0.629171 0.020818 0.026997
48 0.037619 0.538245 0.013879 0.016873
48 0.063002 0.519123 0.017166 0.021372
48 0.060446 0.447132 0.012053 0.009374
48 0.178050 0.195913 0.014974 0.016873
48 0.156866 0.109299 0.021549 0.020622
48 0.275931 0.669291 0.009131 0.018748
48 0.488130 0.777090 0.015705 0.012373
48 0.341855 0.807837 0.006574 0.005624
48 0.056063 0.566179 0.028853 0.023997
48 0.083820 0.474878 0.018627 0.022122
48 0.059167 0.541245 0.016801 0.022122
48 0.055880 0.970754 0.040175 0.053993
48 0.059898 0.869891 0.005844 0.011998
48 0.012966 0.237158 0.020818 0.024372
48 0.037984 0.282715 0.040906 0.021747
48 0.181154 0.182602 0.018992 0.017248
48 0.023375 0.113611 0.011687 0.014248
48 0.004565 0.132358 0.006209 0.007499
48 0.043645 0.138170 0.009131 0.005624
48 0.053506 0.144544 0.006209 0.007124
48 0.197955 0.177540 0.016070 0.007874
48 0.297115 0.680540 0.009861 0.009749
48 0.974617 0.106299 0.022279 0.027372
48 0.104456 0.479003 0.023375 0.023622
48 0.119795 0.480877 0.018262 0.016873
48 0.129291 0.498688 0.019722 0.029996
48 0.144266 0.437383 0.034332 0.028121
48 0.018992 0.837083 0.012418 0.014623
48 0.017348 0.330334 0.015705 0.021747
48 0.121622 0.233033 0.023375 0.021372
48 0.095873 0.199100 0.038349 0.030746
48 0.136231 0.178853 0.015340 0.020997
48 0.002922 0.300712 0.005844 0.010499
48 0.001644 0.131984 0.003287 0.012748
48 0.060446 0.134233 0.009861 0.008999
48 0.187546 0.154856 0.010592 0.006749
48 0.229547 0.131796 0.009861 0.010874
48 0.010957 0.832583 0.013148 0.025872
48 0.227356 0.604050 0.020818 0.022497
5 0.231556 0.153918 0.002191 0.004124
5 0.324507 0.414136 0.002557 0.004124
6 0.207268 0.317773 0.001826 0.005624
48 0.025931 0.963817 0.027757 0.030371
48 0.064646 0.095801 0.018992 0.010124
48 0.071402 0.104424 0.006209 0.004874
51 0.804419 0.042370 0.023740 0.023247
48 0.962016 0.008811 0.023375 0.017623
48 0.966216 0.005437 0.023009 0.010874
48 0.954711 0.014248 0.023375 0.018748
48 0.948503 0.021935 0.026297 0.021372
5 0.978269 0.040307 0.004748 0.004874
5 0.971147 0.044432 0.004383 0.004124
48 0.950329 0.041432 0.015340 0.013873
48 0.943024 0.033371 0.013148 0.011998
48 0.926954 0.042370 0.025566 0.019498
48 0.915267 0.048931 0.018992 0.016123
48 0.909971 0.055681 0.015705 0.016873
48 0.931154 0.055868 0.020818 0.020997
48 0.946129 0.057743 0.014974 0.014998
48 0.931519 0.069179 0.016435 0.016123
5 0.163258 0.012373 0.002922 0.003750
5 0.124361 0.029434 0.003287 0.004124
9 0.182980 0.785714 0.002922 0.008624
8 0.531775 0.380015 0.002922 0.004874
10 0.477173 0.584739 0.007670 0.003375
5 0.509496 0.164229 0.002191 0.003750
5 0.416180 0.205849 0.003287 0.005999
10 0.420197 0.184102 0.004748 0.007499
5 0.140979 0.139483 0.001461 0.003000
5 0.552411 0.247469 0.004018 0.002250
6 0.664354 0.090551 0.002922 0.003375
5 0.408145 0.569741 0.004018 0.004124
5 0.416545 0.571804 0.003287 0.003750
5 0.354821 0.389764 0.002557 0.004874
5 0.407232 0.226097 0.003652 0.005249
5 0.533601 0.050056 0.002922 0.005624
6 0.426589 0.183165 0.002922 0.005624
5 0.119795 0.467004 0.004383 0.002625
5 0.128378 0.468504 0.005478 0.002625
5 0.353908 0.613798 0.005113 0.003000
48 0.625639 0.718223 0.026297 0.024372
48 0.417823 0.752718 0.013148 0.018373
48 0.439737 0.881140 0.017531 0.021747
48 0.663623 0.288526 0.024836 0.034871
48 0.532505 0.221035 0.008035 0.009374
5 0.132944 0.468691 0.004383 0.001500
14 0.349890 0.454256 0.005113 0.012373
48 0.468773 0.324147 0.032505 0.032621
48 0.397918 0.380015 0.023740 0.019873
48 0.422936 0.490814 0.016801 0.028496
48 0.510957 0.501500 0.016801 0.028121
48 0.361395 0.677165 0.009861 0.009749
48 0.434259 0.606674 0.013148 0.008249
48 0.389153 0.608924 0.012783 0.019498
48 0.521731 0.570679 0.014244 0.012748
48 0.580898 0.567867 0.006209 0.006374
48 0.533966 0.645294 0.010226 0.009749
5 0.126187 0.017810 0.003287 0.005624
5 0.112856 0.048369 0.003652 0.005999
48 0.275018 0.468691 0.020453 0.031496
48 0.196859 0.011624 0.007305 0.016498
48 0.209094 0.010124 0.017896 0.018748
48 0.235026 0.075366 0.013514 0.022497
48 0.056428 0.671166 0.012053 0.011998
48 0.075420 0.594113 0.011322 0.012373
48 0.623996 0.239783 0.014974 0.010874
48 0.444302 0.149606 0.014244 0.008249
48 0.444120 0.173041 0.010226 0.010124
48 0.707999 0.025309 0.020818 0.016123
48 0.140796 0.216535 0.009861 0.012373
5 0.230095 0.173603 0.002922 0.005999
5 0.374543 0.561492 0.004018 0.001875
5 0.630752 0.272216 0.002922 0.004499
11 0.325420 0.536933 0.003652 0.004499
48 0.395179 0.399325 0.037253 0.020997
48 0.392622 0.458380 0.029949 0.020622
48 0.392622 0.414511 0.035062 0.019123
48 0.394266 0.441507 0.026662 0.016873
48 0.347699 0.636295 0.012418 0.019498
48 0.378013 0.516123 0.016801 0.014623
5 0.276114 0.592988 0.003652 0.006374
5 0.117604 0.050056 0.003652 0.005624
5 0.136413 0.059430 0.003287 0.005624
6 0.483747 0.009936 0.009861 0.009374
48 0.194485 0.052868 0.011322 0.008999
48 0.202885 0.059430 0.015705 0.014623
48 0.364317 0.007499 0.026662 0.014998
48 0.296932 0.137233 0.032140 0.025497
48 0.025931 0.674541 0.015340 0.010499
5 0.173667 0.226659 0.003287 0.004874
48 0.367969 0.825834 0.037619 0.019873
48 0.675858 0.397638 0.021549 0.012373
48 0.456538 0.152606 0.014609 0.008249
48 0.526662 0.127672 0.013148 0.014623
48 0.599890 0.132171 0.016435 0.016123
48 0.720234 0.033558 0.016801 0.018373
5 0.325237 0.553618 0.002557 0.005624
5 0.391527 0.627297 0.004383 0.004499
5 0.427867 0.107049 0.004018 0.005624
5 0.427684 0.081927 0.003652 0.004874
5 0.622352 0.334646 0.004383 0.004874
48 0.558437 0.383202 0.016070 0.016498
48 0.624178 0.391264 0.012418 0.016123
48 0.539993 0.422760 0.014974 0.020622
48 0.489591 0.246532 0.029584 0.016873
48 0.484660 0.290964 0.028488 0.020997
48 0.386048 0.637233 0.015340 0.015373
48 0.405953 0.523810 0.014974 0.025497
48 0.434989 0.618485 0.016801 0.021372
48 0.419467 0.615298 0.016435 0.017248
48 0.544558 0.593176 0.012418 0.010499
48 0.619430 0.541057 0.004383 0.011249
48 0.614682 0.543307 0.005113 0.006749
5 0.395362 0.565242 0.005478 0.003375
11 0.457085 0.639295 0.012783 0.005999
5 0.385683 0.749344 0.005844 0.003375
5 0.166180 0.012936 0.003652 0.006374
5 0.120891 0.010874 0.003652 0.005249
5 0.153214 0.024934 0.003287 0.006374
48 0.058985 0.660855 0.010592 0.010124
48 0.039445 0.628421 0.010226 0.011998
48 0.088568 0.620735 0.012783 0.017623
48 0.087473 0.580990 0.009131 0.010124
48 0.105917 0.383015 0.010957 0.031871
48 0.269722 0.287214 0.046384 0.056243
53 0.172936 0.223097 0.016435 0.017248
48 0.482286 0.571991 0.011322 0.014623
48 0.504748 0.173791 0.019722 0.016123
5 0.054602 0.328271 0.002557 0.004124
5 0.334551 0.540870 0.002191 0.005624
48 0.608656 0.467192 0.016435 0.026247
48 0.376004 0.646419 0.023009 0.046494
48 0.434259 0.591489 0.008035 0.008624
48 0.432432 0.599738 0.005844 0.005624
48 0.420745 0.605174 0.015340 0.010499
48 0.487765 0.621485 0.006209 0.009374
48 0.543462 0.617923 0.014609 0.009749
48 0.549854 0.641545 0.006209 0.008999
48 0.463112 0.673416 0.017531 0.025497
5 0.267531 0.590364 0.003287 0.005624
5 0.286706 0.597300 0.003652 0.005999
5 0.155588 0.010874 0.002922 0.004499
5 0.132396 0.014811 0.003287 0.005624
5 0.109569 0.037120 0.003652 0.005249
5 0.128378 0.042932 0.003287 0.004874
5 0.159606 0.049306 0.003652 0.005624
48 0.446676 0.794338 0.005844 0.004874
48 0.445215 0.799400 0.005113 0.003750
48 0.278305 0.428946 0.010226 0.019498
48 0.207268 0.406637 0.023009 0.019873
48 0.016983 0.660480 0.011322 0.013123
48 0.012418 0.626734 0.013879 0.025872
48 0.069576 0.616610 0.012783 0.021372
48 0.460007 0.623547 0.013514 0.013498
48 0.656136 0.639108 0.024470 0.034871
48 0.675676 0.593738 0.032140 0.016873
48 0.721695 0.532621 0.024836 0.016123
5 0.239043 0.200412 0.005478 0.004874
47 0.191198 0.550619 0.033966 0.030371
47 0.308254 0.204349 0.148283 0.063742
5 0.358108 0.810836 0.003287 0.004124
5 0.389153 0.621110 0.005478 0.004124
5 0.331081 0.508624 0.002557 0.004124
5 0.440833 0.578178 0.005113 0.003750
5 0.404675 0.243907 0.003652 0.004124
48 0.634587 0.160105 0.030314 0.017998
48 0.610847 0.400450 0.008400 0.007499
48 0.579620 0.456693 0.017531 0.025497
48 0.506757 0.304649 0.021549 0.025122
48 0.528853 0.341957 0.024836 0.023247
48 0.701059 0.663667 0.036888 0.029996
5 0.160519 0.012373 0.003287 0.005999
5 0.117421 0.065429 0.003287 0.004874
5 0.136779 0.069366 0.002557 0.005999
48 0.289445 0.480502 0.012783 0.016873
48 0.294923 0.397075 0.014974 0.019498
48 0.176771 0.083240 0.008766 0.009749
48 0.086560 0.591676 0.008035 0.010499
48 0.080716 0.581552 0.007305 0.013498
5 0.315924 0.277840 0.002922 0.004499
48 0.421110 0.873266 0.019722 0.018748
48 0.610117 0.240907 0.016435 0.019123
48 0.570307 0.219723 0.014244 0.011249
48 0.445033 0.158043 0.013514 0.010124
48 0.136413 0.241095 0.009861 0.016498
8 0.025018 0.393888 0.005478 0.004124
47 0.412345 0.655043 0.014609 0.036745
47 0.427319 0.656730 0.017531 0.037120
5 0.074872 0.407762 0.006574 0.003375
5 0.060446 0.357330 0.004018 0.002250
5 0.087473 0.458943 0.003287 0.003000
5 0.056245 0.620547 0.004383 0.005249
48 0.529036 0.110049 0.046384 0.023622
48 0.568298 0.422947 0.018262 0.028496
48 0.433528 0.305024 0.018992 0.014623
48 0.431519 0.323959 0.023740 0.023247
48 0.671110 0.519310 0.017166 0.029996
48 0.425128 0.723472 0.014609 0.010124
48 0.417275 0.691226 0.015705 0.031121
48 0.388787 0.703974 0.008400 0.010124
48 0.566655 0.573116 0.012783 0.009374
48 0.503652 0.632358 0.020453 0.010874
48 0.334916 0.771091 0.011687 0.028121
48 0.333455 0.741282 0.013148 0.032246
10 0.441198 0.517998 0.008035 0.004124
5 0.131300 0.019498 0.003287 0.005249
5 0.145727 0.023435 0.003652 0.005624
5 0.156684 0.048931 0.003652 0.006374
5 0.136779 0.054368 0.002557 0.005249
5 0.151753 0.072928 0.003287 0.006374
48 0.282140 0.549306 0.013514 0.015748
48 0.254748 0.419948 0.009861 0.018748
48 0.223156 0.025684 0.015340 0.010874
48 0.006392 0.671729 0.012783 0.013123
48 0.229182 0.233971 0.012783 0.020247
48 0.679328 0.386764 0.015340 0.013123
48 0.575603 0.194601 0.009496 0.012748
5 0.048758 0.502812 0.005478 0.004499
5 0.066107 0.931196 0.008766 0.002625
5 0.266801 0.446944 0.004748 0.002250
5 0.432432 0.475441 0.003652 0.002250
48 0.629291 0.422197 0.012418 0.008249
48 0.583272 0.422760 0.016801 0.023622
48 0.487582 0.260030 0.032871 0.016873
48 0.404492 0.362017 0.031045 0.023622
48 0.534332 0.617923 0.008766 0.012748
48 0.618152 0.607612 0.016435 0.011624
5 0.270088 0.590739 0.004018 0.006374
48 0.100804 0.924072 0.018262 0.031871
5 0.108108 0.047057 0.003652 0.005624
48 0.259679 0.572178 0.032140 0.023997
48 0.293097 0.572741 0.014974 0.012373
48 0.295471 0.564117 0.016070 0.012373
48 0.321402 0.469629 0.008766 0.011624
48 0.306793 0.472628 0.028488 0.024372
48 0.689920 0.094301 0.015340 0.016123
48 0.198503 0.068241 0.009131 0.013498
48 0.079620 0.618673 0.013148 0.020997
5 0.165632 0.548181 0.004018 0.005249
48 0.595142 0.681852 0.017166 0.022872
48 0.571768 0.659543 0.017166 0.014248
48 0.540906 0.710349 0.017531 0.023622
48 0.782688 0.610799 0.024105 0.028496
48 0.660336 0.263780 0.027757 0.012373
48 0.595325 0.137795 0.018992 0.017623
5 0.217677 0.228159 0.004383 0.004874
8 0.226808 0.178290 0.002922 0.005624
5 0.089481 0.239033 0.005113 0.001875
5 0.065011 0.504312 0.003652 0.003000
5 0.352995 0.805587 0.001826 0.004124
5 0.358839 0.614923 0.004018 0.003000
5 0.398283 0.623172 0.004018 0.002250
10 0.363039 0.352081 0.004383 0.006749
48 0.613769 0.421072 0.014974 0.008249
48 0.446494 0.244094 0.033966 0.022497
48 0.598430 0.751594 0.014974 0.021372
48 0.428780 0.698163 0.010957 0.013498
48 0.425858 0.636670 0.009496 0.007499
48 0.404492 0.609674 0.018627 0.023247
48 0.557706 0.542932 0.010226 0.008249
5 0.064646 0.943945 0.007305 0.004124
48 0.008766 0.881890 0.017531 0.023247
5 0.121622 0.016685 0.003652 0.006374
5 0.143353 0.022872 0.003287 0.005999
5 0.158510 0.037683 0.002922 0.004874
5 0.114682 0.049494 0.002922 0.005249
5 0.127465 0.052306 0.003652 0.005624
5 0.139335 0.059805 0.003287 0.005624
5 0.126735 0.066929 0.003652 0.005624
48 0.306428 0.576115 0.019722 0.022122
48 0.319028 0.417510 0.015705 0.004874
48 0.258766 0.386014 0.012783 0.021372
48 0.232652 0.385452 0.016801 0.018748
48 0.326516 0.005249 0.024105 0.010499
48 0.015340 0.671541 0.006574 0.011249
5 0.172571 0.222910 0.005478 0.001875
5 0.322681 0.278965 0.003287 0.004499
48 0.373448 0.802400 0.031775 0.035996
10 0.598977 0.659168 0.004383 0.005249
48 0.603908 0.639483 0.017896 0.030371
48 0.527940 0.203412 0.017166 0.009374
48 0.492878 0.168354 0.015705 0.011998
48 0.803141 0.005999 0.022644 0.011998
48 0.216399 0.162542 0.008400 0.007874
5 0.013148 0.958380 0.005113 0.002250
5 0.363769 0.344582 0.003652 0.004499
5 0.532323 0.322647 0.003287 0.002625
5 0.981556 0.016685 0.002557 0.003375
48 0.624543 0.195538 0.022644 0.013873
48 0.622900 0.300150 0.023009 0.012373
48 0.564281 0.460442 0.016070 0.029246
48 0.510774 0.256843 0.017166 0.028496
48 0.382396 0.690851 0.009496 0.017623
48 0.447772 0.550431 0.021914 0.055493
48 0.561359 0.553618 0.016070 0.010874
48 0.570672 0.538245 0.007670 0.015373
48 0.616143 0.536745 0.005113 0.006374
48 0.612126 0.571429 0.012418 0.008999
5 0.390614 0.564492 0.005478 0.004124
5 0.386048 0.751219 0.005844 0.003375
10 0.335281 0.709036 0.006574 0.008999
5 0.273557 0.592051 0.003652 0.006749
5 0.030679 0.849081 0.006574 0.004124
5 0.159971 0.021372 0.002922 0.005249
5 0.138605 0.021935 0.003287 0.005624
5 0.161066 0.026622 0.003652 0.006749
48 0.281410 0.383765 0.009131 0.006374
48 0.749087 0.051181 0.019722 0.018373
48 0.235756 0.042557 0.020088 0.012373
48 0.189189 0.038620 0.010226 0.014998
48 0.191746 0.088676 0.007305 0.010874
48 0.350256 0.091114 0.025566 0.037495
48 0.714207 0.477503 0.024470 0.039370
48 0.739408 0.021747 0.017896 0.018748
48 0.201059 0.165354 0.007670 0.011249
5 0.014427 0.156918 0.004748 0.001125
5 0.342951 0.610424 0.004383 0.004499
5 0.384770 0.721785 0.001826 0.004499
5 0.425493 0.468691 0.004383 0.003750
5 0.678963 0.624110 0.003652 0.003375
14 0.344960 0.476565 0.003287 0.011249
48 0.593134 0.281965 0.021183 0.026997
48 0.636231 0.391826 0.014609 0.014248
48 0.496530 0.500000 0.017896 0.030371
48 0.466034 0.778965 0.018992 0.016873
48 0.389518 0.543495 0.018627 0.028871
48 0.441928 0.597300 0.008035 0.014248
48 0.549489 0.538433 0.009131 0.009749
48 0.569211 0.549119 0.009861 0.009374
48 0.523740 0.623922 0.005844 0.007499
48 0.653762 0.545557 0.006574 0.019498
48 0.528853 0.719723 0.010957 0.016123
5 0.153031 0.010311 0.002922 0.006374
5 0.144083 0.017623 0.003287 0.005249
5 0.129109 0.031309 0.003287 0.005624
5 0.111943 0.038245 0.003287 0.005249
5 0.109569 0.053056 0.002922 0.004874
48 0.237400 0.027747 0.017531 0.011249
48 0.228817 0.052306 0.013514 0.013873
48 0.212564 0.027372 0.006574 0.008999
48 0.191928 0.077240 0.012783 0.012748
48 0.496530 0.600675 0.014244 0.011998
5 0.688459 0.024372 0.002922 0.006749
5 0.114865 0.465504 0.004748 0.002625
5 0.071950 0.607612 0.006574 0.003375
5 0.355552 0.828834 0.002557 0.003375
5 0.426954 0.061680 0.003652 0.005624
5 0.495069 0.161792 0.002557 0.003375
48 0.361578 0.443945 0.012418 0.011249
48 0.331812 0.619610 0.017166 0.010874
48 0.403031 0.643232 0.009861 0.025122
48 0.535245 0.005812 0.030314 0.011624
53 0.373996 0.748219 0.032871 0.016123
48 0.281227 0.582677 0.030679 0.024747
48 0.257122 0.488564 0.009496 0.010499
48 0.201424 0.080240 0.010592 0.011249
48 0.266801 0.039183 0.021549 0.016123
48 0.337473 0.165542 0.027757 0.019873
48 0.038349 0.664229 0.010226 0.019873
48 0.236852 0.294901 0.032505 0.025872
48 0.572498 0.689351 0.022279 0.017623
48 0.728451 0.548369 0.041271 0.016123
48 0.671841 0.366704 0.021549 0.013498
48 0.599343 0.236783 0.018992 0.022872
48 0.511322 0.141357 0.013148 0.014248
48 0.697042 0.062430 0.016435 0.013873
48 0.216399 0.175853 0.012053 0.008999
48 0.104638 0.169854 0.034697 0.015748
5 0.013148 0.952381 0.002922 0.003750
5 0.165814 0.424072 0.004383 0.005999
5 0.047845 0.449756 0.005113 0.003375
5 0.262418 0.456880 0.002557 0.004874
5 0.381300 0.562617 0.003652 0.002625
5 0.429693 0.070491 0.004018 0.003750
5 0.429693 0.028121 0.002557 0.004499
5 0.603543 0.659168 0.005478 0.003750
5 0.287253 0.686164 0.003287 0.004499
48 0.620891 0.356018 0.016070 0.027372
48 0.399927 0.663667 0.009496 0.017248
48 0.421476 0.532058 0.012418 0.010499
48 0.577246 0.540870 0.007670 0.024372
48 0.623083 0.540682 0.005113 0.011998
48 0.272462 0.655981 0.013879 0.009374
48 0.542732 0.067304 0.067933 0.035621
5 0.148101 0.018748 0.003287 0.005249
5 0.126735 0.030371 0.003652 0.005249
5 0.151388 0.047807 0.004018 0.006374
48 0.223886 0.036370 0.007305 0.014248
48 0.197224 0.040870 0.006574 0.009749
48 0.201059 0.026622 0.007670 0.008999
48 0.337107 0.284402 0.028488 0.015373
48 0.567568 0.756655 0.027027 0.031496
48 0.466947 0.653543 0.017166 0.018748
48 0.487582 0.744282 0.023375 0.023997
48 0.456355 0.177728 0.014974 0.014248
48 0.535975 0.147544 0.014244 0.016873
48 0.578707 0.157855 0.012783 0.022497
48 0.605917 0.104987 0.009496 0.008249
5 0.224982 0.187664 0.003652 0.006374
5 0.037984 0.950694 0.002922 0.007124
5 0.078707 0.457443 0.005478 0.003000
5 0.450511 0.704912 0.002557 0.004499
5 0.412162 0.422760 0.004748 0.003375
5 0.447589 0.789839 0.004748 0.001875
48 0.712564 0.129921 0.024105 0.026622
48 0.619248 0.318148 0.029584 0.023622
48 0.640248 0.466067 0.021183 0.029246
48 0.593864 0.462880 0.016070 0.023622
48 0.519540 0.372516 0.025931 0.022872
48 0.437180 0.290589 0.024105 0.024747
48 0.481008 0.497750 0.018262 0.028871
48 0.650292 0.517060 0.012783 0.030746
48 0.509131 0.556055 0.016070 0.016498
5 0.409606 0.625984 0.006209 0.003375
5 0.280862 0.595426 0.003652 0.008249
5 0.123996 0.016873 0.003287 0.005999
5 0.133492 0.032246 0.003287 0.005249
5 0.121256 0.041807 0.002922 0.005624
5 0.124178 0.056430 0.003652 0.006374
5 0.141709 0.070679 0.002922 0.005624
53 0.140979 0.042370 0.092038 0.084739
48 0.309167 0.553806 0.025201 0.020247
48 0.326698 0.476940 0.014244 0.017998
48 0.067933 0.661605 0.008766 0.007874
48 0.064098 0.637420 0.014244 0.021747
5 0.154675 0.528309 0.004748 0.006749
48 0.621622 0.674728 0.018262 0.026622
48 0.637692 0.678853 0.014609 0.022872
48 0.503104 0.567304 0.021549 0.018748
48 0.630022 0.640045 0.021183 0.026997
48 0.622169 0.103300 0.016435 0.016873
5 0.077429 0.226097 0.005113 0.003000
5 0.242878 0.062430 0.002191 0.005624
5 0.049671 0.401575 0.003652 0.002250
5 0.042001 0.499063 0.004383 0.003000
5 0.353908 0.416010 0.002191 0.004874
48 0.412345 0.348331 0.031410 0.023247
48 0.640431 0.515186 0.013514 0.029996
48 0.365047 0.644169 0.013514 0.043495
5 0.134770 0.015561 0.002922 0.005624
5 0.151023 0.035808 0.002557 0.004874
5 0.149196 0.072178 0.003287 0.005624
48 0.450694 0.847956 0.029218 0.034871
48 0.233199 0.317773 0.035427 0.028121
8 0.173850 0.221222 0.005844 0.003000
8 0.166910 0.536370 0.007305 0.010124
48 0.599525 0.719348 0.025201 0.028871
48 0.668371 0.579865 0.027027 0.011624
48 0.706538 0.039745 0.020088 0.015748
5 0.146822 0.476940 0.005113 0.004499
5 0.264974 0.456505 0.003287 0.004124
5 0.385318 0.745594 0.002191 0.004124
5 0.288897 0.680165 0.003652 0.005999
48 0.577064 0.350956 0.013148 0.023997
48 0.532688 0.443007 0.018627 0.009374
48 0.541271 0.499063 0.015340 0.021747
48 0.552593 0.661417 0.022644 0.023997
48 0.329803 0.631796 0.016070 0.015748
48 0.343134 0.628796 0.009131 0.011998
48 0.403214 0.547057 0.019722 0.026247
48 0.502557 0.622047 0.018992 0.006749
5 0.158327 0.011436 0.003287 0.004874
5 0.141527 0.017248 0.003287 0.005249
5 0.129839 0.052868 0.003287 0.005249
5 0.104821 0.062055 0.003652 0.005624
48 0.300584 0.514811 0.050402 0.051744
48 0.206720 0.046494 0.011687 0.014248
48 0.271914 0.028121 0.006939 0.009749
48 0.073959 0.639108 0.012783 0.021372
48 0.033419 0.610236 0.012783 0.023622
48 0.462564 0.612298 0.014244 0.011249
48 0.502922 0.639670 0.037253 0.008999
48 0.432067 0.736220 0.013148 0.016873
48 0.524288 0.144544 0.013514 0.018373
48 0.207451 0.166854 0.008035 0.009749
5 0.043097 0.391639 0.002191 0.007124
5 0.070672 0.215223 0.001826 0.004499
5 0.059350 0.404949 0.006209 0.003000
5 0.073229 0.456130 0.004018 0.002625
5 0.425858 0.049494 0.002922 0.005249
6 0.347516 0.799213 0.006209 0.013123
48 0.634587 0.356768 0.018627 0.030371
48 0.437911 0.725909 0.015340 0.011249
48 0.354091 0.657293 0.011322 0.013498
48 0.414354 0.634983 0.014974 0.007124
48 0.476808 0.559805 0.010592 0.014248
48 0.466216 0.533371 0.017166 0.019123
48 0.541271 0.654293 0.009496 0.008999
48 0.628013 0.543682 0.007670 0.007499
5 0.143901 0.033933 0.002922 0.005624
5 0.125274 0.042557 0.002922 0.004874
5 0.134039 0.044244 0.003652 0.006749
5 0.131665 0.058305 0.003287 0.005624
48 0.312454 0.526809 0.019357 0.012748
48 0.217677 0.386952 0.009496 0.008999
48 0.187363 0.051931 0.005113 0.008624
48 0.044193 0.638920 0.012418 0.014248
5 0.169467 0.225722 0.002922 0.005249
48 0.765522 0.587552 0.031410 0.036745
48 0.486486 0.185602 0.013148 0.009749
48 0.756392 0.040495 0.018992 0.015748
48 0.038349 0.201350 0.018262 0.012748
5 0.347151 0.011624 0.004018 0.004499
5 0.237582 0.050244 0.001096 0.005999
5 0.071950 0.208286 0.002191 0.004124
5 0.415997 0.513686 0.007305 0.003750
5 0.521731 0.432696 0.004748 0.002250
5 0.617787 0.155418 0.006209 0.005624
48 0.623813 0.284964 0.018992 0.017998
48 0.601717 0.314398 0.018627 0.028121
48 0.542001 0.302587 0.021914 0.026997
48 0.525201 0.499625 0.016070 0.023622
48 0.364682 0.843082 0.023009 0.015373
48 0.490869 0.681102 0.033601 0.013873
48 0.428963 0.715786 0.007670 0.011249
48 0.615230 0.591676 0.026662 0.020247
5 0.153031 0.019873 0.002922 0.005249
5 0.150657 0.024934 0.003287 0.005624
5 0.155953 0.026059 0.002922 0.005624
5 0.111760 0.054368 0.003652 0.005249
48 0.294923 0.552868 0.009861 0.014623
48 0.191015 0.025122 0.012418 0.015748
48 0.181154 0.056055 0.008035 0.019123
48 0.207999 0.088489 0.021549 0.023997
48 0.078159 0.695538 0.013148 0.012748
48 0.066837 0.671541 0.012418 0.016498
48 0.028488 0.665542 0.014609 0.014998
48 0.091125 0.569929 0.011322 0.013498
48 0.522096 0.615111 0.013514 0.010874
48 0.781592 0.604612 0.021183 0.016123
48 0.674032 0.419010 0.020818 0.013123
8 0.715121 0.058118 0.008035 0.005249
5 0.012600 0.955381 0.004018 0.004499
5 0.240504 0.091489 0.003287 0.005249
5 0.250365 0.022310 0.002557 0.006374
5 0.452155 0.715223 0.002922 0.005624
5 0.700877 0.956131 0.003652 0.003000
48 0.556428 0.137045 0.039810 0.050619
48 0.680241 0.141170 0.017896 0.029621
48 0.622352 0.469816 0.017531 0.027747
48 0.549123 0.462505 0.017896 0.025872
48 0.451790 0.494001 0.016070 0.025872
48 0.516435 0.780090 0.020453 0.028871
48 0.453433 0.721222 0.020088 0.011624
5 0.348612 0.610799 0.003287 0.004499
48 0.356099 0.516123 0.029949 0.029621
48 0.508218 0.602362 0.010592 0.010124
5 0.278305 0.594488 0.003652 0.007874
48 0.227538 0.576490 0.035793 0.027372
5 0.136961 0.016123 0.002922 0.005249
5 0.145727 0.018373 0.002922 0.005249
5 0.122535 0.051369 0.003287 0.005999
5 0.142075 0.054931 0.003652 0.005624
5 0.129474 0.057555 0.003287 0.005624
5 0.146275 0.071991 0.003287 0.005249
48 0.297297 0.591114 0.016070 0.024372
48 0.292001 0.466817 0.009131 0.010499
48 0.288532 0.430071 0.013879 0.023247
48 0.705442 0.083240 0.027392 0.028496
48 0.052776 0.612861 0.009131 0.015373
48 0.729730 0.013686 0.018262 0.019123
48 0.578342 0.717660 0.022279 0.029996
8 0.482286 0.613798 0.002557 0.003750
48 0.674580 0.429884 0.021914 0.011624
48 0.457451 0.159918 0.012783 0.008624
48 0.456355 0.168541 0.013514 0.010874
5 0.220782 0.210161 0.003287 0.005624
47 0.147553 0.384889 0.022644 0.017623
5 0.422571 0.046307 0.004383 0.004124
5 0.701242 0.578740 0.002191 0.005624
14 0.369430 0.333708 0.006939 0.008999
48 0.598064 0.425009 0.016435 0.020622
48 0.553324 0.420510 0.017531 0.025122
48 0.486669 0.276340 0.033236 0.023997
48 0.440650 0.398013 0.028123 0.012373
48 0.465121 0.439445 0.024470 0.029996
48 0.392622 0.426134 0.033601 0.019873
48 0.659423 0.517248 0.012783 0.028871
48 0.343134 0.670041 0.008400 0.010499
48 0.424580 0.556618 0.033966 0.035621
48 0.484478 0.562055 0.010592 0.009749
48 0.362856 0.580615 0.008400 0.010874
48 0.547480 0.573116 0.026297 0.010874
48 0.295654 0.704724 0.014244 0.019873
5 0.168371 0.014061 0.002922 0.005624
5 0.157597 0.020810 0.003287 0.005624
5 0.158692 0.026247 0.003287 0.005999
5 0.160884 0.038245 0.003287 0.005249
48 0.250913 0.543682 0.005844 0.008999
48 0.282688 0.395201 0.012418 0.016498
48 0.237582 0.035058 0.020818 0.010124
5 0.176041 0.227409 0.002922 0.004124
48 0.407597 0.584364 0.027027 0.028121
48 0.606465 0.619048 0.014244 0.013498
5 0.247809 0.068429 0.001826 0.004874
5 0.445215 0.748969 0.005113 0.002625
5 0.459642 0.473003 0.005478 0.001875
5 0.428598 0.093176 0.005478 0.006374
5 0.456903 0.308211 0.002191 0.005999
5 0.345142 0.764717 0.004383 0.006374
48 0.625639 0.402512 0.018992 0.009374
48 0.548210 0.436445 0.009496 0.008999
48 0.484843 0.411886 0.018627 0.018373
48 0.374178 0.543307 0.018627 0.029996
48 0.421658 0.521372 0.017896 0.011624
48 0.331629 0.717285 0.009496 0.015748
48 0.561541 0.011061 0.036158 0.022122
5 0.116508 0.040307 0.002922 0.005624
48 0.268261 0.540682 0.009131 0.014998
48 0.234295 0.536183 0.009861 0.011998
48 0.203433 0.019685 0.010957 0.007874
48 0.189372 0.065242 0.013514 0.013498
48 0.170562 0.070866 0.008035 0.011998
48 0.080533 0.571241 0.011322 0.017623
48 0.256757 0.237345 0.012418 0.023997
48 0.459825 0.623547 0.013148 0.015748
48 0.679876 0.375328 0.017896 0.011998
48 0.661797 0.117923 0.029218 0.028121
46 0.376735 0.768654 0.028853 0.034496
5 0.503835 0.462317 0.002557 0.003000
5 0.702155 0.958943 0.004748 0.002625
6 0.365595 0.719535 0.003652 0.005999
14 0.377283 0.324709 0.006574 0.008999
48 0.579803 0.314586 0.031045 0.026247
48 0.438094 0.421822 0.029584 0.020247
48 0.502922 0.408886 0.019722 0.019873
48 0.405040 0.486502 0.019722 0.035621
48 0.585464 0.505624 0.017531 0.023622
48 0.628561 0.510874 0.015340 0.023622
48 0.390066 0.649606 0.019722 0.039370
48 0.473886 0.614548 0.012783 0.008999
48 0.533419 0.630859 0.015705 0.018373
5 0.140979 0.022310 0.003652 0.005624
5 0.146457 0.046682 0.002922 0.004874
48 0.439554 0.795276 0.004018 0.005999
48 0.313185 0.434758 0.010592 0.014623
48 0.301132 0.433633 0.014244 0.027372
48 0.231191 0.412636 0.010957 0.019873
48 0.205990 0.366142 0.008766 0.008624
48 0.279949 0.011249 0.033236 0.021747
48 0.007122 0.661605 0.013514 0.009374
48 0.497078 0.660855 0.006574 0.011624
48 0.668371 0.332771 0.034332 0.016873
48 0.553324 0.219348 0.020453 0.023247
48 0.615961 0.113986 0.012783 0.010499
48 0.749635 0.007124 0.018627 0.014248
8 0.338386 0.505812 0.004748 0.005999
5 0.512600 0.164229 0.003287 0.004499
48 0.670928 0.134421 0.021914 0.025872
48 0.641709 0.141357 0.029949 0.020997
48 0.590760 0.352643 0.015705 0.028871
48 0.587473 0.386389 0.016435 0.016123
48 0.452885 0.359393 0.034332 0.018373
5 0.138605 0.032996 0.003287 0.005249
5 0.118517 0.040870 0.002557 0.005249
48 0.231191 0.524747 0.010226 0.012373
48 0.245617 0.007874 0.009131 0.014248
48 0.211833 0.022497 0.010226 0.005999
48 0.178232 0.077240 0.008035 0.005999
48 0.386596 0.036370 0.048576 0.072741
48 0.077429 0.676603 0.014609 0.007124
5 0.171476 0.226284 0.002557 0.004874
48 0.751461 0.637233 0.022279 0.016873
10 0.591125 0.658605 0.009861 0.005624
48 0.727721 0.588114 0.041271 0.026622
48 0.474616 0.182415 0.012053 0.009374
48 0.600621 0.111924 0.006939 0.006374
5 0.036523 0.497750 0.005113 0.001875
5 0.105917 0.564492 0.005844 0.001875
5 0.430058 0.051181 0.005478 0.007124
14 0.346603 0.781215 0.005844 0.016123
48 0.629291 0.177728 0.034332 0.020997
48 0.526114 0.294338 0.019357 0.023247
48 0.422936 0.336895 0.023375 0.016123
48 0.424580 0.690101 0.004748 0.006374
48 0.472973 0.572366 0.006574 0.014623
48 0.451424 0.611361 0.012418 0.008624
48 0.531775 0.573491 0.007305 0.013123
48 0.615778 0.551369 0.010957 0.009374
48 0.206903 0.597113 0.042732 0.043870
5 0.125091 0.012561 0.003287 0.004874
5 0.156318 0.036933 0.002922 0.005624
5 0.114134 0.039370 0.003287 0.005249
5 0.143901 0.046307 0.002922 0.004874
5 0.107560 0.062430 0.002557 0.005624
5 0.133857 0.069179 0.003287 0.005624
48 0.265340 0.417885 0.014244 0.029621
48 0.308437 0.399138 0.013514 0.015373
48 0.207085 0.027184 0.005844 0.007874
48 0.202520 0.203975 0.038349 0.029246
48 0.453616 0.740532 0.013148 0.016498
48 0.723521 0.515186 0.031410 0.020247
48 0.666910 0.343645 0.027757 0.017623
48 0.664354 0.317210 0.021183 0.017998
48 0.732286 0.040870 0.016801 0.016498
48 0.812637 0.001687 0.013148 0.003375
5 0.061907 0.270529 0.001826 0.004124
5 0.068481 0.407199 0.006209 0.003000
5 0.073411 0.545744 0.004383 0.004874
5 0.347516 0.743907 0.004018 0.005249
5 0.316289 0.646232 0.004383 0.004874
5 0.234295 0.428759 0.005478 0.006374
48 0.693389 0.143232 0.014974 0.031496
48 0.626917 0.377953 0.015705 0.009749
48 0.627831 0.433446 0.013879 0.012748
48 0.611760 0.434571 0.016801 0.020247
48 0.550767 0.274466 0.021914 0.038245
48 0.442294 0.387702 0.027757 0.012748
48 0.465851 0.495501 0.017166 0.028871
48 0.629474 0.536745 0.008400 0.006374
48 0.625639 0.551931 0.010957 0.010499
48 0.308619 0.690101 0.021183 0.016873
5 0.135866 0.032433 0.002922 0.005624
5 0.130935 0.043682 0.004018 0.005624
5 0.141892 0.045557 0.003287 0.004874
5 0.141527 0.060180 0.003287 0.005624
5 0.119795 0.065804 0.003652 0.005624
5 0.122535 0.065992 0.003287 0.005249
5 0.139153 0.069554 0.002922 0.005624
5 0.163988 0.076115 0.003652 0.006749
48 0.249817 0.564867 0.015340 0.014623
48 0.251461 0.533183 0.009861 0.012748
48 0.312454 0.517623 0.014244 0.013123
48 0.179876 0.036183 0.014974 0.018373
48 0.004748 0.452006 0.009496 0.026622
48 0.230460 0.264717 0.026297 0.025497
5 0.166910 0.224784 0.002191 0.004874
8 0.173667 0.538620 0.006939 0.009374
5 0.067385 0.597488 0.003287 0.006374
48 0.572133 0.674353 0.016435 0.016123
48 0.757305 0.625234 0.020088 0.013873
48 0.677684 0.569741 0.027392 0.020622
48 0.522462 0.218035 0.016435 0.012373
8 0.052045 0.404199 0.006209 0.003000
47 0.444120 0.660105 0.019722 0.037870
5 0.021731 0.444694 0.006209 0.002250
5 0.448320 0.705287 0.001826 0.005249
5 0.450146 0.749719 0.004748 0.004124
14 0.339116 0.514998 0.004018 0.011624
48 0.658327 0.194788 0.031045 0.034121
48 0.530131 0.466254 0.024470 0.016873
48 0.509496 0.337833 0.023375 0.023997
48 0.680606 0.719348 0.031775 0.021372
48 0.541636 0.741282 0.025566 0.011249
48 0.386961 0.678853 0.006209 0.010874
48 0.402301 0.683727 0.015705 0.014623
48 0.487400 0.538058 0.010592 0.014998
48 0.552045 0.547807 0.014974 0.007499
48 0.537071 0.593176 0.009131 0.009749
48 0.624543 0.565054 0.011687 0.017998
48 0.007487 0.896138 0.014974 0.020997
5 0.139153 0.016873 0.003652 0.005249
5 0.150292 0.019498 0.003287 0.005249
5 0.153397 0.036558 0.003652 0.005624
5 0.163258 0.038620 0.002922 0.005249
5 0.154310 0.073866 0.003287 0.005999
5 0.158875 0.074616 0.002922 0.005999
48 0.341125 0.685039 0.010226 0.020247
48 0.680424 0.099550 0.013879 0.013873
48 0.182615 0.022497 0.013148 0.012748
48 0.204346 0.071991 0.007670 0.008249
48 0.083272 0.645107 0.010957 0.012373
48 0.048210 0.628609 0.010226 0.010874
48 0.097516 0.584552 0.013148 0.009749
48 0.238678 0.251219 0.038349 0.017998
5 0.312637 0.277840 0.002922 0.004499
48 0.545471 0.682602 0.019357 0.017623
48 0.371622 0.576865 0.012053 0.019873
48 0.407232 0.752906 0.010226 0.015748
48 0.448137 0.773903 0.010226 0.015748
48 0.622352 0.204162 0.025566 0.016123
48 0.548028 0.188039 0.018627 0.019873
48 0.570855 0.155043 0.015340 0.025872
48 0.584186 0.158605 0.014244 0.022497
48 0.717677 0.006749 0.015340 0.013498
48 0.771549 0.003750 0.010592 0.007499
8 0.078342 0.411511 0.006209 0.003375
5 0.032688 0.229471 0.005478 0.001500
5 0.044193 0.371579 0.002191 0.005249
5 0.285245 0.446944 0.005844 0.003000
5 0.697955 0.953693 0.004383 0.003375
48 0.444120 0.374766 0.029949 0.019873
48 0.439554 0.409074 0.029584 0.009749
48 0.470051 0.394826 0.021183 0.020247
48 0.497626 0.429509 0.023009 0.021372
48 0.554967 0.508436 0.020088 0.036745
48 0.517714 0.603112 0.010592 0.010874
48 0.642440 0.610424 0.015340 0.010499
5 0.136231 0.021185 0.002922 0.005624
5 0.116691 0.055118 0.003287 0.005249
5 0.126552 0.056993 0.003287 0.005999
5 0.115047 0.064679 0.002922 0.005624
48 0.320307 0.424072 0.011687 0.008999
48 0.190650 0.006937 0.006574 0.013123
48 0.231738 0.017810 0.012053 0.010874
48 0.522096 0.659355 0.015705 0.016873
48 0.450877 0.758905 0.012053 0.014998
48 0.665084 0.379265 0.010226 0.015373
48 0.566107 0.205287 0.019722 0.016873
5 0.254931 0.443757 0.002922 0.003375
5 0.690650 0.957630 0.004383 0.003000
6 0.338568 0.729471 0.002191 0.004874
5 0.320855 0.682227 0.004018 0.004874
48 0.600073 0.507124 0.016070 0.025122
48 0.393535 0.519123 0.018627 0.022872
48 0.459825 0.562992 0.020453 0.030371
48 0.376370 0.605362 0.016435 0.021372
48 0.363221 0.602175 0.015705 0.022497
48 0.558802 0.562617 0.014609 0.011624
48 0.516801 0.623172 0.008766 0.007499
5 0.400657 0.566929 0.005844 0.003750
48 0.283236 0.027934 0.022279 0.015373
5 0.148831 0.035246 0.003287 0.005999
5 0.110665 0.047807 0.003652 0.006374
5 0.144083 0.071429 0.003287 0.005624
48 0.259313 0.544244 0.009496 0.016873
48 0.271001 0.508624 0.009496 0.010124
48 0.245069 0.386952 0.015340 0.023247
48 0.217129 0.358080 0.015705 0.015748
48 0.242695 0.020810 0.010592 0.010124
48 0.262418 0.061117 0.017166 0.009749
48 0.077794 0.666479 0.012418 0.013873
48 0.014244 0.652606 0.024836 0.013123
5 0.309350 0.277465 0.002922 0.005249
48 0.331081 0.311586 0.032505 0.018748
48 0.472608 0.626172 0.013148 0.019498
48 0.727721 0.566554 0.044193 0.021747
48 0.674763 0.443382 0.024470 0.016123
48 0.662527 0.243157 0.034332 0.034121
48 0.507852 0.213536 0.017896 0.019123
5 0.223156 0.198350 0.002922 0.004499
5 0.066289 0.934946 0.005478 0.002625
5 0.341490 0.733033 0.002922 0.003750
48 0.617604 0.216348 0.027027 0.020247
48 0.572863 0.383390 0.014974 0.016123
48 0.534149 0.266217 0.029584 0.035246
48 0.490321 0.368579 0.041271 0.026247
48 0.441015 0.268466 0.028853 0.025497
48 0.614682 0.510124 0.016801 0.025872
48 0.231008 0.560367 0.031045 0.024372
5 0.127648 0.013311 0.003287 0.004874
5 0.155040 0.020810 0.003287 0.004874
5 0.128378 0.019123 0.003287 0.005249
5 0.133857 0.020247 0.003287 0.005249
5 0.146275 0.034496 0.003287 0.005249
5 0.123083 0.041995 0.002922 0.005249
5 0.124726 0.051369 0.003287 0.005999
5 0.134222 0.054368 0.003287 0.005249
5 0.112308 0.064117 0.003287 0.005249
5 0.156318 0.074428 0.003652 0.006374
48 0.183346 0.009186 0.008766 0.018373
48 0.220234 0.052493 0.006574 0.011249
48 0.021001 0.607237 0.020818 0.024372
48 0.234660 0.279903 0.040541 0.015373
48 0.467129 0.595613 0.032871 0.025122
48 0.460738 0.894076 0.020088 0.027372
48 0.515340 0.124297 0.013879 0.014623
48 0.760774 0.031309 0.011687 0.007874
47 0.351169 0.563367 0.033236 0.021372
5 0.050037 0.342332 0.002922 0.003750
5 0.424945 0.394826 0.004018 0.007499
14 0.334733 0.405887 0.008400 0.007874
48 0.609386 0.281027 0.017896 0.018373
48 0.602995 0.387702 0.016070 0.014248
48 0.436998 0.436820 0.029584 0.010499
48 0.465121 0.414136 0.020818 0.019873
48 0.491052 0.793213 0.021549 0.013123
48 0.353543 0.673978 0.011687 0.018373
48 0.532871 0.602362 0.008035 0.008624
48 0.619613 0.579115 0.016435 0.009374
5 0.283236 0.595801 0.004018 0.006749
5 0.118882 0.015373 0.003287 0.005249
5 0.139518 0.054931 0.003652 0.005624
5 0.119065 0.055118 0.003652 0.005249
5 0.161432 0.075178 0.002922 0.006374
48 0.217495 0.376828 0.009861 0.012748
48 0.682067 0.083802 0.019357 0.019873
48 0.691746 0.069554 0.018262 0.014623
48 0.178050 0.071991 0.010592 0.009749
48 0.100804 0.570866 0.013879 0.010874
48 0.011870 0.360705 0.023740 0.045744
48 0.350803 0.332583 0.010592 0.011249
5 0.687911 0.053431 0.001096 0.004874
48 0.438459 0.718223 0.017166 0.008624
48 0.623630 0.749906 0.017166 0.019498
48 0.628744 0.699663 0.024470 0.021747
48 0.684624 0.470754 0.038349 0.028871
48 0.672936 0.410011 0.023740 0.015373
48 0.667641 0.355831 0.025566 0.014248
48 0.567202 0.191414 0.010226 0.011624
48 0.476443 0.165917 0.021549 0.016123
48 0.591490 0.143232 0.018627 0.019498
48 0.738860 0.003187 0.021183 0.006374
5 0.083455 0.607987 0.005478 0.001875
5 0.065741 0.937383 0.005844 0.003000
11 0.332907 0.531496 0.004748 0.010874
48 0.680606 0.173603 0.047845 0.020997
48 0.531045 0.453506 0.016801 0.010874
48 0.438459 0.489126 0.015705 0.019123
48 0.569576 0.509186 0.018627 0.036745
48 0.339847 0.649231 0.018627 0.022122
48 0.351351 0.541995 0.030679 0.017623
48 0.539080 0.555493 0.005844 0.005624
5 0.122352 0.028496 0.003652 0.005999
48 0.321585 0.434758 0.006939 0.013873
48 0.720782 0.050994 0.017166 0.013498
48 0.226077 0.074616 0.011687 0.015748
48 0.215121 0.066367 0.016801 0.021747
8 0.319028 0.279153 0.001826 0.004124
48 0.309898 0.297525 0.031775 0.019873
48 0.447224 0.620547 0.017896 0.017998
48 0.527392 0.591864 0.013879 0.012373
48 0.344229 0.588864 0.035427 0.040120
48 0.676406 0.456880 0.024105 0.019873
48 0.518444 0.182415 0.020088 0.021372
5 0.047480 0.355081 0.004383 0.005249
5 0.258766 0.457255 0.004018 0.004874
5 0.417641 0.442445 0.002557 0.003750
48 0.606282 0.352456 0.016070 0.024747
48 0.462564 0.345707 0.035427 0.022497
48 0.436450 0.452756 0.032871 0.023622
48 0.450694 0.690289 0.026297 0.024747
48 0.606830 0.683727 0.013514 0.034871
48 0.432432 0.682602 0.011687 0.010124
5 0.385500 0.563742 0.004748 0.002625
5 0.129839 0.014061 0.003287 0.005624
5 0.149379 0.046869 0.002922 0.005249
5 0.119978 0.050244 0.003287 0.005999
48 0.326333 0.487252 0.017166 0.010874
48 0.316472 0.401575 0.006209 0.014998
48 0.305515 0.412073 0.014974 0.011249
48 0.207085 0.376265 0.013879 0.013123
48 0.234843 0.091676 0.005844 0.004124
48 0.379109 0.134421 0.021914 0.021372
48 0.077064 0.683914 0.013879 0.008249
48 0.042367 0.610986 0.013879 0.022122
5 0.249087 0.433633 0.005844 0.004124
48 0.445033 0.165354 0.011322 0.007499
5 0.214207 0.244094 0.004018 0.006749
5 0.334733 0.520247 0.002557 0.003375
5 0.420928 0.034308 0.003287 0.004124
48 0.565011 0.350769 0.012418 0.025122
48 0.615413 0.388639 0.010226 0.014623
48 0.682980 0.524372 0.013879 0.028121
48 0.786158 0.592238 0.011322 0.010124
48 0.360847 0.877765 0.034332 0.029246
48 0.430972 0.690289 0.010226 0.007499
5 0.367604 0.745969 0.004018 0.006374
5 0.164354 0.021935 0.003652 0.004874
5 0.147918 0.024184 0.003652 0.006374
5 0.141161 0.033371 0.004018 0.005999
5 0.166180 0.038995 0.003652 0.005999
5 0.138970 0.045182 0.004018 0.005624
5 0.143901 0.056055 0.002922 0.005624
5 0.114134 0.054743 0.003287 0.005249
5 0.121804 0.055493 0.003287 0.005999
48 0.294741 0.458005 0.009496 0.010124
48 0.257852 0.405887 0.007305 0.007124
48 0.655405 0.073491 0.016435 0.017248
48 0.723886 0.064679 0.032871 0.027372
48 0.308072 0.024747 0.030314 0.019498
48 0.008948 0.683914 0.017896 0.012748
48 0.025201 0.631796 0.020453 0.024747
48 0.094047 0.596550 0.012783 0.015748
