11 0.384931 0.653626 0.010461 0.008769
9 0.462115 0.579595 0.007068 0.005734
10 0.458015 0.551265 0.007351 0.007083
11 0.259401 0.796290 0.019508 0.020911
11 0.223353 0.839966 0.016964 0.017201
55 0.560362 0.058010 0.005655 0.009444
9 0.629064 0.446712 0.005655 0.005059
9 0.608001 0.272344 0.002545 0.005734
5 0.597258 0.199494 0.002545 0.005059
5 0.601357 0.211467 0.002827 0.005396
9 0.493780 0.517369 0.004806 0.006071
5 0.579587 0.054300 0.002827 0.004047
9 0.618745 0.324283 0.004241 0.009106
5 0.586655 0.047555 0.002262 0.004722
5 0.793328 0.320236 0.005089 0.003035
48 0.551315 0.038280 0.021487 0.027993
5 0.213740 0.857504 0.004524 0.005059
5 0.602488 0.540135 0.004524 0.003035
5 0.598247 0.078921 0.002262 0.004047
5 0.582414 0.024958 0.002262 0.004047
4 0.539440 0.059696 0.001696 0.004047
5 0.229714 0.847555 0.003110 0.004722
5 0.620300 0.217707 0.002262 0.004384
5 0.845349 0.280101 0.005089 0.003035
5 0.595985 0.151771 0.001696 0.004047
5 0.589200 0.521754 0.002827 0.004047
48 0.513854 0.063912 0.013288 0.020573
5 0.212044 0.868128 0.005655 0.003373
5 0.433277 0.575379 0.003110 0.003373
5 0.931015 0.219056 0.006220 0.003035
5 0.993215 0.162732 0.005089 0.002361
5 0.629912 0.371669 0.002827 0.003373
5 0.615493 0.324115 0.001696 0.004047
5 0.618321 0.458179 0.004524 0.003035
5 0.624541 0.434401 0.003958 0.003373
5 0.464942 0.564250 0.004241 0.002698
5 0.659457 0.473356 0.003110 0.005059
5 0.815380 0.287352 0.004524 0.004722
5 0.609980 0.049073 0.002545 0.005059
48 0.574922 0.043676 0.024032 0.027993
5 0.716850 0.544182 0.003110 0.003035
6 0.596833 0.108263 0.001696 0.004047
9 0.529262 0.039629 0.003393 0.005734
5 0.310008 0.758685 0.004241 0.005059
5 0.613514 0.229174 0.002262 0.005734
9 0.525304 0.040135 0.001696 0.006071
5 0.747809 0.613491 0.003393 0.004722
5 0.587928 0.111636 0.001414 0.004047
4 0.536754 0.059528 0.001979 0.004384
5 0.768589 0.347892 0.005937 0.002361
4 0.481057 0.019562 0.003675 0.002698
5 0.570964 0.484317 0.003110 0.003373
5 0.634436 0.547386 0.004524 0.002024
5 0.227029 0.855312 0.003393 0.004047
5 0.400057 0.609949 0.003958 0.004384
11 0.613514 0.174030 0.003393 0.013491
9 0.592734 0.018718 0.001979 0.003710
5 0.678683 0.389545 0.004806 0.003373
9 0.529545 0.045700 0.002827 0.005734
48 0.537037 0.040978 0.017246 0.021248
5 0.492790 0.552782 0.005089 0.004722
5 0.844360 0.265599 0.005372 0.003710
6 0.869381 0.250927 0.003958 0.004722
