48 0.795911 0.991939 0.016064 0.016123
48 0.976999 0.991001 0.023366 0.017998
48 0.981198 0.984814 0.023001 0.021372
5 0.178532 0.997000 0.002921 0.003750
48 0.212121 0.994001 0.007302 0.011998
48 0.224352 0.992688 0.017890 0.014623
6 0.498905 0.994563 0.009858 0.009374
48 0.379518 0.988376 0.026652 0.022497
5 0.181453 0.997188 0.003651 0.005624
5 0.136181 0.995501 0.003651 0.005249
5 0.170865 0.995501 0.002921 0.004499
5 0.147682 0.998313 0.003286 0.003375
5 0.175794 0.997000 0.003286 0.005999
48 0.341731 0.981627 0.024096 0.026997
48 0.818182 0.985002 0.022636 0.023247
5 0.168310 0.994938 0.002921 0.006374
48 0.550383 0.976190 0.030303 0.040120
53 0.156261 0.954818 0.092004 0.090364
5 0.150055 0.998688 0.002921 0.002625
5 0.173604 0.996063 0.003286 0.004874
5 0.362359 0.996250 0.004016 0.004499
5 0.183644 0.997938 0.002921 0.004124
48 0.576670 0.978628 0.036145 0.042745
48 0.295181 0.992501 0.033224 0.014998
48 0.764695 0.990064 0.018620 0.017623
48 0.260862 0.992501 0.009127 0.014248
48 0.401789 0.991189 0.048558 0.017623
5 0.140380 0.997188 0.003286 0.004874
48 0.827674 0.981065 0.013143 0.013873
48 0.732749 0.989876 0.015334 0.016498
48 0.786601 0.986877 0.010588 0.010499
48 0.205915 0.991564 0.006572 0.013123
5 0.142935 0.997750 0.003286 0.004499
48 0.198613 0.992313 0.008762 0.015373
5 0.134173 0.998688 0.003286 0.002625
48 0.753925 0.982190 0.021176 0.017623
5 0.145126 0.997938 0.003286 0.004124
7 0.723257 0.975066 0.006572 0.002625
8 0.771267 0.910949 0.005476 0.003375
48 0.736035 0.907387 0.017525 0.026997
51 0.940854 0.905137 0.033589 0.035996
51 0.962578 0.878140 0.033954 0.038245
48 0.982110 0.944319 0.013874 0.013123
48 0.988499 0.937008 0.014969 0.014998
39 0.822380 0.760780 0.004016 0.007499
8 0.818729 0.744094 0.003286 0.004874
5 0.939394 0.724034 0.003651 0.005999
7 0.899963 0.717848 0.004381 0.005624
5 0.792990 0.739408 0.002191 0.004499
5 0.807411 0.741845 0.002556 0.004124
5 0.767981 0.735846 0.001825 0.003375
5 0.760862 0.734908 0.002191 0.005249
10 0.769076 0.753468 0.005476 0.004124
5 0.795363 0.758530 0.004746 0.003000
48 0.776926 0.759843 0.012413 0.017623
10 0.698613 0.716160 0.006207 0.003750
5 0.784410 0.737908 0.002556 0.003750
5 0.786418 0.738658 0.002191 0.003750
5 0.785871 0.706974 0.005476 0.002625
53 0.784593 0.751219 0.062066 0.037870
53 0.790252 0.723097 0.019350 0.024372
48 0.806499 0.681852 0.025557 0.030371
48 0.818182 0.654481 0.024096 0.016873
48 0.812523 0.664604 0.017160 0.018373
48 0.975173 0.562430 0.030668 0.020997
48 0.885542 0.515186 0.025922 0.023247
5 0.964403 0.467567 0.003286 0.006749
5 0.970792 0.466067 0.005111 0.003000
5 0.967324 0.466817 0.004016 0.003750
5 0.972435 0.469441 0.004016 0.002250
5 0.973348 0.472066 0.004381 0.002250
5 0.974808 0.473941 0.004381 0.001500
5 0.975538 0.476003 0.003651 0.002625
5 0.976634 0.478253 0.005842 0.002625
5 0.977181 0.480127 0.004746 0.001875
5 0.973348 0.485189 0.002191 0.003750
5 0.961665 0.476190 0.004381 0.001500
5 0.962030 0.478065 0.006572 0.002250
5 0.963490 0.481065 0.004381 0.003000
5 0.966229 0.486314 0.004746 0.003000
48 0.954911 0.494188 0.028843 0.033746
5 0.960022 0.472441 0.005476 0.003750
48 0.977364 0.501312 0.019715 0.015748
53 0.969332 0.475253 0.024827 0.026622
48 0.859438 0.507687 0.024096 0.034496
48 0.870208 0.488564 0.020080 0.020997
48 0.893939 0.444319 0.014969 0.014248
48 0.875319 0.460442 0.012048 0.014248
48 0.907996 0.418823 0.014604 0.012748
48 0.914020 0.412073 0.015699 0.011998
48 0.930632 0.386764 0.018255 0.021372
48 0.892114 0.423885 0.015699 0.013123
48 0.889376 0.433071 0.013874 0.011998
48 0.904892 0.429134 0.014969 0.012373
48 0.969332 0.362955 0.061336 0.068241
14 0.879336 0.275591 0.004016 0.005999
8 0.928806 0.109111 0.005842 0.003000
8 0.919861 0.027559 0.006207 0.004124
48 0.752647 0.460442 0.020811 0.045744
48 0.769807 0.465504 0.025192 0.047619
48 0.479737 0.804837 0.016064 0.030371
1 0.651515 0.105549 0.008397 0.011624
48 0.732749 0.145294 0.010953 0.017623
48 0.690580 0.126734 0.020811 0.012748
48 0.871303 0.222910 0.002556 0.005624
48 0.875137 0.224784 0.002191 0.004874
48 0.880613 0.217098 0.002191 0.004499
48 0.884082 0.228909 0.002556 0.005624
5 0.876780 0.215411 0.002556 0.004874
48 0.019715 0.156918 0.019715 0.022872
48 0.078678 0.036745 0.039065 0.033746
48 0.751734 0.185977 0.024827 0.023997
48 0.745528 0.015561 0.028478 0.030371
48 0.653523 0.220097 0.023366 0.024747
48 0.474808 0.893326 0.025192 0.020622
48 0.039248 0.095051 0.026652 0.034871
48 0.068638 0.230221 0.027017 0.040495
48 0.542534 0.883765 0.025557 0.023997
48 0.326031 0.729659 0.044542 0.030746
48 0.600949 0.803525 0.024827 0.020247
48 0.006937 0.143607 0.013143 0.008999
48 0.564987 0.938320 0.027382 0.016123
48 0.611355 0.911886 0.015699 0.018748
48 0.562614 0.817210 0.023366 0.022122
48 0.006024 0.077615 0.012048 0.018748
48 0.809237 0.058493 0.064622 0.074241
48 0.011135 0.215411 0.010588 0.019123
48 0.855057 0.158605 0.029208 0.022497
48 0.771815 0.027559 0.039430 0.034121
48 0.024461 0.048556 0.019715 0.029621
48 0.061884 0.105924 0.023731 0.021372
48 0.028660 0.128046 0.029573 0.027372
48 0.497992 0.942445 0.037240 0.034121
48 0.791895 0.179790 0.038700 0.031871
48 0.885907 0.173603 0.037605 0.029246
48 0.733479 0.071804 0.017525 0.020622
48 0.886455 0.085302 0.033589 0.052868
48 0.852501 0.020247 0.024827 0.025497
48 0.705002 0.032058 0.021906 0.016873
48 0.612997 0.951444 0.037240 0.035621
48 0.526470 0.822085 0.021176 0.021372
48 0.037240 0.056055 0.018255 0.026622
48 0.009493 0.125797 0.018985 0.025122
48 0.005111 0.236783 0.010223 0.011624
48 0.777656 0.011249 0.061336 0.022497
48 0.762139 0.076303 0.016429 0.017623
48 0.067725 0.063180 0.027382 0.022872
48 0.008945 0.290589 0.017890 0.021747
48 0.914385 0.053243 0.050018 0.039745
48 0.764513 0.244657 0.029208 0.025122
48 0.007119 0.044432 0.014239 0.023622
48 0.547828 0.777840 0.024461 0.019123
48 0.051296 0.055868 0.018620 0.021747
48 0.850128 0.264529 0.049288 0.064117
48 0.843373 0.219723 0.048193 0.059243
48 0.888463 0.149981 0.033224 0.035996
48 0.867105 0.130671 0.045272 0.036370
48 0.790434 0.123735 0.026287 0.026997
48 0.902154 0.584552 0.044542 0.045744
48 0.416758 0.680352 0.024461 0.027372
48 0.796641 0.085677 0.024827 0.021372
48 0.579409 0.920885 0.023366 0.021747
48 0.003103 0.226659 0.006207 0.008624
48 0.825666 0.098988 0.036875 0.020997
48 0.801935 0.158043 0.025922 0.020622
48 0.864549 0.032996 0.028478 0.026997
48 0.988134 0.965129 0.022271 0.029246
48 0.049288 0.070491 0.013874 0.014998
48 0.676342 0.240157 0.028112 0.030371
48 0.539430 0.794526 0.018620 0.024747
48 0.049836 0.161042 0.011318 0.016873
48 0.048375 0.132733 0.024461 0.017248
48 0.010040 0.171916 0.020080 0.016123
48 0.825301 0.016310 0.028843 0.032621
48 0.685834 0.217285 0.026652 0.022122
48 0.581417 0.819648 0.020080 0.023247
48 0.063162 0.088864 0.023366 0.017998
48 0.833881 0.320210 0.016064 0.022497
48 0.710113 0.161980 0.029938 0.026247
48 0.646586 0.835021 0.036510 0.029996
48 0.597846 0.823397 0.025192 0.023247
48 0.046732 0.144357 0.024096 0.014998
48 0.925885 0.928384 0.047463 0.038245
48 0.012231 0.086052 0.022271 0.026622
48 0.030120 0.171166 0.023731 0.019873
48 0.792077 0.097300 0.026652 0.023622
48 0.642205 0.268841 0.023366 0.020247
48 0.841183 0.591864 0.066448 0.043870
48 0.026835 0.093363 0.020080 0.024747
48 0.040891 0.156730 0.018255 0.017248
48 0.006207 0.157293 0.012413 0.023622
48 0.444870 0.581177 0.024461 0.022497
48 0.817634 0.219910 0.029573 0.030371
48 0.851953 0.055118 0.026652 0.021747
48 0.627419 0.282340 0.021541 0.026997
48 0.543994 0.837645 0.023366 0.026247
48 0.046732 0.318148 0.053304 0.141357
48 0.813253 0.252718 0.050748 0.037495
48 0.065352 0.077615 0.027017 0.014998
48 0.771997 0.221035 0.041986 0.035621
48 0.853779 0.180540 0.050018 0.029621
48 0.874589 0.202100 0.018620 0.021747
48 0.908178 0.110986 0.029573 0.025497
48 0.529025 0.790589 0.018985 0.021372
48 0.809420 0.135546 0.031398 0.027372
48 0.788426 0.109299 0.026652 0.019123
48 0.490507 0.856580 0.023731 0.016873
48 0.088536 0.011624 0.028112 0.023247
48 0.005111 0.299213 0.010223 0.053243
48 0.705732 0.007499 0.029208 0.014998
48 0.593647 0.859580 0.021176 0.025872
48 0.470792 0.861080 0.019350 0.010124
48 0.837897 0.077240 0.041621 0.038995
48 0.516977 0.805212 0.024096 0.019873
48 0.690215 0.199100 0.025922 0.021747
48 0.659547 0.286089 0.032494 0.028496
0 0.502191 0.446944 0.012778 0.020247
48 0.130340 0.196475 0.058415 0.130484
6 0.323111 0.986689 0.002921 0.007874
5 0.495619 0.767904 0.004746 0.003000
5 0.523549 0.039933 0.005111 0.004124
5 0.522819 0.041620 0.005111 0.003000
5 0.522271 0.044244 0.004746 0.003750
5 0.517890 0.042745 0.004016 0.003000
5 0.521176 0.046119 0.004746 0.003000
5 0.520811 0.048181 0.005476 0.003375
5 0.520263 0.050994 0.003651 0.002250
5 0.519533 0.052868 0.005111 0.003000
5 0.518802 0.054931 0.004381 0.002625
5 0.518255 0.056805 0.004746 0.003375
5 0.516977 0.059992 0.004381 0.003000
5 0.516612 0.062617 0.005111 0.003000
5 0.542534 0.079678 0.005842 0.003375
5 0.557868 0.071054 0.004381 0.003375
5 0.562432 0.071429 0.004016 0.003375
5 0.565717 0.072366 0.004016 0.003000
5 0.567908 0.073866 0.004016 0.003750
5 0.586710 0.077240 0.006572 0.003750
5 0.592552 0.078740 0.005111 0.003000
5 0.598028 0.079865 0.005842 0.004499
0 0.517525 0.105737 0.006207 0.005999
5 0.519533 0.100112 0.004381 0.004499
5 0.525009 0.089051 0.005111 0.003375
5 0.525922 0.086427 0.004746 0.003375
5 0.526835 0.084364 0.004381 0.002250
5 0.527747 0.082115 0.004746 0.003000
5 0.513326 0.055118 0.005842 0.003000
5 0.514421 0.052868 0.004381 0.003000
5 0.514786 0.050994 0.004381 0.002250
5 0.515334 0.049494 0.004746 0.003000
5 0.516247 0.047244 0.004381 0.003000
5 0.516429 0.045182 0.004016 0.002625
5 0.512961 0.067304 0.004381 0.003375
5 0.513509 0.070116 0.004746 0.003000
5 0.531581 0.061117 0.002921 0.003750
54 0.399598 0.112486 0.006207 0.007499
54 0.419861 0.129921 0.005842 0.006374
3 0.398321 0.125609 0.010223 0.013498
54 0.404710 0.095801 0.006207 0.005624
54 0.393574 0.130296 0.005111 0.006374
54 0.414567 0.162355 0.011318 0.011998
54 0.406535 0.185602 0.009858 0.011249
54 0.381526 0.239970 0.004381 0.004499
54 0.367287 0.235471 0.003651 0.004499
54 0.374589 0.258155 0.004381 0.004874
54 0.360533 0.253281 0.004016 0.004124
48 0.303030 0.683165 0.010953 0.008999
48 0.298101 0.691414 0.010588 0.008999
54 0.244432 0.641545 0.006207 0.006749
54 0.255020 0.603862 0.006207 0.006374
54 0.289887 0.579678 0.005842 0.005999
49 0.382804 0.478065 0.074845 0.035246
49 0.382074 0.503937 0.069733 0.031496
5 0.564257 0.684102 0.004746 0.001875
5 0.568456 0.683540 0.005111 0.002250
5 0.573202 0.683352 0.005111 0.002625
5 0.480285 0.735096 0.005476 0.002625
48 0.456919 0.733221 0.018620 0.016873
48 0.466776 0.717285 0.024461 0.026997
48 0.107704 0.102175 0.073019 0.204349
9 0.019715 0.111924 0.006572 0.005624
5 0.005294 0.102550 0.004746 0.003375
5 0.792625 0.870829 0.006572 0.003375
48 0.634173 0.954256 0.008032 0.008249
48 0.630705 0.959693 0.006937 0.004874
53 0.618291 0.973378 0.019350 0.017998
48 0.525374 0.961942 0.037970 0.056618
48 0.342643 0.938320 0.030303 0.037870
5 0.364549 0.793401 0.004746 0.003750
5 0.320737 0.777090 0.005476 0.003375
5 0.294268 0.746344 0.004381 0.006374
5 0.295181 0.736783 0.005476 0.003000
5 0.295181 0.733971 0.005476 0.002625
5 0.299562 0.755906 0.004016 0.002250
5 0.299744 0.757405 0.004381 0.003000
5 0.311062 0.691414 0.006572 0.004499
5 0.307777 0.699288 0.005842 0.003750
5 0.316356 0.679415 0.006207 0.004499
5 0.317817 0.676978 0.005476 0.004124
5 0.314713 0.684852 0.006572 0.004874
5 0.315444 0.682415 0.006572 0.003750
5 0.489960 0.634983 0.005111 0.003375
5 0.491055 0.632733 0.005111 0.003375
5 0.495801 0.648107 0.002921 0.004874
48 0.537422 0.590739 0.018255 0.022872
48 0.537240 0.577428 0.005476 0.004499
5 0.574115 0.562430 0.004746 0.003000
5 0.558233 0.563555 0.004381 0.003000
5 0.565900 0.547994 0.004381 0.002625
14 0.532676 0.548556 0.009493 0.005999
8 0.535232 0.545557 0.007302 0.004499
48 0.560058 0.476190 0.016064 0.018748
5 0.531033 0.470941 0.005476 0.003750
5 0.526287 0.477690 0.004746 0.003000
5 0.520811 0.477690 0.006207 0.003750
5 0.521541 0.473753 0.005476 0.003375
48 0.537787 0.444694 0.015334 0.008249
5 0.511683 0.429884 0.004016 0.003375
5 0.415480 0.374016 0.003651 0.004874
5 0.400511 0.396700 0.004381 0.003000
5 0.401059 0.394451 0.005476 0.003750
5 0.401789 0.392013 0.004746 0.003375
5 0.402154 0.390514 0.004746 0.004124
5 0.390288 0.387889 0.002191 0.003375
5 0.404162 0.384702 0.005111 0.003000
5 0.405075 0.382827 0.004746 0.003750
5 0.405440 0.380390 0.004746 0.003375
5 0.405622 0.377578 0.005111 0.004499
5 0.397773 0.383015 0.002556 0.004874
48 0.428806 0.379078 0.008397 0.008249
5 0.424790 0.339145 0.005476 0.004124
8 0.407813 0.338395 0.005842 0.004124
5 0.431179 0.311211 0.004381 0.003000
3 0.319825 0.375703 0.009493 0.013498
5 0.474078 0.242782 0.005476 0.003375
5 0.475904 0.227222 0.005476 0.003000
5 0.471888 0.239408 0.006207 0.003375
5 0.472800 0.236408 0.005111 0.003375
5 0.474991 0.233221 0.005111 0.003000
5 0.474443 0.230221 0.005476 0.003750
5 0.492333 0.221410 0.005476 0.003375
5 0.497627 0.223097 0.004381 0.003000
48 0.511683 0.239595 0.027382 0.035246
48 0.491968 0.238470 0.025192 0.024747
48 0.480467 0.231721 0.010953 0.020997
48 0.537970 0.233408 0.036145 0.027372
48 0.559876 0.240345 0.021541 0.023247
48 0.581417 0.247469 0.033954 0.029996
48 0.604783 0.255343 0.023001 0.025497
5 0.655531 0.194413 0.002556 0.003375
5 0.635086 0.184289 0.004746 0.004124
48 0.703907 0.191976 0.008032 0.011249
48 0.695509 0.189726 0.013143 0.010499
48 0.710661 0.187477 0.009127 0.010499
48 0.703907 0.180727 0.011683 0.011249
48 0.710661 0.175666 0.009858 0.010874
48 0.713034 0.180352 0.008032 0.008249
48 0.704272 0.171916 0.010953 0.010124
48 0.674334 0.166667 0.032859 0.024372
48 0.675246 0.121485 0.014969 0.017248
48 0.715955 0.115298 0.016064 0.010874
48 0.715590 0.067117 0.016064 0.019498
5 0.728003 0.013873 0.003651 0.005249
5 0.726360 0.012748 0.003286 0.004499
5 0.720884 0.015561 0.002556 0.004124
5 0.716867 0.030184 0.006207 0.003375
5 0.716320 0.035621 0.005111 0.003000
48 0.725447 0.038995 0.008762 0.015748
6 0.771815 0.044807 0.005111 0.007124
5 0.787696 0.056993 0.003286 0.004499
5 0.789339 0.052681 0.003651 0.004124
5 0.781855 0.069929 0.004016 0.004874
5 0.763600 0.093363 0.004746 0.005999
48 0.739321 0.101050 0.024096 0.021372
48 0.738956 0.089614 0.019715 0.017248
48 0.705184 0.086052 0.023731 0.023622
48 0.688207 0.078553 0.029208 0.019873
48 0.695692 0.096738 0.019350 0.017248
48 0.688572 0.108549 0.011683 0.011624
48 0.703541 0.110611 0.010953 0.014998
51 0.713399 0.133671 0.020445 0.024372
5 0.572837 0.089051 0.006572 0.003375
48 0.550748 0.091489 0.022271 0.020997
48 0.536875 0.087739 0.020080 0.019498
48 0.534867 0.132733 0.048923 0.040495
48 0.543081 0.107799 0.041986 0.031871
48 0.568638 0.095988 0.026652 0.017998
48 0.571011 0.115298 0.026287 0.027372
48 0.589814 0.122235 0.029573 0.028496
48 0.594378 0.104424 0.035779 0.025872
48 0.615371 0.110799 0.018620 0.019123
48 0.608069 0.127109 0.025192 0.025497
48 0.633625 0.137233 0.037605 0.032996
48 0.554582 0.048369 0.032129 0.039745
48 0.575210 0.044994 0.021541 0.018748
48 0.589814 0.049119 0.017890 0.017998
48 0.571924 0.061867 0.021541 0.022497
48 0.586345 0.064679 0.018255 0.019123
48 0.606243 0.054931 0.023001 0.018373
48 0.621395 0.060180 0.017525 0.019123
48 0.607704 0.071616 0.033224 0.026997
48 0.631435 0.080240 0.020080 0.022497
48 0.651150 0.080615 0.032494 0.040495
48 0.445053 0.167792 0.041621 0.038620
48 0.439029 0.194601 0.038335 0.036745
48 0.460022 0.136108 0.046732 0.043495
48 0.467871 0.108736 0.036875 0.029246
48 0.481380 0.082490 0.050018 0.052493
48 0.493428 0.044619 0.052209 0.049494
48 0.647134 0.015561 0.024461 0.019873
5 0.762505 0.131421 0.004016 0.005624
5 0.764695 0.132171 0.002556 0.004874
5 0.766703 0.133483 0.002921 0.004499
5 0.769076 0.133858 0.004016 0.005249
5 0.771084 0.134796 0.003651 0.004874
5 0.772727 0.136108 0.004016 0.005249
5 0.774370 0.137045 0.003651 0.004874
5 0.772545 0.140982 0.003651 0.004499
5 0.776561 0.137608 0.003651 0.005249
5 0.778386 0.138733 0.003651 0.004499
5 0.780212 0.139483 0.002921 0.004499
5 0.782220 0.140607 0.003286 0.004499
5 0.784228 0.141170 0.003651 0.004874
5 0.784775 0.146232 0.004016 0.004499
5 0.782220 0.145107 0.003286 0.004499
5 0.780394 0.143982 0.003286 0.004499
5 0.778569 0.143232 0.003286 0.003750
5 0.776743 0.142295 0.003286 0.004874
5 0.774553 0.141732 0.002556 0.004499
5 0.783133 0.149981 0.003651 0.003000
5 0.780394 0.147919 0.004746 0.003375
5 0.775831 0.147544 0.005111 0.003375
5 0.776378 0.146044 0.004746 0.002625
5 0.771632 0.144169 0.004746 0.002625
5 0.760497 0.146044 0.003651 0.005624
5 0.764695 0.147919 0.003286 0.004874
5 0.764878 0.137420 0.003651 0.004874
5 0.772545 0.113236 0.002921 0.004499
5 0.775648 0.113986 0.003286 0.004499
53 0.771997 0.139670 0.033224 0.023622
48 0.759766 0.171166 0.016794 0.016873
48 0.771267 0.161417 0.008397 0.010874
48 0.703724 0.341957 0.006207 0.007499
48 0.701351 0.348519 0.008032 0.010124
48 0.715225 0.344769 0.009493 0.010124
48 0.706280 0.348519 0.007667 0.010874
48 0.726543 0.355643 0.010953 0.013123
48 0.720701 0.354706 0.006572 0.009749
48 0.713216 0.356018 0.009858 0.010874
5 0.747171 0.342707 0.004016 0.005999
5 0.667214 0.174916 0.003286 0.004874
5 0.466594 0.174541 0.005842 0.004124
48 0.020811 0.025122 0.010223 0.009749
48 0.029025 0.027184 0.009127 0.008624
48 0.035414 0.029809 0.007302 0.008624
48 0.046185 0.032808 0.011318 0.008624
48 0.059146 0.027747 0.020445 0.022497
1 0.515517 0.409261 0.013143 0.010874
1 0.114823 0.162917 0.012048 0.010124
1 0.456006 0.070491 0.012413 0.017998
1 0.420226 0.140420 0.010953 0.009374
1 0.543264 0.335958 0.009493 0.010499
55 0.708105 0.122610 0.007667 0.005249
8 0.802300 0.856768 0.002556 0.004499
48 0.635816 0.118110 0.033954 0.026247
1 0.644761 0.110236 0.011683 0.008999
5 0.278751 0.962317 0.004016 0.005624
5 0.274188 0.964192 0.002921 0.005624
5 0.279116 0.957068 0.002556 0.004874
48 0.668675 0.192538 0.023001 0.015373
5 0.657357 0.194413 0.001825 0.003375
5 0.658269 0.191601 0.002191 0.003000
48 0.755203 0.146794 0.010588 0.013123
1 0.459292 0.054181 0.016794 0.014623
5 0.936473 0.016498 0.003651 0.005249
5 0.934283 0.015186 0.003651 0.004874
5 0.938664 0.017435 0.003651 0.004874
5 0.940672 0.018748 0.003286 0.004499
5 0.486126 0.505999 0.004746 0.002625
5 0.489595 0.502062 0.002921 0.003750
5 0.487222 0.500937 0.003286 0.004499
5 0.470245 0.503937 0.004381 0.003000
5 0.474443 0.505999 0.004746 0.003375
5 0.471340 0.499813 0.005111 0.003000
5 0.470427 0.501875 0.004746 0.002625
5 0.473530 0.508061 0.004381 0.003000
5 0.468237 0.507874 0.004746 0.002625
5 0.472800 0.510311 0.005111 0.003000
5 0.486309 0.504124 0.004381 0.002625
5 0.492150 0.503000 0.003651 0.004874
5 0.499087 0.506749 0.002921 0.004874
5 0.494889 0.494938 0.002556 0.004499
5 0.492698 0.494001 0.003286 0.004124
5 0.499270 0.496250 0.003286 0.004874
5 0.503834 0.497375 0.002921 0.005624
5 0.502191 0.510686 0.004016 0.004499
5 0.502921 0.507499 0.004016 0.004874
5 0.505111 0.527934 0.004746 0.003000
5 0.506207 0.525684 0.004016 0.002250
5 0.508580 0.519498 0.005111 0.002625
5 0.504564 0.530371 0.004381 0.001875
5 0.503834 0.532621 0.004381 0.002625
5 0.457466 0.509936 0.005842 0.004499
5 0.463125 0.521935 0.004016 0.002250
5 0.467324 0.524184 0.005111 0.003750
5 0.470792 0.513686 0.004746 0.003750
5 0.459657 0.526434 0.005111 0.003000
5 0.461117 0.524372 0.005111 0.002625
5 0.465498 0.525872 0.005111 0.002625
5 0.468237 0.518560 0.005476 0.003750
53 0.480467 0.513873 0.069368 0.045369
5 0.489230 0.124297 0.004381 0.004124
5 0.664659 0.834833 0.004016 0.002625
48 0.946696 0.008249 0.082512 0.016498
5 0.981745 0.418260 0.004381 0.004124
5 0.983023 0.420135 0.004016 0.003375
5 0.983571 0.422197 0.004381 0.003750
5 0.988317 0.418260 0.005111 0.003375
5 0.889558 0.413011 0.002556 0.003375
5 0.415845 0.899700 0.005111 0.003375
5 0.951077 0.002250 0.004381 0.002250
5 0.810515 0.758530 0.004381 0.001500
5 0.808689 0.760405 0.005111 0.002250
5 0.808507 0.762655 0.004016 0.002250
5 0.987222 0.416010 0.004381 0.002625
5 0.800657 0.740157 0.002191 0.004499
5 0.809602 0.741845 0.002556 0.004124
5 0.789704 0.723472 0.002191 0.004874
5 0.798284 0.716348 0.004746 0.001875
5 0.798284 0.718223 0.005476 0.002625
5 0.798284 0.720472 0.004746 0.002625
5 0.797371 0.722910 0.005111 0.003000
5 0.797736 0.724972 0.004381 0.001875
5 0.797189 0.727222 0.005476 0.003375
5 0.797189 0.729846 0.004746 0.002625
5 0.871121 0.222910 0.003651 0.005624
5 0.873311 0.223847 0.002921 0.004499
5 0.875137 0.224597 0.002921 0.004499
5 0.877510 0.226097 0.003286 0.004499
5 0.879701 0.226847 0.003286 0.004499
5 0.881526 0.227972 0.004016 0.005249
5 0.883899 0.228534 0.002921 0.005624
5 0.761774 0.754031 0.005476 0.002250
5 0.660825 0.181477 0.002191 0.003000
5 0.662833 0.182227 0.001825 0.003750
5 0.665389 0.182415 0.002556 0.004124
5 0.667762 0.183540 0.002191 0.003375
5 0.669770 0.184289 0.002556 0.003375
5 0.671961 0.185227 0.002556 0.003000
5 0.715225 0.037870 0.004381 0.003000
5 0.926250 0.087739 0.002921 0.003750
5 0.925703 0.091489 0.003286 0.003750
5 0.485396 0.949756 0.004016 0.003750
5 0.677985 0.708474 0.003651 0.004124
5 0.770172 0.735846 0.002556 0.004124
5 0.772545 0.736220 0.002191 0.004124
5 0.989047 0.422572 0.003651 0.003000
5 0.989777 0.424634 0.002191 0.002625
5 0.879701 0.452193 0.004746 0.003000
5 0.881526 0.449381 0.004746 0.004124
5 0.878970 0.454068 0.004746 0.003750
5 0.907631 0.078365 0.002921 0.004499
5 0.910004 0.079490 0.003286 0.004499
5 0.912377 0.080615 0.003651 0.004499
5 0.905988 0.082302 0.003286 0.004874
5 0.795728 0.739783 0.002556 0.004499
5 0.798284 0.739970 0.002556 0.004874
5 0.675794 0.652231 0.005842 0.004124
13 0.501643 0.486502 0.005842 0.009374
5 0.383899 0.866142 0.003286 0.003000
5 0.383352 0.868579 0.003651 0.003375
5 0.384629 0.863705 0.004016 0.002625
5 0.765425 0.152231 0.003286 0.003750
5 0.341000 0.784964 0.002921 0.003375
5 0.331690 0.953131 0.005476 0.003750
5 0.336437 0.955193 0.004746 0.003375
5 0.341183 0.957068 0.004746 0.003375
5 0.930266 0.013498 0.002921 0.004499
5 0.932275 0.014248 0.003286 0.003750
5 0.473713 0.020247 0.002556 0.003750
5 0.461482 0.502625 0.003651 0.002625
5 0.773457 0.749344 0.001825 0.004124
5 0.775648 0.749531 0.001825 0.003750
5 0.777474 0.749719 0.001825 0.003375
5 0.736765 0.166479 0.002921 0.003750
5 0.735487 0.169854 0.003286 0.004499
5 0.526470 0.768841 0.003651 0.002625
5 0.300292 0.771279 0.004016 0.002250
5 0.504381 0.098238 0.004016 0.003000
5 0.423147 0.934008 0.003651 0.001500
43 0.201533 0.883765 0.012413 0.006749
43 0.200073 0.887514 0.011683 0.005249
5 0.425885 0.331646 0.006207 0.004124
48 0.003468 0.334271 0.006937 0.023622
48 0.590544 0.016498 0.020811 0.021747
5 0.984848 0.424259 0.005476 0.002625
8 0.570646 0.021372 0.004381 0.003750
48 0.407448 0.287964 0.032859 0.029996
48 0.348120 0.676603 0.025922 0.042370
48 0.736948 0.943757 0.013509 0.015748
48 0.800110 0.922760 0.012778 0.013498
48 0.649872 0.734158 0.013143 0.014998
48 0.968602 0.537308 0.032129 0.032996
48 0.022453 0.011811 0.014969 0.016873
5 0.492881 0.124297 0.002921 0.003375
5 0.470245 0.184664 0.002921 0.004124
5 0.503468 0.219535 0.002921 0.005624
5 0.439211 0.313648 0.005111 0.001875
5 0.763600 0.734346 0.002556 0.004124
5 0.627784 0.301087 0.002556 0.004499
5 0.769076 0.081365 0.001825 0.003750
5 0.717415 0.027934 0.003651 0.002625
10 0.421687 0.540870 0.010223 0.004874
48 0.411647 0.571054 0.014969 0.018748
48 0.775100 0.774841 0.023366 0.019873
48 0.286236 0.765467 0.027017 0.031871
5 0.155896 0.929509 0.004381 0.003000
5 0.151150 0.944507 0.005842 0.003750
48 0.676159 0.463067 0.010223 0.009749
11 0.165024 0.912636 0.010953 0.005999
5 0.184739 0.950506 0.005842 0.003000
5 0.150237 0.990626 0.003286 0.005249
48 0.600219 0.740907 0.013874 0.023997
5 0.245710 0.921260 0.005111 0.003750
48 0.591092 0.550806 0.020445 0.012748
5 0.688390 0.329584 0.005476 0.003750
48 0.715772 0.470379 0.020811 0.020622
48 0.757211 0.402512 0.017525 0.015373
48 0.309419 0.922197 0.009127 0.014623
48 0.299562 0.972253 0.031763 0.020247
5 0.590727 0.939070 0.004381 0.004124
48 0.522271 0.009936 0.031033 0.019873
5 0.526104 0.710161 0.005111 0.003000
48 0.007484 0.196100 0.014969 0.023997
5 0.524827 0.465879 0.004746 0.003375
5 0.485214 0.642670 0.005842 0.002250
5 0.571376 0.959318 0.005842 0.002625
5 0.530486 0.925384 0.003651 0.003000
5 0.791347 0.876078 0.005476 0.002625
5 0.785871 0.725722 0.004016 0.001875
5 0.811245 0.754031 0.003651 0.002250
5 0.867287 0.457443 0.004016 0.002250
5 0.860533 0.462880 0.003651 0.001875
5 0.623038 0.326584 0.002556 0.004499
5 0.638554 0.289839 0.003651 0.003750
5 0.622125 0.295276 0.003651 0.006374
5 0.784045 0.066742 0.003286 0.003000
5 0.883169 0.581927 0.002921 0.003750
5 0.666484 0.611361 0.004746 0.006374
48 0.861446 0.670979 0.055860 0.067117
8 0.429901 0.864079 0.004016 0.008624
48 0.878240 0.779903 0.026652 0.020997
5 0.159000 0.947132 0.004746 0.003000
5 0.177437 0.962880 0.005111 0.003750
5 0.225082 0.917135 0.006207 0.003750
8 0.720884 0.334083 0.006207 0.004499
48 0.668310 0.553243 0.016429 0.011624
48 0.743520 0.418448 0.014969 0.011249
48 0.686930 0.381890 0.018620 0.016873
48 0.667762 0.321710 0.019715 0.018748
48 0.656992 0.347394 0.017890 0.018373
48 0.350858 0.879640 0.015334 0.010499
5 0.984301 0.426697 0.005111 0.001500
5 0.733479 0.338020 0.005111 0.004124
5 0.652610 0.256843 0.005476 0.002250
48 0.418036 0.259093 0.046002 0.052493
5 0.525557 0.705474 0.005476 0.002625
48 0.704272 0.017998 0.035779 0.020247
48 0.021723 0.229659 0.019350 0.022122
5 0.509493 0.079678 0.003286 0.002625
5 0.469514 0.506562 0.004381 0.003750
5 0.424425 0.944694 0.004016 0.002625
5 0.751552 0.729096 0.001825 0.004124
5 0.925703 0.578928 0.004016 0.005249
5 0.861628 0.468316 0.003651 0.001500
5 0.773275 0.072178 0.002921 0.004124
5 0.676889 0.044994 0.002921 0.005249
5 0.723804 0.022497 0.003286 0.003750
55 0.449982 0.464754 0.011318 0.017623
48 0.847024 0.717098 0.040161 0.057368
48 0.895947 0.828459 0.016794 0.010874
5 0.884629 0.442632 0.005842 0.004124
48 0.584885 0.893513 0.012413 0.011998
11 0.437021 0.871016 0.007302 0.014998
5 0.164659 0.928196 0.005111 0.003375
5 0.159730 0.945069 0.004746 0.003375
5 0.158087 0.952006 0.005111 0.003000
5 0.158817 0.967942 0.005111 0.003375
5 0.180358 0.945257 0.005111 0.003000
5 0.142935 0.988564 0.003286 0.005624
48 0.098576 0.193288 0.035049 0.041620
5 0.667762 0.274466 0.004381 0.005249
48 0.725630 0.521747 0.024461 0.018373
48 0.663016 0.364829 0.008032 0.006749
48 0.569368 0.724034 0.016429 0.014248
48 0.321833 0.884889 0.044907 0.037495
48 0.256663 0.891451 0.037240 0.023622
48 0.257211 0.976003 0.015699 0.019498
5 0.805221 0.741282 0.002556 0.004499
48 0.602957 0.182977 0.021541 0.023997
48 0.595108 0.161792 0.018985 0.020622
48 0.595655 0.005812 0.020811 0.011624
48 0.901606 0.769779 0.020811 0.035996
5 0.826214 0.172478 0.003651 0.004499
48 0.967871 0.805399 0.056225 0.071241
5 0.479372 0.154856 0.005111 0.005999
5 0.442862 0.524372 0.005111 0.004874
47 0.445235 0.617548 0.063162 0.054743
5 0.440672 0.238470 0.004381 0.003000
5 0.419131 0.356205 0.005111 0.003000
5 0.437021 0.487439 0.003651 0.003000
5 0.463855 0.519310 0.004016 0.002250
5 0.276378 0.973941 0.004381 0.004874
5 0.729463 0.182227 0.002921 0.003000
14 0.443775 0.700225 0.004746 0.007874
5 0.508762 0.499438 0.004016 0.005249
8 0.441585 0.527559 0.006207 0.003750
48 0.762139 0.819085 0.028843 0.025122
5 0.624681 0.815336 0.005111 0.002625
48 0.644031 0.809899 0.040161 0.031496
48 0.530486 0.888826 0.019715 0.024372
48 0.584337 0.465504 0.021541 0.025872
5 0.152245 0.942445 0.005842 0.003375
5 0.166302 0.937758 0.004746 0.003000
5 0.185104 0.922010 0.005111 0.003000
48 0.705732 0.465129 0.006572 0.007874
48 0.523549 0.722722 0.013143 0.007874
48 0.215772 0.957255 0.024827 0.012748
48 0.577401 0.268466 0.023731 0.020997
48 0.560789 0.010124 0.021906 0.020247
8 0.449069 0.015186 0.003651 0.006374
48 0.933552 0.755906 0.040161 0.054743
5 0.534867 0.267154 0.004381 0.006374
5 0.616466 0.290401 0.004746 0.007124
5 0.497262 0.505999 0.002191 0.004874
5 0.480832 0.519310 0.004381 0.002250
5 0.480102 0.679228 0.004381 0.003375
5 0.502921 0.678853 0.004016 0.002625
5 0.436291 0.734908 0.005842 0.005249
5 0.794085 0.864829 0.006572 0.002625
5 0.802665 0.740532 0.001825 0.004499
5 0.782037 0.737345 0.002191 0.004124
5 0.725447 0.003750 0.002921 0.005999
5 0.669222 0.063930 0.005111 0.005624
5 0.883169 0.218785 0.002921 0.005624
5 0.948886 0.009186 0.005111 0.001125
14 0.924425 0.595801 0.002921 0.005999
5 0.932275 0.581365 0.004016 0.004124
5 0.719058 0.141170 0.005476 0.004124
5 0.513143 0.438133 0.005476 0.003375
5 0.563892 0.465317 0.004016 0.005999
48 0.299014 0.922760 0.015334 0.014998
5 0.155349 0.962130 0.004746 0.003000
5 0.183461 0.955193 0.005476 0.003375
5 0.215407 0.812711 0.005842 0.003375
5 0.640380 0.285902 0.005111 0.004124
5 0.639102 0.288151 0.005476 0.004124
48 0.742789 0.396325 0.019350 0.014998
48 0.348667 0.921447 0.027747 0.017623
48 0.595108 0.272778 0.024827 0.021372
5 0.625958 0.208286 0.005476 0.003375
5 0.722892 0.380577 0.004381 0.004499
48 0.501643 0.011998 0.022636 0.023997
48 0.355422 0.446569 0.023731 0.023247
5 0.517707 0.678478 0.005842 0.003375
48 0.025192 0.212598 0.016794 0.019498
5 0.557503 0.676790 0.004381 0.003000
5 0.671413 0.690101 0.002921 0.004124
5 0.665206 0.832021 0.005111 0.002250
5 0.880066 0.572366 0.004746 0.004124
5 0.923512 0.583990 0.004746 0.004124
5 0.746440 0.269404 0.003286 0.003375
5 0.715772 0.033558 0.003286 0.002625
5 0.861263 0.217473 0.005842 0.004499
5 0.935195 0.039933 0.004016 0.003375
14 0.989230 0.586052 0.006937 0.005249
48 0.468602 0.333146 0.015699 0.013123
5 0.569003 0.422197 0.004746 0.005249
8 0.439576 0.532433 0.006572 0.003750
48 0.852136 0.552118 0.065717 0.072366
48 0.849580 0.715973 0.043081 0.061867
48 0.880066 0.473191 0.032494 0.026997
48 0.625593 0.550619 0.009858 0.008624
5 0.145674 0.964754 0.005842 0.003750
5 0.160825 0.960442 0.004016 0.003375
48 0.670865 0.437008 0.035414 0.025122
8 0.640927 0.283652 0.006937 0.004874
5 0.729098 0.316460 0.005111 0.004499
5 0.725812 0.323397 0.005111 0.004124
48 0.739686 0.502437 0.037240 0.033746
48 0.723074 0.419948 0.015699 0.014998
48 0.624498 0.399700 0.024461 0.026247
48 0.620482 0.460630 0.019350 0.022872
48 0.587806 0.519310 0.006572 0.005999
10 0.638737 0.166292 0.005476 0.011624
48 0.629427 0.010499 0.018255 0.019498
48 0.431909 0.234346 0.020445 0.017248
48 0.357065 0.687289 0.032129 0.050994
48 0.622855 0.925759 0.017525 0.011249
48 0.566083 0.771279 0.006207 0.010499
8 0.440672 0.529809 0.005842 0.004499
8 0.308507 0.696100 0.007302 0.004124
5 0.426250 0.332396 0.005476 0.004124
5 0.388098 0.404949 0.004381 0.003000
5 0.483023 0.513498 0.004381 0.002625
5 0.370938 0.634608 0.003651 0.004124
5 0.641840 0.762092 0.004381 0.004124
5 0.394304 0.874391 0.006572 0.002250
5 0.424608 0.940945 0.004381 0.001875
5 0.594378 0.920322 0.002921 0.004874
5 0.786053 0.721410 0.004381 0.003000
5 0.951442 0.733408 0.003651 0.002250
5 0.916758 0.687102 0.003651 0.004874
5 0.745528 0.281027 0.005111 0.003375
5 0.886637 0.219910 0.003286 0.004874
5 0.843739 0.120360 0.003651 0.003750
10 0.362176 0.539183 0.008762 0.005999
11 0.428258 0.887702 0.004381 0.015373
48 0.902702 0.733221 0.014239 0.012373
5 0.146221 0.962317 0.005476 0.003375
48 0.636181 0.530184 0.014239 0.017998
5 0.694231 0.329021 0.005476 0.004124
48 0.743337 0.516873 0.010223 0.012373
48 0.772180 0.332771 0.015334 0.010874
48 0.552026 0.607799 0.010223 0.010499
48 0.580504 0.627297 0.013874 0.031496
48 0.654801 0.036933 0.021541 0.025122
48 0.758306 0.961567 0.015334 0.019873
48 0.779299 0.975066 0.014239 0.015373
48 0.047280 0.019873 0.015699 0.014998
5 0.391019 0.412261 0.002191 0.005624
5 0.456919 0.516123 0.004746 0.002625
5 0.621030 0.760405 0.005111 0.003750
5 0.305951 0.764717 0.002191 0.005624
5 0.404527 0.981815 0.006572 0.001875
5 0.599671 0.887139 0.002556 0.003750
5 0.795363 0.733971 0.005476 0.001875
5 0.795363 0.754406 0.004746 0.001500
5 0.890288 0.559618 0.004746 0.004124
5 0.730924 0.347582 0.003651 0.003000
5 0.671961 0.488751 0.004746 0.003375
5 0.698795 0.447694 0.004381 0.003750
48 0.468967 0.351519 0.069003 0.037120
5 0.471522 0.486127 0.005476 0.005624
48 0.486857 0.523247 0.032494 0.033371
48 0.939577 0.692163 0.023001 0.017998
48 0.631252 0.586427 0.012413 0.021747
5 0.177802 0.955943 0.005842 0.003375
5 0.152793 0.991376 0.003286 0.005249
53 0.214859 0.797713 0.026652 0.052118
5 0.722892 0.329771 0.005111 0.004124
53 0.684191 0.331084 0.026287 0.018748
5 0.459109 0.881140 0.005476 0.003750
48 0.717415 0.459880 0.008032 0.009374
48 0.701716 0.454818 0.008032 0.011998
48 0.236948 0.983127 0.008032 0.009749
48 0.584520 0.211849 0.020445 0.026997
48 0.589996 0.178103 0.021176 0.022497
5 0.491785 0.217098 0.002921 0.005999
5 0.384082 0.421260 0.005842 0.003375
5 0.444688 0.534496 0.004381 0.004124
5 0.543081 0.935133 0.004016 0.005999
5 0.981745 0.213348 0.002191 0.003750
5 0.922782 0.090926 0.002556 0.004124
48 0.466229 0.368391 0.065717 0.032621
10 0.429536 0.517623 0.009858 0.006374
10 0.429901 0.494188 0.005476 0.009749
48 0.791347 0.776715 0.014239 0.013873
5 0.168675 0.931571 0.005111 0.003375
5 0.157722 0.975066 0.005111 0.003375
5 0.191128 0.959318 0.005476 0.003375
5 0.723804 0.327709 0.004746 0.003750
53 0.731289 0.326959 0.032129 0.035996
53 0.406718 0.853018 0.024827 0.023997
5 0.460570 0.891451 0.004016 0.006374
48 0.736583 0.423697 0.017890 0.015748
48 0.316539 0.924447 0.013874 0.015373
48 0.264147 0.966817 0.010588 0.009374
8 0.610259 0.032808 0.005476 0.003375
48 0.767616 0.861642 0.056590 0.065992
48 0.494158 0.871016 0.023001 0.022497
48 0.928989 0.520810 0.040526 0.050244
5 0.498175 0.225909 0.004746 0.001875
5 0.703176 0.749344 0.004381 0.004874
5 0.778569 0.738658 0.001825 0.004499
5 0.922599 0.686914 0.004381 0.004499
5 0.897408 0.530559 0.004381 0.003750
5 0.744250 0.273153 0.004016 0.004124
5 0.730924 0.161230 0.004381 0.002250
5 0.798284 0.215411 0.003286 0.004124
5 0.663016 0.260217 0.005842 0.003750
5 0.878788 0.005062 0.003651 0.003375
11 0.455276 0.695163 0.004381 0.005249
5 0.695144 0.454818 0.005111 0.006749
11 0.569916 0.403075 0.007302 0.013498
5 0.456919 0.481252 0.004746 0.006374
10 0.427346 0.523060 0.010588 0.005999
10 0.426250 0.525872 0.009858 0.005624
48 0.768894 0.795838 0.032859 0.022122
48 0.565717 0.892951 0.009127 0.013123
5 0.149325 0.951631 0.005842 0.003750
48 0.402154 0.904199 0.013509 0.016873
48 0.669770 0.372516 0.017890 0.014623
48 0.673969 0.418635 0.022636 0.018373
5 0.158817 0.949381 0.005111 0.003750
5 0.176707 0.965317 0.005111 0.002625
12 0.177985 0.877203 0.009858 0.006374
5 0.687112 0.331834 0.005111 0.003750
48 0.770537 0.428009 0.026652 0.025122
48 0.773457 0.443007 0.023731 0.020622
48 0.605695 0.366704 0.021176 0.018748
48 0.545455 0.508999 0.010223 0.013123
48 0.327127 0.926509 0.018255 0.039745
48 0.198978 0.928384 0.014604 0.014248
48 0.252647 0.934571 0.013143 0.010874
48 0.241877 0.984439 0.007667 0.010124
48 0.541073 0.199100 0.021906 0.027747
48 0.610259 0.017248 0.030303 0.034496
5 0.737130 0.332958 0.005111 0.003000
48 0.391931 0.338020 0.031033 0.031871
48 0.759584 0.937758 0.017890 0.019498
48 0.908178 0.474878 0.031763 0.035621
5 0.477364 0.499438 0.006937 0.003750
49 0.359803 0.556805 0.073384 0.033746
49 0.344104 0.613798 0.071194 0.029996
5 0.496897 0.219535 0.002191 0.004874
5 0.391201 0.663105 0.004016 0.004124
5 0.604600 0.759093 0.007302 0.001875
5 0.672691 0.755343 0.006207 0.001875
5 0.665754 0.829771 0.004016 0.003000
5 0.931544 0.724784 0.003286 0.002250
5 0.880613 0.425009 0.002921 0.002625
5 0.785141 0.061680 0.003286 0.003375
5 0.824936 0.160292 0.003286 0.003375
5 0.724169 0.012748 0.001825 0.003750
53 0.912377 0.086802 0.037970 0.035621
8 0.558781 0.432508 0.006937 0.010874
5 0.487769 0.449756 0.005842 0.003375
10 0.420226 0.544244 0.009493 0.006374
48 0.776926 0.717098 0.016794 0.010874
48 0.903980 0.810461 0.026287 0.022872
48 0.656992 0.786089 0.030303 0.033371
48 0.579226 0.905324 0.012778 0.015373
48 0.594925 0.968691 0.029573 0.031871
48 0.569551 0.738470 0.024096 0.022872
48 0.434830 0.642670 0.029208 0.022497
5 0.157904 0.972628 0.005476 0.003000
5 0.186382 0.884702 0.004746 0.007124
11 0.286601 0.882265 0.006572 0.015748
48 0.655896 0.468316 0.017890 0.017998
48 0.264513 0.942820 0.017160 0.025122
48 0.581051 0.157668 0.020811 0.021372
5 0.729828 0.364642 0.003651 0.004124
48 0.740234 0.975253 0.022271 0.015748
48 0.504929 0.913011 0.037970 0.044994
48 0.959109 0.416760 0.046002 0.060367
48 0.698248 0.061305 0.031763 0.025872
5 0.422599 0.566367 0.005476 0.005624
5 0.451077 0.547244 0.004016 0.004124
5 0.428624 0.568804 0.005111 0.005999
49 0.350493 0.584927 0.072289 0.035246
5 0.518072 0.262092 0.004381 0.003000
5 0.485396 0.133483 0.003286 0.003000
5 0.440854 0.487064 0.006937 0.002250
5 0.508215 0.678853 0.002921 0.003375
5 0.616101 0.760217 0.004016 0.003375
5 0.231289 0.918073 0.004016 0.003375
5 0.922234 0.588864 0.003651 0.004124
5 0.989777 0.436820 0.002191 0.003750
5 0.795181 0.323585 0.003651 0.003750
5 0.864914 0.293026 0.004381 0.002625
5 0.855969 0.123547 0.003286 0.004124
48 0.476816 0.461005 0.021906 0.044619
5 0.453450 0.480502 0.003651 0.004874
10 0.424242 0.531684 0.009493 0.005999
48 0.516247 0.634233 0.030668 0.043870
5 0.673604 0.625047 0.004381 0.005249
48 0.945601 0.702662 0.022636 0.018748
5 0.160277 0.918448 0.005842 0.003375
5 0.143666 0.971504 0.005476 0.003000
5 0.161738 0.956505 0.004381 0.003750
5 0.190033 0.975441 0.005476 0.003375
48 0.496714 0.739595 0.025922 0.017623
5 0.741877 0.338770 0.004381 0.006374
5 0.598759 0.560742 0.005842 0.004124
8 0.324023 0.771466 0.006937 0.004874
48 0.669953 0.397825 0.036510 0.026247
48 0.558598 0.517623 0.027017 0.022122
48 0.669953 0.468879 0.014604 0.012373
48 0.515517 0.605362 0.026287 0.017623
48 0.301387 0.956693 0.032494 0.019873
48 0.525739 0.250656 0.021176 0.022122
5 0.673786 0.177353 0.004016 0.005249
48 0.790617 0.951069 0.034684 0.024372
5 0.493793 0.678665 0.004746 0.003000
48 0.614458 0.736220 0.014604 0.013123
48 0.829865 0.621485 0.040161 0.056618
48 0.019898 0.196100 0.012778 0.014998
5 0.002008 0.257593 0.004016 0.002250
5 0.469697 0.017998 0.002556 0.006749
5 0.460204 0.013123 0.001825 0.005249
5 0.487404 0.128796 0.003651 0.002625
5 0.481380 0.150356 0.003286 0.003000
5 0.508032 0.521935 0.003286 0.003000
5 0.511135 0.515186 0.004381 0.003000
5 0.573567 0.664604 0.003651 0.003375
5 0.568821 0.655981 0.003651 0.003375
5 0.527200 0.684852 0.003651 0.002625
5 0.457649 0.799963 0.002556 0.004124
5 0.727820 0.965692 0.005476 0.004124
5 0.961300 0.580802 0.004381 0.004499
5 0.827857 0.155418 0.004016 0.005624
48 0.948886 0.591114 0.034319 0.021372
48 0.260131 0.871579 0.035414 0.029621
5 0.155166 0.931759 0.005842 0.003750
5 0.150602 0.946194 0.005476 0.003375
48 0.406535 0.935696 0.012048 0.020622
5 0.159182 0.965692 0.005111 0.003375
5 0.158635 0.970379 0.004746 0.003000
5 0.181453 0.943195 0.005111 0.003375
5 0.193501 0.952006 0.005111 0.003000
10 0.288609 0.866704 0.004746 0.009374
48 0.669040 0.563367 0.029573 0.009374
48 0.746805 0.428384 0.025192 0.034871
48 0.786418 0.346269 0.016064 0.012373
48 0.779116 0.387889 0.016794 0.023622
48 0.677254 0.379640 0.009493 0.007874
48 0.635633 0.488939 0.027017 0.026247
48 0.567178 0.631796 0.012778 0.034496
48 0.349032 0.911886 0.027017 0.015748
48 0.263235 0.958193 0.013143 0.011624
48 0.248083 0.975628 0.008397 0.011998
48 0.209018 0.978628 0.025192 0.019498
5 0.625958 0.210911 0.005476 0.003375
49 0.545637 0.309711 0.023001 0.035246
49 0.489595 0.294713 0.038700 0.038995
8 0.626689 0.037120 0.005476 0.003000
48 0.747718 0.952193 0.013143 0.014623
5 0.525192 0.712036 0.005476 0.003000
5 0.464768 0.179603 0.005111 0.003750
5 0.412559 0.322272 0.005842 0.003375
5 0.408726 0.333521 0.004016 0.001875
5 0.474991 0.503375 0.005111 0.004124
5 0.552209 0.647732 0.004746 0.004874
5 0.553122 0.678290 0.003651 0.003000
5 0.526104 0.916010 0.003651 0.003000
5 0.785323 0.730596 0.005111 0.004124
5 0.932822 0.710536 0.002921 0.003750
5 0.877693 0.577053 0.002921 0.003000
5 0.977547 0.433821 0.003286 0.002250
5 0.986674 0.438133 0.001825 0.002625
5 0.703176 0.224784 0.003651 0.002625
5 0.881161 0.216723 0.002556 0.004499
5 0.925703 0.100487 0.002556 0.004499
5 0.664111 0.605362 0.003651 0.004874
5 0.652245 0.552681 0.003286 0.003750
14 0.669770 0.494001 0.004746 0.007124
48 0.500913 0.338208 0.035779 0.028496
5 0.487039 0.452006 0.005111 0.003375
5 0.555312 0.458943 0.003651 0.005249
5 0.143848 0.976190 0.005111 0.003375
48 0.628331 0.540307 0.017525 0.017248
48 0.766703 0.364454 0.024827 0.017998
48 0.458379 0.589989 0.010588 0.012373
5 0.161555 0.940945 0.004746 0.003375
5 0.162286 0.954443 0.004746 0.003375
5 0.194231 0.943007 0.005842 0.003000
5 0.140197 0.987627 0.003651 0.005249
48 0.454545 0.755343 0.022636 0.017623
48 0.588719 0.722535 0.014969 0.015748
48 0.598576 0.771841 0.009127 0.010874
48 0.389558 0.754968 0.030668 0.027372
8 0.740964 0.324334 0.006207 0.005249
5 0.682183 0.323959 0.004746 0.004499
5 0.677802 0.292651 0.004746 0.003375
48 0.669040 0.546307 0.017890 0.011998
48 0.720518 0.529246 0.015699 0.015373
48 0.767068 0.338583 0.009493 0.011998
48 0.615918 0.519310 0.008032 0.005999
48 0.350858 0.894451 0.025557 0.020622
5 0.476269 0.224784 0.005476 0.004124
48 0.661373 0.019498 0.015699 0.021747
48 0.777108 0.930634 0.018620 0.020247
48 0.786601 0.668541 0.032494 0.051744
48 0.008032 0.272591 0.016064 0.017248
5 0.007302 0.028496 0.004381 0.003000
5 0.462760 0.184289 0.004016 0.003375
5 0.522453 0.471879 0.005111 0.002625
5 0.510040 0.517248 0.004381 0.001875
5 0.360716 0.792276 0.002191 0.005999
5 0.403432 0.854518 0.002191 0.003750
5 0.625593 0.812898 0.004746 0.002250
5 0.842643 0.669104 0.002921 0.004124
5 0.922782 0.625422 0.001825 0.004499
5 0.821650 0.170041 0.004016 0.004874
5 0.901972 0.083427 0.002556 0.002625
5 0.926250 0.121672 0.003651 0.004874
5 0.919496 0.605924 0.003286 0.003000
48 0.462395 0.474316 0.012048 0.012748
5 0.463673 0.483877 0.004381 0.005624
48 0.572654 0.878703 0.010588 0.009374
48 0.385542 0.955006 0.060606 0.046494
5 0.153523 0.936633 0.005476 0.003750
48 0.610624 0.532433 0.020811 0.020247
48 0.687660 0.518748 0.028843 0.024372
5 0.154618 0.964567 0.004746 0.003375
5 0.163746 0.947882 0.004746 0.003000
10 0.189120 0.937008 0.007302 0.005249
5 0.179445 0.949381 0.005476 0.003000
48 0.263052 0.806524 0.050748 0.057743
5 0.462578 0.885827 0.004381 0.005624
48 0.642388 0.361642 0.030303 0.026622
48 0.554582 0.625234 0.012413 0.025872
48 0.366557 0.865392 0.043812 0.036745
48 0.342278 0.901762 0.007667 0.008999
48 0.314166 0.908699 0.011318 0.016873
48 0.272727 0.915261 0.013143 0.020247
2 0.433187 0.101612 0.020811 0.022497
5 0.478824 0.144732 0.004746 0.003000
48 0.366557 0.419010 0.042351 0.051369
5 0.056590 0.048556 0.007302 0.003375
5 0.051296 0.153918 0.005476 0.003375
5 0.456371 0.017810 0.002921 0.007124
5 0.518072 0.657855 0.005111 0.004124
5 0.522453 0.678290 0.002921 0.004499
5 0.410734 0.857518 0.002191 0.004499
5 0.780577 0.706037 0.003651 0.002250
5 0.788426 0.739220 0.002556 0.003375
5 0.964768 0.785152 0.004016 0.005249
5 0.954180 0.752906 0.003286 0.003750
5 0.647682 0.172291 0.005111 0.006374
5 0.729098 0.165354 0.002921 0.003750
5 0.788061 0.040120 0.003286 0.005999
48 0.847937 0.781215 0.031033 0.026622
5 0.608251 0.895763 0.006572 0.003750
48 0.936291 0.796963 0.020080 0.015373
48 0.942862 0.666667 0.020080 0.017998
5 0.163746 0.932696 0.004746 0.003375
5 0.162833 0.934383 0.005111 0.003000
5 0.160095 0.962880 0.004746 0.003750
11 0.206280 0.864454 0.005111 0.011624
5 0.215225 0.815523 0.005476 0.004499
48 0.713582 0.577615 0.039065 0.038620
48 0.725995 0.462505 0.013509 0.013873
48 0.728185 0.432321 0.017890 0.016498
48 0.806499 0.377953 0.024827 0.027747
48 0.603505 0.410011 0.027017 0.028121
48 0.585980 0.700037 0.005842 0.012748
48 0.363271 0.883765 0.013874 0.009749
48 0.622490 0.173791 0.021906 0.021372
49 0.533041 0.304274 0.022636 0.036370
5 0.809602 0.434571 0.004016 0.004499
48 0.857065 0.813648 0.050018 0.048744
48 0.634356 0.691976 0.041986 0.040120
48 0.920044 0.457443 0.027747 0.029246
5 0.549836 0.764342 0.003651 0.004124
5 0.271449 0.970379 0.004016 0.005999
5 0.899781 0.525497 0.004016 0.003375
5 0.988499 0.437758 0.002556 0.003375
5 0.600219 0.335771 0.004381 0.003375
6 0.706462 0.137983 0.003651 0.005249
5 0.912924 0.170791 0.004746 0.002625
5 0.891931 0.202662 0.005111 0.005624
5 0.689120 0.453131 0.004016 0.007124
8 0.382256 0.545369 0.008762 0.005624
48 0.893574 0.500562 0.031763 0.026247
48 0.391201 0.777840 0.028843 0.025122
5 0.145126 0.967192 0.006207 0.003375
5 0.152610 0.976003 0.005111 0.003750
13 0.193136 0.864454 0.007302 0.020622
12 0.202446 0.864454 0.006937 0.011624
8 0.177620 0.881140 0.009858 0.005999
48 0.697700 0.309149 0.026287 0.037120
5 0.686382 0.334083 0.005842 0.003750
5 0.407265 0.851893 0.003286 0.005999
11 0.405622 0.724972 0.010953 0.019123
48 0.691858 0.498875 0.024827 0.021372
48 0.748083 0.488001 0.018985 0.016123
48 0.637276 0.343270 0.016429 0.012373
48 0.562979 0.706224 0.013874 0.022122
48 0.367652 0.803525 0.010223 0.012748
5 0.617744 0.199850 0.006572 0.003750
48 0.618656 0.186914 0.022271 0.022122
5 0.592552 0.934383 0.002921 0.003000
5 0.727455 0.370079 0.002556 0.003750
48 0.418218 0.229846 0.019350 0.017998
48 0.386820 0.359205 0.031033 0.031496
48 0.331690 0.678103 0.032494 0.054368
48 0.679263 0.146044 0.023001 0.031121
5 0.477729 0.245594 0.004016 0.004499
5 0.481015 0.737345 0.005476 0.002625
5 0.531216 0.751406 0.004381 0.002250
5 0.562797 0.957818 0.004746 0.002625
5 0.782767 0.750469 0.002191 0.004124
5 0.874589 0.214286 0.002556 0.005624
5 0.867287 0.291901 0.004016 0.002625
5 0.925338 0.129734 0.003286 0.004499
48 0.891749 0.667979 0.025192 0.024372
48 0.624498 0.351706 0.019350 0.013498
48 0.245162 0.761905 0.027382 0.027747
48 0.796459 0.376453 0.012048 0.010499
5 0.156809 0.955756 0.004746 0.003000
5 0.154253 0.967192 0.004746 0.003375
5 0.162833 0.993626 0.003651 0.005999
48 0.651333 0.749344 0.014604 0.013123
8 0.394122 0.230971 0.008397 0.006749
5 0.737495 0.331084 0.005842 0.004499
10 0.431544 0.986127 0.007302 0.008999
48 0.817999 0.394826 0.028112 0.038245
48 0.555130 0.586989 0.016429 0.033371
48 0.540161 0.578365 0.011318 0.011624
48 0.232202 0.869141 0.029208 0.021747
48 0.253560 0.911136 0.035414 0.026997
49 0.562797 0.314961 0.028843 0.036745
5 0.802483 0.414136 0.002921 0.003375
5 0.479920 0.143045 0.004746 0.003375
48 0.828222 0.920885 0.037605 0.038995
48 0.472618 0.875703 0.020080 0.022122
48 0.830960 0.183540 0.022636 0.014623
5 0.474991 0.156543 0.004381 0.001875
5 0.477912 0.147732 0.003651 0.002250
5 0.484848 0.491001 0.002191 0.004124
5 0.550201 0.656543 0.003651 0.002250
5 0.361263 0.964754 0.004016 0.003000
5 0.957466 0.760780 0.003286 0.004499
5 0.732384 0.359955 0.005842 0.005999
5 0.980285 0.220285 0.002191 0.004874
48 0.539978 0.632171 0.024096 0.046494
48 0.840818 0.760967 0.020445 0.012373
48 0.351406 0.760780 0.021541 0.032996
5 0.160825 0.916010 0.006207 0.003750
5 0.156079 0.960255 0.005476 0.003750
5 0.167397 0.935508 0.004746 0.003000
5 0.165936 0.942070 0.004746 0.002625
5 0.182731 0.933633 0.005476 0.003000
5 0.177437 0.960255 0.005842 0.003000
5 0.180905 0.973003 0.004746 0.003000
5 0.165389 0.994563 0.002921 0.005624
48 0.467141 0.565804 0.034684 0.033746
10 0.290252 0.857143 0.005842 0.011249
5 0.216502 0.810649 0.005842 0.003000
5 0.681088 0.326209 0.004746 0.004499
5 0.677437 0.334833 0.004746 0.004499
5 0.463125 0.891076 0.004016 0.005624
48 0.778021 0.408511 0.013874 0.020622
48 0.776926 0.344020 0.010953 0.014623
48 0.641110 0.335958 0.030668 0.019498
48 0.631800 0.028496 0.032494 0.029246
5 0.739869 0.327147 0.004016 0.003375
5 0.463125 0.014061 0.003286 0.006374
10 0.422965 0.485564 0.005476 0.010499
5 0.671595 0.137420 0.004016 0.005624
5 0.464586 0.528121 0.004746 0.004874
49 0.361811 0.527372 0.068638 0.032621
5 0.384812 0.682227 0.004381 0.003375
5 0.637094 0.761717 0.004381 0.004124
5 0.404527 0.825834 0.003651 0.004874
5 0.294451 0.876078 0.002556 0.005624
5 0.399781 0.853956 0.002921 0.004124
5 0.625593 0.810649 0.004746 0.002250
5 0.668675 0.835396 0.001825 0.005999
5 0.896495 0.546494 0.004746 0.004124
5 0.770172 0.043307 0.001825 0.004874
5 0.969880 0.005437 0.004746 0.007124
11 0.447791 0.792651 0.012778 0.007499
48 0.880431 0.629171 0.043447 0.059992
5 0.608069 0.900825 0.005476 0.003375
5 0.184556 0.924447 0.004746 0.003375
6 0.174334 0.889389 0.014239 0.008249
48 0.369660 0.766404 0.022271 0.046494
5 0.680175 0.289089 0.004381 0.003750
48 0.727090 0.409074 0.014969 0.016498
48 0.774918 0.355081 0.012048 0.012748
48 0.810697 0.353956 0.029573 0.030746
48 0.588171 0.532246 0.017525 0.025122
48 0.540526 0.729284 0.022271 0.025497
48 0.576853 0.705474 0.013874 0.022122
48 0.239138 0.965879 0.016064 0.020997
48 0.606243 0.219910 0.031763 0.028871
8 0.604965 0.030746 0.005111 0.003000
48 0.799014 0.968316 0.020811 0.022122
48 0.859803 0.908136 0.021906 0.020247
5 0.526104 0.703037 0.005111 0.002250
5 0.467324 0.509749 0.006572 0.002625
5 0.389011 0.670041 0.004016 0.003750
5 0.498905 0.678853 0.004016 0.001875
5 0.796641 0.731346 0.005111 0.001125
5 0.929719 0.719723 0.004016 0.002625
5 0.976634 0.431571 0.004381 0.002250
5 0.920226 0.008436 0.001825 0.003375
5 0.777656 0.480502 0.002921 0.005624
48 0.625593 0.625234 0.082877 0.047619
48 0.576488 0.587177 0.024827 0.038245
48 0.809602 0.728346 0.019350 0.026622
48 0.903432 0.651856 0.019350 0.021372
48 0.533224 0.455568 0.011318 0.008249
5 0.152793 0.939445 0.006207 0.004124
5 0.149507 0.948819 0.005476 0.004124
48 0.315809 0.753843 0.022636 0.019123
5 0.184009 0.928571 0.005111 0.002625
5 0.190398 0.973378 0.005476 0.003000
48 0.475539 0.751219 0.023001 0.017623
5 0.729828 0.314211 0.005111 0.004499
48 0.724900 0.516873 0.012048 0.009374
48 0.715772 0.436633 0.018620 0.014623
48 0.589084 0.516498 0.019350 0.014623
48 0.220153 0.943945 0.016064 0.023622
48 0.751187 0.956693 0.011318 0.015373
48 0.846112 0.840832 0.048558 0.063367
48 0.559876 0.923510 0.029573 0.020997
48 0.548010 0.902325 0.017525 0.018373
5 0.484483 0.679040 0.005111 0.003750
48 0.964403 0.627672 0.040526 0.059243
48 0.728916 0.225159 0.038335 0.033371
5 0.513509 0.422947 0.004016 0.003750
5 0.447974 0.526247 0.004381 0.004874
5 0.529573 0.263967 0.001825 0.003750
5 0.422782 0.344769 0.005842 0.004874
5 0.386090 0.413948 0.004746 0.003750
5 0.523549 0.469066 0.004381 0.003750
5 0.386820 0.676228 0.003286 0.005624
5 0.489047 0.679228 0.005476 0.002625
5 0.665571 0.742970 0.003651 0.003375
5 0.678715 0.738283 0.005842 0.002250
5 0.846842 0.746719 0.004746 0.001875
5 0.828587 0.717473 0.002556 0.004874
5 0.648594 0.287777 0.003286 0.004124
5 0.784045 0.049494 0.004016 0.004499
48 0.467324 0.386202 0.054034 0.029996
5 0.512413 0.440757 0.004746 0.003375
5 0.884812 0.439258 0.006207 0.004124
48 0.790434 0.411886 0.021906 0.019873
48 0.651880 0.233971 0.020080 0.017998
5 0.184374 0.926697 0.005111 0.002625
5 0.185652 0.941695 0.005476 0.002625
5 0.180175 0.947132 0.005476 0.003000
5 0.193866 0.947507 0.005111 0.003000
5 0.191128 0.961567 0.005476 0.003375
5 0.190581 0.966817 0.005842 0.003375
5 0.190033 0.970941 0.006207 0.002625
5 0.216320 0.805587 0.006937 0.004124
48 0.264330 0.766217 0.027017 0.036370
5 0.726908 0.320397 0.005111 0.004124
5 0.725082 0.325272 0.005111 0.004874
48 0.732019 0.400450 0.013143 0.011249
48 0.586710 0.505249 0.009493 0.015373
48 0.576670 0.544244 0.007667 0.022872
5 0.906900 0.382452 0.003651 0.002250
48 0.400329 0.311024 0.033954 0.038620
5 0.482475 0.220847 0.005476 0.003750
5 0.383717 0.423510 0.005111 0.002625
5 0.625228 0.808211 0.004746 0.001875
5 0.770537 0.077990 0.005476 0.005249
5 0.862724 0.295838 0.004381 0.003000
5 0.947974 0.015748 0.004016 0.002250
5 0.782950 0.476378 0.003286 0.004874
48 0.430997 0.322460 0.008397 0.011998
48 0.417853 0.662730 0.022271 0.016873
5 0.160460 0.943007 0.004746 0.003750
5 0.190215 0.969066 0.005842 0.003375
5 0.145309 0.988939 0.002921 0.005624
53 0.732202 0.267154 0.037605 0.037120
5 0.578861 0.562055 0.006207 0.003750
48 0.757393 0.410949 0.014969 0.010499
48 0.569186 0.479378 0.014604 0.020622
48 0.383899 0.924072 0.046367 0.035621
48 0.563527 0.204349 0.033954 0.032246
5 0.497079 0.495688 0.004016 0.005999
5 0.409639 0.817960 0.003651 0.004874
5 0.495984 0.682415 0.003286 0.003000
5 0.445053 0.713161 0.003651 0.004499
5 0.323111 0.663105 0.004381 0.004124
5 0.782402 0.251219 0.003651 0.004499
5 0.669953 0.176041 0.002921 0.005624
5 0.836619 0.133296 0.002556 0.004874
5 0.913290 0.086802 0.002556 0.004124
5 0.926433 0.011061 0.001825 0.004124
53 0.875502 0.223285 0.035779 0.025122
48 0.493793 0.420135 0.025922 0.034871
5 0.486126 0.455193 0.005476 0.003750
5 0.561884 0.463442 0.004381 0.007499
48 0.916210 0.719723 0.022271 0.021372
48 0.302300 0.674541 0.010223 0.011249
5 0.144213 0.969254 0.005842 0.003750
48 0.610989 0.388076 0.025922 0.015748
5 0.156627 0.957818 0.005111 0.003375
5 0.166302 0.940008 0.004746 0.003000
5 0.165206 0.944319 0.005476 0.003375
5 0.161373 0.958568 0.004381 0.003375
48 0.040161 0.529246 0.080321 0.277090
5 0.689303 0.327334 0.005111 0.003750
53 0.679080 0.293401 0.023366 0.021372
48 0.715955 0.555306 0.043812 0.034496
48 0.711208 0.456505 0.011683 0.012373
48 0.636911 0.422385 0.012048 0.017623
48 0.378605 0.803525 0.010223 0.006749
8 0.417123 0.472253 0.007667 0.004874
49 0.515152 0.298838 0.031398 0.039745
48 0.463490 0.846269 0.020811 0.010499
48 0.511683 0.787589 0.016429 0.016123
48 0.553487 0.791714 0.016064 0.016873
5 0.525922 0.707537 0.006207 0.003000
5 0.666119 0.137983 0.004746 0.005999
5 0.467506 0.520247 0.004746 0.004124
5 0.501643 0.496813 0.002191 0.004499
5 0.457466 0.634608 0.004381 0.007124
5 0.382621 0.687477 0.003651 0.005624
5 0.566448 0.951819 0.005476 0.003375
5 0.509675 0.879078 0.004381 0.005624
5 0.609894 0.980690 0.004746 0.001875
5 0.752647 0.718035 0.002556 0.003000
48 0.452355 0.327897 0.017525 0.016873
48 0.443410 0.318335 0.012048 0.008999
5 0.511501 0.444694 0.005842 0.003750
5 0.460752 0.482752 0.004381 0.005624
10 0.423330 0.534683 0.009858 0.005249
5 0.929536 0.490064 0.004381 0.005249
5 0.964221 0.461567 0.005111 0.003750
54 0.868565 0.649981 0.024096 0.024372
48 0.883169 0.683165 0.023366 0.022497
5 0.146951 0.957630 0.005476 0.003750
5 0.146404 0.959880 0.006572 0.003750
5 0.182548 0.936258 0.005111 0.003000
5 0.181453 0.938133 0.005111 0.003000
48 0.078313 0.320397 0.056590 0.125609
48 0.233662 0.799775 0.024827 0.048744
5 0.459839 0.885827 0.004016 0.005624
5 0.458014 0.892201 0.004016 0.006374
48 0.738773 0.526809 0.009127 0.011249
48 0.742607 0.405887 0.019715 0.016873
48 0.733662 0.412636 0.011318 0.011624
48 0.586710 0.442820 0.049653 0.046494
48 0.416393 0.793026 0.006207 0.005999
48 0.240234 0.992126 0.007302 0.007499
48 0.544542 0.256468 0.020080 0.020997
48 0.595655 0.698350 0.014239 0.013873
5 0.491785 0.115111 0.004381 0.003750
5 0.460935 0.189164 0.004746 0.001875
5 0.515334 0.473191 0.003286 0.003750
5 0.512778 0.656730 0.003286 0.003375
6 0.451260 0.969441 0.005842 0.007874
5 0.669405 0.829771 0.003286 0.004499
5 0.675246 0.883390 0.001825 0.004499
5 0.790800 0.739033 0.002921 0.003750
5 0.811610 0.746907 0.004381 0.002250
5 0.789887 0.752718 0.002556 0.004124
5 0.853779 0.747469 0.004016 0.003375
5 0.989595 0.560555 0.004746 0.003750
5 0.763782 0.310086 0.002921 0.003750
5 0.687660 0.280652 0.005476 0.004124
5 0.679628 0.179040 0.002556 0.004124
5 0.945601 0.021935 0.002921 0.004874
5 0.775100 0.492313 0.002921 0.003750
12 0.805221 0.488939 0.006937 0.004499
48 0.691676 0.610049 0.051479 0.048744
48 0.523731 0.844394 0.032494 0.029996
48 0.465863 0.806149 0.045272 0.033746
5 0.156809 0.927447 0.006207 0.004124
48 0.831508 0.300900 0.017890 0.014623
5 0.164111 0.930446 0.004746 0.003375
5 0.168127 0.933633 0.004746 0.003000
5 0.179263 0.951631 0.005111 0.003750
5 0.176159 0.972066 0.005476 0.003375
48 0.589084 0.738658 0.013509 0.018748
12 0.180540 0.873641 0.011318 0.007499
10 0.296641 0.858643 0.006937 0.011998
5 0.742607 0.314586 0.006572 0.004499
48 0.676524 0.582115 0.032129 0.030371
48 0.732932 0.509936 0.010588 0.009749
48 0.736948 0.517810 0.012048 0.017998
48 0.781490 0.333896 0.012048 0.013123
48 0.624133 0.379453 0.027382 0.020997
48 0.552209 0.494188 0.014239 0.020997
48 0.404345 0.793776 0.023001 0.015748
48 0.209931 0.936445 0.013874 0.024372
48 0.506024 0.180727 0.048193 0.049494
48 0.575758 0.173416 0.021906 0.025872
48 0.576305 0.011998 0.021541 0.020997
48 0.917488 0.847582 0.046732 0.073866
8 0.443775 0.477315 0.004746 0.005999
5 0.015334 0.105362 0.005111 0.003000
5 0.492333 0.224597 0.004016 0.003000
5 0.514239 0.475816 0.004746 0.003000
5 0.282585 0.900075 0.002191 0.004874
5 0.369478 0.795838 0.002921 0.004124
5 0.440489 0.966817 0.004016 0.004124
5 0.551661 0.954256 0.003651 0.002250
5 0.676342 0.735658 0.006937 0.001500
5 0.657722 0.691226 0.003286 0.004874
5 0.954363 0.736033 0.002921 0.003000
5 0.799197 0.413386 0.002921 0.004874
5 0.906535 0.352268 0.002191 0.004124
5 0.690215 0.251781 0.002556 0.004874
5 0.744615 0.149044 0.004016 0.004124
5 0.564440 0.756843 0.006572 0.004874
5 0.930632 0.586052 0.004381 0.005249
48 0.800657 0.799775 0.010953 0.014998
48 0.804126 0.779528 0.017890 0.030746
48 0.625046 0.506749 0.024096 0.022122
5 0.152976 0.973753 0.005111 0.003000
5 0.156809 0.979753 0.005476 0.003750
5 0.183279 0.931009 0.005111 0.002250
5 0.176889 0.967567 0.005476 0.003375
48 0.334794 0.758155 0.024096 0.030746
5 0.680175 0.328271 0.005111 0.004124
5 0.679263 0.290776 0.004746 0.004124
48 0.763235 0.350581 0.016429 0.016498
48 0.793720 0.394451 0.032859 0.027747
48 0.793355 0.433633 0.010953 0.013873
48 0.520993 0.736783 0.025557 0.017998
48 0.297554 0.908324 0.015334 0.017623
48 0.374589 0.832771 0.054034 0.052493
48 0.223622 0.904762 0.033954 0.023247
5 0.201351 0.922385 0.004746 0.003750
48 0.561154 0.260405 0.023366 0.024372
5 0.467506 0.015186 0.004016 0.005624
48 0.633443 0.876078 0.041621 0.058868
48 0.500730 0.707349 0.043447 0.047619
1 0.278751 0.735846 0.023001 0.015373
48 0.746258 0.206224 0.017525 0.021747
5 0.470427 0.226097 0.004016 0.002250
5 0.463308 0.499250 0.005842 0.004874
5 0.497079 0.528309 0.004016 0.004499
5 0.632530 0.761905 0.004746 0.002250
5 0.443775 0.923322 0.004746 0.004124
5 0.447791 0.983315 0.002556 0.004124
5 0.493976 0.818898 0.002191 0.004499
5 0.614458 0.801275 0.002191 0.006749
5 0.923695 0.692351 0.002921 0.004124
5 0.713216 0.201912 0.004746 0.004124
5 0.853779 0.095801 0.003286 0.003375
5 0.927711 0.092426 0.002191 0.003375
5 0.476269 0.488001 0.004746 0.006374
5 0.506754 0.498875 0.003651 0.005624
48 0.863089 0.770529 0.014604 0.020247
48 0.889376 0.838770 0.017525 0.014998
48 0.571376 0.903450 0.010953 0.009374
48 0.886455 0.704349 0.021906 0.022122
48 0.551296 0.709599 0.012413 0.012373
48 0.795911 0.292276 0.043812 0.040120
48 0.595655 0.584739 0.018620 0.025872
48 0.644761 0.470754 0.021906 0.019123
5 0.161920 0.938883 0.004746 0.003000
5 0.164294 0.946194 0.004381 0.003375
5 0.180723 0.940382 0.005111 0.003000
5 0.176889 0.970004 0.006207 0.003750
5 0.181818 0.961192 0.005111 0.003375
5 0.147864 0.989876 0.003651 0.005249
5 0.158269 0.991939 0.002556 0.004874
5 0.496532 0.989126 0.005111 0.005249
48 0.620299 0.348706 0.029938 0.029246
48 0.638919 0.457068 0.014604 0.007499
48 0.228733 0.886202 0.033224 0.024372
48 0.231654 0.981627 0.009858 0.009749
48 0.232749 0.989126 0.012778 0.011249
8 0.834611 0.154481 0.005111 0.005999
5 0.474261 0.153918 0.005111 0.003375
48 0.622855 0.916948 0.016794 0.010124
48 0.580139 0.784777 0.026287 0.020997
48 0.955641 0.312898 0.054399 0.067867
5 0.440854 0.551181 0.004016 0.003000
5 0.494341 0.505437 0.002921 0.005249
5 0.559511 0.759843 0.004016 0.003375
5 0.581417 0.954818 0.003286 0.002625
5 0.792808 0.868016 0.006207 0.001500
5 0.811975 0.749719 0.004381 0.002625
5 0.822015 0.773903 0.002556 0.005999
5 0.662651 0.173791 0.002921 0.004124
6 0.708835 0.139858 0.003286 0.004499
5 0.717415 0.024747 0.004381 0.003750
5 0.635816 0.250469 0.006207 0.003000
5 0.897225 0.003375 0.004746 0.003000
10 0.478277 0.822272 0.006572 0.004499
10 0.430449 0.514248 0.011683 0.007874
10 0.422599 0.537683 0.009858 0.005249
8 0.445783 0.531871 0.005842 0.004124
8 0.449799 0.517998 0.006572 0.005624
5 0.682183 0.626172 0.004746 0.005249
48 0.549106 0.537870 0.045272 0.033371
5 0.566083 0.466442 0.004016 0.006749
48 0.573750 0.894451 0.009127 0.013873
48 0.633260 0.440570 0.024461 0.026997
48 0.519168 0.583990 0.017525 0.025122
5 0.159000 0.920885 0.006207 0.003750
5 0.158635 0.923510 0.006207 0.003750
5 0.148047 0.955568 0.005476 0.003375
48 0.672873 0.309899 0.019715 0.015373
48 0.665389 0.206787 0.021541 0.021372
5 0.157722 0.953506 0.005842 0.003750
5 0.157539 0.977503 0.005476 0.003750
5 0.194231 0.945257 0.005842 0.003000
48 0.631982 0.306712 0.032859 0.029246
5 0.214677 0.818148 0.005111 0.003000
48 0.694231 0.178478 0.013509 0.012748
5 0.742789 0.317585 0.005476 0.003750
5 0.677802 0.294713 0.004746 0.003000
48 0.684556 0.535808 0.040161 0.030746
48 0.678350 0.363517 0.033589 0.019123
48 0.700803 0.387514 0.018620 0.019873
48 0.691858 0.407012 0.023366 0.017623
48 0.212486 0.868954 0.010223 0.016873
48 0.232384 0.940570 0.017160 0.035621
48 0.222709 0.967379 0.004381 0.011249
5 0.985396 0.429321 0.002191 0.001500
48 0.739686 0.949194 0.012413 0.013873
48 0.768346 0.968129 0.014239 0.015748
48 0.973713 0.707162 0.043081 0.058493
8 0.326762 0.652418 0.008032 0.005249
5 0.494524 0.218785 0.002556 0.004874
5 0.507119 0.218973 0.003651 0.006749
5 0.555312 0.656730 0.004381 0.002625
5 0.508215 0.658043 0.004381 0.003750
5 0.591639 0.683352 0.004016 0.004124
5 0.325849 0.779528 0.004746 0.003000
5 0.398503 0.877953 0.004746 0.001875
5 0.464221 0.773716 0.006207 0.004874
5 0.862541 0.439633 0.002556 0.004874
5 0.779847 0.074053 0.003651 0.004124
5 0.791895 0.029996 0.002921 0.004499
5 0.977729 0.210724 0.001460 0.004499
5 0.922782 0.129546 0.001825 0.004124
5 0.431544 0.758343 0.004381 0.006374
10 0.687842 0.463442 0.005111 0.005249
5 0.953268 0.575553 0.007302 0.003750
14 0.981380 0.586989 0.009493 0.006374
5 0.450529 0.479753 0.004381 0.007124
48 0.749726 0.378140 0.030303 0.030371
5 0.153706 0.969441 0.005111 0.003375
5 0.192771 0.954631 0.005842 0.003000
5 0.191858 0.956505 0.005476 0.003000
5 0.160825 0.992501 0.002556 0.004499
48 0.094743 0.327334 0.052209 0.122235
48 0.167032 0.065054 0.089449 0.130109
5 0.564074 0.563367 0.006572 0.003375
5 0.458744 0.878328 0.005476 0.004124
48 0.652610 0.448256 0.008397 0.007874
48 0.382986 0.897450 0.038700 0.031871
48 0.327127 0.829396 0.054034 0.080990
48 0.229646 0.967004 0.008032 0.016498
53 0.670135 0.180165 0.024461 0.019873
48 0.861993 0.896700 0.011683 0.011624
48 0.531763 0.863517 0.035414 0.030746
48 0.600037 0.785152 0.012048 0.013498
5 0.469880 0.515935 0.005842 0.002250
5 0.543812 0.684102 0.004746 0.003375
5 0.611902 0.760780 0.002921 0.003750
5 0.348302 0.959505 0.005111 0.003750
5 0.571742 0.955381 0.005111 0.002250
5 0.596386 0.910761 0.003286 0.003000
5 0.615005 0.884889 0.003286 0.002250
5 0.614275 0.832396 0.002556 0.005249
5 0.775100 0.736595 0.002191 0.004124
5 0.794633 0.761155 0.005476 0.002250
5 0.956736 0.742782 0.003286 0.003000
5 0.790617 0.320210 0.002556 0.003750
5 0.719606 0.011624 0.001460 0.003000
5 0.914020 0.351519 0.003286 0.005624
5 0.937751 0.033183 0.003286 0.003375
2 0.411647 0.096175 0.016429 0.022872
48 0.898503 0.000562 0.040161 0.001125
48 0.804308 0.780090 0.013874 0.027372
48 0.583790 0.840270 0.014604 0.020997
5 0.147682 0.953506 0.005476 0.003750
48 0.759036 0.340270 0.008762 0.008624
5 0.162468 0.937008 0.005842 0.003750
5 0.177985 0.958005 0.004746 0.003000
5 0.193684 0.949944 0.005476 0.003375
5 0.190763 0.964005 0.004746 0.003000
5 0.181453 0.966254 0.005111 0.003000
48 0.714677 0.317960 0.033224 0.041995
5 0.675794 0.336520 0.005111 0.004124
5 0.685287 0.337083 0.005842 0.003750
5 0.682548 0.287777 0.004746 0.004124
48 0.716502 0.427822 0.012778 0.012748
48 0.562432 0.498500 0.018620 0.025122
48 0.645491 0.514061 0.010953 0.011998
48 0.316174 0.934758 0.008032 0.009749
48 0.609164 0.167792 0.018620 0.020622
5 0.256663 0.923510 0.002921 0.003000
48 0.378058 0.381890 0.033224 0.035621
48 0.968967 0.270154 0.039430 0.061867
5 0.070464 0.046682 0.004381 0.004124
5 0.501826 0.104237 0.004746 0.003750
5 0.420774 0.351706 0.004746 0.004499
5 0.529025 0.475066 0.005111 0.002250
5 0.599124 0.891451 0.002921 0.004874
5 0.610442 0.881140 0.005111 0.003000
5 0.615371 0.841207 0.001825 0.004124
5 0.617196 0.820585 0.004746 0.003375
5 0.720884 0.021560 0.002556 0.004124
8 0.446696 0.529246 0.005476 0.004124
5 0.540708 0.550056 0.005842 0.004499
5 0.569003 0.467567 0.004746 0.006749
48 0.761044 0.463442 0.044177 0.053243
5 0.751552 0.722722 0.003286 0.006374
48 0.733844 0.539370 0.018255 0.015373
5 0.157904 0.925197 0.006207 0.004124
5 0.154618 0.934383 0.005476 0.003750
5 0.143483 0.973566 0.005111 0.003375
48 0.861446 0.145669 0.012778 0.012373
5 0.151698 0.978815 0.005476 0.003375
5 0.155349 0.991751 0.003286 0.005249
48 0.499087 0.751594 0.021906 0.017623
48 0.623220 0.741845 0.012413 0.024372
11 0.196240 0.863892 0.004016 0.011998
5 0.742972 0.319835 0.004381 0.003750
5 0.679080 0.330521 0.005842 0.004874
5 0.456736 0.886202 0.005111 0.007124
48 0.711756 0.485939 0.038335 0.033746
48 0.598394 0.422010 0.046002 0.029621
48 0.587441 0.486502 0.022636 0.027372
