48 0.009310 0.926509 0.018620 0.146982
48 0.918766 0.011811 0.050018 0.023622
48 0.416758 0.004499 0.017890 0.008999
48 0.889376 0.001312 0.022636 0.002625
48 0.733662 0.009749 0.024461 0.019498
48 0.529573 0.005999 0.023731 0.011998
48 0.610807 0.009561 0.032129 0.019123
48 0.854326 0.005062 0.022636 0.010124
48 0.833516 0.017998 0.027747 0.035996
48 0.883717 0.006562 0.025192 0.013123
48 0.581964 0.003937 0.040161 0.007874
48 0.541804 0.013123 0.016064 0.017248
48 0.500730 0.005812 0.020811 0.010874
48 0.362176 0.012561 0.021176 0.025122
48 0.371486 0.078553 0.116466 0.144357
48 0.709931 0.004312 0.022271 0.008624
48 0.671961 0.007874 0.016429 0.015748
48 0.675612 0.011998 0.016429 0.018748
48 0.721979 0.005999 0.025192 0.011998
5 0.326762 0.011249 0.004381 0.003000
53 0.346112 0.007124 0.036510 0.014248
5 0.094378 0.876640 0.006207 0.003000
5 0.253377 0.890139 0.002921 0.003750
5 0.212304 0.873078 0.006937 0.004874
48 0.778569 0.959505 0.029573 0.037495
48 0.850675 0.875328 0.026287 0.021372
48 0.855604 0.859205 0.026652 0.018373
48 0.862541 0.850581 0.017890 0.013123
48 0.865827 0.843082 0.020811 0.010874
48 0.873494 0.833333 0.025922 0.019123
48 0.782037 0.686914 0.043812 0.032246
5 0.659730 0.678665 0.005842 0.003750
5 0.634903 0.668541 0.005111 0.003750
48 0.665936 0.677915 0.010953 0.008999
51 0.835524 0.438508 0.030303 0.037870
5 0.979007 0.052493 0.004016 0.003750
5 0.980650 0.051181 0.005111 0.004874
5 0.958927 0.045932 0.004016 0.004124
10 0.977912 0.047807 0.004746 0.006374
5 0.982110 0.048369 0.004381 0.003000
39 0.542351 0.383202 0.006207 0.005999
53 0.285688 0.329584 0.025922 0.032246
53 0.044542 0.629546 0.069368 0.038245
48 0.026652 0.374016 0.025557 0.018373
48 0.085980 0.377765 0.020080 0.019873
53 0.011501 0.698350 0.023001 0.025872
48 0.029938 0.665917 0.023366 0.016498
48 0.226725 0.651294 0.026287 0.021747
48 0.448521 0.217285 0.022271 0.024372
48 0.740599 0.260405 0.036875 0.036370
48 0.519168 0.357705 0.036510 0.037495
48 0.642388 0.638545 0.029573 0.033746
48 0.883352 0.894263 0.025192 0.034496
48 0.521358 0.590176 0.021906 0.023247
48 0.711939 0.965317 0.055495 0.046869
48 0.236400 0.937945 0.023001 0.013123
48 0.122673 0.842332 0.024827 0.023622
48 0.154984 0.853768 0.023731 0.022497
48 0.448886 0.808211 0.022271 0.019123
48 0.497079 0.552681 0.037605 0.038995
48 0.647317 0.465879 0.022636 0.019873
48 0.561519 0.029996 0.027017 0.026247
48 0.682001 0.094488 0.025557 0.026247
48 0.503651 0.254218 0.026652 0.029996
48 0.711756 0.240720 0.024461 0.023247
48 0.609712 0.211099 0.035779 0.028496
48 0.760862 0.055118 0.029938 0.029246
48 0.810515 0.163667 0.027017 0.021372
48 0.800657 0.382640 0.024096 0.021372
48 0.984666 0.781027 0.022636 0.024747
48 0.947609 0.758718 0.022271 0.025122
48 0.702994 0.517248 0.019350 0.020622
48 0.529025 0.573116 0.027017 0.031871
48 0.547645 0.907762 0.026287 0.021747
48 0.088536 0.984439 0.028112 0.027372
48 0.299927 0.550431 0.029573 0.025497
48 0.514421 0.648856 0.019715 0.018373
48 0.545455 0.519685 0.021176 0.029996
48 0.020811 0.405887 0.033589 0.026622
48 0.669405 0.038433 0.028843 0.025872
48 0.669405 0.242220 0.024461 0.020247
48 0.605878 0.345144 0.027382 0.028871
48 0.617196 0.323397 0.022271 0.023622
48 0.615553 0.354706 0.021176 0.025497
48 0.887733 0.048369 0.020811 0.018748
48 0.880248 0.714286 0.031398 0.029246
48 0.542351 0.980877 0.021541 0.019498
48 0.535779 0.943195 0.031763 0.024372
48 0.243885 0.952193 0.035779 0.021372
48 0.359438 0.688601 0.035414 0.035621
48 0.516429 0.708661 0.027382 0.025497
48 0.623585 0.841582 0.044542 0.034121
48 0.497444 0.130109 0.040526 0.042745
48 0.661373 0.188789 0.030303 0.028871
48 0.940672 0.333896 0.024461 0.018373
48 0.970245 0.414511 0.027382 0.029621
48 0.774005 0.031871 0.020445 0.027747
48 0.857430 0.374953 0.020080 0.017248
48 0.894122 0.677915 0.042351 0.032996
48 0.168675 0.889951 0.021906 0.018373
48 0.186747 0.763405 0.036145 0.028496
48 0.375867 0.652981 0.038335 0.033371
48 0.443045 0.675853 0.031763 0.028121
48 0.585798 0.796026 0.028843 0.033746
48 0.371486 0.476565 0.027382 0.030746
48 0.524096 0.506562 0.024461 0.023997
48 0.523731 0.262842 0.026652 0.029246
48 0.626141 0.186539 0.033589 0.028121
48 0.603687 0.224035 0.024461 0.023622
48 0.631435 0.368579 0.036875 0.040495
48 0.772545 0.376640 0.017525 0.019873
48 0.832603 0.931759 0.028112 0.027747
48 0.292443 0.948631 0.019715 0.015748
48 0.244432 0.976003 0.031033 0.022497
48 0.154984 0.781027 0.023731 0.032996
48 0.387915 0.449569 0.024461 0.033746
48 0.577401 0.445444 0.023731 0.021747
48 0.663381 0.050244 0.018985 0.019498
48 0.552756 0.280840 0.037970 0.037495
48 0.765973 0.097488 0.033589 0.026997
48 0.798649 0.238283 0.033954 0.029621
48 0.740599 0.324334 0.042716 0.036745
48 0.863089 0.660105 0.039430 0.028121
48 0.986309 0.732096 0.017160 0.019123
48 0.864367 0.900450 0.028112 0.027372
48 0.658269 0.937195 0.020445 0.017623
48 0.564805 0.874953 0.021176 0.021372
48 0.207923 0.916010 0.026652 0.028496
48 0.220884 0.983315 0.021906 0.024372
48 0.485396 0.758155 0.026652 0.021747
48 0.484666 0.608736 0.023001 0.023622
48 0.301387 0.869141 0.020811 0.015748
48 0.217233 0.543682 0.024096 0.022497
48 0.247170 0.381327 0.035779 0.057743
48 0.737861 0.202850 0.036510 0.041245
48 0.970245 0.368204 0.030303 0.020247
48 0.716867 0.689351 0.033954 0.039370
48 0.768346 0.656355 0.017160 0.018373
48 0.294268 0.577990 0.029938 0.025872
48 0.459109 0.790589 0.019350 0.023622
48 0.520993 0.527934 0.024827 0.025497
48 0.557320 0.530559 0.027382 0.021747
48 0.647317 0.491939 0.025557 0.031496
48 0.131982 0.359018 0.028112 0.029621
48 0.452903 0.042745 0.033954 0.037495
48 0.578678 0.052681 0.026287 0.026622
48 0.425338 0.233221 0.031398 0.032246
48 0.593830 0.305024 0.025922 0.034121
48 0.685287 0.220097 0.021176 0.017248
48 0.649325 0.203787 0.036145 0.027372
48 0.635086 0.224784 0.035414 0.028121
48 0.836619 0.031496 0.016429 0.015748
48 0.771997 0.061867 0.025922 0.027747
48 0.827309 0.122422 0.029208 0.024372
48 0.760862 0.232658 0.031398 0.024372
48 0.846842 0.357330 0.026652 0.031496
48 0.883169 0.805587 0.040161 0.042370
48 0.957466 0.913761 0.027382 0.026997
48 0.961482 0.638170 0.016429 0.013498
48 0.825301 0.812148 0.025192 0.026247
48 0.305586 0.966817 0.032129 0.054368
48 0.284593 0.597675 0.032494 0.023997
48 0.406535 0.816273 0.024461 0.026997
48 0.418401 0.685414 0.031398 0.026997
48 0.569003 0.462130 0.025922 0.019873
48 0.125776 0.396513 0.033954 0.025122
48 0.107886 0.375328 0.023001 0.023247
5 0.096020 0.455756 0.005842 0.004124
48 0.494341 0.021372 0.023366 0.020997
48 0.558415 0.085864 0.032494 0.032996
48 0.513509 0.111924 0.033224 0.034121
48 0.466594 0.245407 0.021176 0.020622
48 0.446148 0.134421 0.032129 0.032621
48 0.405075 0.133296 0.029573 0.025122
48 0.590909 0.243907 0.035414 0.035621
48 0.612632 0.267904 0.035779 0.034871
48 0.619569 0.065992 0.037970 0.028496
48 0.637641 0.087552 0.032494 0.031871
48 0.797006 0.048369 0.023366 0.026997
48 0.854144 0.109861 0.030303 0.023247
48 0.748266 0.307462 0.034684 0.028496
48 0.839540 0.695351 0.034684 0.028121
48 0.974443 0.708474 0.029938 0.032621
48 0.921504 0.739033 0.036510 0.034496
48 0.685469 0.513873 0.026652 0.029621
48 0.654619 0.254218 0.013143 0.014998
48 0.889923 0.282340 0.020811 0.021747
48 0.751004 0.047244 0.020445 0.023247
48 0.826944 0.735471 0.043812 0.035621
48 0.850858 0.771091 0.042716 0.036370
48 0.954363 0.803712 0.032129 0.036370
48 0.794268 0.818710 0.026652 0.027372
48 0.812523 0.852268 0.035414 0.025497
48 0.199708 0.745219 0.034319 0.027372
48 0.314896 0.873266 0.022271 0.020247
48 0.601862 0.863517 0.033224 0.022497
48 0.661555 0.454256 0.032129 0.026622
48 0.545089 0.097675 0.023366 0.022122
48 0.736583 0.142670 0.024461 0.022122
48 0.598028 0.153918 0.029208 0.026622
48 0.608069 0.313836 0.023001 0.025497
48 0.965498 0.383202 0.028112 0.026247
48 0.849033 0.159730 0.028843 0.031496
48 0.708105 0.020622 0.025922 0.027747
48 0.426250 0.584552 0.023731 0.020997
48 0.831143 0.712973 0.028843 0.023622
48 0.985396 0.870829 0.023366 0.024372
48 0.945783 0.623172 0.025192 0.017248
48 0.228551 0.903075 0.025557 0.025122
48 0.283680 0.731534 0.018255 0.022497
48 0.284045 0.712598 0.021176 0.023622
48 0.313253 0.592426 0.029938 0.027747
48 0.280394 0.610049 0.026287 0.017248
48 0.355239 0.850019 0.022636 0.017248
48 0.354874 0.879078 0.027747 0.030371
48 0.308142 0.852081 0.032129 0.028121
48 0.575027 0.423885 0.014604 0.020622
48 0.123950 0.439633 0.026652 0.030371
48 0.519533 0.052681 0.023366 0.022872
48 0.420226 0.173041 0.027747 0.029621
48 0.685469 0.273153 0.023001 0.022872
48 0.877693 0.012373 0.025557 0.020247
48 0.908908 0.409636 0.025922 0.019123
48 0.821650 0.202850 0.027382 0.026247
48 0.811975 0.751031 0.032129 0.028496
48 0.788609 0.795651 0.031398 0.029246
48 0.937021 0.640795 0.014239 0.010499
48 0.899598 0.512748 0.026287 0.025122
48 0.706645 0.500937 0.018620 0.020247
48 0.454911 0.982752 0.037970 0.018748
48 0.238773 0.928946 0.022636 0.016123
48 0.433370 0.761530 0.029938 0.026247
48 0.471522 0.697600 0.046367 0.034871
48 0.579226 0.293776 0.040526 0.031121
48 0.769989 0.136295 0.035779 0.028121
48 0.621942 0.104987 0.025192 0.022497
48 0.817999 0.091676 0.025922 0.029621
48 0.721979 0.028871 0.025922 0.028496
48 0.951807 0.669291 0.032859 0.029246
48 0.691493 0.537870 0.018255 0.019873
48 0.554034 0.565429 0.023731 0.020997
48 0.821833 0.832958 0.032859 0.028121
48 0.770902 0.831271 0.028112 0.024747
48 0.558781 0.479190 0.028843 0.021747
48 0.539248 0.477315 0.032859 0.044244
48 0.599306 0.416760 0.020080 0.025872
48 0.533406 0.024747 0.018255 0.016498
48 0.661190 0.132171 0.031398 0.022872
48 0.672873 0.121297 0.023366 0.019873
48 0.573384 0.137233 0.021541 0.020247
48 0.965316 0.328084 0.025557 0.023247
48 0.859073 0.086614 0.039430 0.036745
48 0.440854 0.395201 0.031033 0.029246
48 0.946696 0.790026 0.024827 0.028496
48 0.988317 0.629546 0.011683 0.011998
48 0.675064 0.916948 0.032129 0.021372
48 0.524096 0.968129 0.033224 0.036745
48 0.269807 0.749344 0.027017 0.022122
48 0.264330 0.664792 0.032859 0.029246
48 0.444323 0.748406 0.031398 0.024747
48 0.533224 0.513123 0.021541 0.023622
48 0.558598 0.314398 0.029208 0.033371
48 0.701533 0.252531 0.032494 0.028871
48 0.724169 0.160855 0.031763 0.030746
48 0.536510 0.197600 0.030303 0.025497
48 0.831143 0.098988 0.020811 0.024747
48 0.895582 0.858455 0.053304 0.037120
48 0.972435 0.642857 0.009858 0.009374
48 0.541256 0.587177 0.031763 0.029996
48 0.112815 0.947319 0.031398 0.018373
48 0.240599 0.597300 0.041621 0.026247
48 0.065535 0.420885 0.023731 0.023622
5 0.087076 0.453506 0.004746 0.004124
48 0.721796 0.089801 0.021906 0.020622
48 0.710843 0.319835 0.035779 0.026997
48 0.822928 0.061867 0.023366 0.032246
48 0.859803 0.147544 0.018255 0.022872
48 0.881891 0.099738 0.031763 0.032996
48 0.839175 0.381140 0.025192 0.025872
48 0.649142 0.615861 0.024827 0.023622
48 0.854144 0.678478 0.033224 0.030371
48 0.916028 0.637420 0.017525 0.019498
48 0.579956 0.607799 0.039796 0.043495
48 0.148777 0.965129 0.026652 0.020997
48 0.012231 0.843832 0.024461 0.036370
48 0.256298 0.766404 0.031398 0.027747
48 0.301752 0.529621 0.025192 0.020622
48 0.277656 0.631984 0.047097 0.036370
48 0.405805 0.621297 0.028112 0.026247
48 0.528478 0.700787 0.024461 0.021747
48 0.341731 0.867829 0.027747 0.028871
48 0.261409 0.500187 0.031398 0.020247
48 0.404162 0.456693 0.027017 0.033746
48 0.671230 0.056243 0.014239 0.014998
48 0.694049 0.261905 0.029208 0.024372
48 0.560058 0.158043 0.043812 0.040120
48 0.593647 0.168166 0.022636 0.021372
48 0.787514 0.192913 0.024096 0.026622
48 0.829500 0.190476 0.030668 0.027747
48 0.763965 0.284964 0.027382 0.023997
48 0.429536 0.418823 0.029573 0.029996
48 0.933187 0.708099 0.024827 0.022122
48 0.929719 0.625609 0.019350 0.019123
48 0.802483 0.868954 0.032859 0.026622
48 0.547280 0.928009 0.031398 0.026997
48 0.476269 0.949006 0.032494 0.033746
48 0.177254 0.871204 0.025922 0.029621
48 0.226543 0.843270 0.025922 0.024747
48 0.393757 0.812711 0.020080 0.022122
48 0.435195 0.643045 0.017525 0.016498
48 0.343739 0.466254 0.037605 0.040870
48 0.118474 0.413948 0.031033 0.025497
48 0.457649 0.113986 0.035414 0.032246
48 0.537422 0.306899 0.035049 0.035621
48 0.565352 0.201350 0.024461 0.020247
48 0.663198 0.375141 0.026652 0.022872
48 0.794633 0.076490 0.030303 0.032996
48 0.812158 0.216535 0.029573 0.028121
48 0.782037 0.258343 0.026287 0.027747
48 0.617561 0.425759 0.028843 0.033371
48 0.872216 0.735096 0.030668 0.027372
48 0.953815 0.711286 0.027382 0.040495
48 0.563162 0.594488 0.036875 0.031871
48 0.752464 0.866704 0.030668 0.027372
48 0.311610 0.497938 0.025192 0.034496
48 0.377328 0.439633 0.023731 0.036370
48 0.564987 0.501125 0.041986 0.044619
48 0.099854 0.405137 0.020080 0.017623
48 0.526652 0.035246 0.021541 0.020997
48 0.476999 0.062430 0.045637 0.049869
48 0.536327 0.074803 0.024827 0.023622
48 0.700986 0.139108 0.017525 0.022497
48 0.493793 0.192913 0.033224 0.035621
48 0.503286 0.175291 0.033954 0.030371
48 0.439394 0.082115 0.035414 0.030746
48 0.547463 0.236970 0.032494 0.027747
48 0.718510 0.305212 0.027747 0.023997
48 0.945235 0.508436 0.022636 0.023247
48 0.843739 0.075553 0.018985 0.026622
48 0.873129 0.116985 0.021541 0.020997
48 0.894852 0.205662 0.021176 0.021372
48 0.754107 0.297338 0.025922 0.023997
48 0.460752 0.402887 0.026287 0.026622
48 0.977729 0.627109 0.011683 0.011624
48 0.122673 0.865767 0.028478 0.017998
48 0.307046 0.517998 0.032129 0.022872
48 0.509858 0.722160 0.026652 0.020997
48 0.455823 0.639483 0.029573 0.025872
48 0.474443 0.589801 0.026652 0.020247
48 0.467141 0.602362 0.017890 0.016123
48 0.637276 0.439820 0.025922 0.035246
48 0.008945 0.437570 0.017890 0.014998
48 0.712669 0.101425 0.024096 0.023622
48 0.451077 0.245594 0.027382 0.035996
48 0.754472 0.110799 0.031033 0.027372
48 0.607886 0.089051 0.027017 0.030371
48 0.627054 0.333521 0.022271 0.023622
48 0.976086 0.353018 0.028112 0.026622
48 0.750091 0.243345 0.024461 0.019498
48 0.972618 0.814023 0.025557 0.022497
48 0.979007 0.894826 0.033954 0.034121
48 0.228003 0.615298 0.037605 0.029246
48 0.244067 0.577053 0.036875 0.026247
48 0.395582 0.637233 0.021541 0.019873
48 0.385725 0.625984 0.023731 0.029621
48 0.748813 0.175853 0.038700 0.034496
48 0.547463 0.176228 0.028112 0.025497
48 0.611720 0.131609 0.032494 0.029246
48 0.629974 0.046119 0.028112 0.020997
48 0.645674 0.342707 0.036875 0.033746
48 0.920957 0.379078 0.028843 0.022497
48 0.962943 0.624859 0.017160 0.011624
48 0.672143 0.931009 0.025557 0.026997
48 0.559693 0.984439 0.016794 0.013123
48 0.150420 0.887702 0.022636 0.020622
48 0.140927 0.764342 0.027747 0.023622
5 0.081964 0.451631 0.005476 0.003375
48 0.587988 0.038808 0.037605 0.028121
48 0.511135 0.289839 0.028478 0.031496
48 0.615005 0.199288 0.035414 0.023622
48 0.914020 0.398013 0.026652 0.018373
48 0.919131 0.334083 0.017160 0.021747
48 0.815626 0.144169 0.043812 0.039370
48 0.775100 0.212786 0.029938 0.028871
48 0.674881 0.299962 0.034684 0.038245
48 0.715225 0.222347 0.029208 0.032246
48 0.651333 0.142295 0.029938 0.023622
48 0.522271 0.220847 0.037605 0.034496
48 0.586893 0.116235 0.026652 0.025497
48 0.946331 0.437383 0.036510 0.031871
48 0.762687 0.024747 0.025557 0.029996
48 0.619569 0.640045 0.024827 0.020997
48 0.941219 0.691976 0.021906 0.021372
48 0.787514 0.885639 0.032859 0.024747
48 0.268894 0.819460 0.024461 0.025122
48 0.268346 0.726284 0.027747 0.028496
48 0.301387 0.758718 0.032494 0.027372
48 0.255203 0.539745 0.043812 0.031871
48 0.125776 0.381515 0.020811 0.018373
48 0.549836 0.053431 0.029938 0.028871
48 0.697335 0.068616 0.031398 0.030746
48 0.703359 0.117923 0.026652 0.023622
48 0.469880 0.229471 0.035779 0.031496
48 0.535049 0.272403 0.027382 0.029621
48 0.867652 0.028309 0.028843 0.024372
48 0.728733 0.289651 0.024096 0.019873
48 0.769624 0.273341 0.029938 0.021747
48 0.922782 0.882077 0.035414 0.038620
48 0.948339 0.635171 0.014239 0.011998
48 0.807594 0.799775 0.027017 0.029996
48 0.444323 0.727034 0.025557 0.022497
48 0.382439 0.842895 0.025192 0.027747
48 0.233297 0.454068 0.030668 0.049494
48 0.388463 0.487439 0.031398 0.027747
48 0.483206 0.498688 0.017160 0.020247
48 0.098211 0.391826 0.017525 0.022497
48 0.964221 0.296400 0.046732 0.045369
48 0.810515 0.051931 0.023366 0.026622
48 0.798649 0.175853 0.033954 0.025497
48 0.844651 0.892013 0.028112 0.026247
48 0.141840 0.841020 0.023731 0.026247
48 0.213947 0.823772 0.016064 0.020247
48 0.461482 0.816460 0.018255 0.017623
48 0.217963 0.508624 0.031398 0.045369
48 0.692406 0.207537 0.031763 0.034871
48 0.437203 0.571054 0.024461 0.026247
48 0.635999 0.607237 0.022636 0.022122
48 0.764148 0.853206 0.028478 0.025872
48 0.638007 0.945819 0.022271 0.014623
48 0.196787 0.979378 0.044542 0.035996
48 0.504746 0.733408 0.023001 0.023247
48 0.413472 0.495876 0.034684 0.029621
48 0.591457 0.024559 0.028478 0.025122
48 0.719971 0.075366 0.020445 0.019498
48 0.466411 0.170604 0.044907 0.040495
48 0.391931 0.157105 0.037605 0.035246
48 0.580686 0.184664 0.039796 0.035621
48 0.884264 0.439633 0.021176 0.028121
48 0.783498 0.067117 0.021906 0.027747
48 0.923695 0.788714 0.027017 0.040120
48 0.936473 0.611924 0.018255 0.017998
48 0.560971 0.915261 0.018620 0.017998
48 0.553122 0.888639 0.032129 0.024747
48 0.468419 0.966629 0.035779 0.026997
48 0.353049 0.615861 0.033589 0.028121
48 0.465681 0.618673 0.027382 0.023997
48 0.523001 0.630296 0.023001 0.029996
48 0.434283 0.477315 0.026652 0.026997
48 0.091639 0.426509 0.036510 0.032621
48 0.653888 0.060930 0.027747 0.020622
48 0.679080 0.157293 0.037970 0.027372
48 0.681453 0.141732 0.020080 0.020247
48 0.689668 0.129921 0.020445 0.019123
48 0.935560 0.315523 0.026652 0.027372
48 0.932092 0.354331 0.023366 0.017998
48 0.936291 0.343082 0.025192 0.023247
48 0.949434 0.408136 0.027382 0.031121
48 0.981928 0.742032 0.020811 0.019498
48 0.943227 0.865392 0.026652 0.021747
48 0.971705 0.634421 0.012778 0.011998
48 0.979555 0.644919 0.013143 0.009749
48 0.933370 0.468129 0.023731 0.029621
48 0.644031 0.967754 0.045272 0.037495
48 0.201899 0.823585 0.019715 0.020622
48 0.396313 0.829584 0.017160 0.019123
5 0.089266 0.446757 0.006937 0.004874
48 0.509310 0.079678 0.039430 0.038620
48 0.675612 0.109674 0.023001 0.018373
48 0.743337 0.130109 0.029938 0.026247
48 0.624315 0.244844 0.032859 0.032246
48 0.975173 0.534308 0.027747 0.040495
48 0.784228 0.379453 0.016064 0.017248
48 0.859073 0.749156 0.037240 0.031496
48 0.904710 0.663105 0.024096 0.025122
48 0.896130 0.780277 0.030303 0.028496
48 0.895582 0.890889 0.029938 0.033746
48 0.981015 0.636295 0.010953 0.011998
48 0.194049 0.956131 0.024461 0.020247
48 0.139284 0.982940 0.041256 0.028121
48 0.186564 0.608549 0.034319 0.027747
48 0.355969 0.665167 0.033589 0.032246
48 0.342278 0.632171 0.036145 0.032246
48 0.473530 0.799400 0.025557 0.029246
48 0.501278 0.613798 0.027747 0.037495
48 0.588171 0.430446 0.024096 0.017998
48 0.731471 0.083052 0.020080 0.020622
48 0.654071 0.270154 0.026652 0.024372
48 0.662468 0.257780 0.019350 0.022872
48 0.759766 0.156543 0.035779 0.031121
48 0.671961 0.171354 0.031033 0.026997
48 0.926981 0.364829 0.025557 0.020247
48 0.832603 0.166104 0.026652 0.032246
48 0.936838 0.837645 0.029938 0.031496
48 0.972618 0.617360 0.013874 0.012373
48 0.290800 0.796213 0.041986 0.045369
48 0.289887 0.865017 0.017525 0.017248
48 0.416758 0.466817 0.033224 0.038995
48 0.692771 0.150544 0.015699 0.015373
48 0.452537 0.203037 0.033224 0.025122
48 0.647499 0.283652 0.023731 0.023622
48 0.675977 0.230409 0.024461 0.022122
48 0.708470 0.183727 0.038335 0.034496
48 0.636729 0.165354 0.034319 0.032246
48 0.888645 0.298088 0.025557 0.021747
48 0.866009 0.132358 0.021176 0.021747
48 0.628697 0.624110 0.024827 0.025122
48 0.972800 0.677540 0.024461 0.029996
48 0.587258 0.571804 0.031763 0.028496
48 0.173238 0.856205 0.017160 0.021372
48 0.222344 0.829584 0.016064 0.019123
48 0.225082 0.634046 0.041256 0.029996
48 0.301570 0.613986 0.026287 0.025872
48 0.482475 0.213723 0.028843 0.025497
48 0.492333 0.278028 0.025192 0.023622
48 0.783315 0.120360 0.036145 0.037495
48 0.559328 0.216723 0.032859 0.028496
48 0.641292 0.031684 0.034684 0.028871
48 0.784593 0.040870 0.019715 0.023247
48 0.903797 0.762467 0.027382 0.023622
48 0.287696 0.961755 0.022636 0.029996
48 0.096020 0.961005 0.033589 0.027747
48 0.447426 0.656168 0.031033 0.026247
48 0.562614 0.848331 0.054034 0.032621
48 0.257393 0.516685 0.043081 0.028496
48 0.451260 0.484252 0.023366 0.025122
5 0.344469 0.022497 0.005476 0.002250
48 0.527930 0.400825 0.018985 0.020247
48 0.542534 0.409636 0.021176 0.016873
48 0.861446 0.541995 0.014969 0.011624
48 0.884082 0.550806 0.014239 0.014248
48 0.865279 0.558305 0.022636 0.027747
48 0.876962 0.563929 0.016064 0.023997
5 0.814166 0.517810 0.002191 0.004499
5 0.819642 0.519498 0.002921 0.004874
48 0.826396 0.532433 0.028843 0.022497
48 0.809785 0.530559 0.015334 0.026997
48 0.824571 0.566929 0.009127 0.008999
5 0.763782 0.558118 0.002921 0.003375
5 0.765060 0.556243 0.003286 0.002625
5 0.766521 0.553618 0.004016 0.002625
5 0.768894 0.549306 0.002921 0.002250
48 0.847390 0.535433 0.015334 0.010499
48 0.839357 0.559805 0.008032 0.011998
48 0.798101 0.529621 0.011683 0.012373
48 0.792260 0.545182 0.013874 0.012748
48 0.802483 0.553056 0.018985 0.014248
48 0.818729 0.553243 0.022271 0.028121
5 0.791530 0.495688 0.005111 0.003750
5 0.792077 0.509374 0.004016 0.002625
48 0.780942 0.559243 0.008762 0.007874
5 0.770902 0.562805 0.002556 0.004499
5 0.772545 0.561117 0.002191 0.004874
5 0.802300 0.565054 0.003286 0.004499
5 0.804856 0.566179 0.003286 0.004499
5 0.757211 0.552681 0.003651 0.003000
5 0.763965 0.544807 0.004016 0.003000
5 0.770537 0.532808 0.003286 0.002250
5 0.775831 0.536183 0.003651 0.002250
5 0.773092 0.528309 0.004746 0.003000
5 0.776013 0.523810 0.004746 0.003000
5 0.777474 0.521747 0.004746 0.002625
5 0.778569 0.519498 0.004746 0.002625
5 0.779664 0.517060 0.004016 0.002250
5 0.756115 0.506187 0.002921 0.003750
5 0.758488 0.506937 0.002556 0.004499
5 0.761044 0.508811 0.002556 0.004499
5 0.763417 0.509186 0.002921 0.004499
5 0.764695 0.511436 0.003286 0.003750
5 0.773823 0.504499 0.003286 0.004874
5 0.776561 0.505624 0.002921 0.004874
5 0.778934 0.506937 0.001825 0.004499
5 0.782585 0.494751 0.004746 0.002625
48 0.809420 0.477503 0.024096 0.020622
51 0.795363 0.470191 0.007667 0.010499
51 0.781490 0.470566 0.020811 0.017248
51 0.815261 0.462130 0.024096 0.014623
5 0.740964 0.441320 0.004746 0.005999
5 0.756480 0.452943 0.004381 0.004499
48 0.726360 0.464754 0.046367 0.052118
48 0.779299 0.418823 0.064622 0.080990
51 0.872216 0.475441 0.039430 0.050994
51 0.904527 0.486502 0.047097 0.037870
51 0.839905 0.479190 0.039796 0.040495
51 0.857430 0.440195 0.034684 0.038245
5 0.787879 0.291151 0.003651 0.004874
5 0.807046 0.294526 0.003286 0.004874
5 0.823476 0.268091 0.002556 0.003000
5 0.829135 0.276153 0.002191 0.004124
5 0.831508 0.277840 0.002556 0.003750
5 0.833698 0.279528 0.001825 0.004124
5 0.837532 0.281777 0.001460 0.004124
48 0.852683 0.266592 0.030303 0.039745
48 0.896495 0.182040 0.020080 0.015373
48 0.913837 0.195163 0.010953 0.019873
48 0.929171 0.231721 0.076670 0.092238
48 0.923512 0.146044 0.060241 0.079865
48 0.965863 0.166667 0.040526 0.061867
48 0.958379 0.087739 0.052574 0.067492
5 0.980832 0.043682 0.002556 0.003375
5 0.382256 0.128421 0.002921 0.004124
5 0.389011 0.117548 0.003286 0.002625
5 0.398686 0.089239 0.002921 0.002250
5 0.460570 0.279528 0.005476 0.002625
5 0.341000 0.192726 0.005842 0.005999
5 0.354326 0.302587 0.004746 0.003750
5 0.356152 0.299588 0.003286 0.003750
5 0.281307 0.274653 0.004016 0.004124
48 0.269259 0.293213 0.029573 0.032996
48 0.318912 0.345519 0.017890 0.018373
48 0.301752 0.301650 0.023001 0.023622
48 0.319095 0.305587 0.015334 0.016498
48 0.335706 0.314398 0.014969 0.016873
48 0.327674 0.329396 0.011318 0.015373
5 0.322380 0.283090 0.002191 0.003750
48 0.268711 0.328459 0.008032 0.005999
48 0.168127 0.471129 0.031763 0.022122
48 0.173786 0.452943 0.029938 0.020247
51 0.566448 0.798275 0.012778 0.012748
48 0.484666 0.776153 0.025192 0.020997
48 0.382804 0.759655 0.014969 0.012748
48 0.385360 0.781215 0.017160 0.024372
48 0.358890 0.761905 0.018255 0.017248
5 0.347207 0.761530 0.005111 0.003750
48 0.179628 0.679790 0.018255 0.018748
48 0.182548 0.661792 0.025557 0.019498
48 0.173238 0.699475 0.017160 0.018373
48 0.155714 0.743907 0.041256 0.020247
5 0.167032 0.811586 0.003286 0.004124
53 0.109529 0.896138 0.040891 0.022497
53 0.092187 0.920697 0.016429 0.036370
5 0.326214 0.962317 0.005476 0.004124
5 0.266338 0.941320 0.004016 0.002625
48 0.269076 0.933821 0.008032 0.005624
48 0.248083 0.917323 0.027382 0.016123
48 0.244067 0.905699 0.006937 0.008624
51 0.227090 0.918260 0.008032 0.010499
48 0.197882 0.934571 0.027017 0.018373
48 0.329317 0.978628 0.030668 0.035246
52 0.327309 0.903825 0.066813 0.067117
52 0.284593 0.885452 0.019350 0.022872
48 0.378970 0.925759 0.016064 0.018748
48 0.392114 0.933071 0.013874 0.012373
48 0.400511 0.905512 0.040891 0.050994
48 0.381526 0.955756 0.021906 0.026247
48 0.365644 0.946194 0.026652 0.025872
48 0.405257 0.875703 0.013143 0.015373
48 0.420957 0.881327 0.017525 0.021372
5 0.458562 0.889201 0.003651 0.004874
48 0.377875 0.876078 0.010223 0.010124
48 0.383352 0.867642 0.010953 0.008999
48 0.439211 0.841020 0.042351 0.053993
48 0.553669 0.647732 0.023001 0.025872
48 0.615553 0.451444 0.016794 0.017998
48 0.445966 0.318898 0.083607 0.064867
48 0.482110 0.348331 0.039796 0.030746
5 0.075027 0.350206 0.004746 0.003000
5 0.075940 0.347582 0.005111 0.002250
5 0.072837 0.339708 0.004746 0.003750
5 0.077583 0.343270 0.004746 0.004124
5 0.083242 0.342520 0.004381 0.003375
48 0.047280 0.411136 0.017890 0.017623
48 0.035597 0.389014 0.010588 0.013873
48 0.050018 0.391826 0.017525 0.015748
48 0.045637 0.378328 0.014604 0.009749
48 0.048740 0.368954 0.014969 0.011249
48 0.050201 0.356205 0.015699 0.014998
48 0.079226 0.400637 0.010223 0.013873
5 0.012961 0.371766 0.002556 0.003375
5 0.013143 0.362017 0.002921 0.004124
48 0.072654 0.329959 0.018255 0.015748
48 0.046367 0.334833 0.025557 0.023997
48 0.099671 0.350394 0.030668 0.022872
5 0.168492 0.565804 0.004016 0.007499
48 0.470245 0.891076 0.018255 0.019873
5 0.537605 0.824334 0.004016 0.003375
48 0.619934 0.804837 0.016794 0.023622
5 0.074662 0.718223 0.003286 0.004874
5 0.082877 0.696100 0.002921 0.004874
5 0.056955 0.698163 0.002921 0.005249
5 0.030851 0.622797 0.002556 0.005249
48 0.326031 0.560930 0.029938 0.028496
51 0.578131 0.960817 0.025922 0.020622
5 0.495984 0.965692 0.003286 0.004124
5 0.499087 0.960068 0.003651 0.003375
48 0.967324 0.768654 0.019350 0.021747
51 0.905440 0.456318 0.035779 0.029996
48 0.429901 0.156918 0.030303 0.019873
48 0.437568 0.146044 0.018620 0.013873
48 0.428806 0.102175 0.017160 0.016873
48 0.423147 0.112861 0.018985 0.014998
48 0.418766 0.123360 0.015334 0.011249
48 0.403067 0.118485 0.005842 0.005249
48 0.406353 0.111924 0.008032 0.007124
48 0.410916 0.106862 0.005476 0.005249
48 0.417488 0.095613 0.012778 0.018748
5 0.627236 0.007874 0.003651 0.003750
48 0.695327 0.014998 0.016429 0.013498
5 0.961117 0.041995 0.004016 0.004499
5 0.881161 0.200037 0.002556 0.004124
48 0.000548 0.085677 0.001095 0.037870
5 0.030486 0.428196 0.005476 0.003000
5 0.022271 0.424822 0.004381 0.003000
5 0.069003 0.439820 0.006572 0.003750
5 0.077766 0.443007 0.004381 0.002625
5 0.143483 0.458380 0.003651 0.004874
5 0.767798 0.551556 0.003651 0.003000
5 0.759949 0.551744 0.004016 0.003375
5 0.760497 0.549119 0.004381 0.003375
5 0.767616 0.537870 0.005476 0.003375
5 0.769076 0.535808 0.004016 0.003000
5 0.767251 0.512561 0.004016 0.005249
5 0.769259 0.513498 0.002921 0.004124
5 0.780759 0.508061 0.003286 0.004499
5 0.835524 0.280465 0.003286 0.004499
5 0.827492 0.275403 0.003286 0.004874
5 0.825301 0.284214 0.004016 0.005249
5 0.827309 0.285714 0.003651 0.004499
5 0.829135 0.287027 0.003651 0.004124
5 0.982840 0.046119 0.004381 0.004499
5 0.983571 0.044057 0.002921 0.002625
53 0.973348 0.042932 0.021906 0.037870
6 0.106608 0.809524 0.002921 0.005249
5 0.266338 0.938883 0.004016 0.002250
5 0.084337 0.677540 0.002921 0.005999
5 0.058781 0.692726 0.002921 0.004124
5 0.059328 0.689351 0.002556 0.002625
5 0.275465 0.566742 0.002556 0.003375
5 0.052391 0.713911 0.003286 0.003750
5 0.056042 0.726097 0.003286 0.006374
5 0.480285 0.573866 0.004016 0.003375
5 0.484301 0.576115 0.004746 0.003375
5 0.488317 0.578553 0.004016 0.003750
5 0.787696 0.591489 0.003286 0.003375
5 0.861081 0.605549 0.004016 0.005249
5 0.864549 0.601237 0.004381 0.005624
5 0.867287 0.597113 0.004016 0.004124
53 0.882986 0.615673 0.047828 0.052493
5 0.871669 0.188601 0.004016 0.005249
5 0.843739 0.286089 0.003651 0.005249
5 0.846294 0.287402 0.003651 0.004874
5 0.848485 0.288901 0.003651 0.004874
5 0.850493 0.290026 0.003286 0.004874
5 0.852683 0.290964 0.004016 0.005249
5 0.884812 0.239033 0.003286 0.003375
5 0.883169 0.237720 0.003651 0.003750
5 0.894670 0.228534 0.004016 0.005624
48 0.868200 0.232471 0.036510 0.050244
53 0.839723 0.284777 0.032859 0.023622
5 0.363636 0.287402 0.004381 0.002625
48 0.378970 0.301275 0.040161 0.039370
5 0.768529 0.781777 0.003651 0.005249
5 0.766521 0.785527 0.002556 0.004499
5 0.764330 0.789464 0.004016 0.004874
5 0.762322 0.793776 0.003651 0.005249
48 0.733114 0.766967 0.068638 0.067117
5 0.581417 0.323022 0.004016 0.003375
5 0.579956 0.324897 0.004016 0.003375
5 0.578678 0.326772 0.004381 0.004124
5 0.577583 0.329021 0.004381 0.004124
5 0.576488 0.330709 0.004381 0.004499
48 0.568456 0.323210 0.023366 0.027747
5 0.553487 0.329959 0.003651 0.004499
5 0.587258 0.329959 0.005476 0.003750
5 0.584885 0.333521 0.004381 0.002625
53 0.580869 0.329771 0.020445 0.025872
48 0.745345 0.531496 0.044907 0.043120
53 0.769441 0.544244 0.053669 0.080615
53 0.762505 0.504687 0.041256 0.023247
53 0.730559 0.557180 0.040161 0.039745
53 0.798284 0.570679 0.025922 0.028496
53 0.799197 0.638920 0.049653 0.050244
5 0.858708 0.064304 0.004381 0.004124
5 0.483206 0.392576 0.004746 0.003750
9 0.479007 0.390326 0.004381 0.004499
5 0.499635 0.403450 0.004746 0.003750
5 0.478094 0.526247 0.003286 0.004124
5 0.126141 0.457630 0.004016 0.002625
5 0.658269 0.693476 0.004381 0.003375
5 0.663198 0.696100 0.004746 0.004124
5 0.639650 0.310649 0.004381 0.004124
6 0.279482 0.523247 0.001825 0.004124
5 0.884264 0.221972 0.003651 0.005249
5 0.886455 0.222722 0.003651 0.004499
5 0.889011 0.224035 0.003651 0.004874
5 0.885725 0.231159 0.005111 0.004124
5 0.513326 0.234346 0.004381 0.004499
5 0.212486 0.850394 0.005842 0.005249
5 0.459657 0.386202 0.004381 0.003000
5 0.357247 0.297338 0.003286 0.002250
5 0.467324 0.361267 0.002921 0.003375
5 0.180175 0.816086 0.003286 0.001875
5 0.398686 0.426884 0.004381 0.003375
5 0.753560 0.654856 0.002921 0.004124
5 0.723074 0.395950 0.002556 0.003000
5 0.660277 0.485002 0.003286 0.002625
5 0.657722 0.483315 0.004016 0.003750
5 0.435560 0.219723 0.003651 0.003000
6 0.953815 0.048369 0.004746 0.006749
5 0.168675 0.598613 0.005111 0.002625
5 0.167397 0.603112 0.004746 0.003375
5 0.166484 0.604987 0.005111 0.003375
5 0.752282 0.632546 0.003286 0.004499
5 0.314713 0.028871 0.002921 0.004499
5 0.456919 0.376640 0.004016 0.003375
5 0.461117 0.379640 0.005111 0.003375
5 0.275831 0.562617 0.001825 0.003375
5 0.920957 0.239970 0.004016 0.002250
5 0.520263 0.307837 0.004381 0.003750
5 0.344286 0.751594 0.003651 0.004124
5 0.617561 0.539183 0.003286 0.004499
5 0.206645 0.793026 0.005111 0.005999
5 0.209383 0.794151 0.004746 0.005249
5 0.814531 0.631234 0.004381 0.004874
48 0.762687 0.603675 0.054034 0.062992
10 0.330960 0.185414 0.009127 0.010124
5 0.773640 0.540682 0.003651 0.003750
5 0.771084 0.545182 0.003651 0.003000
48 0.608434 0.679228 0.060971 0.071616
48 0.694962 0.746719 0.061701 0.078365
48 0.679993 0.877953 0.066813 0.053618
5 0.790617 0.626922 0.004016 0.003000
5 0.803943 0.577990 0.003651 0.005624
48 0.831873 0.597863 0.048558 0.052868
8 0.385177 0.123547 0.005842 0.005624
5 0.472800 0.394451 0.005842 0.005249
5 0.381161 0.988564 0.004381 0.003375
5 0.251734 0.721222 0.004016 0.002625
5 0.104783 0.806712 0.002191 0.004124
5 0.171413 0.584364 0.003286 0.002625
5 0.937568 0.729471 0.004381 0.004124
5 0.668310 0.700037 0.005476 0.003750
5 0.986857 0.420697 0.002921 0.003750
5 0.645308 0.257593 0.005476 0.004499
5 0.859620 0.173041 0.003286 0.003375
5 0.639650 0.535808 0.002921 0.003750
5 0.919314 0.243157 0.005111 0.003375
5 0.970610 0.733596 0.001825 0.005624
5 0.474991 0.366329 0.003651 0.005249
48 0.347572 0.368766 0.059876 0.054368
5 0.799744 0.622985 0.004016 0.004874
48 0.625958 0.494376 0.044907 0.041620
48 0.599489 0.548369 0.049653 0.049119
5 0.575575 0.397075 0.004746 0.005999
5 0.937386 0.047432 0.004746 0.005624
5 0.861811 0.580990 0.003286 0.004874
5 0.418949 0.067304 0.004016 0.004874
5 0.444688 0.265842 0.005111 0.004499
5 0.489412 0.397638 0.004016 0.002625
5 0.486674 0.586427 0.003651 0.003000
5 0.055495 0.702100 0.002921 0.003375
5 0.719971 0.626172 0.002921 0.003750
5 0.934465 0.480315 0.006207 0.004499
5 0.810150 0.123547 0.008032 0.007124
5 0.841548 0.284964 0.002191 0.003750
5 0.128697 0.462130 0.004746 0.001875
5 0.169040 0.820585 0.004381 0.004124
10 0.384264 0.971879 0.007667 0.004499
48 0.464403 0.918635 0.040161 0.038245
5 0.313070 0.173978 0.005476 0.004499
5 0.469149 0.362767 0.003651 0.004874
48 0.399963 0.540682 0.048558 0.068991
5 0.740416 0.558680 0.003651 0.005249
48 0.630340 0.743720 0.068273 0.075366
5 0.791347 0.624859 0.004746 0.004124
5 0.952902 0.021560 0.004381 0.006374
5 0.305038 0.040495 0.004746 0.004499
5 0.299197 0.140607 0.005476 0.003750
5 0.460022 0.155231 0.002921 0.004499
5 0.437751 0.259280 0.005111 0.004874
5 0.466411 0.381702 0.005476 0.003000
5 0.555495 0.668729 0.002556 0.005624
5 0.549288 0.825647 0.005476 0.003750
5 0.129609 0.794713 0.003651 0.004874
5 0.100037 0.810274 0.004381 0.003750
5 0.084337 0.942070 0.002921 0.004124
5 0.200621 0.435883 0.002556 0.004874
5 0.854144 0.920322 0.004016 0.002625
5 0.876780 0.926134 0.006207 0.003750
5 0.691493 0.646982 0.005111 0.005624
5 0.631617 0.132171 0.004381 0.003375
5 0.842461 0.176978 0.004746 0.002250
5 0.926616 0.228909 0.004381 0.001875
5 0.607338 0.053993 0.004016 0.003750
5 0.807229 0.778215 0.005111 0.003375
5 0.516429 0.244844 0.004746 0.003000
5 0.166667 0.655606 0.004746 0.003375
5 0.784775 0.810274 0.004016 0.005249
5 0.792625 0.635546 0.005111 0.003750
48 0.537605 0.870829 0.027382 0.030371
48 0.491968 0.377203 0.028843 0.020997
5 0.944870 0.034871 0.003651 0.005249
5 0.795911 0.731721 0.003651 0.006374
5 0.424973 0.443945 0.002921 0.003000
5 0.472435 0.550244 0.003651 0.004124
5 0.726360 0.599738 0.004746 0.004124
5 0.964221 0.442820 0.005111 0.002250
5 0.679445 0.373266 0.004381 0.004124
5 0.659365 0.222347 0.003651 0.003750
53 0.017890 0.800900 0.035779 0.064492
48 0.491238 0.656355 0.047828 0.044619
48 0.424242 0.972441 0.032859 0.040870
5 0.703907 0.926697 0.005842 0.003375
5 0.388828 0.251781 0.005111 0.004124
5 0.480102 0.369891 0.004381 0.004874
5 0.730741 0.559805 0.004016 0.005249
5 0.780942 0.514998 0.005111 0.003375
48 0.576305 0.734533 0.057320 0.071241
5 0.725447 0.354143 0.005111 0.003375
5 0.973530 0.038620 0.004746 0.003750
5 0.546185 0.326397 0.005111 0.005624
5 0.696422 0.924447 0.005476 0.005624
5 0.425520 0.071804 0.004746 0.004874
5 0.470610 0.386014 0.006572 0.004124
5 0.420044 0.442070 0.004746 0.003750
5 0.274188 0.866892 0.003651 0.004499
5 0.300292 0.643420 0.003286 0.003000
5 0.207375 0.618485 0.002191 0.004874
5 0.721066 0.596175 0.005111 0.004499
5 0.802848 0.499625 0.005111 0.003375
5 0.550383 0.133858 0.004016 0.003750
5 0.917306 0.246532 0.004746 0.003375
5 0.517342 0.236408 0.003651 0.001875
5 0.117014 0.548369 0.001825 0.004874
5 0.029938 0.801837 0.004381 0.006374
5 0.169222 0.813836 0.006207 0.006374
5 0.075027 0.724972 0.003286 0.005624
48 0.458562 0.715036 0.037240 0.030746
5 0.091457 0.918635 0.005476 0.003750
48 0.120847 0.878890 0.028478 0.020997
5 0.159182 0.674541 0.003651 0.002250
5 0.315078 0.178290 0.004381 0.004124
5 0.471522 0.377390 0.004016 0.004874
5 0.781490 0.527559 0.004746 0.003750
5 0.747536 0.573678 0.005476 0.003750
5 0.787696 0.631046 0.004746 0.003000
5 0.968967 0.028871 0.004381 0.005249
5 0.398321 0.089426 0.003651 0.002625
5 0.339905 0.279153 0.003651 0.003375
5 0.255385 0.338020 0.003286 0.003375
5 0.439759 0.373078 0.005476 0.004499
5 0.410186 0.660105 0.002556 0.004874
5 0.098028 0.589801 0.006937 0.002250
5 0.173238 0.575741 0.006207 0.003375
5 0.817817 0.879078 0.005111 0.005624
5 0.662468 0.688226 0.004746 0.004124
5 0.713582 0.629546 0.003286 0.002250
5 0.590179 0.325084 0.003286 0.002250
5 0.847390 0.222722 0.005111 0.003750
5 0.617744 0.527934 0.002921 0.005249
5 0.680540 0.500375 0.002921 0.004874
5 0.048923 0.434571 0.004381 0.003750
5 0.066995 0.731159 0.004016 0.006749
5 0.161555 0.660292 0.003286 0.005999
10 0.108981 0.874016 0.005476 0.009749
5 0.263965 0.981065 0.004381 0.002625
48 0.374589 0.340832 0.067908 0.060742
5 0.788244 0.514998 0.005111 0.003375
5 0.785506 0.634983 0.005476 0.004874
48 0.613910 0.952193 0.011318 0.011624
5 0.571559 0.404199 0.004746 0.005999
5 0.123950 0.906637 0.002556 0.005999
5 0.198978 0.454443 0.005111 0.005249
5 0.942862 0.732471 0.005476 0.004874
5 0.712669 0.610236 0.005842 0.004124
5 0.720701 0.611736 0.005111 0.006374
5 0.705184 0.163667 0.004746 0.004124
5 0.826396 0.262655 0.003286 0.002625
5 0.617561 0.034871 0.002556 0.003000
5 0.033406 0.623172 0.004016 0.006749
48 0.232749 0.795463 0.028843 0.023622
10 0.305221 0.813836 0.006572 0.008624
48 0.410186 0.787214 0.048558 0.048369
5 0.494158 0.791151 0.004746 0.005999
5 0.093100 0.913761 0.005842 0.003750
5 0.108251 0.848894 0.003286 0.006749
5 0.309419 0.169854 0.005476 0.004499
5 0.734210 0.554556 0.003651 0.005999
48 0.695692 0.558118 0.021541 0.013873
5 0.839540 0.283090 0.003286 0.004499
8 0.514604 0.696288 0.004746 0.004499
5 0.325666 0.382452 0.005111 0.002250
5 0.494524 0.401387 0.004016 0.002625
5 0.086528 0.685602 0.004381 0.005624
5 0.744250 0.500000 0.004016 0.002625
5 0.583790 0.335021 0.006572 0.002625
5 0.607338 0.173416 0.004746 0.002625
5 0.611537 0.539558 0.005111 0.004499
5 0.926068 0.231346 0.004016 0.002250
5 0.158635 0.660105 0.003286 0.005624
5 0.333516 0.968129 0.004746 0.005249
5 0.092369 0.916573 0.005842 0.003375
10 0.381344 0.225534 0.006937 0.007124
5 0.408908 0.287402 0.005111 0.004124
5 0.404710 0.293401 0.004746 0.004124
5 0.730193 0.577428 0.004381 0.005999
48 0.666119 0.609674 0.020080 0.017248
5 0.789157 0.628984 0.004746 0.003375
5 0.736035 0.357893 0.005111 0.003375
5 0.522819 0.670604 0.002191 0.003375
5 0.246623 0.741845 0.003286 0.005624
5 0.049288 0.726847 0.003651 0.003375
5 0.077766 0.704537 0.003651 0.005249
5 0.729281 0.631984 0.002556 0.004874
5 0.889011 0.618110 0.005842 0.005624
5 0.635086 0.315711 0.004746 0.003750
5 0.619204 0.168354 0.002921 0.004499
5 0.552756 0.128984 0.002921 0.004499
5 0.721066 0.123735 0.005842 0.005249
5 0.668310 0.471504 0.005476 0.001875
5 0.897225 0.229096 0.004746 0.004499
5 0.560423 0.269779 0.003651 0.002625
48 0.208470 0.709036 0.052574 0.071991
5 0.355239 0.984439 0.003651 0.003375
8 0.428624 0.269404 0.005842 0.005624
5 0.782402 0.525309 0.004381 0.003750
48 0.742972 0.702662 0.050383 0.062242
5 0.782950 0.639858 0.004746 0.004124
5 0.820737 0.635358 0.003651 0.004874
48 0.801570 0.619423 0.075575 0.055493
5 0.739138 0.353581 0.005476 0.003750
5 0.942132 0.039183 0.004016 0.004874
5 0.431909 0.368391 0.002921 0.004874
5 0.477729 0.580240 0.004016 0.002625
5 0.503286 0.588114 0.004016 0.002625
5 0.443775 0.607799 0.004016 0.003000
5 0.445966 0.779528 0.004016 0.003750
5 0.816904 0.518748 0.001825 0.004874
5 0.950894 0.563180 0.003286 0.002250
5 0.841913 0.055306 0.003651 0.002625
5 0.160277 0.665729 0.003651 0.005624
48 0.329865 0.836708 0.039796 0.041620
5 0.112815 0.850019 0.002921 0.005249
5 0.176889 0.953693 0.003286 0.006374
5 0.488134 0.333521 0.004381 0.005624
48 0.513874 0.433446 0.053669 0.059243
5 0.744980 0.561305 0.003286 0.005999
5 0.748813 0.571616 0.005111 0.004124
48 0.548375 0.779153 0.036510 0.056993
48 0.608251 0.961942 0.010953 0.011624
48 0.597298 0.983315 0.011683 0.011624
48 0.745345 0.914886 0.065352 0.089239
5 0.475356 0.392951 0.006572 0.004499
5 0.983023 0.039558 0.004016 0.005624
8 0.104235 0.872891 0.004746 0.005999
5 0.441950 0.229471 0.002556 0.005249
5 0.513874 0.671541 0.002556 0.003750
5 0.277839 0.956880 0.002191 0.005999
5 0.073384 0.984065 0.008032 0.002625
5 0.176159 0.533183 0.001825 0.005249
5 0.166302 0.607237 0.004746 0.002625
5 0.958379 0.462130 0.004381 0.005624
5 0.586528 0.332583 0.003286 0.004499
5 0.841000 0.179790 0.004746 0.004874
48 0.201351 0.573491 0.055130 0.055118
48 0.244797 0.777840 0.023001 0.021372
5 0.433735 0.799213 0.004381 0.005624
48 0.411099 0.707911 0.028478 0.025497
48 0.452720 0.705474 0.012413 0.010874
5 0.410004 0.302587 0.005111 0.003750
5 0.719788 0.562242 0.004016 0.004874
5 0.779664 0.529434 0.004746 0.003000
5 0.785871 0.519685 0.006207 0.003750
5 0.739321 0.582115 0.003651 0.004874
5 0.794998 0.641170 0.004746 0.003000
5 0.791712 0.569929 0.004016 0.005249
5 0.502921 0.526059 0.004746 0.005249
5 0.969332 0.044619 0.004381 0.003750
5 0.476634 0.251219 0.004016 0.003750
5 0.336072 0.285339 0.004016 0.003750
5 0.462578 0.467379 0.005842 0.001875
5 0.489230 0.799213 0.004381 0.004124
5 0.260862 0.992501 0.002556 0.003000
5 0.254655 0.716910 0.002556 0.005999
5 0.161190 0.986314 0.002556 0.005624
5 0.073019 0.987439 0.006572 0.003375
5 0.176342 0.563742 0.005842 0.002625
5 0.709566 0.615298 0.002556 0.003750
5 0.905257 0.546119 0.004016 0.004874
5 0.621942 0.409449 0.004016 0.003000
5 0.511135 0.240532 0.005111 0.004874
5 0.502738 0.279528 0.005842 0.003375
5 0.154801 0.643795 0.007302 0.003000
48 0.253012 0.854706 0.029208 0.035621
5 0.217233 0.854331 0.005111 0.004874
48 0.350493 0.802400 0.062066 0.076490
5 0.353231 0.961755 0.005476 0.005249
5 0.167762 0.811961 0.001825 0.004124
5 0.327674 0.194226 0.004746 0.005249
5 0.485396 0.332583 0.003286 0.005249
5 0.722344 0.539745 0.004746 0.003375
5 0.756663 0.571241 0.004746 0.004124
48 0.650602 0.588489 0.020445 0.019873
5 0.795728 0.638920 0.004746 0.003000
48 0.625046 0.519310 0.042351 0.036745
8 0.427893 0.809711 0.005111 0.006374
8 0.330230 0.965317 0.005476 0.004124
5 0.384995 0.090739 0.003286 0.002250
5 0.475356 0.132546 0.004381 0.004874
5 0.362176 0.292838 0.004381 0.003000
5 0.419496 0.367829 0.006572 0.002250
5 0.482658 0.400075 0.003651 0.003750
5 0.438481 0.615486 0.004381 0.004124
5 0.553487 0.688976 0.004381 0.002625
5 0.067178 0.977315 0.005111 0.004124
5 0.291347 0.656730 0.005842 0.005624
5 0.716502 0.617923 0.002556 0.002250
5 0.589449 0.327334 0.003286 0.003000
5 0.577766 0.220097 0.004016 0.003750
5 0.771815 0.179978 0.003651 0.004499
5 0.836437 0.212598 0.004381 0.005249
5 0.685834 0.509561 0.004016 0.005249
5 0.922417 0.247469 0.004016 0.003750
5 0.905805 0.046682 0.003651 0.002625
5 0.118291 0.456130 0.006572 0.002625
5 0.190581 0.832583 0.004381 0.005624
48 0.353231 0.512373 0.055860 0.061117
48 0.655166 0.579490 0.018620 0.020622
48 0.675246 0.591864 0.020811 0.016873
5 0.812523 0.630109 0.004746 0.005624
5 0.790617 0.649231 0.004746 0.003375
48 0.700986 0.384514 0.043081 0.060367
10 0.817087 0.243345 0.005842 0.008999
5 0.317269 0.183727 0.003651 0.002250
5 0.397955 0.091489 0.002921 0.004499
5 0.471705 0.195913 0.004381 0.002625
5 0.336619 0.282340 0.005111 0.005249
5 0.453268 0.461942 0.004016 0.003000
5 0.532494 0.607424 0.004746 0.002250
5 0.564440 0.650731 0.002191 0.004124
5 0.456188 0.763780 0.003286 0.003000
5 0.288609 0.929884 0.005476 0.004499
5 0.068091 0.970941 0.004746 0.002625
5 0.209200 0.408511 0.003651 0.004124
5 0.287879 0.494188 0.004016 0.005999
5 0.699525 0.608924 0.005111 0.004499
5 0.778204 0.339708 0.004016 0.005999
5 0.602227 0.294338 0.004746 0.003000
5 0.583242 0.505437 0.004746 0.005249
5 0.922782 0.236595 0.004016 0.003000
5 0.101497 0.457630 0.005111 0.003375
5 0.027565 0.390514 0.004016 0.002625
5 0.163746 0.663105 0.003286 0.005624
5 0.121760 0.833333 0.002556 0.004124
5 0.326396 0.191789 0.004381 0.004874
5 0.735487 0.561680 0.004746 0.005249
5 0.780942 0.643795 0.005111 0.003750
5 0.796459 0.625609 0.004016 0.003375
48 0.505842 0.860517 0.052209 0.047994
48 0.668492 0.945444 0.008762 0.013123
5 0.967871 0.048931 0.003651 0.004124
5 0.342826 0.273903 0.005842 0.004874
5 0.433370 0.450694 0.005842 0.001500
5 0.373494 0.410386 0.002921 0.003375
5 0.219788 0.785902 0.005111 0.005249
5 0.071376 0.726284 0.001825 0.005999
5 0.332786 0.605174 0.005476 0.003750
5 0.721066 0.607612 0.004381 0.003375
5 0.715955 0.625047 0.003651 0.003750
5 0.845381 0.199475 0.004016 0.004499
5 0.916393 0.256093 0.005111 0.003750
5 0.123403 0.469441 0.004381 0.003750
5 0.069916 0.733596 0.003286 0.006374
5 0.165206 0.653356 0.004746 0.003375
5 0.171048 0.947694 0.002556 0.004874
48 0.156079 0.922947 0.049288 0.067867
5 0.427163 0.908324 0.003651 0.003375
5 0.808324 0.627859 0.003651 0.004874
5 0.788792 0.574991 0.004016 0.005624
48 0.603687 0.971316 0.011318 0.013873
5 0.495619 0.523810 0.004746 0.006749
53 0.735305 0.348519 0.032129 0.036370
5 0.815261 0.242032 0.003651 0.006374
5 0.977547 0.032996 0.004746 0.004499
5 0.972435 0.040682 0.004746 0.004124
5 0.682731 0.700787 0.004381 0.004499
5 0.386455 0.087364 0.004016 0.002250
5 0.224534 0.858643 0.005111 0.003750
5 0.051114 0.717098 0.002921 0.004124
5 0.188572 0.484627 0.002556 0.003375
5 0.027747 0.799963 0.003651 0.005624
11 0.236218 0.686164 0.006572 0.013498
48 0.488682 0.740720 0.022271 0.025122
48 0.371121 0.859205 0.010588 0.013123
5 0.478277 0.368766 0.004381 0.005624
5 0.488682 0.323022 0.004016 0.004874
48 0.671230 0.552493 0.019350 0.016123
48 0.666302 0.563555 0.019715 0.021747
5 0.816904 0.632546 0.003286 0.004499
53 0.700073 0.340082 0.029573 0.030746
5 0.731289 0.345519 0.004381 0.002625
5 0.353779 0.310461 0.005111 0.003750
5 0.517342 0.680352 0.002921 0.004124
5 0.545089 0.685039 0.004381 0.003000
5 0.212669 0.773153 0.002556 0.005249
5 0.102227 0.803712 0.002921 0.003375
5 0.953268 0.882265 0.003651 0.003000
5 0.652976 0.690289 0.004746 0.003000
5 0.723987 0.735658 0.004381 0.002250
5 0.730741 0.619610 0.001825 0.004124
5 0.735487 0.621485 0.004746 0.004874
5 0.774005 0.488751 0.004381 0.004124
5 0.930266 0.468316 0.002191 0.003000
5 0.663381 0.362580 0.004381 0.002250
5 0.833698 0.309524 0.003286 0.003375
5 0.567178 0.106674 0.007667 0.005624
5 0.085068 0.438508 0.002191 0.004874
5 0.126323 0.480877 0.006572 0.003375
5 0.320737 0.185789 0.006207 0.004874
5 0.472618 0.365392 0.003286 0.004874
5 0.730011 0.551931 0.003286 0.004499
5 0.750639 0.569741 0.005111 0.004124
5 0.979372 0.012936 0.004746 0.004874
5 0.437021 0.186914 0.002191 0.006374
5 0.348485 0.283090 0.004016 0.003750
5 0.515699 0.492313 0.005476 0.004499
5 0.439394 0.790214 0.004016 0.003375
5 0.374407 0.976940 0.004016 0.003375
5 0.112450 0.904199 0.002191 0.005624
5 0.169040 0.616985 0.003651 0.002625
5 0.205732 0.421072 0.004746 0.005999
5 0.667214 0.649044 0.002556 0.004499
5 0.535779 0.155980 0.006207 0.005249
5 0.667032 0.474128 0.004381 0.002625
5 0.669953 0.470004 0.005842 0.002625
5 0.672508 0.466254 0.003651 0.004124
5 0.880796 0.235471 0.003286 0.002250
5 0.619752 0.020247 0.004016 0.005249
5 0.506572 0.238658 0.004016 0.002625
53 0.724535 0.614736 0.050748 0.062617
5 0.189485 0.651294 0.005111 0.003000
48 0.321650 0.738470 0.042351 0.042370
5 0.178350 0.919948 0.003286 0.006374
5 0.088171 0.870454 0.003286 0.004874
5 0.192223 0.808586 0.003286 0.002625
5 0.727638 0.550431 0.003651 0.005249
5 0.790252 0.513123 0.005476 0.003375
5 0.719971 0.542182 0.005111 0.003750
5 0.464038 0.389014 0.005111 0.004124
5 0.737678 0.356018 0.005476 0.004124
5 0.834611 0.249906 0.004381 0.005624
8 0.514969 0.761155 0.004016 0.004499
8 0.358342 0.920135 0.004016 0.005999
5 0.312158 0.143982 0.004381 0.005249
5 0.472253 0.136858 0.004016 0.003000
5 0.324754 0.285714 0.002556 0.003000
5 0.339905 0.484627 0.006572 0.003375
5 0.430449 0.625984 0.003651 0.002625
5 0.397043 0.679603 0.006207 0.006374
5 0.543264 0.686727 0.005111 0.004874
5 0.530851 0.726659 0.004381 0.003750
5 0.371303 0.914323 0.003651 0.002625
5 0.216137 0.763967 0.003651 0.005624
5 0.116831 0.905324 0.002921 0.004124
5 0.941950 0.485939 0.003651 0.004499
5 0.643848 0.254593 0.004016 0.005249
5 0.612267 0.535808 0.005111 0.003000
5 0.931179 0.233596 0.004016 0.003750
5 0.913290 0.251969 0.003286 0.002250
5 0.489595 0.289276 0.005842 0.004874
5 0.127601 0.476378 0.004746 0.001125
51 0.039796 0.645482 0.060606 0.028121
5 0.357977 0.964567 0.005476 0.004874
5 0.407448 0.977503 0.004381 0.005999
5 0.403614 0.295088 0.004746 0.003000
48 0.690580 0.566929 0.021541 0.014248
48 0.670865 0.601425 0.020080 0.018748
5 0.818729 0.634046 0.003286 0.004499
48 0.594560 0.930071 0.051479 0.040120
48 0.615188 0.901575 0.084702 0.062617
5 0.489595 0.520060 0.004381 0.005999
5 0.978642 0.030746 0.004016 0.004499
48 0.004564 0.619048 0.009127 0.045744
8 0.271084 0.939820 0.004746 0.004874
5 0.382256 0.095238 0.004381 0.002250
5 0.202994 0.842707 0.005111 0.003375
5 0.161008 0.810086 0.003651 0.004124
5 0.054582 0.707537 0.003286 0.004499
5 0.025739 0.621297 0.002556 0.005249
5 0.831143 0.785714 0.003286 0.002625
5 0.870573 0.623172 0.004746 0.004499
5 0.849033 0.013686 0.004016 0.004874
5 0.059511 0.719723 0.006572 0.004124
48 0.336072 0.721785 0.025192 0.030746
5 0.181271 0.938133 0.004016 0.005999
48 0.492150 0.925197 0.037240 0.036370
5 0.470610 0.364267 0.004381 0.004874
5 0.497809 0.329021 0.004746 0.006374
48 0.309419 0.428196 0.067543 0.068991
5 0.766886 0.540120 0.005476 0.003375
5 0.719058 0.544619 0.004746 0.003375
48 0.696787 0.820210 0.076305 0.071616
5 0.783315 0.670041 0.004016 0.005249
5 0.797736 0.636483 0.004381 0.003375
5 0.528478 0.662917 0.002556 0.004499
5 0.508945 0.766967 0.003651 0.004874
5 0.263417 0.715786 0.003286 0.003000
5 0.424608 0.623922 0.002191 0.003750
5 0.772362 0.818148 0.002556 0.004499
5 0.874224 0.637983 0.005476 0.003375
5 0.534319 0.173228 0.003286 0.003750
5 0.539248 0.150919 0.006572 0.004124
5 0.700438 0.460817 0.003286 0.003750
5 0.127054 0.484064 0.006572 0.002250
5 0.011318 0.795276 0.003651 0.005999
48 0.179628 0.796775 0.047463 0.044244
48 0.155349 0.696100 0.025922 0.025872
5 0.093647 0.911511 0.005476 0.003750
5 0.110442 0.848894 0.003286 0.005999
53 0.412194 0.286277 0.032859 0.040870
48 0.397225 0.394263 0.037240 0.042370
5 0.777291 0.533558 0.004381 0.003000
48 0.680358 0.584177 0.020080 0.017248
5 0.799744 0.628047 0.004016 0.005249
5 0.801935 0.577053 0.003286 0.004499
5 0.568456 0.408511 0.004381 0.005624
53 0.809420 0.357330 0.056955 0.036745
5 0.949799 0.026434 0.004016 0.005624
5 0.898686 0.596175 0.006207 0.005249
5 0.321650 0.380390 0.004381 0.001875
5 0.413655 0.646794 0.004381 0.005249
5 0.541621 0.689726 0.004016 0.004124
5 0.303030 0.830709 0.003651 0.003375
5 0.206462 0.492126 0.001825 0.004124
5 0.958562 0.451819 0.004746 0.003750
5 0.607521 0.187852 0.003651 0.003000
5 0.020993 0.797900 0.004016 0.005249
51 0.109164 0.918635 0.026287 0.031496
48 0.376232 0.860892 0.009858 0.012748
5 0.322746 0.188039 0.005111 0.005624
5 0.407448 0.289276 0.005111 0.004124
10 0.460387 0.142295 0.006572 0.010874
48 0.769989 0.722347 0.050383 0.056618
48 0.897955 0.624110 0.055860 0.073866
5 0.188938 0.881515 0.004016 0.005999
5 0.387003 0.250094 0.004381 0.005249
5 0.337532 0.389014 0.003286 0.004124
5 0.341548 0.970754 0.004016 0.003750
5 0.120299 0.895763 0.002556 0.005999
5 0.169587 0.594488 0.004746 0.002625
5 0.280212 0.674916 0.006207 0.005999
5 0.715590 0.606112 0.004381 0.004124
5 0.716502 0.146419 0.003286 0.003375
5 0.677437 0.460630 0.004016 0.003375
5 0.952537 0.290214 0.005842 0.002250
5 0.189850 0.648856 0.005842 0.003375
48 0.218693 0.666479 0.051114 0.061117
48 0.179993 0.629546 0.032859 0.032246
48 0.201716 0.543495 0.020080 0.028121
53 0.472435 0.369516 0.027017 0.022872
5 0.784775 0.521935 0.005476 0.004499
48 0.685834 0.577053 0.020811 0.014248
5 0.786418 0.811399 0.004381 0.005999
5 0.782037 0.640982 0.003651 0.004124
5 0.794816 0.579303 0.004381 0.005999
48 0.799562 0.907387 0.037240 0.037495
5 0.939577 0.043307 0.004016 0.004874
5 0.934648 0.051556 0.004381 0.004874
5 0.966594 0.032996 0.004746 0.005999
5 0.315078 0.016123 0.002921 0.004499
5 0.477912 0.127859 0.005111 0.003750
5 0.445235 0.065054 0.002556 0.001875
5 0.437021 0.252531 0.004381 0.001875
5 0.525922 0.609111 0.006937 0.004124
5 0.428258 0.629734 0.003651 0.003375
5 0.413107 0.641920 0.005476 0.003750
5 0.691311 0.706037 0.003286 0.004499
5 0.740051 0.575553 0.002921 0.003750
5 0.908178 0.535808 0.004016 0.003750
5 0.965863 0.437383 0.005476 0.002625
5 0.643300 0.262655 0.002921 0.004124
5 0.604053 0.176415 0.003286 0.003375
5 0.926433 0.240720 0.004016 0.003750
5 0.108251 0.452568 0.005476 0.003000
5 0.025557 0.799025 0.004381 0.005999
5 0.157539 0.664979 0.003286 0.004874
48 0.264695 0.840832 0.026287 0.028871
5 0.126323 0.897450 0.002191 0.005624
5 0.329500 0.195913 0.004746 0.004874
5 0.399781 0.301087 0.005111 0.003750
48 0.259949 0.464192 0.022636 0.020247
5 0.736218 0.555868 0.003286 0.005624
5 0.737495 0.563180 0.004381 0.005249
48 0.682001 0.675478 0.031398 0.039370
5 0.791165 0.647169 0.005111 0.003000
5 0.747353 0.339895 0.005111 0.004874
5 0.769259 0.313648 0.005111 0.005624
5 0.968967 0.047432 0.005111 0.004124
5 0.635633 0.675291 0.004381 0.003750
5 0.486674 0.088676 0.002921 0.004124
5 0.433552 0.607237 0.005476 0.006374
5 0.530851 0.658605 0.004381 0.004874
5 0.174334 0.569366 0.005476 0.006374
5 0.705002 0.600487 0.005842 0.004874
5 0.953450 0.476003 0.004016 0.004124
5 0.845199 0.171729 0.005842 0.004499
5 0.919679 0.032433 0.004381 0.002625
48 0.468419 0.712036 0.017525 0.014998
5 0.099124 0.906074 0.004746 0.004124
5 0.402519 0.297338 0.004746 0.003750
5 0.412559 0.298275 0.005111 0.004124
48 0.271815 0.405137 0.053669 0.061867
5 0.725995 0.566179 0.003286 0.004499
5 0.476451 0.115298 0.004381 0.005624
5 0.772362 0.542745 0.004016 0.003375
5 0.795728 0.572928 0.004016 0.005249
5 0.723804 0.358455 0.004746 0.003750
5 0.771815 0.315898 0.003651 0.004874
5 0.446696 0.191789 0.005476 0.004124
5 0.347572 0.285527 0.004381 0.003375
5 0.319825 0.282527 0.002191 0.003375
5 0.450347 0.376640 0.003286 0.005624
5 0.403432 0.430446 0.005842 0.004499
5 0.195327 0.468129 0.005111 0.003375
6 0.269807 0.317023 0.010223 0.004874
5 0.693501 0.619610 0.003286 0.002625
5 0.941767 0.461755 0.002556 0.003375
5 0.701351 0.436633 0.003651 0.006374
5 0.584155 0.318710 0.002921 0.003000
5 0.681636 0.199850 0.006572 0.003750
5 0.917123 0.106299 0.003651 0.003375
5 0.880248 0.168916 0.005111 0.003375
5 0.612815 0.525497 0.000365 0.006374
5 0.599671 0.530934 0.004016 0.002250
5 0.915115 0.248969 0.005476 0.003750
5 0.826031 0.666854 0.003286 0.007124
5 0.010223 0.715411 0.003651 0.005249
48 0.109529 0.892576 0.003651 0.006374
5 0.093282 0.850019 0.003286 0.006749
5 0.095473 0.830146 0.002556 0.004499
5 0.411464 0.300525 0.005111 0.003375
5 0.483753 0.331271 0.004381 0.004874
5 0.739503 0.564492 0.004746 0.005624
48 0.676159 0.543869 0.019715 0.016873
5 0.797736 0.657293 0.004381 0.005999
5 0.790982 0.576115 0.003286 0.005624
48 0.531581 0.674916 0.035779 0.038245
5 0.478642 0.551369 0.003651 0.005624
5 0.947244 0.030746 0.004016 0.005249
5 0.974991 0.036370 0.004746 0.004499
5 0.403980 0.092613 0.004746 0.005249
5 0.457101 0.575553 0.004381 0.003000
5 0.491420 0.832583 0.005111 0.003375
5 0.265608 0.943945 0.004746 0.001875
5 0.207192 0.955756 0.005476 0.004499
5 0.183279 0.906074 0.002921 0.004874
5 0.075392 0.976378 0.004016 0.002250
5 0.265790 0.600675 0.002191 0.003750
5 0.191493 0.467941 0.001825 0.003750
5 0.866922 0.800712 0.004016 0.005624
5 0.806864 0.712786 0.002921 0.005249
5 0.798101 0.497750 0.004381 0.003375
5 0.621942 0.161230 0.004016 0.003750
5 0.708288 0.440945 0.004381 0.002250
48 0.024644 0.784402 0.049288 0.036745
48 0.161738 0.662355 0.020445 0.027372
48 0.309054 0.678478 0.059511 0.076865
5 0.207740 0.846082 0.005111 0.004874
5 0.391749 0.974878 0.005111 0.006749
48 0.112085 0.893138 0.004381 0.005999
5 0.177620 0.924634 0.003286 0.005249
53 0.494706 0.330896 0.028478 0.029621
48 0.457284 0.520060 0.052939 0.055493
5 0.733114 0.560555 0.004381 0.005249
5 0.757393 0.568429 0.004746 0.003000
5 0.803760 0.624859 0.004746 0.005624
5 0.796824 0.580427 0.004016 0.005249
48 0.812523 0.648481 0.042716 0.032621
48 0.810150 0.923697 0.029208 0.031121
5 0.728916 0.349456 0.006207 0.003750
5 0.419496 0.631609 0.005111 0.004874
5 0.268894 0.948631 0.006207 0.001500
5 0.199343 0.818898 0.005111 0.001500
5 0.267068 0.596363 0.003286 0.003375
5 0.759401 0.749156 0.002921 0.002250
5 0.786601 0.493063 0.004016 0.003000
5 0.859803 0.621672 0.001460 0.002250
5 0.721249 0.407387 0.004016 0.003375
5 0.633991 0.265842 0.002556 0.003750
5 0.627966 0.275028 0.004381 0.003375
5 0.711574 0.283840 0.006572 0.005999
11 0.835341 0.049306 0.009493 0.008624
48 0.396313 0.732283 0.055130 0.051744
5 0.333698 0.199475 0.004381 0.004499
5 0.778751 0.531309 0.004381 0.003000
5 0.774918 0.538808 0.004746 0.003750
5 0.717780 0.547244 0.005842 0.003375
48 0.695692 0.602550 0.061701 0.093738
5 0.779664 0.808399 0.004016 0.005999
5 0.820555 0.639858 0.005476 0.004874
5 0.798467 0.560930 0.003651 0.005249
5 0.740234 0.368204 0.004016 0.005249
5 0.771084 0.303900 0.004381 0.006374
5 0.966046 0.050619 0.004381 0.003750
8 0.166119 0.847769 0.005111 0.004499
5 0.374407 0.140795 0.004016 0.004874
5 0.434465 0.238470 0.004381 0.003750
5 0.539796 0.610424 0.004016 0.002250
5 0.300292 0.835396 0.001825 0.007499
5 0.098759 0.592801 0.006937 0.003000
5 0.684009 0.640982 0.003286 0.004124
5 0.800110 0.718035 0.001825 0.007499
5 0.703724 0.621860 0.004746 0.002625
5 0.725630 0.623360 0.004016 0.004124
5 0.779664 0.491564 0.003286 0.002250
5 0.675429 0.360142 0.003651 0.004124
5 0.710661 0.151481 0.004746 0.005999
5 0.888828 0.127672 0.006207 0.004874
5 0.610807 0.523622 0.002191 0.005624
48 0.162651 0.721785 0.041986 0.025497
5 0.436108 0.795276 0.004016 0.005249
48 0.256480 0.937945 0.022271 0.028121
5 0.399963 0.986502 0.006207 0.003750
48 0.384995 0.271841 0.036145 0.033746
5 0.481928 0.370829 0.004381 0.005249
5 0.490690 0.324522 0.003651 0.004874
48 0.374042 0.575178 0.060971 0.070491
5 0.782037 0.512748 0.005111 0.004124
5 0.787149 0.517248 0.005111 0.003375
8 0.807229 0.567492 0.003651 0.005624
5 0.687112 0.643795 0.004381 0.005999
5 0.965133 0.052868 0.004746 0.004499
5 0.444870 0.180727 0.003286 0.003000
5 0.272180 0.953131 0.003286 0.003000
5 0.240964 0.871766 0.006572 0.003000
5 0.047280 0.732471 0.004746 0.007124
5 0.271997 0.576678 0.003651 0.003000
5 0.871851 0.207349 0.002921 0.003000
5 0.556225 0.418448 0.004746 0.004499
5 0.892479 0.226472 0.002556 0.004499
5 0.583790 0.080802 0.002921 0.004124
5 0.028843 0.858080 0.007302 0.005624
5 0.013874 0.795463 0.003651 0.005624
5 0.018072 0.796963 0.004016 0.005624
5 0.190215 0.646232 0.005842 0.003375
48 0.343374 0.232658 0.049288 0.067867
5 0.401059 0.299588 0.004746 0.003750
5 0.732019 0.553056 0.004381 0.005999
48 0.645308 0.597300 0.020811 0.019498
5 0.746075 0.341957 0.004746 0.003750
5 0.740234 0.351144 0.005476 0.004124
5 0.980467 0.028309 0.004746 0.004124
5 0.675612 0.652981 0.004016 0.004874
5 0.343008 0.026809 0.003286 0.003375
5 0.340818 0.032621 0.004746 0.003000
5 0.331508 0.290589 0.002921 0.004499
5 0.412742 0.435883 0.005476 0.004874
5 0.544177 0.703600 0.003286 0.004874
5 0.252282 0.731534 0.003651 0.004499
5 0.169587 0.587364 0.004016 0.002625
5 0.274005 0.571616 0.002556 0.004874
5 0.717780 0.603112 0.004381 0.002625
5 0.878058 0.633296 0.004381 0.003750
5 0.920774 0.546307 0.004381 0.002250
5 0.937203 0.492126 0.003651 0.003375
5 0.551479 0.329209 0.003286 0.003750
5 0.650967 0.249906 0.003651 0.004874
5 0.821285 0.309336 0.004746 0.002250
5 0.388828 0.964379 0.005842 0.003750
5 0.324754 0.190101 0.004746 0.005249
5 0.476269 0.367829 0.003286 0.005249
5 0.500365 0.330521 0.004746 0.005624
48 0.467689 0.440008 0.046732 0.055118
5 0.781307 0.668354 0.003651 0.004874
5 0.785141 0.671541 0.004746 0.005999
5 0.814896 0.631046 0.003651 0.005249
5 0.792625 0.622985 0.004381 0.003375
5 0.504746 0.527559 0.004746 0.005999
5 0.971522 0.042745 0.005111 0.004499
5 0.454363 0.186352 0.001095 0.005249
5 0.440854 0.245969 0.004746 0.004499
5 0.429354 0.448069 0.006572 0.002250
5 0.498905 0.585677 0.006207 0.004499
5 0.519350 0.674353 0.004016 0.004124
5 0.378240 0.902325 0.004381 0.004124
5 0.409821 0.973941 0.005476 0.004124
5 0.195509 0.822835 0.004016 0.002625
5 0.247353 0.434008 0.003286 0.003375
5 0.701899 0.604237 0.005476 0.003375
5 0.931727 0.224222 0.005111 0.003000
5 0.845564 0.015186 0.004381 0.002625
5 0.905805 0.023247 0.003651 0.003000
5 0.138372 0.445632 0.003651 0.004124
53 0.672143 0.469816 0.023366 0.020247
48 0.162286 0.682977 0.020811 0.018373
48 0.232932 0.819085 0.018985 0.018373
5 0.089631 0.926509 0.005476 0.003750
48 0.363271 0.865954 0.020445 0.019873
