53 0.973713 0.962505 0.052574 0.070491
48 0.992881 0.268466 0.014239 0.010499
48 0.981380 0.181102 0.012413 0.011998
48 0.988317 0.256655 0.023366 0.014623
51 0.967506 0.185789 0.064987 0.112861
53 0.998722 0.867454 0.002556 0.055118
53 0.998722 0.842707 0.002556 0.025872
48 0.966411 0.524934 0.067178 0.074241
48 0.979555 0.629546 0.040891 0.053993
48 0.998722 0.927072 0.002556 0.011624
48 0.965133 0.098988 0.069733 0.029996
5 0.999087 0.900450 0.001825 0.004874
5 0.996166 0.890889 0.005476 0.003750
48 0.988682 0.405512 0.022636 0.077615
5 0.997992 0.867829 0.004016 0.003375
5 0.997627 0.965129 0.004746 0.001500
5 0.998174 0.961192 0.003651 0.003375
10 0.992333 0.581177 0.008032 0.003750
5 0.998174 0.883577 0.003651 0.005624
5 0.998174 0.876453 0.003651 0.005624
48 0.995071 0.604424 0.009858 0.019498
48 0.792077 0.991751 0.017890 0.016498
48 0.850675 0.985939 0.015334 0.007874
48 0.811245 0.991564 0.017525 0.014623
53 0.231654 0.995688 0.031763 0.008624
48 0.875319 0.980877 0.033954 0.023247
8 0.236765 0.997375 0.003286 0.005249
11 0.330047 0.994001 0.008032 0.011998
5 0.242242 0.998125 0.001825 0.003750
5 0.232202 0.996438 0.002191 0.004874
11 0.384629 0.995688 0.012778 0.008624
8 0.234757 0.997188 0.002921 0.005624
15 0.224534 0.989689 0.006572 0.020622
48 0.118839 0.958755 0.057320 0.082490
8 0.239138 0.997750 0.002921 0.004499
5 0.230193 0.995688 0.001825 0.004874
48 0.134538 0.954443 0.078496 0.091114
48 0.193319 0.995313 0.044907 0.009374
48 0.263417 0.993251 0.039065 0.013498
5 0.164111 0.997375 0.004016 0.005249
55 0.285323 0.995313 0.007667 0.009374
48 0.200438 0.989126 0.034319 0.021747
5 0.922782 0.793401 0.002556 0.004499
5 0.883717 0.812711 0.002556 0.004124
5 0.851223 0.770154 0.003286 0.004499
5 0.857612 0.772966 0.002921 0.003375
5 0.856517 0.776340 0.002921 0.003375
5 0.875137 0.854706 0.005111 0.002625
5 0.833516 0.896325 0.002191 0.004124
6 0.924973 0.936258 0.005476 0.011998
5 0.961665 0.935883 0.005111 0.003750
48 0.837714 0.869704 0.009127 0.008624
5 0.931544 0.907012 0.003286 0.006749
48 0.679080 0.464192 0.009493 0.011998
48 0.797371 0.280277 0.009493 0.007124
48 0.880613 0.275778 0.009493 0.013123
48 0.806134 0.362955 0.016064 0.011249
48 0.762505 0.320397 0.009858 0.010874
48 0.721979 0.344769 0.018620 0.018373
48 0.714677 0.415448 0.009127 0.007499
48 0.905805 0.034683 0.016794 0.016873
48 0.681271 0.020997 0.020445 0.011998
48 0.559146 0.053056 0.014239 0.011624
48 0.205915 0.026809 0.016064 0.010124
48 0.845199 0.856580 0.008762 0.005624
48 0.835341 0.842895 0.007302 0.006749
48 0.675246 0.443757 0.010588 0.017623
48 0.957284 0.453131 0.021176 0.037870
48 0.890288 0.062055 0.008397 0.007124
48 0.900511 0.066367 0.009858 0.009749
48 0.718876 0.038620 0.024827 0.017248
48 0.517342 0.058680 0.018255 0.019873
48 0.576305 0.139108 0.012048 0.015748
48 0.214677 0.095801 0.009493 0.012373
48 0.226543 0.099363 0.017890 0.015748
48 0.157539 0.047807 0.014239 0.010874
48 0.794268 0.977690 0.018620 0.012373
48 0.748631 0.863705 0.011318 0.010124
48 0.779482 0.847582 0.005111 0.007124
48 0.808689 0.793588 0.005842 0.013123
48 0.782767 0.783465 0.013143 0.016873
48 0.717963 0.734158 0.009858 0.009749
48 0.754472 0.346832 0.017890 0.015748
48 0.810880 0.300900 0.008032 0.010124
48 0.823841 0.296963 0.007667 0.007499
48 0.748631 0.496625 0.010588 0.011624
48 0.897955 0.084177 0.012778 0.011624
48 0.841183 0.087364 0.017525 0.012748
48 0.517890 0.033183 0.016429 0.019873
48 0.474443 0.028496 0.012048 0.009749
48 0.555312 0.122422 0.016064 0.013873
48 0.185652 0.045369 0.012778 0.015748
48 0.845747 0.931759 0.011318 0.008999
48 0.802665 0.904949 0.015699 0.008624
48 0.838810 0.862205 0.011318 0.007874
48 0.800657 0.801837 0.011683 0.012373
48 0.762505 0.793401 0.009858 0.017998
48 0.795546 0.785152 0.011683 0.012748
48 0.670318 0.404387 0.008762 0.016873
48 0.704272 0.393138 0.007302 0.007124
48 0.798101 0.381890 0.011683 0.009374
48 0.789157 0.375141 0.010588 0.014623
48 0.898868 0.074616 0.012413 0.010499
48 0.659547 0.014436 0.024461 0.013873
48 0.738956 0.028871 0.017525 0.011998
48 0.428441 0.045557 0.014239 0.015373
48 0.406170 0.021185 0.027382 0.023622
48 0.575575 0.115486 0.010588 0.013498
48 0.172873 0.067117 0.013509 0.017998
48 0.181271 0.067304 0.009858 0.013873
48 0.261957 0.022497 0.015699 0.014248
48 0.207192 0.094113 0.009858 0.010499
48 0.027017 0.018935 0.012413 0.007874
48 0.845747 0.868766 0.011318 0.012748
48 0.684191 0.741282 0.006572 0.009749
48 0.727820 0.749156 0.009858 0.011249
48 0.833881 0.115486 0.012413 0.009749
48 0.660825 0.051181 0.025557 0.017623
48 0.533954 0.041432 0.013509 0.018373
48 0.554947 0.078928 0.010223 0.008624
48 0.527565 0.053993 0.010953 0.010499
48 0.413472 0.054556 0.012778 0.021372
48 0.349215 0.138733 0.020080 0.017998
48 0.173969 0.084739 0.020811 0.022497
48 0.050931 0.020435 0.011318 0.012373
48 0.030486 0.067492 0.020080 0.020247
48 0.810332 0.956131 0.017890 0.008249
48 0.820555 0.918073 0.009127 0.009374
48 0.847937 0.862205 0.008397 0.007124
48 0.901424 0.059243 0.010223 0.009749
48 0.741512 0.008249 0.016064 0.009749
48 0.560789 0.028121 0.017525 0.012748
48 0.533224 0.061492 0.014969 0.015748
48 0.560241 0.127297 0.014969 0.010124
48 0.308507 0.070491 0.013874 0.015748
48 0.803578 0.911511 0.011683 0.008999
48 0.727820 0.323959 0.016429 0.017248
48 0.823476 0.266029 0.007667 0.013123
48 0.802118 0.257593 0.010953 0.013498
48 0.874407 0.274653 0.008032 0.010124
48 0.759766 0.328459 0.007302 0.008249
48 0.842278 0.050619 0.014604 0.011998
48 0.197152 0.064679 0.017525 0.010874
48 0.196422 0.080990 0.018255 0.011998
48 0.209018 0.086239 0.011318 0.010499
48 0.184374 0.026622 0.012413 0.016498
48 0.768894 0.953693 0.010953 0.007874
48 0.848485 0.925759 0.016064 0.008999
48 0.819825 0.947694 0.006207 0.011624
48 0.809785 0.919573 0.013874 0.013873
48 0.824754 0.874016 0.012413 0.011998
48 0.813253 0.809899 0.008397 0.012748
48 0.778204 0.730034 0.006937 0.004499
48 0.694049 0.447319 0.005842 0.005999
48 0.671961 0.368204 0.011318 0.009749
48 0.727820 0.360517 0.013509 0.013123
48 0.777291 0.322460 0.016794 0.014248
48 0.803943 0.276715 0.008762 0.008999
48 0.767251 0.332958 0.014239 0.014998
48 0.883169 0.090364 0.012413 0.010499
48 0.887733 0.075928 0.012778 0.008624
48 0.833333 0.127859 0.012778 0.014998
48 0.560058 0.036745 0.018255 0.014248
48 0.495436 0.024372 0.015334 0.020247
48 0.463490 0.034308 0.010588 0.010874
48 0.560423 0.132171 0.011683 0.010124
48 0.587806 0.144919 0.016794 0.015373
48 0.597298 0.169291 0.018985 0.017623
48 0.281855 0.111174 0.008032 0.011624
48 0.708288 0.861080 0.012413 0.013123
48 0.804491 0.767717 0.007667 0.008624
48 0.810697 0.729471 0.007667 0.009374
48 0.685104 0.468691 0.006937 0.008249
48 0.685469 0.414136 0.011318 0.013123
48 0.830230 0.270529 0.009493 0.010124
48 0.869113 0.278215 0.009127 0.016498
48 0.755203 0.336145 0.012778 0.010874
48 0.893209 0.103675 0.011318 0.016873
48 0.831873 0.138358 0.012778 0.010499
48 0.823111 0.211099 0.010588 0.011249
48 0.726908 0.009374 0.014604 0.010499
48 0.553487 0.097113 0.011683 0.014248
48 0.441950 0.047994 0.021541 0.014248
48 0.583607 0.132733 0.012778 0.011249
48 0.270719 0.099738 0.016429 0.013498
48 0.746075 0.943570 0.006207 0.010124
48 0.780212 0.928384 0.010223 0.013498
48 0.848667 0.963255 0.013509 0.009749
48 0.759949 0.830521 0.006937 0.011249
48 0.822928 0.795088 0.013143 0.013873
48 0.686747 0.847582 0.008762 0.007124
48 0.757758 0.358455 0.011318 0.012748
48 0.825484 0.370641 0.016794 0.008624
48 0.787879 0.316835 0.009493 0.009749
48 0.769441 0.297338 0.009127 0.011249
48 0.812523 0.277278 0.009858 0.010874
48 0.829317 0.278590 0.009858 0.013498
48 0.798284 0.272216 0.010588 0.010499
48 0.874589 0.290401 0.012778 0.016123
48 0.780394 0.349831 0.009127 0.009749
48 0.800292 0.472628 0.010953 0.011624
48 0.891201 0.054743 0.010953 0.009749
48 0.781672 0.298463 0.009493 0.009749
48 0.658817 0.031496 0.031033 0.026997
48 0.687477 0.081177 0.016794 0.018373
48 0.455093 0.032808 0.012778 0.012373
48 0.469514 0.020997 0.012413 0.016498
48 0.575392 0.130109 0.012413 0.012748
48 0.730376 0.829209 0.007667 0.005624
48 0.566630 0.093551 0.013874 0.018373
48 0.196605 0.073303 0.017160 0.011624
48 0.175977 0.025497 0.011683 0.015748
48 0.696422 0.464192 0.009858 0.015748
48 0.677620 0.415448 0.010223 0.012748
48 0.704089 0.363892 0.016429 0.012373
48 0.814166 0.293776 0.010223 0.010874
48 0.752282 0.490626 0.012778 0.008624
48 0.835341 0.170041 0.013143 0.008624
48 0.795181 0.128609 0.016064 0.035246
48 0.316174 0.033746 0.014604 0.011998
48 0.168310 0.038995 0.008762 0.011998
48 0.827309 0.919198 0.007302 0.008624
48 0.799197 0.818898 0.009493 0.020997
48 0.836802 0.775216 0.013143 0.015373
48 0.690215 0.815711 0.009127 0.008624
48 0.688755 0.452756 0.009127 0.014623
48 0.695327 0.454443 0.006937 0.006749
48 0.681453 0.441695 0.008397 0.013498
48 0.775100 0.293026 0.008032 0.007874
48 0.930084 0.431759 0.044177 0.031121
48 0.881161 0.105362 0.012778 0.011249
48 0.679810 0.034308 0.021176 0.015373
48 0.728916 0.062242 0.028112 0.030746
48 0.710661 0.054556 0.025192 0.022872
48 0.682183 0.050806 0.014239 0.015373
48 0.546732 0.108174 0.015699 0.017623
48 0.297919 0.111924 0.022636 0.016123
48 0.216137 0.060742 0.016794 0.013498
48 0.167762 0.051556 0.012778 0.013873
48 0.039430 0.021185 0.013143 0.013123
48 0.758671 0.947132 0.005111 0.006749
48 0.914932 0.954256 0.006572 0.010499
48 0.854692 0.938320 0.013874 0.016123
48 0.807046 0.933258 0.016429 0.018748
48 0.805769 0.817960 0.009493 0.026622
48 0.692771 0.365204 0.010588 0.015748
48 0.899598 0.237345 0.013874 0.010499
48 0.748266 0.357330 0.007667 0.008249
48 0.765425 0.344957 0.013509 0.011249
48 0.732019 0.348144 0.009493 0.010874
48 0.698248 0.388264 0.009127 0.008624
48 0.835524 0.105549 0.011318 0.013123
48 0.420774 0.070304 0.007667 0.009374
48 0.565170 0.115486 0.013143 0.017248
48 0.564622 0.138170 0.018620 0.011624
48 0.301205 0.038620 0.015334 0.017248
48 0.253012 0.063742 0.016794 0.012748
48 0.165389 0.023810 0.015334 0.014623
48 0.122125 0.335958 0.104053 0.078740
48 0.815078 0.942820 0.006937 0.009374
48 0.872399 0.895201 0.007667 0.007874
5 0.852866 0.782527 0.003651 0.004499
48 0.696240 0.815711 0.005111 0.009374
48 0.715772 0.334833 0.012778 0.011249
48 0.798284 0.372703 0.010588 0.012748
48 0.812158 0.381890 0.012048 0.012373
48 0.725265 0.450881 0.006937 0.007874
48 0.737678 0.039183 0.017890 0.013873
48 0.671413 0.073866 0.014604 0.015748
48 0.420409 0.046307 0.010588 0.016873
48 0.305769 0.083802 0.014239 0.016123
48 0.317634 0.020997 0.015334 0.015748
48 0.242789 0.021747 0.012413 0.014248
48 0.161190 0.036745 0.010588 0.012748
48 0.765790 0.767904 0.009858 0.014248
48 0.702629 0.345332 0.016429 0.014998
48 0.824388 0.357518 0.008762 0.007124
48 0.789157 0.341582 0.014239 0.012748
48 0.771449 0.309149 0.007302 0.013123
48 0.779482 0.287964 0.010953 0.008999
48 0.786784 0.278403 0.012413 0.013873
48 0.725812 0.425947 0.012413 0.013498
48 0.713582 0.024934 0.015699 0.013873
48 0.430084 0.060367 0.013143 0.013498
48 0.437751 0.059055 0.011683 0.011624
48 0.445601 0.060180 0.012048 0.011624
48 0.232749 0.078553 0.016429 0.012373
48 0.164841 0.109674 0.017160 0.011624
48 0.035049 0.218035 0.036510 0.041620
48 0.853414 0.949006 0.028843 0.012748
48 0.847024 0.851331 0.010953 0.007124
48 0.767798 0.821710 0.011683 0.009374
48 0.757028 0.370454 0.011318 0.011249
48 0.776926 0.308774 0.008762 0.014623
48 0.718876 0.429509 0.010953 0.010874
48 0.714312 0.015373 0.014969 0.010499
48 0.453085 0.017060 0.011683 0.016123
48 0.313801 0.042932 0.014969 0.011624
48 0.259949 0.105924 0.016794 0.014623
48 0.740051 0.943195 0.008762 0.011624
48 0.809237 0.943945 0.004746 0.004874
48 0.761409 0.852831 0.012048 0.008624
48 0.705915 0.794713 0.011318 0.010124
48 0.672326 0.754593 0.009127 0.011624
48 0.971705 0.593738 0.011318 0.018373
48 0.794816 0.316648 0.010223 0.010874
48 0.846477 0.303337 0.009127 0.013498
48 0.823658 0.256468 0.010223 0.008249
48 0.865644 0.287027 0.008762 0.007874
48 0.773457 0.344582 0.012048 0.014248
48 0.752282 0.316273 0.014239 0.013123
48 0.733479 0.416198 0.018985 0.018748
48 0.919496 0.036370 0.016429 0.017248
48 0.831690 0.150356 0.013874 0.009749
48 0.693319 0.058305 0.018255 0.021372
48 0.558963 0.095801 0.010223 0.015373
48 0.390836 0.027184 0.009127 0.010874
48 0.564257 0.105924 0.024461 0.012373
48 0.311793 0.055306 0.016064 0.019873
48 0.159547 0.066554 0.021906 0.013873
48 0.868200 0.967754 0.013143 0.010499
48 0.754838 0.820210 0.019350 0.014623
48 0.821833 0.376265 0.012413 0.012373
48 0.802665 0.344207 0.012778 0.012748
48 0.802848 0.284964 0.009493 0.008999
48 0.800840 0.326584 0.007667 0.009749
48 0.770537 0.369329 0.011318 0.007499
48 0.703724 0.407574 0.007667 0.007499
48 0.705002 0.421260 0.010223 0.010124
48 0.922417 0.451631 0.031033 0.027372
48 0.886090 0.446944 0.027017 0.033746
48 0.841548 0.078178 0.016064 0.011624
48 0.822015 0.218410 0.013509 0.008624
48 0.472800 0.036558 0.011683 0.010124
48 0.461482 0.019873 0.013143 0.017248
48 0.154071 0.056993 0.015334 0.011249
48 0.802848 0.794151 0.008762 0.010499
5 0.930632 0.912261 0.004381 0.005249
48 0.810880 0.612861 0.018985 0.016123
48 0.669405 0.391076 0.010588 0.012748
48 0.824388 0.363705 0.012413 0.008999
48 0.816356 0.313461 0.010953 0.009749
48 0.717598 0.421447 0.009127 0.008999
48 0.680540 0.073303 0.018255 0.016123
48 0.612085 0.162917 0.017890 0.018373
48 0.258489 0.036370 0.016794 0.014998
48 0.203724 0.035058 0.015334 0.009374
48 0.767433 0.829021 0.010223 0.009749
48 0.784228 0.796963 0.008762 0.010874
48 0.770902 0.790214 0.010588 0.007874
48 0.799927 0.774278 0.006572 0.016498
48 0.773275 0.781590 0.005842 0.005624
48 0.720884 0.456880 0.009858 0.014623
48 0.686930 0.426322 0.012048 0.014998
48 0.817452 0.304087 0.008032 0.008249
48 0.767616 0.373641 0.012778 0.008624
48 0.707375 0.431196 0.014239 0.014248
48 0.698248 0.400262 0.008397 0.012373
48 0.685652 0.390139 0.005842 0.007874
48 0.795728 0.491189 0.012778 0.028496
48 0.895217 0.093551 0.009493 0.010124
48 0.845381 0.040682 0.013509 0.009374
48 0.835159 0.179978 0.012048 0.013498
48 0.738956 0.018373 0.022636 0.014998
48 0.445418 0.029996 0.014604 0.016498
48 0.595838 0.140420 0.009493 0.016123
48 0.236765 0.045369 0.017160 0.012748
48 0.845564 0.939633 0.009493 0.006749
48 0.755568 0.830334 0.006937 0.010874
48 0.786236 0.803900 0.009127 0.008249
48 0.777839 0.794526 0.011318 0.011249
48 0.677072 0.785339 0.012048 0.019123
48 0.721431 0.723285 0.011683 0.010499
48 0.803943 0.622797 0.018255 0.017998
48 0.801752 0.315711 0.006572 0.011249
48 0.821468 0.237158 0.016064 0.010874
48 0.804491 0.327334 0.006207 0.008249
48 0.817999 0.113611 0.017890 0.008999
48 0.714494 0.008436 0.016794 0.008624
48 0.444323 0.016123 0.010953 0.014998
48 0.215042 0.070491 0.018985 0.013498
48 0.237313 0.065804 0.013143 0.016873
48 0.177254 0.041807 0.012778 0.023622
5 0.830595 0.102362 0.002191 0.005249
48 0.778934 0.920510 0.008397 0.008249
48 0.816904 0.874953 0.007667 0.008624
48 0.855969 0.852831 0.007667 0.008624
48 0.709931 0.784777 0.007667 0.009749
48 0.801387 0.724972 0.007302 0.010124
48 0.689485 0.467379 0.006937 0.009374
48 0.789157 0.307649 0.006937 0.009374
48 0.824206 0.288901 0.008397 0.011624
48 0.891019 0.246532 0.022271 0.025872
48 0.798101 0.353393 0.008032 0.008624
48 0.763417 0.361455 0.008032 0.008999
48 0.843373 0.478440 0.011683 0.019498
48 0.889558 0.069179 0.012778 0.009374
48 0.669222 0.062430 0.021906 0.016873
48 0.434283 0.015186 0.015699 0.013123
48 0.486126 0.037120 0.023731 0.020997
48 0.580869 0.122985 0.012413 0.011249
48 0.579226 0.164042 0.019350 0.022872
48 0.233297 0.086614 0.010953 0.011249
48 0.131800 0.509936 0.013874 0.020997
48 0.848120 0.843270 0.008762 0.007499
48 0.765973 0.839708 0.010223 0.010124
48 0.821833 0.813273 0.006572 0.008249
48 0.681271 0.401387 0.013874 0.013123
48 0.698613 0.432321 0.006937 0.009749
48 0.738956 0.318898 0.008032 0.008624
48 0.834794 0.261530 0.011318 0.013873
48 0.813436 0.333896 0.010953 0.010874
48 0.754290 0.325272 0.013143 0.012373
48 0.541804 0.091864 0.018985 0.016498
48 0.536327 0.029246 0.010953 0.010499
48 0.506572 0.015373 0.019350 0.014998
48 0.595655 0.155043 0.017160 0.015373
48 0.562797 0.158605 0.017160 0.029246
48 0.014604 0.062805 0.014604 0.016123
48 0.790982 0.796213 0.007667 0.010124
48 0.823476 0.763030 0.009858 0.008249
48 0.770172 0.780840 0.008397 0.011624
48 0.746075 0.789464 0.011318 0.017623
48 0.690946 0.772029 0.006207 0.006749
48 0.742424 0.347582 0.017160 0.015748
48 0.775100 0.283277 0.010953 0.011624
48 0.829865 0.251594 0.007302 0.010499
48 0.811975 0.344769 0.011683 0.016123
48 0.775831 0.359768 0.018255 0.016123
48 0.954180 0.019310 0.044177 0.031871
48 0.680175 0.011436 0.023366 0.013873
48 0.611537 0.178853 0.021176 0.017998
48 0.255203 0.056055 0.015334 0.009374
48 0.256846 0.050244 0.014969 0.009749
48 0.219606 0.042182 0.013509 0.010874
48 0.819642 0.938695 0.008762 0.008624
48 0.751187 0.828084 0.004746 0.004124
48 0.771632 0.835021 0.009858 0.007499
48 0.813801 0.753843 0.010223 0.007874
48 0.806864 0.269216 0.010223 0.010499
48 0.820190 0.247282 0.015699 0.011624
48 0.800292 0.333708 0.011683 0.009749
48 0.788792 0.332958 0.008397 0.009749
48 0.714129 0.435133 0.010223 0.011624
48 0.885542 0.082865 0.014239 0.009749
48 0.532859 0.081552 0.017160 0.017623
48 0.434100 0.071241 0.009493 0.010499
48 0.225630 0.025684 0.017525 0.010124
48 0.250091 0.083427 0.018255 0.013873
48 0.228003 0.067117 0.011318 0.011249
48 0.733662 0.945069 0.008397 0.013123
48 0.751187 0.944319 0.006207 0.013873
48 0.864367 0.856955 0.014969 0.009374
48 0.789887 0.743345 0.006937 0.007124
48 0.713764 0.448819 0.006572 0.009749
48 0.682913 0.455943 0.008397 0.009749
48 0.679628 0.426884 0.010588 0.015373
48 0.706280 0.373078 0.016429 0.010499
48 0.791165 0.349831 0.011683 0.008999
48 0.776561 0.330521 0.010223 0.009374
48 0.793720 0.360892 0.009493 0.010874
48 0.708288 0.405137 0.008032 0.008624
48 0.940672 0.467192 0.021541 0.014248
48 0.838810 0.094676 0.013509 0.010124
48 0.792625 0.286277 0.009493 0.009374
48 0.702446 0.079303 0.018985 0.020622
48 0.558050 0.065054 0.012778 0.016873
48 0.427711 0.070866 0.008397 0.008249
48 0.552209 0.116423 0.014969 0.012373
48 0.218510 0.052493 0.015699 0.011998
48 0.238956 0.057368 0.011318 0.010499
48 0.251917 0.074241 0.016794 0.008999
48 0.779299 0.912261 0.008397 0.010499
48 0.763417 0.848144 0.008032 0.007499
48 0.743702 0.822647 0.006572 0.006749
48 0.671230 0.765279 0.008397 0.014248
48 0.707375 0.449569 0.010588 0.015748
48 0.676889 0.390889 0.010953 0.015373
48 0.738591 0.361830 0.012413 0.015748
48 0.837349 0.252156 0.009858 0.009374
48 0.817999 0.263592 0.008397 0.013498
48 0.811975 0.257030 0.010223 0.014623
48 0.815626 0.287214 0.010223 0.008999
48 0.832421 0.145107 0.012413 0.008249
48 0.832056 0.159168 0.016064 0.009374
48 0.834246 0.193851 0.012413 0.015748
48 0.478824 0.019123 0.010588 0.009749
48 0.570099 0.150731 0.009858 0.009749
48 0.292443 0.083240 0.017525 0.014248
48 0.060424 0.021185 0.013509 0.013873
48 0.762870 0.947882 0.004746 0.009749
48 0.800840 0.917135 0.007667 0.005999
48 0.774918 0.842332 0.011318 0.009374
48 0.710113 0.353768 0.012413 0.009374
48 0.736400 0.331271 0.016794 0.019123
48 0.813983 0.322272 0.014239 0.012373
48 0.769807 0.288901 0.009858 0.008624
48 0.764148 0.311211 0.008032 0.010499
48 0.818182 0.278215 0.007302 0.010499
48 0.787696 0.511249 0.012778 0.012373
48 0.864184 0.445069 0.024096 0.034496
48 0.882074 0.097300 0.014604 0.010874
48 0.715042 0.074428 0.019350 0.017623
48 0.229828 0.056243 0.010588 0.011249
48 0.767616 0.947694 0.007667 0.008624
48 0.838810 0.853393 0.009858 0.010499
48 0.687660 0.438133 0.010588 0.015373
48 0.671230 0.377578 0.014239 0.014998
48 0.794268 0.324897 0.010588 0.010124
48 0.814166 0.370829 0.011683 0.014998
48 0.849398 0.036745 0.007667 0.006749
48 0.842096 0.060930 0.014969 0.011624
48 0.840818 0.069741 0.011683 0.008999
48 0.835159 0.212223 0.010588 0.008249
48 0.751369 0.019123 0.010953 0.011998
48 0.546002 0.081177 0.011318 0.010874
48 0.303213 0.097300 0.014239 0.015373
48 0.153706 0.080052 0.019715 0.022122
48 0.195144 0.091301 0.018620 0.013873
48 0.202994 0.045932 0.016794 0.012373
48 0.225630 0.080990 0.010223 0.012748
48 0.846477 0.921072 0.011318 0.005624
48 0.759036 0.840457 0.009493 0.010124
48 0.806134 0.728534 0.005842 0.011249
48 0.697517 0.378328 0.012778 0.012748
48 0.780942 0.374016 0.013143 0.016123
48 0.687660 0.377765 0.008397 0.011624
48 0.724535 0.027747 0.011318 0.008999
48 0.206645 0.019310 0.017525 0.008624
48 0.200986 0.055118 0.015699 0.012748
48 0.187660 0.018185 0.013874 0.010874
48 0.131070 0.381890 0.040891 0.028871
48 0.852318 0.975628 0.019350 0.020997
48 0.809967 0.948819 0.016429 0.011624
48 0.814348 0.791339 0.006937 0.008624
48 0.798649 0.307649 0.013509 0.010874
48 0.808142 0.357330 0.017160 0.009749
48 0.787149 0.359018 0.008762 0.010874
48 0.711756 0.410949 0.011318 0.009749
48 0.833151 0.164979 0.018255 0.008249
48 0.703176 0.011998 0.010953 0.013498
48 0.558598 0.047057 0.018255 0.011624
48 0.531216 0.071991 0.020445 0.015748
48 0.430632 0.026809 0.014969 0.016123
48 0.395400 0.019123 0.016064 0.014998
48 0.227638 0.017248 0.014969 0.009749
48 0.246805 0.097675 0.018985 0.016123
48 0.068273 0.023435 0.014604 0.019123
48 0.023184 0.263030 0.037605 0.035621
5 0.099124 0.049681 0.004746 0.005624
5 0.104418 0.055681 0.002921 0.004874
5 0.111720 0.052306 0.002921 0.006374
9 0.433005 0.086427 0.004381 0.004124
5 0.443227 0.115298 0.004381 0.004874
5 0.379883 0.172666 0.004016 0.002625
5 0.953450 0.608549 0.004016 0.002250
7 0.957284 0.616048 0.004381 0.003000
7 0.957284 0.612861 0.005111 0.002625
39 0.958744 0.610049 0.006572 0.003750
10 0.913107 0.595051 0.002921 0.005999
42 0.844286 0.566742 0.009127 0.003375
10 0.822198 0.571616 0.006572 0.003375
43 0.849945 0.549494 0.004381 0.008624
48 0.772180 0.492313 0.009493 0.008999
48 0.774005 0.485939 0.006572 0.006749
51 0.730376 0.379828 0.033224 0.025497
48 0.252829 0.680727 0.009127 0.010874
48 0.321650 0.743345 0.007302 0.007874
48 0.327127 0.712973 0.008032 0.007874
48 0.320920 0.736783 0.008762 0.007499
10 0.253195 0.734346 0.006937 0.003375
5 0.209200 0.700975 0.003651 0.002625
5 0.143848 0.650919 0.001460 0.003750
14 0.058781 0.729846 0.010953 0.005624
5 0.046185 0.736970 0.004016 0.006374
48 0.022088 0.774466 0.012048 0.007124
51 0.021358 0.796400 0.017890 0.029996
7 0.150785 0.779153 0.005842 0.003000
5 0.165936 0.779340 0.004746 0.001875
5 0.200986 0.801462 0.002556 0.004874
8 0.188390 0.858643 0.002191 0.005249
10 0.175429 0.922947 0.003286 0.007124
8 0.173421 0.935321 0.002921 0.004874
10 0.175429 0.941882 0.008397 0.020247
5 0.166484 0.987814 0.002191 0.004874
8 0.518437 0.077428 0.004381 0.005624
5 0.480832 0.084552 0.003651 0.004124
48 0.426250 0.138920 0.004746 0.007124
48 0.420774 0.138358 0.007667 0.009749
48 0.414385 0.135358 0.005842 0.003750
48 0.411647 0.140232 0.011318 0.010499
48 0.405622 0.138733 0.003651 0.005999
48 0.401059 0.138733 0.009127 0.010499
48 0.393757 0.136483 0.009858 0.011249
5 0.218510 0.245407 0.002556 0.004124
48 0.167214 0.270341 0.020445 0.013498
48 0.194049 0.272029 0.006937 0.004874
48 0.240964 0.273716 0.004381 0.005999
48 0.213582 0.354143 0.063527 0.115111
48 0.183826 0.416573 0.091639 0.049494
48 0.178897 0.443007 0.091274 0.052118
48 0.140380 0.462130 0.027382 0.023622
48 0.158269 0.512373 0.051479 0.118860
48 0.189120 0.514623 0.056955 0.109861
48 0.217598 0.509936 0.026287 0.020997
48 0.221796 0.495501 0.025192 0.017623
48 0.223074 0.483127 0.025557 0.020622
48 0.225447 0.470566 0.025192 0.019498
48 0.227638 0.458755 0.025922 0.017623
48 0.229828 0.446944 0.024461 0.018748
10 0.248996 0.449569 0.004381 0.011249
48 0.231836 0.434758 0.026287 0.019873
48 0.234940 0.419760 0.028112 0.022122
48 0.238591 0.404012 0.024461 0.022122
48 0.242242 0.390514 0.027382 0.019873
48 0.243337 0.378140 0.025922 0.020622
48 0.245893 0.366142 0.025192 0.019123
48 0.249544 0.352831 0.026652 0.017998
48 0.251369 0.340270 0.025192 0.019873
48 0.253560 0.328459 0.023731 0.019498
48 0.255203 0.317960 0.024096 0.016498
48 0.257576 0.306149 0.024461 0.016873
48 0.260131 0.294713 0.024461 0.017248
48 0.261592 0.285714 0.025922 0.012748
47 0.415115 0.382452 0.013874 0.009749
10 0.354144 0.407199 0.005842 0.003750
48 0.375137 0.414136 0.036145 0.028871
48 0.379518 0.397638 0.036875 0.020622
48 0.382074 0.382077 0.036145 0.020997
48 0.384629 0.365579 0.035414 0.017998
48 0.387003 0.349456 0.035049 0.022497
48 0.390471 0.334833 0.034684 0.020997
48 0.392844 0.318898 0.034319 0.015373
5 0.419861 0.326772 0.003651 0.005624
5 0.422417 0.327334 0.002921 0.005999
5 0.428441 0.322460 0.002556 0.004499
5 0.424973 0.327522 0.002921 0.004874
5 0.427346 0.327709 0.003286 0.005999
5 0.430084 0.328271 0.002921 0.005624
48 0.378605 0.437383 0.024827 0.016873
48 0.376962 0.449756 0.025192 0.016873
48 0.374589 0.461567 0.027747 0.017248
48 0.371121 0.474503 0.028843 0.016123
48 0.369843 0.488564 0.027747 0.020247
48 0.367287 0.503187 0.027747 0.017998
48 0.365462 0.514998 0.027017 0.017623
48 0.363819 0.527372 0.028112 0.016873
48 0.361811 0.537308 0.028478 0.017248
48 0.361081 0.547057 0.030668 0.016498
48 0.396495 0.500750 0.034319 0.019123
48 0.391019 0.535058 0.035779 0.059243
48 0.445601 0.511624 0.031763 0.028121
48 0.441037 0.535621 0.030668 0.028121
48 0.439029 0.553806 0.034684 0.020247
48 0.434465 0.570491 0.028478 0.020622
48 0.431362 0.590551 0.025192 0.025497
48 0.383717 0.582865 0.021176 0.020622
48 0.407265 0.587739 0.028843 0.023622
48 0.381344 0.596738 0.020811 0.022872
48 0.417306 0.604987 0.055495 0.036370
48 0.222709 0.557930 0.018255 0.035246
48 0.234392 0.560180 0.017525 0.036745
48 0.246623 0.562992 0.018620 0.034871
48 0.265790 0.558305 0.026287 0.020247
48 0.263417 0.574616 0.023731 0.019873
5 0.277656 0.571804 0.004746 0.003000
9 0.247536 0.532996 0.002921 0.008624
5 0.250091 0.532246 0.002191 0.004874
9 0.279116 0.317585 0.003286 0.005999
9 0.276743 0.328271 0.002921 0.005624
48 0.324206 0.311211 0.068638 0.032996
48 0.305951 0.325272 0.040161 0.029621
48 0.301387 0.342520 0.044177 0.026622
48 0.299014 0.360705 0.041621 0.029246
48 0.286418 0.384514 0.028843 0.039370
48 0.305403 0.386764 0.022271 0.040120
48 0.316539 0.397638 0.015334 0.031121
48 0.326031 0.400262 0.014604 0.030371
48 0.334794 0.402325 0.014604 0.029246
48 0.329500 0.380390 0.031033 0.019123
48 0.331690 0.368017 0.030303 0.017623
48 0.333881 0.355831 0.031033 0.017998
48 0.335889 0.342895 0.033589 0.019123
48 0.338262 0.331271 0.031033 0.019873
48 0.279664 0.445257 0.018255 0.049119
48 0.288609 0.447507 0.019350 0.049869
48 0.298284 0.450694 0.018985 0.049494
48 0.307594 0.453318 0.019350 0.049494
48 0.318182 0.455006 0.018620 0.049869
48 0.326762 0.458380 0.018985 0.049869
48 0.336072 0.460442 0.018620 0.050244
48 0.257758 0.505812 0.021176 0.050994
48 0.270719 0.509186 0.020811 0.050994
48 0.282220 0.511998 0.020445 0.048369
48 0.294816 0.515373 0.020811 0.049119
48 0.305221 0.517810 0.018255 0.047244
48 0.315444 0.520247 0.017525 0.046869
48 0.324754 0.522310 0.016429 0.045744
9 0.290434 0.481065 0.005476 0.003750
5 0.308142 0.482377 0.002191 0.004874
5 0.314713 0.484064 0.002921 0.005249
10 0.350493 0.466254 0.003651 0.008624
5 0.293903 0.542932 0.002191 0.005249
5 0.296093 0.543869 0.002921 0.005624
9 0.301205 0.544057 0.002921 0.005999
48 0.064257 0.470566 0.013143 0.014998
48 0.082147 0.432508 0.011683 0.034871
48 0.071924 0.432696 0.014604 0.050244
48 0.093100 0.427822 0.010953 0.025497
48 0.070829 0.460817 0.005111 0.005999
48 0.043081 0.616235 0.017525 0.016873
48 0.041986 0.647357 0.024096 0.018373
48 0.020080 0.735096 0.013143 0.008624
48 0.029573 0.736033 0.008032 0.006749
8 0.136729 0.779153 0.006207 0.003750
9 0.188390 0.784027 0.002921 0.005249
48 0.904345 0.969816 0.008032 0.013873
48 0.893209 0.959130 0.014969 0.009749
5 0.877145 0.849831 0.004746 0.002625
5 0.874224 0.862392 0.004746 0.003000
5 0.954728 0.820960 0.002191 0.004874
48 0.906170 0.878515 0.028478 0.060742
5 0.856517 0.889764 0.005111 0.002250
5 0.860898 0.889764 0.004381 0.002250
5 0.856517 0.891264 0.005111 0.002250
5 0.861263 0.892013 0.005111 0.003000
5 0.012961 0.559992 0.003286 0.006374
9 0.037970 0.546869 0.005111 0.009374
9 0.016064 0.542182 0.004381 0.012748
9 0.018072 0.529621 0.004016 0.007124
9 0.074115 0.537683 0.003651 0.005999
9 0.070829 0.537308 0.002921 0.005999
5 0.431179 0.349269 0.002921 0.005624
5 0.441950 0.361267 0.003286 0.005624
5 0.444505 0.361455 0.003286 0.005999
5 0.445418 0.376453 0.002921 0.005249
5 0.401059 0.481252 0.003286 0.005624
5 0.400146 0.485752 0.003651 0.004874
5 0.440489 0.324147 0.003286 0.005624
5 0.423330 0.307462 0.003286 0.005999
5 0.437934 0.310086 0.002556 0.004499
5 0.440124 0.310461 0.002556 0.004499
5 0.422052 0.297900 0.005111 0.003375
5 0.397955 0.300150 0.002921 0.004124
5 0.383169 0.298275 0.003286 0.004124
5 0.429354 0.344207 0.002921 0.004499
5 0.429354 0.386952 0.002921 0.005249
5 0.427528 0.385827 0.002921 0.003750
5 0.433917 0.323022 0.003286 0.004874
5 0.422782 0.384889 0.003651 0.004874
5 0.426068 0.412448 0.002921 0.006749
5 0.409091 0.536370 0.004016 0.002625
5 0.410369 0.532058 0.005111 0.003750
5 0.413107 0.517810 0.004746 0.003000
9 0.456188 0.338583 0.003286 0.005999
5 0.403249 0.443195 0.004016 0.006749
5 0.423512 0.446382 0.003651 0.005624
5 0.410186 0.425197 0.003286 0.005249
5 0.407265 0.410386 0.003286 0.005624
6 0.454363 0.383015 0.004746 0.010124
6 0.457466 0.384139 0.004381 0.010124
5 0.428624 0.349644 0.003651 0.005624
5 0.441219 0.350394 0.003286 0.004874
5 0.448886 0.351706 0.004016 0.005249
5 0.423512 0.321147 0.003651 0.004874
5 0.425520 0.321522 0.003286 0.005624
5 0.430997 0.322460 0.003286 0.004499
5 0.438299 0.323959 0.003286 0.005249
5 0.432640 0.328459 0.003651 0.006749
5 0.447974 0.325084 0.003651 0.005999
5 0.425520 0.308024 0.003286 0.004124
5 0.432640 0.309336 0.002921 0.004499
5 0.435195 0.309336 0.002921 0.004499
5 0.577766 0.304462 0.005476 0.003750
5 0.421504 0.518748 0.003286 0.005624
5 0.428441 0.505249 0.004016 0.003375
5 0.416210 0.506187 0.005111 0.003750
5 0.831143 0.913573 0.003286 0.004874
5 0.933735 0.869141 0.005476 0.003000
5 0.948156 0.844207 0.004381 0.006374
9 0.795546 0.906637 0.002921 0.005999
9 0.793355 0.907949 0.002191 0.006374
5 0.796276 0.882265 0.002921 0.005249
48 0.847937 0.838208 0.008397 0.006374
48 0.840635 0.838208 0.008397 0.006374
48 0.834064 0.835958 0.006207 0.006374
48 0.832238 0.828646 0.002556 0.004499
48 0.826579 0.778028 0.009493 0.024747
48 0.734940 0.739595 0.015334 0.013123
48 0.720153 0.744469 0.013509 0.011624
48 0.847024 0.755531 0.024096 0.025497
48 0.901606 0.724409 0.031033 0.065242
5 0.962760 0.686352 0.002921 0.004874
5 0.983936 0.710911 0.003651 0.005999
5 0.972983 0.663480 0.003651 0.006374
5 0.975356 0.663855 0.003286 0.005624
39 0.947061 0.658230 0.008762 0.004124
9 0.951260 0.638170 0.006207 0.003000
5 0.949799 0.644357 0.004746 0.003375
6 0.953268 0.628234 0.010223 0.004124
9 0.954911 0.623172 0.008397 0.004499
5 0.953085 0.611549 0.005476 0.003000
8 0.956006 0.603300 0.006207 0.003000
5 0.961300 0.604612 0.004381 0.003375
5 0.873859 0.505437 0.003286 0.005999
5 0.879336 0.508624 0.004016 0.005624
5 0.866192 0.494751 0.005476 0.002625
48 0.844469 0.494563 0.021176 0.016498
5 0.916210 0.508436 0.006207 0.003750
5 0.916758 0.505812 0.005842 0.003750
5 0.902337 0.501125 0.003286 0.005624
5 0.896860 0.512186 0.002556 0.004499
5 0.883899 0.497750 0.003651 0.006374
5 0.877145 0.496813 0.003286 0.004499
5 0.866922 0.504124 0.004016 0.004124
9 0.889923 0.498875 0.003286 0.004874
5 0.887368 0.498125 0.002556 0.004874
51 0.900329 0.488751 0.031398 0.022872
5 0.925703 0.483127 0.003286 0.006374
5 0.903614 0.471316 0.005111 0.004499
5 0.880066 0.496813 0.003286 0.005249
6 0.843008 0.519872 0.005111 0.010874
48 0.836437 0.507312 0.018255 0.021747
5 0.912012 0.504312 0.003651 0.006749
5 0.909091 0.503375 0.003651 0.005624
5 0.906718 0.514436 0.002556 0.005249
5 0.877875 0.515935 0.004746 0.005249
53 0.880248 0.502062 0.036510 0.016498
53 0.910369 0.507499 0.026652 0.019123
53 0.924790 0.496063 0.024096 0.036745
5 0.900146 0.471129 0.004016 0.004124
53 0.924973 0.474878 0.025192 0.022122
53 0.897043 0.468691 0.029938 0.020997
48 0.895217 0.415073 0.049653 0.024747
9 0.851953 0.390139 0.005476 0.003375
48 0.828770 0.384514 0.008032 0.007124
48 0.824388 0.338958 0.016064 0.031496
48 0.831873 0.309711 0.020811 0.029246
48 0.822928 0.227784 0.011683 0.008624
48 0.817817 0.157855 0.010223 0.009749
48 0.943958 0.045744 0.013509 0.013498
48 0.749726 0.308024 0.009858 0.009374
48 0.744980 0.314961 0.010588 0.010499
48 0.727273 0.398013 0.017525 0.014623
48 0.717780 0.392388 0.009493 0.011624
5 0.343374 0.468316 0.006207 0.003750
5 0.247901 0.461567 0.004381 0.003750
48 0.343921 0.615486 0.024096 0.034121
48 0.364367 0.620547 0.025557 0.034496
5 0.412924 0.515186 0.004381 0.003000
48 0.384812 0.624297 0.024096 0.034496
5 0.295546 0.654856 0.003286 0.004874
5 0.227273 0.694226 0.005476 0.003375
9 0.207740 0.703225 0.005842 0.004124
13 0.066083 0.776715 0.011683 0.004124
13 0.067178 0.773903 0.011683 0.003750
13 0.068091 0.771091 0.011318 0.004124
13 0.068821 0.767717 0.010588 0.004124
13 0.069368 0.765092 0.011683 0.004124
10 0.059511 0.766967 0.006572 0.004124
12 0.058233 0.770341 0.006207 0.004124
10 0.066630 0.761342 0.006207 0.003375
10 0.072289 0.759655 0.007302 0.004499
10 0.064987 0.752156 0.004381 0.007499
53 0.205915 0.548181 0.026287 0.044994
53 0.234940 0.534308 0.028112 0.017248
53 0.261227 0.540120 0.033954 0.019873
53 0.317634 0.550994 0.024827 0.016873
53 0.338262 0.545182 0.020080 0.038995
53 0.373859 0.566179 0.054765 0.025497
53 0.341183 0.506749 0.021541 0.038620
53 0.314531 0.488001 0.037605 0.023622
53 0.345382 0.419573 0.021906 0.029996
5 0.317817 0.416573 0.002556 0.004499
9 0.314531 0.426134 0.006937 0.003375
10 0.323111 0.428009 0.003651 0.005624
5 0.271267 0.383577 0.005111 0.003750
5 0.256298 0.388264 0.005111 0.003375
5 0.273092 0.344582 0.002921 0.005999
5 0.269624 0.319648 0.004746 0.002625
5 0.269259 0.322272 0.004746 0.002625
5 0.268711 0.324334 0.004381 0.003000
5 0.268346 0.326959 0.004381 0.003000
5 0.267981 0.329209 0.004381 0.003000
5 0.271632 0.310274 0.004381 0.002625
5 0.273823 0.300337 0.003651 0.003000
5 0.283863 0.298463 0.004016 0.005249
5 0.292443 0.268466 0.005842 0.003000
5 0.313618 0.274466 0.005842 0.004499
5 0.228733 0.252156 0.004016 0.004124
48 0.181271 0.208099 0.073384 0.047994
48 0.190033 0.172666 0.063892 0.028121
48 0.189850 0.151106 0.067908 0.042745
48 0.184922 0.125422 0.082877 0.033371
5 0.140380 0.141170 0.002556 0.004874
5 0.143118 0.141920 0.002921 0.004874
5 0.118291 0.134983 0.002921 0.005249
48 0.353779 0.155793 0.047463 0.028121
48 0.348120 0.179603 0.046367 0.029246
48 0.346477 0.200600 0.050383 0.026247
5 0.435195 0.098425 0.005111 0.004124
5 0.427528 0.100862 0.003651 0.003750
5 0.434100 0.088676 0.004381 0.002625
5 0.265973 0.340645 0.004746 0.002625
5 0.265243 0.346082 0.005476 0.003000
5 0.261044 0.365204 0.005111 0.003000
5 0.262139 0.362767 0.005111 0.002625
5 0.265425 0.343832 0.004381 0.002250
5 0.262870 0.254593 0.002921 0.005249
5 0.227820 0.241095 0.004381 0.002250
5 0.228916 0.235096 0.005111 0.002250
48 0.218328 0.232283 0.019715 0.025872
48 0.222344 0.213348 0.018985 0.015748
48 0.224717 0.200412 0.018620 0.016123
48 0.227273 0.188226 0.018620 0.017998
48 0.230376 0.174166 0.018255 0.015373
48 0.233479 0.160480 0.019350 0.015748
48 0.235487 0.147919 0.019715 0.016123
48 0.238408 0.132921 0.018985 0.014623
48 0.242059 0.118485 0.020445 0.019498
9 0.039796 0.520810 0.003651 0.005249
5 0.066448 0.523810 0.005111 0.002250
5 0.067543 0.518373 0.005111 0.004124
5 0.066630 0.521185 0.005476 0.003000
9 0.080321 0.515935 0.008032 0.004499
48 0.093647 0.498125 0.066813 0.035621
8 0.261774 0.536558 0.005111 0.005249
5 0.267616 0.537308 0.003651 0.006749
5 0.288609 0.542557 0.002556 0.004499
5 0.286601 0.541620 0.002191 0.003375
53 0.292077 0.545182 0.029208 0.019498
5 0.353779 0.556993 0.002921 0.004124
5 0.407265 0.555681 0.005476 0.003000
5 0.411829 0.526434 0.005111 0.002250
5 0.412742 0.522122 0.005476 0.002625
5 0.413107 0.520435 0.005476 0.002250
5 0.355969 0.338395 0.005111 0.002625
5 0.403432 0.302025 0.003651 0.006374
5 0.400694 0.300712 0.004016 0.005999
53 0.451260 0.361642 0.090544 0.112111
53 0.437203 0.447507 0.090179 0.091864
53 0.396130 0.300712 0.040161 0.021747
5 0.358890 0.323585 0.005842 0.003750
5 0.369843 0.337645 0.005842 0.003375
9 0.370938 0.332208 0.005111 0.003750
53 0.365097 0.324709 0.021176 0.030746
53 0.359803 0.354518 0.024461 0.029621
53 0.353596 0.382452 0.023001 0.032246
53 0.347024 0.407762 0.017160 0.025122
9 0.358525 0.431384 0.005842 0.002625
5 0.359255 0.434946 0.004381 0.003000
53 0.353231 0.451819 0.016429 0.032246
53 0.348850 0.473378 0.017160 0.028121
53 0.277839 0.477315 0.037970 0.017248
5 0.262687 0.426509 0.006207 0.003375
48 0.268894 0.440008 0.020080 0.051369
9 0.113910 0.598050 0.017525 0.007499
15 0.035597 0.756280 0.006207 0.008999
10 0.057138 0.779340 0.006937 0.004124
10 0.057503 0.784589 0.008397 0.004874
13 0.066448 0.780090 0.011683 0.004874
10 0.055130 0.782715 0.006572 0.004124
5 0.177254 0.777653 0.003286 0.004499
5 0.179263 0.782152 0.003651 0.004499
5 0.140745 0.765279 0.005476 0.003750
53 0.152610 0.772966 0.039430 0.036370
5 0.918766 0.585114 0.005476 0.004124
9 0.244615 0.466817 0.002191 0.005249
7 0.332056 0.420135 0.001825 0.004124
10 0.067725 0.752906 0.004016 0.009749
5 0.321468 0.643232 0.001825 0.002625
5 0.430449 0.246907 0.004381 0.002625
5 0.435013 0.248594 0.004746 0.003000
5 0.430084 0.249719 0.005111 0.003000
5 0.435195 0.250844 0.005111 0.003750
5 0.435013 0.253093 0.005476 0.003000
5 0.430084 0.252531 0.005111 0.002625
5 0.430084 0.257030 0.004381 0.002625
5 0.430084 0.269404 0.004381 0.003375
5 0.434830 0.270341 0.005111 0.003750
5 0.445418 0.249719 0.005111 0.003000
5 0.449982 0.273341 0.004746 0.003000
5 0.450164 0.275403 0.005111 0.003375
5 0.449982 0.278028 0.004746 0.003375
5 0.460935 0.261342 0.004746 0.003000
5 0.461117 0.258905 0.004381 0.002625
5 0.460570 0.268841 0.004746 0.003000
5 0.460752 0.271654 0.004381 0.002625
5 0.460935 0.273903 0.004746 0.001875
5 0.460752 0.278403 0.004381 0.002625
53 0.451442 0.267529 0.101132 0.070116
5 0.970245 0.958755 0.003286 0.005249
5 0.974078 0.956880 0.003651 0.005249
5 0.972435 0.961942 0.004016 0.006374
5 0.970792 0.967004 0.003651 0.005999
5 0.974808 0.962880 0.002921 0.005999
5 0.972983 0.968129 0.002921 0.005999
5 0.977364 0.963255 0.002921 0.005999
5 0.981198 0.959693 0.002556 0.004874
5 0.979737 0.964567 0.003286 0.004874
5 0.975538 0.968504 0.002921 0.005249
5 0.977912 0.970191 0.003286 0.005624
5 0.963308 0.956880 0.004016 0.005249
5 0.961117 0.954631 0.003286 0.005999
5 0.973348 0.975441 0.003651 0.005624
5 0.976269 0.976378 0.002921 0.005249
8 0.979555 0.976378 0.003651 0.005999
5 0.796824 0.875516 0.001825 0.005249
48 0.803395 0.877390 0.012048 0.027747
5 0.965681 0.777840 0.002921 0.004874
5 0.256115 0.535246 0.002556 0.004874
5 0.254290 0.534121 0.002556 0.004874
5 0.407448 0.043682 0.003651 0.003375
5 0.412012 0.041432 0.004746 0.003375
5 0.889376 0.799400 0.002921 0.004499
5 0.892114 0.799963 0.002556 0.004874
5 0.894122 0.800712 0.002191 0.004124
5 0.887550 0.797900 0.003651 0.004499
5 0.384264 0.237533 0.004746 0.002625
5 0.383899 0.239970 0.004016 0.002250
5 0.387550 0.245594 0.005476 0.003000
5 0.390471 0.233408 0.004016 0.002625
5 0.380796 0.254593 0.005111 0.003000
53 0.384629 0.246907 0.027382 0.040120
5 0.276013 0.581927 0.005111 0.003000
53 0.283863 0.570116 0.024461 0.037120
14 0.956188 0.619798 0.007302 0.003750
5 0.329682 0.488001 0.002191 0.004124
5 0.385907 0.036183 0.002921 0.002625
5 0.888098 0.815336 0.004746 0.002625
51 0.893574 0.816835 0.023001 0.030371
5 0.894487 0.830334 0.005111 0.003375
5 0.901789 0.827334 0.005842 0.004124
5 0.886272 0.849831 0.004746 0.003375
5 0.210113 0.529434 0.002556 0.005249
5 0.404345 0.578553 0.002556 0.001500
5 0.407083 0.579303 0.002191 0.001500
5 0.450164 0.280277 0.004381 0.002625
10 0.118474 0.439445 0.019350 0.006749
10 0.117561 0.443195 0.019715 0.006749
10 0.116466 0.446757 0.020445 0.006374
10 0.114640 0.450694 0.021176 0.007499
10 0.114275 0.455193 0.020445 0.007499
10 0.114458 0.459130 0.019350 0.007124
10 0.112815 0.463067 0.020445 0.006749
11 0.087623 0.742407 0.009493 0.006749
5 0.435926 0.322835 0.002191 0.003750
5 0.930449 0.420135 0.001825 0.003375
5 0.151698 0.787027 0.002556 0.005249
5 0.154071 0.787214 0.002191 0.004874
5 0.156079 0.787589 0.002556 0.004874
5 0.158269 0.787964 0.001825 0.004874
5 0.160460 0.788339 0.002556 0.004874
5 0.306316 0.285902 0.002191 0.004874
5 0.700256 0.048744 0.001460 0.003750
5 0.702081 0.047432 0.002921 0.002625
8 0.703724 0.040120 0.004746 0.003000
5 0.418218 0.566742 0.004746 0.001875
5 0.203359 0.742220 0.004381 0.002625
5 0.203176 0.745219 0.004016 0.001875
5 0.315444 0.767342 0.004381 0.001875
7 0.829135 0.893138 0.002191 0.004499
5 0.941767 0.422947 0.002556 0.003750
5 0.946696 0.425009 0.002921 0.004124
5 0.937203 0.420885 0.002191 0.004124
5 0.331873 0.488376 0.002191 0.004874
5 0.333698 0.489689 0.002191 0.004499
10 0.061701 0.751406 0.004381 0.008999
5 0.974808 0.089614 0.002921 0.003750
5 0.951442 0.831459 0.002921 0.005624
5 0.222526 0.527934 0.001825 0.003750
5 0.220518 0.527559 0.002191 0.003750
5 0.224169 0.528496 0.001460 0.003375
5 0.217780 0.526809 0.001825 0.003000
5 0.320372 0.289464 0.003286 0.005249
5 0.323293 0.289651 0.002556 0.004124
8 0.855787 0.783090 0.002921 0.004124
5 0.342461 0.928759 0.005111 0.003000
5 0.344286 0.922197 0.005111 0.002625
5 0.343556 0.926697 0.005111 0.001875
5 0.316174 0.760030 0.004381 0.003000
5 0.316904 0.762092 0.005111 0.002625
5 0.315626 0.764529 0.004746 0.003000
5 0.848485 0.769591 0.002921 0.004874
5 0.867287 0.787777 0.001825 0.003750
48 0.312340 0.190101 0.052939 0.135733
5 0.446513 0.119235 0.004381 0.004499
48 0.248448 0.654668 0.036875 0.043495
48 0.227090 0.718785 0.013143 0.010499
53 0.341183 0.913011 0.020080 0.036745
48 0.265425 0.955568 0.064257 0.041620
8 0.573932 0.679977 0.006572 0.002625
13 0.346477 0.880015 0.016794 0.005249
48 0.714129 0.791901 0.012413 0.013498
48 0.749726 0.753093 0.019350 0.008624
48 0.823658 0.834271 0.010223 0.013498
48 0.820372 0.857143 0.016794 0.013498
48 0.987222 0.921260 0.020445 0.014248
53 0.959474 0.082490 0.043812 0.034496
5 0.866922 0.608924 0.005476 0.003750
5 0.887003 0.847394 0.006207 0.004499
5 0.922417 0.863705 0.006207 0.004124
5 0.019533 0.377390 0.005476 0.003375
5 0.416758 0.469441 0.004016 0.005999
5 0.405440 0.431196 0.003286 0.005249
5 0.415845 0.431009 0.004381 0.004874
48 0.283133 0.025497 0.018620 0.012748
48 0.109529 0.636858 0.036510 0.069366
5 0.152245 0.762842 0.002921 0.007124
5 0.181818 0.782902 0.003651 0.005249
5 0.338445 0.896513 0.005842 0.003750
5 0.336254 0.903825 0.005111 0.002625
5 0.190215 0.063367 0.002921 0.005249
5 0.251004 0.021935 0.003286 0.004124
5 0.187477 0.075928 0.003286 0.003375
5 0.233297 0.512186 0.006572 0.003750
5 0.200073 0.557930 0.006572 0.003750
5 0.317999 0.548744 0.002191 0.004874
5 0.274553 0.656730 0.003651 0.004874
5 0.316721 0.642670 0.003286 0.003750
5 0.214859 0.765654 0.007667 0.003000
5 0.203359 0.716910 0.008032 0.003750
5 0.341000 0.412823 0.004381 0.002250
5 0.391384 0.230971 0.003651 0.003000
5 0.384812 0.235471 0.005111 0.003000
5 0.460752 0.263780 0.005111 0.001125
5 0.544542 0.120922 0.003286 0.004874
5 0.935195 0.896513 0.004016 0.005249
48 0.386820 0.209036 0.039796 0.035621
8 0.481380 0.261155 0.004746 0.003375
8 0.460570 0.275778 0.004746 0.003375
48 0.485396 0.129359 0.036145 0.023247
48 0.484848 0.115673 0.013143 0.011624
53 0.330230 0.261342 0.041256 0.026247
48 0.215407 0.679228 0.013874 0.023622
48 0.221066 0.657668 0.009858 0.020247
48 0.093282 0.693476 0.029573 0.059618
48 0.242424 0.832958 0.027747 0.022122
8 0.468054 0.383952 0.002921 0.005999
48 0.728733 0.780652 0.009493 0.015748
48 0.750091 0.765092 0.012048 0.015373
48 0.811245 0.964942 0.020445 0.016123
5 0.844286 0.582677 0.005476 0.003000
5 0.016977 0.392951 0.004746 0.003000
5 0.423147 0.426134 0.003651 0.005624
5 0.410916 0.430446 0.003286 0.005249
48 0.273457 0.070491 0.021176 0.014248
5 0.079226 0.214286 0.002921 0.004874
5 0.057868 0.219348 0.004016 0.004499
5 0.152245 0.774466 0.005842 0.004874
5 0.287149 0.207162 0.006937 0.002625
5 0.272362 0.267342 0.005842 0.002250
5 0.285871 0.408324 0.002191 0.005249
5 0.215590 0.546119 0.004746 0.001875
5 0.253012 0.534683 0.002191 0.005999
5 0.342643 0.542745 0.008397 0.002625
5 0.341731 0.478628 0.005842 0.004124
5 0.341731 0.473941 0.004381 0.003000
5 0.067908 0.542182 0.002921 0.004499
5 0.281125 0.652793 0.002191 0.004499
5 0.316721 0.619423 0.007667 0.002250
5 0.216867 0.751594 0.005842 0.002625
5 0.212486 0.750469 0.005111 0.002625
5 0.316174 0.810461 0.002921 0.004874
5 0.290069 0.804274 0.002556 0.005249
5 0.343921 0.398388 0.005111 0.003375
5 0.920226 0.482752 0.002556 0.003375
5 0.916758 0.517623 0.003651 0.005624
48 0.046915 0.972066 0.052939 0.041620
48 0.458744 0.179790 0.049288 0.035621
48 0.456188 0.146607 0.010588 0.014998
8 0.584520 0.708849 0.002921 0.004874
13 0.347390 0.873641 0.017160 0.005249
48 0.834611 0.789651 0.009493 0.018748
48 0.809420 0.835021 0.005842 0.011249
5 0.863819 0.616235 0.005111 0.004124
5 0.091639 0.396888 0.005111 0.003375
10 0.068456 0.248219 0.004016 0.007499
5 0.430997 0.447319 0.003286 0.005999
5 0.430997 0.168729 0.005476 0.003750
5 0.079226 0.351894 0.004381 0.007124
5 0.028478 0.389201 0.005111 0.003750
5 0.011318 0.572178 0.002921 0.004499
5 0.162651 0.764904 0.001095 0.006749
5 0.135086 0.913573 0.001460 0.005624
5 0.332968 0.921072 0.003651 0.002625
5 0.120482 0.043120 0.005111 0.005249
5 0.147682 0.142670 0.002556 0.004874
5 0.255933 0.154856 0.006572 0.002250
5 0.245162 0.518935 0.006207 0.004499
5 0.204454 0.530371 0.005111 0.001875
5 0.350128 0.370829 0.005111 0.002250
5 0.358160 0.297713 0.002191 0.005999
5 0.385725 0.255343 0.004016 0.002250
5 0.445418 0.271841 0.004381 0.001500
5 0.445418 0.276528 0.003651 0.002625
5 0.444870 0.279340 0.004746 0.002250
5 0.450712 0.262655 0.004746 0.001875
5 0.449434 0.267717 0.005111 0.001500
5 0.927893 0.879827 0.006207 0.004124
5 0.987222 0.864454 0.004381 0.001125
43 0.875685 0.560930 0.007667 0.011249
48 0.567360 0.226472 0.053304 0.059992
48 0.493611 0.153356 0.011683 0.014248
55 0.215225 0.642107 0.013509 0.015373
48 0.127784 0.829396 0.138737 0.083990
48 0.293173 0.783840 0.021176 0.030371
11 0.075392 0.040495 0.012778 0.005249
48 0.803030 0.895950 0.016429 0.013123
5 0.858342 0.615111 0.005842 0.004124
5 0.924060 0.856580 0.006572 0.004124
5 0.415480 0.425384 0.002921 0.005624
5 0.415845 0.411699 0.003651 0.006749
5 0.428989 0.180352 0.005842 0.003750
10 0.409091 0.209786 0.009127 0.006374
5 0.140927 0.768466 0.005842 0.004124
5 0.140197 0.914698 0.003651 0.004124
5 0.348667 0.902512 0.005842 0.003000
5 0.253195 0.179790 0.004016 0.003375
5 0.231836 0.221972 0.006572 0.004499
5 0.248996 0.251031 0.002921 0.005624
5 0.301935 0.261717 0.002921 0.005999
5 0.315078 0.415448 0.002191 0.004499
5 0.202629 0.536933 0.004381 0.002250
5 0.410369 0.529434 0.005111 0.003000
5 0.288609 0.654668 0.002556 0.004499
5 0.271449 0.656355 0.002556 0.003375
5 0.211208 0.754406 0.005476 0.002250
5 0.362176 0.438320 0.003651 0.003750
5 0.348850 0.373453 0.007667 0.002250
48 0.254290 0.600675 0.025192 0.041995
48 0.270354 0.190101 0.059511 0.119985
48 0.491968 0.081927 0.017890 0.019123
11 0.190581 0.652044 0.013874 0.005249
11 0.036692 0.811399 0.006937 0.020997
48 0.232019 0.887514 0.028112 0.021747
5 0.574662 0.699100 0.002921 0.004874
10 0.121395 0.211474 0.006207 0.016498
48 0.867287 0.483315 0.033954 0.024747
48 0.766338 0.959130 0.009493 0.006749
48 0.822928 0.975816 0.008032 0.013123
5 0.979372 0.591114 0.005476 0.003375
5 0.963308 0.787027 0.004016 0.005249
5 0.017160 0.389951 0.004381 0.003750
8 0.298284 0.478440 0.002921 0.005249
5 0.426068 0.446757 0.003651 0.005624
5 0.428989 0.412448 0.003651 0.005999
5 0.437021 0.386952 0.002921 0.005999
8 0.437751 0.344207 0.003651 0.006749
13 0.414932 0.170604 0.011318 0.025497
5 0.026470 0.394076 0.005476 0.002250
5 0.165754 0.993063 0.002191 0.004874
5 0.348302 0.904199 0.004381 0.002625
5 0.343739 0.924634 0.006207 0.003000
5 0.146769 0.067304 0.003651 0.006374
5 0.228368 0.238658 0.005476 0.002625
5 0.250456 0.494751 0.005842 0.004124
5 0.215407 0.526247 0.002921 0.003375
5 0.199525 0.564304 0.006207 0.003000
5 0.405440 0.561492 0.004746 0.004124
5 0.409639 0.538808 0.005111 0.003750
5 0.425338 0.525122 0.005842 0.002625
5 0.348302 0.492501 0.002191 0.004874
5 0.269076 0.538245 0.002191 0.004124
5 0.423512 0.347957 0.002191 0.005999
5 0.442862 0.115486 0.004381 0.004499
5 0.960935 0.086427 0.003651 0.004874
5 0.838080 0.376453 0.004016 0.005249
11 0.944870 0.661417 0.011683 0.004499
10 0.945601 0.610986 0.005111 0.010874
10 0.529573 0.276340 0.007667 0.003750
48 0.491785 0.058493 0.013143 0.017248
48 0.442315 0.136295 0.005476 0.007874
48 0.249726 0.796963 0.027747 0.023622
48 0.234757 0.706787 0.024096 0.020247
8 0.370756 0.956505 0.002556 0.004499
48 0.595473 0.655981 0.010223 0.010124
5 0.533954 0.737158 0.005476 0.003000
12 0.253377 0.864642 0.006572 0.005249
5 0.302483 0.806149 0.003286 0.004499
10 0.331143 0.847956 0.007302 0.006374
48 0.057138 0.533933 0.014969 0.020997
48 0.371121 0.041432 0.013509 0.013123
48 0.813436 0.743532 0.013874 0.014998
48 0.788609 0.848706 0.010953 0.008624
5 0.844651 0.607049 0.005476 0.003000
5 0.859073 0.625047 0.005111 0.003750
5 0.979372 0.594488 0.004746 0.003375
5 0.039248 0.273528 0.004746 0.003375
5 0.038518 0.342145 0.005476 0.003375
10 0.068638 0.220285 0.008762 0.010124
5 0.434100 0.447694 0.003651 0.005249
5 0.028843 0.384514 0.005842 0.003375
5 0.143666 0.787402 0.002556 0.007499
5 0.185104 0.782902 0.002191 0.005249
5 0.215590 0.245782 0.004016 0.004874
5 0.252647 0.414136 0.007302 0.002625
5 0.299379 0.412636 0.002921 0.005624
5 0.246623 0.440382 0.004016 0.002625
5 0.274005 0.472628 0.002556 0.005624
5 0.321833 0.495876 0.004016 0.003375
5 0.213947 0.553431 0.005111 0.002250
5 0.278386 0.641545 0.001825 0.003750
5 0.280029 0.657105 0.002191 0.004124
5 0.258854 0.829959 0.007302 0.004124
5 0.356882 0.401012 0.004016 0.001875
5 0.384082 0.260780 0.004381 0.002625
5 0.385907 0.233033 0.004381 0.001875
5 0.465681 0.264904 0.003286 0.001875
5 0.476269 0.013311 0.007667 0.004124
5 0.934648 0.421260 0.002191 0.003375
5 0.904527 0.476378 0.002556 0.004874
5 0.919679 0.487439 0.003651 0.002250
5 0.918401 0.494938 0.004746 0.001500
5 0.971705 0.089614 0.003286 0.002250
5 0.942862 0.070491 0.004746 0.003750
10 0.940124 0.619048 0.005842 0.012748
48 0.142935 0.577615 0.025192 0.040120
48 0.459657 0.215411 0.040891 0.051369
10 0.530303 0.294151 0.005476 0.003375
48 0.525922 0.116985 0.013509 0.012748
8 0.438846 0.108361 0.004381 0.004499
48 0.447426 0.144732 0.011318 0.013498
48 0.585980 0.184664 0.016064 0.028121
48 0.329135 0.579678 0.079226 0.050994
48 0.388645 0.744844 0.079226 0.148106
48 0.079956 0.904387 0.023366 0.021747
10 0.295546 0.811961 0.007667 0.004124
48 0.201899 0.940195 0.050383 0.037870
48 0.354144 0.039183 0.027017 0.031871
48 0.739321 0.790401 0.010953 0.015748
48 0.731106 0.795651 0.013509 0.023247
48 0.800840 0.741095 0.015699 0.016123
48 0.775465 0.770154 0.016794 0.017248
48 0.789704 0.928946 0.010953 0.010124
48 0.820555 0.895763 0.019350 0.033746
48 0.968237 0.922572 0.016064 0.018373
5 0.991055 0.880390 0.003286 0.005249
5 0.866192 0.587552 0.005476 0.003000
5 0.865644 0.592238 0.005111 0.003375
5 0.885907 0.855456 0.004746 0.004124
5 0.885725 0.852643 0.005842 0.003750
8 0.090727 0.401762 0.005476 0.003375
5 0.027017 0.342707 0.005111 0.003000
5 0.037970 0.344582 0.005842 0.003750
5 0.412924 0.425384 0.002921 0.005624
5 0.430449 0.433258 0.003651 0.006374
48 0.290434 0.097113 0.017160 0.019498
5 0.382621 0.156543 0.005111 0.003375
10 0.393392 0.191039 0.004016 0.007124
10 0.091457 0.273153 0.005476 0.008624
11 0.502191 0.678290 0.023001 0.008999
5 0.107886 0.070491 0.004746 0.006749
5 0.168127 0.766404 0.002556 0.008999
5 0.137641 0.913386 0.001460 0.005249
5 0.140015 0.905699 0.002556 0.004874
5 0.244615 0.895763 0.004381 0.003750
5 0.262139 0.470004 0.001460 0.004124
5 0.202081 0.543682 0.004746 0.003000
5 0.345564 0.458568 0.006937 0.003000
5 0.345747 0.449756 0.006572 0.002625
5 0.377145 0.561305 0.004381 0.004499
5 0.389923 0.563555 0.002921 0.004499
5 0.213399 0.748781 0.004746 0.001500
5 0.387915 0.299775 0.003286 0.004874
5 0.304308 0.284589 0.002556 0.004499
5 0.430632 0.241845 0.006207 0.002250
5 0.445966 0.251594 0.003286 0.003000
5 0.451625 0.040120 0.004381 0.003000
5 0.469514 0.137608 0.005111 0.003000
5 0.899416 0.512748 0.002556 0.004874
5 0.971340 0.756655 0.003286 0.004499
5 0.920957 0.808211 0.002556 0.002625
5 0.842096 0.964567 0.002556 0.003375
48 0.160460 0.582115 0.027382 0.040120
48 0.479007 0.060555 0.015334 0.016123
48 0.499452 0.072178 0.016064 0.015373
48 0.463490 0.077615 0.010588 0.011249
8 0.339175 0.255531 0.003651 0.006374
48 0.248631 0.714848 0.016064 0.030371
48 0.334976 0.967192 0.006207 0.010874
5 0.277108 0.804087 0.003651 0.005624
8 0.474078 0.383952 0.003286 0.006749
8 0.465681 0.383952 0.002556 0.005999
11 0.067725 0.058868 0.003286 0.006749
48 0.772727 0.902325 0.015699 0.013873
48 0.856700 0.868766 0.010588 0.007499
5 0.030303 0.380015 0.005111 0.003375
5 0.034502 0.380577 0.003286 0.004499
5 0.015152 0.402137 0.004746 0.002625
5 0.430267 0.452568 0.003286 0.005249
5 0.423695 0.412448 0.003286 0.006749
5 0.381344 0.163480 0.005476 0.003000
5 0.585798 0.664042 0.005476 0.003750
5 0.033954 0.356018 0.008032 0.002625
5 0.335889 0.900637 0.005111 0.003000
5 0.208470 0.245407 0.003651 0.004874
5 0.420226 0.550806 0.007302 0.002250
5 0.242059 0.626359 0.003651 0.002625
5 0.345929 0.380952 0.004016 0.002250
5 0.360168 0.383390 0.004016 0.003375
5 0.346842 0.296775 0.001460 0.005624
5 0.339540 0.294151 0.001460 0.006374
5 0.329682 0.292276 0.002191 0.004124
5 0.387003 0.250281 0.005111 0.002625
5 0.434648 0.261342 0.003286 0.002250
5 0.426616 0.097113 0.002556 0.003000
5 0.503286 0.120547 0.002556 0.004124
43 0.862906 0.556618 0.012048 0.004124
48 0.166119 0.711286 0.079591 0.071991
48 0.202811 0.928384 0.016429 0.012748
5 0.020263 0.897075 0.002556 0.006374
5 0.309237 0.808024 0.002921 0.005249
48 0.178897 0.980128 0.015334 0.014998
10 0.134173 0.216910 0.007667 0.004874
39 0.118839 0.035246 0.004016 0.008249
48 0.899416 0.564492 0.026652 0.029621
48 0.739686 0.746719 0.012413 0.016123
48 0.692771 0.778965 0.006937 0.008624
48 0.855422 0.863517 0.012413 0.019498
5 0.844834 0.580052 0.005111 0.003750
5 0.866740 0.605924 0.005111 0.003000
5 0.080869 0.397263 0.006207 0.004124
8 0.294268 0.034683 0.003651 0.007124
5 0.429171 0.426509 0.003286 0.006374
5 0.431362 0.412636 0.003286 0.005624
5 0.381344 0.161042 0.005476 0.003375
5 0.949799 0.837083 0.004746 0.007874
5 0.143666 0.906262 0.002556 0.005249
5 0.244615 0.898013 0.005111 0.002250
5 0.333698 0.915823 0.005111 0.002625
5 0.245528 0.149231 0.004016 0.004499
5 0.238043 0.190101 0.005842 0.003000
5 0.251187 0.488564 0.005842 0.003000
5 0.347755 0.519872 0.004746 0.002625
5 0.316539 0.755156 0.005111 0.002250
5 0.314166 0.769216 0.005476 0.002625
5 0.385360 0.299775 0.002556 0.004874
5 0.460935 0.280840 0.004016 0.001500
5 0.476269 0.281965 0.004016 0.003000
5 0.437203 0.095051 0.002556 0.003375
5 0.445601 0.126547 0.002556 0.003375
5 0.924608 0.489126 0.001825 0.004874
5 0.909273 0.515186 0.002556 0.005249
5 0.913837 0.516310 0.002921 0.004499
5 0.951625 0.051181 0.003286 0.002625
5 0.982475 0.929884 0.003651 0.003750
5 0.987587 0.930821 0.002921 0.004874
5 0.950529 0.847769 0.003286 0.004499
10 0.949617 0.640607 0.007302 0.002625
10 0.837714 0.645857 0.006937 0.009374
10 0.578131 0.297525 0.011318 0.004874
48 0.496532 0.091489 0.016064 0.014248
48 0.510223 0.111361 0.015699 0.015748
48 0.520080 0.131796 0.020080 0.019123
55 0.206462 0.634608 0.006207 0.006374
48 0.429171 0.764342 0.069003 0.189351
8 0.273092 0.122985 0.002921 0.005249
5 0.992333 0.852081 0.005842 0.003375
48 0.681453 0.800712 0.014969 0.013873
48 0.787331 0.901950 0.010588 0.012373
48 0.802118 0.858643 0.013874 0.011998
5 0.845016 0.585677 0.004746 0.003000
5 0.843921 0.588676 0.004746 0.003000
5 0.864367 0.594488 0.006207 0.003375
5 0.870208 0.593176 0.005476 0.003000
10 0.121577 0.429884 0.020445 0.009374
5 0.039978 0.337833 0.006207 0.003750
5 0.404162 0.462505 0.002921 0.005624
5 0.405988 0.468879 0.003651 0.006374
5 0.422052 0.452006 0.002921 0.004874
5 0.439394 0.386952 0.003286 0.005999
11 0.421139 0.175853 0.008397 0.023997
5 0.084885 0.323959 0.004016 0.005999
8 0.046367 0.369704 0.003651 0.007499
5 0.066083 0.069179 0.002921 0.007124
5 0.104053 0.069929 0.002191 0.004124
5 0.156992 0.775966 0.005842 0.004124
5 0.333333 0.912073 0.005111 0.004124
5 0.344469 0.917135 0.007667 0.003000
5 0.285871 0.217473 0.005111 0.003000
5 0.293903 0.261155 0.002191 0.006374
5 0.263965 0.424822 0.008032 0.003000
5 0.282402 0.657668 0.002556 0.004499
5 0.374589 0.283090 0.005842 0.004499
5 0.384447 0.257405 0.004381 0.002625
5 0.434648 0.255906 0.004746 0.002625
5 0.444870 0.259093 0.004746 0.001500
5 0.449617 0.255531 0.004016 0.002625
5 0.918949 0.598425 0.005111 0.001500
11 0.940489 0.684852 0.011683 0.005624
48 0.328770 0.227784 0.032494 0.040870
48 0.491238 0.174541 0.015699 0.014623
10 0.341548 0.269029 0.003286 0.006374
48 0.125776 0.704162 0.027382 0.062992
11 0.078131 0.740532 0.010223 0.006749
48 0.059511 0.801087 0.028478 0.029621
48 0.079774 0.767342 0.017160 0.037870
48 0.246258 0.815898 0.030303 0.023247
8 0.366192 0.955568 0.002921 0.006374
10 0.256846 0.868016 0.006207 0.007499
12 0.351041 0.853018 0.008397 0.006749
10 0.106426 0.217848 0.004016 0.005249
48 0.906535 0.526434 0.021906 0.023997
48 0.746623 0.777653 0.014604 0.009749
48 0.782402 0.821147 0.017525 0.012748
8 0.841731 0.595988 0.006207 0.003375
5 0.865644 0.589801 0.005842 0.003750
48 0.893027 0.624484 0.056225 0.072366
5 0.420591 0.446194 0.002921 0.005999
5 0.435926 0.407199 0.002921 0.005999
5 0.425520 0.385827 0.003286 0.006749
5 0.026287 0.397825 0.007302 0.003750
5 0.157722 0.772778 0.005111 0.003000
5 0.245893 0.049494 0.003286 0.008249
5 0.295181 0.164042 0.006937 0.003375
5 0.267798 0.255156 0.004016 0.004874
5 0.256480 0.390701 0.005476 0.003750
5 0.281490 0.406074 0.004381 0.005249
5 0.380978 0.561492 0.001825 0.006374
5 0.412012 0.524747 0.006207 0.001875
5 0.311610 0.808024 0.001825 0.004499
5 0.258671 0.834458 0.003286 0.003375
5 0.416575 0.517248 0.003651 0.004874
6 0.460752 0.382827 0.002921 0.008249
5 0.429719 0.261155 0.003651 0.002625
5 0.429901 0.264342 0.003286 0.002250
5 0.429354 0.266592 0.004381 0.003000
5 0.449617 0.260217 0.005476 0.002250
5 0.536692 0.107612 0.003651 0.003750
5 0.884264 0.824147 0.004381 0.002250
5 0.920226 0.868016 0.004746 0.003750
10 0.535232 0.300712 0.006572 0.004499
48 0.463308 0.145857 0.010953 0.018748
48 0.477364 0.101237 0.012778 0.017248
48 0.462943 0.102925 0.016064 0.014623
48 0.484118 0.152231 0.009493 0.011998
48 0.442497 0.129734 0.006572 0.007499
11 0.039978 0.791339 0.006937 0.021372
48 0.235487 0.871204 0.028478 0.020622
48 0.227273 0.759843 0.015699 0.039370
12 0.254107 0.861080 0.006572 0.005624
48 0.724169 0.409636 0.015699 0.014623
48 0.854326 0.809899 0.034319 0.053243
48 0.819825 0.848519 0.018620 0.008999
48 0.784775 0.872516 0.014969 0.019498
48 0.772362 0.880015 0.009858 0.006749
48 0.787696 0.920697 0.011318 0.010124
5 0.845929 0.601612 0.005111 0.002625
5 0.922417 0.861080 0.006207 0.004124
10 0.033224 0.435321 0.004381 0.007499
5 0.046732 0.302962 0.006572 0.003750
5 0.039065 0.340082 0.005842 0.003000
5 0.023366 0.358455 0.005111 0.003000
5 0.021723 0.370641 0.005476 0.002625
5 0.015517 0.399888 0.004746 0.002625
5 0.427163 0.452193 0.002921 0.005249
5 0.257758 0.151481 0.005842 0.003000
5 0.306681 0.545744 0.002191 0.005624
5 0.266156 0.656918 0.002921 0.003750
5 0.428258 0.308024 0.002921 0.004124
5 0.387368 0.248219 0.005111 0.001500
5 0.388828 0.240157 0.005842 0.001125
5 0.965316 0.959130 0.002921 0.004499
48 0.471705 0.094113 0.016064 0.014998
10 0.336072 0.267904 0.003286 0.005624
48 0.292077 0.686352 0.069368 0.049119
11 0.035414 0.801462 0.005842 0.016873
5 0.361628 0.955193 0.002556 0.004874
48 0.326214 0.978440 0.009127 0.008624
48 0.608799 0.655418 0.012048 0.011249
48 0.086893 0.024559 0.025557 0.021372
48 0.767616 0.865767 0.007667 0.008249
48 0.756846 0.953131 0.008762 0.009749
48 0.862176 0.938133 0.014239 0.020247
5 0.860350 0.610611 0.005476 0.003375
5 0.869113 0.597863 0.005476 0.002625
53 0.855604 0.606299 0.046367 0.058493
8 0.948156 0.691789 0.005842 0.003750
5 0.035962 0.351519 0.005476 0.003375
5 0.420591 0.431571 0.003651 0.005249
5 0.436473 0.413011 0.003286 0.005624
5 0.412194 0.410574 0.003651 0.006749
5 0.420591 0.368391 0.003651 0.006374
5 0.426616 0.369141 0.004016 0.005624
48 0.269259 0.062055 0.009858 0.011624
5 0.381891 0.158980 0.005111 0.003000
39 0.456371 0.937008 0.008032 0.012748
5 0.186382 0.779715 0.001825 0.004874
5 0.140745 0.042557 0.004746 0.004874
5 0.230559 0.224784 0.004746 0.002625
5 0.212121 0.561492 0.006572 0.001875
5 0.333333 0.518560 0.004381 0.003000
5 0.344104 0.538058 0.006937 0.003000
5 0.397043 0.565242 0.003286 0.005624
5 0.400511 0.566554 0.003651 0.003750
5 0.065352 0.529246 0.005111 0.001875
5 0.318912 0.642482 0.001825 0.004124
5 0.321285 0.810274 0.002921 0.004499
5 0.389558 0.235658 0.005111 0.002625
5 0.445601 0.264529 0.004016 0.001875
5 0.445418 0.266592 0.003651 0.003000
5 0.450164 0.264529 0.003651 0.002625
5 0.553122 0.139108 0.002921 0.003000
5 0.495436 0.108549 0.002921 0.003375
5 0.885177 0.806712 0.004016 0.005624
5 0.843921 0.776528 0.003286 0.003000
43 0.882256 0.562992 0.006937 0.011624
5 0.476086 0.270154 0.005111 0.002625
10 0.530120 0.297338 0.007302 0.003750
48 0.476269 0.149044 0.008397 0.015373
48 0.519898 0.159918 0.013143 0.018373
13 0.421322 0.246532 0.004381 0.017623
10 0.277656 0.124672 0.004746 0.007874
48 0.786966 0.839708 0.012048 0.013123
48 0.819825 0.805962 0.007667 0.011624
48 0.820190 0.822647 0.019350 0.015748
48 0.786784 0.955193 0.022636 0.013123
5 0.866557 0.585489 0.005476 0.003375
5 0.977912 0.602175 0.006937 0.003750
5 0.049836 0.278215 0.004746 0.003750
5 0.024644 0.353956 0.005476 0.002250
5 0.417488 0.450881 0.002556 0.004124
5 0.380613 0.281590 0.004746 0.003750
5 0.430267 0.173228 0.005476 0.003750
5 0.429719 0.175666 0.005842 0.003375
5 0.010040 0.557743 0.004016 0.004874
5 0.052026 0.564492 0.004016 0.004874
5 0.052574 0.571429 0.003651 0.005249
5 0.212669 0.105174 0.004746 0.002625
5 0.296276 0.159168 0.006207 0.004124
5 0.289887 0.196475 0.005111 0.001500
5 0.346477 0.555118 0.002191 0.004874
5 0.408178 0.547619 0.003651 0.002625
5 0.416758 0.503187 0.005476 0.002250
5 0.272727 0.641732 0.002921 0.004124
5 0.259401 0.825459 0.005476 0.004124
5 0.395217 0.300712 0.001825 0.004499
5 0.390471 0.300525 0.001825 0.004874
5 0.344286 0.294901 0.002191 0.004874
5 0.325484 0.291339 0.002556 0.004499
5 0.434648 0.258530 0.004016 0.001875
5 0.465316 0.259843 0.006207 0.002250
5 0.897408 0.500375 0.002191 0.004874
43 0.861446 0.561305 0.010588 0.004499
5 0.453815 0.128796 0.005111 0.004874
13 0.405440 0.246532 0.006937 0.022872
11 0.347755 0.257593 0.005476 0.010499
48 0.040526 0.683352 0.028478 0.058118
48 0.212486 0.836895 0.054765 0.119235
48 0.329865 0.951631 0.024461 0.021747
10 0.142023 0.072553 0.003651 0.007874
48 0.665754 0.812711 0.013509 0.010874
48 0.770719 0.859205 0.006572 0.007124
48 0.855239 0.880952 0.013509 0.017623
5 0.081234 0.394451 0.005476 0.003000
5 0.044724 0.310274 0.006207 0.003375
5 0.030668 0.324709 0.004381 0.003000
5 0.017160 0.387139 0.005111 0.003375
5 0.415845 0.445819 0.002921 0.005249
5 0.433917 0.413198 0.003286 0.005999
8 0.444688 0.345144 0.003651 0.007124
48 0.266521 0.074991 0.011683 0.013498
48 0.275465 0.078928 0.015699 0.012373
5 0.375502 0.280277 0.004746 0.003375
5 0.383717 0.154481 0.005842 0.003750
5 0.103687 0.079115 0.004381 0.005999
5 0.155896 0.764154 0.003651 0.005999
5 0.266703 0.041057 0.004016 0.006374
5 0.264147 0.348519 0.005476 0.004124
5 0.342643 0.470754 0.004016 0.003375
5 0.317817 0.752343 0.004746 0.001875
5 0.304856 0.639670 0.002191 0.004499
5 0.311062 0.641170 0.002191 0.003750
5 0.294451 0.660855 0.002556 0.003375
5 0.434830 0.265467 0.005111 0.003000
5 0.460570 0.265842 0.003286 0.002250
5 0.943227 0.074616 0.005476 0.002250
5 0.906170 0.169104 0.003651 0.005999
48 0.273640 0.604612 0.029573 0.042370
48 0.355422 0.231346 0.033224 0.038995
48 0.480285 0.108174 0.014239 0.015373
48 0.449069 0.112298 0.023366 0.027372
5 0.450347 0.124484 0.004016 0.004499
55 0.210113 0.665729 0.012048 0.016123
55 0.206462 0.679790 0.013509 0.016498
13 0.039248 0.773528 0.005476 0.016498
48 0.238408 0.852643 0.030668 0.026247
48 0.333698 0.746157 0.018255 0.026247
14 0.531763 0.678478 0.011318 0.006374
8 0.595290 0.700037 0.003286 0.004499
48 0.070829 0.563555 0.027017 0.039745
48 0.902884 0.782527 0.028478 0.023247
48 0.923147 0.577615 0.013509 0.009374
48 0.729646 0.812898 0.009858 0.012748
48 0.756663 0.779528 0.008397 0.013498
48 0.817452 0.834083 0.005842 0.013123
48 0.816904 0.976753 0.009858 0.014248
48 0.821833 0.090176 0.016064 0.013873
5 0.979372 0.589051 0.005476 0.003000
5 0.964403 0.782715 0.003286 0.004124
5 0.925155 0.853768 0.006572 0.004499
5 0.403249 0.467941 0.003286 0.005249
5 0.430449 0.406449 0.003651 0.005999
5 0.433370 0.406824 0.003651 0.005999
10 0.548193 0.128796 0.005476 0.007874
5 0.021541 0.510686 0.002921 0.004499
5 0.165024 0.765842 0.002191 0.007124
5 0.246623 0.517248 0.004016 0.002625
5 0.392296 0.564117 0.003286 0.004874
5 0.204454 0.738283 0.005111 0.003000
5 0.308507 0.285902 0.002191 0.004124
5 0.912924 0.413198 0.002556 0.003750
5 0.892844 0.499438 0.002556 0.005249
5 0.916575 0.503000 0.004746 0.002625
5 0.918766 0.590176 0.005476 0.002250
42 0.858708 0.568804 0.007302 0.003750
48 0.292808 0.608174 0.029208 0.041995
48 0.508215 0.086427 0.016064 0.016873
53 0.328405 0.292463 0.064622 0.024747
48 0.181636 0.670041 0.043447 0.034496
48 0.074845 0.690289 0.029208 0.060742
8 0.138554 0.774841 0.005476 0.003375
8 0.139284 0.770341 0.005476 0.003375
48 0.273457 0.766029 0.087623 0.064492
48 0.249909 0.930446 0.026652 0.018373
11 0.341731 0.883390 0.021176 0.009749
8 0.219423 0.973003 0.003651 0.005999
8 0.470975 0.383952 0.002921 0.006749
10 0.114823 0.171916 0.002556 0.006374
48 0.803030 0.410949 0.011318 0.026997
48 0.925155 0.634608 0.048923 0.106862
48 0.759036 0.765467 0.008762 0.016123
48 0.692406 0.766779 0.007667 0.006749
48 0.688390 0.799588 0.008397 0.008624
48 0.771815 0.796026 0.008762 0.008999
48 0.809967 0.847582 0.006207 0.007874
48 0.864549 0.873453 0.010953 0.015373
5 0.850128 0.586802 0.005476 0.003000
5 0.846842 0.598988 0.005476 0.004124
5 0.842096 0.614923 0.006207 0.003750
5 0.861628 0.607612 0.005111 0.004124
5 0.870026 0.595801 0.005111 0.003750
5 0.865097 0.611736 0.004746 0.003375
5 0.923147 0.858643 0.006937 0.004499
5 0.295728 0.028496 0.002921 0.005249
5 0.432822 0.433258 0.003286 0.005624
10 0.408908 0.205849 0.009493 0.005249
43 0.471340 0.944507 0.011683 0.006749
5 0.035597 0.298088 0.005476 0.003750
5 0.025922 0.351144 0.005111 0.003375
5 0.137276 0.781215 0.005842 0.004124
5 0.256663 0.911886 0.003651 0.003750
5 0.121395 0.134796 0.004016 0.005624
5 0.253195 0.411511 0.006937 0.002625
5 0.283680 0.407387 0.002191 0.004874
5 0.231106 0.516873 0.005842 0.003375
5 0.201351 0.547619 0.004746 0.002625
5 0.212669 0.564679 0.005476 0.002250
5 0.298649 0.544057 0.002921 0.006749
5 0.362541 0.559055 0.004381 0.006749
5 0.407265 0.549681 0.004016 0.001500
5 0.303395 0.630859 0.004381 0.001875
5 0.213582 0.769404 0.005111 0.003000
5 0.360533 0.376265 0.006937 0.003375
5 0.434100 0.349831 0.002191 0.003750
5 0.328039 0.291526 0.002556 0.004874
5 0.942862 0.606112 0.001825 0.004874
5 0.941402 0.880390 0.002556 0.005249
5 0.944688 0.886764 0.002556 0.003750
5 0.993063 0.849831 0.006572 0.002625
5 0.844651 0.796213 0.003286 0.004124
48 0.455823 0.091864 0.017160 0.018748
8 0.497627 0.287402 0.005111 0.003375
48 0.150785 0.668541 0.023366 0.021747
11 0.100037 0.746344 0.009493 0.006374
48 0.324388 0.789839 0.020811 0.030371
48 0.539796 0.661230 0.021541 0.026622
10 0.149325 0.899888 0.010223 0.005999
48 0.202994 0.974128 0.035049 0.024747
48 0.099489 0.533933 0.033954 0.023997
48 0.123950 0.575178 0.027382 0.036745
48 0.978277 0.706599 0.012778 0.015373
48 0.692589 0.793213 0.008762 0.010124
48 0.778204 0.857893 0.009127 0.008999
48 0.773823 0.872516 0.009127 0.010499
10 0.989777 0.956318 0.004381 0.008624
5 0.845199 0.604237 0.005111 0.002625
5 0.021176 0.372891 0.004381 0.003375
8 0.426616 0.344020 0.004016 0.007124
10 0.390288 0.189726 0.004381 0.008999
5 0.580686 0.664042 0.005476 0.003000
5 0.046915 0.556430 0.003286 0.005249
5 0.140380 0.022685 0.002556 0.004874
5 0.240234 0.091676 0.003651 0.004874
5 0.294451 0.170041 0.004016 0.002625
5 0.284228 0.224409 0.004016 0.002625
5 0.310515 0.415261 0.001825 0.004874
5 0.259766 0.443570 0.006207 0.003000
5 0.296824 0.485377 0.008032 0.004124
5 0.247353 0.500937 0.006937 0.005249
5 0.347755 0.524372 0.004746 0.003375
5 0.355422 0.473566 0.006207 0.003750
5 0.217233 0.753281 0.005111 0.002250
5 0.386637 0.253093 0.005111 0.002250
5 0.430997 0.243720 0.004746 0.001500
5 0.429901 0.254406 0.004016 0.001875
5 0.430267 0.259280 0.004016 0.001875
5 0.435378 0.245219 0.004746 0.003000
5 0.445053 0.281590 0.003651 0.002250
5 0.449799 0.258155 0.005842 0.001875
5 0.476451 0.267529 0.004381 0.002625
5 0.476086 0.144169 0.004381 0.001875
5 0.550748 0.161230 0.001825 0.005999
5 0.828222 0.187852 0.003286 0.003000
5 0.894852 0.500000 0.002191 0.004874
5 0.952902 0.048556 0.004381 0.001875
5 0.981745 0.934946 0.004381 0.002625
5 0.990690 0.859393 0.004016 0.002250
48 0.197152 0.587552 0.027017 0.042745
53 0.218328 0.760030 0.015334 0.035996
12 0.267251 0.811961 0.005842 0.005624
12 0.350675 0.849831 0.007667 0.005624
48 0.088901 0.566367 0.023731 0.034121
5 0.124681 0.045557 0.005476 0.004874
48 0.735122 0.806899 0.012048 0.013498
48 0.820920 0.866892 0.019350 0.010499
48 0.830413 0.975066 0.013509 0.014623
48 0.826396 0.050056 0.016429 0.013873
48 0.823476 0.068054 0.018620 0.014623
5 0.843921 0.612861 0.005476 0.003375
10 0.070646 0.380390 0.004746 0.007124
8 0.043812 0.317585 0.006572 0.004499
5 0.423147 0.432133 0.002191 0.005624
10 0.399233 0.191039 0.005476 0.009374
10 0.085615 0.310086 0.004746 0.007499
43 0.471340 0.948631 0.011683 0.006749
5 0.159912 0.764154 0.002191 0.008249
5 0.284045 0.221410 0.006572 0.002625
5 0.255020 0.393888 0.006937 0.002625
5 0.300840 0.479940 0.002921 0.004499
5 0.212669 0.558118 0.007667 0.001875
5 0.370573 0.560930 0.002921 0.005249
5 0.373677 0.560367 0.002556 0.006374
5 0.385177 0.562992 0.002921 0.005624
5 0.394670 0.563929 0.003651 0.007499
5 0.410916 0.534308 0.004016 0.003000
5 0.066995 0.526809 0.006207 0.002250
5 0.409639 0.410574 0.002191 0.005999
5 0.355787 0.373828 0.002556 0.005999
5 0.353596 0.297713 0.001825 0.006749
5 0.341913 0.294338 0.001825 0.004499
5 0.313070 0.287214 0.001825 0.004499
5 0.546185 0.146232 0.005111 0.001500
5 0.896313 0.470004 0.003651 0.003375
5 0.915298 0.480690 0.002921 0.006749
5 0.918766 0.497000 0.004746 0.001875
5 0.933005 0.901575 0.003286 0.004874
10 0.952720 0.631046 0.011318 0.005999
48 0.177620 0.584739 0.027382 0.043120
48 0.503468 0.079490 0.016064 0.017248
55 0.212304 0.654106 0.012048 0.014623
53 0.280394 0.652044 0.037240 0.029246
14 0.548375 0.679977 0.018985 0.006374
10 0.200256 0.909261 0.012048 0.005999
8 0.274553 0.802775 0.005111 0.008249
5 0.304673 0.806337 0.004016 0.004874
12 0.352136 0.856205 0.008397 0.006374
48 0.107156 0.533558 0.054399 0.048744
48 0.358708 0.025309 0.013509 0.013873
48 0.801387 0.846832 0.010953 0.010124
5 0.970062 0.788526 0.003651 0.005999
5 0.031033 0.377203 0.005111 0.003000
5 0.016247 0.397638 0.004746 0.002625
5 0.426250 0.426884 0.003286 0.005624
5 0.400694 0.133108 0.006207 0.003750
5 0.282585 0.097300 0.002921 0.005624
5 0.287696 0.204162 0.005842 0.002625
5 0.258489 0.452568 0.005842 0.003000
5 0.271632 0.472066 0.002191 0.004499
5 0.277108 0.473191 0.002921 0.005999
5 0.252829 0.481252 0.006207 0.004124
5 0.341365 0.481252 0.004381 0.004124
5 0.070099 0.541995 0.002921 0.004124
5 0.361446 0.443007 0.003651 0.004124
5 0.438664 0.037495 0.004016 0.003000
5 0.479189 0.049306 0.003286 0.002625
5 0.348850 0.511998 0.006207 0.004124
48 0.534867 0.219348 0.038700 0.068241
48 0.466046 0.087364 0.015699 0.016498
48 0.458379 0.064117 0.016429 0.022497
8 0.344286 0.256843 0.003651 0.007499
5 0.587623 0.700037 0.002556 0.004499
48 0.050383 0.895950 0.025557 0.028121
8 0.168310 0.977503 0.003651 0.006749
48 0.735670 0.775778 0.010953 0.017248
48 0.673421 0.805774 0.014239 0.013498
48 0.800110 0.835208 0.008397 0.013123
48 0.770354 0.847394 0.007302 0.009749
48 0.784593 0.812148 0.018255 0.013498
48 0.767798 0.939070 0.011683 0.011624
48 0.786236 0.944882 0.021541 0.009749
48 0.803578 0.922197 0.011683 0.009374
48 0.836254 0.206412 0.012778 0.010124
5 0.986674 0.877765 0.002556 0.004499
5 0.861446 0.604987 0.005476 0.003375
5 0.037422 0.346832 0.005476 0.003000
5 0.031946 0.371766 0.005476 0.003375
5 0.438299 0.407574 0.003286 0.005999
5 0.429536 0.359768 0.003286 0.006374
5 0.447426 0.361455 0.004016 0.006749
5 0.428076 0.182415 0.005476 0.003375
5 0.379883 0.175291 0.005476 0.004124
5 0.167032 0.774653 0.005476 0.002250
5 0.213399 0.245032 0.001825 0.006374
5 0.274005 0.404949 0.002556 0.005999
5 0.246258 0.514811 0.004746 0.001500
5 0.291530 0.542745 0.002556 0.004874
5 0.331325 0.532433 0.005476 0.002250
5 0.356334 0.557930 0.002191 0.005249
5 0.278569 0.652231 0.002191 0.004124
5 0.354144 0.348519 0.004381 0.001875
5 0.408361 0.302025 0.001825 0.005624
5 0.476086 0.262467 0.003651 0.003000
5 0.676889 0.088301 0.006572 0.001875
5 0.981563 0.716910 0.003286 0.005249
5 0.936291 0.885639 0.002556 0.003750
48 0.514421 0.122797 0.018255 0.016123
48 0.439211 0.078553 0.008762 0.007874
48 0.085615 0.864267 0.145674 0.056993
48 0.329135 0.766779 0.019350 0.021747
5 0.571924 0.685414 0.004746 0.003000
12 0.254290 0.857330 0.006937 0.005624
8 0.217233 0.983502 0.003651 0.006749
10 0.099854 0.246907 0.003286 0.007124
48 0.761044 0.877765 0.010588 0.008999
48 0.785506 0.938133 0.019350 0.011249
48 0.830230 0.938695 0.015334 0.012373
48 0.856700 0.898388 0.012048 0.015748
48 0.842461 0.898013 0.016429 0.016498
5 0.995254 0.875516 0.003651 0.005249
48 0.773092 0.751031 0.013509 0.017248
5 0.859438 0.612861 0.005111 0.003375
5 0.032129 0.369891 0.005842 0.003375
8 0.055130 0.224972 0.004381 0.007499
5 0.380613 0.165542 0.005476 0.003375
5 0.042899 0.562805 0.006207 0.005249
5 0.150602 0.762655 0.002556 0.006749
5 0.166667 0.776903 0.006207 0.002250
5 0.239321 0.182602 0.005476 0.002250
5 0.303943 0.176228 0.006937 0.002250
5 0.230741 0.227784 0.006572 0.003375
5 0.271997 0.303900 0.005111 0.004124
5 0.276926 0.405699 0.002556 0.005999
5 0.197700 0.566929 0.008397 0.003750
5 0.264695 0.539370 0.002921 0.005624
5 0.316539 0.757593 0.005111 0.002625
5 0.276013 0.641732 0.002191 0.004874
5 0.285141 0.657668 0.002191 0.004499
5 0.218875 0.747469 0.005476 0.002625
5 0.445418 0.268841 0.005111 0.002250
5 0.904710 0.514061 0.002191 0.005999
5 0.953815 0.851331 0.002556 0.002625
5 0.996714 0.970004 0.004381 0.002250
5 0.954363 0.836895 0.004381 0.003000
53 0.944323 0.411699 0.069003 0.051744
10 0.950529 0.634233 0.007667 0.004124
8 0.476451 0.272778 0.005111 0.003375
48 0.522819 0.109111 0.014604 0.017248
11 0.058963 0.752718 0.004746 0.013123
13 0.253377 0.878890 0.005842 0.014248
8 0.463855 0.383765 0.003286 0.006374
5 0.248448 0.174541 0.003286 0.005624
48 0.372399 0.060930 0.031398 0.030371
48 0.764148 0.779903 0.008032 0.012748
48 0.781124 0.967192 0.036875 0.013873
48 0.932092 0.326397 0.111720 0.107612
48 0.822746 0.078740 0.017890 0.015748
5 0.910734 0.464567 0.004016 0.006749
5 0.848850 0.589801 0.005842 0.003000
5 0.848485 0.592801 0.005111 0.002250
5 0.862359 0.602175 0.005842 0.003750
5 0.044542 0.314398 0.005842 0.003375
5 0.428258 0.447132 0.002921 0.005624
5 0.407996 0.430446 0.003286 0.005249
5 0.425338 0.432508 0.002921 0.005624
5 0.427893 0.432696 0.003651 0.005999
48 0.276561 0.056243 0.022271 0.009749
48 0.299197 0.050431 0.014969 0.010124
10 0.384264 0.188226 0.005476 0.009749
5 0.250821 0.016498 0.003651 0.006749
8 0.968054 0.793776 0.004016 0.005249
5 0.109529 0.198163 0.002921 0.004874
5 0.240416 0.186914 0.006207 0.002625
5 0.288974 0.200037 0.005476 0.006374
5 0.233114 0.219910 0.007667 0.003375
5 0.229646 0.232658 0.005842 0.002625
5 0.244797 0.449569 0.004016 0.003000
5 0.305403 0.480690 0.002556 0.006749
5 0.248083 0.497375 0.006207 0.001125
5 0.346112 0.455381 0.007302 0.003375
5 0.394487 0.485752 0.002556 0.005624
5 0.203541 0.739970 0.004746 0.003375
5 0.272362 0.817210 0.003651 0.004874
5 0.363454 0.360892 0.004746 0.002625
5 0.359073 0.349456 0.004016 0.004499
5 0.465498 0.269591 0.004381 0.004499
5 0.692041 0.014061 0.002556 0.004124
5 0.919496 0.490064 0.004016 0.003000
5 0.919131 0.587364 0.004016 0.002625
5 0.847937 0.790401 0.001825 0.003750
5 0.015882 0.897450 0.003286 0.005624
8 0.492150 0.269029 0.005842 0.004124
48 0.501826 0.215036 0.048558 0.070866
8 0.429354 0.230409 0.005842 0.004124
55 0.216867 0.629734 0.013143 0.013123
55 0.204454 0.640420 0.007302 0.007499
5 0.182366 0.778215 0.002556 0.004874
5 0.364184 0.955756 0.002556 0.004499
13 0.346477 0.876828 0.016064 0.004874
48 0.786418 0.773153 0.008032 0.014248
48 0.817634 0.196288 0.017890 0.019123
8 0.850493 0.583615 0.005476 0.003375
8 0.948521 0.689351 0.005842 0.003375
5 0.040891 0.333146 0.005842 0.003375
5 0.036145 0.349081 0.005111 0.003000
5 0.035232 0.353393 0.006207 0.002625
53 0.032311 0.332583 0.052209 0.152231
5 0.431544 0.427072 0.003651 0.005999
5 0.425703 0.406074 0.003651 0.006749
5 0.011866 0.548181 0.003286 0.004499
5 0.279664 0.405699 0.001460 0.007499
5 0.288426 0.409074 0.002191 0.006749
5 0.243337 0.455943 0.006207 0.003000
5 0.264147 0.470191 0.001825 0.005999
5 0.213947 0.549869 0.007302 0.002625
5 0.345016 0.453506 0.005842 0.003375
5 0.428624 0.507687 0.005842 0.002250
5 0.276013 0.652231 0.002191 0.003375
5 0.341731 0.405512 0.004381 0.002625
5 0.918401 0.480877 0.001095 0.006374
5 0.846112 0.793213 0.002556 0.004874
11 0.942862 0.671916 0.012048 0.005999
8 0.491968 0.264154 0.005476 0.003375
10 0.536692 0.276528 0.006572 0.004124
48 0.500730 0.098613 0.014969 0.014248
48 0.530851 0.123735 0.014604 0.014998
48 0.109346 0.770904 0.055860 0.047244
48 0.308872 0.787964 0.021176 0.030371
48 0.327857 0.962692 0.008762 0.007124
48 0.453085 0.775966 0.067178 0.209599
5 0.017525 0.896513 0.002921 0.005249
10 0.304673 0.810461 0.008397 0.005624
11 0.299197 0.932133 0.018620 0.008999
48 0.103687 0.576115 0.021906 0.025872
48 0.164294 0.060180 0.005111 0.008624
48 0.784228 0.893138 0.016794 0.012748
48 0.757758 0.941132 0.009858 0.009749
48 0.826214 0.928196 0.019715 0.010874
48 0.828587 0.948256 0.015699 0.009749
48 0.923147 0.167979 0.052209 0.107237
5 0.864001 0.597113 0.005476 0.003375
5 0.870756 0.589051 0.005111 0.003000
5 0.921139 0.866142 0.005111 0.003750
10 0.337349 0.528309 0.005111 0.008249
5 0.418583 0.411324 0.003286 0.005999
5 0.440124 0.344394 0.003286 0.007124
8 0.447609 0.345519 0.003651 0.006374
8 0.449799 0.345519 0.004381 0.007124
48 0.281490 0.034121 0.020445 0.013498
5 0.254107 0.175666 0.005111 0.003375
5 0.200621 0.555493 0.005476 0.001125
5 0.329135 0.541432 0.006207 0.003000
5 0.353414 0.484814 0.005842 0.003000
5 0.365644 0.560180 0.002556 0.008999
5 0.387550 0.563367 0.003286 0.006374
5 0.062979 0.538995 0.002556 0.005624
5 0.270172 0.651481 0.002921 0.004124
5 0.332056 0.291714 0.002556 0.005249
5 0.381161 0.252343 0.005111 0.002250
5 0.445601 0.246532 0.004016 0.001875
5 0.449252 0.253468 0.004746 0.001500
5 0.919314 0.594113 0.004381 0.002625
5 0.982658 0.867079 0.004016 0.004124
5 0.966959 0.800900 0.001825 0.005249
5 0.965863 0.806337 0.003286 0.005624
5 0.836072 0.386014 0.004381 0.001875
13 0.822746 0.635171 0.005476 0.005999
48 0.211391 0.592238 0.021176 0.039370
53 0.542899 0.285714 0.081782 0.044994
48 0.502738 0.155980 0.010223 0.011998
48 0.441219 0.083802 0.009127 0.010124
11 0.058233 0.948069 0.011318 0.006374
48 0.723257 0.787964 0.010223 0.016123
5 0.841365 0.598238 0.005476 0.003375
5 0.843921 0.610424 0.006207 0.003750
5 0.867652 0.603487 0.005476 0.003375
5 0.879883 0.580802 0.005842 0.003750
5 0.980467 0.587177 0.004746 0.003000
8 0.947244 0.694601 0.006937 0.004124
5 0.018985 0.379640 0.005111 0.002625
5 0.413472 0.469066 0.003286 0.005249
5 0.434100 0.427447 0.003651 0.005249
5 0.436838 0.427822 0.003286 0.005249
5 0.432457 0.359768 0.003286 0.006374
5 0.442315 0.376265 0.004016 0.005624
8 0.435560 0.343082 0.003651 0.007499
48 0.297189 0.058305 0.014604 0.009374
5 0.357977 0.279153 0.006207 0.003375
5 0.013143 0.580052 0.004381 0.005249
5 0.348120 0.906449 0.005476 0.003375
8 0.991785 0.854331 0.005476 0.003375
5 0.270719 0.018373 0.003286 0.005999
5 0.235122 0.208849 0.007302 0.003000
5 0.287331 0.274091 0.004381 0.005249
5 0.259036 0.373266 0.004016 0.003375
5 0.267251 0.470754 0.001460 0.007124
5 0.316539 0.485189 0.002191 0.004499
5 0.344104 0.540870 0.006207 0.002625
5 0.351588 0.488564 0.005111 0.003000
5 0.350675 0.556430 0.002556 0.004499
5 0.417123 0.574053 0.004016 0.003000
5 0.426250 0.522497 0.004746 0.002625
5 0.323293 0.643232 0.001825 0.002625
5 0.319095 0.613798 0.004381 0.002250
5 0.297554 0.643982 0.002191 0.004124
5 0.282767 0.803337 0.002556 0.003375
5 0.430449 0.308586 0.002191 0.004499
5 0.405622 0.302025 0.002921 0.004874
5 0.389193 0.238470 0.005842 0.001500
5 0.445053 0.253843 0.003651 0.003000
5 0.445053 0.257030 0.004381 0.001875
5 0.445053 0.261717 0.004381 0.002250
5 0.910004 0.479003 0.001825 0.005624
5 0.971888 0.929696 0.003651 0.005624
10 0.825119 0.637233 0.008762 0.010124
48 0.238956 0.598425 0.023001 0.042745
8 0.476451 0.264904 0.005842 0.002625
5 0.476451 0.260592 0.005111 0.003750
48 0.540708 0.137233 0.013143 0.012748
48 0.451807 0.075178 0.017890 0.019873
10 0.328770 0.273528 0.009127 0.005624
8 0.315809 0.287964 0.002921 0.007499
48 0.179810 0.626172 0.014239 0.014248
48 0.168675 0.622235 0.013874 0.009374
11 0.040891 0.805024 0.007302 0.023247
48 0.052391 0.751969 0.012778 0.019123
5 0.356882 0.954631 0.002556 0.005999
48 0.566448 0.700787 0.012048 0.014248
5 0.579956 0.699475 0.002556 0.004874
10 0.138737 0.130671 0.003651 0.007124
48 0.389011 0.102550 0.056590 0.049119
48 0.876780 0.775403 0.033224 0.024747
48 0.820555 0.743907 0.011318 0.016498
48 0.841731 0.882265 0.016429 0.020247
5 0.913107 0.141920 0.003651 0.005624
48 0.813253 0.124297 0.025192 0.019873
8 0.899963 0.444882 0.007302 0.004124
5 0.842461 0.590739 0.005476 0.004124
5 0.842826 0.593738 0.005476 0.003375
8 0.866557 0.626547 0.004016 0.005999
5 0.091822 0.394263 0.005476 0.003375
5 0.092187 0.392388 0.004746 0.002625
5 0.092369 0.389764 0.005111 0.002625
5 0.033406 0.308211 0.005476 0.003000
5 0.039978 0.335396 0.005476 0.003375
5 0.408726 0.469066 0.003286 0.005999
5 0.430814 0.466629 0.002921 0.004874
48 0.263417 0.086052 0.011318 0.010124
48 0.089084 0.633108 0.034319 0.061117
5 0.135816 0.906449 0.002191 0.005624
5 0.348850 0.899513 0.007667 0.003750
5 0.293538 0.172103 0.005842 0.004499
5 0.211574 0.244657 0.004016 0.007124
5 0.261409 0.368204 0.006572 0.003000
5 0.322928 0.487439 0.003286 0.003750
5 0.212851 0.526434 0.002921 0.004499
5 0.420226 0.560555 0.005842 0.003000
5 0.340635 0.409449 0.005111 0.003000
5 0.388280 0.242032 0.004746 0.002625
5 0.434283 0.267904 0.004746 0.002625
5 0.424973 0.036370 0.003651 0.003000
5 0.434648 0.091489 0.006207 0.002250
5 0.912559 0.480315 0.002556 0.004499
5 0.924060 0.482565 0.002191 0.005999
5 0.917488 0.500187 0.005111 0.004499
5 0.990325 0.856580 0.004016 0.001875
5 0.841365 0.807462 0.004016 0.005624
5 0.845199 0.386202 0.004381 0.002250
13 0.818364 0.633858 0.007667 0.008624
48 0.110807 0.698350 0.028112 0.060367
48 0.058233 0.687289 0.028843 0.061492
8 0.297736 0.940570 0.004016 0.006374
48 0.499270 0.790964 0.074845 0.188601
10 0.537605 0.757593 0.005476 0.010874
13 0.351771 0.870079 0.009858 0.004874
48 0.183279 0.965692 0.013874 0.016123
48 0.880978 0.546307 0.013874 0.019498
48 0.753560 0.790401 0.010953 0.015748
48 0.829682 0.959130 0.016429 0.017248
5 0.994158 0.880577 0.002921 0.004874
5 0.893392 0.463817 0.006572 0.003750
5 0.871851 0.586052 0.005111 0.003000
5 0.961847 0.792089 0.004016 0.005624
5 0.131070 0.068054 0.003651 0.005624
5 0.395400 0.479940 0.002921 0.004499
5 0.432822 0.453131 0.003286 0.005624
5 0.435743 0.433446 0.003286 0.005999
5 0.417671 0.425759 0.002921 0.005624
5 0.419861 0.425947 0.003651 0.005249
48 0.275831 0.044619 0.014969 0.017248
48 0.279116 0.064867 0.014969 0.011998
48 0.273640 0.087552 0.015699 0.008624
5 0.427163 0.184852 0.005842 0.003750
13 0.435926 0.207162 0.009493 0.019873
5 0.094378 0.120922 0.002556 0.005624
5 0.147864 0.760780 0.002921 0.008249
5 0.146586 0.787214 0.002556 0.006374
5 0.268894 0.047807 0.002556 0.005624
5 0.298467 0.261155 0.001825 0.007124
5 0.202994 0.541057 0.003651 0.002250
5 0.201351 0.552493 0.005476 0.001125
5 0.358342 0.558118 0.001825 0.004124
5 0.384629 0.574241 0.001825 0.004124
5 0.356517 0.404199 0.004016 0.002250
5 0.359073 0.380952 0.006207 0.003000
5 0.443045 0.325272 0.002556 0.005624
5 0.393027 0.300900 0.003286 0.005624
5 0.475173 0.289464 0.004016 0.002250
5 0.835706 0.068054 0.002191 0.004124
5 0.906718 0.478628 0.003286 0.004124
5 0.958744 0.937758 0.003651 0.003000
48 0.534502 0.129171 0.013143 0.012373
48 0.433005 0.141545 0.009493 0.013123
11 0.429536 0.152981 0.009858 0.005249
11 0.297006 0.984065 0.013509 0.006374
48 0.220518 0.926697 0.008762 0.010874
48 0.824206 0.753656 0.015699 0.014248
48 0.785871 0.857518 0.012048 0.011998
48 0.781490 0.833146 0.011318 0.009749
48 0.827674 0.060180 0.011683 0.007124
48 0.817452 0.142857 0.013874 0.022497
5 0.840453 0.603862 0.005111 0.003375
5 0.848485 0.594863 0.005111 0.002625
5 0.017525 0.384514 0.005111 0.003375
5 0.401424 0.461942 0.003286 0.005249
5 0.397408 0.485377 0.003286 0.005624
5 0.417488 0.374391 0.004016 0.006374
5 0.332603 0.918260 0.003651 0.002250
5 0.294816 0.167042 0.003286 0.002625
5 0.233297 0.214848 0.007302 0.002250
5 0.230559 0.230784 0.006937 0.002625
5 0.257211 0.263405 0.003286 0.000375
5 0.271084 0.388639 0.006207 0.003375
5 0.267616 0.652231 0.002921 0.004124
5 0.827309 0.179415 0.003651 0.002625
5 0.899781 0.501500 0.003286 0.004124
5 0.989412 0.471316 0.003651 0.005999
5 0.844104 0.800712 0.002921 0.003375
5 0.840270 0.812898 0.002556 0.003750
42 0.858525 0.572366 0.007667 0.003375
48 0.224534 0.594676 0.017525 0.039745
48 0.505476 0.105924 0.015699 0.013873
8 0.337167 0.293026 0.003286 0.007124
48 0.243702 0.978628 0.033954 0.034496
5 0.577218 0.699663 0.003651 0.005249
8 0.582512 0.699663 0.002556 0.004499
10 0.134903 0.201350 0.010588 0.005999
48 0.761044 0.871204 0.008397 0.007874
48 0.787514 0.911886 0.010223 0.010499
5 0.866922 0.583052 0.005476 0.003750
5 0.870756 0.590926 0.005111 0.003000
5 0.031216 0.322085 0.005476 0.003750
5 0.137276 0.067117 0.002921 0.005249
5 0.419131 0.358830 0.002921 0.005249
5 0.422417 0.359580 0.003651 0.005999
48 0.304856 0.020060 0.016064 0.013123
48 0.301570 0.029246 0.014604 0.009749
5 0.034684 0.358830 0.009493 0.003000
5 0.137094 0.777278 0.006937 0.003000
5 0.166484 0.781965 0.005111 0.003375
5 0.344651 0.919948 0.008032 0.002625
5 0.282402 0.101987 0.004746 0.005999
5 0.227455 0.242595 0.005111 0.004499
5 0.290069 0.251781 0.004016 0.002625
5 0.271815 0.538808 0.002556 0.004499
5 0.368018 0.560742 0.002921 0.005624
5 0.343739 0.392576 0.004016 0.003000
5 0.958014 0.484814 0.004381 0.002250
5 0.965316 0.821522 0.000730 0.003000
5 0.909273 0.157855 0.001825 0.005249
42 0.859255 0.565617 0.006937 0.004124
5 0.465316 0.257405 0.005476 0.002625
48 0.490142 0.123547 0.014969 0.018373
48 0.539248 0.163667 0.022636 0.022872
48 0.567543 0.176228 0.020811 0.014998
5 0.359438 0.955006 0.002556 0.005249
5 0.535414 0.739783 0.005476 0.003000
53 0.303760 0.412823 0.067178 0.023247
11 0.062066 0.585864 0.010953 0.004124
10 0.133078 0.204724 0.010588 0.005999
8 0.119022 0.231721 0.006572 0.004499
10 0.282402 0.124297 0.004016 0.007874
10 0.248448 0.165729 0.003286 0.005249
48 0.788426 0.829396 0.009127 0.011249
48 0.836619 0.219723 0.012778 0.009749
5 0.990507 0.874578 0.003651 0.004874
8 0.840088 0.600675 0.006572 0.003750
5 0.849945 0.580615 0.005111 0.003375
5 0.863454 0.599738 0.005111 0.003375
5 0.868383 0.600862 0.005476 0.003375
5 0.031216 0.374391 0.005476 0.003375
5 0.418036 0.445819 0.002921 0.005249
5 0.421139 0.411511 0.003286 0.006374
5 0.432640 0.369516 0.004381 0.007124
48 0.284958 0.018373 0.017890 0.011998
48 0.294451 0.071054 0.015699 0.014623
13 0.525192 0.173228 0.018620 0.007499
13 0.467871 0.160292 0.018620 0.007124
5 0.979189 0.728159 0.004381 0.008249
5 0.145309 0.761530 0.002921 0.007499
5 0.135633 0.783652 0.006207 0.004499
5 0.026835 0.898575 0.002556 0.006374
5 0.244250 0.900450 0.004381 0.002625
5 0.195874 0.035808 0.002556 0.004124
5 0.233479 0.217285 0.005476 0.001875
5 0.282767 0.323959 0.006937 0.002250
5 0.199525 0.561305 0.005476 0.002250
5 0.333333 0.512936 0.005842 0.003750
5 0.374407 0.017248 0.003286 0.003000
5 0.488682 0.046119 0.006207 0.002250
5 0.907265 0.502625 0.002191 0.005624
5 0.964038 0.088114 0.004746 0.003000
5 0.949434 0.055868 0.003286 0.003750
48 0.495071 0.064867 0.014604 0.017248
48 0.152976 0.618485 0.012413 0.011624
48 0.579226 0.653918 0.018620 0.011998
11 0.579774 0.685227 0.010223 0.004874
5 0.577583 0.709036 0.002921 0.004499
5 0.580321 0.709036 0.002556 0.004499
8 0.261592 0.820210 0.006207 0.004124
5 0.288244 0.804837 0.002556 0.004124
48 0.720336 0.806524 0.011683 0.015748
5 0.848120 0.596925 0.005842 0.003000
5 0.859803 0.622235 0.005842 0.003375
5 0.018255 0.382265 0.005111 0.002625
10 0.342461 0.546307 0.007302 0.004499
5 0.439029 0.413386 0.003286 0.006374
5 0.432275 0.386202 0.003651 0.005999
8 0.432457 0.342707 0.004016 0.007499
8 0.442497 0.344957 0.003651 0.006749
5 0.369843 0.279903 0.005111 0.003375
5 0.431544 0.165917 0.006572 0.003375
10 0.407996 0.212411 0.009127 0.006374
5 0.081234 0.192538 0.004016 0.006374
5 0.025922 0.402137 0.006572 0.003375
5 0.166667 0.784402 0.005476 0.002250
5 0.189668 0.778778 0.004016 0.006749
5 0.167214 0.983315 0.003651 0.004874
5 0.346112 0.912261 0.005111 0.003750
5 0.215407 0.031496 0.002191 0.004499
5 0.257758 0.157668 0.005111 0.002625
5 0.293355 0.410949 0.002556 0.004499
5 0.232202 0.521185 0.004381 0.003000
5 0.211756 0.567304 0.006572 0.003000
5 0.417853 0.568804 0.005476 0.002250
5 0.215590 0.760592 0.004746 0.002625
5 0.345382 0.389201 0.005111 0.003000
5 0.346659 0.378140 0.005476 0.002625
5 0.410186 0.303150 0.001825 0.004124
5 0.311428 0.286464 0.002191 0.005999
5 0.435743 0.243345 0.004016 0.002250
5 0.444505 0.273903 0.004016 0.001875
5 0.460752 0.282902 0.005111 0.002625
5 0.408178 0.031309 0.003651 0.002625
48 0.309237 0.865579 0.070829 0.104612
5 0.983023 0.608924 0.003286 0.005999
10 0.812705 0.630859 0.006572 0.007124
