6 0.094010 0.737999 0.013311 0.004397
39 0.770799 0.746061 0.006378 0.003664
39 0.778979 0.749176 0.008874 0.003298
5 0.786190 0.752473 0.004437 0.002565
5 0.797837 0.758703 0.005546 0.002565
8 0.794370 0.762184 0.005269 0.002931
5 0.798253 0.765848 0.004714 0.002931
5 0.309623 0.026017 0.002496 0.005130
5 0.308652 0.103518 0.002219 0.005497
6 0.313505 0.108465 0.003050 0.013192
14 0.295064 0.120740 0.004437 0.017955
5 0.312535 0.157384 0.002219 0.005497
5 0.306572 0.160498 0.002496 0.005130
5 0.182612 0.016856 0.003050 0.005130
5 0.186356 0.016123 0.002773 0.004397
48 0.192041 0.038292 0.020799 0.013558
48 0.177205 0.036277 0.008319 0.008794
48 0.220466 0.063760 0.002773 0.005130
48 0.211869 0.067974 0.003882 0.007695
48 0.206461 0.071455 0.008042 0.004397
48 0.207432 0.077134 0.009983 0.006229
48 0.189407 0.075852 0.025513 0.017589
48 0.167776 0.069256 0.006101 0.004397
10 0.188020 0.070172 0.004437 0.006962
48 0.186633 0.100037 0.012202 0.010993
48 0.173877 0.101869 0.013866 0.010260
53 0.180948 0.178454 0.153910 0.189813
11 0.322102 0.226090 0.004160 0.012459
11 0.314060 0.312752 0.004160 0.015024
11 0.313228 0.281971 0.003605 0.010627
5 0.323766 0.303591 0.002496 0.004764
5 0.096506 0.201173 0.004992 0.002931
5 0.310455 0.368633 0.003605 0.005130
53 0.088325 0.460059 0.152801 0.127886
5 0.065862 0.657384 0.004714 0.002199
10 0.126456 0.649505 0.007210 0.005497
5 0.228369 0.607549 0.004714 0.002931
5 0.221298 0.613595 0.004992 0.003298
5 0.333888 0.625137 0.005546 0.004397
5 0.344981 0.626237 0.004992 0.003664
5 0.446617 0.672591 0.005269 0.003298
8 0.472823 0.684683 0.007210 0.004764
8 0.536190 0.694394 0.006933 0.003664
11 0.020244 0.723159 0.017194 0.004764
5 0.017471 0.727739 0.004992 0.002931
5 0.019828 0.738366 0.004160 0.002199
5 0.009429 0.745878 0.004437 0.002565
5 0.023433 0.741664 0.005269 0.002931
8 0.048114 0.726823 0.004160 0.002565
5 0.071963 0.725174 0.004714 0.002931
5 0.058375 0.722243 0.004714 0.003664
5 0.049639 0.736900 0.005546 0.002931
5 0.050887 0.744229 0.004714 0.002931
10 0.070438 0.738732 0.005546 0.003664
5 0.071270 0.743679 0.004992 0.002565
5 0.101498 0.727922 0.004437 0.001832
5 0.137687 0.728106 0.004714 0.002199
10 0.118552 0.734518 0.005269 0.003298
5 0.142540 0.735068 0.004992 0.002199
5 0.149057 0.739282 0.004160 0.002565
5 0.164587 0.735617 0.004160 0.002565
5 0.187327 0.736717 0.004714 0.002565
5 0.173184 0.728472 0.005269 0.003664
5 0.141986 0.724808 0.004992 0.002931
6 0.181780 0.739465 0.007488 0.003664
8 0.186772 0.725724 0.006933 0.003298
5 0.205491 0.726273 0.004437 0.002931
5 0.224487 0.728106 0.004714 0.002199
5 0.212424 0.724075 0.004437 0.002199
5 0.210067 0.738182 0.004714 0.002565
5 0.213394 0.744962 0.005269 0.002931
5 0.231697 0.742763 0.004714 0.002931
5 0.241681 0.739282 0.004160 0.002565
5 0.242374 0.746061 0.004437 0.002931
5 0.280089 0.734518 0.004437 0.002565
5 0.294093 0.735251 0.004714 0.002565
5 0.307266 0.728838 0.004437 0.002931
12 0.270660 0.730304 0.006656 0.004397
5 0.276484 0.748259 0.004992 0.002199
5 0.296034 0.745878 0.004714 0.002565
11 0.299639 0.748992 0.012479 0.003664
5 0.317526 0.746427 0.004992 0.002199
5 0.328480 0.743679 0.004714 0.002565
5 0.373683 0.738366 0.004160 0.002199
8 0.379506 0.735251 0.006378 0.003298
5 0.330976 0.736900 0.004714 0.002199
5 0.346367 0.743862 0.004992 0.002199
9 0.343594 0.747710 0.006656 0.003298
5 0.367720 0.748809 0.003882 0.002565
5 0.402801 0.747527 0.004714 0.002931
5 0.420410 0.755038 0.004437 0.002565
5 0.420688 0.737816 0.004437 0.002565
5 0.424986 0.741847 0.004160 0.002565
10 0.453134 0.742763 0.007210 0.004397
11 0.415141 0.733419 0.013311 0.004031
5 0.437465 0.749908 0.004714 0.002565
8 0.442596 0.753023 0.006101 0.002931
5 0.463117 0.750092 0.004437 0.002931
5 0.466999 0.738549 0.004992 0.002565
5 0.481281 0.741664 0.004714 0.002931
10 0.488769 0.754489 0.005824 0.003664
5 0.493067 0.758520 0.005546 0.002931
5 0.512479 0.760535 0.004992 0.002565
5 0.526484 0.754122 0.004160 0.002931
5 0.533555 0.761085 0.004437 0.002199
5 0.538686 0.758520 0.004714 0.002931
8 0.527038 0.746610 0.007488 0.003298
5 0.545618 0.748443 0.005269 0.002565
5 0.545757 0.755222 0.004437 0.002199
5 0.551026 0.758153 0.003882 0.002931
5 0.548946 0.761085 0.004160 0.002199
5 0.570854 0.745511 0.004714 0.002565
5 0.567804 0.755588 0.004714 0.002199
5 0.593733 0.755955 0.004992 0.002931
5 0.579728 0.759069 0.004160 0.002565
5 0.601359 0.763100 0.004714 0.002565
10 0.570715 0.762184 0.007210 0.003664
8 0.619662 0.746610 0.006933 0.003298
5 0.613561 0.757054 0.004714 0.002199
5 0.617720 0.760901 0.005269 0.002565
5 0.625347 0.757054 0.004437 0.002931
5 0.637410 0.757604 0.005269 0.002565
5 0.635607 0.761268 0.004992 0.002565
8 0.632141 0.764199 0.004714 0.002565
5 0.650166 0.758336 0.004714 0.002565
5 0.653217 0.764383 0.004714 0.002199
5 0.671104 0.759436 0.004437 0.002565
5 0.677898 0.762734 0.004714 0.002565
15 0.673738 0.765665 0.010261 0.003298
5 0.692596 0.759985 0.005269 0.002931
5 0.701054 0.759802 0.004992 0.002565
5 0.694814 0.766032 0.005269 0.003298
5 0.709651 0.763100 0.004437 0.002565
5 0.709373 0.766764 0.004437 0.002565
5 0.714781 0.759802 0.005269 0.003298
5 0.724210 0.759252 0.004714 0.002931
5 0.724348 0.763283 0.004992 0.002199
5 0.735857 0.760169 0.004160 0.002565
8 0.735441 0.763466 0.004437 0.002565
5 0.739323 0.766764 0.003328 0.002565
5 0.738630 0.752657 0.004714 0.002931
5 0.752635 0.749542 0.004437 0.002565
15 0.759151 0.766215 0.010815 0.003664
10 0.774820 0.759436 0.005546 0.002565
5 0.772463 0.766215 0.004714 0.002931
5 0.780782 0.762550 0.004714 0.002931
5 0.787022 0.765848 0.005546 0.002931
10 0.761925 0.761818 0.012479 0.004397
5 0.783417 0.759802 0.004992 0.002565
5 0.807127 0.764749 0.005269 0.002931
5 0.844426 0.760352 0.005546 0.002931
5 0.821409 0.758336 0.004992 0.002565
9 0.821547 0.764932 0.007488 0.004031
5 0.817249 0.761451 0.003882 0.002199
14 0.823211 0.744229 0.016916 0.004397
5 0.821825 0.751374 0.004714 0.002565
5 0.852329 0.749908 0.004714 0.002565
10 0.862590 0.756321 0.004714 0.002931
10 0.878397 0.741480 0.006933 0.003298
5 0.928730 0.744229 0.004437 0.002931
5 0.943428 0.749725 0.005546 0.002931
5 0.940932 0.754122 0.004437 0.002931
5 0.930116 0.757237 0.004437 0.002565
5 0.920826 0.755038 0.004714 0.002565
5 0.973378 0.740015 0.004992 0.002565
5 0.970466 0.747160 0.004160 0.002199
14 0.957016 0.755038 0.017748 0.005497
5 0.860788 0.765665 0.004992 0.003298
5 0.844703 0.763650 0.004992 0.002931
5 0.875763 0.745694 0.004992 0.002931
5 0.878120 0.755405 0.005269 0.002565
5 0.872158 0.758520 0.005546 0.002931
5 0.872296 0.762367 0.016362 0.004764
8 0.895452 0.757237 0.005546 0.003298
5 0.903633 0.752840 0.004714 0.002565
8 0.903910 0.759802 0.004160 0.002565
8 0.900721 0.743496 0.004992 0.002931
5 0.985857 0.746794 0.004437 0.002199
5 0.920410 0.620557 0.004992 0.003298
5 0.888242 0.608281 0.004992 0.002931
5 0.757072 0.616893 0.004992 0.003298
5 0.748197 0.619274 0.004992 0.002931
10 0.702856 0.637413 0.006378 0.005497
9 0.710344 0.627886 0.006378 0.004764
5 0.676095 0.652437 0.004437 0.004031
5 0.673322 0.659399 0.004437 0.004031
5 0.656267 0.670392 0.004714 0.004031
5 0.637271 0.681202 0.004992 0.003664
5 0.621048 0.689447 0.004714 0.003298
5 0.604271 0.692012 0.005546 0.003298
5 0.029811 0.811286 0.004714 0.003664
5 0.048253 0.811836 0.003882 0.002565
5 0.110094 0.801392 0.003882 0.002199
5 0.122573 0.815683 0.004437 0.002931
8 0.007903 0.817332 0.004160 0.002565
9 0.206323 0.802309 0.007210 0.004031
5 0.226844 0.803041 0.003882 0.001832
14 0.292152 0.809820 0.011370 0.003664
5 0.330283 0.811286 0.004992 0.002931
5 0.345535 0.823012 0.003882 0.002931
6 0.392263 0.819348 0.013034 0.005130
51 0.212008 0.954745 0.060177 0.057530
48 0.092623 0.969036 0.033278 0.026017
54 0.075984 0.947050 0.027177 0.029681
48 0.059484 0.866251 0.007488 0.006596
48 0.072379 0.863320 0.008319 0.008062
48 0.066833 0.872847 0.007765 0.008794
5 0.083195 0.869000 0.006101 0.005497
5 0.094426 0.873030 0.005269 0.004031
5 0.130338 0.907292 0.003328 0.005130
5 0.159456 0.980029 0.003328 0.004764
53 0.133943 0.967021 0.066556 0.027849
16 0.348447 0.808172 0.014698 0.006229
5 0.485580 0.838769 0.004992 0.002931
5 0.466999 0.827043 0.004992 0.002931
5 0.476567 0.830890 0.004714 0.003298
5 0.493206 0.829608 0.004160 0.002931
8 0.507210 0.829241 0.004992 0.002931
5 0.521215 0.832173 0.004714 0.002931
5 0.547698 0.834555 0.004437 0.002565
5 0.586938 0.836021 0.004714 0.002565
5 0.592346 0.855625 0.003328 0.004397
5 0.606489 0.845731 0.004437 0.002931
5 0.601913 0.967204 0.003605 0.005497
5 0.547837 0.881458 0.003605 0.004764
5 0.630754 0.969769 0.004714 0.003298
5 0.622851 0.975449 0.003882 0.004397
5 0.621464 0.973250 0.004437 0.002931
48 0.658209 0.941554 0.017471 0.015024
48 0.688020 0.973800 0.067665 0.039941
48 0.699390 0.942287 0.004437 0.009161
48 0.626456 0.988091 0.007765 0.009161
48 0.621880 0.983510 0.006378 0.009527
48 0.618830 0.975999 0.006933 0.009161
48 0.625624 0.962257 0.004437 0.004397
48 0.631448 0.951631 0.043816 0.024185
5 0.747227 0.828142 0.005269 0.002931
48 0.762063 0.843899 0.014975 0.005130
13 0.641431 0.856358 0.011647 0.003664
13 0.641431 0.860022 0.011647 0.003664
48 0.772740 0.842616 0.006933 0.004764
48 0.816694 0.874313 0.036051 0.043972
48 0.899196 0.858556 0.023017 0.028582
11 0.767610 0.832539 0.012757 0.005130
5 0.830837 0.820630 0.004992 0.003298
12 0.835413 0.813118 0.006378 0.005130
5 0.867305 0.801209 0.004714 0.004031
5 0.882834 0.797178 0.005269 0.003298
5 0.872573 0.801942 0.005269 0.002565
10 0.892124 0.802675 0.009983 0.004764
5 0.944121 0.784353 0.004714 0.002565
5 0.962285 0.783254 0.004992 0.002565
10 0.982529 0.779956 0.005546 0.003298
48 0.683583 0.929828 0.028841 0.017955
10 0.362590 0.824661 0.005269 0.003298
51 0.129368 0.882924 0.047976 0.037743
48 0.952718 0.020887 0.050749 0.041774
58 0.784803 0.639612 0.026622 0.030414
5 0.821963 0.533529 0.007210 0.005863
58 0.985025 0.119274 0.013866 0.017955
58 0.963117 0.135031 0.014975 0.017955
48 0.920688 0.056981 0.008319 0.006962
48 0.986550 0.192561 0.026900 0.055332
48 0.872019 0.157567 0.075153 0.096739
48 0.803106 0.215097 0.073211 0.087211
48 0.758458 0.293331 0.061564 0.094174
8 0.800749 0.273177 0.004714 0.005497
6 0.782862 0.353060 0.005546 0.009161
48 0.740987 0.469769 0.054354 0.094540
51 0.655435 0.498901 0.044093 0.031880
51 0.646839 0.471052 0.019135 0.034078
51 0.694953 0.442103 0.014975 0.036277
51 0.740294 0.173324 0.024126 0.025650
5 0.743067 0.190912 0.004714 0.004397
51 0.800749 0.184133 0.028009 0.034078
51 0.691209 0.182301 0.023572 0.029681
48 0.729063 0.168193 0.063228 0.087211
48 0.812812 0.131550 0.018857 0.019787
5 0.756240 0.133932 0.001664 0.004764
5 0.754437 0.136497 0.001941 0.005497
5 0.752219 0.138695 0.001941 0.006229
5 0.750139 0.140894 0.002773 0.005497
5 0.751941 0.152254 0.004714 0.004764
5 0.757765 0.157567 0.004714 0.004397
5 0.766223 0.137230 0.002773 0.006229
5 0.769412 0.125137 0.002496 0.004031
5 0.764975 0.124588 0.002496 0.005130
5 0.774126 0.126970 0.003050 0.004764
5 0.762618 0.124221 0.002773 0.005863
53 0.772047 0.140894 0.073766 0.039209
53 0.754160 0.187431 0.045202 0.049469
5 0.780921 0.164712 0.003882 0.004031
5 0.821825 0.381092 0.004714 0.002931
48 0.934415 0.393184 0.018026 0.024185
48 0.917083 0.392085 0.008319 0.016123
48 0.882834 0.372114 0.020799 0.017955
48 0.897809 0.389520 0.020244 0.019055
48 0.879922 0.402712 0.018857 0.019787
5 0.924570 0.427080 0.002219 0.004764
48 0.987243 0.417919 0.008319 0.008428
48 0.971852 0.443386 0.005824 0.004397
48 0.979201 0.397582 0.010538 0.021253
48 0.969079 0.394833 0.017471 0.050934
5 0.925402 0.439721 0.002219 0.004397
5 0.932335 0.333272 0.004437 0.004031
5 0.932612 0.337669 0.004992 0.004031
48 0.896284 0.323195 0.016084 0.013925
5 0.870216 0.349762 0.004437 0.004764
5 0.866334 0.354159 0.003882 0.005497
5 0.860233 0.363686 0.003328 0.004764
5 0.857321 0.370282 0.003050 0.005497
48 0.880754 0.330341 0.008874 0.010627
48 0.875208 0.335471 0.008874 0.009161
48 0.869384 0.340601 0.008874 0.009161
48 0.863838 0.346281 0.008319 0.009527
5 0.934276 0.351044 0.002773 0.005863
5 0.932335 0.356907 0.003328 0.005130
5 0.930810 0.363870 0.003050 0.005863
5 0.929285 0.375595 0.002219 0.005130
48 0.988353 0.534262 0.023295 0.020520
5 0.974903 0.527483 0.001941 0.003298
48 0.956877 0.533712 0.023572 0.020154
5 0.955630 0.518139 0.004992 0.002199
48 0.925679 0.532979 0.022740 0.021620
48 0.894620 0.531880 0.022185 0.022353
5 0.912368 0.524918 0.002219 0.004031
48 0.905297 0.446317 0.185524 0.119458
48 0.217138 0.042873 0.026622 0.022719
10 0.370216 0.948333 0.003882 0.008062
58 0.354548 0.486259 0.024681 0.026383
58 0.185663 0.439172 0.020799 0.022353
5 0.693428 0.909307 0.003050 0.003298
5 0.770383 0.829058 0.004992 0.002565
10 0.596783 0.759619 0.005546 0.003664
11 0.639074 0.743679 0.018580 0.006229
5 0.770383 0.324111 0.002773 0.004031
48 0.733222 0.386222 0.068774 0.099670
48 0.678453 0.055332 0.008042 0.020520
5 0.777038 0.982228 0.004992 0.003298
5 0.805740 0.985159 0.004714 0.002565
5 0.808791 0.968487 0.002496 0.004397
5 0.818081 0.967387 0.002219 0.004397
5 0.832640 0.964822 0.003050 0.004397
5 0.822657 0.979480 0.004714 0.002931
5 0.805879 0.987724 0.004992 0.002565
5 0.806434 0.990106 0.004992 0.002931
5 0.824321 0.989740 0.004160 0.002931
5 0.823905 0.992122 0.004437 0.002565
5 0.824598 0.994687 0.004714 0.002565
5 0.777593 0.989557 0.004437 0.002565
10 0.851636 0.985343 0.004992 0.003664
10 0.850943 0.980213 0.006378 0.003664
5 0.850111 0.975266 0.004160 0.002565
5 0.847615 0.955661 0.005269 0.002931
5 0.847060 0.953096 0.004714 0.002931
5 0.847615 0.950348 0.004160 0.002565
5 0.854132 0.941187 0.002773 0.005497
5 0.855241 0.946867 0.002773 0.004397
5 0.900860 0.967754 0.004714 0.002931
5 0.903910 0.991022 0.004160 0.003298
5 0.899473 0.955661 0.004714 0.002199
5 0.898780 0.952547 0.004437 0.003298
5 0.907793 0.943569 0.004714 0.002931
5 0.921658 0.995786 0.004714 0.003298
5 0.920410 0.980579 0.004992 0.002931
5 0.918885 0.972517 0.004714 0.002931
5 0.917776 0.963723 0.004160 0.002931
5 0.915973 0.958043 0.004992 0.003298
5 0.915280 0.946684 0.004714 0.002565
5 0.914725 0.944119 0.004714 0.002565
5 0.914587 0.941004 0.004437 0.002931
5 0.907654 0.939905 0.005546 0.002931
5 0.923738 0.936424 0.004992 0.002565
5 0.924986 0.941737 0.004160 0.002199
5 0.925263 0.944302 0.004714 0.002931
5 0.925818 0.949249 0.005269 0.002565
5 0.926511 0.956394 0.004992 0.002931
5 0.928037 0.963723 0.004714 0.002931
5 0.929423 0.973067 0.004160 0.002565
5 0.930810 0.984976 0.004714 0.002931
48 0.932335 0.995236 0.004992 0.002931
53 0.915835 0.964639 0.037438 0.067790
48 0.882141 0.956028 0.023295 0.052767
53 0.790904 0.985892 0.032723 0.020887
48 0.831115 0.984610 0.051581 0.024918
48 0.818636 0.968670 0.033278 0.012825
48 0.849002 0.955845 0.008042 0.014291
5 0.971298 0.927263 0.006933 0.003298
48 0.954659 0.925980 0.033001 0.038842
5 0.935801 0.916086 0.001941 0.004397
48 0.840959 0.847930 0.019135 0.019787
6 0.972130 0.227739 0.008042 0.010627
10 0.263588 0.804690 0.007488 0.004397
5 0.120910 0.643276 0.005546 0.004031
48 0.910011 0.296812 0.179978 0.108465
44 0.021076 0.817882 0.011647 0.004397
43 0.837216 0.038476 0.012757 0.005863
42 0.621742 0.051850 0.008874 0.004764
10 0.686495 0.749542 0.006378 0.004764
10 0.922768 0.741114 0.007488 0.004764
48 0.187188 0.004947 0.010538 0.009894
10 0.412923 0.818615 0.006656 0.008062
10 0.580560 0.750275 0.005824 0.004764
10 0.386994 0.753023 0.010261 0.005863
10 0.576678 0.690546 0.006378 0.003298
48 0.797282 0.956211 0.037160 0.042873
10 0.355657 0.728655 0.013588 0.006962
10 0.067526 0.806706 0.010815 0.006229
10 0.838741 0.757420 0.006933 0.003664
10 0.108292 0.742030 0.009706 0.007329
48 0.966029 0.970502 0.046866 0.052400
10 0.306295 0.195493 0.006933 0.011359
10 0.907238 0.793514 0.010261 0.005497
48 0.845258 0.935324 0.044370 0.044339
48 0.839712 0.510627 0.038270 0.039209
10 0.252496 0.741664 0.010815 0.006596
10 0.058236 0.729022 0.007765 0.004031
10 0.844565 0.746427 0.006378 0.004397
10 0.963949 0.750092 0.017748 0.004397
48 0.688713 0.136314 0.039101 0.040308
10 0.358846 0.733419 0.011647 0.006962
10 0.381586 0.749542 0.008874 0.004764
10 0.646423 0.751191 0.006101 0.004397
10 0.281891 0.743862 0.008042 0.003664
48 0.872435 0.863320 0.021076 0.031513
48 0.760815 0.975082 0.030227 0.039575
10 0.328064 0.728655 0.012757 0.005497
10 0.503744 0.756138 0.008042 0.005497
