48 0.870616 0.008426 0.017817 0.012808
48 0.127121 0.115942 0.018382 0.022245
48 0.081024 0.562353 0.012161 0.016515
5 0.062359 0.567914 0.005373 0.004719
48 0.318722 0.587125 0.010747 0.009437
48 0.243637 0.532019 0.011029 0.007752
48 0.183682 0.536232 0.024038 0.022919
9 0.308824 0.715369 0.007353 0.013819
9 0.256222 0.656387 0.007353 0.004382
9 0.262443 0.656892 0.005656 0.005393
9 0.049915 0.642400 0.009333 0.007415
9 0.338235 0.658578 0.010747 0.008089
9 0.365385 0.659252 0.009615 0.006067
47 0.656109 0.268790 0.010181 0.013145
47 0.652291 0.253455 0.010464 0.014830
47 0.650594 0.237614 0.012161 0.015504
47 0.646635 0.220930 0.011029 0.014493
47 0.644514 0.205258 0.010747 0.012133
47 0.635040 0.161948 0.011029 0.010448
9 0.676046 0.256488 0.007636 0.005393
9 0.673925 0.247725 0.006787 0.004044
5 0.696408 0.249410 0.005373 0.006067
5 0.697398 0.260533 0.005090 0.007415
48 0.707862 0.287159 0.014140 0.010111
9 0.705034 0.304179 0.008484 0.006404
5 0.684389 0.323222 0.007353 0.004719
5 0.765554 0.309403 0.006787 0.005393
9 0.624010 0.245871 0.003676 0.009100
51 0.729497 0.285136 0.014423 0.009437
48 0.978931 0.630266 0.005373 0.007415
48 0.104779 0.772160 0.012726 0.014830
48 0.122031 0.774520 0.007636 0.011459
48 0.151018 0.761207 0.015271 0.015167
48 0.152291 0.726323 0.008201 0.008089
48 0.273331 0.803842 0.004808 0.004719
6 0.298925 0.783114 0.010181 0.015167
48 0.990385 0.705258 0.007919 0.006404
6 0.143948 0.117290 0.004525 0.008089
48 0.904977 0.198180 0.011878 0.009437
5 0.908088 0.248568 0.004525 0.003707
48 0.907947 0.235423 0.017817 0.011796
48 0.977517 0.278396 0.013857 0.016852
48 0.956872 0.244692 0.012726 0.016852
48 0.934531 0.202730 0.016120 0.012471
48 0.922653 0.213852 0.011595 0.013145
48 0.948105 0.187395 0.013292 0.012808
48 0.162330 0.355410 0.017534 0.009100
48 0.170390 0.347321 0.025735 0.017189
48 0.147059 0.389114 0.011312 0.011122
48 0.107749 0.406640 0.010747 0.009100
48 0.082438 0.406303 0.018948 0.013145
48 0.084559 0.372093 0.010181 0.018200
48 0.077064 0.381867 0.008767 0.006067
48 0.072115 0.365184 0.007919 0.007752
48 0.042421 0.375632 0.013009 0.011796
48 0.058117 0.365689 0.013292 0.006741
48 0.553026 0.317829 0.011595 0.020222
48 0.559106 0.331817 0.010181 0.013819
48 0.514140 0.286148 0.008484 0.007415
48 0.598558 0.326424 0.012726 0.009774
48 0.608880 0.323054 0.013575 0.013819
48 0.602376 0.339737 0.016403 0.012808
48 0.623303 0.321537 0.009050 0.014830
48 0.620616 0.333333 0.019514 0.010785
48 0.647059 0.315470 0.014706 0.005393
48 0.654836 0.308392 0.009333 0.008089
48 0.720730 0.263734 0.012161 0.014493
48 0.705317 0.273003 0.012443 0.010785
48 0.684813 0.237951 0.037048 0.016178
48 0.123020 0.521739 0.018665 0.018874
48 0.079468 0.534041 0.016403 0.019885
48 0.097568 0.532861 0.007919 0.010785
48 0.134898 0.535895 0.011312 0.009437
48 0.230911 0.569093 0.016686 0.012471
48 0.259474 0.573812 0.012161 0.014493
48 0.275735 0.578530 0.010747 0.010448
48 0.308682 0.572801 0.013857 0.010448
48 0.331307 0.576340 0.024038 0.017526
48 0.468750 0.592518 0.012161 0.007415
48 0.405826 0.578362 0.010747 0.008763
48 0.417279 0.579373 0.013292 0.014830
48 0.453196 0.584934 0.017817 0.017189
48 0.477800 0.593192 0.010464 0.010111
48 0.489819 0.599427 0.019796 0.008426
48 0.492930 0.607010 0.013009 0.008763
5 0.494061 0.579205 0.003394 0.004382
5 0.495617 0.584766 0.004242 0.002696
48 0.504949 0.586788 0.016120 0.015504
48 0.541148 0.608359 0.014989 0.010111
48 0.543269 0.589147 0.016403 0.013482
48 0.606335 0.656892 0.007353 0.006067
48 0.622172 0.655881 0.007919 0.011459
48 0.649321 0.661611 0.007353 0.006067
48 0.658795 0.653859 0.005373 0.010111
48 0.669259 0.656724 0.013292 0.008426
48 0.683965 0.654196 0.013857 0.013482
48 0.696833 0.656555 0.011312 0.010785
48 0.737274 0.658409 0.013575 0.008426
48 0.744344 0.650320 0.010747 0.009100
48 0.752828 0.633300 0.013009 0.007415
48 0.760322 0.645096 0.011595 0.008089
48 0.762585 0.653017 0.016120 0.008426
48 0.765696 0.637007 0.005939 0.007415
48 0.773756 0.650826 0.007919 0.009437
48 0.783654 0.634479 0.013009 0.009100
48 0.792704 0.653185 0.021493 0.015504
48 0.807127 0.648804 0.009050 0.010111
48 0.821126 0.649478 0.008767 0.006741
48 0.821833 0.657735 0.011312 0.010448
48 0.820843 0.666835 0.006505 0.004382
48 0.842195 0.655376 0.005090 0.007078
48 0.837811 0.613920 0.008767 0.009100
51 0.994202 0.617459 0.011595 0.037749
48 0.979921 0.603134 0.006787 0.006404
48 0.978931 0.614088 0.007070 0.014156
48 0.912189 0.571284 0.009898 0.012133
48 0.921663 0.569262 0.009615 0.008763
48 0.925764 0.560836 0.004808 0.004044
48 0.933682 0.563701 0.007636 0.004382
48 0.935379 0.572801 0.014423 0.012471
48 0.952064 0.563532 0.015554 0.008089
48 0.952206 0.574318 0.013575 0.012133
48 0.944994 0.550725 0.004808 0.008089
48 0.968326 0.563701 0.009050 0.007752
48 0.958286 0.555106 0.014423 0.009437
48 0.952913 0.547017 0.004808 0.004044
48 0.959135 0.545163 0.007070 0.008426
48 0.965498 0.545838 0.007353 0.008426
48 0.972851 0.545501 0.005656 0.005056
48 0.955458 0.536063 0.013292 0.009774
48 0.970305 0.453657 0.013009 0.018200
48 0.972002 0.437310 0.014140 0.014493
48 0.973982 0.427031 0.012443 0.006741
48 0.973134 0.418605 0.011878 0.009437
48 0.973840 0.405460 0.011029 0.010785
48 0.948671 0.509606 0.005373 0.005393
48 0.946408 0.523593 0.008201 0.008426
48 0.958569 0.527300 0.015554 0.005730
48 0.960266 0.521739 0.007070 0.006067
48 0.973134 0.529997 0.014706 0.013819
48 0.974265 0.517358 0.012443 0.012133
48 0.961821 0.505561 0.011312 0.008089
48 0.969174 0.498652 0.018100 0.012471
48 0.974123 0.505393 0.008201 0.004382
5 0.976386 0.481631 0.004808 0.002696
48 0.973134 0.475396 0.013009 0.008426
48 0.160068 0.933097 0.015837 0.018537
48 0.248303 0.834176 0.019796 0.016852
48 0.117081 0.799292 0.018100 0.016515
48 0.055430 0.908325 0.017534 0.016178
48 0.217619 0.722615 0.089649 0.064712
48 0.912048 0.120661 0.015271 0.014156
5 0.264564 0.894843 0.002545 0.004719
5 0.275594 0.726323 0.003111 0.005393
48 0.163603 0.871250 0.021210 0.016852
48 0.228365 0.948433 0.020079 0.016852
48 0.183399 0.851871 0.018382 0.015167
48 0.076499 0.792888 0.021776 0.017863
48 0.097851 0.915066 0.016968 0.016178
48 0.195277 0.904112 0.016686 0.017189
48 0.249717 0.823391 0.018665 0.016178
48 0.273331 0.920964 0.021776 0.026626
48 0.148897 0.831143 0.017817 0.016178
48 0.092902 0.942198 0.020645 0.017863
5 0.395362 0.663465 0.005656 0.003033
48 0.232607 0.923155 0.016120 0.014830
48 0.128959 0.869565 0.015837 0.016178
48 0.116799 0.928042 0.015837 0.019211
5 0.147624 0.076340 0.005656 0.003707
5 0.155119 0.850691 0.003111 0.005393
5 0.302460 0.716212 0.004808 0.002696
48 0.286341 0.856589 0.016686 0.017863
48 0.682692 0.292214 0.038462 0.046512
5 0.203761 0.931581 0.004808 0.002696
5 0.276725 0.852039 0.002545 0.004719
48 0.288886 0.846141 0.016120 0.015167
48 0.248303 0.925851 0.018100 0.015504
48 0.165300 0.857769 0.018948 0.014830
5 0.101244 0.100101 0.003394 0.005393
5 0.197540 0.823054 0.003111 0.004719
5 0.280826 0.711662 0.005090 0.002359
48 0.211680 0.904449 0.021776 0.019211
48 0.193863 0.917762 0.016686 0.018200
48 0.227093 0.818335 0.019796 0.016178
48 0.277291 0.899730 0.015554 0.015841
5 0.140413 0.119312 0.002545 0.006067
5 0.154129 0.881362 0.002262 0.004719
5 0.263433 0.715706 0.004808 0.001685
48 0.181420 0.875295 0.018382 0.015504
48 0.160633 0.887091 0.016403 0.013482
48 0.254949 0.874958 0.018382 0.014830
48 0.944853 0.133300 0.013575 0.012471
5 0.078620 0.861476 0.002828 0.004719
5 0.072964 0.868386 0.002262 0.007078
48 0.093891 0.822885 0.019231 0.015841
48 0.879808 0.128918 0.016403 0.017863
47 0.933965 0.226828 0.004242 0.005393
5 0.302743 0.713515 0.005373 0.002022
48 0.151584 0.806370 0.015837 0.012471
48 0.092760 0.836367 0.017534 0.016515
48 0.125141 0.066060 0.017251 0.019548
47 0.092760 0.568756 0.011878 0.010448
5 0.140554 0.042636 0.002828 0.005730
48 0.233739 0.912706 0.018382 0.016852
48 0.247455 0.949612 0.019231 0.017189
48 0.248586 0.938322 0.017534 0.016178
48 0.147907 0.845130 0.016968 0.013145
48 0.071126 0.805696 0.018948 0.015841
48 0.069712 0.832659 0.021776 0.017863
48 0.124293 0.882710 0.019514 0.018874
48 0.138857 0.910516 0.014706 0.015841
48 0.081165 0.913549 0.016968 0.015167
48 0.891120 0.126390 0.017534 0.012808
5 0.269938 0.893495 0.002545 0.004719
5 0.262868 0.722278 0.004808 0.002696
48 0.223699 0.858443 0.020928 0.016178
48 0.189055 0.825581 0.018948 0.017863
48 0.150028 0.819346 0.020079 0.015504
48 0.099265 0.889619 0.015837 0.015841
5 0.286058 0.726323 0.002545 0.005393
48 0.249434 0.913549 0.019231 0.015841
48 0.272200 0.942198 0.020645 0.016515
48 0.267958 0.971014 0.021210 0.020897
48 0.062500 0.871250 0.017534 0.016178
48 0.973982 0.387934 0.013575 0.017526
48 0.947257 0.214189 0.017251 0.013145
5 0.268100 0.718739 0.004525 0.002359
6 0.298218 0.652848 0.013857 0.005393
48 0.157947 0.913381 0.017817 0.017526
48 0.245899 0.848332 0.020079 0.017526
48 0.111991 0.943883 0.017534 0.016515
48 0.114960 0.813785 0.018382 0.015841
48 0.121041 0.907314 0.019231 0.020222
48 0.101669 0.878665 0.017251 0.015504
48 0.096719 0.927368 0.017534 0.015167
48 0.266261 0.743512 0.047794 0.041793
5 0.283512 0.726323 0.001980 0.004044
48 0.201216 0.880688 0.016120 0.016178
48 0.173360 0.812268 0.017534 0.016178
48 0.130656 0.843276 0.017534 0.014156
48 0.064480 0.858611 0.016968 0.013145
48 0.087528 0.875969 0.016120 0.016178
48 0.230062 0.589316 0.026867 0.023256
48 0.937500 0.216380 0.011878 0.012133
48 0.946691 0.144928 0.016120 0.013482
5 0.150594 0.960229 0.003676 0.002696
48 0.208993 0.918436 0.024321 0.021571
48 0.174491 0.899562 0.018665 0.016178
48 0.175764 0.888439 0.016686 0.015504
48 0.130656 0.856926 0.019231 0.017863
48 0.368778 0.577351 0.016403 0.014830
48 0.232183 0.936131 0.020362 0.017863
48 0.173077 0.824233 0.015837 0.015167
48 0.157664 0.951466 0.013857 0.017526
5 0.068156 0.568251 0.003959 0.002696
5 0.080034 0.823896 0.002262 0.004382
48 0.204327 0.956690 0.023473 0.020559
48 0.199519 0.891641 0.014989 0.012471
48 0.279836 0.885743 0.022342 0.018874
48 0.082155 0.900742 0.018382 0.018537
48 0.221437 0.683182 0.083145 0.041793
5 0.099548 0.102123 0.003394 0.006067
5 0.254101 0.972868 0.002545 0.006404
48 0.202206 0.866700 0.019231 0.015841
48 0.174350 0.914392 0.016686 0.013482
48 0.265271 0.825581 0.016968 0.015167
48 0.243778 0.964948 0.021493 0.018874
48 0.110011 0.826593 0.016968 0.018537
48 0.066883 0.845972 0.017817 0.016852
5 0.272766 0.726660 0.003676 0.005393
5 0.261312 0.725312 0.003959 0.002022
48 0.207862 0.940007 0.019796 0.019548
48 0.208569 0.829289 0.017251 0.015167
48 0.283654 0.870576 0.023756 0.018200
48 0.189055 0.811931 0.018382 0.016178
48 0.107607 0.842602 0.016120 0.016178
48 0.130373 0.929896 0.016403 0.016178
48 0.078761 0.923323 0.020079 0.019885
5 0.263292 0.719245 0.004525 0.002696
48 0.217619 0.881530 0.013292 0.013145
48 0.207296 0.842096 0.019796 0.011796
48 0.132212 0.830974 0.016686 0.015167
48 0.097002 0.900910 0.018100 0.014830
48 0.075792 0.938659 0.015271 0.015504
48 0.122313 0.036569 0.018382 0.038760
48 0.173077 0.952646 0.019796 0.017189
48 0.260181 0.861645 0.016403 0.015167
48 0.262019 0.838894 0.018382 0.016178
48 0.147059 0.858274 0.013575 0.012471
48 0.950933 0.225312 0.011029 0.014493
48 0.950509 0.158072 0.016403 0.016852
5 0.132636 0.030839 0.002828 0.006404
48 0.190611 0.938153 0.018665 0.017863
48 0.224123 0.831817 0.018382 0.012808
48 0.083993 0.885575 0.018100 0.011796
48 0.940611 0.227840 0.014140 0.014830
5 0.280119 0.833333 0.003676 0.006404
5 0.308824 0.679643 0.002262 0.005056
48 0.213942 0.893832 0.018382 0.016178
48 0.219598 0.869734 0.014989 0.013819
48 0.175764 0.937142 0.016686 0.017189
48 0.245617 0.860128 0.016686 0.014156
48 0.068156 0.818166 0.016403 0.013145
48 0.123586 0.893664 0.019231 0.016515
48 0.105486 0.864341 0.016968 0.016515
47 0.916431 0.247725 0.007636 0.008089
5 0.215215 0.949612 0.002828 0.003707
5 0.279836 0.725986 0.002545 0.004719
48 0.973699 0.488035 0.010747 0.008763
5 0.159926 0.961240 0.005373 0.002022
5 0.308258 0.685204 0.001697 0.004719
48 0.241233 0.872093 0.019231 0.017189
48 0.254525 0.887597 0.015837 0.012471
48 0.251131 0.899899 0.019231 0.016852
48 0.207155 0.853387 0.020079 0.014830
48 0.098840 0.809740 0.020079 0.016515
48 0.143807 0.872262 0.018382 0.020897
48 0.284219 0.688743 0.046946 0.034041
48 0.886454 0.114425 0.016120 0.016515
5 0.137868 0.029491 0.003111 0.006404
48 0.260464 0.849848 0.017534 0.014493
48 0.289734 0.831648 0.018382 0.016515
48 0.135747 0.805022 0.012443 0.013145
48 0.099972 0.797270 0.018382 0.013145
48 0.548643 0.710482 0.050905 0.054601
48 0.939904 0.120155 0.013292 0.013819
47 0.942025 0.174419 0.006787 0.009774
5 0.313631 0.580721 0.003394 0.004044
48 0.189762 0.955174 0.020362 0.022245
48 0.238405 0.899393 0.020362 0.017863
48 0.224406 0.845298 0.014989 0.014830
48 0.269655 0.955342 0.021776 0.019211
48 0.186652 0.840243 0.015271 0.014830
48 0.171239 0.839063 0.016686 0.017863
48 0.090781 0.849848 0.015271 0.014493
48 0.139140 0.890630 0.015271 0.021908
48 0.060379 0.883552 0.018382 0.013819
48 0.142675 0.943883 0.019514 0.021908
48 0.960549 0.210819 0.014423 0.012471
48 0.159502 0.899056 0.017534 0.016515
48 0.183682 0.862656 0.018382 0.017863
48 0.143807 0.930907 0.016686 0.018200
48 0.053592 0.922312 0.016686 0.013145
48 0.386736 0.576340 0.012726 0.013482
48 0.238264 0.885069 0.018382 0.015504
48 0.227517 0.962251 0.016686 0.015504
48 0.212952 0.815976 0.018100 0.020222
48 0.168835 0.848500 0.019231 0.013819
48 0.108173 0.851365 0.017251 0.016178
48 0.058682 0.897034 0.018382 0.015841
48 0.129383 0.944557 0.016686 0.019211
48 0.135322 0.817492 0.020079 0.015841
48 0.089791 0.862150 0.018948 0.016178
48 0.052036 0.936973 0.020928 0.020222
48 0.994202 0.457870 0.011595 0.016515
48 0.974548 0.351196 0.015837 0.014156
48 0.961538 0.221267 0.014140 0.011796
5 0.070419 0.642737 0.005656 0.002696
5 0.303167 0.710313 0.005090 0.002359
5 0.069287 0.922312 0.002262 0.005056
