13 0.258982 0.603506 0.009901 0.008092
48 0.304951 0.156777 0.028289 0.018881
48 0.281895 0.167397 0.018953 0.019218
9 0.291372 0.193695 0.012447 0.009103
48 0.386563 0.199427 0.025177 0.015172
48 0.390240 0.185941 0.041584 0.018543
48 0.287694 0.252192 0.018670 0.016858
48 0.164215 0.093898 0.015559 0.015846
48 0.199859 0.358227 0.037624 0.017869
48 0.146535 0.368341 0.022631 0.021241
48 0.237765 0.338334 0.019519 0.017195
48 0.191089 0.265846 0.035361 0.019892
48 0.192645 0.282198 0.016973 0.014160
48 0.250778 0.314397 0.012164 0.019218
9 0.155021 0.266352 0.007921 0.012812
48 0.367610 0.377444 0.018388 0.015846
48 0.352192 0.376601 0.015842 0.016858
9 0.348939 0.170937 0.011598 0.006069
48 0.340170 0.175826 0.024611 0.011800
48 0.628430 0.432569 0.011598 0.011463
9 0.117397 0.649359 0.005092 0.007417
48 0.286563 0.588840 0.010184 0.014498
48 0.124752 0.559508 0.003395 0.003034
9 0.110467 0.651720 0.005941 0.002697
48 0.025318 0.646662 0.005375 0.006069
48 0.008487 0.673129 0.005658 0.005057
48 0.069024 0.670937 0.003960 0.006069
48 0.068600 0.648854 0.004809 0.003034
48 0.251061 0.642279 0.006506 0.004046
48 0.964074 0.721342 0.015842 0.016521
48 0.269165 0.775624 0.004809 0.003709
48 0.311033 0.781861 0.017822 0.009440
48 0.076379 0.123736 0.008487 0.009440
48 0.076238 0.114633 0.007072 0.008092
47 0.064498 0.126096 0.005092 0.006743
48 0.057992 0.125253 0.008487 0.009103
48 0.060113 0.151382 0.015559 0.014160
47 0.045545 0.135705 0.003960 0.004383
47 0.029279 0.143459 0.003678 0.004383
48 0.020085 0.252023 0.014144 0.013823
9 0.019943 0.268881 0.009901 0.005057
48 0.039745 0.280344 0.025743 0.014498
48 0.059830 0.301922 0.008769 0.008429
47 0.065629 0.298045 0.002829 0.003372
48 0.082461 0.345752 0.009901 0.009777
48 0.065347 0.325354 0.007921 0.011463
48 0.071429 0.324511 0.005941 0.007080
48 0.057709 0.344572 0.014710 0.014835
5 0.067893 0.349629 0.002263 0.004720
47 0.048515 0.344572 0.006506 0.008092
48 0.080905 0.324848 0.007355 0.005057
48 0.081330 0.321645 0.008204 0.006743
48 0.082603 0.317768 0.009052 0.005732
48 0.084724 0.314397 0.008204 0.005732
48 0.094201 0.321308 0.006789 0.006069
48 0.093069 0.325523 0.006789 0.005057
48 0.092645 0.329231 0.007072 0.007080
47 0.098868 0.310013 0.003112 0.004383
48 0.088119 0.306642 0.006506 0.006406
48 0.043564 0.384019 0.015842 0.016183
48 0.019661 0.377782 0.011033 0.013823
47 0.023479 0.372218 0.006223 0.006743
48 0.092928 0.399865 0.009335 0.008766
41 0.025460 0.427343 0.004526 0.007080
47 0.037765 0.527141 0.004243 0.007755
47 0.018246 0.533210 0.008769 0.006406
47 0.011740 0.559845 0.007638 0.009777
48 0.023479 0.574511 0.018105 0.020904
48 0.044272 0.624073 0.029703 0.023601
47 0.096464 0.587997 0.007355 0.013486
47 0.086563 0.624410 0.005092 0.004720
47 0.085431 0.628456 0.006789 0.006743
47 0.096464 0.630984 0.008487 0.007080
47 0.103253 0.632502 0.007355 0.004720
9 0.114993 0.633850 0.003112 0.009440
48 0.059972 0.677680 0.014710 0.012138
48 0.059830 0.659643 0.011033 0.023938
47 0.066761 0.653574 0.006789 0.005057
5 0.075530 0.649697 0.002263 0.004046
48 0.013437 0.699258 0.007638 0.009440
48 0.014569 0.691167 0.006506 0.008766
47 0.015134 0.706001 0.005375 0.005394
48 0.051485 0.711059 0.012447 0.019555
48 0.057284 0.692178 0.021782 0.012812
9 0.070014 0.697572 0.002546 0.004046
5 0.071711 0.681726 0.003678 0.004046
9 0.119802 0.666049 0.003112 0.006406
5 0.116549 0.667229 0.002263 0.002697
9 0.126167 0.663688 0.002263 0.005732
9 0.125884 0.669757 0.003395 0.005732
9 0.128996 0.666049 0.002829 0.009777
9 0.126025 0.676669 0.002546 0.004720
5 0.123055 0.677006 0.002263 0.002023
5 0.122772 0.674140 0.002829 0.002360
9 0.087977 0.682063 0.007355 0.004046
48 0.094767 0.661328 0.017539 0.024612
5 0.106365 0.651888 0.002263 0.004383
9 0.091655 0.678860 0.014710 0.005057
9 0.151202 0.667397 0.004809 0.010452
9 0.179915 0.642616 0.009618 0.004720
47 0.113154 0.692515 0.007355 0.007417
48 0.103960 0.689144 0.013296 0.018881
48 0.108487 0.667903 0.015559 0.028995
9 0.162659 0.616318 0.003960 0.011463
13 0.198586 0.606878 0.013013 0.006069
13 0.163791 0.604012 0.005658 0.011800
13 0.046393 0.758429 0.006223 0.013823
48 0.083027 0.735671 0.013296 0.014835
5 0.106931 0.773432 0.003960 0.004720
48 0.073975 0.763992 0.012164 0.010115
47 0.071994 0.768712 0.009901 0.007417
5 0.019095 0.776298 0.003112 0.004383
47 0.009901 0.783378 0.006223 0.007080
48 0.014144 0.786581 0.012447 0.010789
13 0.030127 0.790459 0.007072 0.013149
9 0.023479 0.796696 0.005658 0.004720
9 0.027723 0.798719 0.005092 0.003372
9 0.031825 0.800405 0.005375 0.003372
9 0.017822 0.795853 0.005658 0.003709
13 0.008769 0.800573 0.011315 0.007080
48 0.105092 0.827883 0.010467 0.017195
48 0.012023 0.832940 0.018388 0.013823
5 0.076945 0.884693 0.005092 0.004046
48 0.014427 0.885536 0.015842 0.013149
48 0.701839 0.927512 0.010184 0.010115
48 0.729844 0.932738 0.013013 0.013149
9 0.736209 0.928186 0.005375 0.004046
47 0.731542 0.923297 0.006789 0.005732
47 0.734512 0.919589 0.005375 0.004383
47 0.729562 0.914531 0.003395 0.003709
48 0.738755 0.911160 0.017822 0.018543
47 0.747242 0.905934 0.009901 0.007417
48 0.743140 0.901888 0.009052 0.010115
48 0.737765 0.894808 0.012447 0.013486
48 0.748515 0.893291 0.015276 0.016521
48 0.757284 0.883682 0.016407 0.015509
47 0.765064 0.876096 0.007638 0.007755
48 0.780764 0.876770 0.016407 0.015846
5 0.800424 0.567262 0.005941 0.003709
48 0.690665 0.561194 0.011033 0.009777
48 0.678784 0.567094 0.014993 0.014835
9 0.689533 0.570297 0.005375 0.005057
5 0.735502 0.208024 0.004526 0.003372
41 0.865488 0.305125 0.003112 0.006069
41 0.847100 0.316251 0.003112 0.005394
48 0.790665 0.373399 0.017539 0.013149
47 0.721641 0.368510 0.005658 0.010789
47 0.726167 0.369184 0.005658 0.010115
48 0.707355 0.380647 0.014993 0.014835
48 0.701414 0.440829 0.025177 0.017195
48 0.733239 0.443021 0.018670 0.016183
48 0.743847 0.467465 0.021216 0.015846
48 0.740594 0.478254 0.015842 0.013823
47 0.787270 0.454147 0.009618 0.009440
47 0.778218 0.458699 0.005658 0.007755
47 0.785431 0.462407 0.012730 0.009777
9 0.779632 0.441167 0.007921 0.006406
48 0.766054 0.443189 0.022631 0.017195
48 0.744130 0.491065 0.009335 0.011126
48 0.757284 0.504552 0.008487 0.012475
9 0.746252 0.507249 0.008487 0.007080
5 0.696181 0.537256 0.003395 0.005057
5 0.667893 0.532873 0.005092 0.003034
48 0.675389 0.529332 0.011033 0.012812
48 0.684300 0.532535 0.013013 0.011800
9 0.721499 0.524612 0.005941 0.002697
47 0.721075 0.531355 0.007921 0.007417
47 0.691796 0.517869 0.004809 0.004046
9 0.724187 0.518375 0.002829 0.005732
48 0.716549 0.519386 0.013013 0.009777
48 0.701414 0.516183 0.011598 0.009440
48 0.702687 0.524107 0.007921 0.013823
48 0.639180 0.519724 0.017256 0.019218
47 0.634653 0.498989 0.014427 0.010789
47 0.644696 0.506743 0.009618 0.008766
9 0.610891 0.517869 0.005375 0.003372
48 0.613437 0.493594 0.008769 0.014160
48 0.485997 0.153405 0.013013 0.010789
48 0.484158 0.162340 0.012730 0.010452
48 0.474257 0.150708 0.007638 0.008766
48 0.472560 0.159474 0.007638 0.008092
48 0.463225 0.157114 0.008769 0.007417
48 0.454031 0.155260 0.006789 0.006406
48 0.453748 0.168914 0.009618 0.010789
48 0.460962 0.170937 0.007072 0.009440
48 0.442999 0.175152 0.010184 0.011126
9 0.456011 0.195887 0.009618 0.005394
9 0.446393 0.190324 0.006223 0.007080
9 0.451627 0.185098 0.009335 0.006069
9 0.472702 0.219488 0.005658 0.006069
9 0.474257 0.214599 0.004243 0.004383
9 0.481895 0.209204 0.004243 0.003034
47 0.475530 0.232805 0.007355 0.008429
47 0.472702 0.239042 0.005658 0.004720
48 0.463366 0.229771 0.024328 0.015846
48 0.434653 0.283378 0.013296 0.011126
48 0.441443 0.267026 0.016690 0.014835
47 0.434229 0.270229 0.006789 0.007755
47 0.411315 0.328051 0.007355 0.007417
47 0.431259 0.324848 0.005375 0.005057
47 0.426874 0.318105 0.005658 0.005732
48 0.426591 0.340695 0.010750 0.011126
47 0.441301 0.327883 0.012447 0.011126
47 0.433805 0.322994 0.008769 0.007417
47 0.419236 0.337323 0.009618 0.008429
47 0.421641 0.332266 0.006506 0.006406
9 0.446252 0.348786 0.006506 0.007080
5 0.441584 0.353169 0.005092 0.004383
5 0.440170 0.355024 0.004526 0.004046
9 0.438614 0.357215 0.006506 0.007080
5 0.433805 0.360081 0.004243 0.004046
47 0.428713 0.367330 0.008204 0.008429
47 0.427723 0.380816 0.007921 0.008429
47 0.424611 0.372893 0.006789 0.007417
5 0.426874 0.388739 0.003960 0.005394
48 0.446393 0.383850 0.015842 0.013149
48 0.461245 0.388233 0.016124 0.014498
48 0.416407 0.359912 0.025460 0.019218
47 0.408345 0.362778 0.007638 0.006743
47 0.405233 0.365644 0.007072 0.005732
9 0.403678 0.368678 0.004526 0.003034
47 0.398161 0.353001 0.009901 0.008092
47 0.390948 0.354855 0.009618 0.009103
47 0.393918 0.364464 0.012164 0.010115
48 0.429137 0.413520 0.018105 0.013149
48 0.484866 0.403068 0.042433 0.028658
48 0.411598 0.446898 0.025460 0.016521
9 0.515276 0.439312 0.003678 0.008766
48 0.525035 0.440829 0.013013 0.011800
47 0.493211 0.448753 0.005941 0.008092
47 0.506931 0.453810 0.006789 0.008766
48 0.493211 0.464767 0.016124 0.016521
5 0.518953 0.467802 0.004809 0.003034
9 0.509760 0.469319 0.006223 0.004046
47 0.506506 0.477916 0.012164 0.009777
47 0.506223 0.483985 0.009335 0.006406
48 0.307496 0.482299 0.003960 0.007080
48 0.314851 0.488537 0.005092 0.006743
9 0.293494 0.533547 0.003678 0.005057
48 0.282461 0.542481 0.013296 0.014160
47 0.292504 0.548213 0.005658 0.010115
47 0.293494 0.515003 0.007638 0.007755
48 0.301697 0.526804 0.008769 0.011126
47 0.246110 0.670094 0.004526 0.007080
47 0.242433 0.673297 0.005092 0.003372
5 0.258416 0.663688 0.002546 0.004383
5 0.249788 0.657283 0.003960 0.004383
48 0.260962 0.654754 0.007638 0.008092
48 0.266195 0.659643 0.009052 0.008429
48 0.269165 0.654248 0.011033 0.011800
48 0.275672 0.659643 0.012164 0.019218
47 0.285290 0.653068 0.005941 0.009440
47 0.289392 0.654417 0.005658 0.008766
48 0.285149 0.662677 0.011881 0.013823
48 0.272843 0.670432 0.014427 0.009777
48 0.269731 0.674477 0.011033 0.006406
47 0.268317 0.678692 0.006506 0.004720
48 0.261952 0.685098 0.022631 0.007417
47 0.220934 0.684929 0.006223 0.003709
9 0.215559 0.422960 0.003960 0.008429
9 0.219519 0.416723 0.003960 0.008092
9 0.218953 0.423297 0.003395 0.007080
48 0.183593 0.414531 0.031117 0.022589
47 0.159547 0.416217 0.017539 0.007080
48 0.111881 0.436615 0.011033 0.017532
48 0.126733 0.438638 0.009618 0.008092
47 0.119802 0.438806 0.003678 0.007080
9 0.123479 0.386548 0.005941 0.003709
9 0.175955 0.387896 0.005658 0.003709
9 0.166620 0.395819 0.002829 0.005394
9 0.185714 0.376433 0.003678 0.005732
9 0.182178 0.376939 0.002829 0.004046
41 0.705233 0.313722 0.004526 0.005732
55 0.011174 0.688638 0.004243 0.004383
14 0.080764 0.748483 0.017822 0.005394
5 0.287412 0.243257 0.007921 0.003034
5 0.405658 0.331929 0.003960 0.004383
5 0.659972 0.539110 0.002263 0.004720
47 0.150071 0.097943 0.005941 0.007080
48 0.234371 0.094066 0.020651 0.008766
