48 0.995929 0.216677 0.008143 0.024093
48 0.991857 0.313048 0.016286 0.017209
56 0.981992 0.444775 0.033511 0.068523
48 0.998121 0.235920 0.003758 0.017522
48 0.994676 0.202284 0.010648 0.009074
48 0.997808 0.109825 0.004385 0.017522
48 0.994363 0.049906 0.011275 0.009074
48 0.992484 0.321965 0.012527 0.008761
56 0.947228 0.510951 0.105543 0.023154
56 0.947385 0.537860 0.105230 0.025031
56 0.967585 0.603411 0.064829 0.024093
56 0.945976 0.642209 0.108049 0.023467
56 0.949577 0.670213 0.100846 0.026909
11 0.991701 0.163016 0.016599 0.015645
48 0.046665 0.020651 0.060132 0.041302
48 0.355308 0.003598 0.025994 0.007196
48 0.809114 0.015957 0.077357 0.031915
8 0.703101 0.003442 0.006264 0.005006
10 0.763858 0.001564 0.004385 0.003129
48 0.223771 0.060544 0.272784 0.121089
5 0.935171 0.001877 0.005637 0.003755
48 0.952396 0.005945 0.015659 0.011890
48 0.961322 0.003129 0.018478 0.006258
9 0.910742 0.003285 0.008769 0.006571
48 0.691826 0.002972 0.008769 0.005945
48 0.508299 0.007040 0.108988 0.014080
5 0.610868 0.002190 0.002192 0.004380
48 0.465706 0.030350 0.096461 0.060701
11 0.016129 0.007353 0.017225 0.014706
5 0.613686 0.002034 0.002192 0.004068
5 0.738647 0.000469 0.006577 0.000939
5 0.628876 0.002660 0.001879 0.004068
48 0.269183 0.365613 0.009709 0.009074
48 0.315691 0.567428 0.020044 0.009700
48 0.227842 0.353098 0.014093 0.012829
48 0.888036 0.130006 0.011588 0.022841
48 0.656279 0.078692 0.019731 0.021589
48 0.175853 0.292866 0.019104 0.021277
48 0.975572 0.257979 0.041967 0.034105
48 0.400094 0.228567 0.019731 0.015957
48 0.344660 0.191959 0.025994 0.022215
48 0.926871 0.212297 0.020357 0.010951
48 0.300658 0.201658 0.021297 0.017835
48 0.980583 0.050845 0.016912 0.017209
48 0.355622 0.309606 0.012214 0.007822
48 0.701221 0.061014 0.055121 0.043805
48 0.130285 0.244681 0.042593 0.049437
48 0.313185 0.556946 0.020044 0.015645
48 0.972127 0.040050 0.015033 0.016270
48 0.952239 0.223091 0.020983 0.013141
48 0.054964 0.392053 0.032884 0.035044
48 0.728469 0.012046 0.023176 0.022215
48 0.920608 0.187578 0.023489 0.023467
48 0.855778 0.128598 0.009709 0.025657
48 0.919042 0.084637 0.037269 0.029725
48 0.308644 0.542710 0.015346 0.016583
48 0.065769 0.260325 0.015659 0.036921
48 0.483714 0.112015 0.036643 0.081352
48 0.199029 0.284887 0.019731 0.024718
48 0.428594 0.223091 0.020357 0.015645
48 0.964767 0.032854 0.016599 0.015645
48 0.526621 0.132509 0.024115 0.022841
48 0.510335 0.184136 0.010335 0.017209
48 0.377231 0.183354 0.030379 0.026283
48 0.736455 0.142209 0.013467 0.025970
48 0.496085 0.213392 0.036329 0.043179
48 0.032101 0.259074 0.017852 0.017522
48 0.423896 0.290832 0.009082 0.010325
48 0.284685 0.362328 0.020044 0.013767
48 0.306138 0.259387 0.037269 0.033166
48 0.987003 0.061640 0.015346 0.018148
48 0.047917 0.258448 0.016286 0.027534
48 0.601942 0.248592 0.079549 0.077910
48 0.957094 0.023467 0.020044 0.019399
48 0.207955 0.216677 0.020044 0.020964
48 0.462731 0.121558 0.036643 0.085419
48 0.542437 0.089487 0.032571 0.036295
48 0.450204 0.317272 0.026621 0.017522
48 0.387097 0.353254 0.021923 0.015645
48 0.333229 0.349030 0.023176 0.017209
48 0.186189 0.465269 0.020357 0.015645
13 0.275446 0.326815 0.017852 0.010325
13 0.255716 0.332134 0.015972 0.009074
13 0.243501 0.330726 0.009709 0.016270
13 0.246946 0.346214 0.015346 0.007196
13 0.248982 0.351690 0.015033 0.006258
48 0.668807 0.017053 0.023489 0.019086
39 0.569371 0.031133 0.006890 0.007196
39 0.564829 0.040363 0.007203 0.006884
39 0.578766 0.052253 0.008769 0.006258
39 0.577357 0.048029 0.007830 0.006571
39 0.563263 0.051627 0.006577 0.007509
39 0.570936 0.061170 0.009396 0.006571
11 0.597870 0.147059 0.006890 0.011264
11 0.604134 0.147841 0.011275 0.012203
11 0.575321 0.146120 0.008769 0.008135
5 0.569527 0.145025 0.005951 0.005319
48 0.571563 0.132040 0.026934 0.022528
48 0.550423 0.192584 0.010335 0.009074
48 0.240213 0.385013 0.009396 0.021589
48 0.295803 0.367334 0.007830 0.008761
48 0.293141 0.374531 0.006890 0.006884
48 0.206389 0.459793 0.019417 0.012203
48 0.235515 0.454005 0.024428 0.016270
48 0.267303 0.447121 0.036643 0.022528
48 0.303946 0.439456 0.029126 0.024093
48 0.362355 0.350438 0.035703 0.034418
48 0.448951 0.331508 0.020983 0.019086
48 0.425775 0.275501 0.037269 0.022841
48 0.441121 0.298967 0.020357 0.018461
48 0.421860 0.096214 0.038209 0.037860
10 0.753367 0.019399 0.005951 0.003129
39 0.606326 0.081665 0.010648 0.009387
10 0.622612 0.079161 0.007516 0.006258
11 0.554181 0.126095 0.013467 0.011890
11 0.525055 0.148623 0.012214 0.011890
11 0.510961 0.159105 0.014720 0.013454
11 0.407924 0.203223 0.017225 0.009074
11 0.390072 0.200720 0.016599 0.007196
5 0.394770 0.240144 0.005324 0.004068
5 0.315847 0.202753 0.004071 0.005006
13 0.258847 0.232635 0.017852 0.005945
11 0.239743 0.225125 0.005951 0.019086
11 0.236925 0.205882 0.005324 0.016896
5 0.142499 0.319775 0.005011 0.003755
5 0.150172 0.312265 0.003445 0.004380
13 0.112903 0.281915 0.014093 0.005632
5 0.076574 0.295839 0.004698 0.004068
11 0.061854 0.297090 0.015972 0.005319
11 0.039461 0.302722 0.011901 0.005945
11 0.031475 0.308824 0.010961 0.005006
11 0.030222 0.304599 0.012214 0.006571
51 0.366896 0.238267 0.042280 0.043492
5 0.671782 0.309293 0.004385 0.005319
5 0.664735 0.312422 0.005324 0.005945
5 0.716724 0.239518 0.005324 0.005319
5 0.661760 0.301314 0.005637 0.005632
14 0.769339 0.299906 0.022236 0.008448
11 0.815847 0.333229 0.015659 0.008135
11 0.813811 0.329161 0.015346 0.006258
14 0.829001 0.293335 0.006890 0.011577
11 0.820858 0.313048 0.006264 0.017835
11 0.805042 0.308824 0.019104 0.008135
11 0.911212 0.279412 0.014093 0.016270
10 0.892108 0.240457 0.010335 0.009700
5 0.908393 0.253129 0.004698 0.004380
5 0.910899 0.257353 0.004071 0.002190
5 0.906044 0.248592 0.003132 0.002816
5 0.903696 0.246558 0.003445 0.002503
5 0.902443 0.244837 0.004071 0.004693
39 0.919355 0.235294 0.006577 0.013767
10 0.917006 0.262359 0.003758 0.010325
5 0.956154 0.279725 0.003132 0.004380
5 0.898215 0.239518 0.003132 0.004068
5 0.896806 0.237015 0.003445 0.004068
10 0.869402 0.217303 0.006890 0.007196
14 0.836831 0.236859 0.014407 0.016270
11 0.844190 0.226846 0.014720 0.013767
39 0.798309 0.248123 0.010648 0.005006
11 0.839649 0.278004 0.016912 0.009700
10 0.862042 0.181164 0.005324 0.011264
10 0.867992 0.174280 0.009709 0.005006
10 0.866427 0.203692 0.009709 0.011890
10 0.904009 0.204787 0.012214 0.004693
11 0.907141 0.213548 0.010961 0.012203
48 0.970561 0.239205 0.037582 0.024093
5 0.949421 0.241083 0.002192 0.004693
5 0.951456 0.247340 0.003132 0.005319
11 0.925149 0.265332 0.005011 0.011890
11 0.788130 0.301158 0.005951 0.014080
11 0.769966 0.307416 0.012214 0.004693
11 0.769339 0.311327 0.012214 0.003755
11 0.990135 0.105131 0.007830 0.010013
11 0.987942 0.101846 0.008456 0.009074
11 0.983558 0.093398 0.010335 0.009700
48 0.747416 0.068680 0.023489 0.029725
5 0.753210 0.052722 0.005637 0.003442
5 0.750705 0.045526 0.003758 0.002816
9 0.733793 0.111076 0.004385 0.018148
6 0.737081 0.107322 0.002819 0.008135
48 0.894926 0.053191 0.043533 0.047559
9 0.919511 0.042710 0.005637 0.007822
5 0.927654 0.053191 0.003758 0.003755
9 0.839336 0.150501 0.003758 0.016270
5 0.847009 0.169587 0.004071 0.002503
5 0.823364 0.143304 0.003132 0.003755
5 0.699969 0.220901 0.003758 0.004380
7 0.698403 0.222622 0.003758 0.004693
9 0.859850 0.110920 0.017225 0.004068
11 0.874100 0.265488 0.016286 0.009700
11 0.780457 0.341990 0.020044 0.008761
11 0.042906 0.204944 0.004385 0.012516
11 0.028813 0.203692 0.016286 0.005006
11 0.028813 0.208229 0.016286 0.003442
11 0.066082 0.213079 0.016912 0.005632
11 0.114939 0.156289 0.006890 0.015957
11 0.213279 0.163016 0.015033 0.007509
48 0.679455 0.144086 0.051049 0.096683
4 0.638741 0.055069 0.005951 0.005632
48 0.614469 0.050219 0.080802 0.062891
48 0.962574 0.324312 0.019104 0.013454
5 0.950987 0.414111 0.004071 0.002190
12 0.964923 0.443992 0.003758 0.005632
12 0.965080 0.467459 0.004071 0.005632
12 0.956467 0.462922 0.003758 0.005319
12 0.954432 0.458542 0.004071 0.005319
12 0.951769 0.464330 0.004385 0.005632
12 0.948951 0.469493 0.004385 0.005319
12 0.956467 0.469493 0.003758 0.004693
12 0.953179 0.468867 0.004071 0.004693
12 0.964923 0.460576 0.004385 0.005632
12 0.968995 0.462140 0.005011 0.005632
12 0.961635 0.466834 0.004071 0.004380
12 0.959129 0.464174 0.004071 0.004693
12 0.961322 0.459011 0.004071 0.005006
12 0.959286 0.457603 0.005011 0.005319
12 0.922174 0.446965 0.003445 0.005319
12 0.918572 0.446339 0.003758 0.005319
12 0.915753 0.445713 0.003758 0.005319
12 0.924992 0.440864 0.004071 0.005632
12 0.921860 0.440394 0.003445 0.005319
12 0.918102 0.439612 0.003445 0.006258
12 0.928750 0.435232 0.004698 0.006258
12 0.924522 0.434449 0.004385 0.005945
12 0.920608 0.433980 0.004071 0.005006
12 0.959756 0.432416 0.004698 0.006258
48 0.133573 0.998748 0.012841 0.002503
48 0.138898 0.993116 0.007830 0.013767
48 0.149233 0.962297 0.005324 0.008448
48 0.143126 0.960263 0.006264 0.008135
48 0.139367 0.958698 0.006890 0.008761
48 0.141403 0.950407 0.010335 0.010951
48 0.143752 0.942741 0.006264 0.008135
48 0.174131 0.911765 0.040714 0.023780
48 0.153774 0.914737 0.003758 0.004068
48 0.176323 0.890957 0.006890 0.004068
48 0.275290 0.710263 0.019417 0.016896
48 0.258847 0.709324 0.003445 0.005632
5 0.283433 0.731539 0.002505 0.004380
5 0.280301 0.729193 0.001879 0.004693
5 0.278265 0.729662 0.002192 0.005632
5 0.275446 0.736859 0.004698 0.002503
5 0.275290 0.739675 0.005011 0.002503
5 0.275603 0.742804 0.005011 0.002503
5 0.269652 0.744994 0.002505 0.005006
5 0.275446 0.732947 0.002192 0.004693
5 0.273254 0.733260 0.002192 0.004693
5 0.274350 0.728254 0.002505 0.005319
5 0.271062 0.728098 0.002192 0.004380
5 0.270905 0.733104 0.002505 0.005006
5 0.270905 0.738110 0.002505 0.005632
5 0.265581 0.734199 0.003758 0.002190
5 0.268243 0.734043 0.002192 0.003755
5 0.265111 0.736546 0.005324 0.002503
5 0.266364 0.739987 0.002819 0.005006
5 0.266834 0.744211 0.002505 0.004693
5 0.264641 0.739675 0.001879 0.004380
5 0.264485 0.744368 0.002192 0.005632
48 0.253680 0.731539 0.013154 0.008135
56 0.210147 0.739205 0.015659 0.025344
5 0.203883 0.781446 0.001879 0.004068
5 0.255402 0.723248 0.002819 0.002190
5 0.255246 0.721370 0.003758 0.002190
57 0.208894 0.793179 0.007516 0.004380
57 0.208111 0.797559 0.007830 0.003755
57 0.207329 0.876408 0.008143 0.004380
57 0.207485 0.882353 0.008456 0.004380
57 0.207329 0.890175 0.008143 0.004380
57 0.229408 0.975751 0.012841 0.004693
57 0.276699 0.828066 0.013467 0.004693
57 0.277169 0.820088 0.013780 0.004380
57 0.277325 0.815394 0.014093 0.004380
56 0.278735 0.762046 0.017538 0.050375
56 0.324147 0.781602 0.026308 0.108886
56 0.373786 0.775657 0.036643 0.116395
56 0.436423 0.775031 0.047291 0.117647
56 0.499374 0.755476 0.052302 0.111702
56 0.554807 0.752660 0.016599 0.012203
56 0.559505 0.802722 0.029126 0.026596
56 0.554024 0.828692 0.028187 0.010951
57 0.571563 0.876095 0.006264 0.016270
57 0.556843 0.872966 0.005637 0.015645
57 0.544159 0.873436 0.004698 0.015957
57 0.544629 0.910982 0.005011 0.013454
57 0.557156 0.911452 0.005637 0.015019
57 0.566239 0.910982 0.008769 0.016583
56 0.535546 0.948999 0.049483 0.018148
56 0.435954 0.948999 0.063263 0.020025
56 0.430473 0.968398 0.042906 0.006884
57 0.395396 0.961514 0.003445 0.014393
57 0.395396 0.936327 0.004071 0.016583
57 0.395083 0.911608 0.004071 0.014080
57 0.395240 0.891427 0.003758 0.013767
57 0.395083 0.873123 0.004071 0.014706
57 0.394926 0.853411 0.005637 0.014080
57 0.385061 0.843711 0.013467 0.004693
57 0.372534 0.843867 0.007203 0.004380
57 0.361416 0.843711 0.013780 0.004068
57 0.336048 0.849186 0.013780 0.005006
57 0.349984 0.907071 0.003445 0.009387
57 0.439086 0.861233 0.005637 0.015332
56 0.470247 0.969180 0.024115 0.004068
11 0.960852 0.441176 0.009396 0.015645
11 0.954118 0.443680 0.010961 0.018773
11 0.951926 0.438360 0.010335 0.018148
11 0.945662 0.441646 0.010335 0.018461
11 0.940651 0.440081 0.010335 0.018461
11 0.935797 0.439456 0.010648 0.017835
11 0.930943 0.438830 0.010335 0.017835
11 0.912465 0.443523 0.009709 0.019086
11 0.900720 0.447278 0.005011 0.012829
11 0.896962 0.446652 0.006264 0.014080
11 0.947855 0.463548 0.011588 0.017835
11 0.943940 0.462453 0.008769 0.015019
11 0.938929 0.464174 0.012527 0.019086
11 0.934701 0.463705 0.009709 0.018148
11 0.930003 0.464174 0.010335 0.017835
11 0.926245 0.463548 0.010961 0.019086
11 0.923270 0.462297 0.008769 0.014706
11 0.918102 0.463548 0.009709 0.017835
11 0.909020 0.465426 0.010961 0.020338
11 0.905731 0.464800 0.010022 0.019712
11 0.902286 0.463548 0.010648 0.019086
11 0.898058 0.463705 0.010961 0.018773
11 0.894143 0.463235 0.012527 0.019712
11 0.890385 0.461827 0.008769 0.014393
11 0.885844 0.462766 0.010335 0.019399
11 0.881616 0.462766 0.011275 0.018773
11 0.257908 0.632040 0.007203 0.011264
11 0.261979 0.631414 0.007203 0.011264
11 0.287504 0.621245 0.008143 0.018461
11 0.307078 0.613892 0.009082 0.021902
11 0.311463 0.615613 0.009709 0.020338
11 0.418102 0.584950 0.010022 0.019712
11 0.441748 0.582134 0.007830 0.014080
5 0.505951 0.592616 0.002819 0.003755
48 0.114313 0.553035 0.011275 0.007822
5 0.170686 0.545056 0.002505 0.006258
5 0.173191 0.544900 0.002505 0.005319
5 0.181021 0.570870 0.008769 0.004068
5 0.181178 0.574312 0.009709 0.004693
48 0.204353 0.599030 0.008456 0.008448
48 0.028970 0.523154 0.051676 0.030038
48 0.025211 0.495776 0.046038 0.024093
5 0.118697 0.495932 0.005011 0.003129
5 0.154557 0.530507 0.005951 0.003442
5 0.255872 0.512046 0.006264 0.002816
5 0.283746 0.507979 0.005637 0.003442
5 0.426558 0.472153 0.004385 0.003129
5 0.441121 0.468242 0.007203 0.004068
5 0.488412 0.454631 0.005324 0.002503
5 0.370968 0.525970 0.003445 0.006258
11 0.318822 0.505789 0.017538 0.007196
48 0.331193 0.518773 0.010335 0.014393
11 0.136549 0.539894 0.018165 0.007822
11 0.155183 0.536608 0.017225 0.006258
11 0.171312 0.533636 0.013154 0.005945
11 0.204823 0.527222 0.018165 0.005632
11 0.256499 0.517835 0.017538 0.005632
48 0.071563 0.513454 0.015346 0.023780
48 0.064673 0.490300 0.012841 0.013767
9 0.110085 0.505789 0.005324 0.007822
5 0.191199 0.504537 0.005951 0.004068
5 0.155340 0.506884 0.003758 0.005632
5 0.151268 0.507666 0.003132 0.005319
5 0.147823 0.509387 0.003132 0.005632
5 0.143909 0.509856 0.004071 0.006571
5 0.222518 0.497810 0.006577 0.003755
5 0.120420 0.517053 0.004071 0.005945
5 0.118697 0.470119 0.002505 0.004068
5 0.464923 0.657697 0.005324 0.003755
11 0.493423 0.644556 0.010335 0.006884
48 0.238490 0.583698 0.014093 0.008448
48 0.230661 0.578536 0.012841 0.012516
48 0.240213 0.576658 0.014407 0.011264
48 0.249609 0.572434 0.013780 0.010951
48 0.247103 0.562891 0.018165 0.016270
48 0.231444 0.567428 0.015033 0.011577
48 0.225650 0.557572 0.012214 0.007509
11 0.224867 0.552879 0.011901 0.003755
48 0.180864 0.544587 0.012841 0.011577
48 0.211400 0.542084 0.013154 0.005319
48 0.214532 0.537860 0.015659 0.008135
48 0.227216 0.535670 0.010961 0.012516
48 0.195584 0.543023 0.009709 0.009700
48 0.290792 0.532384 0.013467 0.012203
48 0.294707 0.524093 0.009396 0.007509
48 0.315534 0.536765 0.004698 0.009074
48 0.154870 0.496715 0.007203 0.005319
48 0.166928 0.494368 0.010022 0.006884
48 0.175384 0.458855 0.009396 0.007822
48 0.196367 0.443523 0.008143 0.010325
48 0.181021 0.428035 0.018791 0.013767
48 0.196210 0.426314 0.014093 0.015957
48 0.203101 0.440238 0.009709 0.010638
48 0.136392 0.475751 0.032258 0.026596
48 0.200282 0.435075 0.005324 0.004068
48 0.211400 0.426783 0.025681 0.035670
48 0.223927 0.456665 0.020670 0.016583
5 0.147823 0.472309 0.003132 0.003442
5 0.146884 0.469180 0.003132 0.004068
5 0.149233 0.468085 0.003445 0.004380
48 0.148137 0.462609 0.005011 0.007196
48 0.110711 0.427566 0.015972 0.012203
48 0.120106 0.425219 0.009082 0.012516
48 0.123238 0.432103 0.015346 0.011264
48 0.126840 0.413329 0.015033 0.010638
48 0.130442 0.419431 0.009082 0.008448
48 0.173191 0.405038 0.010022 0.009700
48 0.182900 0.406602 0.007516 0.011577
48 0.188224 0.403317 0.007516 0.008135
48 0.203570 0.398310 0.016912 0.018773
48 0.195114 0.402065 0.009396 0.012516
48 0.199969 0.384700 0.016599 0.017835
48 0.186502 0.388924 0.020357 0.016896
48 0.169277 0.394712 0.008456 0.012203
48 0.220169 0.387516 0.034450 0.032228
48 0.238334 0.373592 0.012527 0.010013
48 0.250705 0.371558 0.025368 0.018461
48 0.266051 0.370776 0.015346 0.016896
48 0.290636 0.338548 0.005637 0.008135
48 0.273880 0.334950 0.006577 0.005945
48 0.280614 0.340269 0.020670 0.015332
48 0.257751 0.321965 0.020044 0.015645
48 0.228312 0.331195 0.026934 0.017835
48 0.237394 0.350594 0.013154 0.016583
48 0.215941 0.357791 0.024742 0.017835
48 0.205136 0.364205 0.008143 0.007509
48 0.281710 0.406133 0.027873 0.028786
48 0.262919 0.413173 0.025994 0.034105
48 0.243501 0.417866 0.031005 0.036608
48 0.351707 0.425845 0.027560 0.025657
48 0.372690 0.419118 0.030692 0.028473
48 0.352490 0.381571 0.019731 0.015957
48 0.369715 0.377816 0.021610 0.016583
48 0.373786 0.394869 0.016599 0.012516
48 0.385061 0.373592 0.020983 0.016896
48 0.347792 0.398623 0.014720 0.013767
48 0.360476 0.396902 0.020670 0.019086
48 0.276073 0.536452 0.027873 0.017835
5 0.334638 0.542084 0.005324 0.006571
5 0.341685 0.529255 0.004385 0.007822
5 0.338866 0.528942 0.004385 0.007822
48 0.322894 0.517991 0.011901 0.009700
48 0.058252 0.464956 0.021923 0.015645
48 0.082211 0.443210 0.020983 0.019712
48 0.068588 0.446652 0.016912 0.017835
48 0.069057 0.431008 0.024742 0.018461
48 0.093799 0.441333 0.006577 0.007822
48 0.122769 0.454318 0.029439 0.016896
48 0.168650 0.480131 0.026621 0.030350
48 0.154087 0.439612 0.028187 0.044431
48 0.216567 0.310232 0.012841 0.012203
48 0.325713 0.319305 0.018165 0.018461
48 0.308644 0.308824 0.030379 0.017522
48 0.366583 0.305069 0.015346 0.013141
48 0.351080 0.301158 0.028187 0.022841
48 0.207642 0.334168 0.020044 0.017522
48 0.209364 0.347778 0.027247 0.019712
48 0.290636 0.327910 0.015033 0.011890
48 0.231757 0.340895 0.023176 0.014706
48 0.161290 0.373905 0.011901 0.011264
48 0.176793 0.369212 0.022863 0.016270
48 0.160664 0.345275 0.016286 0.014080
48 0.169903 0.356696 0.009709 0.011264
48 0.176167 0.342146 0.017852 0.010951
48 0.176793 0.351533 0.009709 0.012829
48 0.193392 0.340895 0.019104 0.015957
48 0.189477 0.357165 0.025681 0.024093
48 0.154713 0.361859 0.020670 0.021589
48 0.380363 0.338548 0.025994 0.025657
48 0.398215 0.338705 0.021610 0.034731
48 0.415440 0.334481 0.031632 0.036921
48 0.429220 0.327597 0.016599 0.025031
48 0.433605 0.341677 0.009082 0.011890
48 0.373630 0.293961 0.011275 0.019086
48 0.383965 0.289894 0.019417 0.016583
48 0.388350 0.298811 0.017538 0.012516
48 0.380833 0.312422 0.017538 0.015332
48 0.392108 0.309606 0.013154 0.014080
48 0.415753 0.304756 0.036016 0.023154
48 0.436267 0.290832 0.015033 0.007196
48 0.450673 0.294118 0.018165 0.023780
48 0.455215 0.273780 0.009082 0.011890
48 0.450673 0.261421 0.011275 0.009074
48 0.398371 0.269556 0.032571 0.024718
48 0.426245 0.261264 0.033824 0.025657
48 0.375666 0.277378 0.025368 0.024093
48 0.533981 0.269712 0.041967 0.032541
48 0.472909 0.314925 0.025055 0.022215
48 0.600846 0.284731 0.033511 0.028786
48 0.538209 0.224656 0.013467 0.013767
48 0.557156 0.217772 0.021297 0.013141
48 0.557000 0.231539 0.008456 0.015019
48 0.549796 0.208073 0.006577 0.008761
48 0.530379 0.183667 0.012214 0.016896
48 0.097557 0.368429 0.020357 0.018461
48 0.007203 0.312422 0.003758 0.004693
48 0.004854 0.315394 0.007830 0.005632
48 0.017852 0.324312 0.033824 0.031602
48 0.078609 0.318210 0.022549 0.017522
48 0.090041 0.317428 0.007830 0.010325
48 0.124334 0.306320 0.023176 0.026283
48 0.089101 0.295369 0.003445 0.003129
48 0.151268 0.298655 0.025055 0.025344
48 0.059975 0.322591 0.008456 0.014393
11 0.139681 0.274562 0.010648 0.005319
48 0.183996 0.275501 0.026621 0.012829
48 0.235672 0.282384 0.049170 0.041615
48 0.269809 0.273467 0.023489 0.035044
48 0.266207 0.253442 0.020044 0.016270
48 0.297213 0.285826 0.026934 0.014080
11 0.283433 0.234355 0.016912 0.007509
9 0.202944 0.226690 0.006264 0.006571
48 0.222518 0.179443 0.012214 0.029725
48 0.224867 0.144086 0.007516 0.020338
48 0.218916 0.143148 0.005637 0.006571
48 0.245850 0.182728 0.014407 0.006884
48 0.265424 0.135638 0.020983 0.019086
48 0.220482 0.126564 0.012527 0.012203
48 0.207485 0.126408 0.022863 0.013141
48 0.275290 0.118742 0.010648 0.015957
48 0.299718 0.098404 0.012527 0.014706
48 0.320858 0.149562 0.010961 0.010013
48 0.466176 0.170682 0.009082 0.007822
48 0.488256 0.161452 0.009396 0.007509
48 0.553085 0.154099 0.016912 0.016583
48 0.562167 0.143461 0.010022 0.010325
48 0.636236 0.143773 0.010961 0.010325
48 0.616192 0.124061 0.010961 0.019086
48 0.627936 0.088705 0.009396 0.009074
48 0.624961 0.110294 0.031005 0.045369
48 0.667084 0.096527 0.034450 0.022841
48 0.706546 0.119681 0.019417 0.015957
48 0.712966 0.105757 0.011588 0.011264
48 0.706232 0.225438 0.009396 0.008448
48 0.705763 0.212297 0.011588 0.008448
48 0.714688 0.215582 0.018791 0.020651
5 0.684153 0.188517 0.005324 0.003442
11 0.750861 0.171464 0.009082 0.012516
5 0.842468 0.173342 0.003758 0.003755
11 0.883025 0.225907 0.012214 0.013141
48 0.893674 0.288486 0.008456 0.008135
48 0.893517 0.295682 0.015033 0.012516
48 0.895553 0.304912 0.008456 0.007822
48 0.901190 0.304912 0.005324 0.005945
48 0.906827 0.302409 0.007203 0.006571
48 0.978547 0.320557 0.016599 0.018461
48 0.044316 0.373748 0.031632 0.017835
48 0.037426 0.279099 0.007203 0.018773
48 0.042593 0.282071 0.005011 0.009074
48 0.014563 0.258604 0.019104 0.010951
48 0.084090 0.249687 0.023489 0.021277
48 0.173035 0.226533 0.022863 0.018148
48 0.168650 0.210419 0.012841 0.008448
48 0.158002 0.213235 0.019104 0.012829
48 0.142656 0.217772 0.019104 0.010013
48 0.128876 0.221214 0.017225 0.007509
48 0.114313 0.224656 0.018791 0.011890
48 0.098184 0.247340 0.015346 0.019086
48 0.102725 0.233573 0.013780 0.008448
48 0.096931 0.229975 0.009709 0.007509
48 0.091607 0.237171 0.013467 0.008761
48 0.086126 0.233260 0.017538 0.009074
48 0.075947 0.235920 0.012841 0.008135
48 0.296273 0.120776 0.023176 0.020651
48 0.383182 0.022215 0.022863 0.016270
5 0.367053 0.013924 0.004385 0.004068
9 0.334951 0.040676 0.009082 0.009387
11 0.344347 0.033636 0.014093 0.012203
48 0.316160 0.176001 0.007830 0.007196
48 0.334012 0.201502 0.010961 0.009387
48 0.323520 0.196183 0.010022 0.025657
48 0.099906 0.130319 0.006890 0.013454
48 0.079549 0.129224 0.010022 0.013767
48 0.104917 0.132040 0.007516 0.008761
48 0.060601 0.128442 0.031632 0.013454
48 0.035547 0.128129 0.022236 0.014706
48 0.014093 0.127972 0.026308 0.011890
11 0.016442 0.142678 0.019731 0.004380
11 0.070623 0.161921 0.019731 0.006571
11 0.074225 0.157228 0.018165 0.007196
48 0.080958 0.146746 0.010335 0.011890
11 0.093799 0.176314 0.012841 0.005945
11 0.096304 0.180382 0.012841 0.007822
48 0.055904 0.193680 0.017225 0.017522
11 0.009865 0.204944 0.017852 0.005006
11 0.011118 0.182259 0.014720 0.005319
11 0.011588 0.197591 0.020670 0.004693
11 0.011431 0.193992 0.017852 0.005632
11 0.006890 0.211358 0.013780 0.007196
11 0.005794 0.215582 0.011588 0.005006
11 0.017225 0.230601 0.020044 0.005632
11 0.019104 0.234668 0.018791 0.005632
11 0.038522 0.236389 0.020670 0.005945
11 0.008456 0.246245 0.016286 0.006884
48 0.031005 0.246402 0.028187 0.014706
48 0.011118 0.252816 0.021610 0.011264
48 0.056530 0.258917 0.008456 0.005319
48 0.004854 0.285200 0.008456 0.009700
9 0.023332 0.294431 0.004071 0.006258
9 0.025838 0.293648 0.002819 0.005945
9 0.028187 0.293492 0.002505 0.006884
9 0.030692 0.292240 0.003132 0.006258
9 0.033041 0.291302 0.002819 0.005632
9 0.035233 0.290832 0.002819 0.006571
9 0.038052 0.290363 0.003445 0.006258
9 0.040401 0.290050 0.003132 0.005632
48 0.011901 0.293179 0.006890 0.006258
5 0.053555 0.287547 0.002505 0.004380
5 0.076730 0.283166 0.006890 0.003755
48 0.015972 0.275970 0.029439 0.025031
11 0.978703 0.149249 0.015659 0.014393
48 0.906671 0.130476 0.035703 0.030038
48 0.877858 0.129380 0.014407 0.015332
48 0.892264 0.146746 0.011275 0.014393
5 0.799562 0.016740 0.006264 0.004693
53 0.115409 0.177722 0.228312 0.142678
5 0.799092 0.021120 0.006577 0.004068
5 0.822737 0.044900 0.005011 0.004693
5 0.821015 0.047403 0.005951 0.004693
5 0.818509 0.049437 0.005951 0.005006
48 0.776699 0.031289 0.005011 0.005632
48 0.778422 0.035357 0.004698 0.003755
48 0.782023 0.049124 0.006890 0.010638
48 0.827435 0.039581 0.010022 0.010325
5 0.927184 0.114362 0.005324 0.005319
5 0.930003 0.112015 0.005324 0.005006
5 0.931569 0.096996 0.005324 0.003129
5 0.944096 0.100282 0.004698 0.004693
48 0.950360 0.096840 0.012841 0.011577
48 0.968525 0.069618 0.032884 0.031602
48 0.954275 0.052409 0.033198 0.031602
48 0.941904 0.035513 0.033511 0.031602
48 0.971970 0.011890 0.018478 0.011264
48 0.975102 0.020181 0.020983 0.015332
48 0.981835 0.027691 0.021297 0.012203
48 0.925305 0.016896 0.017225 0.014393
48 0.941121 0.005945 0.009396 0.008135
48 0.942687 0.013924 0.018165 0.016583
48 0.931569 0.022685 0.020357 0.022215
5 0.932665 0.060232 0.005011 0.007196
48 0.959443 0.012046 0.010335 0.009074
48 0.945662 0.263611 0.019104 0.024093
48 0.935171 0.258448 0.008143 0.010013
48 0.932352 0.248592 0.009396 0.014706
11 0.920921 0.255006 0.007203 0.013141
11 0.913248 0.253598 0.008769 0.015957
11 0.920294 0.261108 0.007830 0.014706
48 0.935640 0.237171 0.020983 0.043179
48 0.924992 0.223404 0.007203 0.008135
48 0.917319 0.214956 0.006264 0.011264
48 0.915910 0.201189 0.012841 0.014393
48 0.943783 0.213392 0.015346 0.013141
48 0.953492 0.212453 0.013467 0.011890
48 0.977920 0.201033 0.007203 0.005945
48 0.961165 0.208855 0.010648 0.010951
48 0.911212 0.173967 0.016599 0.017522
48 0.902130 0.159262 0.012214 0.018148
48 0.880520 0.144556 0.004071 0.004380
48 0.807548 0.188048 0.002819 0.003129
48 0.799405 0.191959 0.012841 0.010951
48 0.681021 0.266270 0.007203 0.010013
48 0.676010 0.257196 0.014093 0.019399
48 0.990761 0.041771 0.007830 0.008448
48 0.988256 0.035044 0.012214 0.010013
48 0.977294 0.038016 0.015972 0.014080
48 0.872064 0.112484 0.007203 0.013454
48 0.880990 0.118742 0.007516 0.007196
48 0.877231 0.104662 0.007516 0.012203
48 0.874883 0.076502 0.022236 0.022215
5 0.849671 0.098248 0.006264 0.003755
5 0.855778 0.089800 0.005324 0.005006
5 0.857188 0.087922 0.005011 0.003755
48 0.863451 0.093398 0.021297 0.031602
48 0.965236 0.299750 0.014407 0.009387
48 0.653930 0.020807 0.015659 0.014706
48 0.681021 0.035982 0.009709 0.011264
9 0.680238 0.023467 0.008769 0.007509
48 0.728782 0.040832 0.024428 0.020964
11 0.797996 0.263924 0.016912 0.007196
13 0.726276 0.319462 0.014407 0.006884
11 0.741309 0.293179 0.016912 0.008135
48 0.067961 0.063048 0.132790 0.027847
48 0.068901 0.092459 0.135296 0.029099
48 0.107109 0.481070 0.031945 0.034731
48 0.085500 0.487954 0.036329 0.041615
5 0.573599 0.141583 0.004071 0.003442
11 0.060445 0.300845 0.010648 0.005319
8 0.775133 0.040207 0.003132 0.004693
9 0.781397 0.150344 0.014407 0.015332
5 0.255246 0.725125 0.002505 0.001564
9 0.275916 0.562578 0.008143 0.005006
5 0.150329 0.470745 0.001879 0.002816
5 0.331350 0.529099 0.004385 0.006884
5 0.352020 0.536295 0.003758 0.005006
11 0.005637 0.218554 0.010022 0.004068
11 0.005481 0.221683 0.009082 0.004693
11 0.005011 0.224343 0.008769 0.004380
48 0.722361 0.180069 0.012841 0.019712
48 0.720639 0.148310 0.014407 0.031915
5 0.725963 0.166615 0.003132 0.005945
5 0.965706 0.377503 0.002819 0.004068
5 0.607736 0.009700 0.002192 0.005006
5 0.730191 0.183511 0.002819 0.004068
6 0.815064 0.038798 0.004071 0.004380
6 0.816630 0.036295 0.004698 0.005006
11 0.909803 0.224812 0.006890 0.009074
5 0.732540 0.188517 0.003132 0.004068
11 0.882712 0.176783 0.010961 0.006258
11 0.881773 0.180538 0.012841 0.006884
11 0.885687 0.182885 0.010648 0.006571
11 0.885374 0.186483 0.011901 0.006884
11 0.887253 0.189299 0.010648 0.005632
11 0.887410 0.192428 0.010961 0.006258
11 0.890229 0.195088 0.009709 0.005319
11 0.890855 0.198373 0.010335 0.005006
11 0.901034 0.198999 0.010648 0.005632
11 0.900564 0.195713 0.009709 0.004693
11 0.899937 0.191802 0.008456 0.005632
11 0.897902 0.186014 0.010648 0.005945
11 0.898685 0.188830 0.010335 0.005945
5 0.865800 0.139549 0.004698 0.001877
5 0.779518 0.030350 0.002505 0.003129
5 0.732540 0.166615 0.004385 0.002816
5 0.732697 0.169274 0.004698 0.003129
5 0.860476 0.130006 0.001566 0.004693
5 0.868306 0.131884 0.004071 0.002190
5 0.686032 0.193836 0.004071 0.002816
48 0.683840 0.199625 0.020357 0.042553
5 0.711713 0.172403 0.003445 0.003755
5 0.713122 0.176158 0.003758 0.004380
53 0.801441 0.035826 0.068901 0.045369
5 0.750548 0.185701 0.004071 0.004693
5 0.617758 0.006258 0.002192 0.003755
11 0.764172 0.265019 0.020670 0.008135
11 0.203727 0.141583 0.016599 0.005945
11 0.211713 0.175219 0.005011 0.016896
11 0.161447 0.174593 0.010961 0.016896
11 0.204510 0.190081 0.017538 0.005945
11 0.064516 0.206665 0.015659 0.006571
11 0.219699 0.251721 0.015346 0.005945
5 0.865644 0.137516 0.003758 0.002190
5 0.802380 0.048655 0.002505 0.005319
5 0.792671 0.022372 0.002505 0.003442
5 0.768243 0.148780 0.001253 0.002816
11 0.729252 0.307728 0.017225 0.007196
11 0.796430 0.253442 0.019417 0.008135
11 0.795490 0.216990 0.018791 0.009700
11 0.860633 0.252347 0.015033 0.010951
11 0.970404 0.176158 0.012841 0.013767
11 0.539618 0.136108 0.015033 0.013141
11 0.803007 0.283166 0.019417 0.008135
11 0.889602 0.220901 0.010961 0.011890
11 0.163326 0.172716 0.008456 0.018148
11 0.136862 0.143930 0.017538 0.009387
11 0.137175 0.196026 0.019417 0.010325
11 0.101315 0.204005 0.019731 0.007509
11 0.013310 0.169743 0.004071 0.019712
11 0.433448 0.195244 0.021923 0.011264
11 0.619480 0.071339 0.017538 0.015645
11 0.667084 0.042710 0.013780 0.014080
11 0.697307 0.350751 0.018478 0.010638
11 0.783902 0.231070 0.019417 0.008448
11 0.019104 0.155820 0.003132 0.018148
11 0.004228 0.170056 0.005324 0.017835
5 0.897902 0.021902 0.005637 0.004380
11 0.278891 0.514862 0.021610 0.008448
11 0.082994 0.192897 0.016912 0.005945
5 0.932195 0.174906 0.004071 0.002503
11 0.746007 0.322591 0.016286 0.006884
11 0.870028 0.184606 0.011901 0.004380
11 0.845443 0.323060 0.019104 0.007196
11 0.155496 0.193992 0.018478 0.008135
11 0.137018 0.199781 0.016599 0.007196
11 0.093173 0.142835 0.020357 0.007822
11 0.199186 0.255632 0.016286 0.009387
6 0.834168 0.073060 0.003445 0.004693
5 0.799718 0.049124 0.002192 0.005006
11 0.815534 0.247497 0.016912 0.006884
11 0.880990 0.278786 0.013154 0.006884
11 0.178672 0.170839 0.019731 0.005006
11 0.136236 0.142053 0.018165 0.006884
11 0.057313 0.174750 0.005011 0.019712
11 0.854682 0.302409 0.020044 0.007196
11 0.715002 0.358886 0.018165 0.007509
11 0.714375 0.344650 0.017538 0.007196
11 0.740996 0.297090 0.018165 0.007196
11 0.981679 0.171621 0.012214 0.015957
11 0.135922 0.193210 0.020670 0.007822
11 0.042437 0.157228 0.005324 0.019712
11 0.008143 0.153160 0.007516 0.016583
11 0.008926 0.170369 0.004698 0.018461
5 0.929847 0.333229 0.005011 0.002503
5 0.598966 0.012985 0.002819 0.004693
11 0.862825 0.285200 0.010648 0.015332
11 0.881929 0.210889 0.007516 0.008135
11 0.157219 0.201345 0.020044 0.007196
11 0.129345 0.180538 0.018791 0.006884
11 0.034450 0.157071 0.004385 0.019399
11 0.013467 0.239362 0.018165 0.003755
11 0.267147 0.237328 0.019417 0.005319
11 0.017695 0.225751 0.015972 0.003442
5 0.914187 0.116239 0.004385 0.002816
5 0.867209 0.066176 0.002505 0.004068
5 0.777169 0.114675 0.003445 0.004068
11 0.721892 0.324625 0.017538 0.006571
5 0.608832 0.003442 0.001879 0.003755
11 0.810523 0.322591 0.018165 0.007509
11 0.856561 0.263298 0.010022 0.012203
11 0.844347 0.157697 0.005011 0.018148
11 0.182744 0.183824 0.017225 0.005945
11 0.085030 0.200094 0.016599 0.007196
11 0.067335 0.216677 0.018165 0.005319
11 0.037426 0.222309 0.003445 0.017835
5 0.807861 0.045213 0.002819 0.004693
11 0.839962 0.313204 0.014407 0.006884
5 0.784059 0.107322 0.003445 0.003755
5 0.791732 0.092459 0.004385 0.002190
5 0.739743 0.198686 0.003132 0.003755
11 0.792828 0.318836 0.007830 0.016896
11 0.793768 0.213705 0.015972 0.009387
11 0.845756 0.286139 0.016599 0.007196
11 0.873473 0.201189 0.007516 0.011264
11 0.146571 0.166927 0.020044 0.007196
11 0.130755 0.183824 0.020983 0.008448
11 0.116505 0.196026 0.005637 0.017835
11 0.012371 0.154881 0.005324 0.018773
11 0.009239 0.187891 0.017852 0.005945
11 0.009552 0.206352 0.018478 0.004693
5 0.056530 0.240926 0.004698 0.005632
5 0.605857 0.003755 0.002192 0.004380
11 0.726746 0.315551 0.017852 0.005945
11 0.769339 0.314456 0.011588 0.004380
11 0.831976 0.212766 0.012841 0.010638
11 0.897119 0.183354 0.013467 0.005632
11 0.200908 0.183198 0.020357 0.007822
11 0.138115 0.203223 0.018791 0.009074
11 0.015972 0.154099 0.006890 0.018461
11 0.861259 0.315238 0.018791 0.005319
5 0.760413 0.104036 0.004385 0.002816
5 0.717820 0.187265 0.005011 0.004068
5 0.709834 0.168023 0.002819 0.005006
11 0.800658 0.274093 0.018478 0.008135
11 0.815534 0.228254 0.009396 0.017835
11 0.823677 0.201658 0.014407 0.012203
11 0.200908 0.156758 0.020357 0.006884
11 0.085813 0.218398 0.018791 0.006884
11 0.180551 0.263611 0.017225 0.007196
11 0.130755 0.278160 0.015972 0.006258
5 0.942374 0.186014 0.004385 0.002190
5 0.930786 0.173342 0.003132 0.002503
5 0.867366 0.056164 0.003445 0.003442
5 0.718603 0.171151 0.003445 0.002503
5 0.597244 0.006884 0.002505 0.003755
11 0.822267 0.259230 0.018478 0.007196
11 0.893047 0.220432 0.010335 0.012203
11 0.152991 0.190081 0.018478 0.009700
11 0.148606 0.178504 0.019104 0.004693
11 0.129345 0.176627 0.020044 0.008448
11 0.127780 0.166458 0.019417 0.007509
11 0.075164 0.171308 0.018165 0.005945
11 0.539931 0.146433 0.020670 0.014393
5 0.935797 0.179287 0.004385 0.002503
5 0.865957 0.135169 0.004385 0.002503
5 0.865174 0.141270 0.004071 0.002190
5 0.857814 0.084793 0.004385 0.003129
5 0.716724 0.168648 0.004698 0.001877
11 0.752427 0.282228 0.019104 0.008761
11 0.770748 0.324312 0.025681 0.010951
9 0.797839 0.319931 0.007203 0.014080
11 0.829314 0.209324 0.013154 0.013141
11 0.898058 0.214330 0.010961 0.011890
11 0.133887 0.187422 0.020357 0.006884
11 0.096618 0.173655 0.019104 0.006258
11 0.021140 0.171934 0.005324 0.017209
5 0.944096 0.332603 0.002192 0.003755
11 0.835578 0.302566 0.018165 0.006884
11 0.080958 0.180851 0.017225 0.007509
11 0.038835 0.232635 0.016912 0.004693
11 0.461635 0.186483 0.019417 0.008135
9 0.118854 0.152847 0.009082 0.014706
11 0.696993 0.357478 0.017225 0.005319
11 0.768243 0.252347 0.018791 0.007196
11 0.988412 0.165207 0.015659 0.014393
11 0.859067 0.285826 0.010022 0.015332
11 0.905262 0.223717 0.007203 0.010638
11 0.069684 0.222935 0.017225 0.007822
11 0.027873 0.188517 0.018791 0.004693
11 0.072189 0.148936 0.017852 0.003755
5 0.928124 0.170213 0.004698 0.002503
5 0.852646 0.092459 0.002819 0.002190
5 0.043063 0.289111 0.002192 0.006258
5 0.625587 0.003755 0.002192 0.005006
11 0.877545 0.270651 0.016286 0.010013
11 0.880363 0.274718 0.016912 0.009387
11 0.187441 0.160826 0.019104 0.005006
5 0.804573 0.047403 0.003758 0.004693
5 0.797056 0.052096 0.003132 0.003442
5 0.050110 0.280507 0.006890 0.002816
11 0.716254 0.351846 0.019417 0.008448
11 0.780301 0.243586 0.020983 0.007822
11 0.782963 0.235138 0.018791 0.007822
11 0.803476 0.291302 0.015972 0.005632
11 0.838553 0.221683 0.013467 0.011577
11 0.895709 0.217616 0.010022 0.011577
11 0.197150 0.175845 0.019104 0.006884
11 0.117601 0.176001 0.009082 0.017209
11 0.113060 0.175688 0.006890 0.017835
11 0.083464 0.210419 0.019104 0.005945
11 0.100063 0.191176 0.015972 0.010013
11 0.060758 0.174906 0.006264 0.018148
11 0.029596 0.200407 0.015972 0.004068
5 0.782963 0.029099 0.001253 0.003129
11 0.829627 0.262516 0.018165 0.010013
11 0.848575 0.234043 0.014720 0.011264
11 0.184623 0.137203 0.019731 0.004693
11 0.120420 0.193367 0.007830 0.016896
11 0.065769 0.209481 0.015033 0.004693
11 0.054494 0.156758 0.007516 0.017522
11 0.044629 0.189299 0.003445 0.018148
11 0.071093 0.141583 0.017538 0.004693
6 0.063890 0.238267 0.005637 0.006571
5 0.755716 0.164424 0.003758 0.003442
5 0.708894 0.164424 0.003445 0.002816
5 0.623082 0.005006 0.002192 0.004380
11 0.831663 0.266896 0.019731 0.007509
11 0.825713 0.204944 0.015972 0.011890
11 0.913091 0.240926 0.008456 0.016896
11 0.178046 0.143304 0.020357 0.004380
11 0.103821 0.206977 0.017852 0.004068
11 0.106013 0.210263 0.020357 0.008761
11 0.069684 0.145651 0.017852 0.002190
5 0.809897 0.042084 0.003132 0.004693
11 0.852177 0.296934 0.019417 0.005632
11 0.816630 0.193992 0.013467 0.013141
11 0.850141 0.204787 0.014720 0.015957
11 0.951926 0.164581 0.014720 0.015019
11 0.974789 0.172403 0.015346 0.016896
11 0.147823 0.174437 0.016286 0.006571
11 0.145788 0.163329 0.018478 0.007509
11 0.110241 0.179912 0.005637 0.017522
11 0.086439 0.222466 0.017538 0.008761
11 0.095052 0.165207 0.020357 0.006258
11 0.032415 0.172716 0.008456 0.015019
5 0.929220 0.171777 0.004385 0.002503
5 0.934075 0.176940 0.004071 0.002816
5 0.065925 0.283949 0.003445 0.004693
11 0.861572 0.310075 0.017538 0.008761
5 0.755402 0.179287 0.002505 0.003755
11 0.772941 0.287860 0.018165 0.006258
11 0.793611 0.302722 0.006264 0.017209
11 0.887880 0.203066 0.013780 0.006884
11 0.907297 0.239675 0.010022 0.014393
11 0.126997 0.163798 0.017852 0.006571
11 0.025994 0.172403 0.005637 0.018148
11 0.012214 0.201033 0.020044 0.004068
11 0.028343 0.222622 0.007830 0.017209
5 0.926245 0.168179 0.004071 0.003442
5 0.929690 0.045526 0.003445 0.004693
5 0.061071 0.238736 0.005637 0.006884
11 0.774037 0.282228 0.019731 0.007509
11 0.813498 0.244994 0.019104 0.008135
11 0.805825 0.232165 0.014407 0.009387
11 0.884122 0.281602 0.010648 0.008761
11 0.744284 0.329787 0.019104 0.006884
5 0.853899 0.075876 0.003445 0.004693
5 0.799718 0.023623 0.004071 0.002816
11 0.160194 0.268148 0.019731 0.005632
5 0.782650 0.103098 0.004385 0.002816
5 0.609928 0.008917 0.001566 0.004068
11 0.834638 0.216521 0.015033 0.015019
11 0.835578 0.249531 0.010022 0.015957
11 0.881773 0.206352 0.009709 0.011577
11 0.170373 0.152691 0.006264 0.012516
11 0.152208 0.184762 0.018165 0.007196
11 0.113060 0.195557 0.008143 0.019399
11 0.081741 0.188986 0.016286 0.006884
11 0.055121 0.177879 0.007516 0.018461
11 0.069840 0.220119 0.019417 0.005945
11 0.050110 0.158010 0.008769 0.020025
5 0.953179 0.194618 0.004698 0.003129
5 0.823833 0.023623 0.002819 0.003442
5 0.059035 0.240457 0.004071 0.005945
5 0.786095 0.095745 0.003132 0.004380
5 0.620420 0.006258 0.001879 0.004380
11 0.778108 0.338079 0.017225 0.006571
11 0.966019 0.179912 0.014720 0.016270
11 0.179142 0.166145 0.020044 0.006884
11 0.154713 0.153942 0.007516 0.014393
11 0.134983 0.137672 0.016912 0.008761
11 0.130128 0.174906 0.022236 0.005632
11 0.081898 0.184919 0.017852 0.006884
11 0.097401 0.149093 0.020044 0.005945
5 0.878328 0.042084 0.002819 0.004068
5 0.854056 0.090582 0.005637 0.002190
5 0.779987 0.099499 0.004071 0.003129
5 0.773880 0.110451 0.002505 0.004380
5 0.605230 0.010169 0.001566 0.004693
11 0.753367 0.315081 0.017225 0.008761
11 0.957094 0.159731 0.016286 0.017209
11 0.965236 0.156758 0.013154 0.015019
11 0.185092 0.196339 0.024428 0.005945
11 0.159568 0.153942 0.009709 0.018148
11 0.030849 0.156289 0.004071 0.018461
11 0.045882 0.222466 0.007830 0.016270
11 0.097870 0.182885 0.019104 0.007196
5 0.827435 0.019869 0.003758 0.002816
5 0.765581 0.074468 0.005324 0.002503
5 0.615252 0.007353 0.002192 0.004693
5 0.596931 0.014706 0.001879 0.003755
5 0.594269 0.015801 0.003445 0.004693
11 0.843094 0.281915 0.016912 0.008135
11 0.803790 0.299906 0.019104 0.008448
11 0.838083 0.306008 0.013154 0.005632
11 0.893360 0.177722 0.014720 0.006258
11 0.960852 0.180225 0.017538 0.017522
11 0.196367 0.167866 0.016912 0.005945
11 0.134670 0.189768 0.018165 0.006571
11 0.100063 0.196652 0.016599 0.007196
11 0.050579 0.179443 0.009082 0.019712
11 0.024272 0.156446 0.004071 0.016896
47 0.970091 0.217146 0.022236 0.016896
5 0.807235 0.161921 0.004698 0.002816
5 0.794551 0.052879 0.002505 0.006884
11 0.848575 0.294274 0.019104 0.009074
11 0.760727 0.270025 0.020670 0.006884
11 0.782493 0.238892 0.019731 0.007196
11 0.870341 0.231227 0.013154 0.014393
11 0.834168 0.184919 0.012841 0.013767
11 0.987473 0.169274 0.013780 0.015019
11 0.076261 0.175532 0.018478 0.005006
11 0.071719 0.166302 0.020670 0.005945
11 0.034137 0.218398 0.007516 0.018148
5 0.881616 0.034418 0.004385 0.005632
6 0.812246 0.040050 0.004071 0.005632
5 0.771375 0.129537 0.001879 0.004380
5 0.601002 0.011733 0.002505 0.004693
11 0.872064 0.179599 0.011588 0.007509
11 0.846226 0.263767 0.010648 0.016270
11 0.858597 0.162390 0.004071 0.018773
11 0.203570 0.149406 0.020670 0.007822
11 0.184623 0.187578 0.018478 0.007196
11 0.185406 0.191333 0.020044 0.007196
11 0.038365 0.156915 0.002819 0.019086
5 0.865174 0.143461 0.002819 0.001564
6 0.775290 0.092303 0.003445 0.006258
5 0.047604 0.288642 0.003758 0.005319
11 0.862825 0.318210 0.020670 0.008135
11 0.750078 0.287078 0.018165 0.005319
11 0.140620 0.147059 0.015659 0.007509
11 0.084090 0.215269 0.019104 0.006884
11 0.029283 0.192428 0.020983 0.005006
11 0.565299 0.113579 0.016286 0.011890
11 0.609458 0.088235 0.016286 0.013141
11 0.103821 0.288329 0.019104 0.007822
5 0.775916 0.085889 0.002819 0.004068
11 0.775446 0.332916 0.018791 0.008135
11 0.821015 0.199781 0.015346 0.011577
11 0.863295 0.256414 0.014093 0.009074
11 0.143909 0.156133 0.018478 0.008761
11 0.142186 0.152222 0.018165 0.007196
11 0.127936 0.170526 0.018478 0.006884
11 0.037112 0.173811 0.005951 0.018461
11 0.042437 0.219962 0.009082 0.018148
11 0.091450 0.154412 0.018165 0.006571
9 0.110241 0.157071 0.006890 0.018773
5 0.808957 0.095901 0.005011 0.004068
5 0.063263 0.285044 0.003758 0.004380
5 0.686345 0.015019 0.005324 0.004380
