48 0.984341 0.945713 0.031319 0.066020
48 0.999217 0.752190 0.001566 0.007509
48 0.919042 0.423498 0.157532 0.144869
48 0.945506 0.479662 0.108988 0.138298
48 0.985280 0.313986 0.029439 0.151752
11 0.996712 0.376721 0.006577 0.015019
53 0.994989 0.215113 0.010022 0.076033
48 0.783119 0.646589 0.042280 0.047247
48 0.276386 0.184606 0.008456 0.013141
48 0.285155 0.190551 0.023489 0.018148
48 0.231914 0.140175 0.020983 0.018773
48 0.455215 0.723248 0.076104 0.083542
48 0.312246 0.653160 0.060132 0.055382
48 0.202631 0.648623 0.110868 0.150188
48 0.273254 0.685388 0.025994 0.034105
48 0.279674 0.121871 0.015659 0.016583
48 0.249765 0.134543 0.006577 0.013141
48 0.150799 0.106696 0.030379 0.021277
48 0.519731 0.648310 0.042906 0.058824
48 0.240213 0.426001 0.040088 0.048498
48 0.300814 0.720119 0.011588 0.015332
48 0.239743 0.174593 0.010335 0.012516
48 0.210460 0.115300 0.009396 0.016583
48 0.407767 0.438360 0.046978 0.044431
48 0.707172 0.946809 0.018791 0.030038
48 0.324930 0.395338 0.076104 0.087922
48 0.038522 0.284887 0.018165 0.010951
48 0.461165 0.678191 0.010961 0.021589
48 0.645161 0.822121 0.020670 0.021589
48 0.266677 0.173498 0.012841 0.014080
48 0.281240 0.182259 0.008769 0.012829
48 0.266364 0.127034 0.013467 0.015019
48 0.390698 0.370463 0.031632 0.037547
48 0.041184 0.416615 0.017852 0.009074
48 0.380676 0.148780 0.022863 0.012203
48 0.226276 0.205257 0.012214 0.011890
48 0.433761 0.571183 0.039461 0.039737
48 0.585186 0.592146 0.025994 0.033479
48 0.370341 0.968398 0.031632 0.035044
48 0.072189 0.296777 0.011588 0.007822
48 0.245067 0.207290 0.012214 0.012203
48 0.276073 0.145025 0.020357 0.015957
48 0.244911 0.135325 0.007516 0.013454
48 0.182587 0.206195 0.050110 0.041927
48 0.267617 0.897059 0.066082 0.070713
48 0.492797 0.591208 0.042906 0.047247
48 0.102568 0.387672 0.050423 0.048811
48 0.254306 0.392991 0.143439 0.173967
48 0.049796 0.992647 0.060132 0.014706
48 0.358440 0.987954 0.025994 0.024093
48 0.701535 0.879850 0.020044 0.035044
48 0.301910 0.145651 0.013780 0.010951
48 0.220326 0.127660 0.026621 0.025031
48 0.192922 0.134856 0.010648 0.010013
48 0.387410 0.054912 0.014407 0.017835
48 0.168963 0.404255 0.123082 0.110138
48 0.920921 0.859355 0.061071 0.067272
48 0.185562 0.178191 0.040401 0.024718
48 0.022236 0.489518 0.014407 0.038486
48 0.458816 0.786921 0.015033 0.012516
48 0.313185 0.170526 0.013154 0.009387
48 0.252427 0.092459 0.013780 0.010951
48 0.283589 0.558041 0.035390 0.032854
48 0.750548 0.667866 0.031632 0.029725
48 0.199029 0.119994 0.016599 0.017209
48 0.673818 0.985920 0.015346 0.019399
48 0.246477 0.612797 0.087692 0.097309
48 0.380990 0.752816 0.071719 0.065707
48 0.087065 0.469024 0.008769 0.010638
48 0.292671 0.710419 0.014720 0.017209
48 0.214688 0.193523 0.009709 0.012203
48 0.700752 0.974030 0.020357 0.014393
48 0.275603 0.247340 0.035703 0.036608
48 0.691982 0.843085 0.014093 0.014080
48 0.235359 0.198686 0.015346 0.014393
48 0.221735 0.109043 0.015033 0.012203
48 0.184779 0.125469 0.019417 0.013767
48 0.071563 0.107635 0.026621 0.035044
48 0.278891 0.337766 0.052928 0.056633
48 0.424836 0.772059 0.023489 0.026596
48 0.709834 0.902065 0.011588 0.015645
48 0.646257 0.482165 0.052928 0.045056
48 0.252584 0.488267 0.027247 0.028473
48 0.245537 0.188517 0.008143 0.011577
48 0.249922 0.165989 0.007516 0.011577
48 0.280927 0.160357 0.010648 0.012203
48 0.255872 0.119212 0.010648 0.010013
48 0.177733 0.112797 0.026621 0.016583
48 0.199029 0.105131 0.024115 0.013141
48 0.428437 0.737484 0.021297 0.020651
48 0.738960 0.577128 0.025994 0.029099
48 0.016286 0.280350 0.029439 0.008761
48 0.301441 0.180538 0.010961 0.010013
48 0.045412 0.582916 0.032571 0.043805
48 0.530379 0.545839 0.049170 0.061014
48 0.252427 0.204474 0.008143 0.007822
48 0.202004 0.027691 0.023802 0.024718
48 0.631225 0.686327 0.036643 0.071026
48 0.557783 0.912078 0.054494 0.059449
48 0.684309 0.916771 0.037582 0.037547
48 0.328844 0.783792 0.028813 0.027534
48 0.246633 0.170213 0.006577 0.010013
48 0.287347 0.177409 0.010335 0.010638
48 0.204040 0.092929 0.019104 0.010013
48 0.067961 0.624844 0.063263 0.065707
48 0.672095 0.805225 0.031319 0.025970
48 0.450047 0.759856 0.025055 0.024718
48 0.344973 0.220588 0.019731 0.018773
48 0.266364 0.192272 0.010335 0.013454
48 0.256499 0.158479 0.013780 0.010951
48 0.213592 0.097309 0.010648 0.011890
48 0.492797 0.655663 0.017852 0.019086
48 0.016129 0.269399 0.020357 0.025657
48 0.231757 0.179287 0.010022 0.011264
48 0.294707 0.170682 0.010022 0.012203
48 0.303633 0.163798 0.011588 0.012203
48 0.290323 0.152065 0.016286 0.011264
48 0.404792 0.494368 0.099906 0.116395
48 0.271688 0.769556 0.032258 0.029099
48 0.369089 0.159887 0.015346 0.021277
48 0.254776 0.201189 0.007203 0.009387
48 0.249452 0.123748 0.011588 0.010325
48 0.216881 0.044743 0.023489 0.030038
48 0.204823 0.250156 0.018165 0.014706
48 0.258065 0.106227 0.012527 0.009074
48 0.134200 0.365144 0.045412 0.038798
48 0.672565 0.862484 0.034764 0.047247
48 0.601942 0.893304 0.065142 0.080726
48 0.239273 0.192584 0.011275 0.010951
48 0.267930 0.202128 0.015972 0.010638
48 0.256655 0.130006 0.009709 0.012829
48 0.366740 0.388454 0.034450 0.044118
48 0.346539 0.922090 0.056687 0.061952
48 0.387253 0.815394 0.042906 0.047559
48 0.759317 0.597778 0.025994 0.024093
48 0.683683 0.513141 0.069527 0.073217
48 0.234889 0.214956 0.018165 0.013141
48 0.057469 0.447434 0.014093 0.037547
48 0.649389 0.885169 0.031632 0.023780
48 0.059975 0.305225 0.034764 0.015957
48 0.250235 0.183041 0.010648 0.012516
48 0.265111 0.113423 0.014720 0.015332
48 0.237238 0.104036 0.013467 0.013454
48 0.705606 0.987328 0.020670 0.015332
48 0.393204 0.063986 0.016599 0.019712
48 0.418572 0.618273 0.072972 0.081352
48 0.095521 0.622340 0.012527 0.015019
48 0.754933 0.613267 0.024115 0.023154
48 0.259630 0.198373 0.006890 0.006884
48 0.668180 0.565864 0.015972 0.012829
48 0.196993 0.161139 0.026934 0.016270
48 0.353273 0.828066 0.078296 0.076033
48 0.222675 0.186796 0.014407 0.015645
48 0.256812 0.178348 0.009396 0.010638
48 0.246477 0.113267 0.018165 0.013767
48 0.323990 0.946183 0.058566 0.067584
48 0.300814 0.278630 0.052302 0.047247
48 0.271531 0.187735 0.008769 0.013767
48 0.261979 0.099656 0.013467 0.010325
48 0.272941 0.167397 0.011588 0.011264
48 0.375979 0.525501 0.096774 0.140488
48 0.250235 0.215738 0.037582 0.022215
48 0.176480 0.097153 0.024115 0.017209
48 0.868462 0.897841 0.026308 0.025344
48 0.656906 0.987171 0.019731 0.013767
5 0.624961 0.995307 0.003445 0.004380
48 0.812246 0.980757 0.077357 0.038486
11 0.642812 0.922716 0.010335 0.006884
11 0.655340 0.925688 0.015346 0.007822
11 0.659098 0.915363 0.010335 0.006571
11 0.640933 0.918335 0.009709 0.006258
5 0.241779 0.048811 0.004385 0.003755
5 0.245381 0.053661 0.004698 0.003442
5 0.247260 0.055538 0.004071 0.004068
5 0.243032 0.056790 0.004385 0.005319
5 0.248669 0.057572 0.004385 0.004380
5 0.234889 0.044743 0.003758 0.003129
5 0.261666 0.041771 0.004071 0.003442
48 0.182900 0.063673 0.008143 0.007822
48 0.185719 0.068367 0.013780 0.010325
48 0.207329 0.072904 0.008143 0.005006
5 0.180238 0.058198 0.004071 0.003755
5 0.173974 0.052096 0.004698 0.004068
48 0.192922 0.062265 0.005637 0.005632
48 0.202631 0.060544 0.008143 0.007196
48 0.197150 0.076658 0.009082 0.005006
5 0.294237 0.070557 0.004698 0.004068
5 0.304729 0.083542 0.005011 0.005006
5 0.316004 0.078536 0.005011 0.005006
5 0.317413 0.081508 0.004071 0.003442
5 0.319762 0.084168 0.005637 0.004380
5 0.322894 0.086671 0.004385 0.004380
5 0.328375 0.092772 0.005324 0.005319
5 0.326026 0.090738 0.005011 0.005006
5 0.304729 0.121089 0.004385 0.005006
5 0.311932 0.134856 0.004385 0.002503
5 0.284372 0.094180 0.004385 0.004380
5 0.318196 0.142522 0.003758 0.005319
48 0.275603 0.109825 0.008769 0.007509
48 0.006264 0.087297 0.011901 0.021902
8 0.706232 0.998748 0.006264 0.002503
10 0.733010 0.978411 0.008456 0.007509
10 0.766990 0.996245 0.004385 0.006884
10 0.711870 0.995150 0.005011 0.004068
10 0.723771 0.985607 0.008769 0.007509
48 0.226903 0.937891 0.272784 0.124218
39 0.922174 0.677879 0.009709 0.010325
39 0.916536 0.673185 0.007203 0.007196
39 0.906984 0.661139 0.008143 0.008135
39 0.879737 0.693680 0.007516 0.007509
5 0.825399 0.687109 0.004071 0.005006
5 0.879424 0.646120 0.005011 0.004380
5 0.667241 0.558667 0.004698 0.003442
5 0.574851 0.515488 0.002192 0.004068
5 0.583307 0.512516 0.003445 0.002503
5 0.581428 0.508605 0.004698 0.003442
5 0.567178 0.512046 0.004385 0.002816
5 0.565769 0.510013 0.004698 0.003129
5 0.563577 0.508448 0.004698 0.003755
5 0.555904 0.491396 0.003758 0.002816
5 0.550893 0.483417 0.003132 0.002503
5 0.553241 0.486859 0.004071 0.003129
5 0.560601 0.474343 0.003132 0.003129
5 0.549640 0.481539 0.003758 0.002503
5 0.547917 0.477159 0.004071 0.002503
5 0.557626 0.470119 0.004071 0.003442
5 0.517695 0.572278 0.005011 0.004380
5 0.542123 0.575250 0.006264 0.005319
5 0.518321 0.574781 0.004385 0.003129
5 0.518321 0.567741 0.003758 0.002816
5 0.516442 0.565864 0.003758 0.002816
5 0.513937 0.574312 0.004385 0.003442
5 0.342468 0.102003 0.004071 0.003755
5 0.344973 0.106070 0.004698 0.003129
5 0.337300 0.099186 0.003758 0.005006
5 0.250705 0.027378 0.003445 0.004068
7 0.253210 0.025188 0.004071 0.005319
5 0.279987 0.088861 0.003132 0.004380
5 0.761666 0.628598 0.003758 0.004380
5 0.765424 0.638298 0.004385 0.004380
5 0.733949 0.625782 0.004071 0.004380
9 0.300658 0.225907 0.007516 0.011890
9 0.317413 0.239049 0.011588 0.013767
9 0.314751 0.241083 0.008769 0.009074
9 0.321328 0.230444 0.010022 0.012829
9 0.310836 0.222622 0.006577 0.009700
9 0.309114 0.228098 0.007516 0.010638
5 0.268713 0.208385 0.002505 0.003129
5 0.295490 0.190707 0.004071 0.003442
5 0.333386 0.196183 0.004071 0.004380
5 0.375979 0.223874 0.004698 0.004693
5 0.369402 0.216677 0.004071 0.003442
5 0.366427 0.215426 0.003758 0.003442
9 0.381773 0.064768 0.011901 0.015019
9 0.379580 0.066646 0.006264 0.007509
48 0.101472 0.217616 0.190417 0.192428
5 0.010179 0.037860 0.002819 0.005632
9 0.047448 0.021589 0.002819 0.008135
48 0.390385 0.985607 0.017225 0.015019
48 0.422800 0.959011 0.015033 0.013141
11 0.398685 0.961827 0.007516 0.008135
55 0.503288 0.806477 0.018791 0.019086
48 0.673818 0.765019 0.010961 0.011264
48 0.680238 0.761264 0.010022 0.008135
48 0.662230 0.724030 0.009709 0.013141
48 0.666145 0.736859 0.010022 0.021277
48 0.673818 0.788799 0.024742 0.021277
5 0.686032 0.788329 0.003445 0.002816
5 0.697150 0.807885 0.003132 0.004380
11 0.743501 0.790676 0.008143 0.006884
11 0.721422 0.797090 0.007203 0.013454
48 0.746320 0.799593 0.015033 0.013454
11 0.746946 0.769243 0.010022 0.010325
11 0.697463 0.759856 0.006890 0.017835
48 0.745067 0.757822 0.010648 0.010013
48 0.739900 0.750000 0.015346 0.011264
48 0.748199 0.747184 0.010022 0.011890
48 0.756185 0.745932 0.019104 0.016896
48 0.707642 0.738892 0.007203 0.006571
11 0.718916 0.726690 0.010961 0.010325
48 0.715785 0.714174 0.012214 0.011577
48 0.708268 0.720432 0.009709 0.008448
48 0.698403 0.724030 0.006890 0.005632
5 0.938303 0.997028 0.005637 0.005945
48 0.955528 0.997497 0.015659 0.005006
48 0.964454 0.993899 0.018478 0.012203
48 0.970874 0.988892 0.013780 0.012203
48 0.960226 0.973717 0.028187 0.031915
9 0.913874 0.996871 0.008769 0.006258
11 0.866113 0.969180 0.009709 0.010325
11 0.859223 0.960889 0.008456 0.009387
11 0.862512 0.959011 0.010022 0.010638
11 0.855465 0.950720 0.009709 0.010951
11 0.852646 0.952597 0.007830 0.010951
48 0.894300 0.929287 0.023489 0.020651
48 0.882242 0.947591 0.026934 0.032854
48 0.870811 0.927409 0.025368 0.020651
48 0.841528 0.915363 0.014407 0.014080
48 0.851080 0.921308 0.015972 0.015332
11 0.831350 0.923185 0.009082 0.009700
11 0.831506 0.928191 0.009396 0.010951
11 0.830254 0.893304 0.010022 0.011264
11 0.843721 0.872497 0.008143 0.009700
5 0.884278 0.872966 0.005324 0.006258
11 0.905575 0.890957 0.014093 0.010951
11 0.898528 0.895494 0.011275 0.018148
11 0.892891 0.909262 0.011275 0.013767
11 0.899154 0.908792 0.016912 0.016583
48 0.879894 0.907854 0.010335 0.012203
48 0.875039 0.914894 0.010648 0.009387
48 0.849515 0.899093 0.014093 0.014706
48 0.855622 0.880319 0.015659 0.019712
48 0.865487 0.874844 0.005324 0.005006
48 0.904792 0.823060 0.013780 0.010325
48 0.900407 0.832290 0.021297 0.020025
48 0.859223 0.846214 0.012841 0.015332
11 0.870968 0.854819 0.010648 0.010638
11 0.868619 0.841677 0.009709 0.013141
11 0.881616 0.839800 0.009396 0.013141
11 0.889602 0.827597 0.010335 0.013141
11 0.883339 0.821965 0.010335 0.010638
11 0.899781 0.811014 0.015033 0.018773
11 0.904635 0.793961 0.010961 0.010951
11 0.917789 0.790050 0.010961 0.012516
11 0.939555 0.763454 0.014407 0.018148
11 0.951613 0.741865 0.013467 0.014393
48 0.019261 0.152065 0.036643 0.035044
48 0.028187 0.133292 0.006890 0.005006
48 0.006264 0.124218 0.011901 0.010013
48 0.016755 0.120463 0.014720 0.010013
48 0.028656 0.115926 0.015346 0.012203
48 0.038052 0.110451 0.013467 0.017522
48 0.042750 0.098404 0.006577 0.005945
48 0.061071 0.088235 0.010648 0.011264
48 0.072659 0.089174 0.011275 0.006884
48 0.079079 0.091051 0.010961 0.007509
48 0.007986 0.051783 0.015972 0.022841
5 0.007203 0.037703 0.003758 0.005319
48 0.056217 0.123592 0.012214 0.008135
48 0.125117 0.117021 0.013467 0.015645
48 0.133730 0.112171 0.015659 0.017835
48 0.142969 0.122810 0.015972 0.017209
48 0.203257 0.134700 0.016286 0.022841
48 0.195741 0.142991 0.013780 0.015645
48 0.210304 0.173967 0.019731 0.018773
48 0.206232 0.152691 0.020983 0.020651
48 0.239430 0.155194 0.027247 0.024406
48 0.221109 0.150344 0.022549 0.025970
48 0.286721 0.137359 0.009709 0.010013
48 0.293141 0.137203 0.011901 0.012829
48 0.311463 0.159574 0.007203 0.008135
48 0.307548 0.156133 0.008769 0.006884
48 0.323990 0.156133 0.005324 0.006258
48 0.304729 0.256571 0.015033 0.016896
48 0.344973 0.245307 0.075478 0.060075
48 0.298309 0.250626 0.013467 0.011264
9 0.295020 0.245463 0.009396 0.010325
9 0.305982 0.232635 0.010022 0.009074
48 0.289696 0.214330 0.012527 0.010013
48 0.292045 0.207134 0.019104 0.016896
48 0.277795 0.217929 0.008769 0.007822
48 0.271531 0.222778 0.013780 0.011890
48 0.264172 0.228567 0.010961 0.012203
11 0.247573 0.237015 0.011588 0.010951
5 0.227529 0.258604 0.004698 0.002816
9 0.202318 0.261421 0.009396 0.007196
48 0.213905 0.278786 0.025681 0.023154
48 0.407454 0.344806 0.034450 0.031915
48 0.465393 0.559606 0.053241 0.052879
48 0.248982 0.562109 0.014407 0.015332
48 0.253054 0.539111 0.015033 0.011890
48 0.269652 0.528786 0.033198 0.026283
11 0.289226 0.487484 0.017225 0.016270
11 0.300814 0.475125 0.017852 0.014706
11 0.308644 0.481070 0.017852 0.014706
11 0.325399 0.467459 0.015659 0.013767
11 0.328688 0.469180 0.015972 0.014706
11 0.359223 0.430069 0.015659 0.014080
11 0.358910 0.440081 0.014407 0.013454
11 0.372377 0.428974 0.015033 0.013767
11 0.373943 0.432103 0.016286 0.013767
11 0.390855 0.418023 0.011901 0.012516
48 0.251801 0.507509 0.011901 0.011890
48 0.258221 0.503442 0.010335 0.008135
48 0.137801 0.674280 0.029439 0.027534
48 0.123865 0.655820 0.032884 0.036921
48 0.361885 0.617647 0.017225 0.014393
48 0.355622 0.613579 0.012214 0.011890
48 0.365174 0.606227 0.012527 0.012829
48 0.353899 0.604349 0.026308 0.022215
48 0.342155 0.613423 0.010961 0.011577
48 0.372847 0.605914 0.009709 0.009700
48 0.374100 0.600282 0.006577 0.005319
48 0.474789 0.621871 0.006890 0.005945
48 0.399781 0.680695 0.014720 0.012203
48 0.396023 0.676001 0.013467 0.010325
5 0.401347 0.671934 0.004071 0.004693
48 0.472440 0.651439 0.005324 0.005006
48 0.486220 0.639393 0.014720 0.011577
48 0.634826 0.902222 0.021923 0.022215
48 0.652208 0.898936 0.024742 0.019399
48 0.720639 0.979193 0.015659 0.010951
48 0.727216 0.968085 0.014407 0.016896
5 0.804573 0.968867 0.003758 0.003442
5 0.783119 0.980444 0.004071 0.005319
48 0.799718 0.952910 0.068588 0.065394
48 0.765581 0.967459 0.011588 0.011890
48 0.710930 0.920369 0.012527 0.015957
48 0.753210 0.921621 0.006890 0.007196
48 0.753993 0.941489 0.006577 0.006884
48 0.751801 0.935857 0.005951 0.007509
48 0.750705 0.931477 0.005637 0.005006
48 0.748826 0.926314 0.007516 0.009074
48 0.677889 0.945244 0.020983 0.023154
48 0.694958 0.996715 0.008769 0.006571
9 0.747103 0.986859 0.005324 0.005632
11 0.726120 0.852315 0.007203 0.015019
48 0.729878 0.831508 0.005951 0.005945
48 0.695897 0.854036 0.010648 0.012203
48 0.697933 0.860451 0.009709 0.007509
48 0.703101 0.859512 0.005011 0.005006
48 0.701535 0.848248 0.010648 0.018148
48 0.697933 0.832916 0.010335 0.015645
48 0.690886 0.826033 0.007516 0.015019
48 0.664422 0.839487 0.050423 0.038173
11 0.789070 0.777534 0.015972 0.013141
11 0.808957 0.752190 0.010648 0.011890
48 0.759004 0.735294 0.019731 0.016896
11 0.799405 0.736389 0.016599 0.015957
11 0.774820 0.747497 0.016912 0.015645
48 0.769496 0.739831 0.016286 0.014706
48 0.883808 0.732947 0.027560 0.027847
48 0.938772 0.727628 0.027247 0.021589
48 0.921547 0.732165 0.013467 0.014393
48 0.933605 0.746402 0.018165 0.014080
48 0.832446 0.691489 0.013154 0.010638
48 0.836361 0.684762 0.014720 0.013454
48 0.967272 0.706977 0.005951 0.007196
48 0.961948 0.711827 0.008456 0.008135
48 0.957094 0.718242 0.010022 0.007196
48 0.888976 0.704005 0.009082 0.010013
48 0.902756 0.703692 0.020357 0.020651
48 0.970874 0.650344 0.013780 0.014080
48 0.839179 0.646746 0.010335 0.008761
48 0.823050 0.652222 0.011901 0.010951
48 0.801284 0.711201 0.023489 0.017522
48 0.778108 0.704787 0.009709 0.007822
48 0.772471 0.698060 0.009709 0.012516
48 0.785312 0.701033 0.009082 0.009700
48 0.773724 0.685857 0.010335 0.010013
5 0.771531 0.682572 0.006577 0.005945
5 0.761196 0.678191 0.005324 0.005945
48 0.816474 0.662390 0.015659 0.020025
48 0.807391 0.690238 0.038835 0.051314
11 0.889289 0.627816 0.014720 0.012203
48 0.933135 0.693680 0.019104 0.021277
48 0.940495 0.688360 0.021297 0.020025
48 0.962731 0.685075 0.038209 0.044118
48 0.944096 0.678974 0.012841 0.013141
52 0.890072 0.657228 0.159098 0.148623
52 0.722205 0.634856 0.142186 0.162078
48 0.675540 0.584168 0.026934 0.018773
48 0.657219 0.595588 0.007830 0.014080
48 0.664579 0.615300 0.008143 0.009700
48 0.656279 0.573999 0.014720 0.021589
48 0.500626 0.568367 0.006577 0.005319
9 0.511118 0.569149 0.006264 0.005632
48 0.502975 0.573999 0.008143 0.007822
5 0.513780 0.577597 0.005324 0.004380
48 0.523176 0.582603 0.019731 0.012516
48 0.518478 0.597309 0.010335 0.009387
9 0.534137 0.596840 0.008456 0.009700
11 0.477137 0.629068 0.014720 0.013454
11 0.478860 0.631258 0.015033 0.012829
11 0.530066 0.587297 0.007830 0.008135
5 0.543376 0.580100 0.006264 0.005632
11 0.557469 0.575720 0.010648 0.007509
11 0.569057 0.567897 0.010022 0.009387
11 0.598653 0.529725 0.010335 0.010638
11 0.585813 0.539581 0.011588 0.009074
48 0.633887 0.537547 0.005011 0.005006
48 0.590824 0.524249 0.005951 0.004693
48 0.562324 0.522215 0.052302 0.041927
48 0.483714 0.547090 0.011588 0.013454
48 0.483871 0.522059 0.007516 0.007196
48 0.498591 0.512046 0.006264 0.006571
13 0.495615 0.544900 0.011588 0.009700
48 0.497181 0.514080 0.006577 0.005632
48 0.473223 0.492021 0.052615 0.056008
48 0.494363 0.480288 0.037269 0.043179
48 0.514876 0.471370 0.039461 0.036608
11 0.534607 0.479975 0.010648 0.013767
11 0.537269 0.481383 0.010335 0.014706
11 0.538835 0.483730 0.009709 0.013141
11 0.541810 0.488736 0.008769 0.013141
11 0.534137 0.496089 0.006577 0.013454
11 0.530692 0.494681 0.009082 0.015645
11 0.528970 0.490144 0.007516 0.012203
11 0.521297 0.502816 0.007830 0.009387
11 0.546038 0.503911 0.017225 0.007822
11 0.544629 0.500626 0.015659 0.008135
13 0.513154 0.511890 0.009709 0.008761
11 0.051832 0.677253 0.017225 0.014706
11 0.085969 0.663642 0.014720 0.012516
11 0.071093 0.662078 0.016286 0.015019
48 0.038835 0.670369 0.034450 0.034731
13 0.016912 0.625000 0.005637 0.012829
13 0.018635 0.608730 0.005951 0.015332
5 0.063420 0.647372 0.004698 0.005632
5 0.060288 0.646277 0.004071 0.004693
5 0.060445 0.644086 0.004385 0.004693
48 0.056687 0.663173 0.018165 0.019712
48 0.064360 0.656915 0.015346 0.015957
11 0.030066 0.617647 0.009396 0.020651
48 0.012214 0.533636 0.021923 0.015957
48 0.031475 0.517678 0.009709 0.013454
48 0.017382 0.518148 0.024115 0.023154
48 0.042750 0.549124 0.010335 0.010013
48 0.014407 0.457916 0.016286 0.031602
48 0.077826 0.466990 0.008456 0.012829
48 0.018008 0.420213 0.021610 0.058198
48 0.027873 0.437735 0.011275 0.014393
48 0.035390 0.385325 0.013154 0.012203
48 0.066708 0.390645 0.015033 0.012203
48 0.072502 0.385325 0.007830 0.007196
5 0.101629 0.107791 0.005951 0.004693
48 0.120263 0.108260 0.005637 0.006884
48 0.224084 0.090895 0.015972 0.017835
48 0.235045 0.091521 0.012214 0.014080
48 0.232227 0.084481 0.014093 0.011264
48 0.246007 0.087297 0.017225 0.011890
48 0.244284 0.079474 0.017538 0.013767
48 0.258378 0.089018 0.010022 0.010325
48 0.278108 0.072278 0.005637 0.005632
48 0.278891 0.060075 0.007203 0.006884
48 0.282963 0.064143 0.008456 0.006884
48 0.288443 0.066802 0.009396 0.006571
48 0.286878 0.072121 0.004385 0.003442
48 0.290323 0.073999 0.006264 0.005945
48 0.292828 0.078536 0.009396 0.009387
5 0.310993 0.071652 0.006264 0.004380
48 0.309897 0.096683 0.009709 0.007509
48 0.316160 0.100751 0.011588 0.011264
48 0.328375 0.103254 0.008456 0.010013
48 0.320702 0.109043 0.008143 0.008448
5 0.336204 0.116239 0.005951 0.005945
5 0.326809 0.119524 0.003445 0.006258
5 0.332133 0.130476 0.005324 0.005632
48 0.344817 0.141740 0.013154 0.012516
48 0.371594 0.125782 0.013467 0.013141
48 0.355778 0.114362 0.009396 0.012203
5 0.346539 0.101690 0.005951 0.005006
48 0.353899 0.098404 0.030066 0.031602
48 0.189947 0.043023 0.005324 0.007196
5 0.186032 0.055695 0.004385 0.004380
48 0.087379 0.105444 0.010022 0.008761
48 0.096304 0.104506 0.009709 0.007509
11 0.101159 0.092303 0.013154 0.006258
5 0.246946 0.029412 0.004071 0.004380
5 0.232697 0.015175 0.003758 0.004693
48 0.256499 0.008761 0.008769 0.012516
48 0.300971 0.030976 0.025055 0.034418
48 0.309897 0.020025 0.022863 0.024406
48 0.319292 0.014080 0.020983 0.023780
48 0.332289 0.010482 0.014407 0.014706
48 0.315534 0.047716 0.013467 0.016583
48 0.323677 0.039111 0.020357 0.022528
48 0.343877 0.025344 0.019417 0.022528
48 0.370341 0.007040 0.013467 0.009074
48 0.376918 0.016427 0.019104 0.015957
48 0.385061 0.025814 0.017852 0.015332
48 0.365957 0.021902 0.009709 0.012516
48 0.398215 0.041927 0.020983 0.023780
48 0.335108 0.049124 0.018165 0.013767
48 0.322894 0.058041 0.017538 0.018461
48 0.329627 0.071183 0.020357 0.020964
48 0.341998 0.061014 0.020044 0.016896
48 0.339962 0.079787 0.015972 0.018773
48 0.346383 0.072747 0.016912 0.015957
48 0.352020 0.068367 0.015033 0.014080
48 0.359850 0.079787 0.019417 0.015645
48 0.396962 0.075720 0.014720 0.018773
48 0.385218 0.084950 0.040088 0.052879
48 0.399937 0.108417 0.017538 0.015957
48 0.419668 0.134230 0.017538 0.011264
48 0.798465 0.609043 0.011588 0.010325
48 0.775759 0.616239 0.015659 0.019086
48 0.859693 0.560544 0.011901 0.012829
11 0.955215 0.547872 0.017538 0.014393
13 0.911995 0.567584 0.009396 0.011264
48 0.143282 0.522059 0.208894 0.188673
48 0.122299 0.789111 0.222675 0.326033
48 0.306765 0.862954 0.088631 0.091990
48 0.401503 0.903630 0.090197 0.105757
48 0.374883 0.914111 0.058879 0.067272
48 0.537582 0.779881 0.081115 0.056008
48 0.574538 0.738579 0.070467 0.075407
48 0.580489 0.688517 0.007830 0.010951
48 0.595991 0.685388 0.027560 0.024093
48 0.634356 0.765175 0.072972 0.076033
48 0.585969 0.799437 0.044472 0.046308
48 0.554964 0.825250 0.057626 0.054130
48 0.511744 0.862171 0.086439 0.081665
48 0.461948 0.899875 0.056373 0.059449
48 0.638741 0.799280 0.026621 0.026596
48 0.621672 0.810701 0.025681 0.025657
48 0.562324 0.862171 0.114313 0.099186
48 0.511431 0.948216 0.108988 0.103567
48 0.305825 0.599969 0.047917 0.052253
48 0.246946 0.736389 0.121203 0.119837
44 0.883339 0.669743 0.007830 0.007822
44 0.879267 0.663642 0.007830 0.007509
44 0.876448 0.660826 0.008456 0.008135
39 0.868149 0.649405 0.006264 0.005945
5 0.545725 0.472309 0.003445 0.003442
9 0.320075 0.234825 0.012527 0.016583
9 0.322111 0.210106 0.014720 0.014706
11 0.790009 0.735607 0.014720 0.012516
9 0.617601 0.721996 0.005637 0.009074
11 0.622142 0.717929 0.007830 0.014706
11 0.626840 0.716364 0.007830 0.012829
11 0.323050 0.678661 0.015346 0.020025
11 0.350298 0.679912 0.015972 0.014393
11 0.352333 0.683354 0.014407 0.013141
48 0.305512 0.701971 0.057313 0.069149
48 0.356874 0.655507 0.069840 0.085106
11 0.347009 0.735607 0.013154 0.013767
11 0.341998 0.734981 0.013154 0.012516
11 0.329627 0.746089 0.012214 0.011577
11 0.332916 0.747497 0.014407 0.012516
55 0.630442 0.942741 0.012527 0.013141
11 0.220952 0.814299 0.009082 0.012829
11 0.211557 0.562578 0.013467 0.011264
11 0.364391 0.635482 0.015972 0.005632
11 0.831976 0.741239 0.014093 0.012516
11 0.348732 0.677096 0.017225 0.015019
11 0.093799 0.940394 0.017225 0.012203
11 0.763702 0.770025 0.014720 0.015019
11 0.053868 0.951345 0.018165 0.010951
11 0.749922 0.779099 0.010961 0.010638
11 0.371594 0.648467 0.014720 0.009074
5 0.789853 0.968085 0.005637 0.005006
5 0.243815 0.734512 0.005324 0.007196
5 0.613999 0.998123 0.002192 0.003755
55 0.639211 0.953066 0.011901 0.013141
48 0.468838 0.975751 0.096461 0.048498
11 0.199969 0.559449 0.015346 0.011890
11 0.830723 0.706195 0.013467 0.018773
48 0.697620 0.941176 0.025368 0.016896
11 0.148763 0.601690 0.017538 0.013767
11 0.150172 0.613579 0.019104 0.013767
5 0.476511 0.681477 0.004071 0.006884
55 0.599436 0.979819 0.013154 0.010951
55 0.616661 0.946183 0.012527 0.011890
11 0.214845 0.548029 0.014407 0.012203
5 0.282963 0.801940 0.004071 0.008135
11 0.759787 0.759230 0.013780 0.012203
11 0.803946 0.737171 0.016286 0.012516
11 0.811932 0.756258 0.010961 0.007509
55 0.637019 0.969024 0.011901 0.013141
47 0.908707 0.754537 0.017852 0.018461
11 0.352490 0.743899 0.016599 0.012829
11 0.824773 0.870776 0.015346 0.020025
11 0.184779 0.572278 0.014407 0.011890
55 0.602255 0.964800 0.014407 0.014080
11 0.807548 0.891740 0.011588 0.015019
5 0.048544 0.645338 0.005011 0.005945
11 0.368775 0.642209 0.018478 0.005319
5 0.649546 0.828223 0.001879 0.004380
55 0.614313 0.960106 0.011588 0.011577
11 0.364391 0.694931 0.018478 0.013767
11 0.648763 0.636108 0.009082 0.016896
11 0.736298 0.778004 0.016912 0.014706
55 0.626997 0.956821 0.013154 0.013141
11 0.111494 0.937891 0.018791 0.014080
48 0.822424 0.801940 0.136549 0.185857
11 0.176167 0.591051 0.019731 0.015645
11 0.309270 0.688673 0.012214 0.011890
5 0.286878 0.814925 0.008143 0.006571
55 0.625744 0.972935 0.012527 0.013454
11 0.019261 0.997966 0.017225 0.004068
11 0.378014 0.706352 0.016286 0.014080
11 0.392891 0.699155 0.022863 0.014080
5 0.957720 0.697278 0.004385 0.004068
11 0.058096 0.987015 0.016599 0.014080
11 0.214375 0.532697 0.015346 0.011577
5 0.293924 0.814456 0.008456 0.007509
55 0.590354 0.953692 0.013154 0.015019
11 0.097244 0.642678 0.017852 0.012516
5 0.616818 0.997966 0.002192 0.004068
55 0.643282 0.940081 0.012527 0.013454
11 0.222988 0.553504 0.018791 0.015645
11 0.230034 0.535200 0.016599 0.012829
11 0.055121 0.688830 0.015659 0.008448
5 0.223144 0.734199 0.005951 0.004693
47 0.908863 0.754380 0.020044 0.018148
11 0.356874 0.686170 0.019731 0.015645
11 0.053085 0.984355 0.016599 0.013141
11 0.443000 0.657384 0.017852 0.013767
11 0.316160 0.683511 0.014093 0.017835
11 0.314751 0.758292 0.016912 0.013454
5 0.694331 0.765645 0.001879 0.005632
11 0.360789 0.690707 0.018165 0.012829
11 0.803790 0.893461 0.011588 0.015332
5 0.962418 0.701345 0.004385 0.004068
11 0.845913 0.729819 0.011275 0.015332
55 0.663326 0.946026 0.015033 0.013454
55 0.612120 0.976533 0.012214 0.013767
5 0.786408 0.971840 0.003132 0.005006
11 0.800345 0.896277 0.014093 0.015332
11 0.734576 0.920056 0.005951 0.013454
5 0.218290 0.739675 0.005011 0.005632
5 0.741779 0.994837 0.006577 0.005319
11 0.374569 0.726846 0.019417 0.016896
11 0.032258 0.990613 0.009396 0.011264
11 0.242249 0.537703 0.015972 0.012203
11 0.385218 0.650970 0.012527 0.005319
11 0.379894 0.643617 0.015033 0.005006
5 0.950517 0.696652 0.003758 0.004068
11 0.358754 0.688986 0.019731 0.015645
11 0.827278 0.868742 0.015346 0.015957
5 0.667241 0.818367 0.002819 0.004693
55 0.650955 0.949468 0.014093 0.013454
11 0.313811 0.686796 0.012527 0.016896
5 0.694488 0.813204 0.004071 0.001877
11 0.760883 0.778317 0.014093 0.010325
11 0.044472 0.690238 0.015033 0.010013
11 0.044942 0.977941 0.017225 0.010951
11 0.821328 0.873279 0.015972 0.016270
11 0.447855 0.657384 0.018791 0.012516
5 0.632008 0.998592 0.001879 0.002816
55 0.662700 0.962610 0.013154 0.014706
11 0.516129 0.705413 0.015033 0.009074
11 0.351394 0.742178 0.015033 0.011264
5 0.789070 0.990300 0.003445 0.005006
11 0.808487 0.915676 0.008456 0.009074
11 0.654087 0.637203 0.007830 0.020338
5 0.284685 0.799906 0.003758 0.004693
11 0.286251 0.826658 0.006890 0.008135
11 0.744598 0.794431 0.009709 0.008135
55 0.605074 0.949937 0.011901 0.013141
11 0.732697 0.900188 0.012214 0.017522
11 0.210147 0.529412 0.016912 0.012516
11 0.029126 0.702128 0.018791 0.012516
5 0.483245 0.685388 0.007516 0.005945
11 0.405888 0.684293 0.017538 0.013767
55 0.655183 0.936483 0.012527 0.014393
5 0.241622 0.735451 0.005951 0.005945
5 0.221109 0.737484 0.003132 0.006258
55 0.650799 0.966051 0.015033 0.014080
11 0.134200 0.613579 0.016599 0.012516
11 0.108832 0.644399 0.018478 0.017209
11 0.665518 0.673498 0.007516 0.016583
11 0.379737 0.708073 0.015972 0.011264
11 0.346226 0.672716 0.018478 0.015645
11 0.260727 0.524093 0.017225 0.012516
11 0.070780 0.676314 0.013780 0.012203
11 0.468681 0.619994 0.012841 0.007196
11 0.731131 0.871871 0.006577 0.017835
11 0.735828 0.892053 0.009082 0.016270
11 0.195271 0.576033 0.017852 0.013767
11 0.645788 0.626877 0.009396 0.018461
