48 0.024373 0.206428 0.048747 0.036259
48 0.021112 0.191595 0.042225 0.032963
48 0.017336 0.176967 0.034672 0.031726
48 0.019911 0.160280 0.039821 0.026370
57 0.009612 0.249897 0.018538 0.016069
57 0.019739 0.233828 0.024373 0.012773
56 0.007896 0.285538 0.015791 0.027194
48 0.026948 0.117223 0.053896 0.047384
48 0.026777 0.087557 0.053553 0.048208
57 0.015791 0.277915 0.015105 0.016893
56 0.044113 0.000206 0.088225 0.000412
48 0.575180 0.928101 0.030553 0.023486
48 0.574150 0.909971 0.038105 0.030078
5 0.524373 0.890194 0.007896 0.007829
5 0.563680 0.889370 0.003433 0.007005
5 0.566941 0.888752 0.004463 0.005768
5 0.596979 0.875154 0.006866 0.007417
5 0.606591 0.874536 0.006866 0.004532
5 0.604188 0.881335 0.006866 0.004120
5 0.603845 0.884425 0.006179 0.005356
5 0.603330 0.887515 0.008582 0.005768
5 0.618435 0.891018 0.006522 0.005356
5 0.613285 0.889782 0.004463 0.004532
5 0.612084 0.891842 0.005493 0.004532
5 0.617233 0.895550 0.006179 0.004532
5 0.612427 0.895344 0.004806 0.004120
5 0.600412 0.916976 0.006179 0.003708
5 0.599725 0.919654 0.006179 0.004944
5 0.593546 0.926452 0.006179 0.002884
5 0.592516 0.933457 0.004806 0.003708
5 0.606248 0.941286 0.002060 0.005356
5 0.609509 0.940461 0.003776 0.006180
5 0.612770 0.940874 0.003433 0.006180
5 0.615517 0.939843 0.002746 0.005768
5 0.618263 0.940049 0.004119 0.007005
5 0.623756 0.937165 0.004119 0.006180
5 0.607964 0.929337 0.003433 0.007005
5 0.610367 0.929337 0.002060 0.005356
5 0.615345 0.930161 0.003090 0.005356
5 0.617748 0.930161 0.002403 0.005356
5 0.620323 0.929955 0.003433 0.004944
5 0.622726 0.930367 0.002060 0.005768
5 0.625472 0.929749 0.002746 0.005356
5 0.628562 0.930367 0.003433 0.007417
5 0.612255 0.898434 0.005149 0.004532
5 0.617405 0.903379 0.005836 0.003708
5 0.623756 0.904409 0.006179 0.003296
5 0.611569 0.906057 0.006522 0.004120
5 0.617061 0.909353 0.006522 0.004944
5 0.625472 0.911413 0.005493 0.004944
5 0.611054 0.911207 0.006179 0.004532
5 0.616718 0.918418 0.005836 0.004120
5 0.630278 0.917800 0.006179 0.004532
5 0.625300 0.915328 0.005149 0.004532
5 0.665122 0.923362 0.006522 0.004120
5 0.630106 0.921714 0.005836 0.004944
5 0.609509 0.919860 0.006522 0.005356
5 0.697563 0.913267 0.006866 0.002884
5 0.697219 0.910795 0.007552 0.003708
5 0.697391 0.906469 0.007209 0.003296
5 0.696876 0.903173 0.005493 0.003296
5 0.702540 0.891842 0.003776 0.006180
5 0.694301 0.885043 0.005836 0.002472
5 0.692928 0.882571 0.005149 0.003296
5 0.707690 0.894314 0.005149 0.002884
5 0.704257 0.881747 0.005836 0.003296
5 0.698593 0.874949 0.003433 0.006180
5 0.695331 0.873918 0.003776 0.005768
5 0.691040 0.874743 0.007552 0.004120
5 0.689495 0.867120 0.007209 0.004532
5 0.688980 0.864030 0.006179 0.002472
5 0.686921 0.858879 0.006179 0.002884
5 0.686062 0.856407 0.005836 0.002884
5 0.685548 0.851669 0.006179 0.004120
5 0.689495 0.849403 0.003776 0.005356
5 0.692070 0.861763 0.004119 0.006180
5 0.694473 0.860939 0.002746 0.005356
5 0.796086 0.963535 0.005493 0.005356
5 0.803639 0.943964 0.004806 0.005768
5 0.808960 0.939637 0.005836 0.006180
5 0.814624 0.934487 0.004119 0.004944
5 0.818229 0.931809 0.005149 0.005356
5 0.820460 0.929543 0.004806 0.004120
5 0.826639 0.925216 0.004119 0.005356
5 0.828527 0.923362 0.004463 0.005768
5 0.831274 0.921302 0.004463 0.006593
5 0.839684 0.915534 0.003433 0.004120
5 0.841401 0.913679 0.003433 0.006180
5 0.853931 0.908941 0.005836 0.004944
5 0.880192 0.896168 0.004119 0.004944
5 0.874185 0.925422 0.003776 0.004944
5 0.876244 0.919242 0.003776 0.005768
5 0.878133 0.916976 0.004119 0.007005
5 0.881050 0.921302 0.004463 0.005768
5 0.884655 0.925628 0.002746 0.004532
5 0.894439 0.937989 0.003776 0.006180
5 0.887745 0.941904 0.004119 0.004120
5 0.897700 0.941904 0.004119 0.004944
5 0.878819 0.931191 0.004119 0.004944
5 0.919670 0.949114 0.003433 0.004532
5 0.921902 0.967450 0.004463 0.004120
5 0.903879 0.878657 0.006866 0.005356
5 0.921559 0.850845 0.005836 0.004944
5 0.922417 0.857643 0.004806 0.004532
5 0.921730 0.854553 0.006179 0.004944
5 0.944044 0.844870 0.005493 0.005356
5 0.912118 0.849815 0.004806 0.005356
5 0.909200 0.894314 0.003776 0.003708
5 0.979231 0.838484 0.004463 0.004944
5 0.916924 0.845076 0.004806 0.005768
5 0.893580 0.875567 0.004119 0.004120
5 0.657741 0.731356 0.007552 0.003296
5 0.658256 0.736506 0.007896 0.002884
5 0.667525 0.707458 0.004463 0.007417
5 0.636286 0.635970 0.004463 0.003708
5 0.648987 0.631438 0.004463 0.004532
5 0.648129 0.628966 0.004806 0.003708
5 0.634569 0.631232 0.005149 0.003296
5 0.633711 0.629378 0.005493 0.003708
5 0.630278 0.625257 0.004806 0.002884
5 0.627532 0.620931 0.005493 0.004120
5 0.642636 0.620107 0.005493 0.004120
5 0.641435 0.617841 0.007209 0.002884
5 0.640577 0.615575 0.006866 0.003296
5 0.639375 0.613515 0.005149 0.001648
5 0.621181 0.610630 0.005149 0.003296
5 0.635084 0.607746 0.004806 0.003296
5 0.633883 0.605274 0.004463 0.002472
5 0.632166 0.603626 0.005149 0.003296
5 0.619979 0.607746 0.006179 0.003296
5 0.619121 0.605480 0.005149 0.002884
5 0.617920 0.603832 0.006179 0.002884
5 0.630450 0.601566 0.005149 0.002472
5 0.629077 0.599918 0.005836 0.004120
5 0.628390 0.597239 0.005836 0.003708
5 0.615345 0.599712 0.005149 0.002884
5 0.627188 0.594973 0.005493 0.002472
5 0.612427 0.595797 0.006179 0.003296
5 0.609852 0.592089 0.005836 0.004120
5 0.625644 0.593325 0.005149 0.003296
5 0.624785 0.590853 0.005493 0.003296
5 0.621353 0.586939 0.006179 0.003708
5 0.607793 0.587557 0.005149 0.003296
5 0.605733 0.585703 0.005836 0.003708
5 0.619293 0.583024 0.005493 0.004944
5 0.616718 0.578904 0.005149 0.003296
5 0.602815 0.577256 0.004119 0.004120
5 0.601613 0.574578 0.005149 0.003708
5 0.615002 0.574372 0.006522 0.004944
5 0.613629 0.569839 0.005149 0.003296
5 0.612255 0.567161 0.004463 0.003708
5 0.612427 0.564895 0.004806 0.002472
5 0.597666 0.564895 0.004119 0.003296
5 0.597494 0.561805 0.005149 0.002884
5 0.596292 0.558921 0.004806 0.002060
5 0.605733 0.553564 0.004463 0.002884
5 0.606763 0.555418 0.003776 0.003296
5 0.607964 0.558302 0.004806 0.003296
5 0.609852 0.560569 0.005149 0.002884
13 0.055269 0.149979 0.005493 0.014833
10 0.048232 0.196539 0.005836 0.009889
57 0.039993 0.233622 0.016821 0.014833
57 0.024545 0.268026 0.014761 0.017717
57 0.033814 0.260404 0.012702 0.020602
57 0.043941 0.252575 0.013732 0.022250
57 0.055269 0.241244 0.015791 0.020190
48 0.828012 0.957767 0.016478 0.015245
48 0.842945 0.952204 0.018881 0.018129
48 0.851699 0.944582 0.012358 0.014421
48 0.860281 0.940461 0.012358 0.015245
48 0.826639 0.980429 0.009612 0.009477
48 0.849468 0.990111 0.021627 0.015657
48 0.871953 0.989081 0.021284 0.016069
48 0.865946 0.975690 0.010642 0.013185
48 0.854961 0.966832 0.012015 0.016069
48 0.865431 0.963535 0.009612 0.016069
48 0.873326 0.958385 0.015791 0.015657
48 0.888946 0.976308 0.014075 0.016069
5 0.876588 0.979810 0.003776 0.003296
48 0.899416 0.982695 0.013732 0.015657
48 0.902163 0.991553 0.010299 0.011125
48 0.893924 0.991347 0.010299 0.008241
48 0.909543 0.986197 0.009269 0.011125
5 0.916409 0.963329 0.004463 0.005768
48 0.968932 0.974248 0.014075 0.015245
48 0.156196 0.129172 0.108479 0.160280
5 0.143495 0.045735 0.002746 0.004944
5 0.227944 0.065101 0.003433 0.005768
5 0.223996 0.086733 0.004463 0.004532
5 0.222108 0.091471 0.006179 0.004120
5 0.231892 0.058302 0.004463 0.006180
5 0.234638 0.051710 0.003090 0.006180
5 0.261071 0.037083 0.003776 0.005768
10 0.046001 0.151215 0.004119 0.008241
14 0.125129 0.222291 0.022314 0.006180
48 0.669585 0.786980 0.020941 0.028842
48 0.625300 0.855583 0.005149 0.007005
48 0.639890 0.868974 0.006866 0.006593
53 0.693100 0.875979 0.034329 0.084878
5 0.695160 0.687062 0.006866 0.005356
48 0.723481 0.676555 0.011329 0.027194
48 0.761414 0.661104 0.017851 0.024310
48 0.812908 0.663782 0.019911 0.010713
48 0.730862 0.658632 0.005493 0.008653
48 0.836766 0.864442 0.008582 0.009889
48 0.842774 0.884425 0.027463 0.032550
48 0.798661 0.984137 0.016135 0.020190
53 0.818915 0.931191 0.054583 0.042027
5 0.764161 0.979810 0.004119 0.002472
5 0.791109 0.967450 0.003776 0.003296
48 0.941984 0.957149 0.014418 0.016481
48 0.933402 0.945818 0.017164 0.016069
48 0.925163 0.937577 0.012358 0.013597
48 0.914693 0.929749 0.014075 0.015245
48 0.905939 0.902967 0.014418 0.017717
48 0.898043 0.914091 0.021970 0.025958
48 0.961208 0.934281 0.014418 0.016893
48 0.941984 0.901525 0.016478 0.018129
48 0.930827 0.880305 0.022314 0.025134
48 0.918641 0.894726 0.014418 0.015245
48 0.933917 0.915534 0.013388 0.014833
48 0.969962 0.893490 0.011329 0.010301
48 0.968932 0.863000 0.016821 0.021014
48 0.951425 0.870622 0.019567 0.030490
48 0.968932 0.923980 0.014075 0.019365
48 0.868006 0.835393 0.018881 0.021014
48 0.904566 0.830861 0.020597 0.024310
48 0.885857 0.857025 0.019567 0.023074
48 0.895640 0.843222 0.024030 0.027606
48 0.950395 0.815616 0.016821 0.025134
48 0.976828 0.803049 0.018194 0.023898
48 0.648129 0.940668 0.005493 0.007417
48 0.652763 0.953440 0.005149 0.006593
48 0.921044 0.829419 0.015105 0.020602
48 0.940096 0.750515 0.003776 0.004532
48 0.938895 0.735270 0.004806 0.006180
48 0.958290 0.713020 0.005836 0.005356
48 0.914178 0.774001 0.006179 0.007829
48 0.893409 0.749279 0.006522 0.006180
48 0.966529 0.685208 0.004463 0.004944
48 0.979918 0.677379 0.005836 0.006593
48 0.930141 0.650597 0.005149 0.005768
9 0.055956 0.098888 0.007552 0.015657
9 0.048575 0.056448 0.008582 0.016481
48 0.936320 0.801195 0.009955 0.010301
48 0.961208 0.788628 0.006179 0.008241
48 0.934432 0.826329 0.012358 0.012773
48 0.949365 0.783065 0.011329 0.007005
48 0.955716 0.671199 0.005493 0.005768
48 0.931686 0.614339 0.006866 0.006593
48 0.968246 0.625876 0.009955 0.010713
48 0.951253 0.646889 0.022657 0.027194
48 0.929797 0.661722 0.009269 0.010713
48 0.977686 0.647301 0.009612 0.007417
48 0.904566 0.741038 0.006179 0.006180
48 0.894095 0.819736 0.010642 0.008653
5 0.755750 0.692419 0.005836 0.004532
5 0.728459 0.703543 0.002746 0.004532
5 0.744078 0.700247 0.003776 0.007005
5 0.740130 0.700041 0.004119 0.007417
5 0.757295 0.694891 0.004806 0.003708
53 0.743563 0.699423 0.037075 0.019365
48 0.915723 0.909971 0.011329 0.010301
48 0.954343 0.944170 0.008926 0.010301
48 0.944731 0.934487 0.009612 0.009065
48 0.844147 0.975690 0.012358 0.011537
48 0.194301 0.028018 0.135256 0.056036
5 0.289564 0.177173 0.005149 0.005768
53 0.618091 0.589823 0.069001 0.096003
25 0.377103 0.734652 0.004463 0.004120
23 0.372640 0.748249 0.003776 0.003296
23 0.297803 0.706634 0.003776 0.004120
5 0.615002 0.872682 0.007209 0.003296
5 0.601099 0.909971 0.004806 0.003708
5 0.612942 0.883601 0.005149 0.004532
5 0.642465 0.923156 0.005149 0.004532
53 0.619636 0.906881 0.053553 0.074990
5 0.908342 0.864442 0.006866 0.004944
10 0.955887 0.951998 0.006522 0.002884
5 0.660316 0.739802 0.005149 0.002884
23 0.440096 0.748043 0.004119 0.004532
24 0.274631 0.706634 0.003433 0.001648
24 0.343632 0.755665 0.002746 0.001648
24 0.199451 0.925010 0.003433 0.004944
24 0.257295 0.727235 0.002403 0.001648
24 0.221250 0.677792 0.004463 0.003296
24 0.322348 0.724557 0.002746 0.003708
24 0.298146 0.707458 0.003776 0.002472
24 0.456059 0.686856 0.003776 0.004944
24 0.370237 0.754841 0.002403 0.002472
24 0.397528 0.960239 0.002746 0.003708
24 0.447992 0.671817 0.005493 0.003708
24 0.408514 0.753811 0.002746 0.002884
24 0.465499 0.834981 0.003433 0.003708
24 0.372983 0.748661 0.003090 0.002472
24 0.377274 0.735064 0.002060 0.001648
24 0.459320 0.977750 0.006179 0.004944
