48 0.007203 0.010638 0.014407 0.020025
48 0.001253 0.663173 0.002505 0.010951
48 0.004698 0.643617 0.009396 0.010638
48 0.001566 0.048498 0.003132 0.005632
48 0.005951 0.617491 0.011901 0.014706
48 0.001723 0.615770 0.003445 0.010638
48 0.010805 0.375000 0.021610 0.008448
48 0.002975 0.241865 0.005951 0.011264
48 0.002819 0.124687 0.005637 0.006571
48 0.000940 0.085889 0.001879 0.027847
48 0.004385 0.411921 0.008769 0.011577
48 0.005637 0.022685 0.011275 0.013454
48 0.001566 0.161608 0.003132 0.005945
48 0.012997 0.074781 0.025994 0.013141
48 0.010179 0.055069 0.020357 0.015019
48 0.001409 0.474343 0.002819 0.004380
48 0.002036 0.215738 0.004071 0.015332
48 0.002975 0.635169 0.005951 0.011264
48 0.009082 0.954631 0.013154 0.008135
48 0.006890 0.973717 0.010022 0.021902
48 0.001096 0.574468 0.002192 0.011264
48 0.009082 0.385795 0.018165 0.011890
48 0.005324 0.444931 0.010648 0.016270
48 0.000783 0.146433 0.001566 0.012516
48 0.004698 0.500156 0.009396 0.014706
48 0.012841 0.458385 0.025681 0.014393
48 0.003445 0.401283 0.006890 0.020338
48 0.012997 0.297247 0.025994 0.019399
48 0.223771 0.002347 0.015972 0.004693
48 0.299562 0.067584 0.004698 0.005006
48 0.010648 0.228098 0.016286 0.010013
48 0.335108 0.423342 0.006264 0.005006
48 0.137801 0.465895 0.011901 0.008761
48 0.486063 0.244524 0.013780 0.015957
48 0.101942 0.349656 0.015972 0.010325
48 0.108049 0.326971 0.008143 0.008135
48 0.226746 0.587453 0.010648 0.007822
48 0.203257 0.557885 0.006890 0.011264
48 0.294551 0.590582 0.009082 0.006571
48 0.993423 0.039268 0.008769 0.015332
48 0.932195 0.204005 0.005951 0.008761
48 0.581272 0.255788 0.031319 0.022215
48 0.554494 0.052566 0.014093 0.011264
48 0.268713 0.101064 0.010022 0.009387
48 0.091450 0.025657 0.007516 0.016270
48 0.221109 0.294587 0.008769 0.017835
48 0.377545 0.428348 0.005324 0.004380
48 0.357971 0.432103 0.011901 0.008135
48 0.247260 0.412391 0.008456 0.006258
48 0.246320 0.065551 0.011588 0.024093
48 0.176793 0.083855 0.015346 0.035670
48 0.352333 0.257040 0.010022 0.014706
48 0.429064 0.186483 0.015659 0.015019
48 0.107422 0.355131 0.015659 0.006258
48 0.180708 0.566176 0.015033 0.010951
48 0.189164 0.627034 0.007516 0.008761
48 0.162700 0.621089 0.005324 0.008135
48 0.764798 0.042553 0.010022 0.015019
48 0.974945 0.064768 0.005637 0.008761
48 0.971657 0.181164 0.009709 0.007509
48 0.100846 0.051001 0.014407 0.013141
48 0.287661 0.350125 0.014720 0.011264
48 0.198716 0.486702 0.006577 0.003442
48 0.411055 0.241865 0.007830 0.010638
48 0.118227 0.316646 0.009082 0.020025
48 0.148293 0.636108 0.006577 0.009387
48 0.160977 0.652065 0.006890 0.011890
48 0.221892 0.539424 0.007830 0.008135
48 0.246633 0.523780 0.004071 0.004380
48 0.284059 0.567584 0.008769 0.005632
48 0.824773 0.075563 0.013467 0.008448
48 0.901660 0.192115 0.016912 0.016896
48 0.610398 0.080257 0.008143 0.008448
48 0.595365 0.003285 0.016912 0.006571
48 0.499530 0.078849 0.009396 0.010013
48 0.004854 0.161765 0.004698 0.005632
48 0.100376 0.238579 0.013467 0.007822
48 0.134983 0.238736 0.012527 0.022528
48 0.313655 0.346370 0.004698 0.005006
48 0.367679 0.410200 0.013154 0.008761
48 0.275916 0.425688 0.015659 0.012829
48 0.226120 0.431946 0.007516 0.009700
48 0.494519 0.144243 0.013780 0.010638
48 0.296586 0.105131 0.005637 0.006884
48 0.076730 0.561796 0.007516 0.012829
48 0.144692 0.546934 0.010022 0.008135
48 0.515189 0.032541 0.015033 0.014393
48 0.477607 0.086514 0.006264 0.005319
48 0.200125 0.088392 0.006264 0.014706
48 0.266834 0.419743 0.011275 0.013454
48 0.128406 0.409887 0.018165 0.016270
48 0.132947 0.440238 0.010335 0.011890
48 0.097870 0.149562 0.006577 0.010638
48 0.265111 0.367178 0.022236 0.020338
48 0.401973 0.377972 0.018478 0.014393
48 0.468995 0.240457 0.017225 0.019712
48 0.092233 0.608573 0.005951 0.005632
48 0.047917 0.687109 0.005637 0.003755
48 0.929847 0.035044 0.031945 0.021902
48 0.288287 0.027222 0.007830 0.006884
48 0.062167 0.664424 0.005951 0.009700
48 0.025211 0.562735 0.005324 0.007822
48 0.036799 0.150188 0.010335 0.018148
48 0.168024 0.361859 0.012214 0.015957
48 0.062480 0.458542 0.012841 0.012829
48 0.105543 0.133605 0.006890 0.009387
48 0.338083 0.358417 0.004698 0.004693
48 0.384748 0.275031 0.012214 0.010013
48 0.192452 0.581977 0.012214 0.005632
48 0.155027 0.653786 0.005637 0.007822
48 0.287817 0.532384 0.013780 0.007822
48 0.259474 0.592616 0.009709 0.011890
48 0.811149 0.045682 0.005011 0.005632
48 0.306295 0.006258 0.007516 0.012516
48 0.445506 0.021746 0.026621 0.014706
48 0.266521 0.074468 0.005637 0.011264
48 0.194645 0.176314 0.006577 0.006571
48 0.073912 0.324625 0.009396 0.010325
48 0.173974 0.580569 0.017225 0.010325
48 0.107109 0.665832 0.010648 0.006884
48 0.917632 0.014706 0.019417 0.015645
48 0.884591 0.155038 0.020357 0.038486
48 0.706702 0.120463 0.022863 0.025657
48 0.562167 0.082603 0.008769 0.008135
48 0.242092 0.105444 0.014407 0.012516
48 0.089414 0.238579 0.004698 0.004693
48 0.261823 0.300688 0.006890 0.009387
48 0.466802 0.136890 0.009709 0.011577
48 0.232853 0.094337 0.005951 0.011577
48 0.010648 0.286765 0.018791 0.009700
48 0.195897 0.602785 0.020357 0.010325
48 0.293611 0.557728 0.015346 0.008448
48 0.280144 0.608730 0.006577 0.007822
48 0.128876 0.470275 0.019104 0.033166
48 0.104447 0.449312 0.006577 0.011890
48 0.808487 0.058198 0.008456 0.008761
48 0.139524 0.215426 0.008456 0.009074
48 0.248043 0.290363 0.010648 0.015645
48 0.206389 0.419118 0.011901 0.014080
48 0.130911 0.156602 0.008143 0.004693
48 0.334012 0.145964 0.014720 0.012203
48 0.119793 0.346840 0.006577 0.012203
48 0.102098 0.556008 0.005637 0.013141
48 0.277169 0.579318 0.011901 0.009074
48 0.210930 0.558667 0.007830 0.011577
48 0.813968 0.050063 0.006264 0.007509
48 0.942687 0.222622 0.008143 0.011577
48 0.544003 0.212922 0.018165 0.015957
48 0.519731 0.039737 0.005951 0.004380
48 0.212183 0.119368 0.012214 0.015957
48 0.134043 0.191020 0.013154 0.007196
48 0.011588 0.656758 0.011901 0.023154
48 0.059818 0.637046 0.005637 0.016270
48 0.121203 0.088548 0.013780 0.010638
48 0.190886 0.069618 0.012214 0.007196
48 0.276699 0.340738 0.011588 0.012516
48 0.310836 0.327597 0.005951 0.007509
48 0.271218 0.476377 0.006264 0.007196
48 0.263389 0.483886 0.020044 0.008448
48 0.199969 0.637359 0.012841 0.009387
48 0.138271 0.590113 0.007830 0.006258
48 0.216098 0.547090 0.011275 0.011577
48 0.247103 0.596840 0.015659 0.011577
48 0.824147 0.027222 0.007830 0.008135
48 0.308957 0.960576 0.009082 0.026283
48 0.041340 0.614675 0.005011 0.005319
48 0.051519 0.563048 0.006577 0.007196
48 0.287504 0.081352 0.005637 0.004380
48 0.134670 0.087610 0.008143 0.010638
48 0.057939 0.250313 0.015659 0.005006
48 0.071719 0.234668 0.006264 0.006884
48 0.162856 0.255945 0.011901 0.017522
48 0.387410 0.429443 0.006264 0.004068
48 0.016442 0.398780 0.026621 0.012203
48 0.380363 0.005006 0.017852 0.010013
48 0.157062 0.641427 0.007203 0.014393
48 0.119637 0.550219 0.006890 0.014080
48 0.097870 0.430538 0.012214 0.008135
48 0.980269 0.034262 0.010648 0.006571
48 0.977920 0.015488 0.010335 0.008448
48 0.964140 0.140488 0.014093 0.011890
48 0.574538 0.239518 0.023489 0.017209
48 0.504385 0.090895 0.013467 0.021589
48 0.202944 0.201502 0.013780 0.008135
48 0.009239 0.679912 0.012841 0.013767
48 0.194331 0.089800 0.006577 0.014393
48 0.333072 0.409262 0.013467 0.008135
48 0.306452 0.477315 0.019104 0.014080
48 0.230034 0.484043 0.014720 0.006884
48 0.108832 0.364205 0.021610 0.011264
48 0.180551 0.012203 0.016599 0.006258
48 0.057939 0.147528 0.012527 0.022215
48 0.087848 0.616865 0.005951 0.005945
48 0.250548 0.557416 0.020670 0.007196
48 0.249609 0.550219 0.018791 0.008448
48 0.297682 0.597622 0.014720 0.010013
48 0.856718 0.168492 0.036016 0.022841
48 0.539305 0.198217 0.013780 0.027847
48 0.642812 0.139237 0.014720 0.020025
48 0.620106 0.068680 0.007516 0.011577
48 0.476511 0.082134 0.004698 0.004068
48 0.017852 0.670839 0.007516 0.008135
48 0.038835 0.642678 0.019417 0.013767
48 0.193392 0.124531 0.007830 0.011890
48 0.011118 0.346840 0.015346 0.014080
48 0.349358 0.463079 0.008456 0.008135
48 0.186972 0.373592 0.008769 0.010638
48 0.183526 0.639237 0.015659 0.009387
48 0.162543 0.613267 0.008143 0.011264
48 0.251174 0.613579 0.007516 0.008761
48 0.067178 0.380632 0.010335 0.027222
48 0.972283 0.038016 0.007203 0.010325
48 0.686502 0.033010 0.007516 0.009074
48 0.047448 0.692428 0.018478 0.012516
48 0.058252 0.625156 0.010022 0.008761
48 0.173818 0.127034 0.008769 0.015019
48 0.086596 0.054443 0.010961 0.009387
48 0.199499 0.480914 0.006264 0.005632
48 0.145005 0.445870 0.010022 0.013767
48 0.125274 0.429130 0.016286 0.010951
48 0.239743 0.116708 0.005951 0.008135
48 0.245067 0.163955 0.009709 0.006258
48 0.445506 0.059762 0.016599 0.016270
48 0.089728 0.315551 0.006577 0.006571
48 0.097401 0.577597 0.018791 0.016896
48 0.172878 0.536452 0.006890 0.019086
48 0.261353 0.602003 0.005951 0.005006
48 0.110398 0.658323 0.004698 0.006884
48 0.906827 0.132666 0.031632 0.028786
48 0.479486 0.113736 0.006890 0.009074
48 0.155496 0.178974 0.010335 0.012516
48 0.033354 0.656446 0.007203 0.007509
48 0.286878 0.459637 0.008143 0.007509
48 0.199029 0.447747 0.014093 0.006258
48 0.174444 0.024406 0.011901 0.006884
48 0.184623 0.084950 0.009709 0.024718
48 0.314125 0.211827 0.019417 0.006884
48 0.137175 0.307572 0.005637 0.005632
48 0.105230 0.311796 0.005637 0.005945
48 0.157219 0.545056 0.006264 0.008135
48 0.269026 0.545682 0.013780 0.010638
48 0.199029 0.575720 0.005324 0.010638
48 0.087848 0.658166 0.007203 0.006571
48 0.980896 0.065238 0.006264 0.009700
48 0.961165 0.202128 0.010648 0.006884
48 0.549483 0.242803 0.019731 0.022528
48 0.576417 0.253598 0.023489 0.014080
48 0.776542 0.084011 0.011588 0.011577
48 0.064360 0.656758 0.005951 0.007509
48 0.251488 0.104349 0.010022 0.017835
48 0.014563 0.362954 0.010335 0.009387
48 0.007047 0.212140 0.008456 0.017522
48 0.388663 0.414424 0.011275 0.009074
48 0.238177 0.419274 0.014093 0.018148
48 0.248982 0.477628 0.009396 0.011577
48 0.238647 0.489987 0.011901 0.007509
48 0.215471 0.454944 0.010648 0.016896
48 0.187128 0.004537 0.007830 0.009074
48 0.177106 0.171934 0.007203 0.011577
48 0.071563 0.129693 0.014720 0.006571
48 0.336361 0.273467 0.008769 0.014393
48 0.403226 0.417084 0.009082 0.017522
48 0.228938 0.244055 0.011275 0.008761
48 0.152521 0.310857 0.006264 0.011577
48 0.164422 0.557572 0.013780 0.006258
48 0.304886 0.588861 0.014093 0.011890
48 0.826182 0.032071 0.003758 0.004068
48 0.901347 0.068836 0.008143 0.013767
48 0.629659 0.135325 0.022236 0.020338
48 0.573912 0.072747 0.009709 0.008448
48 0.345287 0.058511 0.011588 0.008135
48 0.020044 0.681164 0.008143 0.008761
48 0.050579 0.702128 0.019104 0.010013
48 0.015659 0.646277 0.015033 0.010951
48 0.027560 0.571026 0.005011 0.005632
48 0.222831 0.041458 0.015346 0.019712
48 0.118854 0.120150 0.015346 0.008761
48 0.154557 0.043648 0.008456 0.019086
48 0.379580 0.419118 0.013154 0.009700
48 0.211713 0.432572 0.013154 0.015957
48 0.147823 0.386421 0.013780 0.021902
48 0.066082 0.471683 0.015659 0.012829
48 0.160351 0.153630 0.011901 0.009387
48 0.378484 0.378285 0.004071 0.006258
48 0.348575 0.284105 0.020044 0.012516
48 0.192139 0.556164 0.009709 0.005945
48 0.239900 0.552096 0.005011 0.007822
48 0.303163 0.577597 0.007516 0.007509
48 0.212809 0.581195 0.017852 0.009074
48 0.796430 0.056164 0.012527 0.017209
48 0.956624 0.211045 0.005324 0.012829
48 0.259630 0.080726 0.011275 0.008135
48 0.208738 0.215113 0.009082 0.007822
48 0.183683 0.242178 0.031632 0.011264
48 0.735045 0.002660 0.011275 0.005319
48 0.031788 0.651126 0.005324 0.005006
48 0.030222 0.629068 0.009082 0.010951
48 0.040088 0.583073 0.015033 0.025344
48 0.344504 0.086514 0.008143 0.015332
48 0.366113 0.426001 0.012527 0.014080
48 0.259944 0.424280 0.009396 0.011264
48 0.406984 0.279881 0.015346 0.024718
48 0.308174 0.291927 0.024428 0.010013
48 0.428124 0.159418 0.016286 0.010325
48 0.403382 0.074155 0.016286 0.024406
48 0.133104 0.324781 0.011275 0.008135
48 0.142969 0.607322 0.010961 0.018148
48 0.225650 0.578066 0.012841 0.011577
48 0.072502 0.655820 0.005324 0.008761
48 0.972283 0.085576 0.006577 0.007196
48 0.745224 0.082916 0.014720 0.016896
48 0.312872 0.007822 0.008143 0.015645
48 0.086282 0.065551 0.015346 0.014080
48 0.448481 0.244212 0.013154 0.012203
48 0.132790 0.392522 0.018165 0.030350
48 0.220326 0.332447 0.021610 0.009700
48 0.208425 0.540676 0.005324 0.004380
48 0.066239 0.672872 0.012214 0.007822
48 0.032571 0.599812 0.013154 0.005006
48 0.879424 0.193210 0.011901 0.017835
48 0.235828 0.070088 0.010648 0.006258
48 0.070780 0.913955 0.026934 0.030663
48 0.041184 0.623748 0.011588 0.010325
48 0.098027 0.092616 0.009396 0.006258
48 0.235045 0.309919 0.022236 0.012203
48 0.351863 0.412703 0.014720 0.009387
48 0.142499 0.325563 0.006264 0.012829
48 0.061071 0.325407 0.011901 0.006884
48 0.021923 0.601533 0.010022 0.006571
48 0.788757 0.032854 0.021610 0.013141
48 0.801284 0.002503 0.013467 0.005006
48 0.987629 0.024562 0.023489 0.013454
48 0.597557 0.082447 0.006890 0.006571
48 0.535703 0.015488 0.004071 0.010951
48 0.049640 0.953379 0.026621 0.032541
48 0.013310 0.562265 0.009082 0.010013
48 0.085343 0.391740 0.028500 0.010638
48 0.183683 0.109825 0.006577 0.011264
48 0.234106 0.386108 0.012214 0.014393
48 0.364861 0.269556 0.015033 0.017209
48 0.026934 0.332290 0.010648 0.011264
48 0.140464 0.625000 0.005951 0.011577
48 0.091763 0.620463 0.006890 0.005632
48 0.158315 0.531915 0.012214 0.012516
48 0.260570 0.566020 0.005637 0.006258
48 0.960069 0.180695 0.015346 0.007822
48 0.626683 0.051627 0.013780 0.010638
48 0.581115 0.068836 0.007830 0.008135
48 0.225023 0.106852 0.008456 0.029725
48 0.201221 0.227315 0.010961 0.015332
48 0.540871 0.010951 0.009396 0.013767
48 0.016442 0.698999 0.005324 0.009387
48 0.235672 0.077597 0.011588 0.009387
48 0.008456 0.126721 0.005011 0.009387
48 0.332759 0.417397 0.011588 0.010013
48 0.193235 0.437578 0.018791 0.012829
48 0.139681 0.404881 0.007516 0.009387
48 0.082681 0.432259 0.010022 0.009074
48 0.389602 0.329005 0.011901 0.009074
48 0.292045 0.047872 0.018478 0.009387
48 0.217820 0.526752 0.014720 0.008448
48 0.059192 0.436170 0.013154 0.006884
48 0.743658 0.038642 0.008456 0.007196
48 0.948481 0.015019 0.018478 0.018773
48 0.966176 0.000626 0.018165 0.001252
48 0.931726 0.218242 0.006890 0.005945
48 0.501566 0.141270 0.009709 0.008448
48 0.242405 0.148467 0.016912 0.030976
48 0.221735 0.197591 0.018791 0.009074
48 0.056217 0.650344 0.006577 0.005319
48 0.030379 0.595275 0.013780 0.005945
48 0.237394 0.061640 0.007516 0.010638
48 0.209364 0.102785 0.010335 0.015957
48 0.106640 0.114831 0.010335 0.013141
48 0.152834 0.568523 0.015033 0.018773
48 0.175384 0.647372 0.007516 0.008135
48 0.103977 0.617647 0.008769 0.007509
48 0.251018 0.580100 0.012214 0.004380
48 0.256655 0.603567 0.004071 0.008135
48 0.308174 0.535357 0.024428 0.025031
48 0.173035 0.603567 0.005951 0.008761
48 0.103038 0.641740 0.010022 0.016270
48 0.931569 0.017522 0.022236 0.021277
48 0.867366 0.217459 0.007203 0.012516
48 0.468055 0.086358 0.005324 0.008135
48 0.162700 0.202910 0.009082 0.014080
48 0.316160 0.795526 0.019731 0.021589
48 0.060288 0.604506 0.006577 0.011890
48 0.077513 0.648310 0.012841 0.008761
48 0.054807 0.576189 0.006890 0.007822
48 0.083777 0.255006 0.012214 0.020025
48 0.211557 0.292397 0.009709 0.013454
48 0.314908 0.460889 0.012841 0.011264
48 0.020200 0.417866 0.025368 0.007196
48 0.162230 0.117021 0.010022 0.013141
48 0.081898 0.172716 0.007203 0.009387
48 0.349984 0.121558 0.014720 0.024718
48 0.187128 0.362328 0.010961 0.016896
48 0.038209 0.331039 0.010648 0.011264
48 0.069371 0.597309 0.007830 0.008761
48 0.086439 0.597309 0.012527 0.010013
48 0.922330 0.069305 0.011901 0.011577
48 0.948011 0.216208 0.006890 0.007509
48 0.474319 0.076189 0.006577 0.004693
48 0.206546 0.188673 0.008456 0.016896
48 0.506264 0.903004 0.027247 0.032541
48 0.056217 0.645494 0.015346 0.008761
48 0.164735 0.301314 0.005637 0.005006
48 0.326182 0.272685 0.012841 0.019086
48 0.357501 0.395807 0.012214 0.020651
48 0.059035 0.373748 0.009082 0.007196
48 0.113530 0.324468 0.010335 0.011264
48 0.212183 0.621871 0.012841 0.018461
48 0.127466 0.648154 0.007516 0.007822
48 0.152521 0.540989 0.005011 0.008761
48 0.294707 0.463861 0.006264 0.014706
48 0.101629 0.657854 0.010961 0.007196
48 0.776386 0.046777 0.019417 0.015332
48 0.952709 0.032228 0.025055 0.018773
48 0.675853 0.041458 0.009396 0.010951
48 0.440651 0.076502 0.004385 0.004693
48 0.350611 0.141114 0.023489 0.012516
48 0.032258 0.613267 0.015033 0.007509
48 0.033667 0.543492 0.004698 0.005632
48 0.324616 0.065864 0.005324 0.004068
48 0.295803 0.076033 0.005951 0.005006
48 0.077983 0.049906 0.011901 0.017209
48 0.283902 0.313986 0.017225 0.012203
48 0.272784 0.313986 0.008143 0.012203
48 0.326339 0.427722 0.005637 0.010013
48 0.248512 0.421308 0.014093 0.020338
48 0.059662 0.413173 0.015346 0.011577
48 0.019261 0.084168 0.007203 0.008761
48 0.225180 0.622966 0.006890 0.011264
48 0.176636 0.618273 0.007516 0.005632
48 0.126997 0.636264 0.017852 0.014080
48 0.927811 0.227472 0.004698 0.005632
48 0.763389 0.090738 0.007203 0.009387
48 0.323207 0.098874 0.009396 0.008761
48 0.262606 0.111859 0.008456 0.010325
48 0.344973 0.331039 0.009709 0.013141
48 0.246007 0.371558 0.020983 0.010951
48 0.008299 0.083073 0.014093 0.014706
48 0.333072 0.367960 0.007203 0.003755
48 0.436737 0.272997 0.012214 0.022841
48 0.309114 0.156915 0.007516 0.006571
48 0.227686 0.161921 0.021297 0.013454
48 0.053241 0.331039 0.011275 0.014393
48 0.147823 0.648623 0.013780 0.016896
48 0.130128 0.628442 0.014720 0.005945
48 0.206546 0.545682 0.027247 0.022528
48 0.828844 0.001877 0.007830 0.003755
48 0.908863 0.084793 0.018791 0.013767
48 0.937050 0.066959 0.006890 0.010013
48 0.534450 0.064299 0.012841 0.015957
48 0.707955 0.016583 0.008456 0.026909
48 0.023176 0.489362 0.013780 0.036295
48 0.070467 0.633761 0.011901 0.008448
48 0.113216 0.142522 0.007203 0.014706
48 0.054494 0.257040 0.025055 0.010951
48 0.126057 0.265332 0.026621 0.026283
48 0.301284 0.269556 0.014407 0.020338
48 0.264798 0.470432 0.016599 0.005945
48 0.060288 0.396902 0.012214 0.008448
48 0.244598 0.362171 0.023802 0.014080
48 0.357344 0.154099 0.008769 0.017209
48 0.219699 0.567428 0.018478 0.007822
48 0.214062 0.590582 0.016599 0.009074
48 0.181021 0.591990 0.006264 0.012516
48 0.212496 0.606383 0.009082 0.009387
48 0.175540 0.625469 0.010335 0.006258
48 0.123865 0.663642 0.007203 0.010013
48 0.112747 0.540519 0.011275 0.022841
48 0.256342 0.534574 0.010335 0.020338
48 0.266051 0.523936 0.007203 0.009074
48 0.909490 0.071496 0.013780 0.010325
48 0.911995 0.096058 0.015659 0.007509
48 0.567648 0.048967 0.011588 0.018461
48 0.209051 0.065707 0.004698 0.004380
48 0.027091 0.701815 0.009709 0.008761
48 0.059349 0.052722 0.007830 0.007196
48 0.054807 0.067741 0.020670 0.010951
48 0.219699 0.385638 0.014720 0.031602
48 0.413404 0.341677 0.012527 0.023780
48 0.175540 0.257353 0.012214 0.018461
48 0.254619 0.303661 0.022549 0.015332
48 0.122299 0.332134 0.005324 0.006571
48 0.240526 0.531758 0.005011 0.004693
48 0.068901 0.652222 0.005011 0.009074
48 0.097714 0.436796 0.005637 0.005006
48 0.774194 0.031133 0.011275 0.019712
48 0.911838 0.028317 0.024742 0.018461
48 0.903852 0.016427 0.016912 0.020338
48 0.864547 0.092146 0.023489 0.014706
48 0.969151 0.204318 0.018478 0.011890
48 0.629659 0.124374 0.016599 0.013454
48 0.293768 0.087922 0.005637 0.010013
48 0.135766 0.205569 0.007203 0.007509
48 0.264798 0.180851 0.013467 0.021902
48 0.525211 0.949937 0.018165 0.020025
48 0.034294 0.568367 0.009709 0.005319
48 0.062167 0.285200 0.015972 0.009700
48 0.287661 0.338705 0.010961 0.011577
48 0.374726 0.400344 0.010961 0.010325
48 0.391795 0.486076 0.011275 0.006571
48 0.257751 0.448686 0.014407 0.011264
48 0.072189 0.403786 0.005324 0.010325
48 0.064203 0.362171 0.008769 0.012203
48 0.352803 0.384543 0.009709 0.005006
48 0.494989 0.167553 0.017852 0.022215
48 0.340432 0.044118 0.010648 0.012516
48 0.173505 0.338861 0.016286 0.008135
48 0.174444 0.635482 0.015033 0.015645
48 0.191982 0.549906 0.006264 0.009700
48 0.288443 0.544587 0.010022 0.009074
48 0.321954 0.532854 0.009396 0.020651
48 0.100532 0.672247 0.010022 0.005319
48 0.785781 0.020807 0.006890 0.007822
48 0.985750 0.137672 0.004698 0.007509
48 0.099749 0.541927 0.007203 0.008761
48 0.011744 0.200250 0.005324 0.007509
48 0.231131 0.477628 0.018165 0.009700
48 0.245694 0.024875 0.015972 0.031602
48 0.207485 0.153786 0.020983 0.022215
48 0.332446 0.260951 0.012214 0.012516
48 0.147980 0.527222 0.005951 0.009387
48 0.888819 0.067897 0.005637 0.005632
48 0.937363 0.078536 0.007516 0.013141
48 0.688694 0.152222 0.013780 0.015957
48 0.302067 0.016896 0.011588 0.033792
48 0.701221 0.013298 0.008769 0.026596
48 0.027404 0.435232 0.021610 0.010638
48 0.202474 0.072904 0.007830 0.012516
48 0.157219 0.092146 0.015659 0.035357
48 0.047448 0.162390 0.015972 0.007509
48 0.143595 0.265801 0.008456 0.010951
48 0.198090 0.295213 0.008456 0.010325
48 0.195897 0.418492 0.011588 0.012203
48 0.402443 0.244524 0.011275 0.010951
48 0.127310 0.617178 0.010961 0.012829
48 0.092546 0.564143 0.005951 0.013767
48 0.274194 0.591990 0.004698 0.005632
48 0.058096 0.555382 0.007203 0.012516
48 0.786408 0.054600 0.012527 0.021589
48 0.611494 0.046934 0.009082 0.008761
48 0.088631 0.641427 0.013154 0.008135
48 0.390385 0.392991 0.009709 0.017522
48 0.429847 0.545839 0.010335 0.025344
5 0.312872 0.658479 0.003132 0.006571
5 0.386314 0.709794 0.001566 0.004693
5 0.389132 0.716364 0.002819 0.005319
5 0.388976 0.705882 0.004385 0.001877
5 0.376448 0.704318 0.001879 0.004380
48 0.380207 0.826189 0.022549 0.027222
5 0.367679 0.694931 0.005011 0.001877
11 0.293298 0.652691 0.016599 0.004380
11 0.296117 0.656915 0.018478 0.003442
8 0.319762 0.667553 0.002505 0.005945
8 0.313655 0.667084 0.002819 0.005006
10 0.256968 0.681164 0.002819 0.006258
10 0.244441 0.673185 0.003445 0.008448
11 0.249295 0.681477 0.004385 0.013141
10 0.336517 0.691959 0.009709 0.005319
13 0.297996 0.672716 0.007830 0.013141
10 0.239587 0.674906 0.003132 0.008761
39 0.261353 0.680069 0.004698 0.010951
11 0.100376 0.761108 0.019731 0.002816
8 0.133260 0.742021 0.005324 0.002816
39 0.034920 0.820713 0.005951 0.011264
5 0.122455 0.742647 0.001879 0.004693
10 0.115096 0.749218 0.002819 0.005945
5 0.129972 0.738736 0.005637 0.001877
5 0.117758 0.735920 0.004385 0.002503
39 0.084873 0.764393 0.010022 0.003755
8 0.100219 0.743116 0.006890 0.002503
11 0.101159 0.748592 0.018165 0.002816
39 0.101472 0.839330 0.003758 0.007822
10 0.106953 0.855131 0.003445 0.009387
8 0.095365 0.834481 0.004071 0.006258
47 0.046665 0.873592 0.014407 0.026283
11 0.259630 0.923655 0.021297 0.008135
48 0.317726 0.876877 0.029126 0.038486
11 0.321485 0.899405 0.022236 0.007196
11 0.542906 0.830413 0.005951 0.016896
11 0.556843 0.834794 0.017538 0.004380
11 0.574695 0.827284 0.018791 0.005006
13 0.556843 0.828379 0.013154 0.004068
13 0.557626 0.831352 0.015346 0.002503
8 0.562167 0.852628 0.003132 0.006258
6 0.563733 0.941646 0.006264 0.014080
6 0.559505 0.941333 0.005324 0.014706
8 0.584873 0.933198 0.006577 0.003442
5 0.579236 0.942115 0.002192 0.004380
5 0.580175 0.947434 0.001566 0.004380
5 0.587535 0.949781 0.003132 0.005319
5 0.690886 0.962453 0.004385 0.002503
8 0.746007 0.931164 0.002505 0.005006
5 0.731444 0.935232 0.002192 0.004380
5 0.772784 0.941959 0.005324 0.002190
5 0.793141 0.930225 0.005324 0.003129
8 0.800345 0.949155 0.004071 0.005945
8 0.796586 0.973091 0.002819 0.006258
5 0.794237 0.984512 0.002505 0.004693
48 0.669120 0.986233 0.024115 0.020651
5 0.907141 0.971058 0.004071 0.002190
11 0.625117 0.960419 0.018165 0.007196
5 0.585969 0.944931 0.003132 0.005632
48 0.777012 0.882979 0.031319 0.034418
48 0.751331 0.898623 0.023176 0.023154
48 0.132008 0.047872 0.012214 0.021902
48 0.139837 0.054130 0.018478 0.019399
48 0.076574 0.023623 0.031632 0.026596
48 0.377701 0.033949 0.024428 0.023467
5 0.436893 0.087140 0.005011 0.002816
5 0.630285 0.101220 0.004071 0.003442
5 0.677889 0.063048 0.005324 0.004068
5 0.657532 0.059919 0.004071 0.003442
12 0.848418 0.002660 0.003758 0.005319
5 0.942531 0.116552 0.005951 0.003442
48 0.965393 0.159105 0.023489 0.013454
48 0.961478 0.170369 0.016286 0.015332
5 0.990448 0.209011 0.002819 0.005006
5 0.986533 0.209637 0.002505 0.005632
5 0.983714 0.210889 0.002505 0.005006
5 0.979643 0.213235 0.005637 0.004068
5 0.980426 0.215582 0.004698 0.003755
5 0.992327 0.232009 0.002192 0.004693
5 0.982618 0.236702 0.005951 0.004693
5 0.987629 0.400031 0.005951 0.003442
48 0.936267 0.428817 0.020983 0.010325
48 0.943313 0.419118 0.012527 0.010951
48 0.930473 0.419431 0.010648 0.010951
5 0.879894 0.842303 0.002819 0.006258
5 0.874256 0.841208 0.004698 0.002816
5 0.882399 0.850438 0.002819 0.005006
5 0.871281 0.908479 0.005637 0.002816
5 0.900877 0.908636 0.007203 0.004380
5 0.907297 0.908323 0.006890 0.003129
48 0.905262 0.933980 0.007203 0.015019
48 0.920921 0.950250 0.013467 0.018773
48 0.938929 0.952128 0.028187 0.020025
48 0.947698 0.934606 0.011275 0.018148
50 0.849828 0.991395 0.031005 0.010951
50 0.852803 0.978411 0.033824 0.018148
50 0.854056 0.966208 0.031319 0.016270
50 0.857501 0.950250 0.026934 0.010013
50 0.816474 0.990770 0.027560 0.012829
48 0.753054 0.991395 0.016599 0.010951
5 0.651895 0.971370 0.004698 0.002816
5 0.617288 0.949312 0.003758 0.005632
50 0.540088 0.951658 0.015346 0.020338
48 0.509552 0.990613 0.010648 0.006258
48 0.507673 0.985138 0.010022 0.007822
48 0.490135 0.968242 0.015659 0.015332
48 0.414344 0.935544 0.016286 0.021902
48 0.325869 0.923029 0.018478 0.031289
50 0.267303 0.939768 0.055434 0.036608
50 0.244598 0.981070 0.021923 0.030350
48 0.131694 0.979193 0.011588 0.019086
48 0.120889 0.980444 0.011275 0.012203
5 0.102881 0.985920 0.003445 0.006884
48 0.075947 0.984981 0.016599 0.013767
48 0.088475 0.994368 0.005324 0.009387
48 0.055277 0.992178 0.007830 0.010638
48 0.046351 0.990144 0.010648 0.006571
48 0.050579 0.970119 0.010335 0.009074
48 0.021923 0.975751 0.011275 0.006571
48 0.031788 0.972778 0.010961 0.011890
48 0.020670 0.964174 0.009396 0.019086
48 0.009239 0.964487 0.007203 0.012203
48 0.017225 0.993899 0.008769 0.011577
48 0.026464 0.994211 0.013467 0.011577
48 0.024115 0.951502 0.009396 0.010638
48 0.021766 0.938673 0.012841 0.016896
48 0.029126 0.932103 0.015033 0.026283
5 0.236298 0.866865 0.005324 0.002816
48 0.254933 0.871089 0.011901 0.006258
48 0.257282 0.894712 0.038522 0.034105
48 0.341842 0.886421 0.008456 0.005632
48 0.529909 0.865613 0.016286 0.030350
48 0.372690 0.785826 0.011275 0.018461
48 0.380833 0.787234 0.010022 0.014393
48 0.369715 0.772059 0.018478 0.010325
48 0.360163 0.770181 0.006890 0.009074
48 0.364078 0.785044 0.007830 0.008761
48 0.365174 0.792084 0.007516 0.007196
48 0.385218 0.767365 0.018165 0.009700
48 0.432978 0.756571 0.010961 0.011890
48 0.422330 0.750469 0.009709 0.009074
48 0.332916 0.786765 0.026308 0.017209
48 0.338710 0.805851 0.007830 0.015957
48 0.191199 0.834794 0.015346 0.023780
48 0.200595 0.816489 0.008456 0.009074
48 0.208581 0.829787 0.009396 0.006258
48 0.212183 0.839956 0.010335 0.014706
48 0.169746 0.806008 0.013780 0.012516
48 0.181021 0.808041 0.012527 0.022841
48 0.182744 0.822278 0.012841 0.006258
5 0.121672 0.828849 0.003445 0.005006
48 0.116975 0.855601 0.007830 0.008448
10 0.111494 0.867178 0.007516 0.004693
48 0.177106 0.661452 0.007830 0.007509
48 0.163639 0.639549 0.007830 0.013141
5 0.067022 0.049593 0.002505 0.004693
5 0.033041 0.110763 0.002819 0.005006
5 0.257751 0.046308 0.004385 0.003755
48 0.460852 0.059606 0.015972 0.024093
48 0.597557 0.027847 0.020670 0.021902
48 0.583307 0.035357 0.005951 0.006258
48 0.639837 0.041771 0.013780 0.010951
48 0.643909 0.052409 0.015033 0.014080
48 0.648137 0.060544 0.010961 0.010325
48 0.637488 0.065081 0.012214 0.011264
48 0.632791 0.057572 0.010335 0.011264
48 0.663326 0.034887 0.013154 0.009700
48 0.645944 0.032071 0.017225 0.013454
48 0.667711 0.047090 0.015659 0.011577
48 0.666301 0.015488 0.010961 0.015332
48 0.668650 0.009700 0.010022 0.016270
48 0.691513 0.036295 0.010022 0.007509
48 0.693235 0.005632 0.005324 0.003129
48 0.981052 0.988423 0.034137 0.015019
48 0.915440 0.991552 0.016286 0.016896
48 0.823833 0.942584 0.010335 0.020964
48 0.852960 0.936952 0.017225 0.027847
48 0.747416 0.962766 0.037269 0.021277
48 0.779518 0.969180 0.038835 0.054756
48 0.440025 0.903004 0.009396 0.010638
48 0.450830 0.899875 0.011588 0.010013
48 0.442374 0.890645 0.019104 0.015957
48 0.476668 0.879068 0.013780 0.027222
48 0.448794 0.920682 0.018791 0.014080
48 0.413718 0.911921 0.013780 0.010951
48 0.404792 0.907228 0.022236 0.015957
48 0.575634 0.948686 0.011275 0.020025
48 0.592076 0.943367 0.012214 0.018148
48 0.611964 0.924593 0.017538 0.026909
48 0.538992 0.934136 0.021923 0.010951
48 0.525994 0.886421 0.026621 0.012516
48 0.544629 0.875626 0.016286 0.009700
48 0.503915 0.977785 0.010022 0.009387
48 0.201848 0.960263 0.009709 0.014393
48 0.161447 0.967772 0.011588 0.024406
48 0.230504 0.948686 0.015033 0.022528
48 0.222518 0.954318 0.012841 0.026283
48 0.197620 0.892522 0.018165 0.017209
48 0.241153 0.953692 0.008143 0.018773
48 0.195584 0.961984 0.009082 0.019086
48 0.188851 0.964174 0.009396 0.024718
48 0.180864 0.966521 0.009709 0.028786
48 0.163326 0.894712 0.028500 0.035982
48 0.290479 0.856383 0.017225 0.029412
48 0.283902 0.884387 0.013467 0.036608
48 0.292671 0.878129 0.009709 0.015957
48 0.296899 0.895651 0.010648 0.010325
48 0.257595 0.863267 0.010961 0.008135
48 0.273724 0.818836 0.019417 0.020651
48 0.316004 0.813204 0.012527 0.009387
48 0.200125 0.916615 0.009396 0.010951
48 0.185719 0.917710 0.020670 0.031289
48 0.918259 0.969650 0.015033 0.023154
48 0.936110 0.991708 0.010648 0.016583
48 0.882556 0.991239 0.014407 0.011264
5 0.888036 0.969024 0.004698 0.002503
48 0.486220 0.954318 0.012841 0.018773
48 0.018635 0.574937 0.006577 0.005319
48 0.137175 0.652378 0.008143 0.017522
48 0.780770 0.012203 0.013780 0.012516
48 0.821798 0.016427 0.012527 0.015332
48 0.952866 0.067272 0.031632 0.010638
5 0.958033 0.057103 0.005637 0.003442
5 0.826026 0.233104 0.002819 0.005632
10 0.827748 0.216051 0.003758 0.005945
5 0.804259 0.252660 0.005011 0.003442
5 0.824460 0.311640 0.002192 0.005632
5 0.810053 0.337140 0.004698 0.002190
5 0.809583 0.345432 0.003758 0.001877
5 0.817413 0.356539 0.002505 0.005319
5 0.806295 0.377972 0.002819 0.005006
5 0.799718 0.374061 0.003445 0.006571
5 0.802850 0.387046 0.003445 0.005632
48 0.835265 0.387359 0.004385 0.006258
5 0.814281 0.402378 0.003132 0.006258
48 0.830097 0.388611 0.007830 0.012516
48 0.910429 0.388141 0.006890 0.004068
48 0.911838 0.378755 0.005951 0.004068
48 0.936737 0.388767 0.003758 0.009700
48 0.940808 0.387516 0.005011 0.005319
48 0.953962 0.396120 0.005011 0.008135
48 0.962731 0.391270 0.006264 0.015332
48 0.979800 0.417084 0.010335 0.013767
48 0.844504 0.365300 0.010961 0.005319
48 0.843564 0.360294 0.012214 0.004693
48 0.874413 0.353098 0.005637 0.018461
48 0.833699 0.327753 0.016912 0.014706
48 0.790479 0.313830 0.010648 0.008135
48 0.802693 0.315238 0.011901 0.009074
5 0.952866 0.641740 0.004071 0.006258
48 0.946289 0.671777 0.018478 0.018773
48 0.944096 0.688830 0.014093 0.017835
5 0.752427 0.929443 0.003445 0.005319
5 0.733479 0.939612 0.004385 0.004380
5 0.736925 0.945713 0.005011 0.002816
6 0.598497 0.934762 0.003758 0.009700
48 0.477137 0.981696 0.009709 0.010951
48 0.462731 0.974499 0.015972 0.011577
48 0.436267 0.968711 0.008769 0.009387
48 0.357344 0.905038 0.023802 0.022215
48 0.344817 0.918023 0.011901 0.011890
48 0.315534 0.936952 0.005951 0.005319
5 0.341998 0.972309 0.003132 0.005319
48 0.323677 0.967459 0.007830 0.007509
48 0.316474 0.971683 0.005324 0.006571
48 0.288913 0.965269 0.006577 0.007509
48 0.301597 0.944931 0.011901 0.007509
48 0.278891 0.975595 0.013467 0.021277
48 0.079392 0.996402 0.005951 0.005319
48 0.073912 0.996871 0.005011 0.005632
48 0.060758 0.933667 0.013154 0.009387
48 0.070467 0.940238 0.011275 0.013767
48 0.081272 0.932728 0.007203 0.005006
48 0.099749 0.924124 0.006577 0.007196
13 0.108049 0.875469 0.008143 0.005006
13 0.091920 0.870620 0.004698 0.008448
47 0.060288 0.846683 0.006577 0.008135
47 0.062950 0.857635 0.009396 0.016270
47 0.065612 0.869837 0.008456 0.012516
47 0.069214 0.880945 0.006264 0.010325
5 0.088631 0.746715 0.003132 0.005319
5 0.033981 0.502972 0.005324 0.002816
5 0.053711 0.367804 0.002819 0.005319
48 0.017225 0.238110 0.006264 0.015019
48 0.077670 0.199312 0.012527 0.006258
48 0.313185 0.163955 0.005637 0.011264
48 0.407454 0.164737 0.018165 0.013454
48 0.409803 0.177409 0.010961 0.010638
5 0.504541 0.184762 0.005637 0.004693
5 0.524742 0.160044 0.004698 0.003442
5 0.532884 0.181946 0.005324 0.004068
5 0.569527 0.157228 0.004071 0.004693
5 0.567805 0.158636 0.004385 0.003755
50 0.597714 0.148936 0.022863 0.023154
48 0.669120 0.114205 0.041027 0.045056
48 0.745537 0.103098 0.010335 0.011577
48 0.779361 0.067897 0.004698 0.005632
48 0.762919 0.065238 0.021923 0.019712
10 0.842781 0.085576 0.003132 0.007196
5 0.847009 0.096058 0.003445 0.008135
5 0.855778 0.063986 0.006577 0.002816
48 0.513310 0.049280 0.014407 0.006571
48 0.509396 0.058198 0.024115 0.011890
48 0.534607 0.046151 0.016912 0.015957
48 0.507673 0.039268 0.019417 0.021589
48 0.283746 0.012359 0.007516 0.012203
48 0.288757 0.011890 0.008143 0.014393
48 0.318822 0.047716 0.006264 0.013454
12 0.580489 0.027378 0.004071 0.005945
48 0.730661 0.077284 0.013154 0.015019
48 0.990761 0.081352 0.012841 0.014393
48 0.979800 0.078692 0.010335 0.010951
48 0.416849 0.202910 0.010648 0.009700
48 0.435014 0.174750 0.010022 0.010325
48 0.441434 0.172716 0.007203 0.006884
48 0.382242 0.187265 0.020983 0.015957
48 0.058879 0.224656 0.021297 0.013767
48 0.017538 0.270494 0.028813 0.031602
5 0.036956 0.272685 0.003758 0.007822
48 0.160351 0.467929 0.011901 0.021589
48 0.087692 0.465738 0.029439 0.016583
48 0.543846 0.784418 0.031005 0.032541
48 0.293611 0.009856 0.007830 0.014080
48 0.256185 0.010795 0.011275 0.007196
48 0.048857 0.107009 0.019417 0.011890
5 0.003132 0.178661 0.005011 0.003129
5 0.015189 0.174593 0.006577 0.003129
5 0.124961 0.213548 0.003132 0.005945
5 0.119950 0.219024 0.003132 0.005006
5 0.112747 0.220901 0.003132 0.005006
5 0.109928 0.225751 0.004385 0.003442
5 0.114469 0.224343 0.005324 0.003129
5 0.126840 0.237954 0.002505 0.005319
5 0.277325 0.249687 0.004698 0.003129
5 0.309583 0.234981 0.004698 0.002503
5 0.298465 0.237641 0.005637 0.002816
48 0.293768 0.223404 0.020670 0.021902
48 0.252427 0.228567 0.023802 0.015957
48 0.197463 0.218242 0.013467 0.007822
5 0.129815 0.178504 0.003445 0.005319
48 0.098653 0.179599 0.021297 0.020025
48 0.068431 0.193367 0.010961 0.022528
48 0.008769 0.166145 0.006890 0.006884
48 0.013780 0.165989 0.005011 0.007196
48 0.391795 0.038642 0.024428 0.010325
48 0.550579 0.037703 0.021297 0.022215
48 0.190886 0.154568 0.012841 0.025657
48 0.155810 0.130632 0.010335 0.021589
48 0.677576 0.092459 0.021610 0.018461
5 0.706702 0.137359 0.005324 0.002503
5 0.406671 0.148154 0.005324 0.003442
48 0.312089 0.134074 0.003445 0.005945
48 0.318979 0.125313 0.011588 0.027847
48 0.117758 0.128911 0.021297 0.008135
48 0.140777 0.115144 0.011588 0.010638
48 0.125431 0.107635 0.020357 0.013767
48 0.048074 0.125782 0.010961 0.016896
48 0.012527 0.216990 0.011275 0.007196
48 0.041810 0.212610 0.005324 0.009700
48 0.234889 0.218554 0.008769 0.017209
48 0.241309 0.217146 0.009709 0.018148
48 0.210304 0.224969 0.012214 0.018148
48 0.354995 0.216208 0.019731 0.013767
48 0.387097 0.196183 0.015033 0.013141
5 0.383965 0.219962 0.005637 0.003755
6 0.402913 0.231852 0.006577 0.004380
5 0.515816 0.216677 0.003758 0.005319
10 0.544942 0.224343 0.008143 0.006884
10 0.549640 0.226377 0.005011 0.004693
10 0.552615 0.223561 0.005951 0.005945
10 0.534764 0.238736 0.005951 0.005006
5 0.591293 0.214487 0.003758 0.004693
5 0.580802 0.222153 0.005324 0.004380
48 0.861729 0.370932 0.005951 0.015332
48 0.863451 0.376252 0.021923 0.010951
48 0.534764 0.341521 0.012214 0.015332
48 0.524428 0.334481 0.015972 0.012516
48 0.526777 0.341834 0.008769 0.010951
48 0.554964 0.329474 0.010022 0.008135
48 0.541184 0.322904 0.016286 0.014393
48 0.539774 0.308354 0.019731 0.014706
5 0.467899 0.313204 0.003758 0.005632
48 0.405418 0.350438 0.011588 0.016896
48 0.257595 0.339956 0.010335 0.009700
48 0.180708 0.381884 0.024428 0.010325
48 0.204510 0.370620 0.020044 0.010325
48 0.072816 0.347309 0.022236 0.019399
48 0.020200 0.424750 0.036016 0.012829
48 0.088788 0.495620 0.027873 0.008135
48 0.082211 0.488267 0.010335 0.010325
48 0.182900 0.423655 0.012527 0.011264
48 0.412152 0.479819 0.016912 0.023467
48 0.440965 0.541615 0.011901 0.011264
48 0.440495 0.554287 0.012841 0.013454
48 0.419198 0.546934 0.015346 0.020651
48 0.397588 0.583698 0.011588 0.031602
48 0.406827 0.579161 0.008769 0.013141
48 0.405262 0.592616 0.012527 0.013141
48 0.417632 0.594650 0.014093 0.019086
48 0.401660 0.607165 0.009709 0.018461
48 0.389915 0.594337 0.006264 0.011577
48 0.357031 0.610920 0.006890 0.010951
48 0.350924 0.620307 0.016599 0.007822
48 0.400877 0.539894 0.011275 0.010951
48 0.437676 0.532854 0.005951 0.008761
48 0.300188 0.518148 0.010961 0.008135
48 0.103821 0.592303 0.010961 0.007509
48 0.067178 0.748123 0.018478 0.011264
48 0.220482 0.691176 0.010648 0.006258
48 0.211713 0.693210 0.006264 0.005945
5 0.216098 0.675532 0.004385 0.005632
48 0.367523 0.721840 0.018478 0.007509
48 0.338553 0.665363 0.011901 0.007822
48 0.821954 0.721840 0.015346 0.010638
48 0.895709 0.916302 0.011275 0.012829
48 0.916536 0.920526 0.007830 0.020651
48 0.811619 0.953223 0.009709 0.009700
48 0.835265 0.961201 0.013154 0.017522
48 0.681334 0.920213 0.021610 0.019399
48 0.578296 0.923811 0.022236 0.020964
48 0.559818 0.958229 0.007203 0.017209
48 0.501409 0.950094 0.023802 0.023467
48 0.272001 0.866083 0.010961 0.023154
50 0.208425 0.880319 0.022236 0.037234
48 0.215628 0.893461 0.009709 0.011577
50 0.222988 0.910357 0.022549 0.029725
50 0.108988 0.908323 0.028187 0.033792
50 0.135453 0.902378 0.032258 0.038798
50 0.137175 0.932572 0.031945 0.039111
50 0.114626 0.936640 0.027560 0.034105
48 0.170060 0.992804 0.010648 0.013767
48 0.226746 0.983104 0.027560 0.031915
48 0.821485 0.966990 0.017538 0.011577
48 0.937363 0.976846 0.010648 0.013767
48 0.887880 0.922716 0.011275 0.010013
48 0.509709 0.829318 0.022863 0.039111
48 0.402286 0.822747 0.018478 0.018461
50 0.419511 0.819931 0.015346 0.017835
48 0.166145 0.846370 0.028500 0.035044
48 0.147823 0.852003 0.030066 0.035044
48 0.451456 0.973874 0.018478 0.037234
48 0.696524 0.989362 0.011901 0.011890
5 0.693548 0.974656 0.004071 0.005632
48 0.821171 0.984668 0.015033 0.009387
5 0.842155 0.002816 0.003132 0.005006
48 0.068431 0.002034 0.009709 0.004068
48 0.046508 0.002972 0.013467 0.005945
48 0.158002 0.003911 0.017852 0.007822
48 0.165675 0.325720 0.028813 0.017522
48 0.172878 0.305851 0.011901 0.007822
48 0.011744 0.041615 0.017852 0.019399
48 0.026151 0.049437 0.022236 0.028786
48 0.047761 0.181477 0.020357 0.012516
48 0.084873 0.742960 0.009396 0.007196
48 0.102255 0.821026 0.017852 0.012516
48 0.090824 0.824468 0.009396 0.010638
48 0.084403 0.825094 0.009709 0.008761
48 0.079392 0.834637 0.009082 0.017835
48 0.126527 0.829474 0.006890 0.011890
48 0.129502 0.843085 0.012841 0.019086
48 0.134200 0.856696 0.010961 0.010638
48 0.118541 0.819618 0.019104 0.020964
48 0.156906 0.803504 0.010648 0.008761
48 0.147510 0.808198 0.009396 0.011264
48 0.171469 0.820557 0.014093 0.017835
48 0.084560 0.870776 0.008143 0.020025
48 0.179612 0.839643 0.018478 0.024718
48 0.146414 0.826345 0.005951 0.008135
48 0.104447 0.374687 0.009709 0.012203
48 0.114626 0.371715 0.014407 0.010013
48 0.124491 0.369055 0.011588 0.009700
48 0.119324 0.377034 0.025681 0.010638
48 0.143126 0.371871 0.025055 0.009700
48 0.152051 0.418805 0.025994 0.015957
48 0.152051 0.430538 0.020983 0.008761
48 0.108205 0.485607 0.012214 0.015645
48 0.091137 0.536765 0.009396 0.008448
48 0.133573 0.555069 0.013467 0.028786
48 0.135139 0.624218 0.004698 0.002503
48 0.119167 0.649249 0.010335 0.009387
5 0.131538 0.745932 0.003758 0.005632
5 0.126057 0.750782 0.003445 0.005319
5 0.123082 0.747497 0.003758 0.005632
5 0.120576 0.748436 0.003758 0.006884
5 0.117914 0.754068 0.004698 0.005632
5 0.123552 0.734825 0.002819 0.007196
48 0.370498 0.765801 0.015033 0.010325
48 0.384435 0.760325 0.016599 0.011264
48 0.380833 0.752816 0.014407 0.011890
48 0.369558 0.757353 0.010022 0.009074
48 0.390698 0.738892 0.010961 0.014706
48 0.367836 0.751721 0.010961 0.009074
48 0.363608 0.742804 0.007516 0.006258
48 0.379111 0.738423 0.014093 0.010013
5 0.119637 0.742960 0.001879 0.003442
11 0.540714 0.818210 0.005951 0.010013
5 0.573599 0.966834 0.001566 0.002503
5 0.125744 0.744524 0.002192 0.003442
6 0.372220 0.249531 0.002819 0.004693
5 0.422017 0.228098 0.004698 0.002503
5 0.288913 0.275970 0.002819 0.005006
5 0.535546 0.274718 0.004385 0.005006
5 0.329314 0.250000 0.004698 0.003129
5 0.088318 0.303348 0.004385 0.003442
5 0.031162 0.285200 0.002819 0.005319
5 0.381929 0.691176 0.004698 0.003129
5 0.381773 0.686796 0.006264 0.003129
48 0.284215 0.472935 0.009082 0.009700
48 0.475415 0.962140 0.019417 0.015645
48 0.351707 0.067115 0.018791 0.012203
48 0.121829 0.448686 0.012527 0.014393
48 0.080958 0.446026 0.017225 0.014080
48 0.172722 0.472466 0.014093 0.010013
48 0.100689 0.253755 0.024115 0.012516
48 0.453179 0.132353 0.008769 0.008761
48 0.539618 0.136733 0.027560 0.028786
48 0.611181 0.063517 0.008456 0.010638
48 0.434544 0.931008 0.017852 0.014080
48 0.194175 0.462297 0.012527 0.015957
48 0.217194 0.023467 0.012841 0.016270
48 0.495459 0.132822 0.010648 0.014080
48 0.530692 0.112797 0.022863 0.018461
48 0.919981 0.025344 0.099280 0.045682
48 0.220795 0.623748 0.008143 0.011577
48 0.507830 0.967929 0.020357 0.017835
48 0.955058 0.102003 0.049170 0.028160
48 0.283746 0.209793 0.011901 0.015957
48 0.621203 0.041771 0.017852 0.013454
48 0.030536 0.630945 0.010961 0.014080
48 0.341059 0.125156 0.010648 0.018773
48 0.263075 0.054130 0.010022 0.008761
48 0.515189 0.122653 0.015659 0.017522
48 0.749452 0.052409 0.016286 0.020964
48 0.253680 0.572434 0.014407 0.014080
48 0.215941 0.598404 0.028500 0.011577
48 0.206702 0.575720 0.007516 0.011890
48 0.223301 0.829944 0.025055 0.034731
48 0.124961 0.141583 0.019417 0.014706
5 0.542593 0.173967 0.006577 0.005006
48 0.050110 0.377972 0.014407 0.010013
48 0.295490 0.426314 0.034137 0.017209
48 0.342624 0.262203 0.011901 0.020025
48 0.436267 0.194305 0.017538 0.019399
48 0.258847 0.089330 0.024742 0.014080
48 0.335421 0.292553 0.018165 0.024406
48 0.569997 0.003911 0.020670 0.007822
48 0.316004 0.844337 0.016286 0.025970
48 0.424209 0.905663 0.022236 0.012829
48 0.154087 0.983104 0.021297 0.013767
48 0.095052 0.451033 0.012841 0.014080
48 0.087065 0.272685 0.016286 0.014080
48 0.681804 0.021433 0.012527 0.009700
48 0.102881 0.018617 0.015972 0.013454
48 0.066082 0.424750 0.013780 0.011577
48 0.091607 0.475125 0.018478 0.014706
48 0.197776 0.330726 0.016599 0.017522
48 0.281867 0.408792 0.016912 0.022215
48 0.361572 0.116239 0.009082 0.017209
48 0.261979 0.141740 0.017225 0.034418
48 0.017069 0.252972 0.009082 0.008448
48 0.208111 0.912860 0.015972 0.030350
48 0.072033 0.178191 0.015659 0.020338
5 0.526934 0.221370 0.007203 0.004068
8 0.703883 0.099030 0.004698 0.007822
48 0.143752 0.351220 0.010648 0.006571
48 0.275133 0.446496 0.027247 0.014393
48 0.428750 0.312422 0.010022 0.022215
48 0.319762 0.476533 0.006264 0.011264
48 0.301441 0.464487 0.007830 0.009074
48 0.800501 0.009856 0.023802 0.015957
48 0.449577 0.108417 0.009082 0.012203
10 0.097870 0.951815 0.011588 0.017522
48 0.423426 0.246089 0.021297 0.023467
48 0.213436 0.005632 0.011588 0.011264
48 0.259630 0.816959 0.025055 0.030038
48 0.459756 0.095745 0.017538 0.010638
48 0.471030 0.063048 0.010022 0.014706
48 0.630911 0.074937 0.010335 0.010951
48 0.244598 0.451033 0.014407 0.014706
48 0.400251 0.458073 0.018165 0.013767
48 0.357344 0.290207 0.008769 0.010951
48 0.404322 0.141896 0.021297 0.014706
48 0.225180 0.234668 0.013154 0.011890
48 0.250548 0.078692 0.008769 0.010325
48 0.808018 0.029725 0.023802 0.021277
48 0.092233 0.419118 0.016599 0.014706
48 0.161604 0.483260 0.010648 0.015332
48 0.366740 0.281289 0.013780 0.013141
48 0.426088 0.170369 0.011588 0.015957
48 0.311463 0.059919 0.015972 0.012203
48 0.275916 0.473091 0.006264 0.016270
48 0.211713 0.483260 0.010648 0.008448
48 0.312559 0.192584 0.009396 0.008448
48 0.155966 0.594806 0.015033 0.015645
48 0.286408 0.180538 0.017225 0.013141
48 0.272784 0.293335 0.020670 0.015332
48 0.340432 0.194618 0.016912 0.023780
48 0.424209 0.276752 0.012841 0.024093
48 0.467272 0.265488 0.009396 0.011577
48 0.511118 0.299437 0.023802 0.020025
48 0.577670 0.109512 0.011588 0.010638
48 0.551206 0.895964 0.016912 0.015957
48 0.336831 0.154725 0.015346 0.010325
48 0.118541 0.160670 0.010961 0.010325
48 0.392577 0.046777 0.023489 0.009074
48 0.403696 0.101533 0.046978 0.027847
48 0.463984 0.107322 0.014720 0.010013
48 0.056687 0.443054 0.008769 0.013767
48 0.054494 0.345745 0.006890 0.008135
48 0.217664 0.423811 0.013154 0.029099
48 0.357971 0.335419 0.015033 0.011264
48 0.323207 0.372653 0.008769 0.011264
48 0.396806 0.288799 0.012527 0.010638
48 0.149233 0.480601 0.011588 0.013767
48 0.544316 0.108730 0.010022 0.010325
48 0.755872 0.095275 0.009709 0.012829
48 0.129815 0.213235 0.009082 0.012829
5 0.664735 0.132353 0.004698 0.005006
5 0.691982 0.043648 0.006577 0.004693
5 0.677733 0.140645 0.006264 0.002190
48 0.042437 0.652378 0.014720 0.008761
48 0.308800 0.301783 0.021297 0.010325
48 0.291732 0.133135 0.021610 0.030976
48 0.215002 0.071183 0.007830 0.014706
48 0.062011 0.261577 0.014407 0.008761
48 0.275759 0.629850 0.016599 0.012516
48 0.071406 0.118116 0.010648 0.014706
5 0.504541 0.194931 0.005637 0.005632
5 0.568744 0.273310 0.003758 0.005319
48 0.450987 0.263611 0.020044 0.012829
48 0.292202 0.479036 0.005637 0.010638
48 0.619323 0.081508 0.011588 0.013454
48 0.341685 0.868899 0.016286 0.025031
48 0.560445 0.869994 0.014093 0.012203
48 0.071563 0.212766 0.010961 0.017522
48 0.336674 0.006727 0.017538 0.013454
48 0.048700 0.359981 0.019731 0.009074
48 0.380676 0.156758 0.010961 0.010013
48 0.074381 0.225751 0.010961 0.009074
48 0.904792 0.108886 0.044472 0.021902
48 0.595835 0.061327 0.020983 0.015645
48 0.075164 0.361076 0.013154 0.008135
48 0.226433 0.374687 0.016286 0.014080
48 0.443157 0.339643 0.012527 0.024093
48 0.378014 0.211514 0.013154 0.010638
48 0.007986 0.253755 0.009709 0.010013
48 0.400564 0.893617 0.018791 0.013767
48 0.255716 0.956508 0.021610 0.014393
48 0.051989 0.204944 0.027560 0.010638
48 0.510335 0.096058 0.019104 0.021902
11 0.266051 0.658323 0.025368 0.007509
5 0.595365 0.164737 0.004385 0.004693
48 0.391951 0.309293 0.012841 0.010951
48 0.380050 0.261108 0.008456 0.007196
48 0.048231 0.244368 0.006890 0.010638
48 0.694018 0.122028 0.013154 0.015019
48 0.395709 0.853567 0.011588 0.014393
48 0.183370 0.988892 0.025368 0.015957
48 0.210460 0.244368 0.022549 0.022528
48 0.595365 0.097153 0.021923 0.012829
48 0.262606 0.409887 0.017225 0.013767
48 0.416066 0.313048 0.010961 0.024718
48 0.376762 0.277691 0.008769 0.010951
48 0.251488 0.185075 0.012527 0.014080
48 0.181021 0.396433 0.014407 0.013141
48 0.147823 0.239362 0.018165 0.023780
48 0.173191 0.006571 0.013780 0.010638
48 0.037112 0.133761 0.007830 0.006571
48 0.546038 0.064612 0.010961 0.014706
48 0.305512 0.173498 0.016599 0.010951
48 0.353116 0.036765 0.011588 0.014080
5 0.492014 0.185075 0.005637 0.004693
48 0.065769 0.322747 0.007516 0.007196
48 0.188537 0.301001 0.017538 0.017522
48 0.280927 0.370620 0.010022 0.024718
48 0.322267 0.355601 0.015659 0.010951
48 0.439712 0.232635 0.007516 0.006571
48 0.310836 0.126564 0.007830 0.013454
48 0.515972 0.147215 0.016599 0.018461
48 0.642812 0.119055 0.022236 0.023467
48 0.160977 0.166927 0.010022 0.015957
48 0.317413 0.084168 0.014093 0.030038
5 0.350767 0.244994 0.010022 0.005006
48 0.299875 0.401439 0.016599 0.018148
48 0.330097 0.124687 0.010648 0.015332
48 0.105230 0.212140 0.020044 0.008761
48 0.561697 0.019556 0.025994 0.019712
48 0.885844 0.090269 0.020983 0.036608
48 0.564673 0.808198 0.023802 0.025657
48 0.269183 0.979036 0.009082 0.018148
48 0.142969 0.204005 0.010961 0.008135
48 0.593642 0.075876 0.007830 0.009700
10 0.844034 0.035513 0.010648 0.015957
48 0.294707 0.366552 0.019417 0.026596
48 0.424679 0.201345 0.007516 0.008448
48 0.170842 0.609355 0.010961 0.007822
48 0.604760 0.936796 0.013780 0.022528
48 0.405105 0.746245 0.017852 0.032541
48 0.324460 0.147685 0.006890 0.009387
5 0.518321 0.290676 0.006890 0.005632
48 0.105700 0.318680 0.006577 0.005319
48 0.204040 0.357478 0.019104 0.024093
48 0.385218 0.264862 0.005637 0.007196
48 0.398215 0.257979 0.016599 0.022841
48 0.553711 0.097778 0.016286 0.016583
48 0.755872 0.032384 0.013467 0.010325
48 0.479643 0.909887 0.016599 0.028160
48 0.353743 0.837297 0.016599 0.029412
48 0.173035 0.928817 0.015346 0.015957
48 0.947855 0.139237 0.026621 0.021277
48 0.619950 0.055382 0.006577 0.006884
11 0.103664 0.752190 0.019417 0.004380
5 0.363451 0.242021 0.007203 0.004693
48 0.576261 0.097153 0.012527 0.011577
48 0.790166 0.043805 0.013154 0.011890
48 0.267303 0.610138 0.009082 0.016270
48 0.209991 0.981852 0.008456 0.012516
48 0.179298 0.880632 0.012841 0.021589
48 0.258691 0.167397 0.015033 0.014393
48 0.073755 0.255476 0.010335 0.021589
48 0.086126 0.146277 0.008143 0.014706
48 0.031162 0.556477 0.007830 0.019086
48 0.109145 0.473717 0.012214 0.015019
48 0.367523 0.158479 0.011588 0.010951
48 0.574851 0.081665 0.010335 0.016896
48 0.523802 0.073842 0.009709 0.010638
10 0.114313 0.292397 0.008143 0.004068
48 0.143126 0.343554 0.015033 0.010013
48 0.378797 0.341834 0.015346 0.012203
48 0.365174 0.253911 0.010648 0.011577
48 0.209677 0.955257 0.012214 0.015019
48 0.007830 0.187109 0.013780 0.010638
48 0.377075 0.142678 0.012527 0.010013
5 0.670999 0.071496 0.006577 0.005945
5 0.572972 0.313204 0.005951 0.005006
48 0.332133 0.326345 0.012841 0.016270
48 0.319449 0.220588 0.023802 0.017522
48 0.373003 0.199781 0.013154 0.011577
48 0.172095 0.109825 0.029126 0.016270
48 0.390698 0.205726 0.010961 0.014706
5 0.041184 0.305695 0.005324 0.003755
5 0.549013 0.166458 0.005637 0.005006
5 0.590354 0.142209 0.006890 0.004693
5 0.708738 0.115926 0.006264 0.006571
48 0.475415 0.159105 0.021923 0.025344
48 0.716254 0.094650 0.039461 0.045995
48 0.174131 0.159262 0.008769 0.011264
48 0.564516 0.118116 0.011588 0.014706
48 0.535703 0.021902 0.027247 0.013767
48 0.065612 0.440707 0.009082 0.021589
48 0.477920 0.132197 0.010648 0.009700
48 0.334482 0.834794 0.008769 0.014393
48 0.147197 0.096527 0.016912 0.033479
48 0.352960 0.009230 0.020044 0.018461
48 0.811306 0.004380 0.017225 0.008761
48 0.081115 0.402847 0.015033 0.010325
48 0.214062 0.316489 0.024115 0.019086
48 0.404322 0.391114 0.016912 0.014393
48 0.319919 0.167084 0.008456 0.011264
48 0.680864 0.007040 0.013780 0.014080
48 0.752427 0.079318 0.012841 0.020338
48 0.242092 0.619837 0.012527 0.015019
48 0.174131 0.203379 0.019417 0.015019
48 0.228938 0.186014 0.010648 0.017209
48 0.165049 0.232635 0.013780 0.020964
5 0.156906 0.286139 0.006890 0.003442
48 0.090824 0.409574 0.015659 0.008761
48 0.129189 0.316333 0.014720 0.011890
48 0.191199 0.391114 0.008456 0.006884
48 0.724241 0.068054 0.012214 0.012829
48 0.125900 0.991708 0.025681 0.016583
48 0.194801 0.182103 0.015033 0.008761
48 0.169746 0.188986 0.011901 0.012516
48 0.195114 0.104819 0.020670 0.015019
48 0.439712 0.375939 0.019417 0.025344
48 0.059818 0.273623 0.026934 0.012203
11 0.255872 0.662234 0.022549 0.007196
