56 0.953999 0.097405 0.092001 0.194811
31 0.815654 0.140651 0.118778 0.281301
35 0.816341 0.039951 0.118091 0.065074
37 0.910573 0.029036 0.063508 0.058072
57 0.993821 0.518946 0.012358 0.007414
57 0.993478 0.512562 0.013045 0.005354
57 0.992791 0.457578 0.012358 0.005766
57 0.995709 0.450577 0.008582 0.007414
57 0.986268 0.453254 0.014418 0.007002
57 0.989701 0.447694 0.014418 0.006590
57 0.990045 0.439044 0.011672 0.008237
56 0.978201 0.366145 0.043598 0.087315
57 0.900446 0.036244 0.015105 0.005766
57 0.902334 0.043040 0.012702 0.005354
57 0.906625 0.062809 0.011672 0.004530
57 0.907999 0.067339 0.011672 0.005354
57 0.909715 0.075577 0.015105 0.007002
57 0.920185 0.069193 0.012015 0.004119
57 0.920014 0.064662 0.012358 0.004942
57 0.918812 0.058690 0.010642 0.004530
57 0.921559 0.132825 0.014075 0.006178
57 0.923447 0.141474 0.013732 0.004530
57 0.924305 0.146623 0.013388 0.005766
57 0.927738 0.160832 0.012015 0.005354
57 0.938208 0.163509 0.006866 0.003295
57 0.944044 0.162685 0.006866 0.003295
57 0.930312 0.169275 0.013045 0.004942
57 0.931171 0.174012 0.013388 0.004530
57 0.943357 0.171334 0.010985 0.004119
57 0.940096 0.174012 0.007209 0.003707
57 0.943529 0.175865 0.013388 0.005766
57 0.977686 0.461491 0.008239 0.007002
57 0.983522 0.460049 0.006179 0.004942
57 0.978201 0.450371 0.011329 0.007002
57 0.977343 0.441310 0.013045 0.007002
57 0.977858 0.445840 0.014075 0.005354
57 0.887401 0.315692 0.005493 0.007002
57 0.885857 0.307043 0.007209 0.013591
9 0.893580 0.314662 0.005493 0.009061
57 0.935805 0.297982 0.006179 0.014415
57 0.939066 0.312809 0.005149 0.013591
57 0.925163 0.249382 0.003433 0.007002
57 0.926365 0.255766 0.005149 0.008237
2 0.048232 0.915156 0.035359 0.041186
48 0.048747 0.603789 0.010299 0.010708
35 0.857020 0.227965 0.114315 0.049012
35 0.843460 0.166186 0.116718 0.046540
35 0.828871 0.105025 0.116375 0.062603
37 0.915036 0.100288 0.055956 0.053954
37 0.930827 0.131796 0.062822 0.061779
24 0.523344 0.721993 0.003776 0.007414
24 0.460007 0.607908 0.004806 0.009061
