48 0.979180 0.584794 0.041641 0.047559
53 0.962586 0.370932 0.074828 0.096683
48 0.994364 0.528942 0.011271 0.041615
48 0.992799 0.608730 0.014402 0.035357
9 0.959142 0.565394 0.005322 0.005006
5 0.967596 0.565707 0.003444 0.004380
5 0.963995 0.567584 0.003131 0.003755
5 0.950689 0.555069 0.004070 0.005632
5 0.951628 0.539894 0.004070 0.005945
5 0.953820 0.556320 0.004070 0.004380
5 0.958359 0.558980 0.003131 0.004068
5 0.963995 0.563517 0.003757 0.004380
9 0.964152 0.577597 0.011584 0.015645
48 0.971039 0.551314 0.041641 0.035670
5 0.891046 0.568836 0.004383 0.003755
5 0.897307 0.561796 0.005009 0.004068
5 0.895585 0.565551 0.004070 0.004693
5 0.899029 0.559293 0.003444 0.003442
5 0.901378 0.557572 0.003757 0.003129
5 0.849562 0.545526 0.005322 0.004068
5 0.856606 0.536921 0.005009 0.003755
5 0.862085 0.529881 0.004070 0.004068
5 0.852066 0.542084 0.003444 0.004068
5 0.832968 0.548655 0.004070 0.005319
5 0.834377 0.551784 0.003757 0.004693
48 0.873826 0.552879 0.056982 0.052566
5 0.897934 0.625313 0.005009 0.004693
5 0.900282 0.626877 0.004696 0.004068
9 0.909048 0.634700 0.004070 0.005945
9 0.911709 0.635482 0.004383 0.006258
9 0.911866 0.597309 0.004696 0.005006
9 0.910457 0.595432 0.003757 0.004380
9 0.908892 0.594337 0.004383 0.005319
5 0.528804 0.948999 0.003757 0.004380
5 0.532561 0.952597 0.003131 0.004068
9 0.509080 0.991239 0.006888 0.006884
10 0.431590 0.954318 0.008453 0.008761
5 0.474170 0.922247 0.003444 0.004068
5 0.470726 0.921464 0.004070 0.005006
48 0.477614 0.883761 0.066061 0.066020
48 0.078585 0.693680 0.024421 0.027534
48 0.044458 0.675845 0.028178 0.019399
48 0.026456 0.633761 0.029117 0.031602
48 0.061678 0.646902 0.015028 0.031602
48 0.015498 0.684606 0.025986 0.028160
48 0.014559 0.655507 0.016594 0.013767
48 0.011115 0.641740 0.015967 0.023780
48 0.058704 0.609512 0.030996 0.017522
42 0.519881 0.978098 0.005322 0.007509
48 0.078898 0.620463 0.013776 0.011890
48 0.075767 0.632979 0.011271 0.008135
48 0.072636 0.645181 0.006888 0.011890
5 0.093300 0.624061 0.003131 0.004693
48 0.083281 0.594962 0.022542 0.036608
48 0.065435 0.593711 0.013776 0.019712
48 0.052129 0.596214 0.025986 0.014706
48 0.048215 0.588235 0.024421 0.016896
48 0.046493 0.579318 0.023482 0.017835
48 0.011584 0.586045 0.019411 0.018773
48 0.007201 0.565707 0.014402 0.020025
48 0.020820 0.599030 0.018472 0.022841
48 0.060895 0.556008 0.026612 0.015019
48 0.035222 0.542240 0.027239 0.021902
48 0.082812 0.429287 0.043519 0.037547
48 0.109111 0.439456 0.017846 0.014706
48 0.140576 0.433041 0.011271 0.010638
48 0.145116 0.423185 0.012210 0.013454
48 0.184878 0.449468 0.022855 0.022215
48 0.193957 0.426314 0.019724 0.020338
48 0.153726 0.405976 0.021916 0.023467
55 0.195366 0.509387 0.006888 0.006884
48 0.259080 0.488110 0.015341 0.016896
5 0.142924 0.520338 0.004070 0.003755
9 0.168128 0.505476 0.010645 0.007196
5 0.144177 0.510795 0.002192 0.004068
48 0.205385 0.522841 0.022542 0.018148
48 0.270507 0.505945 0.023795 0.024406
48 0.284596 0.505945 0.011271 0.013141
48 0.253757 0.482009 0.015967 0.015957
5 0.053538 0.470275 0.002505 0.003755
5 0.029117 0.555382 0.003757 0.002503
48 0.545085 0.733886 0.026299 0.029099
48 0.568879 0.735294 0.028178 0.031289
48 0.582029 0.747184 0.025673 0.029412
48 0.532091 0.782228 0.056043 0.048185
5 0.369599 0.801158 0.004696 0.003442
5 0.367877 0.803191 0.004383 0.003129
5 0.365842 0.806633 0.004696 0.003755
5 0.363338 0.810388 0.004070 0.003129
48 0.382905 0.827441 0.041954 0.042866
48 0.467595 0.843085 0.062304 0.052879
48 0.450532 0.859512 0.023795 0.020651
9 0.457420 0.790519 0.011271 0.009700
9 0.459142 0.786295 0.006575 0.006258
9 0.463212 0.784262 0.004696 0.004693
9 0.464934 0.778160 0.010019 0.009387
48 0.813400 0.805225 0.084533 0.092303
9 0.536475 0.916771 0.009080 0.010638
9 0.541327 0.921621 0.011271 0.013454
9 0.532091 0.915676 0.007827 0.008448
9 0.544145 0.924280 0.010019 0.011890
9 0.556669 0.933980 0.009393 0.011890
9 0.560739 0.936014 0.008766 0.010325
9 0.562617 0.938204 0.010019 0.011577
9 0.565435 0.940238 0.009393 0.010638
13 0.666875 0.464174 0.011271 0.008448
13 0.669693 0.474969 0.009393 0.009387
13 0.670163 0.477941 0.011584 0.009700
9 0.295085 0.938048 0.008453 0.014393
9 0.309800 0.944775 0.005949 0.009074
9 0.314496 0.950876 0.005949 0.010013
13 0.327959 0.936327 0.010958 0.009700
13 0.327019 0.938986 0.012210 0.009387
9 0.304321 0.921777 0.011271 0.013141
9 0.358015 0.986859 0.012210 0.013141
9 0.345648 0.975125 0.011897 0.015332
9 0.330150 0.964643 0.011584 0.014393
9 0.301503 0.983104 0.005009 0.007509
9 0.305103 0.984512 0.004696 0.005945
9 0.305729 0.976533 0.006575 0.008135
9 0.299155 0.980444 0.005322 0.007196
9 0.296963 0.978098 0.004696 0.006884
9 0.309956 0.981696 0.005009 0.005319
9 0.306825 0.987484 0.004383 0.006258
9 0.299624 0.970588 0.005009 0.006884
9 0.296807 0.967616 0.005009 0.006571
9 0.314496 0.988736 0.007827 0.007509
9 0.349249 0.977159 0.009706 0.013767
9 0.340482 0.943367 0.006575 0.006884
9 0.341421 0.946026 0.006575 0.007196
9 0.337664 0.941176 0.005949 0.007509
48 0.426581 0.932885 0.042267 0.045995
9 0.430651 0.772997 0.008453 0.007196
48 0.448497 0.766114 0.033500 0.035982
48 0.493895 0.753911 0.046024 0.042866
48 0.595805 0.704787 0.073262 0.068523
48 0.655135 0.587922 0.052912 0.040050
5 0.690983 0.589800 0.003757 0.003129
5 0.692549 0.587922 0.005009 0.004380
5 0.697714 0.581508 0.004696 0.004068
9 0.692862 0.547090 0.014402 0.011577
48 0.637132 0.515801 0.018785 0.024718
48 0.839543 0.713548 0.022855 0.024718
48 0.846118 0.633917 0.029117 0.029412
48 0.146055 0.005006 0.015967 0.010013
48 0.146994 0.002034 0.030996 0.004068
48 0.495617 0.051940 0.016907 0.018148
48 0.337821 0.912390 0.040701 0.035044
48 0.530213 0.188517 0.024734 0.024093
48 0.547120 0.240926 0.010332 0.014393
48 0.607389 0.306633 0.009393 0.011264
39 0.154665 0.494837 0.005009 0.007822
9 0.832185 0.406133 0.004383 0.004380
48 0.866155 0.614987 0.025986 0.019086
48 0.558078 0.217459 0.017220 0.020651
48 0.627896 0.050532 0.012210 0.010951
48 0.592361 0.507040 0.015654 0.020338
48 0.856763 0.372810 0.025986 0.022215
5 0.946462 0.314456 0.005009 0.005006
48 0.818410 0.362171 0.012523 0.011577
48 0.880088 0.336671 0.018785 0.013767
48 0.863807 0.334324 0.020664 0.027222
48 0.843300 0.335419 0.013463 0.013141
48 0.854415 0.324155 0.023795 0.023154
48 0.556512 0.235763 0.015341 0.015957
48 0.479023 0.825407 0.034440 0.030663
48 0.940357 0.227315 0.017846 0.017835
48 0.828115 0.352628 0.008140 0.007509
5 0.873982 0.368273 0.004070 0.003129
5 0.875078 0.365457 0.004383 0.003129
48 0.870225 0.355914 0.012837 0.012203
48 0.020351 0.508292 0.029430 0.020338
48 0.767533 0.049437 0.019098 0.018773
48 0.573575 0.094493 0.014402 0.013141
48 0.492642 0.408949 0.009706 0.008135
51 0.659361 0.827284 0.038823 0.034418
48 0.608798 0.845588 0.032874 0.027222
48 0.086882 0.027378 0.030369 0.019086
48 0.087821 0.015801 0.024734 0.015957
48 0.110207 0.012203 0.027552 0.024406
48 0.095961 0.042553 0.024734 0.018773
48 0.087821 0.006884 0.022855 0.013767
48 0.184565 0.026752 0.024108 0.012203
48 0.531935 0.015957 0.022542 0.023154
48 0.485911 0.078223 0.021290 0.022528
48 0.477145 0.073842 0.021290 0.023154
48 0.627113 0.031289 0.021916 0.012516
48 0.626957 0.039737 0.019098 0.005632
48 0.551190 0.031602 0.012210 0.010638
48 0.663275 0.032854 0.017220 0.013141
48 0.722605 0.035826 0.016281 0.013454
48 0.718378 0.003911 0.017220 0.007822
48 0.719631 0.015801 0.019098 0.017835
48 0.603162 0.182103 0.012837 0.011264
5 0.044928 0.447434 0.003444 0.005632
48 0.565748 0.021589 0.020664 0.028160
48 0.550564 0.078536 0.020351 0.019399
48 0.548528 0.100438 0.019411 0.018773
48 0.477301 0.148154 0.024108 0.020338
48 0.476205 0.124218 0.018785 0.017522
48 0.565279 0.143930 0.014715 0.015019
48 0.561208 0.123436 0.020351 0.019086
48 0.638854 0.207290 0.027239 0.024093
48 0.661553 0.160044 0.016281 0.015957
48 0.619130 0.533949 0.018472 0.020964
48 0.450532 0.518773 0.017533 0.016896
51 0.400908 0.919118 0.049155 0.061640
48 0.542267 0.006101 0.016281 0.012203
48 0.616155 0.063517 0.018785 0.016270
48 0.537101 0.709950 0.024734 0.026909
48 0.342674 0.878129 0.030369 0.033479
48 0.698184 0.193523 0.014402 0.015957
48 0.641672 0.086045 0.015967 0.013141
48 0.715717 0.108260 0.020664 0.018773
48 0.763619 0.024875 0.033813 0.039111
39 0.068879 0.560701 0.007514 0.005006
5 0.149656 0.540676 0.003131 0.005006
5 0.096431 0.605131 0.003131 0.003129
10 0.916562 0.601690 0.004070 0.004380
48 0.880088 0.317741 0.060739 0.055382
5 0.936130 0.324468 0.003757 0.003129
5 0.939418 0.319462 0.003444 0.003755
5 0.833438 0.468711 0.002505 0.004380
5 0.831872 0.473561 0.003131 0.004693
5 0.844709 0.489049 0.004383 0.005006
5 0.855041 0.513141 0.003131 0.003129
5 0.879931 0.512046 0.004696 0.004693
5 0.877426 0.516740 0.005322 0.004693
5 0.859894 0.532697 0.004696 0.004068
5 0.799468 0.633292 0.004070 0.003755
48 0.782404 0.637203 0.040701 0.041615
48 0.835003 0.863579 0.019411 0.016896
9 0.569036 0.868116 0.006575 0.006571
9 0.566688 0.871089 0.006888 0.006258
9 0.564653 0.873905 0.007201 0.006258
9 0.564809 0.877503 0.010645 0.009074
9 0.578115 0.875782 0.007827 0.009387
48 0.617408 0.051783 0.023795 0.017209
48 0.604884 0.167710 0.013150 0.010638
46 0.804164 0.412078 0.004696 0.004380
9 0.583438 0.878129 0.007201 0.007822
9 0.592361 0.890332 0.011271 0.014080
9 0.599562 0.892522 0.007514 0.009700
9 0.567627 0.942428 0.008766 0.010013
9 0.537884 0.895494 0.011271 0.013767
48 0.551190 0.204944 0.017846 0.020025
9 0.527082 0.909574 0.008453 0.010013
48 0.585160 0.946652 0.015028 0.014080
48 0.622887 0.894243 0.017846 0.017522
48 0.596744 0.869837 0.061365 0.054443
48 0.433626 0.888454 0.041327 0.035357
48 0.385097 0.522685 0.017533 0.013454
48 0.615216 0.937735 0.043832 0.046308
48 0.707107 0.484668 0.036631 0.023780
11 0.003131 0.501252 0.006262 0.010638
48 0.859267 0.752190 0.042267 0.041302
48 0.446462 0.537547 0.008766 0.008135
48 0.458203 0.552722 0.020977 0.023467
48 0.476988 0.545369 0.014715 0.015645
48 0.465717 0.520807 0.012837 0.012829
48 0.577332 0.519086 0.025673 0.015645
48 0.674703 0.497810 0.025673 0.025657
48 0.667815 0.416458 0.011897 0.018148
5 0.614277 0.284418 0.004383 0.003755
48 0.663745 0.132040 0.014402 0.015019
5 0.670632 0.269086 0.004383 0.004380
5 0.509706 0.314768 0.003757 0.003755
48 0.586882 0.241239 0.027239 0.029412
48 0.566844 0.241083 0.024108 0.029099
5 0.574515 0.205413 0.003757 0.004068
48 0.466813 0.232791 0.017533 0.015645
48 0.459768 0.238579 0.015341 0.012203
48 0.547120 0.278473 0.017220 0.015645
48 0.526926 0.272841 0.023168 0.021277
48 0.672668 0.065238 0.017846 0.025344
45 0.539292 0.993899 0.008453 0.008448
48 0.302286 0.467929 0.025986 0.020964
48 0.218378 0.540363 0.013463 0.011264
48 0.583751 0.102159 0.018472 0.021589
48 0.537101 0.311327 0.028491 0.026909
48 0.649186 0.097153 0.017220 0.013454
48 0.519568 0.219024 0.015341 0.016896
48 0.539919 0.218085 0.015967 0.013141
48 0.538040 0.231383 0.016594 0.016583
48 0.550407 0.327128 0.018159 0.020338
48 0.732937 0.702910 0.050094 0.042866
9 0.944114 0.695713 0.004696 0.005319
48 0.572949 0.220432 0.015028 0.017835
48 0.371634 0.939143 0.060113 0.045369
48 0.537727 0.944462 0.032248 0.029099
48 0.708516 0.068836 0.019411 0.021902
45 0.535222 0.992021 0.008453 0.008448
48 0.704915 0.769712 0.031622 0.027534
48 0.714152 0.714018 0.033813 0.031289
48 0.583125 0.061483 0.020351 0.024093
48 0.234033 0.038173 0.020977 0.024406
5 0.773012 0.438830 0.003757 0.005319
48 0.894646 0.687109 0.077959 0.071339
48 0.595492 0.320870 0.013150 0.012203
38 0.921885 0.639393 0.009080 0.009700
48 0.937539 0.675532 0.038510 0.035670
48 0.865842 0.636108 0.012837 0.011890
48 0.903882 0.648623 0.055103 0.051314
10 0.918910 0.603567 0.003757 0.004380
45 0.657170 0.847153 0.005636 0.008448
48 0.923763 0.308511 0.020351 0.019399
48 0.927990 0.643617 0.016281 0.016896
48 0.953976 0.620776 0.041327 0.043805
5 0.950063 0.573060 0.004696 0.004068
13 0.962430 0.527065 0.011271 0.010325
13 0.964465 0.525031 0.011584 0.009387
13 0.976832 0.507666 0.010019 0.010325
48 0.641202 0.112328 0.018159 0.023780
48 0.652786 0.119994 0.015654 0.022215
8 0.094396 0.609668 0.002818 0.004693
13 0.978867 0.509543 0.009080 0.010325
48 0.567783 0.955882 0.013463 0.014393
13 0.981058 0.510951 0.009706 0.010638
13 0.984189 0.512046 0.009080 0.009700
13 0.989825 0.529881 0.008453 0.009700
48 0.940827 0.533792 0.015028 0.014393
48 0.980432 0.491396 0.012210 0.015957
48 0.958986 0.510795 0.020038 0.024093
48 0.962116 0.481539 0.010645 0.010638
5 0.954759 0.535357 0.004696 0.002503
48 0.879148 0.581977 0.020038 0.021277
48 0.791954 0.424593 0.015341 0.016270
48 0.753600 0.441959 0.016907 0.012829
48 0.434252 0.809449 0.028178 0.024406
48 0.445366 0.799280 0.054164 0.046621
48 0.406074 0.796934 0.037570 0.040676
13 0.500626 0.791302 0.011897 0.009387
13 0.512054 0.800532 0.010958 0.009700
13 0.525204 0.811483 0.011584 0.010325
13 0.506731 0.779725 0.011584 0.010013
48 0.755792 0.464956 0.026299 0.019399
48 0.755322 0.066176 0.019724 0.022215
5 0.840795 0.414424 0.004070 0.003442
48 0.721353 0.787703 0.016281 0.014080
48 0.896212 0.287547 0.019724 0.021902
48 0.524421 0.355914 0.022542 0.030976
48 0.733876 0.091051 0.021916 0.025031
11 0.806356 0.515957 0.015341 0.014393
13 0.522229 0.791927 0.012523 0.010013
13 0.526456 0.799124 0.011584 0.009387
48 0.504696 0.814143 0.063870 0.057572
13 0.648090 0.664424 0.008766 0.011577
48 0.666875 0.618586 0.011271 0.011890
42 0.532561 0.988423 0.008766 0.008761
48 0.662649 0.638141 0.038510 0.033479
48 0.676581 0.634074 0.026925 0.022841
48 0.501252 0.378129 0.028804 0.026596
48 0.477458 0.394712 0.015654 0.017209
48 0.564183 0.310388 0.014402 0.014393
5 0.962899 0.519712 0.004696 0.004380
5 0.944270 0.548029 0.003757 0.004068
39 0.976049 0.262985 0.005322 0.008448
48 0.406544 0.967929 0.010958 0.010951
48 0.634471 0.142053 0.016594 0.018773
48 0.786788 0.024875 0.017533 0.018461
48 0.209768 0.473091 0.024421 0.019399
48 0.488729 0.400814 0.013150 0.010638
48 0.291327 0.994994 0.025986 0.010013
48 0.973074 0.185388 0.015028 0.014706
48 0.069036 0.013141 0.004696 0.010013
48 0.071071 0.004068 0.006888 0.005006
48 0.107702 0.003129 0.021290 0.006258
48 0.113807 0.023936 0.020977 0.012829
48 0.054634 0.620307 0.016594 0.020338
48 0.062617 0.631414 0.025047 0.009387
48 0.033344 0.659105 0.028491 0.020964
48 0.037101 0.664268 0.022229 0.013141
48 0.025830 0.651909 0.013463 0.013454
48 0.037414 0.645964 0.017220 0.016583
48 0.024734 0.699937 0.032561 0.030038
48 0.039606 0.691646 0.013463 0.018461
9 0.310739 0.987015 0.007827 0.010325
9 0.327802 0.960732 0.011271 0.014080
48 0.343926 0.928348 0.037257 0.030663
48 0.380870 0.900814 0.036005 0.043179
48 0.676738 0.845275 0.017846 0.021589
48 0.687226 0.863423 0.019411 0.022215
53 0.747026 0.823216 0.038197 0.031915
53 0.760175 0.790519 0.020664 0.025344
53 0.781622 0.774875 0.021603 0.024718
48 0.933156 0.298029 0.014715 0.015957
55 0.898090 0.279881 0.011584 0.010325
9 0.922511 0.281446 0.009080 0.007196
48 0.963682 0.248748 0.015654 0.015019
48 0.576237 0.007666 0.025986 0.015332
48 0.615373 0.007979 0.027865 0.015957
48 0.608172 0.000626 0.017220 0.001252
48 0.547433 0.183198 0.009080 0.009700
48 0.552912 0.187578 0.006262 0.005945
48 0.467909 0.217459 0.017220 0.017522
48 0.476362 0.218711 0.010332 0.010638
48 0.479336 0.223248 0.010019 0.012203
48 0.504383 0.303817 0.008140 0.008135
48 0.519411 0.316176 0.008766 0.008448
48 0.519098 0.309919 0.009393 0.007822
48 0.527552 0.300845 0.021916 0.015957
48 0.517846 0.298498 0.023795 0.023154
48 0.528804 0.294431 0.008766 0.006258
48 0.510645 0.301471 0.008766 0.010951
48 0.514559 0.294431 0.010958 0.010638
48 0.517376 0.284574 0.014715 0.015957
48 0.506105 0.298655 0.009080 0.010325
48 0.512993 0.271902 0.012837 0.012516
48 0.553851 0.287860 0.013776 0.016896
48 0.556825 0.295056 0.022855 0.026283
48 0.569036 0.290519 0.010332 0.008448
48 0.560582 0.323373 0.010332 0.017209
48 0.555103 0.312891 0.012523 0.013141
5 0.517220 0.318367 0.003757 0.004068
5 0.516750 0.320870 0.004070 0.004068
48 0.698967 0.569305 0.020351 0.025344
48 0.241547 0.050219 0.018472 0.015332
46 0.806199 0.408792 0.003757 0.004693
48 0.497495 0.675375 0.024421 0.027222
48 0.541641 0.196965 0.017533 0.018461
48 0.918128 0.497184 0.034753 0.035670
48 0.632279 0.285357 0.007827 0.006884
48 0.637445 0.299124 0.006888 0.007509
48 0.686756 0.017522 0.015341 0.007509
48 0.798215 0.010013 0.013463 0.011264
48 0.809487 0.004850 0.012837 0.009700
48 0.236224 0.059606 0.019098 0.015332
48 0.764715 0.748436 0.014715 0.017522
48 0.593300 0.074312 0.016281 0.020964
48 0.688322 0.468867 0.014089 0.019712
5 0.628835 0.822434 0.004696 0.004068
48 0.568566 0.976377 0.055103 0.047247
48 0.720257 0.079631 0.017846 0.019086
48 0.920476 0.140645 0.031935 0.026596
8 0.828585 0.508605 0.004696 0.005319
48 0.507671 0.342303 0.016594 0.022528
48 0.653569 0.489831 0.009706 0.012829
10 0.962586 0.305225 0.005949 0.005945
5 0.530526 0.950720 0.003444 0.003442
48 0.420632 0.968867 0.010958 0.013454
5 0.568723 0.643617 0.004696 0.005006
42 0.670006 0.867960 0.006262 0.008135
42 0.663588 0.864831 0.005949 0.006258
39 0.442235 0.875313 0.006575 0.009074
8 0.428303 0.867178 0.003757 0.003442
8 0.426894 0.864362 0.003444 0.004068
14 0.438009 0.852159 0.010019 0.009700
6 0.143550 0.491083 0.009706 0.013454
10 0.074671 0.566646 0.004696 0.006884
48 0.812148 0.000939 0.018159 0.001877
5 0.502974 0.996245 0.005322 0.005632
48 0.679399 0.807103 0.099562 0.069775
48 0.112242 0.474812 0.032248 0.027847
48 0.115999 0.515488 0.029743 0.027222
48 0.089073 0.471527 0.029117 0.020025
48 0.095178 0.510951 0.019411 0.016270
48 0.100031 0.533636 0.018472 0.020964
48 0.108641 0.548655 0.022542 0.030976
48 0.031465 0.529412 0.019724 0.024406
48 0.017220 0.522215 0.013776 0.016896
48 0.052286 0.515645 0.023168 0.025031
48 0.011115 0.012359 0.022229 0.024718
48 0.042423 0.030663 0.020351 0.018148
48 0.034909 0.013454 0.015967 0.023780
48 0.052442 0.020181 0.019724 0.012203
48 0.183939 0.011733 0.023482 0.015957
48 0.154195 0.043023 0.022229 0.024718
48 0.157639 0.017365 0.027239 0.026596
48 0.197714 0.044431 0.013463 0.015019
48 0.207107 0.022215 0.015341 0.021277
48 0.259393 0.058824 0.024108 0.025657
48 0.273795 0.015488 0.030996 0.030976
48 0.399969 0.119368 0.032874 0.030350
48 0.441922 0.126877 0.015341 0.014080
48 0.493582 0.065081 0.024108 0.016270
48 0.451785 0.022215 0.032561 0.026283
48 0.477771 0.040676 0.010019 0.013141
48 0.484972 0.047872 0.013776 0.012516
48 0.521916 0.089174 0.026299 0.018148
48 0.528178 0.077284 0.025047 0.020025
48 0.567314 0.049124 0.017533 0.021277
48 0.574515 0.056164 0.019411 0.020964
48 0.606919 0.122340 0.025360 0.027534
48 0.620382 0.133605 0.024734 0.028786
48 0.595178 0.157071 0.020038 0.018773
48 0.507984 0.170995 0.029117 0.029099
48 0.617408 0.161295 0.018159 0.017209
48 0.598779 0.142991 0.019098 0.013141
48 0.710708 0.122028 0.023168 0.020651
48 0.625235 0.191333 0.029430 0.031602
48 0.639011 0.171151 0.026299 0.022528
48 0.647307 0.150344 0.019098 0.021589
48 0.671415 0.171934 0.023482 0.015957
48 0.690827 0.148936 0.017846 0.016896
48 0.678460 0.138298 0.025673 0.026283
48 0.544928 0.137516 0.015341 0.012829
9 0.318879 0.998436 0.010958 0.003129
48 0.849562 0.017835 0.025986 0.017522
48 0.856919 0.037078 0.013150 0.014706
48 0.806982 0.080569 0.025360 0.023467
48 0.797589 0.066176 0.015967 0.012829
48 0.971196 0.208698 0.035692 0.030663
55 0.922198 0.232947 0.009706 0.008448
55 0.896368 0.260638 0.013150 0.012516
55 0.903882 0.274718 0.007514 0.007509
48 0.941766 0.253755 0.013150 0.015019
9 0.919850 0.286295 0.005636 0.005632
48 0.927520 0.271902 0.015341 0.013141
48 0.935974 0.278317 0.010332 0.010325
5 0.938948 0.562422 0.001879 0.003442
48 0.469944 0.055695 0.020664 0.019399
48 0.476205 0.052409 0.019411 0.016583
48 0.588760 0.433511 0.079837 0.062891
48 0.556669 0.485920 0.059487 0.060701
48 0.576393 0.453379 0.083281 0.068210
48 0.768003 0.429287 0.012523 0.012516
48 0.825454 0.452910 0.013463 0.013454
48 0.835473 0.440707 0.019724 0.017835
48 0.769881 0.689925 0.010019 0.009387
48 0.781778 0.697747 0.011897 0.012516
48 0.697401 0.698060 0.007201 0.008761
48 0.633532 0.811483 0.024108 0.029725
48 0.616312 0.799124 0.010958 0.012516
48 0.619130 0.805382 0.009080 0.010013
48 0.641046 0.830726 0.017220 0.016270
48 0.694584 0.844180 0.013463 0.010638
48 0.631966 0.905976 0.022229 0.020964
48 0.595335 0.923811 0.020977 0.022215
48 0.626018 0.916302 0.024108 0.022841
48 0.735128 0.474186 0.024421 0.022841
48 0.723857 0.450407 0.021290 0.028473
6 0.866625 0.721683 0.011271 0.010951
48 0.972292 0.492960 0.016594 0.018461
48 0.912336 0.322121 0.021290 0.018461
48 0.921102 0.320713 0.006888 0.008135
48 0.907796 0.296934 0.009706 0.009387
48 0.884627 0.277534 0.015341 0.014393
48 0.918128 0.299593 0.014715 0.012829
48 0.912649 0.290519 0.013150 0.010951
48 0.960395 0.234512 0.017846 0.016583
48 0.955855 0.240613 0.010019 0.008761
48 0.954915 0.209324 0.017533 0.019399
48 0.972605 0.227941 0.011584 0.010325
48 0.967439 0.223091 0.010645 0.010638
48 0.961960 0.218242 0.010958 0.011577
48 0.975266 0.640645 0.043832 0.050375
48 0.935191 0.635951 0.008140 0.009074
5 0.906074 0.571809 0.002505 0.002190
5 0.909674 0.567584 0.002818 0.002503
5 0.848779 0.534731 0.002505 0.003129
9 0.914840 0.598561 0.004383 0.005006
9 0.322167 0.956039 0.013150 0.016583
9 0.352536 0.981383 0.012523 0.019086
9 0.362085 0.990144 0.015341 0.019086
48 0.376487 0.968711 0.061678 0.053817
9 0.338917 0.972935 0.015341 0.019086
9 0.335629 0.968398 0.012523 0.016896
5 0.463525 0.937735 0.004070 0.003755
5 0.460864 0.933980 0.001879 0.002503
5 0.638854 0.551940 0.003444 0.003755
48 0.680025 0.537390 0.015028 0.016583
5 0.594552 0.954474 0.003131 0.003442
5 0.581716 0.839487 0.003757 0.003129
9 0.951785 0.686796 0.003131 0.003755
5 0.838134 0.556320 0.003131 0.003129
8 0.619912 0.663173 0.002505 0.002816
9 0.150438 0.503285 0.003444 0.002816
48 0.923450 0.577910 0.046650 0.050063
45 0.669224 0.857791 0.006575 0.008448
45 0.672668 0.859825 0.005949 0.007509
11 0.322167 0.998748 0.013150 0.002503
48 0.857076 0.009543 0.024734 0.019086
5 0.425642 0.858104 0.003444 0.003442
5 0.644959 0.850438 0.005009 0.005006
5 0.455385 0.935388 0.002818 0.004068
5 0.449906 0.930538 0.003757 0.003755
5 0.663431 0.886890 0.003757 0.004068
8 0.666406 0.886108 0.004070 0.005632
8 0.662179 0.893617 0.004383 0.005632
48 0.634314 0.871715 0.061365 0.057572
6 0.758766 0.701345 0.004070 0.005945
5 0.761741 0.697121 0.002505 0.003755
5 0.939887 0.544900 0.002505 0.003442
5 0.422198 0.859668 0.003444 0.003442
5 0.510488 0.969962 0.005322 0.005632
5 0.433469 0.858730 0.004070 0.003442
5 0.941453 0.546621 0.003131 0.003755
5 0.549155 0.994368 0.003757 0.004380
5 0.551659 0.995932 0.003757 0.003755
5 0.865842 0.580882 0.003444 0.004068
43 0.543049 0.995776 0.008453 0.008448
41 0.665153 0.852472 0.007201 0.007822
5 0.659048 0.040989 0.006888 0.003129
48 0.686287 0.025501 0.015028 0.004693
48 0.761897 0.006884 0.047276 0.013767
48 0.579681 0.137985 0.015341 0.016270
5 0.941140 0.305382 0.004383 0.003755
5 0.609267 0.290519 0.005009 0.004693
5 0.551972 0.110920 0.003757 0.004693
5 0.444897 0.943054 0.004383 0.002503
48 0.615842 0.030507 0.010019 0.017209
48 0.588604 0.168335 0.016907 0.016896
5 0.901534 0.613110 0.002818 0.003442
6 0.868347 0.461671 0.006575 0.005319
5 0.663275 0.217303 0.003444 0.004693
5 0.560739 0.192741 0.003131 0.004380
5 0.911866 0.621871 0.004070 0.003442
5 0.847214 0.490457 0.004383 0.002816
5 0.421102 0.864831 0.003131 0.002503
48 0.520664 0.005163 0.029430 0.010325
5 0.487946 0.137516 0.004070 0.005319
5 0.530526 0.137359 0.004696 0.005006
48 0.659361 0.018461 0.013150 0.011264
5 0.615216 0.298498 0.004383 0.003755
5 0.431747 0.848091 0.003131 0.004068
48 0.578741 0.151283 0.017846 0.017835
5 0.676425 0.202284 0.004696 0.004693
5 0.424389 0.861859 0.002818 0.003442
48 0.024108 0.463235 0.011897 0.007822
48 0.542110 0.066489 0.025986 0.019086
5 0.620069 0.298811 0.003444 0.004380
5 0.626487 0.289268 0.004383 0.005319
48 0.600971 0.004224 0.012210 0.008448
5 0.775986 0.421777 0.004070 0.005632
5 0.681277 0.157384 0.005636 0.004380
5 0.677990 0.874061 0.004070 0.004693
5 0.443018 0.780663 0.006262 0.005632
48 0.655291 0.066646 0.011897 0.010638
48 0.059017 0.536608 0.029743 0.026283
5 0.637289 0.312735 0.002818 0.002816
5 0.905917 0.616708 0.003444 0.003755
48 0.661083 0.004537 0.024108 0.009074
5 0.494051 0.168492 0.003757 0.004068
48 0.215247 0.545369 0.008453 0.008135
5 0.681121 0.197278 0.004696 0.003442
48 0.539136 0.094337 0.015654 0.014080
48 0.009393 0.670056 0.013776 0.012829
48 0.251096 0.005006 0.015654 0.010013
10 0.318410 0.994524 0.006262 0.005945
10 0.305260 0.928661 0.011897 0.016270
5 0.432373 0.866552 0.005636 0.004068
5 0.698967 0.009074 0.003444 0.005632
10 0.947088 0.264862 0.008140 0.008448
5 0.623982 0.293805 0.005636 0.005632
5 0.634001 0.309919 0.004383 0.004693
5 0.631027 0.824312 0.004070 0.003442
5 0.456481 0.754224 0.006262 0.004693
5 0.401847 0.876877 0.004696 0.005945
48 0.685974 0.010169 0.013776 0.009700
48 0.507358 0.012829 0.020351 0.025657
5 0.558234 0.136108 0.005009 0.004380
5 0.620695 0.816959 0.002192 0.002503
5 0.873982 0.461045 0.004696 0.004068
48 0.684252 0.029725 0.016594 0.013141
48 0.687069 0.001877 0.015341 0.003755
5 0.903882 0.614987 0.003131 0.003442
5 0.889950 0.525501 0.004070 0.003442
5 0.852849 0.460889 0.004383 0.006258
5 0.731371 0.433354 0.005009 0.002503
48 0.626487 0.010795 0.018785 0.013454
48 0.166562 0.493116 0.016907 0.011264
10 0.924703 0.277534 0.009706 0.010013
5 0.601284 0.834011 0.003444 0.003442
48 0.003444 0.546777 0.006888 0.019086
5 0.909674 0.619837 0.004070 0.004380
48 0.002974 0.589487 0.005949 0.021902
48 0.159518 0.424593 0.019724 0.016270
6 0.880870 0.592459 0.005322 0.005945
5 0.597370 0.837297 0.003131 0.003129
5 0.539919 0.884387 0.003444 0.004068
5 0.559487 0.998592 0.004383 0.002816
48 0.627896 0.099969 0.015341 0.015957
48 0.562931 0.085106 0.021916 0.024406
5 0.587195 0.200563 0.004696 0.004380
48 0.552442 0.040519 0.019098 0.012829
5 0.631027 0.156289 0.005322 0.004693
5 0.440200 0.982478 0.003131 0.005006
48 0.219161 0.456195 0.024421 0.023154
5 0.907952 0.618742 0.003131 0.004068
48 0.187226 0.518773 0.013150 0.018773
48 0.605354 0.082603 0.018472 0.018148
48 0.535066 0.122497 0.021916 0.022215
5 0.659048 0.649562 0.004383 0.004380
48 0.118973 0.407697 0.032561 0.026283
48 0.262367 0.008605 0.023795 0.017209
10 0.981371 0.253129 0.010332 0.009387
5 0.439574 0.936483 0.003131 0.003129
5 0.602536 0.831977 0.004696 0.003129
48 0.739355 0.049906 0.030996 0.033479
5 0.734189 0.150814 0.003757 0.005006
5 0.429086 0.849969 0.004070 0.002190
48 0.014245 0.609981 0.015967 0.007196
5 0.595805 0.839487 0.003757 0.003129
5 0.427207 0.851690 0.004070 0.002503
5 0.514872 0.974030 0.005949 0.008135
5 0.588134 0.953849 0.005322 0.004068
48 0.653569 0.196339 0.017846 0.020964
5 0.946462 0.550063 0.001879 0.003755
5 0.546493 0.125156 0.003444 0.004380
5 0.561835 0.856383 0.002818 0.003755
48 0.009080 0.478567 0.018159 0.011577
48 0.661240 0.184293 0.023795 0.025657
48 0.689887 0.125313 0.017846 0.021589
48 0.012054 0.460732 0.024108 0.025344
5 0.586412 0.834481 0.003757 0.003129
5 0.434252 0.846996 0.003757 0.002503
5 0.553694 0.997340 0.005322 0.005319
48 0.688478 0.060701 0.016907 0.015019
5 0.900125 0.611389 0.003131 0.003755
5 0.839230 0.499218 0.004070 0.004068
