48 0.178460 0.992960 0.035066 0.014080
48 0.166406 0.986389 0.032874 0.027222
48 0.108641 0.994211 0.036318 0.011577
48 0.044928 0.994524 0.042267 0.010951
48 0.459142 0.961827 0.236381 0.076345
53 0.332029 0.943367 0.170632 0.113267
5 0.345648 0.998279 0.003757 0.003442
5 0.302442 0.999218 0.005009 0.001564
48 0.005322 0.425063 0.010645 0.012203
48 0.004383 0.416145 0.008766 0.006884
48 0.001722 0.531915 0.003444 0.015019
48 0.001565 0.230914 0.003131 0.016896
48 0.004070 0.135169 0.008140 0.015645
48 0.006575 0.646120 0.013150 0.008135
48 0.006731 0.899249 0.013463 0.033166
48 0.011741 0.906602 0.023482 0.029725
48 0.001722 0.923498 0.003444 0.017209
48 0.011584 0.244837 0.023168 0.014706
48 0.002348 0.147685 0.004696 0.012516
47 0.016124 0.827128 0.032248 0.054130
48 0.013619 0.528942 0.027239 0.039111
48 0.001879 0.257822 0.003757 0.010638
48 0.008923 0.767678 0.017846 0.030976
48 0.007984 0.347622 0.015967 0.032541
48 0.003131 0.366708 0.006262 0.012516
48 0.004383 0.599812 0.008766 0.030038
48 0.003601 0.121871 0.007201 0.018461
48 0.455072 0.003129 0.006575 0.006258
48 0.208359 0.003755 0.012210 0.007509
48 0.221196 0.001252 0.015341 0.002503
48 0.221196 0.003285 0.009706 0.006571
48 0.131183 0.012203 0.018785 0.022528
48 0.270351 0.404568 0.023482 0.021277
48 0.289919 0.405194 0.011897 0.017522
48 0.324828 0.417397 0.018472 0.016896
48 0.256262 0.424750 0.019098 0.023467
48 0.206794 0.396120 0.011584 0.011890
48 0.284596 0.429756 0.011897 0.025970
48 0.191609 0.381571 0.010645 0.011577
48 0.185817 0.398310 0.013463 0.007509
48 0.108172 0.379380 0.009080 0.019086
48 0.177520 0.355288 0.014402 0.011577
48 0.063713 0.404255 0.007827 0.013141
48 0.054634 0.548185 0.007201 0.006258
48 0.104415 0.567584 0.016594 0.010638
48 0.122574 0.563360 0.010958 0.009700
48 0.122260 0.586358 0.009080 0.006258
48 0.121634 0.592616 0.006575 0.006258
48 0.119912 0.614831 0.016907 0.007509
48 0.106919 0.619837 0.008453 0.022528
48 0.121478 0.622653 0.007514 0.007509
48 0.148090 0.618116 0.011897 0.012203
48 0.075611 0.642209 0.005949 0.008448
48 0.125704 0.673967 0.010958 0.007509
48 0.179712 0.674906 0.009393 0.005632
48 0.174703 0.668335 0.006262 0.010013
48 0.170319 0.665519 0.006262 0.009387
48 0.164997 0.662390 0.007514 0.008761
48 0.063244 0.579944 0.009393 0.009074
48 0.044615 0.540363 0.010958 0.018773
48 0.210394 0.454005 0.021916 0.023780
48 0.694740 0.507196 0.031309 0.029412
48 0.234972 0.538173 0.014715 0.015645
48 0.294928 0.883605 0.018785 0.015645
48 0.288197 0.837297 0.013463 0.011264
48 0.154508 0.778630 0.013463 0.014706
48 0.121791 0.983886 0.028804 0.027847
48 0.737946 0.446652 0.066374 0.054130
48 0.055416 0.267209 0.015028 0.020651
48 0.200689 0.531602 0.016281 0.012516
48 0.921259 0.577284 0.028491 0.030038
48 0.440983 0.348717 0.014715 0.010951
48 0.245304 0.916145 0.011584 0.011890
48 0.333594 0.193054 0.019724 0.013767
48 0.420632 0.379068 0.025360 0.018461
48 0.180651 0.468554 0.015028 0.027847
48 0.179242 0.863423 0.020977 0.022841
48 0.806512 0.403160 0.026299 0.023467
48 0.445679 0.785670 0.031622 0.029412
48 0.161709 0.139393 0.012837 0.020964
48 0.285692 0.134856 0.005949 0.006884
48 0.209299 0.321652 0.014089 0.015019
48 0.212116 0.526126 0.017846 0.013454
48 0.202880 0.896746 0.031309 0.021902
48 0.065592 0.263298 0.010332 0.022841
48 0.420632 0.366239 0.018472 0.010951
48 0.055573 0.846527 0.012210 0.014080
48 0.103162 0.270651 0.014715 0.023154
48 0.145585 0.150501 0.026299 0.010638
48 0.318253 0.148623 0.015341 0.011890
48 0.418441 0.337453 0.012210 0.019712
48 0.254070 0.934293 0.019098 0.018148
48 0.422041 0.395964 0.020664 0.011577
48 0.018942 0.029568 0.011584 0.007196
48 0.112711 0.896277 0.028804 0.024718
48 0.254696 0.521746 0.020977 0.021589
48 0.084690 0.260951 0.016594 0.020651
48 0.147777 0.172872 0.016907 0.014706
48 0.424703 0.462609 0.011584 0.020338
48 0.266750 0.455100 0.011897 0.012829
9 0.053381 0.724812 0.004696 0.005319
48 0.269881 0.860138 0.018159 0.018773
48 0.073106 0.261577 0.009080 0.020651
8 0.053381 0.713861 0.003444 0.005945
48 0.115373 0.265645 0.019724 0.015019
48 0.441922 0.392835 0.011584 0.018461
48 0.314183 0.670839 0.017846 0.018773
48 0.221822 0.444931 0.009706 0.014393
48 0.497652 0.816646 0.025986 0.031289
48 0.067001 0.226064 0.025047 0.019712
48 0.398716 0.457134 0.017220 0.023780
48 0.113807 0.015957 0.015341 0.017522
48 0.139480 0.025188 0.012210 0.012203
48 0.086569 0.031602 0.009080 0.011264
48 0.169224 0.061170 0.016594 0.010325
48 0.207420 0.069149 0.010332 0.013141
48 0.114120 0.188673 0.012210 0.021277
48 0.179869 0.196496 0.017220 0.008761
5 0.093456 0.430225 0.002818 0.004380
5 0.013932 0.452753 0.004696 0.002503
5 0.012837 0.464800 0.003131 0.004693
48 0.292267 0.852315 0.016594 0.017522
8 0.177677 0.810857 0.004070 0.004693
48 0.067470 0.157228 0.021603 0.012203
48 0.835160 0.469962 0.074202 0.057572
48 0.834534 0.429287 0.038510 0.028786
48 0.366781 0.347778 0.028491 0.022215
48 0.267533 0.349499 0.016594 0.021902
48 0.685347 0.476377 0.020038 0.027847
48 0.301346 0.149718 0.005322 0.005945
48 0.308234 0.021120 0.020351 0.017209
48 0.231215 0.144869 0.015341 0.013141
2 0.905291 0.567115 0.015967 0.016583
1 0.880088 0.582916 0.016907 0.018773
5 0.709455 0.660670 0.006262 0.003442
5 0.700532 0.672403 0.004070 0.002503
5 0.703193 0.681008 0.004383 0.005319
10 0.522073 0.887516 0.008453 0.004693
10 0.519098 0.891740 0.008140 0.005632
5 0.454759 0.852785 0.007201 0.003442
48 0.416093 0.826658 0.037570 0.043179
48 0.462743 0.880163 0.048215 0.041927
48 0.503600 0.860294 0.030996 0.029099
16 0.441609 0.822434 0.013463 0.013454
48 0.168128 0.324937 0.014402 0.021589
48 0.571697 0.376877 0.020664 0.020338
48 0.584690 0.358417 0.019098 0.017209
48 0.587664 0.392835 0.021916 0.023467
48 0.603006 0.377034 0.021290 0.021902
48 0.620225 0.393461 0.022542 0.020338
48 0.637132 0.410513 0.020664 0.020651
48 0.620695 0.426314 0.019724 0.018461
48 0.604258 0.410513 0.020038 0.020651
48 0.667032 0.396433 0.028491 0.026283
48 0.634627 0.363579 0.026299 0.024406
48 0.603162 0.332603 0.025986 0.024406
48 0.600971 0.300688 0.014715 0.014393
5 0.547120 0.327128 0.004696 0.002816
5 0.560113 0.318680 0.004383 0.004068
48 0.542736 0.348091 0.015341 0.016583
48 0.275986 0.457447 0.012210 0.013141
48 0.133375 0.461358 0.010019 0.007196
48 0.129305 0.467459 0.010645 0.006884
48 0.124765 0.461827 0.006575 0.006258
48 0.140576 0.439612 0.008766 0.008135
48 0.157639 0.444462 0.017220 0.009700
48 0.322793 0.509074 0.014402 0.012516
48 0.314026 0.504224 0.007514 0.007822
48 0.784440 0.266427 0.015967 0.012829
48 0.770820 0.286139 0.018785 0.017209
48 0.035379 0.052096 0.012523 0.009700
48 0.032561 0.046934 0.011271 0.008135
48 0.039762 0.108417 0.010645 0.011577
48 0.043363 0.106070 0.009080 0.011264
48 0.039762 0.098874 0.008766 0.010638
48 0.055573 0.105288 0.016594 0.013454
48 0.084847 0.089330 0.007514 0.006571
48 0.064496 0.086514 0.010019 0.005945
48 0.073575 0.094180 0.010019 0.015645
48 0.087821 0.095588 0.005322 0.005319
48 0.113494 0.086671 0.005322 0.005006
48 0.077802 0.107322 0.026612 0.018148
48 0.105510 0.201502 0.017533 0.010638
48 0.104571 0.207134 0.030683 0.015645
48 0.083594 0.209011 0.011271 0.007509
48 0.112398 0.305695 0.011271 0.016896
48 0.118973 0.301001 0.010019 0.013141
48 0.052442 0.341990 0.014715 0.008761
48 0.055886 0.346996 0.015967 0.011264
48 0.057138 0.351533 0.014715 0.007822
48 0.077019 0.348091 0.005636 0.007196
48 0.078272 0.339800 0.010645 0.016896
48 0.058391 0.447747 0.015967 0.018148
48 0.057921 0.521746 0.008140 0.005319
48 0.058234 0.518617 0.007514 0.004068
48 0.058860 0.516114 0.006262 0.004068
48 0.072793 0.535982 0.025986 0.028786
48 0.056512 0.543648 0.009080 0.005945
48 0.076393 0.553348 0.008766 0.007822
48 0.088604 0.556164 0.020664 0.012203
48 0.114277 0.545682 0.012523 0.020025
48 0.126800 0.550375 0.013150 0.020651
48 0.134784 0.556008 0.016594 0.031289
48 0.090169 0.571809 0.016281 0.023467
48 0.071540 0.565864 0.013463 0.023467
48 0.149969 0.460419 0.017533 0.021589
48 0.174389 0.436327 0.009393 0.018461
48 0.161866 0.431320 0.015028 0.008448
48 0.150908 0.435388 0.009393 0.011577
48 0.160301 0.463079 0.008766 0.015645
48 0.168754 0.459168 0.008140 0.004068
48 0.166249 0.464018 0.007514 0.008761
48 0.200063 0.442897 0.008766 0.019086
48 0.197714 0.455257 0.005322 0.008761
48 0.203507 0.463861 0.009393 0.007196
48 0.164214 0.470432 0.012837 0.009074
48 0.234033 0.454631 0.017220 0.015019
48 0.236694 0.463861 0.007514 0.011577
48 0.228710 0.462922 0.010958 0.010325
48 0.248748 0.487328 0.017220 0.024718
48 0.250313 0.473248 0.014089 0.007196
48 0.199593 0.470432 0.006575 0.009074
48 0.198341 0.476533 0.005949 0.006258
48 0.122730 0.510795 0.008766 0.014706
48 0.106293 0.511421 0.010332 0.007196
48 0.108954 0.505006 0.007514 0.009387
48 0.155135 0.497810 0.014089 0.020025
48 0.165936 0.496558 0.010645 0.011890
48 0.175329 0.504380 0.019411 0.020025
48 0.186600 0.522997 0.007514 0.012203
48 0.189574 0.525501 0.008453 0.012829
48 0.308234 0.540206 0.067314 0.054130
48 0.355667 0.558354 0.021916 0.027222
48 0.379618 0.370620 0.029743 0.023467
48 0.348622 0.361859 0.016594 0.010951
48 0.344552 0.293492 0.012210 0.008761
48 0.353006 0.298029 0.017846 0.012203
48 0.302912 0.319149 0.014715 0.013767
5 0.295241 0.325876 0.004383 0.002816
48 0.309017 0.311483 0.013776 0.008448
48 0.327489 0.336827 0.007514 0.009074
48 0.223231 0.339330 0.012523 0.015332
48 0.142455 0.069775 0.016907 0.008135
48 0.131966 0.070400 0.012837 0.020651
48 0.187383 0.065238 0.022229 0.013454
48 0.146368 0.061014 0.009080 0.015645
48 0.174546 0.110451 0.009706 0.011890
48 0.114120 0.104819 0.011584 0.008135
5 0.058234 0.202441 0.005636 0.005632
48 0.298685 0.191176 0.017533 0.010638
48 0.314966 0.195244 0.018159 0.008135
48 0.333281 0.201658 0.016594 0.009074
48 0.282405 0.239831 0.026299 0.019086
48 0.364590 0.228411 0.033500 0.025657
48 0.206324 0.286921 0.007514 0.009387
48 0.210394 0.306946 0.021290 0.010013
48 0.074202 0.313517 0.016907 0.011890
48 0.072793 0.320557 0.009080 0.008448
48 0.036005 0.339018 0.018785 0.015332
48 0.188635 0.389706 0.010958 0.007822
48 0.219161 0.390175 0.008140 0.006258
48 0.268629 0.382196 0.009393 0.022841
48 0.109424 0.490144 0.010332 0.010325
48 0.161083 0.552879 0.013463 0.013767
9 0.039919 0.604036 0.008453 0.003442
48 0.078115 0.654881 0.006575 0.008761
48 0.103945 0.647841 0.023168 0.032228
48 0.170476 0.652534 0.024108 0.015332
48 0.155604 0.644869 0.012523 0.014393
48 0.243269 0.626564 0.035692 0.035982
48 0.292423 0.600595 0.083907 0.062265
48 0.537570 0.040989 0.026299 0.016270
48 0.791171 0.530507 0.020664 0.024718
48 0.798998 0.540050 0.045085 0.050688
48 0.777552 0.545056 0.014715 0.013767
48 0.830307 0.564456 0.069505 0.062578
2 0.811208 0.681320 0.027552 0.028473
48 0.852379 0.348717 0.019098 0.024718
48 0.880557 0.370932 0.024108 0.027847
48 0.865999 0.358104 0.020038 0.024093
48 0.276456 0.041302 0.018785 0.011264
48 0.202098 0.109199 0.020977 0.013141
48 0.024108 0.187422 0.015654 0.021902
48 0.133845 0.261577 0.015967 0.022528
48 0.028491 0.286765 0.025673 0.020964
48 0.212743 0.296151 0.024734 0.021589
48 0.296807 0.275501 0.013150 0.020338
48 0.366625 0.283323 0.012523 0.009700
48 0.360207 0.288329 0.019098 0.010951
48 0.032561 0.106070 0.011271 0.019399
48 0.103945 0.074312 0.010645 0.009074
5 0.094239 0.071965 0.002505 0.004380
48 0.035379 0.634543 0.015028 0.029412
48 0.159361 0.691489 0.016281 0.013141
48 0.166562 0.692272 0.008140 0.006571
48 0.164214 0.682885 0.020351 0.015332
48 0.157326 0.675532 0.007827 0.008761
48 0.157326 0.659418 0.009080 0.010325
48 0.176268 0.631101 0.013150 0.012516
48 0.162649 0.614362 0.029743 0.020964
48 0.166875 0.606852 0.029430 0.019712
48 0.141672 0.647059 0.010332 0.011264
48 0.206168 0.690551 0.016594 0.013767
48 0.154195 0.730131 0.022855 0.019712
48 0.064026 0.837453 0.012837 0.012203
48 0.789919 0.619055 0.054477 0.061014
48 0.143394 0.139862 0.027552 0.018773
48 0.040858 0.174124 0.022855 0.013454
48 0.020820 0.236233 0.009706 0.009387
48 0.008297 0.229662 0.010332 0.006884
48 0.005792 0.223091 0.009706 0.009387
48 0.010802 0.234355 0.019724 0.013141
48 0.025986 0.229349 0.011271 0.006884
48 0.038353 0.240300 0.007201 0.009387
48 0.031622 0.247966 0.012523 0.007822
48 0.033813 0.240770 0.006262 0.006571
48 0.032248 0.301158 0.017533 0.011577
48 0.095335 0.250939 0.007201 0.006258
48 0.090639 0.254850 0.006575 0.009700
48 0.101440 0.251877 0.011271 0.016896
48 0.096431 0.258292 0.011897 0.012203
48 0.282718 0.185857 0.012523 0.006884
48 0.151221 0.236546 0.006888 0.007509
48 0.141672 0.243899 0.029117 0.011577
48 0.151847 0.253911 0.005636 0.006571
48 0.175485 0.224343 0.012837 0.014393
48 0.170006 0.231383 0.011271 0.012203
48 0.161553 0.225282 0.007514 0.013141
48 0.165310 0.241865 0.016281 0.024406
48 0.261115 0.181320 0.018785 0.011577
48 0.207107 0.115457 0.009706 0.007509
48 0.198184 0.117804 0.010019 0.006571
48 0.191766 0.120150 0.004696 0.004380
48 0.189887 0.125313 0.006575 0.006571
48 0.180495 0.128598 0.009706 0.008761
48 0.184878 0.139862 0.007201 0.006258
48 0.114277 0.164737 0.006888 0.006571
48 0.087977 0.140175 0.008140 0.015645
48 0.045867 0.157854 0.011584 0.010951
48 0.054008 0.163173 0.010958 0.012203
48 0.020351 0.220901 0.019411 0.014393
48 0.009549 0.219180 0.008453 0.007822
48 0.088291 0.247497 0.007514 0.005632
48 0.059800 0.282541 0.018785 0.013767
48 0.046337 0.323842 0.018785 0.013141
48 0.057608 0.320713 0.015028 0.013767
48 0.063713 0.328066 0.014715 0.010951
48 0.049937 0.335419 0.015341 0.013141
48 0.047746 0.383448 0.010958 0.016583
48 0.035379 0.410513 0.010645 0.012516
48 0.028334 0.417866 0.008453 0.009700
48 0.068879 0.401126 0.011271 0.016896
48 0.126018 0.384387 0.008453 0.014080
48 0.154665 0.369681 0.012523 0.012829
48 0.179869 0.387203 0.009080 0.005319
48 0.279117 0.407384 0.034126 0.062578
48 0.319975 0.403004 0.014402 0.008135
48 0.362242 0.453536 0.018785 0.009074
48 0.319505 0.481852 0.007827 0.016270
48 0.443801 0.463548 0.014089 0.017835
48 0.434878 0.460263 0.010645 0.013141
48 0.411553 0.459637 0.019724 0.026283
48 0.440983 0.428817 0.023482 0.010951
48 0.461021 0.370150 0.009080 0.018773
48 0.467752 0.372497 0.008140 0.017209
48 0.454446 0.362641 0.008453 0.006884
48 0.458986 0.382509 0.009393 0.008448
9 0.473857 0.328536 0.009080 0.004380
9 0.473388 0.332603 0.008140 0.005006
9 0.447558 0.326345 0.007201 0.004380
9 0.461647 0.324781 0.009706 0.005632
48 0.437226 0.287703 0.015967 0.007822
48 0.432373 0.231383 0.019411 0.010325
48 0.457890 0.224499 0.011584 0.009074
48 0.432217 0.221683 0.011584 0.010325
48 0.363964 0.199781 0.005322 0.004693
48 0.371008 0.192584 0.016281 0.009074
48 0.366155 0.181008 0.007827 0.008448
48 0.278804 0.203692 0.007201 0.007509
48 0.216813 0.223717 0.018472 0.013767
48 0.212743 0.232009 0.019098 0.012203
48 0.163901 0.350438 0.017220 0.013767
48 0.252192 0.345275 0.020977 0.025970
48 0.300250 0.301001 0.021916 0.020651
48 0.393550 0.200563 0.007514 0.005632
48 0.484972 0.093242 0.010645 0.008761
48 0.456481 0.022528 0.024421 0.036295
48 0.108798 0.967459 0.020977 0.024406
48 0.516281 0.837297 0.016907 0.014393
48 0.505009 0.832760 0.008140 0.009074
48 0.475736 0.840895 0.013463 0.010951
48 0.581246 0.831039 0.032248 0.038173
48 0.450063 0.860138 0.012210 0.010638
48 0.524421 0.877347 0.013150 0.011890
48 0.438635 0.855288 0.014402 0.014080
48 0.026769 0.874218 0.040388 0.041927
48 0.047120 0.929912 0.031622 0.033792
16 0.428460 0.837922 0.010332 0.009387
5 0.521133 0.362797 0.003444 0.003442
10 0.459142 0.332603 0.015341 0.006884
13 0.460238 0.328692 0.013776 0.005319
5 0.331716 0.985607 0.004696 0.004380
48 0.260801 0.107635 0.026925 0.013141
48 0.294458 0.202753 0.020351 0.019399
48 0.308391 0.053191 0.012523 0.011890
48 0.127113 0.102159 0.013776 0.009700
48 0.222918 0.060388 0.010019 0.010013
5 0.370695 0.947904 0.006888 0.004068
10 0.460081 0.340738 0.019098 0.005006
5 0.363338 0.974969 0.004696 0.003755
5 0.302286 0.989831 0.005322 0.002816
48 0.108172 0.541302 0.011584 0.015019
48 0.061052 0.566802 0.010645 0.019086
48 0.744678 0.671621 0.061052 0.065394
48 0.245930 0.084637 0.011584 0.010951
6 0.368817 0.969024 0.004383 0.003755
5 0.317157 0.982947 0.004383 0.004068
5 0.336569 0.991708 0.004383 0.004068
5 0.334690 0.993429 0.004383 0.003755
5 0.300720 0.992021 0.004070 0.002816
5 0.050094 0.570400 0.006262 0.005006
48 0.040858 0.352472 0.020351 0.020338
48 0.396838 0.281289 0.047276 0.054443
48 0.474953 0.290050 0.039449 0.025657
48 0.370382 0.144243 0.041327 0.033792
48 0.126644 0.030038 0.015341 0.013141
5 0.033813 0.600751 0.005636 0.004380
48 0.127740 0.350594 0.004383 0.005319
48 0.224327 0.097466 0.018472 0.015957
48 0.007044 0.280820 0.009706 0.009700
5 0.437383 0.548342 0.002505 0.004068
5 0.397777 0.894086 0.003444 0.004068
5 0.378522 0.926001 0.005009 0.004693
5 0.153256 0.946809 0.003444 0.002503
48 0.070914 0.655976 0.008453 0.007822
48 0.149656 0.561952 0.027552 0.016896
48 0.278491 0.255632 0.024108 0.015645
48 0.333751 0.217146 0.006888 0.018148
48 0.037101 0.230131 0.016594 0.010951
48 0.175172 0.167084 0.018472 0.015019
48 0.198967 0.130319 0.016594 0.012203
48 0.072323 0.385169 0.016281 0.009387
48 0.124922 0.205882 0.021290 0.015019
48 0.323889 0.437422 0.025986 0.020025
48 0.088291 0.276439 0.023795 0.017835
48 0.197871 0.190394 0.005009 0.008448
5 0.478397 0.379224 0.002505 0.005006
5 0.425172 0.609668 0.003131 0.004693
5 0.373826 0.963235 0.004383 0.003442
5 0.361459 0.978723 0.003444 0.003755
5 0.338291 0.975438 0.005322 0.003442
48 0.237163 0.310857 0.006575 0.009074
48 0.500157 0.199937 0.014089 0.016896
48 0.162023 0.116552 0.010332 0.020338
48 0.083438 0.393773 0.017846 0.020964
48 0.013306 0.370776 0.021603 0.013141
48 0.006731 0.086671 0.008453 0.011890
48 0.291641 0.137203 0.007827 0.005945
48 0.292580 0.145964 0.008453 0.005945
5 0.382905 0.951502 0.005009 0.004380
5 0.354571 0.986233 0.004696 0.003129
5 0.332185 0.995932 0.004383 0.003755
48 0.214778 0.247184 0.006888 0.015645
48 0.472292 0.232478 0.023482 0.021902
48 0.171728 0.021433 0.019098 0.027222
48 0.066061 0.214018 0.024421 0.018148
48 0.255792 0.384543 0.017533 0.033166
48 0.090795 0.315394 0.021916 0.023780
48 0.067157 0.197747 0.009706 0.008135
5 0.438948 0.580257 0.002505 0.004693
5 0.386349 0.928504 0.003757 0.004068
5 0.368660 0.938048 0.004070 0.003129
5 0.375548 0.960889 0.003444 0.003129
5 0.365842 0.972778 0.004070 0.003129
5 0.335629 0.979193 0.004383 0.003442
48 0.202567 0.259700 0.012523 0.019399
48 0.499374 0.184449 0.011897 0.014080
48 0.255792 0.095745 0.017533 0.015019
48 0.139950 0.582134 0.019411 0.016583
48 0.445053 0.412078 0.026612 0.015645
48 0.312774 0.206195 0.016907 0.027534
5 0.413275 0.654568 0.001879 0.004380
47 0.094552 0.727003 0.058860 0.067272
5 0.054947 0.531133 0.006575 0.005319
48 0.264715 0.284105 0.014715 0.014393
48 0.481058 0.224030 0.010958 0.010638
48 0.046963 0.288642 0.014402 0.017209
48 0.222135 0.690551 0.024108 0.025031
48 0.170006 0.579005 0.018159 0.014706
48 0.441766 0.421151 0.025047 0.012516
48 0.370695 0.445870 0.018785 0.022528
10 0.462430 0.818992 0.010019 0.011577
5 0.355354 0.857322 0.003757 0.004380
5 0.327646 0.988736 0.004696 0.003755
48 0.174859 0.279412 0.019724 0.009387
48 0.096274 0.027847 0.014715 0.008761
48 0.068410 0.341677 0.019098 0.020025
48 0.187539 0.447121 0.021290 0.015019
48 0.391359 0.227472 0.013776 0.011890
48 0.306356 0.106696 0.004696 0.005006
5 0.343143 0.969806 0.005009 0.004068
5 0.311835 0.978567 0.003757 0.003442
48 0.224170 0.237641 0.007514 0.010951
48 0.375078 0.282071 0.006888 0.012203
48 0.466656 0.311796 0.039136 0.025970
48 0.125078 0.187578 0.014089 0.019712
48 0.232311 0.516114 0.036944 0.024093
48 0.311209 0.494212 0.013150 0.010325
48 0.438948 0.279255 0.015028 0.018461
48 0.410927 0.212453 0.013463 0.011890
48 0.097996 0.140019 0.013150 0.020964
5 0.523168 0.353567 0.006262 0.003129
5 0.338917 0.987954 0.004070 0.004068
48 0.133532 0.351846 0.009080 0.012203
48 0.185191 0.663329 0.015967 0.013141
48 0.263150 0.466208 0.009080 0.010638
48 0.050564 0.118429 0.007827 0.012829
48 0.233876 0.056320 0.014402 0.023780
5 0.324515 0.281915 0.004070 0.005006
5 0.342048 0.952128 0.004070 0.003755
5 0.345335 0.989362 0.004383 0.004380
5 0.306043 0.996715 0.005322 0.002816
5 0.151378 0.948686 0.004070 0.003755
48 0.071697 0.378129 0.015028 0.012203
48 0.092204 0.384230 0.010958 0.008135
48 0.238729 0.229662 0.007201 0.013767
48 0.537101 0.309919 0.019724 0.025344
48 0.435817 0.299906 0.023168 0.019712
48 0.373982 0.207760 0.017220 0.015645
5 0.354258 0.240926 0.005322 0.005006
5 0.347683 0.995776 0.004070 0.002816
48 0.182217 0.261108 0.006888 0.007822
48 0.148873 0.084481 0.012210 0.009387
48 0.064496 0.549906 0.015654 0.008448
48 0.304790 0.468085 0.019724 0.023154
48 0.083594 0.167397 0.018785 0.017522
5 0.399969 0.896120 0.002818 0.003755
48 0.089543 0.379224 0.009393 0.007509
48 0.131653 0.360294 0.009706 0.010325
48 0.247652 0.242334 0.018159 0.022215
48 0.349718 0.272528 0.018785 0.012516
48 0.142924 0.948842 0.051033 0.051001
48 0.020351 0.753442 0.024421 0.021902
48 0.252348 0.456508 0.013150 0.020025
48 0.291954 0.352159 0.030996 0.025344
48 0.317314 0.034887 0.007827 0.009074
48 0.015185 0.253129 0.018472 0.010013
48 0.159361 0.178191 0.015654 0.011577
48 0.306669 0.152534 0.005949 0.009700
48 0.232780 0.306320 0.006575 0.009387
48 0.228710 0.308824 0.005949 0.008135
48 0.183782 0.256258 0.004383 0.005006
48 0.152630 0.119524 0.010958 0.012516
48 0.384941 0.331039 0.025360 0.021277
48 0.216813 0.177096 0.014089 0.013141
48 0.285222 0.065081 0.024421 0.018773
10 0.457264 0.829474 0.007827 0.008761
5 0.352379 0.970588 0.005322 0.003129
5 0.314809 0.974656 0.005322 0.004380
5 0.341108 0.985920 0.004070 0.003129
48 0.198810 0.242334 0.017533 0.013454
48 0.380088 0.260951 0.010645 0.013141
48 0.121791 0.243899 0.015028 0.020338
48 0.357389 0.309293 0.027865 0.022215
48 0.080463 0.373905 0.008766 0.021277
48 0.048215 0.410513 0.015654 0.015019
5 0.395429 0.936952 0.003131 0.002816
5 0.272229 0.962922 0.003444 0.005319
5 0.044615 0.568367 0.004070 0.007196
48 0.031622 0.391427 0.023168 0.030038
48 0.228084 0.321496 0.022855 0.012203
48 0.435504 0.446183 0.018159 0.014393
48 0.290232 0.038486 0.011271 0.013141
5 0.360363 0.948529 0.004383 0.004068
48 0.309956 0.252816 0.040701 0.037547
48 0.471979 0.252660 0.017220 0.025970
48 0.098309 0.043492 0.021290 0.016270
48 0.118660 0.041927 0.012523 0.015019
48 0.198028 0.102315 0.014089 0.008135
48 0.244991 0.188048 0.014715 0.017522
48 0.039449 0.130632 0.020038 0.009700
48 0.138854 0.359825 0.010332 0.009387
48 0.281778 0.323529 0.020664 0.025031
48 0.237320 0.034731 0.013776 0.018148
48 0.162805 0.079318 0.014402 0.015332
48 0.206794 0.160826 0.028491 0.022528
5 0.230745 0.132822 0.005636 0.002816
5 0.408579 0.904255 0.003757 0.003129
5 0.381027 0.923811 0.004383 0.004068
48 0.233719 0.316020 0.010332 0.006258
48 0.135723 0.657228 0.020351 0.017209
48 0.224014 0.403942 0.010958 0.018148
48 0.332185 0.473874 0.015028 0.021589
48 0.332498 0.386108 0.013150 0.017522
5 0.379931 0.955257 0.005949 0.004380
5 0.298842 0.994368 0.004696 0.003129
5 0.056669 0.538016 0.004383 0.007822
48 0.230276 0.237171 0.005949 0.009387
48 0.092674 0.156602 0.020038 0.010951
48 0.089856 0.201033 0.010019 0.018461
48 0.249843 0.540676 0.020038 0.015645
5 0.326393 0.991083 0.004070 0.002816
5 0.049311 0.523467 0.005322 0.005006
48 0.113807 0.357478 0.008453 0.014080
48 0.191140 0.260951 0.014715 0.012516
48 0.192079 0.252347 0.015341 0.009700
48 0.067314 0.100282 0.011897 0.009074
48 0.264872 0.172716 0.018785 0.012516
48 0.118660 0.377034 0.011897 0.017522
48 0.121008 0.359043 0.014715 0.017209
5 0.357232 0.964800 0.003757 0.004068
5 0.349249 0.962297 0.004070 0.002816
5 0.334220 0.982009 0.004696 0.003442
47 0.094552 0.795839 0.051972 0.055382
48 0.145742 0.354819 0.014715 0.018148
48 0.210394 0.261577 0.010645 0.019399
48 0.508453 0.173342 0.013150 0.013141
48 0.179399 0.182572 0.026925 0.014080
48 0.065435 0.637829 0.020038 0.017835
48 0.182217 0.408949 0.013776 0.013141
48 0.413901 0.236389 0.020038 0.027847
48 0.065748 0.144086 0.021916 0.012829
48 0.311522 0.108417 0.004383 0.005319
5 0.404978 0.900188 0.003444 0.002503
48 0.170006 0.288486 0.025047 0.017522
48 0.359580 0.262046 0.036005 0.027222
48 0.217126 0.068992 0.009706 0.013454
48 0.112085 0.628755 0.016281 0.009700
48 0.341578 0.334637 0.023168 0.013454
48 0.255009 0.076971 0.010332 0.006884
5 0.321540 0.212610 0.003131 0.004693
5 0.375078 0.942584 0.005009 0.003442
5 0.367095 0.954318 0.004070 0.002503
47 0.050407 0.778160 0.056356 0.058824
48 0.132279 0.370620 0.015341 0.010325
48 0.224796 0.038798 0.011271 0.020025
5 0.352849 0.938360 0.005636 0.005006
5 0.307765 0.995150 0.005009 0.002190
48 0.452411 0.284574 0.015654 0.024093
48 0.123982 0.576033 0.017533 0.016896
48 0.080307 0.568367 0.009080 0.022215
48 0.383532 0.552722 0.026299 0.020964
48 0.226832 0.378129 0.019098 0.020338
48 0.236537 0.204005 0.017220 0.011890
48 0.021290 0.108886 0.008140 0.014393
48 0.063400 0.179130 0.009706 0.012829
5 0.404195 0.214956 0.002505 0.004380
5 0.444114 0.533166 0.002192 0.003755
48 0.452880 0.298029 0.009706 0.005945
48 0.492642 0.194931 0.014715 0.015645
48 0.180964 0.516740 0.012523 0.022215
48 0.077802 0.195088 0.011584 0.009074
48 0.203350 0.175219 0.016594 0.011890
48 0.297746 0.140175 0.005009 0.007509
5 0.376800 0.939299 0.004070 0.003129
5 0.351284 0.959950 0.004383 0.003129
5 0.358015 0.982322 0.004696 0.004068
5 0.346274 0.966521 0.004383 0.003129
5 0.329837 0.987171 0.004070 0.003129
5 0.344709 0.980444 0.005636 0.004068
48 0.225579 0.228880 0.005949 0.008448
48 0.113024 0.073529 0.010645 0.011264
48 0.026456 0.560857 0.023482 0.024093
48 0.197714 0.519243 0.009706 0.014706
48 0.323732 0.216521 0.012523 0.025031
5 0.366468 0.940864 0.004696 0.003129
48 0.300250 0.165676 0.009393 0.007196
48 0.047902 0.210263 0.013150 0.014393
48 0.334690 0.345901 0.025047 0.009074
48 0.450063 0.245150 0.023482 0.024718
48 0.305260 0.143148 0.011897 0.009700
5 0.267220 0.224969 0.004696 0.003129
5 0.355980 0.934762 0.006888 0.004068
5 0.364433 0.943523 0.005009 0.003442
10 0.458673 0.345275 0.016281 0.005945
5 0.323889 0.975907 0.004696 0.004380
48 0.454133 0.099499 0.030369 0.037547
48 0.141359 0.228723 0.021603 0.013767
48 0.120225 0.273154 0.021290 0.011264
48 0.373043 0.217616 0.020351 0.010951
48 0.035535 0.215738 0.013463 0.015957
5 0.535222 0.357947 0.003444 0.003129
5 0.179712 0.937735 0.004383 0.003755
48 0.097996 0.383292 0.006888 0.008761
48 0.222605 0.264237 0.018785 0.019086
