48 0.996242 0.258135 0.007516 0.005632
48 0.988882 0.157384 0.022236 0.008761
48 0.996712 0.123436 0.006577 0.006571
48 0.995929 0.118586 0.008143 0.008761
48 0.595835 0.806164 0.012214 0.009700
48 0.597244 0.788486 0.016912 0.026909
48 0.592859 0.771277 0.008143 0.011890
48 0.587065 0.786921 0.009082 0.013767
48 0.625274 0.808511 0.013467 0.008761
48 0.640150 0.794274 0.010022 0.009074
48 0.641716 0.805538 0.012527 0.010951
48 0.641716 0.815081 0.012527 0.011264
48 0.671782 0.816646 0.008769 0.008135
48 0.647510 0.822591 0.009709 0.008135
48 0.650642 0.817272 0.009709 0.007509
48 0.627623 0.830726 0.010022 0.006884
48 0.622142 0.824468 0.009082 0.012516
48 0.664422 0.829944 0.009082 0.007196
48 0.612120 0.835419 0.009082 0.016270
48 0.624491 0.581977 0.016286 0.018773
48 0.676167 0.826815 0.011275 0.010951
48 0.683840 0.809762 0.009082 0.009387
48 0.670999 0.833855 0.005951 0.004380
48 0.642656 0.744837 0.007516 0.010951
48 0.633730 0.728098 0.008456 0.008135
48 0.627310 0.725595 0.006890 0.007509
48 0.624334 0.757353 0.011588 0.011577
48 0.669120 0.766114 0.007830 0.009074
48 0.665205 0.762359 0.005637 0.005319
48 0.663639 0.782071 0.010648 0.016583
48 0.658002 0.778942 0.016912 0.019086
48 0.615252 0.741083 0.006577 0.006571
48 0.596304 0.721370 0.018791 0.012203
48 0.579392 0.716364 0.011275 0.011577
48 0.583464 0.707916 0.008769 0.012829
48 0.567648 0.689768 0.013467 0.011577
48 0.606013 0.684606 0.028813 0.020025
48 0.586596 0.686640 0.011275 0.020964
48 0.652521 0.648467 0.015346 0.012829
48 0.643752 0.650657 0.011588 0.009074
48 0.650329 0.660357 0.007830 0.007196
48 0.733323 0.671621 0.012214 0.010951
48 0.748826 0.688517 0.011901 0.013454
48 0.740370 0.708385 0.017538 0.027534
48 0.675227 0.749687 0.010022 0.013141
48 0.618541 0.796308 0.021923 0.028786
48 0.606013 0.809919 0.011275 0.007822
48 0.719543 0.705100 0.019104 0.024718
48 0.699029 0.642365 0.008769 0.010013
48 0.664735 0.590269 0.019731 0.024093
48 0.979017 0.326815 0.028813 0.009074
48 0.954745 0.333073 0.007203 0.018461
48 0.969151 0.312109 0.011588 0.005319
48 0.980426 0.306790 0.013467 0.005945
48 0.991857 0.308354 0.006264 0.004693
48 0.984341 0.332916 0.007516 0.005632
48 0.968525 0.331665 0.014720 0.007509
48 0.943157 0.311483 0.010335 0.007822
48 0.950830 0.320244 0.008769 0.006571
48 0.937050 0.318680 0.010648 0.007822
48 0.975102 0.346527 0.009082 0.006571
48 0.969464 0.345588 0.004071 0.004693
48 0.984654 0.347153 0.013780 0.006571
48 0.964923 0.351064 0.010648 0.016270
48 0.951300 0.346370 0.019731 0.011890
48 0.939399 0.362797 0.014093 0.005945
48 0.914500 0.341208 0.005011 0.013454
48 0.903069 0.350125 0.006577 0.005632
48 0.897902 0.351690 0.016912 0.011890
48 0.878954 0.335576 0.007203 0.019086
48 0.861416 0.332290 0.005324 0.021277
48 0.835578 0.349812 0.006890 0.018148
48 0.819136 0.344337 0.017225 0.011577
48 0.826652 0.336045 0.005951 0.009387
48 0.807078 0.360920 0.005637 0.016583
48 0.841059 0.366552 0.010335 0.012829
48 0.862825 0.351846 0.010022 0.008448
48 0.932352 0.343398 0.009396 0.009074
48 0.961165 0.314143 0.005011 0.011890
48 0.977764 0.292397 0.027560 0.008448
48 0.957720 0.288173 0.019417 0.011264
48 0.990604 0.257509 0.005637 0.004380
48 0.954432 0.256884 0.032884 0.015019
48 0.894770 0.255476 0.008143 0.014706
48 0.898215 0.267365 0.018165 0.010951
48 0.886627 0.249061 0.008769 0.009387
48 0.876448 0.286765 0.007830 0.012203
48 0.868775 0.281446 0.009396 0.005319
48 0.876135 0.296621 0.007830 0.009387
48 0.882712 0.296934 0.008456 0.009387
48 0.891325 0.290989 0.009396 0.017522
48 0.899781 0.287703 0.005637 0.010325
48 0.859380 0.322904 0.008143 0.021277
5 0.839179 0.315081 0.004071 0.006258
48 0.830567 0.366239 0.005637 0.010325
48 0.782493 0.403160 0.010335 0.016583
48 0.787504 0.392522 0.005324 0.005945
48 0.770905 0.419743 0.013467 0.012829
48 0.737707 0.434919 0.013467 0.013141
48 0.732853 0.434762 0.006264 0.006571
48 0.770592 0.440238 0.010961 0.018148
48 0.777795 0.471058 0.010335 0.011577
48 0.776699 0.481070 0.011275 0.012203
48 0.768713 0.470432 0.008456 0.012203
48 0.767930 0.483573 0.009396 0.006571
48 0.805982 0.470432 0.015972 0.007822
48 0.789226 0.492960 0.008769 0.009700
48 0.792828 0.504068 0.010961 0.013141
48 0.808174 0.521746 0.027247 0.008448
48 0.800814 0.513454 0.015659 0.010013
48 0.820388 0.512672 0.005951 0.006571
48 0.820702 0.518617 0.007203 0.005945
48 0.765581 0.527534 0.012214 0.005632
48 0.765738 0.507979 0.009396 0.006571
48 0.723458 0.518930 0.011901 0.005945
48 0.741622 0.508292 0.018791 0.012203
48 0.725963 0.494994 0.015033 0.007509
48 0.706546 0.492647 0.028187 0.009074
48 0.692765 0.497184 0.008143 0.005006
48 0.705919 0.522372 0.023802 0.009700
48 0.786721 0.521902 0.009396 0.011264
48 0.781084 0.510951 0.023176 0.010013
48 0.812246 0.512985 0.011588 0.009700
48 0.808174 0.494368 0.018478 0.011264
48 0.824147 0.479506 0.006577 0.022215
48 0.860006 0.448060 0.008769 0.021902
48 0.849045 0.449155 0.014407 0.017835
48 0.829784 0.427409 0.018478 0.007509
48 0.811776 0.440394 0.005637 0.009700
48 0.822267 0.416615 0.010961 0.015957
48 0.813498 0.416615 0.010961 0.014080
48 0.812559 0.425845 0.006577 0.007509
48 0.985124 0.249218 0.019731 0.010325
48 0.983558 0.188360 0.017852 0.020651
48 0.909490 0.228723 0.028813 0.011264
48 0.908393 0.221370 0.009082 0.004068
9 0.958190 0.208855 0.010335 0.003442
9 0.949107 0.198060 0.010335 0.004380
9 0.950830 0.219962 0.005011 0.008761
9 0.977451 0.236546 0.005637 0.008135
48 0.685249 0.719806 0.009396 0.011577
48 0.647980 0.705569 0.009396 0.013141
48 0.944723 0.367491 0.033511 0.016583
48 0.963984 0.373748 0.011901 0.024718
48 0.979330 0.374061 0.023176 0.023467
48 0.984184 0.362328 0.012214 0.008135
48 0.891951 0.493742 0.014407 0.005006
48 0.924366 0.465582 0.011588 0.019399
48 0.890542 0.479506 0.019731 0.009700
48 0.850298 0.479662 0.012527 0.019399
48 0.848888 0.483730 0.022863 0.024406
48 0.865017 0.480444 0.008769 0.020964
48 0.873630 0.481070 0.008456 0.016583
48 0.854995 0.498436 0.041340 0.027534
9 0.562794 0.700250 0.006890 0.011890
48 0.568431 0.701815 0.006890 0.010013
48 0.565299 0.710419 0.011275 0.013454
48 0.705763 0.748592 0.018478 0.015957
48 0.714219 0.745307 0.005951 0.008135
48 0.717350 0.738267 0.007830 0.007196
48 0.688381 0.771902 0.008769 0.006884
48 0.696054 0.764393 0.017852 0.013767
48 0.583151 0.777222 0.010648 0.024406
48 0.514250 0.742804 0.011901 0.016896
48 0.925149 0.510795 0.008769 0.014080
48 0.920764 0.535513 0.018165 0.020338
48 0.886470 0.534574 0.022236 0.016583
48 0.883339 0.513767 0.015346 0.008761
48 0.894300 0.498748 0.007203 0.004380
48 0.918259 0.495776 0.009396 0.006571
48 0.934231 0.497497 0.010022 0.018148
48 0.929064 0.489049 0.005324 0.007509
48 0.944096 0.481539 0.007203 0.015645
48 0.922800 0.479349 0.009709 0.012516
48 0.867679 0.455413 0.005324 0.007196
48 0.892578 0.450250 0.008143 0.020651
48 0.929220 0.437578 0.022549 0.014706
48 0.873160 0.355288 0.006264 0.006571
48 0.874883 0.372028 0.006577 0.005632
48 0.792358 0.365926 0.006890 0.007196
48 0.720013 0.525814 0.010022 0.015332
48 0.738490 0.528786 0.013780 0.013767
48 0.717350 0.534262 0.005951 0.008448
48 0.644848 0.566176 0.010648 0.010325
48 0.642656 0.572747 0.007516 0.006571
48 0.647980 0.560075 0.014407 0.013141
48 0.661604 0.570870 0.012214 0.008448
48 0.591607 0.632822 0.011901 0.012829
48 0.580175 0.643304 0.010961 0.020651
48 0.615409 0.747653 0.014407 0.010325
48 0.613843 0.761421 0.022549 0.022215
48 0.580802 0.736859 0.014093 0.015645
48 0.591137 0.728880 0.019731 0.009074
48 0.575164 0.712297 0.012214 0.015957
48 0.562637 0.730914 0.019104 0.025031
48 0.884435 0.434293 0.018791 0.011264
48 0.869558 0.436014 0.007830 0.014080
48 0.945662 0.450094 0.012841 0.019712
48 0.933605 0.454787 0.019417 0.010325
48 0.945819 0.435544 0.019417 0.011890
48 0.884278 0.434449 0.017225 0.012203
48 0.736611 0.444149 0.013154 0.006571
48 0.764798 0.499844 0.006264 0.011577
48 0.739430 0.500000 0.009396 0.005006
9 0.701221 0.729819 0.011901 0.014080
9 0.704197 0.731852 0.011588 0.012516
48 0.600846 0.701971 0.021610 0.015332
48 0.592390 0.707916 0.010335 0.008448
48 0.582837 0.677722 0.008769 0.015645
48 0.578766 0.693680 0.010022 0.015645
48 0.590041 0.735138 0.003758 0.005319
48 0.653304 0.761108 0.011275 0.012203
48 0.617914 0.820870 0.007516 0.008448
48 0.661134 0.660044 0.008769 0.011577
48 0.603977 0.652691 0.011588 0.010638
48 0.613530 0.654568 0.011275 0.008761
48 0.639994 0.667866 0.010335 0.004693
48 0.638898 0.672716 0.008143 0.007509
48 0.694488 0.657384 0.014093 0.022528
48 0.651112 0.638611 0.018791 0.011890
48 0.749609 0.581352 0.012841 0.010013
48 0.708738 0.603254 0.025055 0.025657
48 0.646727 0.676001 0.013154 0.010951
48 0.626214 0.850125 0.007203 0.005632
48 0.613843 0.642991 0.024428 0.018773
48 0.584090 0.657697 0.015033 0.010638
48 0.665832 0.715738 0.016286 0.017209
48 0.682117 0.787234 0.005011 0.006258
48 0.845130 0.326815 0.012214 0.032228
48 0.950830 0.157854 0.014407 0.020338
48 0.953022 0.161295 0.010648 0.015332
48 0.763389 0.406915 0.019731 0.014080
48 0.771062 0.428348 0.011901 0.009387
48 0.865957 0.400814 0.010022 0.006884
5 0.876292 0.390645 0.004385 0.004068
48 0.883182 0.398623 0.008769 0.005006
48 0.816004 0.402222 0.005324 0.009074
48 0.828844 0.325563 0.008456 0.014080
48 0.780301 0.435075 0.012214 0.031602
48 0.837927 0.523936 0.009082 0.005945
48 0.812246 0.555695 0.015346 0.014393
48 0.791732 0.550532 0.007516 0.007822
48 0.764955 0.546777 0.007830 0.005945
48 0.759787 0.551158 0.006264 0.006571
48 0.775603 0.552566 0.013467 0.012516
48 0.733323 0.548655 0.011588 0.010325
48 0.723614 0.542084 0.007203 0.004693
9 0.671156 0.533166 0.017538 0.008761
9 0.671312 0.529568 0.017225 0.009074
9 0.671312 0.526126 0.016599 0.008448
9 0.672408 0.522841 0.016912 0.009387
9 0.680708 0.515957 0.005951 0.016270
9 0.676480 0.510169 0.009396 0.015332
9 0.670529 0.510013 0.010022 0.013767
48 0.611807 0.663799 0.015972 0.015332
9 0.956780 0.213235 0.011275 0.005945
48 0.985907 0.172559 0.021923 0.010951
48 0.973379 0.186796 0.010648 0.023154
48 0.966489 0.148467 0.018165 0.005945
10 0.964454 0.165832 0.020983 0.006258
10 0.666614 0.553504 0.007203 0.014393
10 0.672095 0.552409 0.007516 0.014080
10 0.675697 0.553348 0.007203 0.014080
10 0.679298 0.555538 0.006890 0.015957
10 0.683683 0.557728 0.006264 0.014706
10 0.846852 0.287391 0.011275 0.014080
48 0.893674 0.421621 0.024115 0.014706
48 0.806608 0.503285 0.018478 0.009700
48 0.902130 0.324468 0.022236 0.018148
48 0.908237 0.300219 0.011901 0.009700
48 0.873943 0.505945 0.012214 0.016896
48 0.966646 0.516583 0.016599 0.013767
48 0.800971 0.438517 0.013467 0.027222
48 0.774350 0.601377 0.015346 0.021902
10 0.686345 0.559293 0.009709 0.016583
48 0.840902 0.515645 0.021297 0.011890
10 0.699655 0.510795 0.013154 0.004068
48 0.774194 0.522059 0.019417 0.012829
48 0.803790 0.406758 0.010961 0.023154
48 0.976981 0.258292 0.024742 0.011577
48 0.889759 0.488736 0.019417 0.006258
48 0.902443 0.406133 0.010335 0.008761
48 0.683526 0.586514 0.015972 0.012203
48 0.884435 0.256884 0.014407 0.009387
48 0.786721 0.478254 0.012527 0.019712
48 0.941278 0.299593 0.017225 0.007822
48 0.974475 0.275657 0.018478 0.021902
10 0.936580 0.397059 0.022863 0.005006
10 0.692139 0.743742 0.013154 0.014393
48 0.827748 0.404568 0.021297 0.015019
48 0.916536 0.217459 0.019731 0.020025
48 0.733166 0.486859 0.039461 0.014393
48 0.885687 0.265801 0.010022 0.009700
48 0.777639 0.501564 0.023802 0.010638
10 0.968525 0.405663 0.017225 0.004693
48 0.816630 0.364049 0.015972 0.012829
48 0.882086 0.361546 0.011588 0.015332
48 0.749295 0.440081 0.014720 0.020964
48 0.881929 0.415676 0.011901 0.027222
48 0.825399 0.358573 0.007830 0.015645
10 0.919511 0.407384 0.005637 0.016270
10 0.690260 0.561796 0.010648 0.015332
48 0.893987 0.368116 0.010335 0.015957
48 0.972753 0.502503 0.014407 0.014393
5 0.995615 0.336201 0.001879 0.005945
48 0.825869 0.449625 0.018791 0.013141
48 0.742718 0.470901 0.027247 0.014393
48 0.647823 0.796777 0.010335 0.014706
48 0.759474 0.437578 0.012527 0.011577
48 0.941278 0.466208 0.024115 0.014393
48 0.802693 0.482947 0.011901 0.014706
48 0.860633 0.288955 0.010022 0.019712
48 0.953179 0.364987 0.011588 0.008448
48 0.923896 0.523936 0.018165 0.012203
48 0.656593 0.629850 0.022863 0.025031
10 0.957407 0.398467 0.020044 0.005945
48 0.818196 0.479349 0.012214 0.020025
48 0.746320 0.600595 0.028813 0.019712
10 0.904792 0.390488 0.014407 0.005632
10 0.961791 0.176001 0.018165 0.006571
48 0.943470 0.380476 0.036016 0.008135
48 0.909333 0.243429 0.036016 0.016270
48 0.852803 0.323060 0.006890 0.020338
48 0.625587 0.747497 0.017852 0.013767
48 0.650799 0.780976 0.014407 0.014393
48 0.758847 0.417710 0.014407 0.013141
10 0.954432 0.190238 0.021610 0.006258
48 0.848732 0.367491 0.006264 0.014706
48 0.698716 0.681946 0.022549 0.017835
48 0.643595 0.756884 0.018165 0.013767
48 0.792202 0.406289 0.010335 0.028473
48 0.854369 0.352159 0.006890 0.011577
48 0.917789 0.512359 0.007203 0.006571
48 0.657219 0.723874 0.025368 0.021589
10 0.948638 0.411452 0.006264 0.010638
48 0.974319 0.484512 0.008769 0.017209
48 0.879111 0.321496 0.010648 0.010951
48 0.729095 0.532541 0.012527 0.023780
48 0.772314 0.395807 0.013154 0.018148
48 0.946759 0.270338 0.023176 0.020025
48 0.729095 0.507040 0.008143 0.012203
48 0.811149 0.543335 0.018165 0.007822
48 0.733793 0.624218 0.023802 0.013767
48 0.595991 0.647685 0.016912 0.017522
48 0.837300 0.325720 0.010335 0.017522
48 0.883495 0.287860 0.006890 0.011890
48 0.652834 0.549750 0.012841 0.013141
48 0.826965 0.435232 0.027247 0.011264
10 0.967116 0.155350 0.017538 0.008448
48 0.946759 0.354506 0.016912 0.008135
10 0.963827 0.221683 0.013467 0.007196
48 0.899781 0.278942 0.028813 0.012829
48 0.675697 0.716990 0.014720 0.014080
48 0.671782 0.656602 0.015033 0.010951
10 0.701065 0.507666 0.012214 0.003442
48 0.964297 0.239831 0.015033 0.010325
48 0.675540 0.635325 0.009396 0.014706
48 0.640777 0.656446 0.015033 0.010638
10 0.963044 0.205569 0.020670 0.004380
48 0.963514 0.478098 0.017852 0.010638
48 0.609302 0.798029 0.014720 0.027222
48 0.712809 0.477159 0.019417 0.008135
