48 0.696149 0.996558 0.011584 0.006884
48 0.512210 0.998123 0.011271 0.003755
48 0.707264 0.997497 0.005009 0.005006
48 0.974796 0.997810 0.014089 0.004380
48 0.839699 0.992960 0.013776 0.014080
48 0.820914 0.996245 0.010645 0.007509
48 0.914684 0.993742 0.026612 0.012516
48 0.889793 0.995776 0.018159 0.008448
48 0.969944 0.995463 0.008140 0.006571
48 0.975423 0.992647 0.006575 0.009074
48 0.981371 0.993899 0.007201 0.009700
48 0.790858 0.992804 0.015028 0.014393
48 0.832342 0.997028 0.015341 0.005945
48 0.347214 0.994524 0.019411 0.010951
48 0.584690 0.997966 0.015341 0.004068
48 0.583281 0.997653 0.006888 0.004693
48 0.990294 0.992334 0.015654 0.015332
48 0.618817 0.997810 0.021603 0.004380
48 0.416093 0.996089 0.018785 0.007822
48 0.501722 0.992178 0.017846 0.015645
48 0.477614 0.989987 0.015967 0.020025
48 0.308860 0.989987 0.014715 0.019399
48 0.003287 0.162390 0.006575 0.016270
48 0.005949 0.018930 0.011897 0.014080
48 0.012680 0.151283 0.015967 0.014080
48 0.022386 0.124374 0.010332 0.007196
48 0.341891 0.171934 0.009393 0.007822
48 0.352379 0.108104 0.006575 0.007822
48 0.355980 0.110763 0.009393 0.013141
48 0.278804 0.117491 0.010958 0.009700
48 0.465717 0.031915 0.010332 0.010013
48 0.469787 0.019243 0.012837 0.017835
48 0.458359 0.037703 0.010645 0.007196
48 0.426425 0.012046 0.009393 0.013454
48 0.540858 0.142053 0.010332 0.011890
48 0.482467 0.147528 0.008140 0.007196
48 0.498591 0.326502 0.007827 0.008448
48 0.448810 0.884387 0.014089 0.014080
48 0.235128 0.849812 0.009393 0.005006
48 0.478554 0.280820 0.010332 0.010325
48 0.737320 0.710419 0.015654 0.017209
48 0.329054 0.740457 0.015654 0.014706
48 0.238572 0.890175 0.011271 0.007509
48 0.781778 0.518304 0.016281 0.015332
48 0.819818 0.413642 0.019098 0.016270
48 0.226518 0.850125 0.009706 0.013767
48 0.757201 0.793492 0.011584 0.013767
48 0.739512 0.538173 0.018159 0.013141
48 0.409831 0.876095 0.015654 0.015645
48 0.244834 0.882196 0.012523 0.015332
48 0.422981 0.061952 0.009393 0.011890
48 0.757671 0.550219 0.013150 0.013454
48 0.195836 0.937109 0.009080 0.007509
48 0.719944 0.723248 0.018472 0.013454
48 0.744364 0.695713 0.011584 0.012829
48 0.175329 0.045056 0.020664 0.013767
48 0.251879 0.093554 0.013463 0.013767
48 0.425642 0.676784 0.011584 0.012516
48 0.200689 0.944305 0.016281 0.008135
48 0.395899 0.924593 0.012210 0.011264
48 0.403569 0.248123 0.023795 0.022528
48 0.493112 0.927879 0.010645 0.010325
48 0.714465 0.776752 0.017533 0.020338
48 0.224953 0.889237 0.019098 0.008761
48 0.317001 0.868429 0.018472 0.017835
48 0.256418 0.180851 0.023795 0.025031
48 0.842204 0.558980 0.013150 0.014080
48 0.826550 0.584481 0.011897 0.013141
48 0.441766 0.777222 0.013776 0.016896
48 0.757044 0.580413 0.018159 0.019399
48 0.986850 0.780507 0.018159 0.027847
48 0.924703 0.686170 0.014715 0.021277
48 0.873669 0.389862 0.015967 0.022528
48 0.963525 0.339018 0.015967 0.019712
48 0.740920 0.283323 0.010332 0.012203
48 0.788823 0.646120 0.017220 0.024406
48 0.779587 0.681008 0.011897 0.016583
48 0.212116 0.927722 0.012210 0.011264
48 0.790232 0.912703 0.015028 0.018148
48 0.294771 0.127660 0.012837 0.013141
48 0.984972 0.550845 0.017533 0.013454
48 0.861459 0.626564 0.009080 0.009700
48 0.445053 0.869837 0.012210 0.016270
48 0.505792 0.926784 0.011584 0.013767
48 0.245147 0.839174 0.016281 0.011264
48 0.980589 0.538955 0.018159 0.014080
48 0.779743 0.540363 0.013463 0.011264
48 0.852536 0.495463 0.021916 0.016583
48 0.272229 0.186327 0.027239 0.027847
48 0.880401 0.583385 0.016907 0.017835
48 0.464621 0.885638 0.009393 0.008448
48 0.034909 0.140019 0.015967 0.015957
48 0.904665 0.756727 0.020351 0.014080
48 0.837664 0.411765 0.020977 0.020025
48 0.405135 0.944462 0.011897 0.010951
48 0.199906 0.014862 0.012837 0.012203
48 0.324984 0.907228 0.023795 0.018461
48 0.899812 0.745150 0.018159 0.009074
48 0.792110 0.525501 0.015028 0.014080
48 0.383062 0.274562 0.020351 0.017835
48 0.280526 0.192272 0.018159 0.019086
48 0.182843 0.155038 0.020664 0.028473
48 0.735441 0.567272 0.010645 0.010638
48 0.713212 0.816802 0.015654 0.018461
48 0.035535 0.088079 0.014089 0.020338
48 0.488259 0.938360 0.010958 0.010638
48 0.477301 0.267053 0.023482 0.029725
48 0.896368 0.734512 0.021290 0.017209
48 0.975266 0.350594 0.020038 0.022215
48 0.011271 0.132666 0.017533 0.016270
48 0.180495 0.126564 0.006575 0.012829
48 0.902473 0.806946 0.009706 0.017522
48 0.327489 0.843398 0.013150 0.013454
48 0.764089 0.542710 0.011584 0.013454
48 0.901221 0.562422 0.034753 0.019712
48 0.846587 0.573216 0.025673 0.014393
48 0.337508 0.826033 0.015654 0.016270
48 0.439574 0.679756 0.016907 0.017209
48 0.311835 0.883135 0.018159 0.017209
48 0.188322 0.931477 0.012837 0.011890
48 0.344396 0.093554 0.016281 0.019399
48 0.106137 0.064925 0.021290 0.014706
48 0.774108 0.850125 0.014715 0.008135
48 0.307608 0.127816 0.011584 0.015332
48 0.828585 0.444149 0.015967 0.017835
48 0.886976 0.986389 0.008766 0.010325
48 0.943018 0.582447 0.012523 0.011577
48 0.646681 0.736076 0.015967 0.020964
48 0.255166 0.012985 0.028178 0.024093
48 0.753757 0.802253 0.015341 0.015645
48 0.785222 0.532541 0.023168 0.017522
48 0.357232 0.019712 0.014402 0.016896
48 0.471822 0.889393 0.006888 0.009074
48 0.404352 0.690707 0.018472 0.017209
48 0.346900 0.714018 0.026925 0.021277
48 0.503444 0.721840 0.015654 0.016270
48 0.776769 0.909418 0.015028 0.025344
48 0.716813 0.802879 0.015967 0.014393
48 0.188165 0.132979 0.012523 0.020025
48 0.140889 0.072747 0.013150 0.020338
48 0.345648 0.724030 0.023168 0.020651
48 0.766437 0.861389 0.012523 0.024406
48 0.815592 0.839956 0.025047 0.016583
48 0.919693 0.798498 0.022229 0.015645
48 0.363807 0.041145 0.013776 0.014706
48 0.855354 0.565394 0.021916 0.013767
48 0.839856 0.588235 0.020977 0.019399
48 0.333125 0.057885 0.019411 0.019399
48 0.089073 0.043492 0.013463 0.010013
48 0.264872 0.095432 0.007514 0.008761
48 0.389950 0.060232 0.015341 0.020964
48 0.375548 0.048811 0.007827 0.010638
48 0.402317 0.070088 0.011271 0.015645
48 0.421572 0.049593 0.016594 0.014706
48 0.458046 0.025814 0.011897 0.010951
48 0.829211 0.679130 0.005949 0.005319
48 0.813400 0.707916 0.011271 0.007196
48 0.821227 0.712610 0.005636 0.005945
48 0.813400 0.696965 0.006262 0.005945
48 0.824828 0.704161 0.007827 0.004693
48 0.800407 0.704631 0.012837 0.010638
48 0.816844 0.717616 0.008140 0.009700
48 0.823106 0.709324 0.009393 0.006884
48 0.880557 0.709950 0.010332 0.009387
48 0.831246 0.983417 0.016281 0.009387
48 0.847057 0.944462 0.013463 0.007196
48 0.846431 0.949155 0.007827 0.005319
48 0.848622 0.929287 0.008453 0.006884
48 0.890889 0.939456 0.005322 0.004693
48 0.898873 0.933354 0.013150 0.007509
48 0.923607 0.941020 0.006262 0.007196
48 0.923607 0.935857 0.008140 0.005006
48 0.948184 0.934606 0.007827 0.007509
48 0.952254 0.946965 0.009706 0.007196
48 0.961960 0.948529 0.010332 0.008448
48 0.929242 0.937422 0.007514 0.011264
48 0.946306 0.960263 0.015967 0.010638
48 0.935191 0.964487 0.008766 0.009700
48 0.943644 0.966990 0.006888 0.005945
48 0.940044 0.973404 0.012837 0.009387
48 0.935661 0.969650 0.011584 0.008135
48 0.958673 0.967146 0.013150 0.010638
48 0.952254 0.971996 0.008453 0.012203
48 0.945836 0.975595 0.010645 0.008761
48 0.940044 0.979036 0.012210 0.008135
48 0.978867 0.974499 0.006575 0.007196
48 0.944584 0.949155 0.005009 0.005945
48 0.934721 0.953692 0.014715 0.008761
48 0.922198 0.899718 0.007827 0.006571
48 0.968222 0.881258 0.007201 0.005945
48 0.973701 0.883605 0.005009 0.005632
48 0.930338 0.906133 0.011584 0.023154
48 0.917502 0.888611 0.004696 0.008761
48 0.967752 0.889080 0.006888 0.008448
48 0.953350 0.866239 0.010645 0.015332
48 0.987163 0.890175 0.011897 0.018148
48 0.949280 0.873748 0.012523 0.024093
48 0.940983 0.874844 0.016594 0.020651
48 0.925485 0.851220 0.005009 0.007822
48 0.938322 0.844650 0.018785 0.016583
48 0.917502 0.849969 0.007827 0.014080
48 0.920476 0.826971 0.007514 0.006884
48 0.906387 0.832134 0.006262 0.005945
48 0.931747 0.825407 0.008766 0.011264
48 0.894646 0.857165 0.007827 0.015332
48 0.893394 0.841208 0.008453 0.014080
48 0.889011 0.842146 0.007827 0.013454
48 0.884001 0.840426 0.005949 0.007509
48 0.872104 0.834637 0.014715 0.019086
48 0.877113 0.827441 0.005322 0.005945
48 0.878679 0.831977 0.004696 0.005632
48 0.835160 0.886577 0.005949 0.010325
48 0.935974 0.823686 0.007201 0.010951
48 0.851910 0.780976 0.012523 0.020025
48 0.838604 0.792553 0.009080 0.010638
48 0.821853 0.783792 0.010019 0.008761
48 0.828898 0.781133 0.006575 0.005945
48 0.826550 0.791927 0.011897 0.013767
48 0.831403 0.781758 0.009080 0.010951
48 0.818096 0.810232 0.006888 0.009700
48 0.842517 0.775657 0.008140 0.006884
48 0.831403 0.748436 0.009080 0.006258
48 0.814966 0.765488 0.007514 0.010325
48 0.857545 0.765332 0.009393 0.008135
48 0.894959 0.810857 0.013463 0.019712
48 0.768629 0.745932 0.010019 0.011890
48 0.781935 0.723717 0.012210 0.016270
48 0.774421 0.736076 0.010958 0.014706
48 0.747495 0.743116 0.024734 0.030038
48 0.720413 0.705882 0.019411 0.015019
48 0.700532 0.705882 0.005949 0.005006
48 0.695053 0.697747 0.012523 0.012516
48 0.688322 0.691959 0.010958 0.009700
48 0.698810 0.677879 0.011271 0.008448
48 0.705855 0.681790 0.008453 0.006884
48 0.720726 0.639393 0.022542 0.028473
48 0.716030 0.622966 0.020038 0.014393
48 0.715874 0.598404 0.012210 0.013454
48 0.706794 0.582760 0.012210 0.011577
48 0.727458 0.551471 0.009706 0.009074
48 0.746869 0.531758 0.019098 0.015332
48 0.735285 0.543023 0.014089 0.010951
48 0.735285 0.525344 0.010332 0.013141
48 0.771290 0.522997 0.007827 0.009074
48 0.759236 0.527691 0.009393 0.009700
48 0.798998 0.502972 0.013150 0.010951
48 0.788353 0.493429 0.017533 0.021902
48 0.805103 0.480131 0.016594 0.014706
48 0.807765 0.490144 0.028178 0.021589
48 0.822167 0.472622 0.023168 0.019086
48 0.786162 0.462140 0.026299 0.018773
48 0.801972 0.446965 0.027239 0.020338
48 0.839386 0.517522 0.021290 0.016270
48 0.868817 0.504850 0.008766 0.010325
48 0.863964 0.500939 0.010958 0.011890
48 0.852693 0.542240 0.009080 0.010013
48 0.871478 0.557103 0.007201 0.006571
48 0.887289 0.574312 0.017533 0.019712
48 0.834534 0.537860 0.004696 0.005632
48 0.840482 0.501877 0.007201 0.006884
48 0.858798 0.513298 0.013150 0.010325
48 0.858328 0.517678 0.009706 0.007822
48 0.869286 0.525031 0.017220 0.012516
48 0.890263 0.525814 0.006575 0.005319
48 0.902630 0.548967 0.020038 0.018461
48 0.892142 0.552409 0.010332 0.007196
48 0.681590 0.749374 0.015028 0.018148
48 0.668128 0.756414 0.010645 0.012203
48 0.693644 0.760169 0.011584 0.012829
48 0.639793 0.746402 0.010332 0.009074
48 0.650282 0.747184 0.010645 0.010638
48 0.603632 0.735138 0.007514 0.009700
48 0.619286 0.754380 0.013150 0.016270
48 0.556982 0.803035 0.020664 0.016583
48 0.530839 0.787860 0.010958 0.009387
48 0.549155 0.818367 0.013776 0.007196
48 0.533031 0.783010 0.009706 0.007822
48 0.521916 0.767365 0.013776 0.013454
48 0.517689 0.754224 0.009706 0.009074
48 0.533813 0.736076 0.006262 0.007822
48 0.527552 0.740300 0.013150 0.017522
48 0.626800 0.919743 0.008766 0.007196
48 0.624609 0.906758 0.015654 0.019399
48 0.550877 0.928348 0.015341 0.012516
48 0.521916 0.931320 0.008140 0.011577
48 0.531465 0.933980 0.007201 0.011264
48 0.501565 0.916145 0.011897 0.016896
48 0.553225 0.936952 0.009393 0.016583
48 0.516124 0.942115 0.007827 0.009387
48 0.523638 0.940238 0.005949 0.005632
48 0.792580 0.886264 0.029117 0.015332
48 0.757358 0.889706 0.006888 0.012203
48 0.764402 0.888454 0.010958 0.007196
48 0.768159 0.880319 0.014715 0.011577
48 0.792893 0.895494 0.010332 0.010638
48 0.775986 0.893930 0.013463 0.015645
48 0.826393 0.882822 0.012210 0.018461
48 0.802755 0.906758 0.015028 0.011264
48 0.857858 0.850595 0.012523 0.009074
48 0.854415 0.841208 0.013776 0.015332
48 0.849405 0.831039 0.015028 0.016896
48 0.862711 0.837297 0.014715 0.017522
48 0.865999 0.846840 0.011897 0.007822
48 0.867095 0.819305 0.013463 0.017209
48 0.846274 0.821496 0.011271 0.007196
48 0.855667 0.817428 0.011897 0.008448
48 0.847370 0.800063 0.010332 0.011890
48 0.870069 0.734981 0.008140 0.008135
48 0.894490 0.725438 0.012523 0.007196
48 0.920946 0.725438 0.011584 0.009700
48 0.918284 0.716208 0.012523 0.013767
48 0.922981 0.732322 0.013150 0.009700
48 0.930025 0.720275 0.012210 0.010638
48 0.927051 0.736233 0.015654 0.009387
48 0.888698 0.763611 0.011584 0.015332
48 0.890263 0.768773 0.009080 0.005632
48 0.940983 0.766270 0.013463 0.007509
48 0.932686 0.752503 0.009393 0.008761
48 0.940200 0.747184 0.012523 0.008135
48 0.940983 0.751252 0.009706 0.007509
5 0.946932 0.749844 0.002192 0.004068
5 0.949750 0.757040 0.002818 0.004068
48 0.950845 0.747497 0.020038 0.033166
48 0.955229 0.740457 0.007514 0.011577
48 0.971196 0.745307 0.014402 0.019399
48 0.978867 0.729662 0.010332 0.012516
48 0.972918 0.730601 0.009080 0.011264
48 0.966343 0.733260 0.010958 0.011577
48 0.963056 0.724499 0.006262 0.008448
48 0.958829 0.712766 0.007201 0.013767
48 0.947871 0.711045 0.012837 0.014706
48 0.967439 0.705413 0.012523 0.020338
48 0.981684 0.697121 0.011584 0.016270
48 0.991077 0.713392 0.010332 0.012516
48 0.982311 0.718398 0.011584 0.008761
48 0.994991 0.745307 0.006888 0.009387
48 0.966343 0.785826 0.034126 0.030350
48 0.916562 0.812578 0.007201 0.006884
48 0.914214 0.807103 0.005636 0.005319
48 0.911240 0.811014 0.008453 0.010013
48 0.884471 0.807416 0.012523 0.010325
48 0.790858 0.860451 0.011271 0.009387
48 0.745930 0.885482 0.014089 0.009387
48 0.743269 0.896277 0.012523 0.012829
48 0.733093 0.892835 0.012837 0.007196
48 0.731684 0.897528 0.011271 0.005319
48 0.732467 0.903160 0.010332 0.008448
48 0.725110 0.905507 0.015028 0.007509
48 0.750939 0.905507 0.011584 0.016270
48 0.742486 0.903160 0.007201 0.003442
48 0.680651 0.891114 0.020664 0.022528
48 0.679555 0.882040 0.006575 0.009387
48 0.495773 0.890957 0.015341 0.010325
48 0.496243 0.885638 0.007514 0.005319
48 0.466030 0.896902 0.005322 0.005945
48 0.380088 0.855444 0.010019 0.014393
48 0.365686 0.859355 0.013150 0.015957
48 0.384314 0.831977 0.020351 0.026283
48 0.399812 0.788486 0.008766 0.008761
48 0.405448 0.777222 0.015654 0.018773
48 0.409831 0.762203 0.009393 0.009387
48 0.403256 0.792084 0.006262 0.005945
48 0.408892 0.795369 0.008766 0.007509
48 0.453663 0.823842 0.008766 0.009387
48 0.468848 0.796464 0.017220 0.017835
48 0.475266 0.803974 0.020664 0.024093
48 0.483093 0.811327 0.021290 0.025031
48 0.485441 0.824155 0.013463 0.010638
48 0.436600 0.825720 0.007827 0.008135
48 0.529900 0.793961 0.007201 0.008448
48 0.541327 0.777847 0.019411 0.013767
48 0.523951 0.758448 0.010958 0.008761
48 0.510019 0.778317 0.011897 0.016583
48 0.494364 0.736389 0.012523 0.010951
48 0.500157 0.746871 0.014089 0.014393
48 0.476205 0.712453 0.020038 0.027534
48 0.429242 0.792397 0.023168 0.025970
48 0.443644 0.766583 0.018785 0.014393
48 0.458673 0.798811 0.013150 0.014393
48 0.501722 0.804600 0.015967 0.011577
48 0.529274 0.769399 0.005322 0.006258
48 0.533031 0.770494 0.005949 0.005319
48 0.535066 0.767053 0.006262 0.004693
48 0.547120 0.739362 0.009706 0.007509
48 0.547433 0.713079 0.017220 0.014393
48 0.550877 0.706977 0.015967 0.012829
48 0.531778 0.708698 0.015341 0.011264
48 0.512054 0.721370 0.004696 0.005945
48 0.453193 0.733417 0.009080 0.006884
48 0.285692 0.789111 0.013463 0.006884
48 0.286788 0.798029 0.006262 0.012203
48 0.380244 0.922403 0.022229 0.015019
48 0.379775 0.910982 0.021290 0.014080
48 0.434721 0.853098 0.015341 0.012203
5 0.421572 0.855131 0.004696 0.005006
48 0.288510 0.094493 0.007201 0.007509
48 0.283031 0.102003 0.007514 0.006258
48 0.278491 0.105914 0.005949 0.007196
48 0.272855 0.112484 0.005322 0.005945
48 0.318566 0.117960 0.012210 0.013141
48 0.313557 0.114205 0.015967 0.015645
48 0.329368 0.154881 0.019411 0.017522
48 0.333438 0.170839 0.011271 0.013767
48 0.353475 0.149875 0.015028 0.014393
5 0.355041 0.250782 0.005009 0.005319
5 0.347057 0.263924 0.004070 0.004693
48 0.371791 0.227315 0.009080 0.008448
48 0.462273 0.239049 0.012210 0.014393
48 0.785066 0.602785 0.025360 0.023467
48 0.818566 0.626721 0.018472 0.015645
48 0.840013 0.632822 0.018159 0.022215
48 0.862398 0.643617 0.029117 0.031915
48 0.878209 0.620932 0.013776 0.011577
48 0.885097 0.597466 0.012523 0.012829
48 0.892298 0.606383 0.006888 0.005006
48 0.903569 0.630789 0.010019 0.009387
48 0.911240 0.625782 0.009706 0.011890
48 0.908109 0.628911 0.008453 0.009387
48 0.911083 0.657228 0.010645 0.008448
48 0.879618 0.675532 0.012210 0.011264
48 0.933782 0.628598 0.010958 0.008761
48 0.951785 0.630476 0.020664 0.012516
48 0.967126 0.614675 0.013776 0.012203
48 0.960864 0.605601 0.012523 0.012829
48 0.979806 0.604036 0.018472 0.015957
48 0.965560 0.581977 0.013776 0.015645
48 0.957733 0.582760 0.004383 0.005945
48 0.951628 0.586045 0.010958 0.008761
48 0.931747 0.596370 0.010645 0.013767
48 0.943175 0.601846 0.015967 0.010951
48 0.942549 0.609043 0.007201 0.005945
48 0.929555 0.608260 0.018785 0.011264
48 0.930651 0.613110 0.017220 0.010325
48 0.964465 0.627816 0.007827 0.010325
48 0.976832 0.631727 0.015028 0.016896
48 0.907796 0.638141 0.011584 0.011577
48 0.885567 0.616708 0.008453 0.010013
48 0.825141 0.619055 0.019724 0.016583
48 0.804634 0.607322 0.007514 0.012516
48 0.730902 0.604506 0.007201 0.009387
48 0.745304 0.640488 0.011584 0.010638
48 0.753757 0.650814 0.010958 0.012516
48 0.763463 0.661765 0.011584 0.012516
48 0.780056 0.716051 0.009080 0.007196
48 0.775986 0.719337 0.005949 0.006258
48 0.800720 0.737015 0.009706 0.007822
48 0.706637 0.702910 0.014402 0.011577
48 0.671885 0.746245 0.009393 0.012516
48 0.653413 0.773623 0.012523 0.016583
48 0.636036 0.752503 0.014089 0.012516
48 0.630401 0.760013 0.010958 0.010013
48 0.627113 0.766740 0.010019 0.007822
48 0.614277 0.740300 0.018159 0.014393
48 0.612242 0.750000 0.009080 0.006884
48 0.605667 0.753598 0.013463 0.007822
48 0.599092 0.773467 0.008453 0.006884
48 0.574828 0.779725 0.012523 0.010638
9 0.552912 0.760325 0.005636 0.013141
9 0.544145 0.761264 0.007514 0.010638
9 0.537257 0.757666 0.006262 0.010325
9 0.540232 0.745776 0.010332 0.006571
48 0.473701 0.786921 0.011271 0.007509
48 0.463682 0.783479 0.018159 0.015645
48 0.423450 0.779881 0.008453 0.007196
48 0.346744 0.699312 0.005322 0.005632
48 0.274421 0.810232 0.020351 0.022215
48 0.264715 0.839956 0.015967 0.022841
48 0.212430 0.868429 0.007827 0.007822
48 0.212273 0.892678 0.031309 0.017522
48 0.202724 0.901126 0.015341 0.010638
48 0.261741 0.929443 0.013150 0.020964
48 0.183469 0.951033 0.018159 0.020964
48 0.215247 0.970588 0.020351 0.016896
48 0.291954 0.927879 0.017220 0.010951
48 0.345805 0.896902 0.007827 0.007822
48 0.332812 0.865926 0.010019 0.007196
48 0.315279 0.801158 0.020664 0.016583
48 0.298059 0.799124 0.018159 0.021277
48 0.263463 0.804600 0.013463 0.017209
48 0.297276 0.767522 0.014089 0.010638
48 0.358328 0.717772 0.013463 0.011264
48 0.450845 0.707760 0.017533 0.015019
48 0.465717 0.742647 0.012837 0.016583
48 0.564966 0.722466 0.008453 0.009387
48 0.583281 0.762359 0.015654 0.012203
48 0.675955 0.763141 0.012523 0.012516
48 0.705698 0.767209 0.016907 0.021902
48 0.731215 0.776909 0.010958 0.011890
48 0.741547 0.803348 0.025986 0.016583
48 0.737320 0.808354 0.006262 0.007822
48 0.730432 0.805695 0.013150 0.013767
48 0.789605 0.679912 0.017533 0.020651
48 0.817001 0.575094 0.022229 0.021277
48 0.800094 0.570400 0.014715 0.011264
48 0.767846 0.553817 0.012837 0.010013
48 0.783031 0.441489 0.007514 0.008761
48 0.794615 0.433198 0.007514 0.007822
48 0.810582 0.466364 0.011271 0.013454
48 0.805416 0.461984 0.013463 0.012829
48 0.949280 0.478254 0.015028 0.012829
48 0.951315 0.462297 0.008453 0.007822
48 0.959925 0.462453 0.016281 0.014393
48 0.947714 0.452910 0.009393 0.008448
48 0.945366 0.448842 0.017846 0.011577
48 0.941766 0.443367 0.020038 0.013141
48 0.889637 0.459793 0.012210 0.019712
48 0.900595 0.470901 0.008453 0.010638
48 0.836725 0.455257 0.017220 0.014393
48 0.828428 0.455882 0.006888 0.008135
48 0.719944 0.548811 0.009706 0.011264
48 0.691296 0.530350 0.011271 0.008761
48 0.718378 0.561640 0.007201 0.006884
48 0.751565 0.558980 0.013463 0.015332
48 0.753600 0.612328 0.009393 0.010638
48 0.851284 0.619368 0.008140 0.005945
5 0.857232 0.598717 0.005009 0.005945
48 0.831872 0.573842 0.015028 0.013767
48 0.800564 0.510482 0.010019 0.007196
48 0.842830 0.399875 0.011271 0.008761
48 0.883219 0.332603 0.011271 0.009387
48 0.917502 0.297247 0.014089 0.016896
48 0.895742 0.295526 0.008766 0.010325
48 0.888228 0.304443 0.015654 0.025657
48 0.838447 0.358573 0.006888 0.006884
48 0.862085 0.376721 0.011584 0.015645
48 0.857702 0.367334 0.009706 0.008135
48 0.844083 0.369837 0.017533 0.013767
48 0.856293 0.378442 0.011271 0.009074
48 0.852379 0.382196 0.012837 0.009700
48 0.862242 0.386733 0.007514 0.011264
48 0.858798 0.392678 0.012523 0.010013
48 0.859267 0.399406 0.005949 0.005319
48 0.726832 0.681477 0.006575 0.005632
48 0.680025 0.707603 0.007514 0.008448
48 0.636662 0.814768 0.011584 0.011890
48 0.654665 0.831352 0.021916 0.028786
48 0.489042 0.761108 0.014402 0.016583
48 0.281778 0.852785 0.006888 0.008448
5 0.173763 0.879380 0.004383 0.005945
48 0.243269 0.215113 0.013150 0.014080
48 0.436130 0.056164 0.025673 0.020964
48 0.298528 0.203849 0.022855 0.023467
48 0.602536 0.282697 0.014715 0.015332
48 0.962116 0.491865 0.022542 0.015019
48 0.611302 0.459324 0.009706 0.008761
48 0.812931 0.564768 0.030369 0.018773
48 0.696619 0.523936 0.011271 0.010325
48 0.753444 0.542397 0.014089 0.018461
48 0.980589 0.475751 0.010019 0.007196
48 0.974953 0.487171 0.010645 0.012516
48 0.992642 0.476846 0.008453 0.010638
48 0.982311 0.458542 0.012210 0.010951
48 0.971979 0.443367 0.014089 0.012516
48 0.947245 0.431320 0.032248 0.018461
48 0.949750 0.419743 0.008453 0.009700
48 0.953820 0.422716 0.009080 0.007509
48 0.945210 0.404255 0.014402 0.011264
48 0.938322 0.396277 0.013150 0.016583
48 0.975736 0.371245 0.010332 0.007822
48 0.989981 0.378755 0.007514 0.010325
48 0.943175 0.352785 0.011584 0.013454
48 0.982467 0.331195 0.013776 0.018461
48 0.973701 0.335732 0.010645 0.011264
48 0.991390 0.335263 0.010332 0.015332
48 0.988885 0.349030 0.010958 0.007822
48 0.910457 0.299593 0.006262 0.005319
48 0.904039 0.293805 0.012837 0.011264
48 0.891515 0.285826 0.005949 0.005945
48 0.772855 0.299906 0.008453 0.009700
48 0.718848 0.297403 0.011271 0.008448
48 0.735441 0.321652 0.015654 0.012516
48 0.725736 0.300845 0.010645 0.010951
48 0.711647 0.292866 0.010019 0.008761
48 0.608641 0.283792 0.006888 0.007509
48 0.698810 0.589487 0.018785 0.016270
48 0.701941 0.603567 0.018785 0.015019
48 0.738259 0.686170 0.011271 0.008135
48 0.662805 0.783792 0.011897 0.013141
48 0.666719 0.792397 0.007827 0.007822
48 0.281935 0.140801 0.022229 0.025031
48 0.611302 0.043179 0.012837 0.010638
48 0.622261 0.046777 0.007827 0.012203
48 0.034283 0.038486 0.015341 0.015645
48 0.054634 0.109825 0.022855 0.013767
48 0.056512 0.100282 0.024734 0.007196
48 0.051659 0.089487 0.013776 0.015019
48 0.032561 0.059762 0.009393 0.009387
48 0.019098 0.095432 0.008766 0.005632
48 0.144646 0.059136 0.012523 0.008761
48 0.112711 0.056633 0.008140 0.005006
48 0.168128 0.141740 0.042580 0.035670
48 0.205698 0.170369 0.008140 0.007822
48 0.207733 0.147059 0.020351 0.016896
48 0.213682 0.151752 0.013463 0.013141
48 0.217439 0.154412 0.010958 0.012829
48 0.229023 0.172090 0.012837 0.011890
48 0.245773 0.171308 0.017533 0.017835
48 0.173763 0.121871 0.013150 0.012829
48 0.261271 0.826815 0.006575 0.009074
48 0.257984 0.834794 0.005636 0.008761
48 0.252818 0.832760 0.008453 0.008448
48 0.242956 0.832447 0.009393 0.005945
48 0.279587 0.836984 0.007514 0.006258
48 0.279743 0.841834 0.013463 0.010325
48 0.273012 0.835732 0.010019 0.014393
48 0.295398 0.853098 0.010332 0.007196
48 0.289605 0.867804 0.010019 0.008448
48 0.243895 0.853723 0.011271 0.010325
48 0.235285 0.857009 0.007201 0.008761
48 0.229806 0.862641 0.012523 0.010013
48 0.211021 0.873905 0.005636 0.006258
48 0.211021 0.882196 0.017533 0.010951
48 0.219161 0.881258 0.015028 0.009700
48 0.229336 0.896746 0.007201 0.005632
48 0.199123 0.920369 0.008766 0.006571
48 0.237320 0.932728 0.012523 0.008135
48 0.253601 0.938986 0.014402 0.009387
48 0.220883 0.930382 0.010958 0.007822
48 0.215247 0.936170 0.009080 0.010638
48 0.223544 0.939612 0.007514 0.008761
48 0.215874 0.944305 0.014089 0.008135
48 0.224796 0.946496 0.007514 0.008135
48 0.345335 0.976533 0.020038 0.020651
48 0.182999 0.928035 0.006575 0.010013
48 0.280213 0.961671 0.008140 0.011577
48 0.284753 0.965113 0.008453 0.010325
48 0.294458 0.969337 0.015967 0.011264
48 0.296337 0.984512 0.018472 0.024093
48 0.278961 0.977941 0.030056 0.030350
48 0.377583 0.977315 0.023168 0.006571
48 0.392298 0.971840 0.018785 0.006258
48 0.403882 0.967303 0.006888 0.005945
48 0.329994 0.967772 0.027552 0.031289
48 0.305729 0.913329 0.014089 0.016896
48 0.307138 0.901126 0.010645 0.011264
48 0.298842 0.903942 0.014715 0.013141
48 0.296493 0.911608 0.013776 0.013454
48 0.304164 0.889549 0.009706 0.009387
48 0.329837 0.876252 0.012837 0.014706
48 0.321540 0.858730 0.011271 0.008448
48 0.347683 0.878285 0.004696 0.005006
48 0.325767 0.892053 0.017846 0.013767
48 0.250000 0.864675 0.015967 0.022215
48 0.346744 0.909262 0.017846 0.018148
48 0.511741 0.909105 0.015967 0.023467
48 0.530213 0.914268 0.007201 0.005632
48 0.484972 0.844180 0.025047 0.026909
48 0.343926 0.928661 0.018472 0.025031
48 0.467126 0.935232 0.011897 0.010013
48 0.476988 0.940238 0.010332 0.009387
48 0.485911 0.946183 0.010645 0.010013
48 0.487477 0.956352 0.010645 0.016583
48 0.599718 0.921777 0.038510 0.040050
48 0.585786 0.890488 0.008766 0.014393
48 0.329211 0.759543 0.011584 0.010325
48 0.325454 0.754850 0.007201 0.005319
48 0.368347 0.762046 0.005949 0.005945
48 0.371791 0.767991 0.012210 0.011577
48 0.451785 0.722466 0.011897 0.014393
48 0.444271 0.715113 0.012523 0.014706
48 0.448967 0.719024 0.013150 0.013767
48 0.486537 0.713705 0.020038 0.023154
48 0.456481 0.726064 0.012523 0.015332
48 0.467752 0.727159 0.006262 0.004380
48 0.390889 0.656758 0.015967 0.007509
48 0.417032 0.625313 0.011897 0.010325
48 0.394177 0.644243 0.011897 0.010013
48 0.397934 0.651283 0.006262 0.005945
48 0.418754 0.616552 0.012210 0.008448
48 0.427520 0.620932 0.019724 0.024093
48 0.417971 0.687735 0.008140 0.009387
48 0.415310 0.680538 0.011584 0.005632
48 0.449750 0.694618 0.008453 0.010638
48 0.395742 0.684919 0.013150 0.015645
48 0.391359 0.696496 0.007514 0.009387
48 0.330933 0.728880 0.012523 0.011577
48 0.346118 0.748436 0.012210 0.011890
48 0.333438 0.747028 0.015654 0.015957
48 0.396368 0.756414 0.016907 0.019712
48 0.401378 0.731539 0.008766 0.007509
48 0.396368 0.728880 0.006262 0.005319
48 0.426581 0.764393 0.013463 0.019399
48 0.379775 0.770025 0.006262 0.005632
48 0.357858 0.770025 0.010645 0.015645
48 0.318879 0.766114 0.007827 0.008448
48 0.326550 0.771277 0.006262 0.008761
48 0.336099 0.765332 0.011584 0.010638
48 0.341578 0.762985 0.005636 0.006571
48 0.316061 0.758448 0.015341 0.018773
48 0.347996 0.811483 0.024108 0.016583
48 0.359424 0.819305 0.015654 0.023467
48 0.402160 0.839330 0.033500 0.035982
48 0.417815 0.868273 0.006575 0.006884
48 0.425172 0.872810 0.005636 0.005945
48 0.432530 0.877347 0.012210 0.017522
48 0.429399 0.892053 0.010332 0.015019
48 0.420476 0.899093 0.011897 0.015957
48 0.175329 0.979506 0.026925 0.033479
48 0.125861 0.939143 0.005009 0.007822
48 0.483406 0.752503 0.024421 0.027534
48 0.585786 0.048655 0.010645 0.010325
48 0.566061 0.059762 0.010019 0.008135
48 0.549781 0.018930 0.009393 0.009700
48 0.408579 0.061014 0.019411 0.019399
48 0.409048 0.037078 0.018472 0.021589
48 0.200845 0.062109 0.024108 0.015332
48 0.123043 0.036452 0.011897 0.021589
48 0.317470 0.919587 0.020038 0.019399
48 0.289919 0.858104 0.015028 0.010325
48 0.047902 0.119055 0.026925 0.014080
9 0.349249 0.204787 0.012210 0.014080
48 0.273638 0.127034 0.025047 0.016896
48 0.350031 0.012672 0.020664 0.017835
48 0.444271 0.018304 0.016281 0.014080
48 0.381810 0.020181 0.021603 0.027222
48 0.573262 0.051314 0.025047 0.023780
10 0.568096 0.102315 0.011584 0.008135
10 0.571227 0.100125 0.010332 0.006884
10 0.566374 0.106539 0.006888 0.005319
48 0.539449 0.105444 0.009393 0.008135
48 0.508297 0.112954 0.006575 0.008135
48 0.500626 0.123748 0.005009 0.004693
48 0.495304 0.125782 0.006262 0.006258
48 0.491234 0.130006 0.005009 0.005319
48 0.505479 0.140801 0.005949 0.006884
48 0.499530 0.147528 0.010958 0.012829
48 0.513306 0.141427 0.009706 0.007509
48 0.506731 0.155663 0.019724 0.022215
48 0.516437 0.167240 0.019724 0.020964
48 0.543049 0.158323 0.007201 0.007509
48 0.543363 0.149406 0.019724 0.021589
48 0.530996 0.133292 0.013776 0.013141
48 0.534753 0.183667 0.011271 0.012516
48 0.484502 0.212297 0.016594 0.019712
48 0.475266 0.214643 0.007514 0.007509
48 0.487477 0.226846 0.006888 0.007509
48 0.500000 0.216208 0.013150 0.011890
48 0.513619 0.205100 0.013463 0.014706
48 0.501722 0.210263 0.017220 0.015645
48 0.497808 0.188830 0.016281 0.012829
48 0.417815 0.226533 0.010332 0.010638
48 0.418754 0.259700 0.017846 0.018148
48 0.432217 0.256727 0.015967 0.017209
48 0.421728 0.266740 0.006888 0.007822
48 0.486381 0.267835 0.018472 0.018148
48 0.538979 0.080569 0.015341 0.015332
48 0.486694 0.903317 0.016594 0.013141
48 0.590169 0.870620 0.010645 0.013454
48 0.659361 0.880789 0.012523 0.017522
48 0.634158 0.824468 0.022229 0.025657
48 0.622574 0.924280 0.011584 0.013141
48 0.681277 0.969962 0.018159 0.016896
48 0.567001 0.973248 0.024421 0.018461
48 0.249374 0.101533 0.005949 0.005945
48 0.240451 0.118273 0.005009 0.006258
48 0.301972 0.233104 0.010332 0.009387
48 0.279430 0.249218 0.021603 0.016583
48 0.380714 0.286608 0.025047 0.020025
48 0.416406 0.303661 0.011271 0.010951
48 0.408266 0.312578 0.012523 0.012516
48 0.395272 0.337609 0.014089 0.011890
48 0.422354 0.346058 0.015028 0.016896
48 0.430964 0.336827 0.013463 0.012829
48 0.440044 0.351533 0.014089 0.015332
48 0.458829 0.288173 0.024734 0.028160
48 0.625078 0.848248 0.024108 0.033166
48 0.638228 0.900188 0.009080 0.010013
48 0.670476 0.851690 0.009706 0.011890
48 0.677520 0.848561 0.014402 0.023780
48 0.669537 0.836984 0.019098 0.022528
48 0.654195 0.847778 0.030369 0.045995
48 0.612555 0.842146 0.034126 0.034105
48 0.585316 0.863423 0.007827 0.009700
48 0.582498 0.869681 0.009080 0.008448
48 0.579211 0.886264 0.012523 0.013454
48 0.581403 0.904412 0.008766 0.009074
48 0.569505 0.902691 0.024421 0.023780
48 0.639324 0.926314 0.009393 0.007822
48 0.659987 0.919118 0.012523 0.014706
48 0.647464 0.918335 0.013150 0.018148
48 0.647777 0.931164 0.010645 0.010013
48 0.589699 0.962610 0.015341 0.022841
48 0.594865 0.966208 0.011897 0.018148
48 0.553694 0.985763 0.022855 0.019712
48 0.688165 0.971840 0.005636 0.013141
48 0.693644 0.971996 0.007827 0.014080
48 0.691766 0.956821 0.015341 0.008135
48 0.721039 0.966051 0.010645 0.009074
48 0.749061 0.968867 0.010958 0.011577
48 0.708046 0.964956 0.011584 0.008135
48 0.740607 0.975751 0.009706 0.017835
48 0.751409 0.956508 0.011271 0.010013
48 0.728084 0.934449 0.007827 0.015332
48 0.734972 0.944462 0.010332 0.007822
48 0.737633 0.938673 0.005636 0.007509
48 0.743895 0.939299 0.013150 0.022528
48 0.739981 0.955726 0.015341 0.007822
48 0.700063 0.947747 0.018785 0.009387
48 0.782404 0.961827 0.016281 0.010638
48 0.808234 0.979036 0.011584 0.016896
48 0.799937 0.980288 0.010019 0.017522
48 0.816061 0.971058 0.011584 0.007822
48 0.819036 0.962610 0.023795 0.013454
48 0.776769 0.970745 0.026925 0.014080
48 0.865216 0.973561 0.022229 0.019086
48 0.902160 0.962922 0.029743 0.015332
48 0.895899 0.957760 0.032874 0.026909
48 0.891046 0.923029 0.025047 0.015645
48 0.856919 0.907541 0.013776 0.021589
48 0.847370 0.916615 0.007827 0.010951
48 0.786162 0.943054 0.015028 0.019399
48 0.760645 0.981539 0.009080 0.008761
48 0.861146 0.951189 0.025986 0.015019
48 0.858485 0.957760 0.018159 0.011890
48 0.866312 0.905038 0.015028 0.023467
48 0.832968 0.849656 0.009706 0.014706
48 0.783344 0.871715 0.025047 0.010638
48 0.783657 0.876252 0.018785 0.007196
48 0.818253 0.881258 0.011584 0.022215
48 0.837508 0.847153 0.008766 0.013454
48 0.842361 0.840269 0.009080 0.007196
48 0.841265 0.833385 0.007514 0.009700
48 0.848779 0.846370 0.006888 0.011264
48 0.823106 0.869681 0.005636 0.005945
48 0.886506 0.855131 0.010332 0.020025
48 0.904822 0.840426 0.007514 0.010638
48 0.807451 0.795995 0.011271 0.008135
48 0.798998 0.798655 0.008766 0.007822
48 0.720413 0.863267 0.010019 0.014393
48 0.707890 0.872810 0.010645 0.013454
48 0.686600 0.863892 0.006888 0.008135
48 0.681121 0.861389 0.009080 0.008135
48 0.669380 0.869837 0.013150 0.013141
48 0.688635 0.840582 0.008453 0.012203
48 0.701158 0.861389 0.015967 0.020025
48 0.691453 0.876877 0.007827 0.010325
48 0.639793 0.933511 0.019724 0.014706
48 0.660301 0.930851 0.010019 0.008135
48 0.657952 0.937265 0.005322 0.005319
48 0.665466 0.943523 0.008453 0.007822
48 0.668128 0.937422 0.011897 0.011890
48 0.655604 0.932416 0.005009 0.005006
48 0.708359 0.930069 0.007201 0.014706
48 0.627113 0.941333 0.009393 0.011577
48 0.701628 0.959011 0.007514 0.006884
48 0.788353 0.981852 0.008766 0.012516
48 0.023951 0.096214 0.005322 0.008448
48 0.040388 0.062578 0.005009 0.005006
48 0.031778 0.049906 0.017220 0.011577
48 0.454289 0.339643 0.021916 0.025970
48 0.490451 0.289581 0.020351 0.019086
48 0.528178 0.154255 0.013150 0.013767
48 0.510019 0.251721 0.012523 0.010325
48 0.517689 0.253285 0.004696 0.004693
48 0.520507 0.260325 0.006575 0.006884
48 0.496556 0.272215 0.015654 0.018773
48 0.509862 0.318523 0.020977 0.015019
48 0.557765 0.444462 0.020977 0.019712
48 0.530839 0.427566 0.014715 0.011577
48 0.522073 0.430069 0.012837 0.013454
5 0.520820 0.448529 0.003444 0.004693
48 0.606450 0.439456 0.010645 0.010951
48 0.622104 0.456665 0.016281 0.019712
48 0.629305 0.463079 0.014402 0.015645
48 0.585160 0.409262 0.014402 0.014393
48 0.593926 0.441489 0.013150 0.008761
48 0.711177 0.592929 0.017220 0.018773
48 0.673294 0.524249 0.020977 0.021589
48 0.742486 0.550063 0.007201 0.007509
48 0.776299 0.561952 0.012837 0.013141
48 0.709455 0.556633 0.012523 0.010013
48 0.716500 0.610920 0.011584 0.012829
48 0.726049 0.595119 0.008766 0.010638
48 0.760332 0.618899 0.011584 0.013141
48 0.775673 0.626252 0.013463 0.012829
48 0.883532 0.658323 0.010019 0.009387
48 0.915310 0.633135 0.009706 0.008448
48 0.800720 0.686796 0.015341 0.021902
48 0.834534 0.687735 0.009080 0.008135
48 0.836255 0.668961 0.006888 0.010013
48 0.811678 0.712453 0.007201 0.006884
48 0.750157 0.662234 0.011271 0.012203
48 0.734033 0.644712 0.007201 0.009700
48 0.735128 0.734199 0.023795 0.021589
48 0.772542 0.711201 0.008453 0.008761
48 0.781778 0.742647 0.010645 0.010325
48 0.842830 0.746558 0.006262 0.009387
48 0.848153 0.745932 0.013776 0.021277
48 0.812461 0.784418 0.011271 0.013141
48 0.803694 0.784262 0.025673 0.026596
48 0.776769 0.829474 0.022542 0.019399
48 0.767846 0.840269 0.014089 0.009700
48 0.781309 0.843554 0.017220 0.011890
48 0.737633 0.831665 0.020038 0.018773
48 0.730119 0.820088 0.010645 0.013141
48 0.673137 0.782854 0.015654 0.021902
48 0.677051 0.802566 0.007827 0.010013
48 0.703193 0.799437 0.006262 0.008135
48 0.706794 0.785670 0.007827 0.006884
48 0.725736 0.786765 0.011897 0.014080
48 0.745773 0.879224 0.011897 0.006258
48 0.842204 0.908792 0.010645 0.010325
5 0.841421 0.915050 0.004070 0.002816
48 0.877426 0.932103 0.015341 0.020651
48 0.876800 0.919431 0.016594 0.007822
48 0.882279 0.945557 0.012523 0.011890
48 0.878992 0.967303 0.014089 0.012203
48 0.899969 0.978880 0.013463 0.007822
48 0.877426 0.982947 0.007827 0.004693
48 0.907326 0.985763 0.033187 0.013454
48 0.766750 0.988423 0.007514 0.016896
48 0.776456 0.993586 0.005009 0.005945
48 0.758923 0.988736 0.009393 0.006884
48 0.828741 0.991865 0.010645 0.007509
48 0.967439 0.899249 0.013150 0.013141
48 0.958046 0.877660 0.008140 0.009387
48 0.923137 0.842616 0.020977 0.021277
48 0.931904 0.832603 0.013463 0.007509
48 0.925642 0.826189 0.007827 0.010325
48 0.980589 0.744837 0.011271 0.018461
48 0.981841 0.672247 0.006888 0.007196
48 0.964308 0.665050 0.020664 0.012829
48 0.960708 0.650501 0.033500 0.022528
48 0.872104 0.490613 0.014715 0.012516
48 0.860989 0.408949 0.010645 0.011890
48 0.851284 0.352159 0.015028 0.020964
48 0.771603 0.353723 0.018472 0.015332
48 0.802286 0.326658 0.021603 0.023780
48 0.795241 0.316959 0.018785 0.023154
48 0.736850 0.313673 0.019724 0.016583
48 0.628366 0.741395 0.017533 0.014080
48 0.620852 0.986702 0.011897 0.014706
48 0.370695 0.846527 0.015654 0.012829
48 0.356606 0.097778 0.020664 0.017209
9 0.311678 0.167397 0.010332 0.013141
48 0.276143 0.239675 0.006888 0.007509
9 0.321384 0.158949 0.007201 0.007509
48 0.364433 0.312578 0.014402 0.016270
48 0.652004 0.012046 0.011584 0.010951
48 0.442705 0.338392 0.015654 0.016583
48 0.437383 0.235138 0.038823 0.036608
48 0.611616 0.293961 0.012210 0.011577
48 0.410144 0.301001 0.023168 0.021902
48 0.401378 0.310388 0.007514 0.007509
48 0.510801 0.325876 0.010332 0.009074
48 0.470413 0.193680 0.020351 0.019399
48 0.507514 0.046934 0.007514 0.007509
48 0.458986 0.009387 0.016907 0.013767
48 0.935817 0.241708 0.010019 0.009700
48 0.932530 0.245932 0.008453 0.010013
48 0.923450 0.240613 0.008453 0.008135
48 0.926425 0.235294 0.008766 0.006258
48 0.935974 0.270494 0.006575 0.008448
48 0.932217 0.281758 0.016594 0.024718
48 0.879775 0.315394 0.015654 0.018148
48 0.872574 0.329161 0.015028 0.008761
48 0.827802 0.316176 0.008140 0.009074
48 0.832029 0.317897 0.008453 0.010013
48 0.769411 0.307416 0.007201 0.009700
48 0.785692 0.285982 0.007827 0.006884
48 0.790545 0.297716 0.005636 0.007196
48 0.765341 0.332290 0.027865 0.028786
48 0.803851 0.355288 0.014089 0.009700
48 0.783344 0.755006 0.021290 0.018148
48 0.687383 0.751721 0.010332 0.010951
48 0.613338 0.803191 0.025673 0.035044
48 0.604258 0.802566 0.012523 0.011890
48 0.596587 0.806320 0.008453 0.009387
48 0.525986 0.789894 0.004383 0.004068
6 0.202567 0.914268 0.014402 0.005006
10 0.533031 0.016896 0.013463 0.015645
10 0.429086 0.168023 0.010958 0.014393
10 0.433469 0.173811 0.005322 0.006571
10 0.406387 0.181946 0.014402 0.012829
10 0.436600 0.150344 0.010332 0.013454
48 0.394646 0.283323 0.020351 0.015332
48 0.333281 0.083229 0.023482 0.019399
48 0.316688 0.957447 0.014715 0.018148
48 0.711177 0.947121 0.012210 0.013141
48 0.919850 0.808667 0.008766 0.009700
48 0.286631 0.201658 0.021603 0.026596
48 0.979336 0.652691 0.011897 0.011890
5 0.371478 0.070400 0.005322 0.004380
5 0.974796 0.920682 0.004070 0.007196
10 0.240138 0.205100 0.008766 0.006571
48 0.198654 0.159887 0.020351 0.020651
48 0.386819 0.125156 0.015967 0.018773
48 0.850188 0.526909 0.012837 0.010013
48 0.751409 0.632196 0.015028 0.012829
48 0.481371 0.766427 0.007201 0.007822
48 0.939105 0.680069 0.022855 0.020964
48 0.932060 0.887672 0.016281 0.012516
48 0.019568 0.109512 0.020351 0.008135
48 0.878366 0.542553 0.012837 0.010638
48 0.691766 0.670056 0.014089 0.020338
48 0.209142 0.979193 0.035066 0.017835
5 0.363338 0.644243 0.005949 0.005632
5 0.700376 0.834637 0.004383 0.005945
48 0.314809 0.073217 0.019098 0.018773
48 0.962743 0.469962 0.018159 0.012516
48 0.897777 0.586045 0.023482 0.016896
48 0.781152 0.666458 0.023168 0.014393
48 0.391828 0.783792 0.009706 0.007509
48 0.466187 0.947747 0.008140 0.010013
48 0.900125 0.772059 0.013150 0.019086
48 0.012993 0.078066 0.009706 0.012829
48 0.760488 0.345119 0.017533 0.014393
48 0.959455 0.618429 0.010332 0.010951
5 0.111146 0.076033 0.003131 0.004380
5 0.361459 0.304756 0.005949 0.005632
48 0.526456 0.973874 0.015341 0.016583
48 0.379305 0.944618 0.019098 0.010638
5 0.340326 0.323529 0.005009 0.005006
48 0.863181 0.545056 0.015654 0.012516
48 0.759236 0.653160 0.013776 0.017835
48 0.684878 0.698529 0.014089 0.012829
48 0.518629 0.918492 0.013463 0.024093
48 0.907952 0.821026 0.013150 0.008761
48 0.953350 0.610138 0.010645 0.011264
48 0.963995 0.675845 0.016281 0.013767
48 0.950219 0.409731 0.018785 0.014080
48 0.383219 0.953223 0.030683 0.008448
48 0.976988 0.938830 0.009080 0.013454
48 0.788510 0.353723 0.012210 0.013454
48 0.928773 0.714174 0.014715 0.012203
5 0.471979 0.063048 0.004696 0.005319
48 0.552755 0.155194 0.017846 0.016270
48 0.240607 0.076971 0.022855 0.031289
48 0.700376 0.668805 0.008766 0.012829
48 0.538353 0.951502 0.017220 0.013767
48 0.613807 0.891270 0.029743 0.035357
48 0.136506 0.110607 0.008140 0.009700
48 0.838447 0.429130 0.016281 0.014706
5 0.355041 0.267209 0.004383 0.005006
48 0.527865 0.301627 0.018159 0.021277
48 0.859894 0.608573 0.016594 0.011264
48 0.431904 0.812265 0.010958 0.010013
5 0.346274 0.737171 0.005636 0.003129
48 0.484972 0.770181 0.010019 0.007196
48 0.910301 0.891583 0.012210 0.017209
48 0.780056 0.337922 0.014715 0.014393
10 0.232154 0.216521 0.012210 0.010013
48 0.419067 0.262203 0.002192 0.000626
48 0.759862 0.673185 0.010019 0.014080
48 0.457264 0.814143 0.014089 0.015645
48 0.774577 0.312422 0.008766 0.012203
5 0.827019 0.716051 0.004696 0.004693
48 0.192549 0.074781 0.022542 0.016896
48 0.849562 0.551314 0.015967 0.013141
48 0.288353 0.816020 0.021290 0.021902
48 0.838291 0.769086 0.014715 0.011890
48 0.936287 0.619524 0.033500 0.020025
48 0.033031 0.124531 0.012210 0.012516
48 0.850031 0.513141 0.008766 0.007509
48 0.770507 0.637046 0.016281 0.020025
48 0.270194 0.868116 0.032561 0.020964
48 0.607232 0.975751 0.013463 0.014706
48 0.974170 0.578692 0.009080 0.010325
5 0.340952 0.250000 0.006888 0.005632
48 0.721196 0.682572 0.009080 0.013454
48 0.438322 0.809919 0.016907 0.009700
48 0.937852 0.896746 0.012210 0.011264
5 0.417345 0.028473 0.004383 0.004380
10 0.407483 0.380163 0.008453 0.005632
10 0.120225 0.171151 0.017533 0.015645
48 0.344083 0.160513 0.015654 0.015645
48 0.407639 0.332447 0.020038 0.019712
48 0.991703 0.465895 0.010958 0.013141
48 0.978554 0.497810 0.010958 0.009387
48 0.936756 0.535357 0.016281 0.014393
48 0.690513 0.854662 0.015341 0.015957
48 0.801659 0.651283 0.014089 0.022215
48 0.765185 0.647528 0.010019 0.007822
48 0.500157 0.940864 0.019724 0.021277
10 0.360520 0.749218 0.008453 0.010325
48 0.976518 0.419431 0.011897 0.011577
48 0.532248 0.960263 0.009393 0.013141
48 0.431434 0.690551 0.018159 0.018148
5 0.256731 0.257353 0.005636 0.004693
48 0.922041 0.548967 0.018785 0.019086
48 0.494208 0.823686 0.010332 0.017209
48 0.812461 0.683198 0.021290 0.019712
48 0.933782 0.936640 0.009080 0.010951
48 0.065748 0.054600 0.019411 0.030976
48 0.967909 0.424906 0.014089 0.012516
48 0.452724 0.973091 0.018785 0.020025
48 0.218691 0.903004 0.015341 0.011264
48 0.440200 0.635795 0.018785 0.018148
48 0.800407 0.813986 0.017846 0.014080
48 0.889637 0.824625 0.015967 0.017835
48 0.553068 0.173655 0.012837 0.015645
48 0.958673 0.735294 0.009393 0.010013
48 0.287257 0.233886 0.024734 0.016583
48 0.285222 0.219493 0.010645 0.009074
48 0.982311 0.448999 0.024108 0.016270
48 0.312304 0.895494 0.015341 0.011890
48 0.307765 0.821026 0.022542 0.019399
48 0.346274 0.819149 0.018785 0.014393
5 0.265811 0.918961 0.005009 0.003755
5 0.505636 0.791302 0.005636 0.005006
48 0.959299 0.453066 0.011897 0.005632
48 0.909831 0.536608 0.011271 0.015019
48 0.844396 0.581821 0.021916 0.014706
48 0.806199 0.670213 0.023168 0.014393
48 0.879461 0.851533 0.013776 0.015332
48 0.761897 0.760795 0.021603 0.022215
48 0.532248 0.166771 0.011271 0.010638
48 0.818410 0.458073 0.015654 0.011264
48 0.202254 0.136577 0.020664 0.023467
48 0.336255 0.878285 0.010645 0.015645
48 0.349875 0.797716 0.019724 0.014706
48 0.870695 0.860920 0.019411 0.024093
48 0.965404 0.931008 0.015341 0.025344
48 0.218065 0.181946 0.011584 0.012203
5 0.994208 0.761264 0.005322 0.003129
48 0.493425 0.198217 0.013150 0.012203
48 0.524108 0.145025 0.013150 0.014080
48 0.224170 0.197434 0.018159 0.020651
48 0.964308 0.479975 0.018159 0.017522
48 0.877739 0.593398 0.007201 0.010325
48 0.670946 0.653317 0.015654 0.018773
48 0.326550 0.862015 0.004383 0.005006
48 0.506731 0.122028 0.011584 0.010013
48 0.822167 0.403004 0.025673 0.017522
48 0.236850 0.180851 0.012210 0.010013
48 0.428460 0.362171 0.017220 0.018461
48 0.606763 0.986702 0.027552 0.010951
48 0.590013 0.812891 0.023482 0.020651
5 0.646994 0.300688 0.003444 0.003755
5 0.421415 0.914581 0.005636 0.003755
10 0.846118 0.345745 0.007827 0.008761
48 0.476205 0.952597 0.011897 0.018461
48 0.441609 0.917553 0.039136 0.030350
48 0.234033 0.944775 0.014089 0.020338
48 0.399343 0.671934 0.016594 0.009700
48 0.544615 0.177722 0.016594 0.010013
5 0.352849 0.301940 0.006888 0.005006
5 0.526926 0.695557 0.005009 0.005632
48 0.926111 0.536295 0.014402 0.013767
48 0.870382 0.612171 0.010645 0.014080
48 0.471979 0.733104 0.017846 0.011890
48 0.403413 0.658166 0.012210 0.017209
48 0.830620 0.700250 0.010645 0.009387
48 0.912649 0.912234 0.013150 0.022841
48 0.547746 0.076815 0.018472 0.020964
5 0.358015 0.296308 0.004696 0.003755
48 0.509706 0.231852 0.031935 0.032541
48 0.218848 0.137359 0.022542 0.018773
48 0.215247 0.089956 0.018472 0.014080
48 0.876644 0.524718 0.012523 0.012516
48 0.813400 0.600438 0.011897 0.010013
48 0.195210 0.925219 0.018472 0.010013
48 0.754540 0.749374 0.025673 0.032541
48 0.902473 0.681477 0.009706 0.011264
5 0.437226 0.197121 0.005322 0.005006
5 0.154039 0.082447 0.005636 0.004693
48 0.860989 0.534574 0.019411 0.011577
48 0.743112 0.663799 0.008453 0.007822
48 0.457890 0.944462 0.011584 0.014080
48 0.655448 0.865770 0.024734 0.026909
48 0.706481 0.975595 0.012837 0.015645
48 0.913588 0.832134 0.011271 0.012829
48 0.986694 0.926627 0.017220 0.031602
48 0.281152 0.028786 0.036944 0.035044
5 0.501565 0.875626 0.005009 0.004068
10 0.383062 0.391740 0.009706 0.008761
48 0.708359 0.675375 0.008453 0.009700
48 0.357545 0.839174 0.013776 0.011890
48 0.424703 0.953692 0.015341 0.010013
48 0.698967 0.884387 0.015967 0.017835
5 0.343456 0.685075 0.005009 0.006571
5 0.719474 0.521433 0.004383 0.005945
5 0.539762 0.750626 0.006262 0.003129
48 0.372260 0.291458 0.021916 0.016583
48 0.969944 0.496715 0.008766 0.009074
48 0.733876 0.693836 0.010019 0.009700
48 0.441609 0.825407 0.008453 0.012516
48 0.349562 0.884856 0.009080 0.016896
48 0.334220 0.896277 0.014089 0.012829
48 0.336725 0.988110 0.011584 0.013767
48 0.395272 0.982165 0.016594 0.012516
48 0.559800 0.761264 0.015028 0.027534
48 0.716969 0.931633 0.010019 0.018461
48 0.764559 0.940394 0.015028 0.022841
48 0.817627 0.796308 0.013463 0.013767
48 0.967439 0.874374 0.011897 0.012203
5 0.424703 0.859512 0.004696 0.004380
5 0.766907 0.710889 0.004070 0.004380
48 0.479962 0.350907 0.012523 0.012829
48 0.868190 0.516740 0.008766 0.012203
48 0.574984 0.788016 0.015967 0.013454
48 0.844083 0.785357 0.015654 0.015019
5 0.651378 0.759543 0.005949 0.004693
48 0.414371 0.236546 0.021603 0.018148
48 0.866155 0.473091 0.013463 0.011890
48 0.963369 0.416302 0.012523 0.009700
48 0.678460 0.655976 0.007514 0.008448
48 0.542423 0.940707 0.013463 0.015957
48 0.226988 0.874687 0.023795 0.023467
48 0.598935 0.789737 0.018159 0.026283
