56 0.671473 0.985173 0.063852 0.029654
56 0.963268 0.348229 0.073464 0.164333
56 0.984209 0.262562 0.031583 0.093493
48 0.999485 0.054778 0.001030 0.023888
48 0.997597 0.047982 0.004806 0.016886
48 0.995881 0.042010 0.008239 0.014003
48 0.992619 0.038097 0.014761 0.015239
48 0.990045 0.027801 0.019911 0.020181
48 0.999142 0.029860 0.001716 0.014415
48 0.996910 0.106466 0.006179 0.010297
48 0.994679 0.099053 0.010642 0.006178
5 0.998455 0.078048 0.003090 0.003707
48 0.970820 0.206343 0.052180 0.059308
48 0.984724 0.190486 0.030553 0.099259
5 0.988843 0.621499 0.003776 0.003295
20 0.984552 0.550865 0.015791 0.014415
53 0.990903 0.804778 0.018194 0.387150
5 0.996739 0.129942 0.005149 0.004530
48 0.968074 0.468699 0.063852 0.116145
57 0.921044 0.391680 0.008926 0.017298
57 0.917439 0.393534 0.008582 0.016886
56 0.900275 0.413921 0.032612 0.019769
56 0.919156 0.437603 0.038792 0.038303
48 0.853244 0.425659 0.009269 0.011120
48 0.722451 0.322694 0.019567 0.024300
14 0.852557 0.264621 0.007209 0.006178
9 0.864573 0.205725 0.007896 0.007002
9 0.731892 0.578666 0.011672 0.010708
48 0.912290 0.131796 0.038105 0.036244
48 0.984724 0.125618 0.013388 0.013180
48 0.979574 0.119440 0.013388 0.013180
48 0.973052 0.111820 0.014761 0.014415
48 0.966701 0.104407 0.014418 0.012768
48 0.962238 0.098229 0.011672 0.011120
48 0.991933 0.116969 0.009269 0.009061
48 0.987298 0.111820 0.009612 0.008649
48 0.983694 0.107702 0.009955 0.009473
48 0.977171 0.100288 0.008582 0.007825
48 0.974082 0.096787 0.008582 0.006590
48 0.972022 0.093699 0.008582 0.004530
48 0.969276 0.091227 0.009269 0.007002
48 0.991933 0.095140 0.009955 0.008237
48 0.988671 0.091021 0.008239 0.007414
48 0.986612 0.088344 0.008926 0.007002
48 0.983522 0.085255 0.008926 0.006590
48 0.980261 0.081960 0.009955 0.007414
48 0.977858 0.075371 0.014761 0.014003
48 0.964298 0.075165 0.012358 0.012768
48 0.957089 0.093493 0.012358 0.011532
48 0.939410 0.075988 0.013388 0.016886
48 0.969962 0.084020 0.009955 0.009885
48 0.969104 0.057867 0.010985 0.012768
48 0.949537 0.062191 0.006179 0.007414
48 0.961552 0.051277 0.013732 0.011944
48 0.954686 0.057867 0.010985 0.010297
48 0.928253 0.045099 0.013045 0.012768
48 0.674219 0.017092 0.010985 0.010297
48 0.664435 0.026771 0.008582 0.009885
48 0.669070 0.032743 0.008926 0.009473
48 0.664264 0.062191 0.008926 0.011532
48 0.671129 0.057455 0.009612 0.010297
48 0.658599 0.057867 0.007209 0.009473
48 0.655510 0.053542 0.007896 0.008237
48 0.652935 0.050247 0.007552 0.006590
48 0.649846 0.046746 0.008239 0.007825
48 0.647443 0.041804 0.008926 0.008649
48 0.645039 0.037891 0.008926 0.009061
48 0.651047 0.033773 0.010642 0.010708
48 0.658943 0.041186 0.011329 0.009061
48 0.666838 0.051071 0.012015 0.012356
48 0.662890 0.047158 0.009612 0.007825
48 0.681085 0.047982 0.008926 0.008649
48 0.676279 0.041804 0.008239 0.009473
48 0.671816 0.069193 0.010299 0.010708
48 0.676107 0.075783 0.010642 0.009885
48 0.686234 0.054366 0.010299 0.008237
48 0.683488 0.068987 0.010299 0.011120
48 0.684861 0.081343 0.017164 0.016886
48 0.694301 0.083814 0.020254 0.016063
48 0.704428 0.075783 0.010985 0.012356
48 0.699107 0.069811 0.009269 0.008649
48 0.693787 0.062603 0.008239 0.008237
48 0.689839 0.057867 0.007896 0.009473
48 0.691727 0.041186 0.009612 0.009885
48 0.695846 0.046334 0.007552 0.007825
48 0.698764 0.049835 0.006522 0.007414
48 0.747511 0.065898 0.011329 0.014827
48 0.725197 0.057661 0.014761 0.011532
48 0.733093 0.073723 0.007896 0.008237
48 0.730690 0.068987 0.007209 0.006178
48 0.727257 0.064868 0.009269 0.009473
48 0.737556 0.058484 0.009269 0.009885
48 0.707861 0.024712 0.013732 0.014003
48 0.700824 0.033155 0.008582 0.010297
48 0.714384 0.030684 0.012358 0.013591
48 0.691040 0.022035 0.008926 0.010297
48 0.658771 0.022446 0.008926 0.011120
48 0.666838 0.122117 0.009955 0.008649
48 0.673361 0.115733 0.010642 0.009061
48 0.655167 0.105848 0.008582 0.009061
48 0.660487 0.127265 0.006179 0.008237
48 0.644353 0.104613 0.008239 0.010708
48 0.648644 0.099053 0.011329 0.011944
48 0.646413 0.087521 0.006866 0.008649
48 0.651219 0.086491 0.006866 0.009061
48 0.692413 0.135502 0.010985 0.010708
48 0.695675 0.140445 0.009955 0.009061
48 0.687607 0.169687 0.010985 0.012356
48 0.699107 0.159390 0.008582 0.009885
48 0.705458 0.165774 0.010299 0.010297
48 0.718847 0.167628 0.008926 0.005766
48 0.727944 0.179778 0.011329 0.009473
48 0.716100 0.180189 0.010985 0.010297
48 0.710436 0.188427 0.008582 0.007825
48 0.740989 0.208402 0.009269 0.011532
48 0.751631 0.208196 0.010642 0.011120
48 0.747854 0.223435 0.010642 0.010297
48 0.747683 0.213962 0.008926 0.009473
48 0.754034 0.230848 0.013388 0.014415
48 0.767422 0.242175 0.012702 0.013180
48 0.761071 0.247323 0.009612 0.009473
48 0.774288 0.248353 0.011329 0.011532
48 0.749914 0.272035 0.011329 0.011120
48 0.781668 0.242792 0.008926 0.010297
48 0.755750 0.253501 0.009269 0.009473
48 0.795400 0.290980 0.011672 0.012768
48 0.796086 0.301895 0.024717 0.020593
48 0.644525 0.210461 0.007896 0.012356
48 0.648816 0.219110 0.011672 0.014003
48 0.651047 0.237438 0.010642 0.012768
48 0.645211 0.242792 0.008582 0.014415
48 0.655853 0.224053 0.007896 0.009885
48 0.648987 0.252677 0.011329 0.011120
48 0.654480 0.247529 0.009955 0.010708
48 0.657398 0.260502 0.013045 0.015239
48 0.660659 0.255560 0.012015 0.013591
48 0.675592 0.248147 0.008926 0.009473
48 0.661002 0.231878 0.011329 0.013180
48 0.681428 0.255766 0.010299 0.013180
48 0.661346 0.269152 0.009955 0.009473
48 0.668898 0.272241 0.012015 0.013180
48 0.675421 0.276153 0.009269 0.011944
48 0.676279 0.264003 0.009612 0.008237
48 0.669413 0.283773 0.008239 0.009885
48 0.680741 0.284596 0.011672 0.014003
48 0.684003 0.292216 0.012015 0.011944
48 0.691555 0.287068 0.011329 0.014003
48 0.687607 0.277389 0.008239 0.009473
48 0.687264 0.269152 0.017851 0.014415
48 0.699966 0.277801 0.009612 0.009473
48 0.693100 0.296746 0.013732 0.012768
48 0.698249 0.302100 0.015105 0.013591
48 0.708376 0.296746 0.009955 0.010297
48 0.704257 0.287068 0.012015 0.011532
48 0.704428 0.308278 0.019224 0.016063
48 0.646584 0.312397 0.007896 0.010297
48 0.666323 0.326606 0.018538 0.020593
48 0.665808 0.339992 0.012015 0.011944
48 0.675592 0.331137 0.009612 0.009061
48 0.650360 0.352554 0.011329 0.013180
48 0.657570 0.325783 0.017508 0.021417
48 0.679368 0.356054 0.008926 0.008649
48 0.687264 0.349259 0.012358 0.012356
48 0.688294 0.364703 0.008239 0.009473
48 0.700481 0.372735 0.008582 0.010708
48 0.696018 0.377059 0.010642 0.011944
48 0.691555 0.380972 0.007209 0.009885
48 0.676279 0.371705 0.006866 0.007825
48 0.665465 0.360997 0.007896 0.008649
48 0.710951 0.375000 0.008926 0.007002
48 0.648987 0.397858 0.010642 0.011532
48 0.654137 0.394563 0.009955 0.010708
48 0.660316 0.392298 0.008582 0.011120
48 0.660659 0.383855 0.013388 0.014827
48 0.670443 0.382414 0.012358 0.015239
48 0.665980 0.376030 0.008239 0.008237
48 0.661174 0.371911 0.009612 0.009061
48 0.653622 0.363468 0.006866 0.007825
48 0.651219 0.371293 0.009612 0.010297
48 0.657055 0.367792 0.010299 0.009061
48 0.738414 0.344110 0.021970 0.025124
48 0.723309 0.340610 0.010985 0.011532
48 0.719705 0.332990 0.009269 0.008649
48 0.714555 0.329283 0.009955 0.008649
48 0.711123 0.325165 0.007896 0.007002
48 0.707518 0.318781 0.013045 0.011532
48 0.714555 0.314868 0.012015 0.013591
48 0.748541 0.335049 0.009955 0.011944
48 0.742190 0.328254 0.011672 0.010708
48 0.738242 0.323929 0.007896 0.007825
48 0.787676 0.391474 0.017508 0.018534
48 0.780810 0.382619 0.016821 0.017298
48 0.773601 0.370675 0.018881 0.021417
48 0.798661 0.387150 0.010642 0.009885
48 0.784243 0.367175 0.024373 0.025947
48 0.797975 0.403007 0.016135 0.018534
48 0.805012 0.394769 0.015791 0.016886
48 0.810161 0.417422 0.015791 0.020181
48 0.811363 0.405272 0.007209 0.009061
48 0.817885 0.410214 0.009955 0.011532
48 0.821318 0.325783 0.015448 0.018122
48 0.829900 0.336697 0.012702 0.016063
48 0.846035 0.351936 0.014761 0.016886
48 0.855819 0.342463 0.015105 0.016063
48 0.864229 0.333196 0.010642 0.011532
48 0.839169 0.333402 0.016135 0.019357
48 0.845863 0.328048 0.016478 0.020181
48 0.828871 0.319193 0.014761 0.016474
48 0.831445 0.310544 0.007552 0.008237
48 0.819087 0.344110 0.012358 0.007825
48 0.835736 0.315692 0.007209 0.007002
48 0.847751 0.315074 0.031926 0.033773
48 0.910917 0.270593 0.029180 0.036244
48 0.917954 0.264003 0.025403 0.029654
48 0.922417 0.289333 0.030896 0.024300
48 0.933574 0.273270 0.050463 0.060544
48 0.938723 0.266474 0.049090 0.054366
48 0.946275 0.259267 0.049777 0.057249
48 0.896670 0.248353 0.015105 0.018946
48 0.914864 0.238056 0.022657 0.018122
48 0.910402 0.231054 0.022657 0.018122
13 0.759698 0.919069 0.010985 0.007002
48 0.737899 0.930601 0.040851 0.036656
5 0.692928 0.647446 0.005836 0.006590
5 0.694816 0.644358 0.004806 0.005354
5 0.706145 0.640651 0.007552 0.007002
57 0.918297 0.514827 0.008926 0.010708
57 0.926880 0.523476 0.015105 0.018122
5 0.657913 0.416804 0.005149 0.004119
5 0.681256 0.394152 0.005836 0.004119
5 0.686406 0.394563 0.005836 0.004119
5 0.688637 0.406507 0.006179 0.004119
5 0.721078 0.379736 0.006522 0.005766
5 0.730862 0.384679 0.006866 0.005766
5 0.689839 0.428130 0.004463 0.005354
5 0.742190 0.363880 0.005493 0.006178
5 0.760899 0.362026 0.005836 0.004942
5 0.757467 0.358114 0.005836 0.006178
5 0.776347 0.347611 0.005149 0.004942
5 0.784758 0.338962 0.005493 0.004942
5 0.797803 0.319193 0.009612 0.005766
5 0.803639 0.321664 0.006179 0.004942
5 0.792654 0.331755 0.004119 0.005354
5 0.814281 0.311985 0.005493 0.006178
5 0.819773 0.313221 0.006179 0.005354
5 0.837110 0.297158 0.005836 0.004530
5 0.845005 0.279242 0.006522 0.006590
5 0.845520 0.274094 0.007552 0.005354
5 0.857192 0.267092 0.004806 0.004530
5 0.874871 0.248353 0.009269 0.006590
5 0.867491 0.199135 0.004806 0.007002
5 0.883968 0.210255 0.004119 0.005354
5 0.889118 0.210461 0.005493 0.004942
5 0.891864 0.231260 0.006179 0.006178
5 0.921044 0.198517 0.006179 0.004119
5 0.907140 0.220346 0.005149 0.004942
5 0.911260 0.216227 0.005836 0.005766
5 0.921902 0.206137 0.006522 0.006178
6 0.881050 0.232908 0.011329 0.014415
5 0.983865 0.140651 0.006866 0.006178
5 0.967902 0.041804 0.005149 0.005354
5 0.975455 0.037479 0.004463 0.005766
5 0.980089 0.042216 0.003433 0.003707
5 0.984209 0.047570 0.004119 0.004530
5 0.974253 0.049217 0.003433 0.003707
48 0.835908 0.244852 0.057673 0.062191
48 0.917954 0.163303 0.035015 0.039127
48 0.910573 0.173394 0.023000 0.028007
5 0.938723 0.179984 0.004463 0.004119
48 0.930827 0.152389 0.036732 0.038715
48 0.943186 0.141474 0.033299 0.035832
5 0.949365 0.178130 0.004463 0.004530
5 0.965156 0.164127 0.004463 0.004530
5 0.968074 0.157743 0.004806 0.004942
5 0.976485 0.154654 0.003776 0.004530
48 0.950566 0.123764 0.053553 0.063839
5 0.704085 0.399918 0.004806 0.004119
5 0.722966 0.391474 0.004806 0.003707
5 0.683488 0.399094 0.005493 0.004119
9 0.654823 0.496293 0.006522 0.006590
9 0.650875 0.502059 0.005493 0.005766
9 0.646069 0.506590 0.005493 0.006590
5 0.665122 0.498764 0.003776 0.004119
5 0.663062 0.500000 0.004463 0.004942
5 0.661517 0.502471 0.003433 0.003295
5 0.659801 0.504325 0.004119 0.003707
5 0.657913 0.505972 0.004463 0.003707
5 0.656025 0.508237 0.003433 0.004119
5 0.654652 0.509679 0.004119 0.004530
5 0.653278 0.511944 0.004119 0.004119
5 0.651219 0.513591 0.004119 0.004119
5 0.649502 0.515857 0.004119 0.004530
5 0.646241 0.519358 0.004463 0.004119
5 0.644353 0.521211 0.003433 0.003707
5 0.645211 0.538715 0.003776 0.004119
5 0.647099 0.537068 0.004119 0.004119
5 0.648644 0.535420 0.003090 0.003295
5 0.650360 0.533155 0.004463 0.004530
5 0.652249 0.531096 0.004119 0.004530
5 0.653965 0.529448 0.004806 0.003707
5 0.653965 0.525947 0.004119 0.004119
5 0.657055 0.525741 0.004806 0.004530
5 0.658599 0.524506 0.003776 0.004530
5 0.660316 0.521829 0.004463 0.004119
5 0.662032 0.519769 0.003776 0.004119
5 0.664092 0.518740 0.004463 0.004530
5 0.781325 0.046540 0.004806 0.004119
5 0.808102 0.025124 0.004806 0.004942
5 0.813079 0.031713 0.003776 0.004942
5 0.818229 0.016474 0.005149 0.004119
5 0.813423 0.020181 0.004463 0.004119
5 0.752489 0.073929 0.004119 0.003707
5 0.745623 0.088962 0.003433 0.003295
5 0.770512 0.080519 0.003776 0.004530
5 0.795572 0.110379 0.003090 0.004119
5 0.832132 0.155890 0.004119 0.004530
5 0.827497 0.138591 0.002403 0.003707
5 0.717130 0.101524 0.004119 0.002883
5 0.712496 0.104613 0.004463 0.004119
5 0.703399 0.111203 0.005493 0.004119
5 0.680913 0.099259 0.004463 0.004119
5 0.675421 0.093081 0.003776 0.004119
5 0.671816 0.088138 0.002746 0.003295
5 0.673189 0.090198 0.003433 0.002471
5 0.669241 0.085667 0.002403 0.003295
5 0.640920 0.051071 0.002060 0.004119
5 0.644010 0.055395 0.003433 0.003707
5 0.648301 0.060132 0.003090 0.003295
5 0.660831 0.075988 0.002746 0.004530
5 0.686921 0.106466 0.002746 0.003707
5 0.671816 0.139827 0.004119 0.002883
5 0.675935 0.136326 0.004119 0.003295
5 0.714384 0.139209 0.003433 0.004119
10 0.791280 0.049835 0.006866 0.005766
5 0.726227 0.153418 0.003090 0.003707
5 0.729488 0.157331 0.003433 0.004119
5 0.713526 0.151771 0.003090 0.004530
5 0.716787 0.155272 0.003433 0.004119
5 0.721078 0.160008 0.003090 0.003707
5 0.723824 0.163509 0.003776 0.004119
5 0.731548 0.172982 0.003433 0.004119
5 0.739787 0.169481 0.004806 0.005354
5 0.744422 0.174835 0.003776 0.004530
5 0.750772 0.182249 0.003433 0.004530
5 0.744250 0.187809 0.003433 0.003295
5 0.764847 0.211697 0.003433 0.004942
5 0.777549 0.214374 0.003433 0.004530
5 0.781153 0.218493 0.004463 0.004530
5 0.787161 0.237644 0.004119 0.004942
5 0.791280 0.242998 0.004119 0.004942
5 0.798490 0.238468 0.004119 0.004942
5 0.790079 0.229407 0.003776 0.004119
5 0.769653 0.217257 0.003433 0.003707
5 0.726914 0.216021 0.004463 0.004530
5 0.808617 0.321870 0.003776 0.003707
5 0.765019 0.342463 0.004463 0.004530
5 0.760728 0.366969 0.004119 0.004942
5 0.786989 0.341227 0.004463 0.004530
5 0.827841 0.288303 0.003776 0.004119
5 0.916753 0.210873 0.003776 0.004942
5 0.879162 0.204489 0.003433 0.004530
5 0.868006 0.191310 0.003776 0.004530
5 0.873670 0.198105 0.004806 0.004942
5 0.852214 0.177512 0.003776 0.004119
5 0.726742 0.032949 0.004119 0.004942
5 0.715929 0.015857 0.003776 0.004530
5 0.866461 0.249382 0.004806 0.005354
5 0.863199 0.256796 0.004463 0.005354
5 0.859938 0.299629 0.004119 0.004530
5 0.863371 0.303954 0.003433 0.004119
5 0.866632 0.308072 0.004463 0.004942
5 0.870409 0.312191 0.003090 0.004119
5 0.873670 0.316104 0.004806 0.005354
5 0.878476 0.321046 0.004119 0.004530
5 0.886715 0.331343 0.003433 0.005354
5 0.850498 0.306837 0.004463 0.004119
5 0.856334 0.313633 0.003776 0.003707
5 0.860796 0.317339 0.003776 0.003707
5 0.865602 0.324547 0.003776 0.003295
5 0.866461 0.326400 0.002746 0.002883
5 0.872125 0.330931 0.003090 0.002883
5 0.882595 0.341227 0.003433 0.002883
5 0.883282 0.344316 0.004119 0.003295
5 0.884998 0.346376 0.004119 0.003295
5 0.886371 0.348229 0.003433 0.003707
5 0.889633 0.350906 0.004463 0.004119
5 0.893066 0.355642 0.003090 0.003707
5 0.894610 0.341433 0.003433 0.003295
5 0.890663 0.336697 0.004463 0.004530
5 0.854961 0.358526 0.003776 0.002883
5 0.856677 0.360791 0.005149 0.004119
5 0.858222 0.362232 0.004119 0.002883
5 0.883110 0.370058 0.003776 0.004530
5 0.881394 0.371705 0.003776 0.004530
5 0.879334 0.374382 0.003776 0.004119
5 0.884998 0.380766 0.004119 0.004530
5 0.887230 0.378089 0.003776 0.004119
5 0.888774 0.376030 0.003433 0.004119
5 0.890491 0.374382 0.004119 0.004119
5 0.892551 0.372323 0.003433 0.004119
5 0.894267 0.370881 0.003433 0.004530
5 0.896842 0.369646 0.003776 0.004530
5 0.898730 0.368410 0.003433 0.003707
5 0.901476 0.366557 0.004119 0.004942
5 0.903364 0.365115 0.003090 0.003707
5 0.914521 0.386944 0.002746 0.002883
5 0.912633 0.389209 0.003090 0.004942
5 0.898558 0.382414 0.003090 0.004530
5 0.791795 0.416392 0.003776 0.004942
5 0.802266 0.416804 0.003433 0.003295
5 0.793169 0.414951 0.003090 0.004530
5 0.794370 0.414333 0.003433 0.004119
5 0.796773 0.413303 0.002746 0.003707
5 0.812564 0.428748 0.003433 0.004119
9 0.859080 0.466845 0.005149 0.007825
9 0.829900 0.484349 0.005149 0.004119
9 0.833162 0.487026 0.005493 0.004530
9 0.834706 0.490527 0.005836 0.004942
9 0.836938 0.492998 0.004806 0.004942
6 0.847751 0.476112 0.004463 0.004942
13 0.853931 0.482496 0.005836 0.007825
9 0.841572 0.501853 0.006522 0.007002
9 0.843289 0.503913 0.006522 0.006178
9 0.838483 0.499382 0.007896 0.007825
9 0.840714 0.469728 0.006179 0.006178
12 0.868692 0.471993 0.003776 0.004942
5 0.860281 0.479819 0.002746 0.003295
12 0.891177 0.477554 0.004119 0.003707
12 0.917439 0.528830 0.003776 0.004942
5 0.665808 0.516269 0.003090 0.003707
5 0.667868 0.514415 0.004463 0.004119
5 0.669241 0.512356 0.003776 0.004119
5 0.670786 0.510091 0.004119 0.005354
5 0.672503 0.508443 0.004119 0.004530
5 0.674391 0.506590 0.004463 0.004942
5 0.675592 0.505148 0.004119 0.005354
5 0.677652 0.503295 0.003433 0.004119
5 0.679197 0.501236 0.003776 0.004119
5 0.681085 0.499176 0.004119 0.004119
5 0.682458 0.497735 0.004119 0.004530
5 0.646584 0.547158 0.003090 0.003707
5 0.648301 0.545511 0.003776 0.004530
5 0.650360 0.543245 0.004463 0.004942
5 0.651905 0.540980 0.004119 0.005354
5 0.653278 0.539127 0.004119 0.004119
5 0.654652 0.537068 0.004119 0.004119
5 0.656368 0.535008 0.004806 0.004119
5 0.663062 0.527801 0.003776 0.004530
5 0.665122 0.525741 0.004463 0.004530
5 0.666838 0.523888 0.004463 0.004119
5 0.668211 0.521829 0.003776 0.004119
5 0.670100 0.520181 0.004119 0.004119
5 0.671644 0.517710 0.003776 0.004119
5 0.673189 0.516474 0.003433 0.003295
5 0.675249 0.514621 0.004119 0.003707
5 0.677137 0.512768 0.004463 0.004942
5 0.679025 0.510708 0.004806 0.004119
5 0.682458 0.507619 0.004119 0.004530
5 0.684174 0.505354 0.004806 0.004119
5 0.685719 0.503707 0.004463 0.004942
5 0.687092 0.501236 0.003776 0.004119
5 0.689324 0.499588 0.004806 0.004942
5 0.647443 0.564456 0.003433 0.004530
5 0.650704 0.561161 0.003776 0.003707
5 0.653793 0.556837 0.004463 0.004942
5 0.655681 0.554983 0.004119 0.003707
5 0.657398 0.553130 0.004806 0.003295
5 0.652077 0.568575 0.004463 0.003707
5 0.654995 0.565074 0.004119 0.003295
5 0.656368 0.563221 0.003433 0.003707
5 0.658256 0.560956 0.003776 0.004119
5 0.659973 0.558896 0.004463 0.004119
5 0.662032 0.557249 0.004463 0.004119
5 0.663749 0.555189 0.004463 0.004119
5 0.665465 0.553130 0.004463 0.004119
5 0.661174 0.549835 0.004119 0.003295
5 0.666838 0.551277 0.004463 0.004530
5 0.669070 0.549629 0.004806 0.003707
5 0.670614 0.547776 0.004463 0.004119
5 0.662719 0.547570 0.003776 0.003707
5 0.664435 0.545511 0.003776 0.003707
5 0.665637 0.543040 0.004806 0.004530
9 0.668898 0.538509 0.005836 0.006178
5 0.672159 0.535420 0.003433 0.004119
5 0.674391 0.533773 0.004463 0.004119
5 0.675764 0.531713 0.003776 0.004119
5 0.677824 0.530066 0.004463 0.004119
5 0.678853 0.527801 0.004463 0.005354
5 0.681085 0.525947 0.004806 0.004942
5 0.682973 0.524300 0.005149 0.004942
5 0.686234 0.520593 0.004119 0.003295
5 0.688465 0.518946 0.003776 0.003295
5 0.689839 0.517092 0.004463 0.003707
5 0.691212 0.515239 0.004463 0.004119
5 0.692585 0.513385 0.004463 0.004530
5 0.694473 0.510914 0.004806 0.004530
5 0.695331 0.508649 0.004463 0.004942
5 0.697906 0.506590 0.004119 0.005766
5 0.672674 0.545923 0.004463 0.005354
5 0.674047 0.543451 0.004463 0.004530
5 0.676794 0.539539 0.004463 0.004119
5 0.678682 0.537891 0.004806 0.004119
5 0.680741 0.536038 0.004119 0.003707
5 0.684518 0.532743 0.004806 0.004530
5 0.685891 0.530478 0.004806 0.004942
5 0.687436 0.528418 0.004463 0.004942
5 0.689324 0.526565 0.004119 0.003707
5 0.691212 0.524712 0.004463 0.004119
5 0.692585 0.523064 0.004463 0.004119
5 0.694130 0.521005 0.004806 0.004119
5 0.696018 0.519358 0.004463 0.004119
5 0.699279 0.515033 0.003433 0.004530
5 0.662890 0.571664 0.006179 0.005766
5 0.668726 0.566310 0.004806 0.005766
5 0.674391 0.561367 0.004463 0.004119
5 0.676107 0.559308 0.005149 0.004942
5 0.677995 0.557455 0.004806 0.004530
5 0.679540 0.555395 0.004463 0.004530
5 0.652249 0.558690 0.004119 0.004530
5 0.671301 0.526977 0.003776 0.004530
5 0.710436 0.498147 0.004463 0.005354
5 0.702540 0.470552 0.004463 0.004530
5 0.696018 0.432661 0.004463 0.004530
5 0.704257 0.442957 0.004463 0.002883
5 0.687607 0.443163 0.004119 0.003295
5 0.686062 0.440486 0.004463 0.005354
5 0.704428 0.463138 0.004806 0.003707
5 0.700996 0.469110 0.002746 0.003295
5 0.688465 0.472817 0.004463 0.003295
5 0.683316 0.466433 0.004463 0.004530
5 0.679883 0.463344 0.003776 0.003295
5 0.656883 0.471170 0.003090 0.003295
5 0.660659 0.492175 0.003090 0.003295
5 0.667868 0.505766 0.003090 0.004119
5 0.654480 0.468904 0.003776 0.004530
5 0.652935 0.467051 0.003433 0.004119
5 0.650704 0.465198 0.003090 0.003707
5 0.666838 0.497117 0.003776 0.003295
5 0.672503 0.465610 0.004119 0.004530
5 0.680741 0.553336 0.004119 0.004530
5 0.682630 0.551277 0.005149 0.005354
5 0.684346 0.549629 0.005149 0.004530
5 0.686577 0.548188 0.004119 0.004119
5 0.687779 0.545923 0.004463 0.004530
5 0.691383 0.542422 0.004806 0.004942
5 0.693443 0.540362 0.004119 0.004942
5 0.695846 0.536244 0.004119 0.004119
5 0.697906 0.535008 0.004119 0.004942
5 0.700137 0.532537 0.004463 0.004119
5 0.701339 0.530066 0.004119 0.004119
5 0.704772 0.526977 0.004119 0.004530
5 0.706317 0.524712 0.004463 0.004119
5 0.708033 0.523064 0.003776 0.004119
5 0.664264 0.583402 0.004806 0.005354
5 0.666495 0.581549 0.003090 0.003295
5 0.668898 0.580313 0.004463 0.004119
5 0.671816 0.575988 0.004119 0.004530
5 0.673189 0.573311 0.004806 0.004942
5 0.675249 0.571870 0.004806 0.005354
5 0.676794 0.570222 0.003776 0.004530
5 0.678682 0.568575 0.004806 0.004530
5 0.681771 0.564662 0.004119 0.004119
5 0.683316 0.562397 0.004463 0.004530
5 0.685033 0.560956 0.003776 0.004119
5 0.686577 0.558896 0.002746 0.003295
5 0.688465 0.557043 0.003776 0.003707
5 0.692242 0.552924 0.004463 0.004530
5 0.693787 0.551071 0.004119 0.004119
5 0.695846 0.549423 0.004806 0.004119
5 0.698593 0.545923 0.004806 0.004530
5 0.702025 0.541804 0.005493 0.005354
5 0.674391 0.591639 0.004463 0.004530
5 0.676622 0.589786 0.004119 0.004119
5 0.678338 0.588344 0.004119 0.004530
9 0.680570 0.593904 0.004463 0.004942
5 0.687607 0.586491 0.004119 0.004119
5 0.690868 0.582784 0.004463 0.004119
5 0.706317 0.582784 0.004463 0.004942
5 0.689667 0.602142 0.004119 0.004942
5 0.695846 0.594316 0.004119 0.004942
5 0.695846 0.604201 0.004119 0.003295
5 0.708376 0.608320 0.004463 0.004942
5 0.711123 0.618204 0.004463 0.004942
5 0.679540 0.586491 0.004463 0.004119
5 0.681256 0.584020 0.004463 0.004119
5 0.683488 0.581960 0.004806 0.004942
5 0.687607 0.576812 0.004119 0.004530
5 0.689839 0.575371 0.003776 0.004119
5 0.691212 0.572900 0.004463 0.004942
5 0.693100 0.571252 0.004806 0.004119
5 0.694301 0.568987 0.004463 0.004530
5 0.695846 0.566722 0.004806 0.004119
5 0.697906 0.565486 0.004119 0.004119
5 0.702884 0.559926 0.004463 0.004530
5 0.704428 0.557455 0.004119 0.003707
5 0.706145 0.555601 0.004806 0.004942
5 0.726914 0.490321 0.004463 0.004530
5 0.684174 0.542010 0.003433 0.004942
5 0.703055 0.273064 0.004806 0.004942
5 0.673876 0.299629 0.004119 0.004530
5 0.655167 0.293245 0.003090 0.003295
5 0.651390 0.273270 0.004463 0.005354
5 0.663577 0.212315 0.004119 0.004530
5 0.665465 0.215198 0.003090 0.003707
5 0.948507 0.019152 0.003433 0.004530
5 0.952626 0.024094 0.004119 0.004530
9 0.957089 0.029860 0.004806 0.006178
5 0.971335 0.032949 0.003776 0.004119
5 0.930312 0.079695 0.004806 0.005354
5 0.933745 0.084020 0.004119 0.003295
9 0.921730 0.088756 0.005493 0.006178
9 0.917096 0.082784 0.005836 0.006590
9 0.920014 0.081549 0.004119 0.005766
5 0.986612 0.144769 0.004119 0.004530
48 0.692585 0.151977 0.014761 0.013180
9 0.956059 0.219934 0.006179 0.006590
14 0.943529 0.214374 0.010642 0.012768
14 0.953999 0.225700 0.010985 0.013180
14 0.962067 0.235585 0.007209 0.009061
14 0.967388 0.243616 0.006179 0.009473
14 0.974940 0.257414 0.006179 0.009885
5 0.713182 0.393122 0.004463 0.003707
5 0.693443 0.431013 0.004806 0.004530
20 0.935633 0.508031 0.020941 0.020181
20 0.952111 0.522035 0.014761 0.012768
20 0.968932 0.537068 0.023687 0.018122
53 0.730690 0.589374 0.105390 0.125206
48 0.797116 0.498970 0.102987 0.091021
53 0.778750 0.557661 0.074494 0.086491
48 0.660831 0.141474 0.008926 0.008649
48 0.677137 0.159390 0.009269 0.008237
48 0.689495 0.145799 0.007896 0.008237
48 0.707690 0.195428 0.006522 0.005354
48 0.709578 0.197694 0.006866 0.007414
48 0.711294 0.199135 0.007552 0.007002
48 0.715585 0.203460 0.012015 0.013180
48 0.729317 0.190486 0.020941 0.019357
48 0.726914 0.082166 0.011329 0.011944
48 0.739615 0.071252 0.008582 0.010708
48 0.700481 0.052718 0.007209 0.006590
48 0.704772 0.056013 0.010299 0.010708
48 0.712839 0.066928 0.008582 0.008649
48 0.715242 0.070222 0.007209 0.007825
48 0.722108 0.079077 0.005836 0.006590
48 0.719876 0.077224 0.006866 0.006178
48 0.718160 0.074135 0.006179 0.005766
48 0.725026 0.072488 0.004806 0.004119
48 0.708548 0.061779 0.008239 0.007414
48 0.695846 0.036450 0.005493 0.006178
48 0.698078 0.039539 0.006522 0.006590
9 0.663577 0.708402 0.012358 0.006590
56 0.758668 0.865115 0.080330 0.102554
56 0.680227 0.830725 0.054583 0.042834
56 0.653278 0.864292 0.040508 0.050659
56 0.660144 0.945428 0.044628 0.062191
56 0.686921 0.879325 0.081016 0.084020
48 0.648816 0.020799 0.017851 0.018534
48 0.646069 0.032125 0.012358 0.017298
48 0.701854 0.020593 0.015448 0.017298
48 0.784415 0.032743 0.010299 0.011944
5 0.790594 0.032125 0.005493 0.005766
5 0.802609 0.029448 0.004806 0.004530
5 0.806728 0.037273 0.004806 0.004530
51 0.827154 0.044893 0.025060 0.025535
48 0.903193 0.032537 0.013045 0.013180
48 0.899416 0.027595 0.012358 0.014003
48 0.908342 0.039951 0.013732 0.016474
48 0.914349 0.044893 0.012015 0.014003
48 0.922932 0.036862 0.010642 0.010297
48 0.928768 0.023888 0.025060 0.014827
48 0.910573 0.025741 0.012702 0.013591
48 0.914349 0.050247 0.007209 0.009061
48 0.933917 0.030066 0.017508 0.018946
48 0.946447 0.032743 0.015791 0.016063
48 0.938895 0.038509 0.012358 0.012768
48 0.933230 0.052512 0.018194 0.016063
9 0.922760 0.054572 0.006179 0.006178
48 0.943014 0.046952 0.011672 0.011532
48 0.945589 0.054160 0.023687 0.020181
48 0.957432 0.044687 0.013732 0.013591
48 0.958805 0.065898 0.019911 0.019769
48 0.930999 0.068781 0.010985 0.014003
48 0.972365 0.067957 0.016821 0.018122
5 0.923962 0.077636 0.004463 0.005354
48 0.922760 0.079077 0.004806 0.005766
48 0.910402 0.086285 0.006866 0.006178
9 0.915379 0.084020 0.005836 0.006590
9 0.920872 0.091433 0.008582 0.009885
9 0.931514 0.090198 0.006522 0.005766
9 0.933574 0.091227 0.006522 0.006178
5 0.937693 0.088962 0.005149 0.004942
48 0.888431 0.039333 0.025403 0.027595
48 0.880536 0.046129 0.026090 0.027183
48 0.872468 0.052512 0.025060 0.026771
48 0.864573 0.058896 0.025060 0.028007
48 0.859080 0.069193 0.030553 0.034596
48 0.851184 0.075371 0.030553 0.035420
48 0.845692 0.082372 0.026433 0.032125
48 0.875730 0.072900 0.012358 0.012356
48 0.891177 0.060338 0.028836 0.026771
48 0.894954 0.066104 0.028836 0.024300
48 0.900103 0.072282 0.032269 0.030890
48 0.906454 0.080107 0.032612 0.030066
48 0.903879 0.092669 0.015791 0.017298
48 0.911603 0.102142 0.018881 0.019769
48 0.889461 0.091227 0.013732 0.016063
48 0.868520 0.092257 0.028150 0.029654
48 0.873155 0.099259 0.024373 0.023064
48 0.881737 0.109555 0.036732 0.037068
48 0.883797 0.128913 0.012015 0.015651
48 0.858908 0.118410 0.010299 0.012768
48 0.841744 0.132002 0.017851 0.017710
48 0.778064 0.128295 0.033986 0.039951
48 0.725197 0.054366 0.029180 0.028830
48 0.716444 0.042628 0.022657 0.018534
48 0.704428 0.095140 0.037762 0.034596
48 0.677824 0.119440 0.012015 0.011532
48 0.672846 0.123970 0.010299 0.010708
5 0.670614 0.129325 0.004463 0.004942
48 0.662890 0.113880 0.022657 0.023476
48 0.657741 0.098023 0.019224 0.019769
48 0.650532 0.110585 0.010299 0.010297
5 0.717988 0.143328 0.003776 0.004119
48 0.715070 0.162891 0.013045 0.011120
48 0.710436 0.157949 0.010642 0.008649
48 0.705115 0.153418 0.012358 0.012768
48 0.699966 0.146005 0.013045 0.011944
48 0.702197 0.188427 0.009955 0.010297
48 0.705287 0.192957 0.007209 0.007002
48 0.709921 0.171746 0.011672 0.013180
48 0.722451 0.173394 0.014075 0.011532
48 0.721250 0.186573 0.011672 0.011532
48 0.730003 0.203048 0.018881 0.016474
48 0.739615 0.195016 0.012702 0.013591
48 0.722279 0.212932 0.007552 0.008237
48 0.745280 0.202018 0.012358 0.013591
48 0.739444 0.217875 0.012358 0.010708
48 0.734295 0.225082 0.014418 0.015239
48 0.742190 0.235173 0.017851 0.021417
48 0.755578 0.217669 0.015105 0.016063
48 0.762273 0.223641 0.013388 0.014003
48 0.768452 0.230437 0.013388 0.013591
48 0.761243 0.236203 0.012015 0.012768
48 0.773773 0.237232 0.013045 0.014003
48 0.763646 0.258237 0.014075 0.014003
48 0.766564 0.264415 0.010299 0.010708
48 0.779952 0.254736 0.021970 0.019357
48 0.729488 0.314662 0.009612 0.010708
48 0.712667 0.293245 0.009612 0.009885
48 0.652592 0.319399 0.020597 0.022652
48 0.647099 0.301071 0.010985 0.016474
48 0.655338 0.304160 0.015105 0.016063
48 0.678338 0.344316 0.021284 0.021417
48 0.658599 0.353171 0.009955 0.011120
48 0.669241 0.350700 0.011329 0.011944
48 0.674562 0.360173 0.006179 0.007002
48 0.687951 0.356672 0.019911 0.018122
48 0.684174 0.369234 0.009612 0.008649
48 0.695675 0.358526 0.014075 0.013591
48 0.699451 0.363468 0.013388 0.012768
48 0.681771 0.378913 0.013732 0.017298
48 0.670614 0.366969 0.014761 0.014827
48 0.692585 0.369646 0.009269 0.009473
48 0.687607 0.373970 0.008926 0.009061
48 0.651905 0.381384 0.015791 0.017298
48 0.647614 0.388386 0.010642 0.016474
5 0.673189 0.401565 0.006179 0.004942
5 0.665637 0.416804 0.004806 0.004119
5 0.654308 0.409596 0.005493 0.003707
5 0.674562 0.409802 0.005493 0.004942
5 0.699794 0.392298 0.005149 0.004530
5 0.704600 0.387562 0.005836 0.004119
48 0.711809 0.428336 0.039478 0.041186
48 0.729832 0.437397 0.010299 0.013180
48 0.744250 0.420511 0.064538 0.056013
9 0.732406 0.447694 0.006522 0.008237
9 0.681256 0.428542 0.005149 0.005354
9 0.682973 0.426689 0.003776 0.004119
5 0.692070 0.429160 0.004806 0.005766
9 0.667010 0.446664 0.005493 0.005354
5 0.686062 0.493822 0.005836 0.004942
5 0.684689 0.495675 0.004463 0.004530
53 0.650704 0.481672 0.016821 0.036656
53 0.659629 0.498147 0.023687 0.023476
53 0.651905 0.513180 0.018538 0.028007
53 0.681428 0.441722 0.041881 0.035008
53 0.692585 0.458196 0.036732 0.034185
53 0.706145 0.470758 0.036389 0.041186
53 0.722279 0.483526 0.037075 0.043657
53 0.734981 0.501236 0.044628 0.042834
53 0.744078 0.519152 0.052523 0.047364
53 0.682973 0.501236 0.023687 0.023888
53 0.668383 0.519563 0.028150 0.029242
53 0.652592 0.536862 0.020597 0.039951
53 0.693443 0.516474 0.026090 0.027183
53 0.677137 0.536244 0.029180 0.031301
53 0.656368 0.558278 0.026777 0.035832
53 0.705458 0.531096 0.028150 0.030066
53 0.687264 0.553336 0.034329 0.035008
53 0.668040 0.573929 0.030896 0.034185
5 0.708033 0.553542 0.004463 0.004942
13 0.649846 0.674835 0.009612 0.012768
9 0.882424 0.561573 0.008582 0.007002
9 0.908857 0.576400 0.003776 0.006178
13 0.882080 0.639003 0.014075 0.015239
56 0.714727 0.740939 0.049434 0.051071
56 0.668040 0.747117 0.050120 0.067545
56 0.690697 0.769563 0.058359 0.064662
56 0.662547 0.795511 0.021284 0.025124
56 0.654823 0.799835 0.024373 0.026359
9 0.736869 0.709020 0.007209 0.007825
9 0.744250 0.716021 0.007552 0.008649
48 0.728630 0.715404 0.020941 0.022241
48 0.739787 0.728171 0.020597 0.019769
9 0.714555 0.709638 0.010642 0.012356
9 0.714899 0.698723 0.009955 0.011120
5 0.722279 0.148270 0.005493 0.006590
5 0.684861 0.656301 0.004806 0.003707
5 0.656711 0.669069 0.002746 0.004530
5 0.660316 0.665568 0.004463 0.004119
5 0.664435 0.679160 0.005149 0.004942
5 0.667353 0.674629 0.004806 0.004119
5 0.689495 0.650947 0.005836 0.003707
53 0.684346 0.677100 0.079300 0.070016
10 0.749914 0.371293 0.005836 0.006178
5 0.730690 0.378089 0.004463 0.002471
5 0.780467 0.335667 0.003776 0.004119
5 0.786303 0.322694 0.004463 0.003707
5 0.815311 0.299217 0.004806 0.003707
5 0.903021 0.216021 0.004463 0.003707
5 0.875558 0.209843 0.004463 0.004530
5 0.990903 0.137768 0.004463 0.004530
5 0.717302 0.011738 0.003776 0.003707
38 0.927738 0.600494 0.009955 0.007414
48 0.888946 0.185750 0.032612 0.031301
10 0.668555 0.702018 0.008582 0.005354
13 0.675935 0.669275 0.006866 0.005766
48 0.888431 0.276771 0.049434 0.046952
48 0.945932 0.235997 0.041538 0.046952
10 0.868520 0.488674 0.010299 0.011120
11 0.926193 0.554160 0.015105 0.016063
48 0.906454 0.321870 0.060762 0.053954
10 0.671301 0.698311 0.010642 0.005354
48 0.870752 0.353583 0.036732 0.042422
48 0.868692 0.154654 0.035359 0.042422
11 0.877103 0.480848 0.013732 0.016886
48 0.802781 0.272858 0.032612 0.042422
10 0.691212 0.596993 0.007209 0.007825
48 0.783213 0.276771 0.029866 0.029654
13 0.902163 0.511532 0.013045 0.013180
10 0.843289 0.472611 0.008582 0.008649
