56 0.348043 0.010091 0.079327 0.020181
48 0.443510 0.022241 0.069712 0.044481
48 0.035886 0.000206 0.007898 0.000412
48 0.037431 0.004530 0.015797 0.009061
48 0.052026 0.006384 0.020261 0.012768
48 0.100790 0.005354 0.016827 0.010708
48 0.116930 0.004325 0.014080 0.008649
48 0.091346 0.000618 0.020604 0.001236
48 0.245192 0.016474 0.038462 0.032949
48 0.277988 0.012356 0.060783 0.024712
48 0.024725 0.005148 0.008242 0.009473
48 0.937672 0.021623 0.104739 0.043245
48 0.826236 0.019357 0.122940 0.038715
56 0.312672 0.023476 0.047734 0.046952
11 0.291552 0.007619 0.017857 0.015239
11 0.384100 0.012974 0.016827 0.015239
4 0.079155 0.001647 0.003091 0.003295
5 0.459650 0.009061 0.003091 0.003295
53 0.901099 0.980437 0.133929 0.039127
48 0.667411 0.983526 0.026442 0.032949
48 0.615041 0.992792 0.036401 0.014415
5 0.416552 0.989086 0.008242 0.006178
5 0.508242 0.993410 0.006868 0.004942
48 0.826923 0.993616 0.010302 0.007825
5 0.929430 0.999382 0.006525 0.001236
5 0.941449 0.998558 0.004464 0.002059
5 0.993819 0.401771 0.006181 0.004530
5 0.986435 0.832372 0.004464 0.003295
5 0.986264 0.829283 0.004121 0.002883
48 0.983860 0.728377 0.010302 0.015239
10 0.991758 0.452224 0.002747 0.006590
9 0.990385 0.521829 0.004121 0.008237
48 0.993475 0.046952 0.013049 0.031301
48 0.953468 0.477554 0.093063 0.056425
48 0.968407 0.320634 0.063187 0.100082
12 0.990728 0.234967 0.011676 0.006178
12 0.991587 0.238262 0.012019 0.005354
48 0.286745 0.217875 0.067308 0.070840
56 0.229567 0.192133 0.138393 0.123970
56 0.183207 0.142092 0.049794 0.042010
56 0.228194 0.086697 0.048420 0.096787
56 0.318338 0.325371 0.068681 0.077430
56 0.106628 0.299423 0.073832 0.067545
56 0.139423 0.234967 0.060440 0.142092
56 0.178571 0.118822 0.071429 0.059720
56 0.044815 0.330931 0.089629 0.164333
56 0.054945 0.245264 0.109890 0.093493
56 0.158310 0.434308 0.102335 0.051483
56 0.130151 0.401977 0.166896 0.048600
56 0.343922 0.392298 0.177541 0.135502
56 0.339286 0.460873 0.100962 0.151565
56 0.077610 0.440692 0.057692 0.067545
56 0.091690 0.489703 0.072802 0.040362
53 0.652988 0.718493 0.040865 0.096787
53 0.764251 0.820840 0.104739 0.052718
48 0.891140 0.817339 0.035714 0.016063
48 0.877919 0.889415 0.018201 0.011944
59 0.786229 0.562809 0.017514 0.022652
57 0.105254 0.352759 0.018887 0.026771
48 0.278846 0.555189 0.039835 0.019769
48 0.111092 0.456343 0.052541 0.045305
48 0.951923 0.701606 0.028159 0.020181
48 0.944883 0.737438 0.025755 0.021829
48 0.769059 0.610997 0.020261 0.016886
48 0.754636 0.612026 0.005151 0.010708
48 0.496566 0.483526 0.033654 0.037068
48 0.590831 0.719728 0.047047 0.049012
59 0.817995 0.620264 0.022665 0.010708
10 0.100962 0.232290 0.015797 0.015651
48 0.058379 0.013386 0.026099 0.019357
48 0.039492 0.063839 0.021291 0.025535
48 0.052198 0.053954 0.022665 0.024712
48 0.061813 0.045511 0.021978 0.024300
48 0.071257 0.035214 0.022321 0.025124
48 0.080872 0.027389 0.020948 0.025947
48 0.029190 0.037479 0.024725 0.023888
48 0.023695 0.030684 0.021291 0.016886
48 0.019746 0.024712 0.020261 0.014003
48 0.010646 0.020799 0.015110 0.015239
48 0.009787 0.010502 0.019574 0.020181
48 0.022665 0.012562 0.013049 0.014415
48 0.106971 0.082784 0.033310 0.037068
48 0.025755 0.090610 0.017170 0.018122
48 0.017514 0.089168 0.011676 0.010297
48 0.012534 0.081755 0.010646 0.006178
48 0.024382 0.078871 0.009615 0.011944
5 0.464973 0.984967 0.006868 0.006178
5 0.520776 0.984143 0.006525 0.005354
5 0.542582 0.012974 0.004808 0.005354
5 0.747940 0.054778 0.004121 0.003295
5 0.734890 0.066104 0.006181 0.004530
5 0.676168 0.172570 0.004808 0.004119
5 0.645948 0.127471 0.003434 0.004530
5 0.669643 0.158773 0.003434 0.004530
48 0.738496 0.295305 0.023695 0.016474
48 0.828812 0.207784 0.069025 0.060544
5 0.832589 0.189456 0.005151 0.004119
5 0.809924 0.163509 0.005151 0.004119
57 0.409341 0.504530 0.033654 0.028830
48 0.412260 0.546334 0.020948 0.014415
9 0.245707 0.478171 0.007898 0.009885
9 0.238668 0.470552 0.009615 0.010297
9 0.233001 0.462727 0.012019 0.007002
9 0.240213 0.432867 0.009272 0.009061
57 0.209478 0.434102 0.014423 0.016474
57 0.269746 0.464992 0.012019 0.009061
57 0.408482 0.462932 0.007898 0.005766
5 0.583620 0.556219 0.004464 0.005354
5 0.585337 0.553542 0.005838 0.004942
5 0.588255 0.551277 0.005495 0.005354
5 0.512191 0.502471 0.006525 0.005766
5 0.514938 0.508031 0.005151 0.006178
6 0.566793 0.496293 0.009959 0.007414
48 0.780048 0.314044 0.015453 0.017710
6 0.053915 0.514003 0.006868 0.006590
6 0.067651 0.508443 0.004808 0.007825
5 0.059581 0.516063 0.005151 0.005766
5 0.060611 0.514003 0.004464 0.006590
5 0.063015 0.512768 0.005151 0.004942
5 0.071944 0.508855 0.005838 0.005354
5 0.025069 0.109967 0.005495 0.004942
5 0.026442 0.105231 0.006868 0.005354
5 0.042582 0.092875 0.006868 0.005354
5 0.056319 0.107084 0.006868 0.004942
5 0.113839 0.029654 0.005151 0.002471
5 0.020776 0.052306 0.003777 0.004942
5 0.027644 0.061573 0.003777 0.005354
5 0.020089 0.065486 0.005151 0.005766
5 0.016484 0.060750 0.003434 0.003707
5 0.025412 0.072076 0.005495 0.006590
5 0.057692 0.152183 0.004121 0.004530
5 0.059924 0.150124 0.003777 0.004530
5 0.069712 0.142504 0.004808 0.004942
5 0.076580 0.128295 0.004121 0.004530
48 0.007383 0.189044 0.014766 0.059308
48 0.061985 0.173188 0.123970 0.099259
5 0.006696 0.604201 0.003777 0.003295
5 0.017342 0.604201 0.005151 0.004119
5 0.022665 0.602554 0.004808 0.003295
5 0.024210 0.610379 0.005151 0.003295
5 0.019231 0.613674 0.004808 0.002471
5 0.009444 0.617998 0.003777 0.002059
5 0.010302 0.622735 0.003434 0.002471
5 0.020089 0.620675 0.005838 0.003295
5 0.019746 0.615733 0.003777 0.002471
5 0.027129 0.626236 0.005495 0.002883
5 0.022321 0.629736 0.004121 0.002471
5 0.022665 0.632619 0.005495 0.002471
5 0.012191 0.634473 0.004464 0.002883
5 0.023523 0.637150 0.004464 0.001647
5 0.027988 0.633443 0.003777 0.002471
5 0.028503 0.636120 0.004808 0.002883
5 0.023695 0.639209 0.004121 0.002471
5 0.029705 0.640445 0.004464 0.002471
5 0.024038 0.641886 0.004808 0.002883
5 0.030220 0.642916 0.004808 0.002471
5 0.030735 0.645181 0.005151 0.002059
5 0.024897 0.646417 0.004464 0.002059
5 0.015110 0.648270 0.004808 0.002471
5 0.031250 0.647446 0.004808 0.003295
5 0.025412 0.648888 0.004808 0.002059
5 0.030907 0.649712 0.003434 0.002059
5 0.031937 0.651977 0.004808 0.002471
5 0.025584 0.650741 0.004464 0.002471
5 0.027129 0.653007 0.004121 0.002059
5 0.031937 0.654242 0.005495 0.002883
5 0.027301 0.657743 0.004464 0.002471
5 0.027473 0.655066 0.004121 0.002883
5 0.032452 0.656919 0.003777 0.001647
5 0.016484 0.655066 0.004808 0.002883
5 0.016827 0.657331 0.005495 0.003295
5 0.017514 0.662685 0.005495 0.003295
5 0.018716 0.666598 0.004464 0.002883
5 0.019059 0.668863 0.004464 0.002471
5 0.019402 0.670923 0.004464 0.002471
5 0.019746 0.673600 0.004464 0.003707
5 0.020776 0.678336 0.005151 0.002471
5 0.021120 0.680395 0.005151 0.003295
5 0.021635 0.683073 0.004808 0.002883
5 0.022150 0.685338 0.004464 0.002471
5 0.022321 0.687603 0.004808 0.002883
5 0.022837 0.689662 0.004464 0.002059
5 0.023352 0.692133 0.004808 0.002883
5 0.023695 0.694605 0.004808 0.002883
5 0.024382 0.697076 0.004808 0.002883
5 0.024554 0.699341 0.004464 0.002471
5 0.025069 0.701400 0.004808 0.001647
5 0.025584 0.703871 0.004464 0.002471
5 0.026099 0.706343 0.004121 0.002471
5 0.026099 0.708608 0.004808 0.002883
5 0.027129 0.713138 0.004808 0.002883
5 0.027644 0.715404 0.004464 0.002471
5 0.028503 0.717257 0.004808 0.002883
5 0.028846 0.719728 0.004808 0.002883
5 0.029190 0.722405 0.004808 0.002471
5 0.029705 0.724671 0.004464 0.002059
5 0.029705 0.726936 0.005151 0.002471
5 0.031078 0.731878 0.004464 0.002471
5 0.031422 0.733526 0.003777 0.001647
5 0.031250 0.735173 0.004121 0.001647
5 0.031765 0.737026 0.005151 0.002883
5 0.033654 0.745881 0.004121 0.002471
5 0.034512 0.750824 0.004464 0.002471
5 0.035543 0.755560 0.005151 0.002883
5 0.036745 0.762150 0.004121 0.002883
5 0.038805 0.771623 0.004121 0.002059
5 0.040522 0.780890 0.004121 0.002471
5 0.041037 0.785420 0.005151 0.002471
5 0.042239 0.790362 0.004808 0.002471
5 0.042926 0.792834 0.004121 0.002471
5 0.044128 0.799629 0.004464 0.002883
5 0.045158 0.806631 0.004464 0.002883
5 0.045673 0.808896 0.004121 0.002471
5 0.045845 0.810956 0.005151 0.002471
5 0.046360 0.813015 0.004808 0.002471
5 0.047562 0.818163 0.004464 0.002059
5 0.047905 0.820222 0.005151 0.002883
5 0.048249 0.822488 0.004464 0.002471
5 0.048764 0.824547 0.004808 0.002471
5 0.049107 0.826812 0.004121 0.002059
5 0.049451 0.829283 0.004808 0.002883
5 0.049966 0.831549 0.004464 0.002471
5 0.050481 0.833814 0.004121 0.002059
5 0.050652 0.836285 0.005151 0.002883
5 0.051339 0.838756 0.004464 0.002883
5 0.051683 0.841227 0.005151 0.002883
5 0.052541 0.843493 0.004808 0.002471
5 0.052541 0.845552 0.004808 0.002471
5 0.052885 0.848229 0.004808 0.002883
5 0.053228 0.850288 0.004808 0.002059
5 0.054087 0.852759 0.005151 0.002059
5 0.054430 0.855025 0.005151 0.002471
5 0.054945 0.857084 0.004808 0.002471
5 0.054773 0.859349 0.005151 0.002883
5 0.055632 0.862026 0.004121 0.002471
5 0.056147 0.864086 0.004464 0.002471
5 0.057177 0.866351 0.004464 0.002883
5 0.057521 0.871087 0.003777 0.002471
8 0.057349 0.868616 0.004121 0.002471
5 0.058036 0.873558 0.005495 0.001647
5 0.058036 0.875618 0.004808 0.002471
5 0.059066 0.878295 0.004121 0.002059
5 0.059409 0.880148 0.004121 0.002471
5 0.059409 0.882414 0.004808 0.002059
5 0.060096 0.884885 0.004121 0.002059
5 0.060611 0.887150 0.004464 0.002471
5 0.061298 0.889621 0.004464 0.002471
5 0.061470 0.891886 0.004808 0.002883
5 0.061813 0.894358 0.004121 0.002059
5 0.061985 0.896417 0.004464 0.002883
5 0.063015 0.899300 0.004464 0.002883
5 0.063359 0.901771 0.004464 0.002059
5 0.063874 0.903624 0.004121 0.002471
5 0.063874 0.906096 0.004121 0.003295
5 0.064389 0.908567 0.005151 0.002471
5 0.064904 0.910420 0.005495 0.002883
5 0.065419 0.912891 0.004464 0.002883
5 0.065934 0.915568 0.004808 0.002471
5 0.033310 0.659185 0.005495 0.002883
5 0.033482 0.661450 0.005838 0.002471
5 0.028159 0.662068 0.005495 0.002883
5 0.028503 0.664951 0.004808 0.002883
5 0.033997 0.663715 0.004121 0.002059
5 0.034512 0.666186 0.004464 0.002883
5 0.029018 0.667422 0.005151 0.002059
5 0.035027 0.668451 0.004121 0.002471
5 0.029533 0.669893 0.005495 0.002883
5 0.032452 0.600906 0.005151 0.002471
5 0.038290 0.600494 0.004464 0.002471
5 0.038805 0.602348 0.004808 0.002059
5 0.039320 0.605025 0.005151 0.003295
5 0.034856 0.610791 0.004464 0.002471
5 0.035371 0.613056 0.005495 0.002883
5 0.036058 0.615321 0.004808 0.002471
5 0.036229 0.617381 0.005151 0.002471
5 0.036745 0.619852 0.004808 0.003295
5 0.042411 0.618616 0.004464 0.003295
5 0.037088 0.622323 0.004121 0.002471
5 0.042926 0.621087 0.005495 0.003295
5 0.037946 0.626442 0.005151 0.002471
5 0.043613 0.626030 0.004808 0.003295
5 0.038462 0.629119 0.004808 0.003707
5 0.044643 0.630354 0.004808 0.002883
5 0.044815 0.632619 0.004464 0.003295
5 0.039835 0.636120 0.004808 0.002883
5 0.044986 0.635091 0.004808 0.002471
5 0.045330 0.637150 0.004808 0.002471
5 0.040522 0.638591 0.004121 0.002883
5 0.041209 0.640857 0.004808 0.002471
5 0.045845 0.639621 0.004464 0.002471
5 0.046532 0.642092 0.005151 0.002471
5 0.041552 0.643328 0.004808 0.002471
5 0.046703 0.644563 0.005495 0.002471
5 0.041552 0.645387 0.004808 0.002471
5 0.042067 0.647446 0.005151 0.002471
5 0.046703 0.646829 0.004808 0.002883
5 0.047562 0.648888 0.005151 0.002883
5 0.042926 0.652595 0.004808 0.002883
5 0.047905 0.651565 0.005151 0.002471
5 0.048420 0.653624 0.003434 0.002471
5 0.048935 0.656096 0.004464 0.002471
5 0.043784 0.657125 0.005151 0.002883
5 0.049622 0.658155 0.004464 0.002471
5 0.044643 0.661656 0.004808 0.002059
5 0.049966 0.660832 0.004464 0.002059
5 0.050824 0.663097 0.004808 0.002471
5 0.044986 0.663715 0.005495 0.002883
5 0.045501 0.666186 0.005838 0.002883
5 0.051168 0.665362 0.004808 0.002883
5 0.050481 0.604407 0.004121 0.002883
5 0.050996 0.607496 0.005151 0.003295
5 0.051683 0.612438 0.004464 0.002471
5 0.057349 0.610585 0.004808 0.002883
5 0.057349 0.613262 0.004121 0.002471
5 0.053400 0.616351 0.004464 0.002883
5 0.058894 0.617792 0.004464 0.002471
5 0.059238 0.620470 0.004464 0.002059
5 0.053571 0.623558 0.004808 0.002471
5 0.059409 0.622323 0.004121 0.002471
5 0.059581 0.624794 0.003777 0.002471
5 0.059924 0.627471 0.004464 0.002883
5 0.054258 0.625824 0.004808 0.003707
5 0.060611 0.629530 0.005151 0.003707
5 0.055117 0.630766 0.004464 0.002883
5 0.054945 0.628295 0.004121 0.002883
5 0.061641 0.632208 0.004464 0.003295
5 0.056147 0.633237 0.004464 0.002883
5 0.056662 0.635502 0.005495 0.002471
5 0.062328 0.634473 0.005151 0.002883
5 0.062843 0.636532 0.004121 0.002883
5 0.057177 0.637768 0.005151 0.002883
5 0.057521 0.640033 0.004464 0.002471
5 0.064217 0.640857 0.004808 0.002471
5 0.057521 0.642298 0.004464 0.002883
5 0.063530 0.643740 0.004808 0.003295
5 0.058379 0.644769 0.004121 0.002883
5 0.058379 0.647035 0.005495 0.003295
5 0.063359 0.646211 0.005151 0.002471
5 0.064045 0.648476 0.005151 0.002883
5 0.059409 0.649300 0.004808 0.002883
5 0.064389 0.650741 0.005151 0.002471
5 0.059238 0.651565 0.004464 0.003295
5 0.064904 0.652801 0.005495 0.003295
5 0.059924 0.653830 0.005151 0.002883
5 0.065247 0.655684 0.004121 0.002471
5 0.060268 0.655890 0.004464 0.002883
5 0.060096 0.658567 0.005495 0.003295
5 0.065076 0.657537 0.003777 0.002059
5 0.066964 0.660420 0.004808 0.002883
5 0.060611 0.661038 0.005151 0.002471
5 0.062328 0.663097 0.005151 0.002471
5 0.076580 0.657949 0.004808 0.002883
5 0.069712 0.619234 0.005495 0.002883
5 0.070570 0.622529 0.004464 0.002883
5 0.071257 0.625206 0.005151 0.003295
5 0.076408 0.625618 0.004464 0.002471
5 0.071257 0.627265 0.005151 0.002471
5 0.071944 0.629325 0.005151 0.003295
5 0.076923 0.627677 0.004808 0.003295
5 0.077266 0.630560 0.004808 0.003295
5 0.072459 0.632414 0.004808 0.002883
5 0.072974 0.634885 0.004464 0.002883
5 0.078468 0.635708 0.003777 0.003707
5 0.077782 0.633649 0.003777 0.002059
5 0.072802 0.638591 0.004808 0.002883
5 0.078984 0.637974 0.004121 0.002471
5 0.079499 0.640857 0.005151 0.002471
5 0.074176 0.641269 0.004808 0.003295
5 0.080185 0.642504 0.005151 0.003295
5 0.074863 0.643740 0.004808 0.002471
5 0.080529 0.644975 0.004464 0.003295
5 0.075206 0.646211 0.004808 0.002471
5 0.080529 0.647241 0.005151 0.002883
5 0.075549 0.648682 0.004121 0.002471
5 0.076065 0.650947 0.004464 0.002059
5 0.076408 0.652801 0.003777 0.002471
5 0.080872 0.652183 0.003777 0.002883
5 0.082074 0.654448 0.004808 0.003295
5 0.076408 0.655272 0.005151 0.002471
5 0.083104 0.657537 0.005495 0.003707
5 0.088942 0.633031 0.004808 0.002471
5 0.089973 0.635708 0.004808 0.002883
5 0.089973 0.638180 0.004808 0.002883
5 0.091861 0.640445 0.005151 0.002471
5 0.091518 0.643534 0.004464 0.002883
5 0.091518 0.645181 0.005151 0.002883
5 0.091861 0.647652 0.005151 0.002883
5 0.092376 0.650124 0.005495 0.002883
5 0.093407 0.652595 0.004121 0.002883
5 0.093750 0.655066 0.004808 0.002883
5 0.031422 0.678336 0.004464 0.002471
5 0.032280 0.680601 0.005495 0.002059
5 0.032624 0.683278 0.004808 0.002471
5 0.032795 0.688015 0.004464 0.002059
5 0.032795 0.690486 0.005151 0.002883
5 0.034341 0.692751 0.004121 0.002471
5 0.034512 0.695017 0.005151 0.002883
5 0.035199 0.699547 0.004464 0.002059
5 0.036229 0.701812 0.005151 0.002471
5 0.036401 0.703871 0.004808 0.002471
5 0.036745 0.706549 0.004121 0.002883
5 0.036573 0.709020 0.005151 0.002883
5 0.037603 0.711285 0.004464 0.002471
5 0.038462 0.713138 0.004808 0.002883
5 0.038462 0.715610 0.004808 0.002883
5 0.038805 0.717875 0.004121 0.002471
5 0.039148 0.720346 0.004121 0.002471
5 0.039663 0.722405 0.004464 0.002471
5 0.041037 0.724876 0.005151 0.002471
5 0.041896 0.727142 0.004121 0.002059
5 0.040865 0.729819 0.004808 0.002471
5 0.042754 0.734967 0.004464 0.002883
5 0.043098 0.737232 0.003777 0.002471
5 0.043098 0.739909 0.004464 0.002883
5 0.044299 0.744440 0.004808 0.002059
5 0.044643 0.748558 0.004808 0.002883
5 0.046360 0.755766 0.004808 0.003295
9 0.046703 0.760091 0.005495 0.003707
5 0.048935 0.772241 0.004464 0.003295
5 0.051511 0.781096 0.004808 0.002883
5 0.051683 0.783773 0.003777 0.002471
5 0.053228 0.792216 0.004121 0.002883
5 0.053915 0.795305 0.004121 0.002471
5 0.054773 0.799835 0.005151 0.003295
5 0.037088 0.677306 0.004121 0.002883
5 0.037603 0.679778 0.004464 0.002883
5 0.037603 0.682249 0.004464 0.002883
5 0.038118 0.684720 0.004121 0.002883
5 0.038633 0.687191 0.003777 0.002059
5 0.038633 0.689250 0.004464 0.002059
5 0.038977 0.691516 0.003091 0.002471
5 0.038977 0.694193 0.004464 0.002883
5 0.039663 0.696664 0.004464 0.002883
5 0.040007 0.698929 0.005151 0.002471
5 0.040865 0.700783 0.004808 0.002883
5 0.041724 0.705519 0.004464 0.002471
5 0.042411 0.707578 0.004464 0.001647
5 0.042926 0.709844 0.004808 0.002883
5 0.043269 0.712727 0.004808 0.002883
5 0.042926 0.715198 0.004121 0.002883
5 0.044471 0.719934 0.003777 0.002471
5 0.044643 0.721993 0.004121 0.001647
5 0.045501 0.724259 0.003091 0.002059
5 0.046016 0.726318 0.004121 0.002883
5 0.046360 0.728583 0.004808 0.002471
5 0.047047 0.731054 0.004121 0.003295
5 0.047390 0.733731 0.004121 0.002883
5 0.047734 0.736409 0.005495 0.002471
5 0.048077 0.738468 0.005495 0.002471
5 0.048077 0.740733 0.004121 0.002883
5 0.048592 0.743410 0.005151 0.002471
5 0.048764 0.745470 0.005495 0.002471
5 0.049966 0.747735 0.004464 0.002059
5 0.050309 0.750000 0.004464 0.002471
5 0.050824 0.754530 0.005495 0.002471
5 0.051511 0.757002 0.005495 0.002471
5 0.052370 0.759267 0.005151 0.002883
5 0.053056 0.761532 0.005151 0.002471
5 0.053056 0.764003 0.005151 0.002471
5 0.053400 0.766063 0.004464 0.002471
5 0.053915 0.768534 0.005495 0.002471
5 0.055117 0.773064 0.005151 0.002471
5 0.055632 0.775329 0.004808 0.002059
5 0.055975 0.777595 0.004808 0.002471
5 0.056834 0.779860 0.005151 0.002059
5 0.056662 0.782331 0.005495 0.002883
5 0.059409 0.794481 0.004808 0.002471
5 0.059753 0.796746 0.004121 0.002883
5 0.059753 0.798600 0.005495 0.002471
5 0.060096 0.801071 0.005495 0.003295
5 0.060783 0.803130 0.004121 0.001647
5 0.061298 0.805189 0.003777 0.002471
5 0.061470 0.807661 0.004121 0.002471
5 0.055460 0.806219 0.005151 0.002883
5 0.046703 0.815692 0.004121 0.002883
5 0.055632 0.808896 0.005495 0.003295
5 0.061813 0.810132 0.004808 0.002471
5 0.057349 0.813427 0.004808 0.003295
5 0.062157 0.812397 0.004808 0.002883
5 0.063187 0.814456 0.004808 0.002883
5 0.063530 0.816927 0.004121 0.002883
5 0.058379 0.817957 0.004808 0.002471
5 0.058036 0.820634 0.004808 0.002883
5 0.063874 0.819193 0.004808 0.002471
5 0.058894 0.822694 0.004464 0.002883
5 0.063874 0.821664 0.004808 0.002471
5 0.064389 0.823723 0.005151 0.002471
5 0.059409 0.824959 0.004808 0.002471
5 0.064389 0.825988 0.005151 0.002883
5 0.060440 0.827430 0.004121 0.002471
5 0.060783 0.829283 0.005495 0.002059
5 0.065591 0.828871 0.004121 0.002059
5 0.060783 0.831755 0.004808 0.002883
5 0.065419 0.830931 0.005151 0.002883
5 0.066449 0.833608 0.005838 0.002471
5 0.060955 0.834226 0.004464 0.002059
5 0.061470 0.836697 0.004121 0.002059
5 0.066793 0.835873 0.005151 0.002059
5 0.067308 0.838138 0.004808 0.002471
5 0.061813 0.838962 0.004808 0.002471
5 0.062672 0.841639 0.004464 0.002059
5 0.067308 0.840404 0.004808 0.002059
5 0.067823 0.842669 0.004464 0.003295
5 0.062843 0.843699 0.005495 0.002883
5 0.063359 0.846170 0.005151 0.002883
5 0.068681 0.845140 0.004121 0.002471
5 0.063530 0.848435 0.005495 0.003295
5 0.064560 0.850700 0.004808 0.002059
5 0.068853 0.847611 0.004464 0.003295
5 0.069368 0.850082 0.005495 0.002471
5 0.064904 0.853171 0.004808 0.002883
5 0.069540 0.852348 0.004464 0.002059
5 0.065419 0.855642 0.003777 0.002883
5 0.070227 0.854613 0.004464 0.002471
5 0.065934 0.857908 0.004121 0.002471
5 0.070913 0.856672 0.005838 0.003295
5 0.071429 0.858731 0.004808 0.002471
5 0.066277 0.862232 0.004808 0.002883
5 0.071944 0.861203 0.004464 0.003295
5 0.066793 0.864909 0.004464 0.002471
5 0.072459 0.863880 0.005495 0.002883
5 0.067479 0.867586 0.005151 0.002883
5 0.072974 0.866145 0.004464 0.002471
5 0.073317 0.868410 0.005151 0.002059
5 0.073832 0.870264 0.004808 0.002471
5 0.068681 0.871705 0.004808 0.002059
5 0.068338 0.873558 0.004808 0.001647
5 0.074348 0.872735 0.005151 0.003295
5 0.068510 0.876030 0.005151 0.002471
5 0.069196 0.878295 0.004464 0.002059
5 0.069883 0.880766 0.004464 0.002059
5 0.074863 0.879530 0.004808 0.002883
5 0.070227 0.882619 0.005151 0.003295
5 0.075549 0.881796 0.004121 0.002471
5 0.070570 0.885091 0.005838 0.002471
5 0.075549 0.884473 0.004808 0.002059
5 0.076236 0.886738 0.005495 0.002471
5 0.071600 0.887768 0.004464 0.002883
5 0.071772 0.889827 0.005495 0.002059
5 0.076923 0.890857 0.004808 0.002471
5 0.071944 0.892504 0.005151 0.002471
5 0.072630 0.895181 0.003777 0.002883
5 0.077610 0.893534 0.004121 0.003707
5 0.078297 0.896211 0.004808 0.002471
5 0.073146 0.897652 0.004121 0.002883
5 0.073489 0.899300 0.004808 0.002883
5 0.078640 0.898476 0.004808 0.002883
5 0.079499 0.900741 0.004464 0.002471
5 0.073832 0.901771 0.004121 0.002059
5 0.079842 0.903007 0.005151 0.003707
5 0.073489 0.903830 0.004808 0.002883
5 0.074004 0.906507 0.005151 0.002471
5 0.052541 0.674629 0.005495 0.003295
5 0.047047 0.675247 0.005495 0.002883
5 0.047390 0.677718 0.004808 0.002883
5 0.052885 0.676689 0.004808 0.002471
5 0.053571 0.679160 0.004808 0.002471
5 0.048420 0.682043 0.004121 0.003295
5 0.053915 0.681425 0.005495 0.002883
5 0.054602 0.684102 0.004808 0.002471
5 0.049107 0.684720 0.004121 0.002883
5 0.049622 0.686779 0.004464 0.002883
5 0.054945 0.686367 0.004121 0.002883
5 0.050309 0.689662 0.005151 0.002883
5 0.055117 0.688839 0.004464 0.002883
5 0.051339 0.691722 0.005151 0.002883
5 0.055632 0.691104 0.004808 0.002471
5 0.051511 0.696458 0.004808 0.002471
5 0.055632 0.693163 0.004808 0.002471
5 0.057005 0.695840 0.004121 0.002883
5 0.052541 0.698929 0.004121 0.002471
5 0.057005 0.697900 0.004808 0.002883
5 0.052541 0.700988 0.005495 0.003295
5 0.057864 0.700371 0.004464 0.002059
5 0.057692 0.702842 0.004121 0.002883
5 0.052885 0.703460 0.004808 0.002471
5 0.053400 0.705725 0.004464 0.002883
5 0.058379 0.704901 0.004808 0.002059
5 0.059066 0.707166 0.004121 0.002471
5 0.053743 0.708402 0.004464 0.002471
5 0.059581 0.709226 0.004464 0.002471
5 0.059581 0.711491 0.004464 0.002059
5 0.054945 0.712521 0.004121 0.002471
5 0.055288 0.714992 0.004808 0.002471
5 0.060096 0.713962 0.004808 0.002883
5 0.060611 0.716021 0.005151 0.002883
5 0.054773 0.717051 0.005151 0.002471
5 0.055288 0.719522 0.004808 0.002471
5 0.061298 0.718287 0.004464 0.002471
5 0.061470 0.720552 0.004121 0.002059
5 0.056490 0.721993 0.004464 0.002471
5 0.057005 0.723847 0.005495 0.002883
5 0.061813 0.723023 0.005495 0.002883
5 0.062672 0.725288 0.005151 0.003295
5 0.057177 0.726524 0.004464 0.002471
5 0.063015 0.728171 0.004464 0.002471
5 0.057349 0.728995 0.004808 0.002471
5 0.057864 0.731672 0.004464 0.002883
5 0.063530 0.732702 0.004121 0.002471
5 0.058207 0.734143 0.004464 0.002059
5 0.072287 0.718287 0.004464 0.003295
5 0.072115 0.720964 0.004808 0.002883
5 0.073146 0.725494 0.004808 0.002883
5 0.073832 0.727759 0.004808 0.003295
5 0.063702 0.734761 0.004464 0.002471
5 0.059066 0.735997 0.004121 0.002471
5 0.064217 0.737644 0.004121 0.002471
5 0.059238 0.738674 0.005151 0.002883
5 0.064389 0.740115 0.003777 0.002471
5 0.059753 0.741145 0.004808 0.002883
5 0.060440 0.743616 0.004808 0.003707
5 0.065591 0.742175 0.004808 0.002471
5 0.066106 0.744440 0.005151 0.002883
5 0.060955 0.746087 0.003777 0.002059
5 0.061470 0.748147 0.004121 0.002059
5 0.066277 0.747117 0.004808 0.002471
5 0.061985 0.752883 0.003777 0.002471
5 0.066964 0.749176 0.004808 0.003295
5 0.066793 0.751853 0.005151 0.002883
5 0.067651 0.754119 0.004121 0.002471
5 0.068510 0.756178 0.004464 0.002471
5 0.063874 0.756796 0.004808 0.002883
5 0.064217 0.759473 0.004808 0.003295
5 0.068853 0.758237 0.004464 0.002471
5 0.064732 0.761944 0.005151 0.002471
5 0.070055 0.760502 0.004808 0.002883
5 0.069883 0.762974 0.005151 0.002883
5 0.070227 0.765445 0.005151 0.002883
5 0.064389 0.769152 0.005151 0.002883
5 0.071085 0.769769 0.004808 0.002471
5 0.065419 0.771005 0.005151 0.002471
5 0.066106 0.773064 0.004464 0.002471
5 0.066793 0.775535 0.005151 0.002471
5 0.071772 0.774712 0.004121 0.002471
5 0.066964 0.777801 0.005495 0.002883
5 0.072115 0.776977 0.004121 0.002059
5 0.072115 0.779448 0.004121 0.002883
5 0.067308 0.780066 0.004808 0.002471
5 0.074176 0.730437 0.004808 0.002883
5 0.074519 0.732908 0.005495 0.003707
5 0.074691 0.735791 0.004464 0.002883
5 0.076236 0.740321 0.005495 0.002883
5 0.076580 0.742792 0.004808 0.002059
5 0.077095 0.745058 0.005151 0.002471
5 0.077610 0.747117 0.005495 0.002471
5 0.077610 0.749588 0.004808 0.003295
5 0.078468 0.751442 0.004464 0.002883
5 0.078984 0.753707 0.005495 0.003295
5 0.079327 0.756590 0.005495 0.002471
5 0.080014 0.758855 0.004808 0.002883
5 0.080529 0.760708 0.003091 0.002471
5 0.080701 0.763180 0.004121 0.002471
5 0.081216 0.765239 0.005151 0.002471
5 0.081902 0.767916 0.004464 0.002883
5 0.081387 0.769975 0.004121 0.002883
5 0.082074 0.772446 0.004121 0.002883
5 0.082418 0.774712 0.004808 0.003295
5 0.084306 0.779242 0.005151 0.003295
5 0.082761 0.776771 0.004808 0.002471
5 0.084478 0.781507 0.005495 0.002883
5 0.085508 0.783773 0.005495 0.002471
5 0.086195 0.788921 0.006181 0.002883
5 0.085680 0.786450 0.005151 0.002059
5 0.086195 0.791186 0.004808 0.002471
5 0.086538 0.793040 0.005495 0.002883
5 0.086538 0.795511 0.004808 0.002883
5 0.087397 0.798394 0.004464 0.002059
5 0.089114 0.800453 0.004464 0.002059
5 0.087569 0.802512 0.004121 0.002059
5 0.088427 0.804983 0.005151 0.002883
5 0.089286 0.807249 0.004808 0.002471
5 0.089629 0.809720 0.004808 0.002471
5 0.090316 0.812191 0.004121 0.002471
5 0.091346 0.814250 0.004808 0.003295
5 0.091518 0.816722 0.005151 0.003295
5 0.091861 0.819193 0.004464 0.002471
5 0.093063 0.820840 0.004808 0.002471
5 0.093235 0.823311 0.004464 0.002471
5 0.093235 0.825988 0.005151 0.002059
5 0.093578 0.828254 0.004464 0.002471
5 0.093407 0.830519 0.005495 0.002883
5 0.094093 0.832990 0.004808 0.002883
5 0.074348 0.788715 0.004464 0.002471
5 0.070227 0.791804 0.004464 0.002059
5 0.069883 0.793863 0.004464 0.002883
5 0.074348 0.790980 0.004464 0.002059
5 0.075206 0.793245 0.004808 0.002471
5 0.075549 0.795923 0.004808 0.002883
5 0.070398 0.796540 0.004808 0.002471
5 0.075893 0.797982 0.005495 0.002883
5 0.071429 0.801277 0.004121 0.002059
5 0.077095 0.800041 0.004464 0.002883
5 0.077266 0.802306 0.005495 0.002471
5 0.071944 0.803748 0.003777 0.002883
5 0.078125 0.804572 0.004464 0.002883
5 0.072115 0.805807 0.004808 0.002059
5 0.077953 0.806837 0.004808 0.002471
5 0.072974 0.808278 0.005151 0.002883
5 0.078297 0.809720 0.004808 0.002471
5 0.078640 0.811985 0.004121 0.002059
5 0.073832 0.812397 0.004808 0.002883
5 0.079327 0.813839 0.004121 0.002471
5 0.074004 0.814868 0.004464 0.002883
5 0.079155 0.816516 0.004464 0.002059
5 0.073832 0.817545 0.004121 0.003295
5 0.080185 0.818369 0.004464 0.002471
5 0.079842 0.820634 0.003777 0.002883
5 0.075378 0.821870 0.004464 0.002059
5 0.080701 0.823105 0.005495 0.002059
5 0.075893 0.824135 0.004808 0.002471
5 0.076580 0.826812 0.004121 0.002059
5 0.080872 0.825577 0.005151 0.003707
5 0.076923 0.828871 0.005495 0.002883
5 0.081731 0.827842 0.004121 0.002471
5 0.081902 0.830107 0.005838 0.002883
5 0.076923 0.831137 0.004808 0.002471
5 0.082761 0.832578 0.005495 0.002883
5 0.077095 0.833608 0.005151 0.002471
5 0.078468 0.835667 0.005151 0.002471
5 0.083448 0.835049 0.006181 0.002059
5 0.083791 0.837109 0.005495 0.002883
5 0.078984 0.840404 0.004808 0.002883
5 0.083791 0.839580 0.004808 0.002059
5 0.079499 0.843081 0.005151 0.002471
5 0.084478 0.842051 0.004808 0.002883
5 0.084821 0.844316 0.005495 0.002471
5 0.079670 0.845346 0.004808 0.002059
5 0.080357 0.847611 0.004808 0.002471
5 0.085852 0.846993 0.004808 0.002059
5 0.085852 0.848847 0.005495 0.002471
5 0.080701 0.850082 0.004808 0.002471
5 0.081044 0.851936 0.004121 0.002883
5 0.086023 0.851112 0.005151 0.002883
5 0.086538 0.853583 0.004808 0.002059
5 0.081559 0.854819 0.003777 0.002883
5 0.082074 0.857290 0.004121 0.002059
5 0.087225 0.855848 0.005495 0.002471
5 0.082761 0.859349 0.004121 0.002059
5 0.088084 0.858526 0.005838 0.002883
5 0.083620 0.863674 0.005151 0.003295
5 0.088255 0.860379 0.004808 0.002471
5 0.088771 0.862644 0.003777 0.002883
5 0.089286 0.865115 0.004808 0.002883
5 0.084650 0.867998 0.005151 0.002883
5 0.089629 0.867586 0.005495 0.002059
5 0.090488 0.869646 0.004464 0.002059
5 0.084993 0.870470 0.005838 0.002883
5 0.090831 0.871705 0.004464 0.002883
5 0.091003 0.874382 0.004808 0.002471
5 0.085337 0.873147 0.005838 0.003295
5 0.085680 0.875618 0.005151 0.002471
5 0.091690 0.876647 0.004808 0.002059
5 0.086367 0.877677 0.005838 0.002471
5 0.091690 0.878913 0.004808 0.003295
5 0.086195 0.879942 0.005495 0.002883
5 0.087054 0.882208 0.004464 0.002471
5 0.093235 0.885502 0.004464 0.003295
5 0.092548 0.881590 0.005151 0.002883
5 0.086882 0.884267 0.004808 0.002471
5 0.087569 0.886738 0.004808 0.002471
5 0.093750 0.888180 0.004121 0.002883
5 0.088599 0.889003 0.005495 0.003707
5 0.095124 0.892916 0.004121 0.003295
5 0.088942 0.891474 0.004808 0.002059
5 0.089629 0.893946 0.004121 0.002883
5 0.094952 0.895387 0.005151 0.002471
5 0.089801 0.897035 0.005151 0.002471
5 0.095295 0.897446 0.005838 0.003295
5 0.090831 0.899094 0.005151 0.002471
5 0.095810 0.900124 0.005495 0.002883
5 0.090831 0.901359 0.005151 0.002059
5 0.096669 0.902595 0.005151 0.002883
5 0.091346 0.903418 0.004808 0.002059
5 0.099931 0.862644 0.004808 0.002883
5 0.100790 0.865733 0.005151 0.003295
5 0.100790 0.867792 0.005151 0.002471
5 0.101477 0.870058 0.004464 0.002059
5 0.101820 0.871911 0.005838 0.002471
5 0.103709 0.874382 0.004808 0.002471
5 0.104567 0.876647 0.004464 0.002059
5 0.113324 0.866969 0.002747 0.004119
5 0.105254 0.878913 0.004464 0.002471
5 0.104567 0.881384 0.004464 0.002471
5 0.104052 0.883649 0.004808 0.002059
5 0.104911 0.886120 0.003777 0.002883
5 0.105082 0.888180 0.005495 0.002883
5 0.106456 0.890651 0.005495 0.002883
5 0.106799 0.892916 0.005495 0.003295
5 0.106628 0.895799 0.003777 0.002471
5 0.105941 0.898064 0.004464 0.002059
5 0.063702 0.671746 0.005151 0.003295
5 0.064045 0.674629 0.004464 0.002471
5 0.063874 0.676895 0.004808 0.002059
5 0.064560 0.679366 0.004121 0.002883
5 0.065076 0.682249 0.004464 0.002059
5 0.065934 0.683896 0.004808 0.002059
5 0.065591 0.686161 0.004121 0.003295
5 0.065934 0.688839 0.005495 0.002883
5 0.066277 0.691310 0.004808 0.002883
5 0.067479 0.924012 0.004464 0.002883
5 0.067995 0.926895 0.004121 0.002059
5 0.068338 0.929160 0.005495 0.002471
5 0.068681 0.931631 0.006181 0.002471
5 0.069883 0.935750 0.004464 0.002471
5 0.070742 0.940280 0.004121 0.002471
5 0.071429 0.945222 0.004808 0.003295
5 0.073661 0.954695 0.004464 0.003295
5 0.077266 0.972405 0.004808 0.003295
5 0.077782 0.975700 0.005151 0.002471
5 0.085508 0.959844 0.004808 0.002883
5 0.092376 0.967875 0.005495 0.002471
9 0.087912 0.947694 0.005495 0.003295
5 0.086367 0.937809 0.005151 0.002471
5 0.085337 0.933690 0.005151 0.002471
5 0.084993 0.931425 0.005151 0.002059
5 0.084993 0.928336 0.005151 0.002471
5 0.084478 0.926071 0.005495 0.002883
5 0.083963 0.924012 0.005151 0.002059
5 0.082933 0.921540 0.005151 0.002883
5 0.078812 0.925247 0.005838 0.002883
5 0.079327 0.929983 0.004808 0.002471
5 0.077095 0.917834 0.005151 0.002059
5 0.082761 0.919275 0.005495 0.002471
5 0.076923 0.920305 0.005495 0.002883
5 0.093235 0.914951 0.004464 0.002883
5 0.093750 0.917422 0.004808 0.002059
5 0.094609 0.919481 0.005151 0.002883
5 0.094609 0.921952 0.005151 0.002059
5 0.094609 0.924629 0.005151 0.003295
5 0.096154 0.928954 0.004808 0.002059
5 0.096154 0.931013 0.005495 0.002883
5 0.096669 0.933896 0.005151 0.002883
5 0.098729 0.942339 0.005838 0.002471
5 0.087912 0.944811 0.005495 0.003295
5 0.099073 0.945222 0.005151 0.003295
5 0.099073 0.914127 0.004464 0.002883
5 0.099416 0.916186 0.004464 0.002059
5 0.099760 0.918451 0.005151 0.002471
5 0.100790 0.923394 0.005151 0.003295
5 0.100962 0.925659 0.004808 0.003707
5 0.100618 0.927512 0.004121 0.002471
5 0.101648 0.932249 0.005495 0.002883
5 0.101820 0.934514 0.005838 0.002471
5 0.103365 0.937191 0.004808 0.002883
5 0.103880 0.941516 0.003777 0.002471
5 0.109890 0.924423 0.002747 0.004530
5 0.112637 0.924012 0.003434 0.004530
5 0.115213 0.923394 0.002404 0.004119
5 0.117445 0.922982 0.002747 0.004942
5 0.119505 0.922364 0.002747 0.004530
5 0.121566 0.922158 0.002747 0.004942
5 0.124485 0.920923 0.003091 0.005766
5 0.128949 0.920305 0.002404 0.005354
5 0.113324 0.928748 0.003434 0.004942
5 0.110234 0.929572 0.003434 0.004119
5 0.120364 0.926689 0.003091 0.004942
5 0.127404 0.925865 0.002747 0.004119
5 0.129808 0.925453 0.002747 0.005766
5 0.132383 0.925247 0.002404 0.004530
5 0.135302 0.924835 0.003434 0.004530
5 0.117445 0.911656 0.002747 0.004530
5 0.120021 0.911244 0.002404 0.004530
5 0.122424 0.911038 0.002404 0.004119
5 0.127060 0.910832 0.002747 0.004530
5 0.129464 0.910420 0.002747 0.004530
5 0.100275 0.949135 0.004808 0.003707
5 0.105941 0.953254 0.005838 0.002883
5 0.101648 0.961079 0.004121 0.002883
5 0.112981 0.939662 0.002747 0.004530
5 0.117617 0.938221 0.003091 0.004942
5 0.122081 0.938427 0.002404 0.004530
5 0.118990 0.944399 0.002404 0.004942
5 0.113496 0.945428 0.002404 0.004530
5 0.128434 0.942751 0.002747 0.004942
5 0.137534 0.940692 0.002404 0.004119
5 0.115900 0.956137 0.002404 0.003707
5 0.118475 0.955519 0.002747 0.004942
5 0.125687 0.954283 0.002747 0.004942
5 0.131010 0.958814 0.003091 0.004942
5 0.140453 0.956960 0.002747 0.004530
5 0.144231 0.951194 0.002747 0.004530
5 0.160371 0.950577 0.004808 0.002471
5 0.149210 0.937603 0.003091 0.004530
5 0.145604 0.933690 0.002747 0.004119
5 0.147837 0.920923 0.004464 0.005766
5 0.141140 0.914745 0.004121 0.004119
5 0.136676 0.912891 0.004121 0.004530
5 0.157280 0.931425 0.004121 0.002883
5 0.153331 0.926277 0.003777 0.004942
5 0.112981 0.913715 0.002060 0.003707
6 0.115041 0.912068 0.002747 0.005354
6 0.109718 0.912273 0.003091 0.007414
5 0.144574 0.911244 0.003434 0.003707
6 0.168613 0.927306 0.012363 0.010297
5 0.197459 0.973641 0.002060 0.004942
52 0.245707 0.589580 0.182349 0.195634
52 0.450893 0.568987 0.224588 0.206343
44 0.349931 0.595552 0.006181 0.006590
15 0.320913 0.594728 0.006525 0.008237
44 0.295673 0.677306 0.009615 0.010297
5 0.280220 0.682249 0.004808 0.003707
5 0.574176 0.693163 0.004808 0.004942
5 0.577266 0.697694 0.004121 0.004942
48 0.630151 0.643534 0.131181 0.106672
5 0.491415 0.733526 0.004121 0.004942
5 0.493304 0.735379 0.003091 0.004530
5 0.495021 0.737232 0.003777 0.004942
5 0.506010 0.740115 0.003091 0.004119
5 0.526957 0.762562 0.004464 0.004530
5 0.523867 0.766269 0.003777 0.003707
5 0.522493 0.768122 0.003777 0.004119
5 0.520433 0.770181 0.003777 0.004119
5 0.533310 0.764209 0.004808 0.004530
5 0.531078 0.765651 0.003091 0.004119
5 0.527988 0.769975 0.003777 0.004530
5 0.526271 0.771417 0.003777 0.004119
5 0.524725 0.773888 0.004121 0.004119
5 0.524210 0.839786 0.005151 0.004942
5 0.525927 0.837315 0.004464 0.004119
5 0.529018 0.834020 0.004464 0.004119
5 0.530391 0.831960 0.004464 0.004119
5 0.532795 0.829283 0.003777 0.003707
5 0.534512 0.827018 0.003777 0.004119
5 0.536745 0.825577 0.004121 0.003707
5 0.538118 0.823311 0.003434 0.004119
5 0.539835 0.821870 0.004121 0.004530
5 0.543613 0.817339 0.004808 0.004530
5 0.545501 0.815280 0.004464 0.003707
5 0.546875 0.813633 0.004464 0.003707
5 0.549279 0.811161 0.004464 0.003707
5 0.551339 0.808690 0.003777 0.003707
5 0.553915 0.804160 0.004121 0.003707
5 0.555804 0.802306 0.004464 0.004942
5 0.566449 0.807661 0.004464 0.004942
5 0.564560 0.809720 0.004808 0.004119
5 0.562843 0.811985 0.004121 0.003707
5 0.557521 0.818575 0.004464 0.004530
5 0.555975 0.820428 0.004121 0.004119
5 0.553571 0.822076 0.004121 0.004119
5 0.552026 0.824341 0.004464 0.003707
5 0.550652 0.825988 0.004464 0.003707
5 0.548249 0.828666 0.004464 0.004942
5 0.546188 0.830519 0.003777 0.003707
5 0.544815 0.832578 0.004464 0.004530
5 0.543098 0.834226 0.004464 0.004530
5 0.541209 0.836697 0.004808 0.004530
5 0.538977 0.839374 0.004464 0.004119
5 0.537431 0.841639 0.004121 0.004530
5 0.535543 0.843699 0.004464 0.003707
5 0.574348 0.815280 0.004464 0.004530
5 0.570742 0.818781 0.004121 0.004119
5 0.569368 0.821046 0.004121 0.003707
5 0.567479 0.822694 0.004464 0.004530
5 0.565591 0.825577 0.004121 0.003707
5 0.563530 0.827018 0.004121 0.003295
5 0.562500 0.829077 0.004808 0.004119
5 0.558036 0.832784 0.003434 0.003295
5 0.556147 0.835461 0.004464 0.003707
5 0.611607 0.864703 0.004808 0.002883
5 0.554602 0.837521 0.004121 0.003707
5 0.553400 0.839992 0.004464 0.004530
5 0.654361 0.834638 0.004464 0.004530
5 0.736779 0.821664 0.003091 0.005766
5 0.731799 0.820634 0.002060 0.004530
5 0.729396 0.820428 0.002060 0.004942
5 0.751374 0.813015 0.004121 0.003295
5 0.759100 0.799629 0.002404 0.004530
5 0.758585 0.809102 0.004808 0.002059
5 0.764938 0.810132 0.005151 0.002471
5 0.771463 0.811161 0.005151 0.002883
5 0.779533 0.812603 0.004808 0.002471
5 0.783139 0.804572 0.002404 0.003707
5 0.787946 0.804778 0.002404 0.004942
5 0.795158 0.806425 0.002404 0.005766
5 0.798077 0.806837 0.002747 0.004942
5 0.923420 0.782949 0.004121 0.003295
5 0.923764 0.780066 0.004121 0.002471
5 0.925996 0.773270 0.004464 0.002059
5 0.926511 0.770799 0.004808 0.002883
5 0.926683 0.763180 0.003777 0.002471
5 0.908139 0.756590 0.002404 0.005766
5 0.911401 0.757208 0.002747 0.006178
5 0.947115 0.760297 0.005495 0.003295
5 0.946772 0.767504 0.004808 0.003707
5 0.944883 0.779242 0.004464 0.003295
5 0.965659 0.778624 0.004121 0.002883
5 0.976305 0.786244 0.004808 0.002471
5 0.975790 0.788715 0.005151 0.003295
5 0.980769 0.795099 0.004808 0.003707
5 0.974588 0.796540 0.004808 0.003295
5 0.978537 0.802100 0.003777 0.002883
5 0.972527 0.805807 0.005495 0.002883
5 0.977679 0.807043 0.004121 0.002883
5 0.972699 0.808278 0.005838 0.003707
5 0.976820 0.812191 0.004464 0.002471
5 0.970639 0.812603 0.005151 0.003295
5 0.975962 0.818987 0.005495 0.003707
5 0.968750 0.822694 0.004808 0.002883
5 0.914492 0.840198 0.004808 0.004119
48 0.738152 0.851524 0.020948 0.027595
44 0.799966 0.559308 0.008585 0.009061
5 0.802713 0.557455 0.007898 0.007825
44 0.804258 0.554160 0.008929 0.008649
44 0.805975 0.550659 0.007555 0.007414
44 0.808036 0.548600 0.008242 0.008237
44 0.808207 0.544069 0.009272 0.008237
44 0.809924 0.541804 0.005838 0.006178
44 0.812500 0.539333 0.008242 0.007825
44 0.817823 0.532743 0.003777 0.007825
44 0.821429 0.532949 0.003434 0.006590
44 0.827266 0.533773 0.002747 0.009885
44 0.831044 0.534802 0.003434 0.009473
44 0.834306 0.535008 0.003777 0.010708
44 0.834650 0.552306 0.009959 0.005766
44 0.832418 0.559308 0.008242 0.004942
5 0.879979 0.513591 0.005151 0.003295
5 0.881696 0.506384 0.004464 0.002883
5 0.881696 0.501647 0.004464 0.003295
5 0.930804 0.511944 0.005151 0.003295
5 0.931319 0.509267 0.006181 0.004530
5 0.931490 0.506796 0.005838 0.003707
5 0.913805 0.656919 0.004121 0.002471
5 0.986779 0.633031 0.002404 0.004119
5 0.978365 0.720552 0.005495 0.002883
5 0.975103 0.722611 0.005838 0.002883
5 0.975618 0.726730 0.005495 0.002883
5 0.965659 0.736615 0.003434 0.006178
5 0.764423 0.642710 0.004121 0.002883
5 0.779361 0.644563 0.004464 0.002471
5 0.782452 0.447076 0.004464 0.005354
5 0.796532 0.453460 0.003777 0.004119
5 0.785371 0.442751 0.004121 0.004942
5 0.788977 0.437809 0.003091 0.004119
5 0.792067 0.433484 0.003777 0.004530
5 0.796016 0.428748 0.003434 0.004119
5 0.801339 0.434308 0.003091 0.004530
5 0.805460 0.445840 0.004464 0.004530
5 0.808207 0.448105 0.003777 0.004942
5 0.799279 0.423600 0.003091 0.003707
5 0.803056 0.418863 0.003777 0.005766
5 0.807005 0.438633 0.002747 0.004119
5 0.809238 0.440486 0.003777 0.004530
5 0.808551 0.424629 0.003091 0.004119
5 0.810440 0.425453 0.003434 0.004942
5 0.812672 0.419687 0.003091 0.004942
5 0.812843 0.427100 0.004121 0.004942
5 0.814904 0.428748 0.003434 0.004942
5 0.806834 0.413303 0.003777 0.003707
5 0.814217 0.420923 0.003434 0.005766
5 0.816964 0.422776 0.004121 0.005354
5 0.809753 0.408567 0.004121 0.004119
5 0.813015 0.404242 0.003091 0.004530
9 0.970982 0.759473 0.003091 0.005766
9 0.968750 0.759061 0.002747 0.005766
9 0.966518 0.758443 0.003091 0.005354
13 0.980598 0.752265 0.007898 0.006178
10 0.989183 0.451812 0.003091 0.006590
4 0.986779 0.438633 0.004464 0.003295
4 0.986779 0.443369 0.004464 0.002883
13 0.921360 0.443575 0.008929 0.005766
10 0.980598 0.501442 0.006525 0.004530
7 0.974760 0.501030 0.005151 0.004530
9 0.974245 0.543451 0.003434 0.008649
9 0.970982 0.542628 0.003091 0.007002
9 0.967205 0.541598 0.002404 0.008237
48 0.981113 0.514621 0.007555 0.012768
48 0.982315 0.506590 0.004464 0.005766
9 0.973729 0.505560 0.004464 0.003707
10 0.961195 0.540568 0.004808 0.013591
6 0.967891 0.518740 0.009272 0.007825
48 0.573489 0.309308 0.234890 0.212521
5 0.744334 0.266269 0.004464 0.003707
6 0.752404 0.253913 0.003434 0.007002
5 0.682177 0.300659 0.003777 0.004119
11 0.702266 0.323929 0.011676 0.019357
5 0.680460 0.302924 0.003777 0.004530
48 0.657795 0.294687 0.015453 0.016886
48 0.640453 0.307455 0.022665 0.023476
5 0.699863 0.203666 0.004121 0.007002
10 0.868475 0.183278 0.006868 0.008237
11 0.872081 0.179984 0.009959 0.010708
5 0.824004 0.181837 0.004464 0.004530
5 0.827782 0.185338 0.004464 0.004942
5 0.825549 0.186985 0.005495 0.004942
5 0.781765 0.191722 0.003777 0.003707
9 0.760474 0.238056 0.005151 0.006590
10 0.787260 0.224053 0.003777 0.007414
13 0.849073 0.155890 0.010646 0.013591
48 0.857658 0.164951 0.008585 0.011944
5 0.811641 0.157743 0.003777 0.004942
48 0.780220 0.030272 0.027473 0.029242
53 0.751889 0.063221 0.058036 0.059720
53 0.712054 0.105848 0.062843 0.061779
48 0.167239 0.042010 0.061126 0.074959
48 0.241071 0.253913 0.043956 0.044069
56 0.230598 0.276359 0.093063 0.087315
56 0.168098 0.317751 0.033997 0.036656
56 0.339457 0.197076 0.053228 0.067957
56 0.255666 0.369440 0.112294 0.099671
56 0.544299 0.095346 0.024038 0.029242
56 0.514080 0.126853 0.032967 0.039539
56 0.463771 0.173188 0.054602 0.050659
56 0.419299 0.214374 0.046016 0.039127
56 0.382555 0.246087 0.026786 0.029242
56 0.374828 0.290362 0.048420 0.061779
57 0.507555 0.085255 0.010989 0.010708
57 0.498970 0.093493 0.011676 0.011532
57 0.489011 0.101524 0.011676 0.011944
57 0.480598 0.110585 0.012019 0.013591
57 0.470295 0.118822 0.009959 0.011944
57 0.461195 0.127265 0.010989 0.012356
57 0.451408 0.135502 0.009959 0.012356
57 0.442308 0.144152 0.011676 0.010708
57 0.433207 0.153007 0.011332 0.012768
57 0.414492 0.169275 0.010989 0.013180
57 0.405048 0.179366 0.011332 0.012768
57 0.396291 0.186573 0.009615 0.011532
57 0.386676 0.195016 0.008929 0.010297
57 0.377404 0.204077 0.010989 0.011944
57 0.367960 0.212932 0.010646 0.011532
57 0.358688 0.221582 0.012019 0.011532
57 0.348558 0.228789 0.011676 0.011944
57 0.334306 0.241557 0.008585 0.011944
57 0.325893 0.249588 0.005495 0.005766
57 0.320570 0.253913 0.005838 0.007002
57 0.258585 0.305807 0.005495 0.006178
57 0.310440 0.264209 0.006181 0.007002
57 0.304258 0.269769 0.006868 0.007414
57 0.298592 0.274918 0.005838 0.006178
57 0.293784 0.279448 0.006525 0.007002
57 0.287431 0.283567 0.008242 0.007825
57 0.252404 0.308690 0.008242 0.005354
57 0.244849 0.312397 0.008242 0.006178
57 0.237809 0.316104 0.006525 0.005354
57 0.231456 0.318987 0.006181 0.007825
57 0.225618 0.322076 0.007555 0.007414
57 0.218235 0.324959 0.007212 0.006590
57 0.216174 0.331137 0.012706 0.009885
57 0.205185 0.331755 0.004464 0.007002
57 0.199176 0.334020 0.006868 0.005766
57 0.193853 0.341639 0.012706 0.011120
57 0.191793 0.336903 0.005838 0.004942
57 0.185955 0.339992 0.006525 0.005354
57 0.184581 0.345964 0.006525 0.004942
57 0.176168 0.349465 0.010302 0.009473
57 0.164492 0.354819 0.011676 0.009473
57 0.179087 0.343081 0.008585 0.006590
57 0.167239 0.348435 0.006868 0.004942
20 0.519059 0.082784 0.009959 0.010708
20 0.519918 0.089580 0.010302 0.010297
20 0.510130 0.098641 0.010646 0.010297
20 0.492273 0.114909 0.010646 0.009885
20 0.472871 0.132414 0.010302 0.010297
20 0.450893 0.151771 0.011676 0.011944
20 0.439217 0.162479 0.012363 0.011944
20 0.441793 0.165568 0.009959 0.009885
20 0.429087 0.171128 0.010646 0.010297
20 0.421875 0.183896 0.014080 0.012768
20 0.413290 0.190898 0.009272 0.010297
20 0.410371 0.188427 0.010989 0.010297
20 0.401442 0.196664 0.012363 0.011944
20 0.403674 0.199547 0.012019 0.012768
20 0.388049 0.214992 0.016484 0.016474
20 0.372424 0.228995 0.019574 0.018122
20 0.370364 0.225288 0.016140 0.014003
20 0.353537 0.239086 0.020261 0.018534
20 0.356113 0.242792 0.017170 0.014415
20 0.334306 0.262150 0.019574 0.017710
20 0.315247 0.274094 0.018544 0.018534
20 0.286058 0.304778 0.020604 0.016474
20 0.282280 0.302718 0.021291 0.017298
6 0.580014 0.535214 0.010989 0.007002
10 0.427026 0.454901 0.017514 0.016063
5 0.509100 0.490115 0.005151 0.007414
13 0.404018 0.476730 0.017514 0.016886
10 0.459135 0.490939 0.008929 0.009885
12 0.374313 0.484143 0.013049 0.011120
12 0.370021 0.481466 0.014080 0.011532
12 0.355769 0.475906 0.017170 0.013591
12 0.355426 0.480848 0.014423 0.012768
13 0.379979 0.485379 0.011332 0.012768
13 0.371051 0.492792 0.008585 0.008649
9 0.358860 0.516063 0.008242 0.009061
56 0.329670 0.474670 0.052198 0.045717
5 0.561641 0.420099 0.005151 0.004942
5 0.556490 0.439044 0.004464 0.004942
5 0.541209 0.435956 0.004121 0.005354
5 0.550481 0.428748 0.004808 0.004119
5 0.556147 0.446870 0.003777 0.004942
5 0.536745 0.443575 0.004121 0.004119
5 0.544815 0.451812 0.004464 0.004942
9 0.617617 0.445634 0.006525 0.006590
13 0.596326 0.454695 0.003777 0.005766
10 0.600790 0.428542 0.006525 0.007002
6 0.560268 0.443369 0.003777 0.004530
13 0.634615 0.424012 0.005495 0.007002
5 0.604052 0.461285 0.004121 0.004942
5 0.623111 0.440280 0.004464 0.004942
5 0.600446 0.449547 0.004464 0.004530
9 0.625343 0.390857 0.005495 0.005766
9 0.635989 0.406096 0.005495 0.006590
5 0.627060 0.418245 0.004808 0.006178
4 0.622940 0.423600 0.003434 0.005354
5 0.619849 0.427924 0.003434 0.004942
5 0.631868 0.398476 0.004121 0.004530
10 0.688530 0.345140 0.008929 0.011532
5 0.641655 0.397446 0.003777 0.004119
55 0.585337 0.347817 0.016140 0.014415
5 0.820742 0.208196 0.003434 0.003707
12 0.988496 0.029242 0.018887 0.011532
5 0.885302 0.379942 0.004121 0.004530
5 0.881696 0.385914 0.003777 0.004119
5 0.868647 0.383237 0.003777 0.005354
5 0.864870 0.380354 0.004464 0.005354
5 0.862637 0.378913 0.004121 0.004942
9 0.848214 0.382414 0.004808 0.004530
5 0.842033 0.378501 0.004121 0.004942
5 0.840659 0.384679 0.003434 0.004119
5 0.838771 0.383031 0.005151 0.004119
5 0.829842 0.382414 0.005151 0.005354
5 0.826236 0.386532 0.003434 0.004530
5 0.822115 0.392092 0.002747 0.004942
5 0.816793 0.398888 0.003777 0.004530
9 0.852679 0.392092 0.004808 0.005766
5 0.846154 0.386532 0.002747 0.003707
5 0.843063 0.386120 0.003434 0.004530
5 0.854567 0.393946 0.003777 0.003707
5 0.858860 0.396211 0.003434 0.004119
5 0.860920 0.397446 0.003434 0.004942
5 0.873455 0.400947 0.004464 0.005354
5 0.871394 0.399300 0.003777 0.002883
5 0.870536 0.405272 0.004121 0.004942
5 0.868132 0.404036 0.003434 0.003295
5 0.866071 0.415157 0.004121 0.004942
5 0.864011 0.413921 0.004121 0.004119
5 0.861264 0.412685 0.003434 0.004942
5 0.860405 0.410420 0.005151 0.005354
5 0.854396 0.406713 0.002747 0.003707
5 0.852163 0.405890 0.003777 0.004530
5 0.849760 0.404242 0.003777 0.004530
5 0.841346 0.396417 0.004121 0.004530
5 0.836882 0.394358 0.003434 0.003707
5 0.833791 0.393946 0.004121 0.005354
5 0.832246 0.391474 0.003091 0.003707
5 0.829327 0.396005 0.004121 0.004530
5 0.833104 0.398270 0.004121 0.004119
5 0.836195 0.399506 0.003434 0.003295
5 0.838255 0.401771 0.004808 0.004530
5 0.844609 0.407125 0.003777 0.004530
5 0.847184 0.408773 0.003434 0.003707
5 0.848901 0.409802 0.003434 0.003295
5 0.856799 0.415157 0.004808 0.004119
5 0.858345 0.417628 0.003777 0.005766
5 0.862637 0.419893 0.003434 0.004530
5 0.824519 0.406507 0.004121 0.004942
5 0.828640 0.408567 0.003434 0.003295
5 0.836367 0.414539 0.005151 0.005354
5 0.838255 0.415980 0.003434 0.004119
5 0.850275 0.425041 0.004121 0.003295
5 0.852163 0.426483 0.003777 0.003707
5 0.819025 0.410008 0.004808 0.004530
5 0.821772 0.410420 0.004121 0.003707
5 0.824004 0.412068 0.004464 0.005354
5 0.826408 0.412891 0.003777 0.003707
5 0.828125 0.414539 0.004464 0.005354
5 0.832589 0.419481 0.004464 0.006178
5 0.837569 0.422570 0.004808 0.004942
5 0.839457 0.424012 0.003777 0.004530
5 0.840659 0.425453 0.003434 0.004119
5 0.828468 0.429984 0.003777 0.003295
5 0.830529 0.432043 0.004464 0.004119
5 0.832246 0.433690 0.003777 0.004119
5 0.817136 0.429572 0.003091 0.004119
6 0.589973 0.770593 0.004808 0.005766
6 0.588771 0.772858 0.005838 0.005354
48 0.569196 0.788921 0.008585 0.010297
48 0.869334 0.833402 0.028503 0.019357
48 0.836882 0.825165 0.021291 0.020181
48 0.833104 0.806837 0.024725 0.011532
48 0.856971 0.810132 0.027816 0.014827
48 0.843235 0.853583 0.016140 0.017710
48 0.862122 0.860585 0.032624 0.021005
48 0.858860 0.845346 0.044643 0.017710
56 0.796016 0.832166 0.024038 0.012768
33 0.763565 0.832784 0.004464 0.006590
48 0.692308 0.839992 0.044643 0.048188
53 0.652988 0.827636 0.038805 0.043245
5 0.660543 0.689250 0.003777 0.005354
5 0.662775 0.686779 0.004121 0.004530
5 0.589973 0.692133 0.004121 0.005354
48 0.268372 0.688633 0.012706 0.014827
20 0.096497 0.615115 0.022665 0.020181
20 0.079327 0.601112 0.018544 0.016063
20 0.065076 0.587315 0.016140 0.013180
20 0.047390 0.572900 0.022665 0.018946
20 0.031250 0.558484 0.014423 0.013180
20 0.018201 0.547364 0.017170 0.015651
20 0.005151 0.533567 0.010302 0.014415
38 0.547734 0.053748 0.008929 0.011120
20 0.226133 0.341845 0.013393 0.006590
20 0.203812 0.346787 0.023008 0.012356
20 0.228022 0.336285 0.021291 0.011120
20 0.210680 0.347817 0.017514 0.008649
57 0.147150 0.364292 0.014080 0.012768
20 0.264766 0.319811 0.022665 0.015239
20 0.249141 0.329489 0.011332 0.008237
20 0.247081 0.326194 0.017514 0.010708
20 0.238152 0.335461 0.012019 0.007825
22 0.127232 0.371499 0.022321 0.011532
5 0.013221 0.373558 0.004464 0.004942
53 0.057864 0.125412 0.078640 0.081137
5 0.103880 0.671952 0.003091 0.006178
53 0.083276 0.787479 0.166552 0.387150
48 0.802885 0.961079 0.010302 0.012768
48 0.833448 0.975494 0.037775 0.037479
5 0.862294 0.968287 0.004808 0.002471
53 0.960508 0.791804 0.047390 0.069605
5 0.980254 0.762562 0.003777 0.007002
9 0.902473 0.772858 0.018544 0.007002
5 0.924107 0.680189 0.005495 0.004530
53 0.561641 0.814044 0.029876 0.026771
53 0.548935 0.829489 0.031937 0.028830
53 0.533826 0.839168 0.023008 0.020181
48 0.492102 0.807867 0.140110 0.156096
48 0.558207 0.860791 0.098558 0.126853
56 0.272837 0.058690 0.061470 0.063839
5 0.426854 0.040568 0.005495 0.004530
56 0.453297 0.073105 0.115385 0.099259
56 0.318510 0.091433 0.140453 0.142504
56 0.375687 0.142504 0.121566 0.102142
53 0.854396 0.368822 0.013049 0.013591
53 0.866930 0.379119 0.011332 0.011944
53 0.843750 0.383031 0.013049 0.013180
53 0.859203 0.393534 0.015110 0.013591
9 0.751202 0.341227 0.009272 0.010297
53 0.870707 0.402801 0.011332 0.013180
53 0.835165 0.396829 0.014423 0.013591
53 0.849416 0.406919 0.013393 0.012356
53 0.862122 0.415568 0.012706 0.012356
53 0.824348 0.410214 0.014766 0.014003
53 0.837912 0.420099 0.013736 0.014827
53 0.815076 0.426071 0.013393 0.015239
53 0.806662 0.441516 0.015110 0.014827
53 0.831902 0.456960 0.025755 0.025124
5 0.801511 0.458196 0.004808 0.005354
53 0.819025 0.551071 0.042582 0.039539
59 0.322287 0.622117 0.022321 0.035832
59 0.771291 0.598023 0.017170 0.022241
18 0.337569 0.693369 0.013049 0.007002
18 0.326408 0.697694 0.011332 0.007414
18 0.314217 0.702430 0.010989 0.007825
18 0.303400 0.705107 0.012019 0.005766
5 0.642342 0.139003 0.003091 0.002883
5 0.014595 0.112644 0.005151 0.004530
5 0.057521 0.076812 0.004464 0.004530
5 0.065419 0.072900 0.003777 0.004119
33 0.422390 0.051071 0.008242 0.010708
33 0.417926 0.054366 0.010989 0.009885
48 0.965488 0.576194 0.033997 0.057661
48 0.961882 0.243410 0.065934 0.079077
5 0.105426 0.019975 0.003434 0.002883
10 0.767857 0.049217 0.009615 0.008649
11 0.775927 0.039539 0.009959 0.009885
13 0.792926 0.103377 0.013736 0.012356
5 0.715316 0.233320 0.003434 0.003707
5 0.849245 0.367998 0.003434 0.002059
5 0.696772 0.955725 0.006181 0.002883
44 0.313015 0.662068 0.007898 0.007002
5 0.876374 0.982496 0.004808 0.002883
48 0.629808 0.484349 0.041209 0.044481
12 0.700034 0.107290 0.007898 0.007825
5 0.769059 0.273064 0.004464 0.004119
5 0.931319 0.329695 0.004121 0.003707
5 0.929602 0.997117 0.004121 0.001647
5 0.914663 0.992586 0.005151 0.002471
6 0.594093 0.972611 0.007555 0.003707
44 0.411058 0.533979 0.010302 0.008649
48 0.934924 0.420099 0.036745 0.043657
48 0.747596 0.159802 0.124313 0.135091
10 0.734718 0.084020 0.005838 0.005766
10 0.765453 0.044893 0.009615 0.008237
5 0.837054 0.207990 0.003777 0.004119
5 0.827610 0.202018 0.003434 0.002883
5 0.809066 0.192545 0.004808 0.002883
5 0.812672 0.188221 0.002404 0.003295
11 0.981284 0.587315 0.007212 0.012356
10 0.981628 0.710255 0.007212 0.004530
44 0.287088 0.691927 0.004121 0.009061
44 0.302541 0.666186 0.008242 0.007825
13 0.842205 0.455519 0.009959 0.010708
10 0.883929 0.956960 0.004808 0.002883
5 0.126545 0.059514 0.004464 0.002883
39 0.392170 0.622735 0.010989 0.009061
13 0.694196 0.099465 0.009959 0.010297
10 0.811298 0.051071 0.013393 0.007414
12 0.986607 0.230437 0.008929 0.004530
5 0.896120 0.096170 0.003777 0.002883
5 0.828812 0.199341 0.003777 0.003295
13 0.970982 0.747529 0.003777 0.007414
5 0.723043 0.232702 0.003091 0.004119
5 0.935611 0.377471 0.005151 0.003707
5 0.719437 0.952636 0.006181 0.003295
5 0.632898 0.969728 0.004808 0.004530
48 0.896463 0.521005 0.149382 0.069193
12 0.304258 0.086079 0.008242 0.008237
5 0.866415 0.979613 0.005495 0.002059
13 0.824519 0.457578 0.008929 0.010708
11 0.701236 0.102759 0.013736 0.013591
10 0.761161 0.041186 0.009272 0.008237
10 0.758585 0.038509 0.008929 0.008649
12 0.976648 0.218699 0.008929 0.004942
5 0.830529 0.205313 0.003091 0.003707
10 0.805632 0.509473 0.010989 0.004942
13 0.838771 0.453460 0.007898 0.007414
11 0.262878 0.122323 0.014766 0.013180
11 0.675309 0.364086 0.012706 0.014827
5 0.840488 0.361614 0.003777 0.003295
5 0.917754 0.386944 0.004464 0.002883
5 0.875515 0.989292 0.005151 0.003295
44 0.318166 0.667010 0.008585 0.006178
48 0.774725 0.856878 0.055632 0.034185
48 0.878777 0.457578 0.054945 0.065898
13 0.114698 0.178336 0.010302 0.011532
11 0.571085 0.477348 0.017857 0.015651
11 0.940419 0.292422 0.012019 0.012356
11 0.900240 0.793451 0.007212 0.015239
5 0.832246 0.371705 0.003777 0.003707
5 0.850618 0.371911 0.002060 0.002471
5 0.923249 0.955313 0.004464 0.002883
39 0.406937 0.615321 0.011676 0.008237
10 0.798764 0.510914 0.008242 0.008649
5 0.915007 0.989703 0.005151 0.002471
13 0.824176 0.451812 0.007555 0.007414
48 0.922734 0.890239 0.046703 0.029242
48 0.643201 0.780066 0.041209 0.054366
48 0.641140 0.461491 0.051511 0.054778
11 0.662431 0.383237 0.012363 0.013591
11 0.587569 0.461903 0.010302 0.009473
13 0.706902 0.093493 0.009272 0.009885
10 0.770433 0.033155 0.008585 0.007825
10 0.794986 0.043657 0.012363 0.005766
5 0.992445 0.037479 0.007555 0.004119
5 0.854567 0.116351 0.004464 0.002883
5 0.942823 0.993616 0.003777 0.002059
5 0.910371 0.984143 0.006181 0.002883
10 0.790007 0.525535 0.011332 0.009885
13 0.832418 0.451606 0.008242 0.008649
44 0.315934 0.687603 0.006181 0.011120
44 0.310611 0.659390 0.007898 0.008237
48 0.649554 0.887768 0.113668 0.109143
11 0.087054 0.205107 0.016827 0.016474
10 0.732658 0.081137 0.007898 0.006590
10 0.773523 0.054572 0.009959 0.008649
12 0.975275 0.215610 0.009615 0.003707
5 0.841861 0.358937 0.004464 0.002883
44 0.318681 0.685750 0.005495 0.011532
5 0.893716 0.984349 0.005838 0.002471
5 0.882555 0.981260 0.005495 0.002883
5 0.592548 0.979819 0.005838 0.003295
5 0.559238 0.980231 0.005838 0.002471
48 0.921360 0.547158 0.058379 0.027595
48 0.787431 0.252677 0.061813 0.058072
5 0.115041 0.071664 0.002747 0.003295
13 0.831559 0.035420 0.016827 0.014003
5 0.824004 0.194399 0.003777 0.003295
13 0.944712 0.710461 0.015110 0.007414
5 0.732658 0.243822 0.003777 0.004119
14 0.893887 0.844728 0.008929 0.004942
13 0.508585 0.758031 0.010302 0.008649
39 0.425824 0.617175 0.010989 0.008649
48 0.678743 0.425453 0.049794 0.047776
13 0.128949 0.164333 0.013393 0.011532
13 0.148695 0.160214 0.013049 0.011532
11 0.705701 0.096993 0.017857 0.020181
5 0.851305 0.216639 0.003434 0.002471
5 0.759100 0.277595 0.004464 0.003295
10 0.791896 0.521005 0.009615 0.009061
10 0.787775 0.528830 0.008929 0.009885
6 0.638908 0.971170 0.008585 0.003295
44 0.271463 0.653418 0.009272 0.008649
5 0.120021 0.015857 0.003777 0.004530
5 0.791724 0.185132 0.003777 0.003707
5 0.922390 0.387562 0.003434 0.002471
5 0.851133 0.369852 0.002404 0.001647
5 0.980082 0.970346 0.004808 0.002471
44 0.285199 0.670923 0.009959 0.008237
5 0.895433 0.981054 0.004464 0.002471
13 0.823832 0.446458 0.011676 0.013180
44 0.319883 0.670099 0.009959 0.008237
48 0.547390 0.711903 0.083104 0.088550
48 0.587740 0.520181 0.048420 0.051071
5 0.129808 0.014003 0.003434 0.004119
5 0.121566 0.063839 0.003434 0.003295
11 0.083620 0.219522 0.016140 0.015651
11 0.685955 0.330725 0.014766 0.016474
5 0.828297 0.192957 0.003434 0.002883
13 0.966346 0.743822 0.004808 0.007414
5 0.882383 0.989703 0.004464 0.002471
44 0.290522 0.691310 0.005495 0.007002
48 0.766827 0.306837 0.026786 0.029654
11 0.913462 0.264621 0.011676 0.011120
5 0.776614 0.212109 0.003777 0.005766
5 0.909169 0.358937 0.005151 0.003707
5 0.854052 0.366145 0.003434 0.004942
44 0.289320 0.672570 0.009272 0.007414
39 0.412431 0.615527 0.011676 0.010297
44 0.302885 0.689250 0.004121 0.011120
48 0.757727 0.516269 0.126717 0.131384
48 0.608345 0.504119 0.051168 0.056013
12 0.265453 0.029654 0.010302 0.009885
12 0.281078 0.107496 0.008585 0.008237
5 0.919643 0.068575 0.006868 0.003707
5 0.850962 0.120470 0.005495 0.003707
5 0.832589 0.136326 0.004464 0.003295
10 0.916209 0.696664 0.011676 0.006178
5 0.833276 0.218287 0.003091 0.003295
5 0.789663 0.182455 0.005151 0.004942
5 0.724073 0.229407 0.003777 0.003295
5 0.856628 0.368410 0.004464 0.003707
5 0.685783 0.960461 0.007555 0.003295
44 0.304773 0.669275 0.008585 0.006590
48 0.907109 0.406507 0.033997 0.041186
48 0.900584 0.317751 0.063530 0.076194
48 0.592033 0.399094 0.213599 0.175453
11 0.500172 0.015651 0.016827 0.012356
5 0.896291 0.084432 0.003434 0.002471
5 0.810611 0.189250 0.004464 0.003707
10 0.944196 0.716845 0.009959 0.005354
44 0.312843 0.675041 0.007555 0.007414
48 0.027988 0.451400 0.055975 0.116145
48 0.694368 0.735997 0.086538 0.172982
10 0.723901 0.072076 0.006868 0.005766
5 0.837740 0.132002 0.005151 0.003707
5 0.768372 0.224876 0.003091 0.004942
10 0.984375 0.570634 0.005151 0.011120
5 0.805804 0.305189 0.004464 0.003295
5 0.871051 0.336491 0.005151 0.004119
5 0.913290 0.382825 0.003777 0.002883
5 0.931662 0.995058 0.004808 0.002471
10 0.582589 0.756384 0.009272 0.010297
44 0.264595 0.681631 0.008585 0.008237
10 0.718407 0.074959 0.006868 0.005766
15 0.829670 0.180395 0.016484 0.015651
11 0.922218 0.273064 0.012019 0.012356
5 0.832074 0.202842 0.002747 0.002059
10 0.982143 0.706549 0.008242 0.005354
5 0.760302 0.281713 0.004121 0.004119
5 0.716518 0.240733 0.003777 0.004530
5 0.716690 0.220346 0.003434 0.003295
5 0.735749 0.242175 0.005151 0.003295
5 0.852163 0.322900 0.004464 0.003295
44 0.299451 0.690074 0.004808 0.011944
4 0.083104 0.005766 0.004808 0.005766
4 0.087397 0.010297 0.005151 0.004119
48 0.935611 0.873970 0.069712 0.033773
5 0.466690 0.016063 0.004121 0.003295
5 0.556662 0.030478 0.003434 0.004119
5 0.103537 0.018328 0.003777 0.002883
11 0.691277 0.108526 0.010989 0.012768
11 0.931147 0.282743 0.013393 0.014415
5 0.822974 0.197900 0.003091 0.003707
5 0.901957 0.358526 0.005838 0.004530
5 0.851648 0.364292 0.002747 0.004530
10 0.794299 0.517916 0.007555 0.007825
48 0.718750 0.359967 0.055632 0.047776
11 0.133929 0.171128 0.015797 0.016063
13 0.708963 0.090404 0.013393 0.014415
13 0.838084 0.041804 0.014080 0.013591
11 0.910027 0.276359 0.013049 0.014003
13 0.968407 0.207990 0.011676 0.008237
12 0.971841 0.211079 0.008929 0.006178
5 0.863324 0.108937 0.004121 0.002883
5 0.833276 0.368822 0.004464 0.003707
5 0.868475 0.971993 0.006181 0.002471
5 0.860405 0.979819 0.005838 0.002471
5 0.660027 0.963550 0.006181 0.003707
44 0.293784 0.691927 0.005151 0.011532
48 0.941964 0.860379 0.082418 0.028830
48 0.691106 0.400741 0.048420 0.051071
10 0.046532 0.129736 0.010646 0.009061
12 0.311985 0.079077 0.009272 0.008237
13 0.099416 0.193575 0.012019 0.010708
13 0.097184 0.207784 0.013049 0.012768
13 0.803743 0.115527 0.010646 0.009473
12 0.984890 0.227759 0.008929 0.004942
5 0.835165 0.139827 0.003434 0.003707
5 0.732658 0.254325 0.004464 0.004530
5 0.932349 0.992792 0.005495 0.002059
5 0.882040 0.986203 0.005838 0.002883
5 0.861264 0.973435 0.006181 0.002059
5 0.765453 0.936367 0.006868 0.004530
5 0.558036 0.988674 0.004121 0.003707
5 0.139080 0.032949 0.003434 0.004119
13 0.117617 0.187603 0.013393 0.012768
10 0.725962 0.074547 0.007555 0.005766
5 0.730598 0.236614 0.003777 0.005354
5 0.909341 0.988468 0.007555 0.002471
10 0.609203 0.820428 0.006868 0.009061
5 0.640968 0.963138 0.005838 0.003707
5 0.614698 0.974053 0.007555 0.003295
44 0.315076 0.664745 0.008585 0.007414
5 0.830872 0.643122 0.007212 0.002883
48 0.818853 0.728171 0.182349 0.162273
48 0.751889 0.297158 0.014080 0.018534
48 0.841003 0.084226 0.156593 0.102554
5 0.864526 0.174217 0.003091 0.003295
5 0.838599 0.363262 0.002747 0.003295
5 0.876374 0.985997 0.005495 0.003295
13 0.831559 0.459020 0.009272 0.010297
48 0.897150 0.618822 0.053915 0.039127
48 0.961882 0.421746 0.037088 0.044481
48 0.871051 0.157125 0.048420 0.059720
12 0.337225 0.056219 0.006868 0.007002
12 0.652473 0.379736 0.013049 0.014827
10 0.756868 0.061573 0.013736 0.011944
5 0.915522 0.987438 0.004808 0.002059
5 0.698317 0.948105 0.007212 0.003295
13 0.580185 0.758237 0.007898 0.008237
43 0.247596 0.512150 0.010989 0.015239
39 0.402129 0.633855 0.010989 0.008237
48 0.958448 0.619646 0.038462 0.054778
10 0.796360 0.514827 0.008242 0.008237
5 0.867102 0.975906 0.005495 0.002883
48 0.936298 0.106878 0.084135 0.067957
48 0.402129 0.414539 0.092720 0.090198
5 0.150412 0.024918 0.003434 0.003707
10 0.728709 0.077636 0.007555 0.007002
11 0.931490 0.289127 0.011332 0.011532
5 0.718063 0.226524 0.004121 0.004119
5 0.942136 0.996087 0.004464 0.002059
44 0.290007 0.677306 0.008585 0.007002
48 0.912775 0.594934 0.062500 0.061367
48 0.733001 0.336903 0.045673 0.042834
5 0.463255 0.011738 0.004121 0.005354
8 0.664835 0.362438 0.004808 0.006590
11 0.292067 0.096376 0.016827 0.015651
11 0.354911 0.039127 0.015453 0.013180
10 0.736951 0.086285 0.009615 0.007825
5 0.757383 0.262974 0.003777 0.004530
5 0.740041 0.266474 0.004121 0.002471
5 0.727163 0.238880 0.003777 0.004119
44 0.321429 0.684308 0.006868 0.011120
10 0.560440 0.779860 0.006868 0.007002
44 0.353709 0.654448 0.008242 0.008237
44 0.306834 0.674423 0.008585 0.007002
48 0.894918 0.132619 0.041209 0.047776
12 0.715831 0.304984 0.008585 0.009473
12 0.983001 0.224876 0.010646 0.004942
5 0.886848 0.156301 0.002404 0.002059
5 0.908654 0.993822 0.004808 0.003295
5 0.970124 0.974259 0.004808 0.002883
5 0.724073 0.941104 0.005838 0.003295
13 0.836367 0.452430 0.005838 0.007002
44 0.331216 0.656713 0.009272 0.007825
48 0.709478 0.382002 0.051511 0.040774
12 0.279533 0.017504 0.010989 0.011120
12 0.273695 0.113262 0.008929 0.007414
10 0.979052 0.715404 0.006868 0.004942
5 0.796016 0.184102 0.003434 0.003295
44 0.283310 0.692339 0.004121 0.009885
5 0.902129 0.954077 0.005495 0.003707
5 0.860234 0.982496 0.005495 0.002059
13 0.575378 0.745058 0.009272 0.011532
11 0.590316 0.906507 0.008242 0.014003
13 0.830185 0.448723 0.009272 0.009473
48 0.658826 0.440280 0.048420 0.047776
5 0.123455 0.065898 0.003777 0.003295
11 0.111607 0.197900 0.017170 0.016886
11 0.921532 0.282743 0.009272 0.011944
5 0.881010 0.095552 0.004464 0.002471
5 0.774897 0.287068 0.005151 0.003295
13 0.963255 0.743204 0.004121 0.007002
5 0.848043 0.213344 0.003091 0.003295
5 0.947974 0.996499 0.004464 0.002059
13 0.580872 0.739292 0.009272 0.009885
44 0.306662 0.689456 0.003434 0.009885
5 0.470810 0.018534 0.003434 0.004942
8 0.548935 0.431013 0.005151 0.005354
10 0.770261 0.052100 0.009615 0.007825
10 0.942308 0.720552 0.010302 0.005354
13 0.968750 0.747529 0.003434 0.007414
5 0.752060 0.239086 0.003434 0.004530
5 0.930288 0.366969 0.005495 0.004119
5 0.978880 0.976936 0.004464 0.002471
44 0.324863 0.683484 0.005495 0.011120
5 0.892342 0.988262 0.005151 0.002883
5 0.865385 0.983731 0.004121 0.002059
44 0.335165 0.654860 0.007555 0.009061
