48 0.892797 0.017710 0.021997 0.030534
26 0.544477 0.008244 0.010877 0.016489
32 0.376722 0.015878 0.021997 0.031756
56 0.686971 0.016794 0.015470 0.016489
5 0.879986 0.021985 0.002659 0.004275
32 0.048949 0.416641 0.078076 0.017405
26 0.720087 0.217863 0.020788 0.017405
24 0.624124 0.129160 0.009669 0.011603
5 0.614938 0.039695 0.002901 0.004275
26 0.218878 0.131603 0.015712 0.030534
24 0.619773 0.167481 0.015470 0.007634
24 0.814117 0.994657 0.010636 0.008855
26 0.693014 0.203053 0.027556 0.012214
5 0.830554 0.351298 0.005318 0.003359
5 0.830312 0.355420 0.005318 0.003664
10 0.963863 0.512519 0.005076 0.011908
10 0.800580 0.236336 0.007252 0.010992
6 0.807348 0.239695 0.004351 0.006718
11 0.869591 0.229160 0.007493 0.024122
39 0.788252 0.052366 0.008702 0.004580
39 0.724075 0.041985 0.011844 0.007023
57 0.731569 0.411756 0.018613 0.006412
57 0.721054 0.402443 0.008219 0.017710
57 0.704859 0.353130 0.009669 0.016183
57 0.822456 0.352366 0.008944 0.004885
39 0.573483 0.035420 0.003626 0.011603
56 0.844211 0.549008 0.225042 0.206412
56 0.810974 0.407786 0.043993 0.050992
56 0.932560 0.274504 0.089437 0.221069
56 0.965555 0.250076 0.068890 0.274809
56 0.885062 0.399237 0.058738 0.077863
56 0.906575 0.123817 0.053420 0.037557
56 0.886512 0.063969 0.038917 0.032672
57 0.906454 0.086565 0.009669 0.007023
57 0.897027 0.094198 0.012086 0.008244
57 0.646966 0.088092 0.009911 0.012519
56 0.589074 0.041679 0.023689 0.019237
56 0.829224 0.679542 0.028281 0.008244
56 0.975224 0.524122 0.049553 0.203053
56 0.974740 0.094046 0.050520 0.064122
33 0.855813 0.073435 0.007493 0.005802
43 0.843727 0.047328 0.011844 0.007328
23 0.569978 0.276031 0.046410 0.029313
27 0.557288 0.261527 0.047619 0.018015
23 0.598985 0.269313 0.028523 0.047634
26 0.552816 0.250992 0.012569 0.011603
32 0.750665 0.225649 0.076142 0.086718
26 0.736403 0.230076 0.009911 0.011298
26 0.150713 0.014046 0.029732 0.012824
32 0.563331 0.679237 0.041818 0.073588
44 0.761180 0.063664 0.005318 0.009466
44 0.744138 0.075267 0.006526 0.005802
42 0.702441 0.031908 0.008219 0.004580
43 0.703529 0.038931 0.013295 0.007634
31 0.657481 0.532824 0.072516 0.205191
36 0.870196 0.052672 0.006768 0.007023
5 0.751269 0.054351 0.002901 0.002443
5 0.857022 0.162748 0.003142 0.004275
9 0.809645 0.071603 0.006043 0.005191
5 0.806019 0.067176 0.004109 0.003053
5 0.733503 0.044427 0.005076 0.002137
11 0.802030 0.104580 0.005801 0.009466
5 0.822335 0.071298 0.002417 0.003359
5 0.864394 0.056031 0.002901 0.002137
11 0.817621 0.064275 0.010877 0.013130
