5 0.029860 0.787176 0.004594 0.003664
48 0.024903 0.886870 0.014990 0.011908
48 0.182423 0.879389 0.011847 0.012824
48 0.285058 0.845802 0.015474 0.014046
48 0.228482 0.816641 0.017408 0.008855
48 0.024178 0.840916 0.030464 0.015267
48 0.157036 0.843206 0.006044 0.003969
48 0.099613 0.906260 0.012573 0.009771
48 0.119076 0.908092 0.012814 0.011603
48 0.314918 0.760611 0.012331 0.019542
24 0.980053 0.280458 0.005077 0.004580
48 0.217118 0.787176 0.013540 0.011603
48 0.059236 0.822748 0.019342 0.008855
48 0.275991 0.849466 0.012814 0.012824
48 0.088008 0.839542 0.023211 0.015573
48 0.023936 0.812519 0.006770 0.009771
48 0.113274 0.810382 0.012814 0.009160
48 0.227877 0.527939 0.014265 0.012214
48 0.223888 0.565343 0.007253 0.008244
48 0.260759 0.531603 0.009429 0.007328
48 0.274178 0.531450 0.010155 0.007023
48 0.290861 0.551145 0.011122 0.013435
4 0.100701 0.672519 0.009429 0.006412
48 0.169608 0.700611 0.016199 0.012519
48 0.165740 0.714198 0.013298 0.009160
48 0.025145 0.730076 0.013540 0.008550
48 0.178917 0.774962 0.013056 0.010992
4 0.088612 0.795573 0.005077 0.003359
5 0.084260 0.794504 0.003143 0.002443
53 0.087524 0.792672 0.013540 0.005496
48 0.109889 0.785191 0.017166 0.016183
48 0.099613 0.817863 0.009671 0.006412
48 0.141320 0.847176 0.013781 0.018015
48 0.140474 0.807786 0.027563 0.013740
48 0.086678 0.780153 0.027321 0.018321
48 0.079062 0.801832 0.023694 0.017099
48 0.164168 0.881985 0.012089 0.010687
48 0.212766 0.855420 0.028530 0.019237
48 0.255319 0.847939 0.011122 0.015267
48 0.309840 0.830840 0.043762 0.075115
48 0.349976 0.732214 0.022485 0.014656
29 0.689192 0.992061 0.076644 0.015878
