24 0.194753 0.596183 0.006528 0.002748
24 0.195721 0.594046 0.005077 0.002137
24 0.190280 0.611603 0.006286 0.003053
24 0.189434 0.614809 0.006044 0.003969
24 0.222558 0.503664 0.004594 0.003359
23 0.582930 0.611603 0.009188 0.015267
48 0.998549 0.067634 0.002901 0.007023
48 0.977031 0.201374 0.012573 0.013130
48 0.821929 0.383206 0.022969 0.012824
48 0.887693 0.429160 0.017166 0.011298
5 0.896397 0.452061 0.001692 0.005802
48 0.920455 0.349924 0.007737 0.014656
48 0.926136 0.383359 0.016199 0.015573
5 0.561291 0.542443 0.004110 0.002748
5 0.654981 0.543817 0.004352 0.002443
48 0.847074 0.287023 0.021518 0.014656
48 0.789410 0.340153 0.018859 0.017710
48 0.848162 0.311908 0.009671 0.010076
48 0.777563 0.323817 0.014023 0.012519
5 0.784574 0.466718 0.002901 0.001527
48 0.896881 0.378931 0.014265 0.017099
24 0.194270 0.598779 0.005077 0.003053
24 0.213370 0.534351 0.007979 0.003053
48 0.872220 0.273740 0.009913 0.011908
48 0.908366 0.328092 0.024662 0.013130
48 0.813467 0.429160 0.022969 0.011298
48 0.927345 0.329771 0.006044 0.008550
48 0.926015 0.434962 0.015474 0.013130
48 0.669004 0.526107 0.013056 0.011603
5 0.497824 0.482748 0.003868 0.003053
24 0.250363 0.513893 0.002660 0.005496
24 0.201161 0.578779 0.007253 0.004580
48 0.981020 0.229618 0.011847 0.017710
48 0.961557 0.230992 0.012573 0.018015
48 0.882132 0.272824 0.009913 0.012519
48 0.726064 0.331603 0.005319 0.012824
48 0.782519 0.378931 0.032640 0.018931
48 0.885759 0.369008 0.005561 0.007634
48 0.970140 0.259389 0.010397 0.007634
5 0.493230 0.501069 0.000967 0.004885
48 0.835590 0.594656 0.033849 0.024122
48 0.955875 0.544275 0.022969 0.013740
48 0.944512 0.598779 0.007979 0.005496
48 0.788201 0.355573 0.010155 0.005191
24 0.264628 0.516947 0.003627 0.004885
48 0.952128 0.232519 0.008221 0.017405
48 0.910300 0.185038 0.017408 0.014656
48 0.833897 0.333282 0.014023 0.015573
48 0.743230 0.332672 0.012089 0.010687
48 0.853240 0.369618 0.007737 0.016183
48 0.815280 0.441069 0.021277 0.014962
48 0.971591 0.356794 0.022002 0.019847
48 0.927587 0.501374 0.030706 0.011603
5 0.639386 0.494046 0.004110 0.002443
48 0.931335 0.167176 0.017892 0.023511
48 0.808632 0.314656 0.020068 0.019847
48 0.816731 0.324427 0.012573 0.015573
48 0.752901 0.319542 0.011605 0.013740
48 0.800653 0.357557 0.009913 0.007939
48 0.763419 0.451908 0.016199 0.010992
48 0.864845 0.430534 0.016925 0.013435
48 0.765232 0.503664 0.023694 0.030229
48 0.820116 0.515878 0.041586 0.032061
48 0.971712 0.610229 0.018859 0.008244
48 0.924565 0.245649 0.006286 0.004580
48 0.731625 0.331298 0.008221 0.020763
48 0.926378 0.338779 0.011847 0.008855
5 0.934840 0.322290 0.005077 0.001527
48 0.980658 0.250382 0.006770 0.004275
48 0.955392 0.412824 0.016199 0.011603
48 0.789168 0.509618 0.025629 0.031145
48 0.869439 0.470992 0.013056 0.019237
48 0.946567 0.504427 0.013056 0.009160
24 0.242142 0.512061 0.003143 0.007328
48 0.977031 0.090687 0.023211 0.018321
48 0.945116 0.155573 0.014507 0.011908
48 0.852877 0.338473 0.016199 0.016794
5 0.831359 0.412672 0.002660 0.003969
48 0.846349 0.411298 0.020551 0.011603
5 0.942819 0.449466 0.004110 0.003053
5 0.601668 0.539389 0.003627 0.002748
48 0.976547 0.593588 0.007737 0.017099
48 0.518133 0.311756 0.030948 0.036031
48 0.738395 0.526412 0.014990 0.006718
24 0.201040 0.582443 0.010397 0.004580
48 0.950073 0.167786 0.010397 0.009466
48 0.886122 0.343511 0.013540 0.015878
48 0.692819 0.400153 0.055851 0.033893
5 0.833172 0.396031 0.003385 0.004275
5 0.769826 0.472824 0.003385 0.002137
48 0.709139 0.511756 0.008221 0.020153
48 0.607471 0.501374 0.030222 0.021985
5 0.539894 0.516183 0.003868 0.002137
5 0.441006 0.502443 0.002901 0.002748
5 0.578820 0.545038 0.006286 0.002443
48 0.648694 0.523511 0.026596 0.016183
5 0.772244 0.521374 0.001934 0.003969
48 0.895430 0.472061 0.022002 0.029313
48 0.955271 0.518473 0.010155 0.012824
48 0.946446 0.517710 0.008946 0.012519
24 0.213854 0.531145 0.004594 0.003359
48 0.892892 0.219237 0.012573 0.011603
48 0.892166 0.438779 0.003385 0.002443
48 0.815764 0.420153 0.021277 0.010992
48 0.965426 0.340763 0.007737 0.012214
48 0.994802 0.253740 0.010397 0.015878
48 0.995406 0.332977 0.009188 0.016794
48 0.915498 0.406260 0.015716 0.009466
48 0.952611 0.532519 0.007253 0.006718
24 0.236823 0.509160 0.002176 0.005191
48 0.989966 0.105344 0.018133 0.020153
48 0.917916 0.217710 0.014265 0.015878
48 0.883220 0.220763 0.012089 0.014656
48 0.878748 0.243511 0.010880 0.014962
48 0.849371 0.239542 0.016925 0.012519
48 0.899661 0.177252 0.014023 0.015573
5 0.818303 0.278168 0.001692 0.005496
48 0.827249 0.317252 0.012331 0.022595
48 0.827369 0.365344 0.019342 0.013130
5 0.425169 0.487328 0.004110 0.002443
48 0.880561 0.473435 0.009671 0.014962
48 0.973042 0.538321 0.028288 0.010992
24 0.248670 0.512519 0.002176 0.005191
24 0.259792 0.515267 0.003143 0.005191
48 0.994197 0.205496 0.011605 0.012824
5 0.986823 0.205649 0.001209 0.005191
48 0.920213 0.229618 0.015957 0.009771
48 0.925774 0.268855 0.015474 0.025344
48 0.858680 0.326870 0.013781 0.010687
5 0.838612 0.383817 0.001692 0.004275
48 0.874637 0.373435 0.014749 0.014656
48 0.942577 0.354198 0.018133 0.017710
48 0.882132 0.496489 0.007979 0.014656
48 0.925653 0.583817 0.018133 0.017710
48 0.968327 0.169771 0.014023 0.007939
48 0.935445 0.183359 0.023211 0.014351
48 0.921663 0.236031 0.007737 0.003053
48 0.860010 0.292672 0.005803 0.006412
5 0.730295 0.274809 0.003143 0.004275
48 0.770551 0.443206 0.022244 0.008855
48 0.979449 0.285954 0.018859 0.012519
48 0.966634 0.389313 0.019826 0.018321
48 0.934236 0.409924 0.021277 0.012519
5 0.436533 0.489771 0.003627 0.003053
5 0.568061 0.505496 0.004110 0.001527
48 0.867505 0.489008 0.011605 0.012519
48 0.982350 0.490076 0.014023 0.022595
48 0.967964 0.592366 0.006528 0.016489
24 0.231020 0.507939 0.002660 0.004580
24 0.246494 0.512214 0.002176 0.005191
48 0.966151 0.131145 0.014990 0.016183
48 0.973162 0.193588 0.008704 0.008550
48 0.973525 0.184886 0.013298 0.010687
48 0.909937 0.200916 0.028772 0.018321
5 0.830271 0.418931 0.002418 0.003664
48 0.800290 0.447176 0.016441 0.017405
48 0.838370 0.435267 0.015232 0.014351
48 0.993955 0.352519 0.012089 0.008244
48 0.536267 0.503664 0.006286 0.005191
5 0.659333 0.554809 0.004352 0.001832
5 0.935928 0.522901 0.003868 0.002137
48 0.970382 0.489771 0.011364 0.018931
24 0.266925 0.517252 0.001934 0.004885
48 0.935203 0.238931 0.009188 0.008244
48 0.883220 0.322901 0.011122 0.013740
5 0.924081 0.322443 0.003385 0.003053
5 0.495406 0.501527 0.002418 0.005191
5 0.619560 0.544275 0.005077 0.003969
5 0.986460 0.563359 0.003868 0.002443
24 0.221470 0.507481 0.005319 0.002443
48 0.997461 0.111603 0.005077 0.019237
48 0.988999 0.181679 0.009913 0.010382
5 0.931214 0.248550 0.001692 0.003053
5 0.825193 0.350992 0.004352 0.002137
5 0.733196 0.270992 0.006044 0.001527
48 0.886364 0.419695 0.023694 0.009466
48 0.864966 0.386870 0.022002 0.020763
48 0.944512 0.275573 0.010880 0.008855
48 0.995648 0.277405 0.008704 0.011298
48 0.915377 0.417099 0.017408 0.011603
48 0.941731 0.438473 0.015474 0.013435
5 0.641562 0.542290 0.004594 0.002443
48 0.945962 0.609313 0.023936 0.016794
5 0.811170 0.530534 0.003868 0.004580
5 0.816127 0.531756 0.003143 0.002748
48 0.904618 0.506260 0.017650 0.023817
48 0.968448 0.103359 0.026354 0.013130
48 0.990329 0.192214 0.014507 0.012519
48 0.867263 0.243969 0.014023 0.017710
48 0.850943 0.250687 0.019101 0.010382
48 0.951040 0.290840 0.008462 0.003969
48 0.910662 0.429618 0.016683 0.015267
5 0.507374 0.488244 0.004594 0.002443
5 0.552224 0.498779 0.004352 0.002748
48 0.937863 0.480611 0.014507 0.025649
48 0.893254 0.240763 0.019584 0.021069
48 0.902926 0.272519 0.013298 0.018626
48 0.844898 0.371450 0.008462 0.018626
5 0.822655 0.450992 0.003627 0.002443
48 0.969657 0.327328 0.030222 0.015878
48 0.958656 0.439389 0.018375 0.020763
48 0.873670 0.525802 0.023453 0.031756
48 0.964338 0.522137 0.011364 0.012214
48 0.985493 0.592519 0.009671 0.017405
24 0.219536 0.512214 0.004836 0.002748
26 0.363757 0.741679 0.012331 0.018931
48 0.934840 0.230229 0.009429 0.009160
48 0.871615 0.292519 0.007253 0.015267
5 0.458172 0.518626 0.003868 0.002137
48 0.956601 0.485649 0.018617 0.024122
48 0.985372 0.546412 0.020068 0.016794
48 0.971954 0.176183 0.013540 0.006718
48 0.758583 0.351908 0.006044 0.005802
48 0.809599 0.359084 0.009429 0.009160
48 0.774661 0.403511 0.025145 0.011298
48 0.782157 0.454198 0.017892 0.009466
48 0.955513 0.354351 0.011605 0.021069
48 0.986460 0.449771 0.009188 0.017099
48 0.717602 0.512519 0.009188 0.022901
48 0.923839 0.534046 0.009671 0.019542
48 0.933632 0.535573 0.011847 0.020153
24 0.219415 0.514809 0.005077 0.003053
48 0.997340 0.164427 0.005319 0.010687
48 0.995890 0.175573 0.008221 0.012214
48 0.975097 0.216031 0.018375 0.013130
48 0.922268 0.240153 0.005561 0.003359
48 0.833051 0.277710 0.020068 0.014351
48 0.879956 0.291450 0.009429 0.022290
48 0.914168 0.266718 0.008221 0.013130
48 0.776958 0.394504 0.022002 0.010382
48 0.851547 0.427786 0.012573 0.019542
48 0.944995 0.284580 0.012331 0.006718
48 0.987427 0.387023 0.011122 0.011298
48 0.841393 0.490687 0.014023 0.011603
48 0.913443 0.476641 0.020793 0.029313
5 0.930005 0.619389 0.003627 0.003359
48 0.626692 0.478779 0.010638 0.010992
48 0.971591 0.231603 0.009429 0.013740
5 0.419971 0.486565 0.003385 0.002137
5 0.428796 0.488550 0.005077 0.003053
48 0.522002 0.500916 0.005319 0.005191
48 0.826161 0.487481 0.011605 0.024733
48 0.898090 0.529618 0.022002 0.022290
48 0.894221 0.494962 0.010397 0.014046
48 0.943182 0.587481 0.017408 0.015878
24 0.177708 0.568397 0.006770 0.003969
24 0.253989 0.514656 0.002660 0.004580
48 0.756891 0.296489 0.007012 0.007939
48 0.777442 0.424427 0.026354 0.011603
48 0.849734 0.403969 0.018617 0.007939
48 0.977273 0.337252 0.013540 0.018015
48 0.989241 0.437710 0.019584 0.011298
5 0.619439 0.537405 0.003868 0.001832
48 0.660542 0.483664 0.017892 0.017099
24 0.191248 0.604122 0.004836 0.002137
24 0.330392 0.492672 0.005077 0.012519
48 0.963250 0.148550 0.020793 0.014962
48 0.946567 0.144122 0.011605 0.009160
48 0.864603 0.223511 0.023211 0.015267
48 0.880319 0.202443 0.028046 0.017099
48 0.863153 0.275420 0.009188 0.014046
5 0.851789 0.352977 0.004352 0.002443
48 0.772123 0.413130 0.019584 0.011603
49 0.963250 0.303664 0.014990 0.014351
48 0.967964 0.285038 0.004594 0.007023
48 0.956359 0.264580 0.012814 0.014351
48 0.915015 0.380000 0.008946 0.016183
5 0.599130 0.535115 0.003385 0.003969
24 0.238878 0.510229 0.002901 0.006718
24 0.218327 0.523053 0.009671 0.003664
48 0.853482 0.230687 0.014507 0.012519
48 0.818182 0.400000 0.025145 0.010382
5 0.823743 0.470534 0.003868 0.001832
5 0.843327 0.457405 0.001934 0.005496
48 0.887089 0.403817 0.023694 0.010687
48 0.896760 0.392824 0.010155 0.011298
48 0.981262 0.265191 0.012814 0.011908
48 0.699105 0.513130 0.012814 0.015573
48 0.865087 0.501832 0.013540 0.011908
5 0.923477 0.520458 0.007012 0.003359
24 0.190522 0.607786 0.004836 0.002748
48 0.967964 0.161069 0.017650 0.012519
48 0.908366 0.338168 0.015474 0.012519
48 0.766441 0.338321 0.014023 0.018321
48 0.801015 0.387634 0.009671 0.008855
5 0.774057 0.470992 0.003143 0.002137
5 0.817336 0.453130 0.004594 0.002443
48 0.876088 0.428092 0.011847 0.012214
5 0.942698 0.321374 0.003868 0.002137
48 0.568424 0.462901 0.011605 0.018321
5 0.668399 0.566260 0.003143 0.003969
48 0.985131 0.523664 0.012331 0.012214
48 0.699226 0.277252 0.015957 0.007939
48 0.557423 0.297863 0.023453 0.025954
24 0.184236 0.544275 0.004836 0.002748
24 0.243835 0.511908 0.003627 0.005191
48 0.993593 0.224580 0.010397 0.019847
48 0.874637 0.344122 0.012814 0.015267
48 0.871615 0.332519 0.013056 0.012824
48 0.869923 0.317710 0.023211 0.018015
48 0.822897 0.298321 0.013781 0.015878
48 0.798960 0.307939 0.023936 0.015573
5 0.830996 0.445191 0.002418 0.003053
5 0.867988 0.440000 0.004352 0.002443
48 0.929884 0.351450 0.010155 0.015878
48 0.951040 0.304580 0.012331 0.016183
48 0.977635 0.446870 0.010397 0.013740
5 0.882979 0.481679 0.003385 0.002748
48 0.977273 0.510992 0.011122 0.012519
24 0.269947 0.517710 0.002660 0.004580
48 0.840184 0.318015 0.017892 0.013740
48 0.838975 0.421221 0.012573 0.012519
48 0.734405 0.518473 0.022002 0.010992
5 0.512693 0.507939 0.002660 0.004580
5 0.820479 0.532214 0.004110 0.003053
48 0.957568 0.506260 0.010880 0.012214
48 0.531794 0.297405 0.018133 0.020153
48 0.962766 0.112977 0.025145 0.013435
48 0.890957 0.272366 0.011605 0.014656
48 0.915982 0.301679 0.020551 0.022595
48 0.729086 0.313435 0.016683 0.011298
48 0.816489 0.409771 0.023211 0.009771
48 0.954062 0.334962 0.014023 0.010382
48 0.937016 0.302137 0.015716 0.027176
48 0.981504 0.275267 0.012814 0.008855
48 0.686654 0.510840 0.011605 0.011603
5 0.414289 0.485038 0.004594 0.002137
5 0.769101 0.526107 0.004836 0.002443
48 0.975097 0.523664 0.007737 0.010992
48 0.914289 0.532061 0.010397 0.019237
48 0.544246 0.286718 0.019342 0.020153
24 0.220261 0.510687 0.005319 0.002748
48 0.997340 0.149008 0.005319 0.018321
48 0.944391 0.191450 0.009671 0.009160
48 0.892892 0.327328 0.013540 0.014046
5 0.732955 0.273130 0.003143 0.001527
48 0.886726 0.412672 0.021518 0.007634
48 0.941489 0.331145 0.014990 0.016183
48 0.944512 0.266107 0.009429 0.011298
48 0.946446 0.385496 0.022485 0.018626
48 0.987427 0.418931 0.019826 0.010992
5 0.560324 0.502595 0.004594 0.004275
48 0.956842 0.623664 0.020068 0.013130
48 0.848767 0.521069 0.017650 0.028397
48 0.857471 0.471908 0.011364 0.016794
48 0.961315 0.591298 0.006286 0.014962
24 0.235010 0.508702 0.001934 0.004275
5 0.969898 0.247481 0.004110 0.002137
48 0.904860 0.218779 0.016199 0.014351
48 0.839579 0.301527 0.018617 0.012519
49 0.977756 0.303206 0.018375 0.016489
48 0.957930 0.276031 0.011122 0.008550
5 0.981625 0.390687 0.000967 0.005191
49 0.991780 0.408092 0.016441 0.010076
48 0.671301 0.511450 0.011364 0.010382
5 0.429521 0.494962 0.003143 0.004275
48 0.843327 0.471145 0.018375 0.012214
24 0.220140 0.518321 0.006528 0.002748
48 0.996978 0.078473 0.006044 0.011603
48 0.950073 0.213740 0.016199 0.014656
48 0.937621 0.142595 0.010155 0.014046
48 0.935928 0.215115 0.015474 0.011298
48 0.914531 0.162748 0.019584 0.018931
48 0.944149 0.234809 0.008221 0.010382
48 0.849613 0.274962 0.017892 0.012519
48 0.893496 0.298779 0.022969 0.022290
48 0.772727 0.434198 0.022727 0.010382
48 0.732350 0.505801 0.023211 0.013130
5 0.643980 0.495573 0.005077 0.003664
48 0.935928 0.515114 0.009671 0.010382
5 0.913080 0.251756 0.004594 0.004580
5 0.983922 0.240153 0.004594 0.002748
48 0.739120 0.296794 0.007737 0.004275
9 0.726426 0.248855 0.007012 0.002443
9 0.727756 0.245649 0.007253 0.002748
39 0.727998 0.242290 0.007737 0.002748
48 0.750604 0.247786 0.006044 0.011298
48 0.760155 0.245344 0.003868 0.013740
13 0.731020 0.233130 0.014265 0.004580
48 0.761847 0.233282 0.009188 0.007328
48 0.764265 0.225802 0.002418 0.005802
9 0.739845 0.198015 0.002418 0.005802
48 0.807302 0.369924 0.011122 0.013740
51 0.614724 0.420763 0.031190 0.039695
48 0.724009 0.322595 0.009913 0.009466
39 0.732955 0.208244 0.006528 0.003053
24 0.755198 0.290534 0.007979 0.005191
48 0.508583 0.260458 0.008946 0.006107
48 0.501813 0.270534 0.007495 0.007939
13 0.967602 0.709771 0.012573 0.021069
9 0.809599 0.594046 0.008946 0.004580
5 0.812379 0.588702 0.005319 0.003053
5 0.811896 0.586260 0.004352 0.003053
5 0.813346 0.580611 0.004836 0.003359
9 0.796059 0.596794 0.005077 0.008855
6 0.792311 0.596641 0.002901 0.006718
6 0.790740 0.594504 0.003143 0.006718
9 0.785421 0.586718 0.010880 0.005802
5 0.635880 0.547786 0.005803 0.003053
9 0.672268 0.550992 0.005077 0.002748
56 0.900266 0.685802 0.038927 0.021374
56 0.754594 0.642595 0.088008 0.042443
5 0.170334 0.628702 0.002660 0.004275
24 0.173477 0.578473 0.010397 0.004580
9 0.185082 0.542137 0.004110 0.002137
24 0.177345 0.583053 0.003627 0.005191
28 0.300048 0.662595 0.016925 0.009160
27 0.202490 0.672519 0.020068 0.008855
27 0.205875 0.666260 0.041828 0.020763
27 0.209018 0.655725 0.040377 0.021679
27 0.212403 0.647634 0.049565 0.022595
27 0.244318 0.655115 0.014749 0.009466
27 0.245527 0.662290 0.019584 0.012214
27 0.270793 0.664733 0.020309 0.013435
26 0.350218 0.674046 0.019101 0.013130
5 0.327369 0.061221 0.003385 0.003359
5 0.339338 0.072672 0.004594 0.004885
5 0.348646 0.067023 0.004352 0.003359
5 0.349250 0.062595 0.004110 0.003664
5 0.354207 0.055878 0.004836 0.004275
5 0.355658 0.052672 0.004352 0.003969
5 0.354207 0.070229 0.004836 0.003053
5 0.350943 0.076489 0.004594 0.002748
5 0.353240 0.072672 0.004352 0.002443
6 0.357834 0.080916 0.005803 0.007328
5 0.374033 0.053282 0.002418 0.002137
5 0.375121 0.050382 0.002660 0.002443
5 0.377297 0.020000 0.004110 0.003359
5 0.387693 0.020458 0.005077 0.004275
5 0.368351 0.021985 0.004594 0.004275
5 0.366175 0.027634 0.004594 0.003359
5 0.374275 0.027634 0.004352 0.003359
5 0.371615 0.035420 0.004352 0.003664
5 0.368956 0.041374 0.004352 0.003969
5 0.380319 0.041374 0.004836 0.003359
5 0.378627 0.043511 0.004836 0.003359
51 0.915740 0.078473 0.031190 0.048244
48 0.945841 0.047023 0.010638 0.010382
48 0.976185 0.034504 0.031190 0.016489
5 0.981262 0.047481 0.004110 0.004580
5 0.988757 0.058473 0.004110 0.004580
5 0.994802 0.066565 0.003627 0.004275
5 0.958535 0.084122 0.005077 0.003359
5 0.988999 0.085191 0.003143 0.004885
48 0.989362 0.131450 0.021277 0.030840
48 0.977031 0.133435 0.008704 0.010382
5 0.982955 0.145649 0.003143 0.002443
5 0.987307 0.146870 0.003627 0.002443
5 0.992988 0.147481 0.003868 0.002443
5 0.873428 0.127634 0.003143 0.004885
5 0.887210 0.145191 0.003627 0.004580
5 0.905102 0.132519 0.003627 0.004275
5 0.907519 0.140611 0.004594 0.003969
5 0.904981 0.142137 0.003868 0.004580
5 0.900629 0.145649 0.004836 0.005496
5 0.893980 0.154656 0.004110 0.004580
5 0.892650 0.150076 0.004352 0.005802
5 0.906915 0.149771 0.003868 0.004580
9 0.916949 0.145496 0.006044 0.007634
48 0.926741 0.150076 0.008704 0.009466
5 0.942456 0.172519 0.003868 0.004885
48 0.954908 0.180000 0.018617 0.016183
5 0.955392 0.199542 0.002176 0.005191
48 0.933269 0.201985 0.014023 0.013740
48 0.945962 0.199695 0.012814 0.009771
5 0.922510 0.187786 0.002660 0.004275
5 0.924202 0.197405 0.002660 0.004580
5 0.925169 0.214504 0.002176 0.005802
5 0.927829 0.213740 0.002660 0.004885
5 0.869681 0.189771 0.003385 0.005802
5 0.856262 0.258473 0.004110 0.002748
5 0.935687 0.245496 0.002418 0.004275
5 0.938709 0.244885 0.003143 0.004275
5 0.936170 0.249313 0.002901 0.002137
5 0.854570 0.299084 0.003627 0.002748
5 0.871615 0.306260 0.005803 0.004275
5 0.902079 0.317557 0.005319 0.004275
5 0.910058 0.314656 0.004352 0.004580
48 0.909937 0.285802 0.010397 0.007328
48 0.569753 0.345344 0.080513 0.091603
48 0.507012 0.315878 0.006286 0.008244
53 0.591151 0.270992 0.008704 0.008855
53 0.549081 0.258931 0.007253 0.004275
5 0.661146 0.330076 0.004110 0.003664
48 0.703578 0.353435 0.013056 0.011298
48 0.700193 0.345802 0.006770 0.007634
48 0.707930 0.344733 0.007253 0.005496
48 0.658366 0.364427 0.027079 0.014962
48 0.654860 0.381679 0.024420 0.014046
48 0.647848 0.394504 0.023936 0.010992
48 0.649178 0.415114 0.018859 0.009466
48 0.648211 0.405191 0.024662 0.010992
51 0.664894 0.429160 0.042070 0.022901
48 0.657157 0.447023 0.031431 0.023206
48 0.708535 0.441069 0.080513 0.062595
51 0.693786 0.481069 0.031190 0.017405
9 0.638781 0.506412 0.005319 0.006412
5 0.565280 0.493740 0.002418 0.004275
5 0.570479 0.495420 0.002176 0.003969
5 0.567819 0.494657 0.002176 0.004275
29 0.471833 0.576641 0.046663 0.106565
29 0.498791 0.573435 0.035783 0.087939
29 0.522485 0.585802 0.034816 0.096183
4 0.602031 0.747328 0.002901 0.005191
48 0.536992 0.874504 0.066248 0.084275
5 0.538685 0.823664 0.004352 0.003359
5 0.533124 0.825191 0.004836 0.003359
5 0.538080 0.826870 0.005077 0.003664
33 0.568907 0.833435 0.004352 0.005802
9 0.563225 0.835420 0.003627 0.006107
5 0.514628 0.860305 0.004110 0.002748
5 0.513298 0.865649 0.003385 0.003053
5 0.509309 0.877405 0.003627 0.003359
5 0.511001 0.871756 0.003143 0.003053
5 0.510638 0.875115 0.003868 0.002443
5 0.515474 0.856336 0.003385 0.003359
5 0.489241 0.896183 0.002176 0.005496
5 0.486339 0.896641 0.002176 0.005191
9 0.480295 0.926412 0.006528 0.010992
9 0.491659 0.933282 0.006528 0.003359
48 0.505198 0.940458 0.019584 0.012824
5 0.536992 0.929771 0.003385 0.004885
32 0.465546 0.898321 0.022485 0.057405
48 0.548356 0.940763 0.009188 0.019542
23 0.804521 0.887481 0.080513 0.187176
23 0.928312 0.905954 0.056818 0.155115
9 0.651717 0.690382 0.009429 0.004275
9 0.651112 0.693893 0.009188 0.005802
48 0.851426 0.727786 0.115329 0.086412
4 0.753385 0.729618 0.003385 0.003969
4 0.701040 0.739695 0.007495 0.005191
5 0.800532 0.749313 0.003868 0.005496
5 0.848525 0.781985 0.004110 0.003053
4 0.821325 0.782290 0.002418 0.004275
5 0.862911 0.789771 0.002901 0.003969
5 0.865571 0.790687 0.002901 0.004580
5 0.871252 0.794198 0.003143 0.006107
5 0.923719 0.782137 0.003143 0.006412
5 0.819028 0.781221 0.003143 0.003969
5 0.971591 0.794657 0.004110 0.005191
5 0.942940 0.795573 0.002418 0.004580
5 0.946083 0.796336 0.002901 0.005496
5 0.955754 0.790687 0.002418 0.004580
48 0.964217 0.768855 0.071567 0.081832
48 0.938104 0.701374 0.014507 0.018321
5 0.801499 0.650687 0.002901 0.004885
5 0.543158 0.749160 0.003143 0.005191
48 0.570358 0.768092 0.070600 0.086412
48 0.612307 0.716947 0.010397 0.023206
48 0.655343 0.606412 0.007012 0.008550
9 0.709139 0.649313 0.004352 0.007023
9 0.712645 0.650229 0.003627 0.006412
5 0.670938 0.637710 0.003385 0.005802
57 0.660662 0.670687 0.008462 0.018015
57 0.671422 0.675573 0.006770 0.014351
48 0.694028 0.693435 0.012331 0.014046
5 0.589821 0.704733 0.004110 0.006718
5 0.594657 0.706412 0.005077 0.005802
31 0.545938 0.664580 0.039652 0.085191
48 0.599734 0.665038 0.063104 0.062901
9 0.590426 0.608244 0.006770 0.012214
9 0.593448 0.610840 0.004110 0.010076
9 0.590546 0.583359 0.006044 0.003359
57 0.609405 0.560458 0.008462 0.012519
57 0.646277 0.574962 0.005319 0.009160
57 0.636726 0.568550 0.004594 0.010382
57 0.633341 0.565649 0.005561 0.008855
9 0.610372 0.606718 0.005077 0.008550
48 0.631770 0.618473 0.021760 0.022290
48 0.571325 0.526870 0.023694 0.034504
48 0.513177 0.494962 0.009913 0.009771
48 0.545455 0.500763 0.009188 0.008550
5 0.547872 0.518168 0.006770 0.003664
5 0.470745 0.493282 0.002901 0.004580
9 0.457809 0.516031 0.006044 0.003053
5 0.457084 0.502443 0.003143 0.004580
5 0.457930 0.496794 0.003868 0.004275
53 0.481262 0.507939 0.041828 0.018015
5 0.550895 0.510992 0.003627 0.005191
53 0.519221 0.514351 0.026354 0.017405
53 0.545938 0.521527 0.022727 0.021374
5 0.395068 0.489924 0.003868 0.003359
5 0.400387 0.488702 0.002901 0.003969
48 0.413564 0.497099 0.009913 0.006718
48 0.421301 0.498779 0.009429 0.007634
5 0.198138 0.503359 0.002660 0.005191
48 0.210711 0.500000 0.021035 0.033282
24 0.238515 0.471603 0.002660 0.005802
24 0.240571 0.473588 0.003385 0.007939
24 0.246857 0.475573 0.003868 0.008244
24 0.250121 0.476031 0.003627 0.008550
24 0.253506 0.478015 0.004594 0.010076
24 0.257012 0.477252 0.003385 0.007939
24 0.261364 0.477557 0.004352 0.007328
24 0.264144 0.478015 0.003627 0.007023
24 0.266683 0.477557 0.003385 0.004885
24 0.272123 0.481221 0.004594 0.009160
24 0.275145 0.480611 0.003868 0.007939
24 0.229086 0.481374 0.005561 0.003969
24 0.229691 0.479389 0.005803 0.003053
24 0.229811 0.477557 0.005077 0.003053
24 0.230053 0.474809 0.005077 0.002443
24 0.230658 0.472824 0.004352 0.003359
24 0.227998 0.485954 0.006286 0.003969
24 0.227152 0.487176 0.005561 0.002748
24 0.226789 0.489466 0.005803 0.003053
24 0.226306 0.491756 0.005803 0.003969
24 0.319995 0.490382 0.005561 0.011603
25 0.397365 0.509466 0.007012 0.021069
24 0.343810 0.497252 0.006286 0.015573
5 0.347316 0.484275 0.006044 0.003664
25 0.435324 0.531145 0.008946 0.006412
24 0.429521 0.555878 0.010397 0.004580
5 0.435324 0.562595 0.002660 0.004580
5 0.436896 0.572977 0.002418 0.004580
5 0.438709 0.568244 0.002660 0.004275
5 0.440401 0.563359 0.002660 0.004885
5 0.441973 0.558626 0.002418 0.005191
5 0.443424 0.553282 0.002418 0.003664
48 0.180247 0.556183 0.014265 0.024122
48 0.180609 0.537710 0.010155 0.015267
5 0.196083 0.552519 0.002901 0.004580
24 0.286146 0.565496 0.005077 0.009771
28 0.202490 0.564580 0.007012 0.014046
48 0.659212 0.595267 0.006044 0.006412
48 0.668037 0.600458 0.007253 0.009466
48 0.663322 0.565343 0.007979 0.009466
48 0.681818 0.568855 0.010155 0.009771
5 0.685082 0.561527 0.005561 0.003664
5 0.707809 0.574351 0.004110 0.004275
48 0.685324 0.577863 0.010880 0.007634
5 0.688346 0.582443 0.005319 0.003969
4 0.679038 0.597557 0.004110 0.006718
5 0.669125 0.626870 0.002660 0.004885
48 0.700073 0.597099 0.033607 0.041221
5 0.587524 0.542443 0.005319 0.002748
5 0.593085 0.542748 0.005319 0.002748
5 0.592602 0.545191 0.005319 0.002748
5 0.587403 0.545191 0.005077 0.002748
5 0.591272 0.515878 0.002660 0.005191
5 0.584985 0.510534 0.004110 0.004885
5 0.588370 0.513588 0.003627 0.004275
5 0.589096 0.511298 0.005077 0.004580
5 0.598283 0.517710 0.004110 0.005802
5 0.599976 0.518473 0.004110 0.005496
5 0.602635 0.518626 0.004594 0.005802
5 0.604449 0.522137 0.004352 0.003664
5 0.608922 0.523206 0.005077 0.003359
48 0.593085 0.489160 0.015474 0.012824
48 0.542432 0.466412 0.011364 0.013740
5 0.525266 0.457710 0.004594 0.004885
5 0.528530 0.466718 0.003868 0.003969
5 0.531915 0.470076 0.004352 0.004580
5 0.537234 0.473130 0.004836 0.005191
5 0.538201 0.478626 0.004352 0.004580
5 0.536267 0.480000 0.003385 0.004275
5 0.510638 0.474046 0.003385 0.003969
5 0.510638 0.470076 0.003868 0.004580
5 0.513419 0.466412 0.004110 0.003969
5 0.520068 0.466412 0.003385 0.003359
5 0.523332 0.468092 0.003627 0.003664
5 0.526838 0.471298 0.003868 0.004580
5 0.530827 0.474962 0.003627 0.003969
5 0.533245 0.477099 0.003143 0.003359
5 0.528893 0.481527 0.004594 0.003053
9 0.538080 0.483664 0.005561 0.003053
5 0.533366 0.482595 0.004352 0.003359
5 0.499516 0.469008 0.003868 0.004885
5 0.794125 0.634046 0.004594 0.003359
53 0.755924 0.732519 0.021518 0.014656
53 0.780102 0.738473 0.022002 0.014351
53 0.729207 0.723206 0.023211 0.013130
53 0.865450 0.792214 0.032157 0.014962
5 0.664168 0.580458 0.005319 0.003664
5 0.714458 0.553130 0.003868 0.002137
5 0.699347 0.551145 0.003627 0.001832
5 0.704787 0.550992 0.003868 0.002137
5 0.718206 0.540611 0.004594 0.005191
5 0.867747 0.618015 0.002901 0.004885
5 0.871978 0.618473 0.003143 0.005191
5 0.875000 0.620153 0.002418 0.004275
5 0.878989 0.621527 0.002660 0.003969
5 0.887814 0.623969 0.003385 0.003969
5 0.894947 0.620763 0.004594 0.003053
5 0.896639 0.618626 0.004110 0.003053
5 0.897727 0.613893 0.004352 0.002748
5 0.897244 0.616183 0.003868 0.002443
5 0.879473 0.607176 0.002660 0.005191
5 0.885880 0.608855 0.002901 0.005496
5 0.898574 0.602443 0.003627 0.003664
5 0.884188 0.601985 0.003385 0.005191
5 0.886847 0.602595 0.002418 0.004580
5 0.878627 0.600763 0.002901 0.005191
5 0.876934 0.598321 0.002901 0.004580
5 0.868955 0.596947 0.002901 0.004885
5 0.871615 0.597405 0.002901 0.005191
5 0.874396 0.598168 0.002176 0.004885
5 0.855416 0.587023 0.004352 0.005191
53 0.878748 0.608550 0.025387 0.035420
53 0.895672 0.611298 0.011364 0.022595
48 0.987548 0.164122 0.019101 0.018015
48 0.904739 0.351603 0.013540 0.013740
48 0.835711 0.461985 0.017166 0.009771
48 0.836436 0.642748 0.327128 0.132519
53 0.831721 0.764275 0.085106 0.023817
53 0.797872 0.749924 0.066248 0.032977
53 0.742505 0.730992 0.054642 0.026260
53 0.382012 0.025191 0.019342 0.016183
53 0.373066 0.040305 0.017408 0.014046
53 0.371373 0.049771 0.010638 0.009771
53 0.354932 0.075725 0.015957 0.015267
53 0.350218 0.054198 0.014749 0.011298
53 0.346470 0.064580 0.011605 0.013130
53 0.364603 0.063053 0.012573 0.014351
53 0.365812 0.022748 0.011122 0.013740
53 0.585469 0.268397 0.024903 0.011603
53 0.566610 0.263206 0.012814 0.010382
53 0.548356 0.258626 0.014990 0.007328
53 0.741296 0.209924 0.034333 0.061374
53 0.730537 0.240611 0.016683 0.025038
48 0.811654 0.281985 0.013056 0.019847
53 0.800895 0.588397 0.041344 0.029313
5 0.798960 0.557099 0.005561 0.003969
5 0.805609 0.557252 0.004352 0.003053
5 0.812742 0.557557 0.005561 0.003664
5 0.819391 0.558168 0.004836 0.003664
5 0.833293 0.560916 0.005077 0.003053
5 0.843810 0.562901 0.005319 0.003359
5 0.848646 0.562748 0.004352 0.003053
5 0.932906 0.624122 0.004110 0.004275
5 0.812137 0.583206 0.004352 0.003053
5 0.825314 0.580458 0.004594 0.003053
5 0.671301 0.538321 0.005077 0.003664
5 0.709865 0.559695 0.003868 0.002443
5 0.700919 0.558321 0.003868 0.002748
5 0.692094 0.536183 0.003627 0.003053
5 0.697776 0.535420 0.003385 0.002748
9 0.749879 0.489924 0.003627 0.007023
5 0.910179 0.319847 0.004110 0.002748
5 0.914652 0.321069 0.004836 0.003359
5 0.987669 0.321985 0.001934 0.002748
24 0.163926 0.628550 0.003868 0.007023
24 0.162718 0.616489 0.008704 0.004885
24 0.163926 0.612824 0.007253 0.003664
24 0.164531 0.609771 0.007979 0.004885
24 0.165740 0.605802 0.006044 0.003053
25 0.167432 0.598015 0.013298 0.006412
24 0.169125 0.593588 0.011364 0.006107
24 0.171301 0.589160 0.007979 0.004580
24 0.171059 0.584733 0.009913 0.004885
25 0.172026 0.582137 0.008462 0.005191
29 0.194028 0.629313 0.020068 0.012214
30 0.219898 0.638168 0.020551 0.009771
24 0.223888 0.633435 0.017408 0.009466
28 0.244802 0.642901 0.016199 0.007023
28 0.243230 0.646870 0.013056 0.007023
28 0.256407 0.649924 0.012331 0.005802
29 0.269463 0.653588 0.014749 0.007634
24 0.287838 0.655420 0.012814 0.008855
24 0.291103 0.653130 0.005803 0.003664
24 0.284937 0.658626 0.011847 0.006107
32 0.314434 0.693588 0.075677 0.029008
32 0.304400 0.701527 0.063346 0.025954
32 0.302950 0.712214 0.052708 0.022901
32 0.328095 0.661679 0.036750 0.016489
32 0.326402 0.670076 0.031915 0.015573
26 0.406673 0.573893 0.015474 0.024122
26 0.415498 0.575572 0.018617 0.032366
26 0.425653 0.574198 0.015716 0.024733
24 0.419246 0.606260 0.004836 0.003969
24 0.548356 0.835573 0.012573 0.008244
29 0.535058 0.829313 0.012089 0.007939
32 0.475701 0.898015 0.024903 0.061069
23 0.615691 0.852366 0.083897 0.189008
31 0.646518 0.821069 0.024662 0.056183
29 0.682302 0.835267 0.082689 0.171298
29 0.885155 0.797405 0.011122 0.007023
29 0.867384 0.804580 0.012331 0.007939
24 0.938467 0.789313 0.011364 0.007328
32 0.485977 0.817557 0.033849 0.076031
32 0.497582 0.819695 0.036267 0.077252
26 0.516562 0.739389 0.018133 0.037557
26 0.525024 0.743053 0.013298 0.028397
24 0.804038 0.656794 0.004110 0.006718
25 0.426862 0.498015 0.004594 0.009771
24 0.422993 0.492824 0.003627 0.003053
24 0.236702 0.471450 0.002418 0.004885
24 0.222437 0.494962 0.002418 0.004275
24 0.223283 0.499542 0.004110 0.003053
24 0.229449 0.498473 0.002418 0.005191
24 0.231020 0.499542 0.002660 0.004885
24 0.233559 0.499389 0.003385 0.005191
24 0.235977 0.500153 0.003385 0.005496
24 0.239241 0.501221 0.003143 0.004580
24 0.241538 0.501527 0.003385 0.005191
24 0.244318 0.501069 0.003627 0.007328
24 0.246615 0.502595 0.003385 0.005496
24 0.249275 0.504122 0.002418 0.004275
24 0.251209 0.505191 0.001934 0.004580
24 0.253506 0.503664 0.003627 0.006412
24 0.256165 0.504733 0.003627 0.006107
24 0.264990 0.507939 0.003385 0.003969
24 0.263298 0.506718 0.003868 0.005191
24 0.272606 0.512824 0.005561 0.003359
25 0.286630 0.484275 0.007012 0.013435
25 0.292432 0.484275 0.004594 0.009771
24 0.296422 0.485191 0.005319 0.009771
25 0.300290 0.486107 0.004836 0.009160
25 0.310203 0.487481 0.004836 0.009466
24 0.313346 0.487328 0.002901 0.006718
30 0.334865 0.494657 0.006770 0.014656
30 0.375000 0.501069 0.005319 0.010992
25 0.410421 0.507786 0.006044 0.012214
25 0.414168 0.508244 0.006286 0.011908
25 0.419246 0.509008 0.005803 0.010382
30 0.339338 0.497710 0.007012 0.018931
30 0.348042 0.497405 0.007012 0.015267
30 0.352394 0.498779 0.006528 0.015573
30 0.357350 0.499542 0.005803 0.015878
30 0.364724 0.500305 0.005561 0.013740
30 0.369802 0.503664 0.007012 0.018626
28 0.439555 0.512519 0.005319 0.009466
25 0.443786 0.516031 0.009429 0.018321
25 0.442094 0.530382 0.003627 0.007939
24 0.433994 0.539542 0.011605 0.006718
25 0.431818 0.546107 0.011605 0.006412
30 0.427708 0.551756 0.014507 0.006718
24 0.216997 0.545954 0.003143 0.005496
24 0.224734 0.547023 0.005077 0.007634
24 0.230053 0.547328 0.005077 0.010076
28 0.234163 0.546870 0.006044 0.011603
25 0.241900 0.550534 0.006044 0.010992
24 0.244802 0.552214 0.004594 0.009466
24 0.247220 0.552977 0.004594 0.009160
24 0.249758 0.554351 0.003868 0.007634
24 0.253022 0.554046 0.005561 0.010076
30 0.257374 0.553588 0.006528 0.012214
24 0.259913 0.556031 0.005319 0.010992
24 0.262935 0.557405 0.004594 0.010687
24 0.268738 0.558626 0.005077 0.010076
24 0.271760 0.559695 0.004836 0.009771
24 0.275266 0.559389 0.006528 0.013435
24 0.278772 0.561832 0.005803 0.010992
24 0.282761 0.563053 0.005561 0.010382
24 0.288806 0.566260 0.005077 0.007634
24 0.291949 0.566260 0.005561 0.010076
30 0.295575 0.565802 0.007012 0.012824
24 0.297751 0.569313 0.004110 0.007634
24 0.300048 0.571450 0.002418 0.005191
24 0.256165 0.570229 0.003627 0.008855
24 0.261122 0.574809 0.005803 0.012519
24 0.269584 0.575572 0.005803 0.010382
24 0.273573 0.577405 0.006044 0.010382
30 0.283607 0.582137 0.008221 0.014962
28 0.287838 0.582901 0.006044 0.014046
30 0.292191 0.586260 0.006528 0.017710
24 0.296180 0.580611 0.003385 0.005802
25 0.309720 0.588244 0.005803 0.011298
29 0.319753 0.588702 0.013298 0.007939
30 0.324105 0.583817 0.022485 0.010382
24 0.309478 0.573740 0.017892 0.010382
24 0.206480 0.553130 0.003385 0.002137
24 0.206601 0.551450 0.003627 0.002443
24 0.209260 0.554504 0.002176 0.004885
24 0.211074 0.555573 0.002418 0.005191
24 0.215426 0.556183 0.002418 0.003969
24 0.216634 0.557710 0.002901 0.005802
24 0.219294 0.558168 0.003385 0.006107
24 0.221349 0.559542 0.004594 0.007023
24 0.224130 0.560000 0.003868 0.005496
24 0.553071 0.455725 0.006044 0.005191
24 0.558873 0.465038 0.006044 0.005496
24 0.539652 0.453588 0.008221 0.003969
24 0.541828 0.456489 0.005803 0.002443
25 0.543279 0.458321 0.004836 0.002443
24 0.545817 0.460305 0.005077 0.002748
30 0.387693 0.507786 0.008462 0.021985
42 0.572655 0.834809 0.003143 0.004885
29 0.576644 0.561679 0.018375 0.011298
26 0.575556 0.609008 0.011847 0.028397
25 0.175653 0.572366 0.008946 0.003969
25 0.216755 0.527176 0.008462 0.004580
28 0.500484 0.298321 0.011122 0.016489
24 0.231020 0.560763 0.003627 0.005191
24 0.235251 0.563206 0.003868 0.006412
24 0.239724 0.565038 0.004594 0.006412
24 0.242142 0.567634 0.005077 0.010382
24 0.246373 0.567176 0.004836 0.007634
24 0.249637 0.569924 0.006044 0.011298
24 0.196567 0.592061 0.005803 0.003664
24 0.162113 0.622748 0.007495 0.004580
5 0.751572 0.444733 0.001692 0.004580
5 0.750604 0.417405 0.001692 0.003664
5 0.947897 0.578321 0.003627 0.005496
5 0.934599 0.570534 0.004594 0.002748
5 0.456601 0.520916 0.003143 0.001832
5 0.683269 0.558321 0.004352 0.002748
5 0.544608 0.509618 0.002176 0.004275
5 0.652805 0.324733 0.003868 0.004580
5 0.949710 0.120611 0.004836 0.004885
27 0.465063 0.972672 0.090667 0.054656
27 0.523211 0.981679 0.056576 0.036641
24 0.557302 0.668855 0.009188 0.016183
29 0.453699 0.572366 0.039410 0.105954
29 0.757858 0.865954 0.076161 0.180153
24 0.361219 0.498168 0.004352 0.010687
5 0.831238 0.759084 0.003385 0.006107
5 0.846833 0.764275 0.002176 0.004275
5 0.182302 0.575114 0.003385 0.005191
5 0.182664 0.570687 0.004594 0.004275
5 0.483438 0.498473 0.003143 0.003969
5 0.529618 0.493893 0.004110 0.003359
5 0.563467 0.493740 0.001692 0.003664
5 0.588854 0.463969 0.005077 0.003359
5 0.531552 0.536183 0.002176 0.004885
5 0.820720 0.546718 0.004110 0.002748
5 0.879110 0.554504 0.004836 0.002443
5 0.746978 0.557252 0.004594 0.002443
5 0.859163 0.519084 0.002660 0.004275
5 0.798356 0.328855 0.004836 0.004275
5 0.899661 0.433740 0.001934 0.004580
6 0.901596 0.543359 0.002901 0.005802
9 0.732955 0.654504 0.013781 0.008244
7 0.806093 0.775420 0.004352 0.005802
4 0.687984 0.738321 0.004110 0.004275
5 0.843085 0.779695 0.004352 0.003359
5 0.523815 0.914198 0.003143 0.004275
5 0.448501 0.487023 0.001451 0.004275
5 0.767892 0.547634 0.002901 0.002137
5 0.907519 0.580763 0.002176 0.003664
5 0.976426 0.398931 0.002660 0.004580
5 0.578095 0.266870 0.001451 0.007328
5 0.575435 0.266107 0.002418 0.005191
5 0.648332 0.542137 0.003627 0.002137
5 0.857471 0.789924 0.002660 0.004885
5 0.475943 0.486870 0.002176 0.003969
5 0.548114 0.510229 0.002901 0.005496
5 0.583535 0.506870 0.004594 0.003664
5 0.688346 0.548855 0.003868 0.002137
5 0.784816 0.546718 0.004836 0.002137
5 0.789410 0.547481 0.004836 0.003053
5 0.838370 0.556489 0.004110 0.002137
5 0.799565 0.596947 0.001934 0.004275
5 0.912355 0.599389 0.002176 0.004275
5 0.926015 0.363359 0.004836 0.003053
5 0.749516 0.462748 0.002901 0.003969
5 0.915498 0.440305 0.004110 0.002443
9 0.687742 0.710992 0.007979 0.008855
4 0.817215 0.777252 0.003868 0.005191
5 0.876692 0.795878 0.003385 0.005191
5 0.730053 0.722748 0.002176 0.004885
5 0.352998 0.481832 0.004836 0.003664
5 0.514023 0.477710 0.003868 0.002748
5 0.541465 0.510992 0.002660 0.003969
5 0.642650 0.555267 0.004836 0.003359
5 0.726064 0.550076 0.003385 0.002137
5 0.739241 0.551756 0.004594 0.001832
5 0.743955 0.552061 0.004352 0.002443
5 0.909937 0.595420 0.002660 0.004275
5 0.836678 0.249618 0.006044 0.002137
5 0.902684 0.252977 0.003627 0.002137
5 0.914289 0.554657 0.004110 0.003359
9 0.905343 0.590687 0.006044 0.006412
5 0.580875 0.496489 0.002660 0.004885
5 0.918158 0.779237 0.002176 0.004275
5 0.738032 0.726260 0.002176 0.003969
5 0.550048 0.830382 0.004836 0.003359
5 0.451402 0.523664 0.003385 0.004275
5 0.541707 0.489924 0.005077 0.003359
5 0.521277 0.508397 0.002901 0.003664
5 0.606867 0.470229 0.002901 0.004275
5 0.781069 0.554962 0.004594 0.003359
5 0.979207 0.381679 0.003385 0.004885
5 0.805368 0.489466 0.002901 0.005496
9 0.731504 0.214962 0.007979 0.003053
5 0.851910 0.788855 0.002660 0.005802
5 0.561049 0.887939 0.004110 0.003053
5 0.446688 0.497557 0.004110 0.003969
5 0.469415 0.491145 0.002176 0.003969
5 0.508100 0.482901 0.004110 0.003359
6 0.664531 0.556794 0.007495 0.002137
5 0.716755 0.533282 0.004110 0.002137
5 0.715909 0.550076 0.003385 0.002137
5 0.752297 0.539389 0.004110 0.003969
5 0.760397 0.551145 0.003385 0.002443
5 0.722558 0.558779 0.004110 0.002443
5 0.960348 0.574962 0.003868 0.003053
5 0.958897 0.569313 0.003868 0.001527
5 0.881045 0.309771 0.004836 0.003359
5 0.808511 0.752214 0.002418 0.003969
5 0.410542 0.485038 0.003385 0.003359
5 0.504110 0.476489 0.004352 0.002748
5 0.561049 0.492061 0.001692 0.005191
5 0.765716 0.543664 0.005319 0.002748
5 0.794004 0.551450 0.004836 0.001832
5 0.833414 0.555725 0.004352 0.003053
5 0.786630 0.555115 0.005561 0.003053
5 0.671301 0.627634 0.002660 0.003969
5 0.974976 0.461069 0.004594 0.003053
5 0.784454 0.527634 0.005077 0.002443
5 0.583293 0.267481 0.002176 0.003664
5 0.551136 0.259542 0.003143 0.005496
5 0.854570 0.440458 0.002176 0.003969
9 0.730779 0.212061 0.008946 0.003359
5 0.858922 0.767786 0.001692 0.004580
5 0.863636 0.769924 0.002418 0.004580
5 0.797147 0.749466 0.002901 0.003969
5 0.771277 0.734962 0.003385 0.005496
5 0.180367 0.615420 0.005319 0.003359
5 0.517287 0.484580 0.004594 0.003053
5 0.518496 0.479237 0.004110 0.002748
5 0.548235 0.515267 0.005077 0.003359
5 0.557302 0.489771 0.003385 0.006107
5 0.584623 0.460153 0.005319 0.004275
5 0.642166 0.546412 0.003868 0.002137
5 0.715184 0.546565 0.004836 0.002443
5 0.811170 0.549160 0.006770 0.003359
5 0.828578 0.555267 0.003868 0.002748
5 0.748187 0.474962 0.002176 0.003359
5 0.901354 0.585038 0.002901 0.003664
5 0.887693 0.353893 0.001692 0.003053
5 0.799323 0.583817 0.003385 0.001832
5 0.856746 0.767634 0.002176 0.004885
5 0.382253 0.487786 0.005319 0.003359
5 0.387452 0.489160 0.003627 0.002443
5 0.445720 0.488244 0.002660 0.003664
5 0.470140 0.487328 0.003627 0.003053
6 0.526354 0.507786 0.003385 0.005496
5 0.519101 0.505801 0.001934 0.003969
5 0.535662 0.531450 0.004594 0.006412
5 0.611460 0.543817 0.004836 0.003664
5 0.620890 0.549466 0.004836 0.002748
5 0.622824 0.542137 0.004352 0.001527
5 0.719778 0.553893 0.003868 0.002443
5 0.813346 0.552824 0.005319 0.002748
5 0.775629 0.555420 0.004836 0.003053
5 0.749275 0.467328 0.001934 0.004580
5 0.590063 0.269466 0.003143 0.005802
5 0.882012 0.254962 0.004352 0.002443
5 0.737669 0.269313 0.004352 0.002443
5 0.731141 0.218321 0.007253 0.003053
9 0.798839 0.771756 0.005319 0.007634
9 0.923114 0.611908 0.010638 0.008550
5 0.714338 0.559084 0.003627 0.001832
5 0.854207 0.766870 0.002901 0.005191
5 0.757253 0.730840 0.002418 0.003359
5 0.478482 0.488092 0.001934 0.004580
5 0.577732 0.504885 0.005077 0.003359
5 0.596833 0.507023 0.002176 0.003969
5 0.626330 0.551603 0.004594 0.002137
5 0.683873 0.536947 0.002660 0.003359
5 0.686291 0.536031 0.002176 0.003969
5 0.758583 0.547634 0.004594 0.002137
5 0.789047 0.551145 0.003627 0.002443
5 0.794729 0.584275 0.004836 0.003359
5 0.754594 0.485954 0.002418 0.004580
5 0.750725 0.452824 0.001934 0.004275
5 0.744439 0.392061 0.003385 0.003664
5 0.865450 0.204580 0.002660 0.002443
5 0.902684 0.209924 0.002660 0.002748
5 0.920092 0.774046 0.002176 0.004885
5 0.922751 0.774809 0.002660 0.005191
5 0.794367 0.749008 0.002660 0.003664
5 0.328941 0.477557 0.004110 0.002443
5 0.498187 0.501527 0.002660 0.005191
5 0.772485 0.546870 0.003868 0.003053
5 0.819149 0.553893 0.003385 0.001221
5 0.777805 0.523817 0.003385 0.004580
5 0.727877 0.239542 0.005077 0.003969
5 0.726910 0.751603 0.002176 0.004580
5 0.611339 0.783206 0.006044 0.004885
5 0.349734 0.487786 0.004110 0.002137
5 0.452853 0.519389 0.002901 0.004275
5 0.465063 0.497252 0.004594 0.002748
5 0.534574 0.494962 0.003868 0.002443
5 0.607471 0.545649 0.003627 0.003053
5 0.711315 0.533893 0.004836 0.002748
5 0.910179 0.439847 0.003143 0.002748
5 0.750604 0.457557 0.002176 0.003969
5 0.368714 0.067481 0.003868 0.003664
5 0.827853 0.429924 0.002418 0.005496
7 0.843085 0.765954 0.004352 0.005802
9 0.976064 0.572519 0.010155 0.006107
9 0.898694 0.569160 0.004836 0.008550
5 0.925653 0.768092 0.002660 0.004580
5 0.805609 0.750992 0.001934 0.003969
5 0.819753 0.754809 0.002660 0.004885
5 0.822413 0.756031 0.002660 0.004275
5 0.334985 0.479084 0.004110 0.003053
5 0.461315 0.492977 0.002901 0.004580
5 0.597800 0.462748 0.002660 0.004580
5 0.749275 0.552061 0.003385 0.002443
5 0.797993 0.551298 0.004110 0.002137
5 0.850339 0.557863 0.004352 0.002443
5 0.732350 0.558168 0.004352 0.002443
5 0.927587 0.563664 0.005561 0.002443
5 0.916949 0.604275 0.004110 0.005496
5 0.917070 0.446260 0.003385 0.002137
5 0.795696 0.527634 0.005319 0.002443
5 0.945720 0.555267 0.004110 0.002137
5 0.760034 0.731908 0.002660 0.004275
5 0.828337 0.758321 0.002418 0.005191
5 0.502418 0.916794 0.004352 0.003359
5 0.181576 0.612061 0.004836 0.003359
5 0.386726 0.494351 0.005077 0.004275
5 0.432544 0.502595 0.005319 0.003053
5 0.472921 0.495267 0.002418 0.004275
5 0.500484 0.502137 0.002901 0.004580
5 0.531794 0.487023 0.004110 0.002443
5 0.537718 0.518626 0.003868 0.002748
5 0.585469 0.497863 0.001692 0.003969
5 0.679521 0.536031 0.004110 0.003359
5 0.808027 0.552366 0.003385 0.002443
5 0.718206 0.559389 0.003627 0.002443
5 0.812016 0.591603 0.005561 0.002137
5 0.570962 0.265344 0.002176 0.005496
5 0.837887 0.252214 0.003627 0.001832
5 0.728482 0.273893 0.001451 0.003053
5 0.890353 0.571908 0.005077 0.005496
11 0.754473 0.197405 0.003627 0.014962
7 0.735977 0.185649 0.007737 0.003664
5 0.919246 0.767328 0.003385 0.005496
5 0.531190 0.917405 0.004352 0.002748
5 0.521277 0.913130 0.001934 0.004580
5 0.838129 0.761679 0.003627 0.003969
5 0.602877 0.466565 0.003143 0.003053
5 0.599734 0.465038 0.003143 0.003664
5 0.647969 0.555725 0.004352 0.002443
5 0.646397 0.550229 0.005077 0.003053
5 0.650266 0.535573 0.003143 0.003664
5 0.660421 0.537252 0.003143 0.003359
5 0.664773 0.585344 0.003143 0.005496
5 0.897969 0.581221 0.002901 0.004580
5 0.876572 0.308244 0.004594 0.002748
4 0.814192 0.777710 0.003627 0.006107
9 0.732834 0.201832 0.007253 0.003053
5 0.868472 0.771145 0.002418 0.005802
5 0.791344 0.747328 0.002418 0.005191
5 0.543762 0.919084 0.002901 0.004885
5 0.484889 0.912672 0.004594 0.004885
5 0.517529 0.910840 0.002176 0.005496
5 0.576402 0.452519 0.004352 0.003053
5 0.613999 0.536183 0.005077 0.003053
5 0.736823 0.548855 0.003627 0.002748
5 0.733801 0.552061 0.003385 0.002443
5 0.772002 0.550687 0.004836 0.003359
5 0.866900 0.559389 0.006044 0.002443
5 0.751451 0.556947 0.003385 0.002443
5 0.976185 0.427634 0.002176 0.004580
5 0.884792 0.311603 0.002660 0.002748
5 0.908124 0.252366 0.004836 0.002748
5 0.964217 0.553588 0.002418 0.003053
5 0.982229 0.075725 0.004594 0.004275
4 0.810928 0.775878 0.003868 0.006718
13 0.755803 0.208855 0.004352 0.010992
5 0.722558 0.747786 0.004110 0.003664
5 0.735131 0.725802 0.002176 0.004885
5 0.528651 0.914504 0.002176 0.003664
5 0.920092 0.701985 0.002660 0.003664
5 0.477152 0.497710 0.002660 0.004275
5 0.578699 0.496183 0.001692 0.004885
5 0.597437 0.540763 0.004836 0.003664
5 0.612307 0.539237 0.005077 0.003664
5 0.741417 0.548702 0.004110 0.003053
5 0.763419 0.547176 0.004110 0.002443
6 0.764869 0.550840 0.005561 0.003053
5 0.937984 0.627786 0.004110 0.004275
5 0.835227 0.446718 0.004594 0.001832
5 0.752176 0.435573 0.003385 0.003969
5 0.906190 0.559847 0.004836 0.002137
5 0.867868 0.793282 0.002660 0.005496
5 0.781794 0.741985 0.002176 0.004275
5 0.803191 0.750382 0.002418 0.003969
5 0.319512 0.476183 0.004110 0.003359
5 0.595019 0.505954 0.001934 0.004275
5 0.641078 0.537710 0.005077 0.003053
5 0.801499 0.597099 0.002418 0.004580
5 0.561896 0.263511 0.001451 0.006107
5 0.739120 0.203664 0.002418 0.005496
9 0.640595 0.708855 0.007012 0.004580
4 0.682302 0.737710 0.004836 0.004885
5 0.919971 0.594809 0.005319 0.005496
7 0.742505 0.197710 0.003385 0.005191
5 0.810687 0.752519 0.002901 0.004580
5 0.762573 0.732977 0.002418 0.003969
5 0.747340 0.729008 0.003868 0.005191
5 0.526717 0.486565 0.004594 0.003359
5 0.608680 0.528855 0.004594 0.003664
5 0.731746 0.549313 0.003627 0.003053
5 0.729932 0.552214 0.002901 0.002748
5 0.765111 0.555878 0.006044 0.002137
5 0.930126 0.566412 0.005803 0.002443
5 0.881286 0.490076 0.001934 0.004885
5 0.788806 0.439389 0.006044 0.001832
5 0.747582 0.479695 0.001451 0.003053
5 0.799807 0.332519 0.005319 0.004275
5 0.906190 0.318931 0.003385 0.002748
5 0.901475 0.417557 0.002176 0.004580
5 0.961920 0.094809 0.002660 0.003359
5 0.814072 0.753740 0.002418 0.003969
5 0.764869 0.733740 0.002660 0.004275
5 0.486339 0.498931 0.002660 0.003053
5 0.531915 0.507939 0.002418 0.003969
5 0.564313 0.504580 0.003385 0.002748
5 0.696809 0.554198 0.003868 0.003053
5 0.795092 0.548092 0.004594 0.002443
5 0.861823 0.556489 0.004110 0.002137
5 0.839338 0.561832 0.004594 0.003053
5 0.648332 0.589008 0.005561 0.004275
5 0.903167 0.401221 0.002660 0.004275
5 0.795696 0.523817 0.002901 0.004580
5 0.832568 0.351756 0.006044 0.003053
5 0.586678 0.267939 0.003627 0.004580
5 0.912113 0.446412 0.004594 0.003053
5 0.911267 0.257405 0.003385 0.002443
5 0.848646 0.765038 0.002418 0.006412
5 0.786267 0.744886 0.002418 0.005191
5 0.314072 0.475114 0.004836 0.002443
5 0.367021 0.485038 0.004352 0.003359
5 0.521881 0.484885 0.004110 0.003053
5 0.462403 0.508855 0.005561 0.002137
5 0.706842 0.541374 0.003143 0.004885
5 0.778530 0.550229 0.005803 0.003053
5 0.825677 0.551298 0.004352 0.002137
5 0.840546 0.553435 0.005077 0.002137
5 0.705271 0.559237 0.004352 0.002137
5 0.737427 0.557710 0.003868 0.003359
5 0.593085 0.270534 0.003868 0.006107
5 0.953095 0.320458 0.004836 0.003359
5 0.976668 0.245954 0.003143 0.002748
5 0.965184 0.091450 0.002418 0.003359
9 0.902200 0.569771 0.005077 0.007328
15 0.740691 0.190840 0.003143 0.007328
5 0.854811 0.789008 0.003143 0.005496
5 0.783728 0.744580 0.002660 0.004580
5 0.816852 0.754198 0.002176 0.003664
5 0.804038 0.770992 0.002660 0.003664
5 0.308269 0.474351 0.005319 0.002748
5 0.448017 0.538473 0.003385 0.005802
5 0.559236 0.491145 0.001934 0.005802
5 0.615933 0.548397 0.004594 0.002443
5 0.661146 0.550382 0.004110 0.002748
5 0.666344 0.547634 0.003868 0.002137
5 0.710711 0.553740 0.003627 0.002137
5 0.843569 0.549313 0.004352 0.003664
5 0.866296 0.556489 0.004836 0.002748
5 0.856867 0.558321 0.006286 0.002748
5 0.838250 0.390992 0.001934 0.005191
5 0.764749 0.474656 0.002901 0.003359
5 0.746857 0.402595 0.003385 0.004580
5 0.962524 0.579542 0.004352 0.005496
13 0.598646 0.613130 0.005319 0.012214
5 0.535421 0.916489 0.002660 0.004580
5 0.502660 0.488092 0.004836 0.004580
5 0.601185 0.509924 0.004594 0.003053
5 0.588250 0.499847 0.003385 0.004885
5 0.604691 0.468550 0.003385 0.003969
5 0.703941 0.541679 0.002660 0.004885
5 0.710590 0.541221 0.003385 0.003359
5 0.783849 0.550076 0.004836 0.002137
5 0.799927 0.548397 0.004594 0.003053
5 0.817094 0.549924 0.004110 0.002443
5 0.895430 0.563053 0.006044 0.003053
5 0.757374 0.485954 0.002660 0.005802
5 0.911509 0.584885 0.004352 0.004580
13 0.746252 0.310229 0.013781 0.004275
5 0.915619 0.778015 0.001934 0.004275
5 0.774057 0.735878 0.002660 0.003664
5 0.723888 0.721221 0.003385 0.005496
5 0.569270 0.869160 0.003143 0.005191
5 0.552950 0.936641 0.003385 0.005802
5 0.439797 0.490229 0.003385 0.002748
5 0.539531 0.496031 0.004110 0.002748
5 0.529134 0.507634 0.002176 0.005191
5 0.576040 0.496031 0.003143 0.003969
5 0.605295 0.476336 0.004594 0.004275
5 0.595382 0.461832 0.002660 0.003969
5 0.779618 0.547176 0.004594 0.002443
5 0.793641 0.556489 0.004110 0.003359
5 0.875121 0.544275 0.002660 0.002748
5 0.853603 0.218779 0.003143 0.003969
11 0.750242 0.196947 0.003385 0.013435
5 0.920817 0.780916 0.002660 0.005191
5 0.877780 0.791908 0.005561 0.003969
5 0.779739 0.739084 0.002901 0.005191
5 0.788806 0.746718 0.002660 0.004580
5 0.514386 0.910076 0.002176 0.003969
5 0.191731 0.578473 0.003868 0.003359
5 0.479811 0.496794 0.002176 0.004885
5 0.488395 0.499237 0.002901 0.004275
5 0.536750 0.488244 0.004836 0.003053
5 0.590546 0.501069 0.002660 0.004275
5 0.749154 0.471298 0.002176 0.003359
5 0.618109 0.485038 0.007012 0.003359
5 0.968448 0.445802 0.001692 0.003053
5 0.905464 0.159542 0.003385 0.004580
5 0.731504 0.221679 0.006528 0.003053
5 0.917432 0.773740 0.002660 0.005496
5 0.203941 0.540305 0.004594 0.003359
5 0.597316 0.470687 0.005077 0.004580
5 0.601789 0.473282 0.003868 0.003664
5 0.580150 0.456336 0.004594 0.003359
5 0.462524 0.506260 0.005319 0.003053
5 0.574589 0.541679 0.003143 0.001832
5 0.632495 0.543511 0.003385 0.001832
5 0.653167 0.547023 0.006044 0.003359
5 0.824226 0.554046 0.004836 0.002748
5 0.821083 0.550840 0.003385 0.001832
5 0.845503 0.557099 0.003385 0.002137
5 0.847679 0.554351 0.004352 0.002748
5 0.742384 0.557252 0.004110 0.003053
5 0.841634 0.577557 0.004352 0.003359
5 0.889265 0.557099 0.003385 0.002748
5 0.976789 0.466412 0.001451 0.005191
5 0.545938 0.257557 0.000967 0.006412
5 0.860977 0.301527 0.004352 0.002748
5 0.551862 0.486107 0.002176 0.003664
5 0.727031 0.722290 0.002418 0.005191
5 0.347316 0.481069 0.005561 0.003359
5 0.391562 0.489160 0.003143 0.003053
5 0.474009 0.487023 0.002176 0.004885
5 0.492263 0.486412 0.004836 0.003053
5 0.480658 0.488244 0.003385 0.006107
5 0.535058 0.509466 0.002901 0.004580
5 0.461678 0.511450 0.006044 0.003664
5 0.636968 0.554046 0.005561 0.002748
5 0.659333 0.546565 0.003868 0.001832
5 0.724976 0.552977 0.005561 0.002443
5 0.752660 0.548092 0.003868 0.001832
5 0.864362 0.553435 0.004352 0.002137
5 0.817456 0.263053 0.003385 0.003969
4 0.785179 0.765343 0.006044 0.007023
7 0.665619 0.625344 0.003868 0.006107
5 0.677345 0.628550 0.003627 0.005191
5 0.511847 0.909924 0.002418 0.004275
5 0.193424 0.572824 0.004352 0.003053
5 0.403893 0.486565 0.004594 0.003359
5 0.463491 0.502137 0.004836 0.002748
5 0.526475 0.491603 0.005077 0.003053
5 0.539289 0.510534 0.002176 0.003664
5 0.605537 0.512519 0.005077 0.002748
5 0.628385 0.542748 0.003385 0.002748
5 0.652684 0.556947 0.004594 0.002443
5 0.676983 0.537099 0.003385 0.004275
5 0.700556 0.553740 0.002660 0.002748
5 0.720503 0.549618 0.005319 0.002443
5 0.852756 0.554962 0.004836 0.002748
5 0.752418 0.431145 0.001934 0.004275
5 0.849492 0.223817 0.003143 0.003664
9 0.643738 0.594198 0.006528 0.004275
5 0.922510 0.767634 0.002660 0.004885
5 0.776838 0.737863 0.001934 0.003969
5 0.826281 0.757863 0.002660 0.006107
5 0.527200 0.924275 0.005077 0.003664
5 0.526354 0.914046 0.001934 0.003969
5 0.357350 0.483511 0.003385 0.002748
5 0.362065 0.483664 0.003627 0.003053
5 0.507012 0.504885 0.001934 0.003359
5 0.781310 0.525496 0.004594 0.001832
12 0.746615 0.201221 0.002901 0.006107
13 0.583051 0.853588 0.003627 0.008855
5 0.732592 0.725038 0.002901 0.004580
5 0.465426 0.514656 0.004836 0.002748
5 0.555609 0.512061 0.003385 0.004885
5 0.583414 0.497405 0.002418 0.004885
5 0.628627 0.539542 0.003868 0.002443
5 0.645914 0.534504 0.003143 0.004580
5 0.714700 0.541832 0.002418 0.003359
5 0.710106 0.550534 0.003385 0.001832
5 0.802345 0.552061 0.005561 0.002443
5 0.835832 0.552672 0.004352 0.001832
5 0.941973 0.566260 0.004836 0.002748
5 0.852635 0.316183 0.002660 0.005191
5 0.553917 0.260305 0.002418 0.003359
4 0.684599 0.739542 0.003627 0.004885
5 0.860131 0.790534 0.001692 0.004885
5 0.529860 0.512519 0.005077 0.003359
5 0.523574 0.480305 0.004110 0.003053
5 0.640716 0.533893 0.002418 0.003969
5 0.662839 0.536489 0.001692 0.004885
5 0.753748 0.551298 0.003627 0.002748
5 0.726789 0.558321 0.003385 0.002137
5 0.665135 0.577863 0.004836 0.002748
5 0.787355 0.433740 0.001209 0.004580
5 0.981383 0.244733 0.004836 0.002748
5 0.731262 0.224122 0.005561 0.003664
5 0.493230 0.480916 0.004352 0.004275
5 0.512331 0.483511 0.003868 0.002748
5 0.516562 0.507786 0.003143 0.006718
5 0.509188 0.504580 0.001934 0.003969
5 0.643496 0.534046 0.002660 0.003053
5 0.688951 0.535878 0.002176 0.003664
5 0.705513 0.553130 0.004352 0.003359
5 0.747945 0.548244 0.004110 0.003359
5 0.780827 0.543969 0.003627 0.002748
5 0.756528 0.556794 0.003868 0.002748
5 0.770309 0.555573 0.003385 0.002748
5 0.904376 0.574198 0.002176 0.005191
5 0.909454 0.454656 0.001692 0.004275
5 0.900508 0.427786 0.002176 0.003664
5 0.760880 0.476183 0.003385 0.002748
5 0.749154 0.392977 0.001692 0.004885
5 0.692577 0.333282 0.004594 0.002748
5 0.977998 0.503664 0.003385 0.002748
5 0.958172 0.099237 0.003385 0.004885
5 0.824831 0.675573 0.005561 0.004580
9 0.732713 0.204733 0.007979 0.002748
