48 0.301298 0.337730 0.010484 0.011203
48 0.284199 0.345681 0.016725 0.013372
11 0.300549 0.370437 0.009486 0.004337
56 0.363954 0.300506 0.026960 0.048066
35 0.355841 0.308095 0.042686 0.015540
57 0.359710 0.354355 0.006490 0.011926
57 0.358712 0.338092 0.004993 0.011926
57 0.361458 0.339357 0.005991 0.013010
48 0.626186 0.571377 0.003744 0.002891
48 0.623939 0.576617 0.007239 0.007589
48 0.619321 0.573365 0.004993 0.003975
48 0.581128 0.591615 0.071892 0.051319
5 0.522092 0.582400 0.004244 0.002530
5 0.521967 0.586014 0.004493 0.001807
5 0.521593 0.592519 0.004743 0.001807
48 0.130055 0.095772 0.028457 0.030358
48 0.211558 0.091254 0.013729 0.009758
48 0.259860 0.091435 0.033949 0.015902
48 0.139041 0.209613 0.007988 0.016625
48 0.207189 0.171847 0.023465 0.016263
48 0.282951 0.117636 0.065652 0.032888
48 0.204443 0.140766 0.041937 0.026382
48 0.200200 0.116914 0.021468 0.007589
48 0.233150 0.172027 0.022966 0.020239
48 0.125811 0.259668 0.023465 0.015540
48 0.305791 0.315323 0.046930 0.040116
48 0.069146 0.249910 0.089366 0.033610
48 0.203070 0.270329 0.013230 0.010842
48 0.227284 0.249729 0.031203 0.031803
48 0.286071 0.176184 0.033949 0.037947
48 0.256865 0.138417 0.042436 0.037586
48 0.259361 0.213589 0.039441 0.045537
48 0.227659 0.224792 0.060409 0.070835
48 0.233150 0.145645 0.017973 0.044091
48 0.188093 0.206722 0.010734 0.044091
48 0.399900 0.275569 0.025961 0.045175
48 0.421992 0.270690 0.024214 0.047705
48 0.445582 0.259125 0.024463 0.056379
48 0.129181 0.291471 0.020719 0.031442
48 0.302297 0.383628 0.010484 0.009758
48 0.267599 0.382002 0.029955 0.039754
48 0.257738 0.411999 0.022217 0.026021
48 0.408887 0.335923 0.039441 0.040838
48 0.406141 0.372606 0.040439 0.041200
48 0.444583 0.333032 0.027459 0.039393
48 0.449576 0.373148 0.028957 0.048066
48 0.468298 0.354174 0.020469 0.084568
48 0.475412 0.292555 0.037194 0.019877
48 0.438093 0.422841 0.070394 0.028912
48 0.504868 0.415251 0.020719 0.025298
48 0.543560 0.411456 0.057664 0.028551
48 0.620944 0.401699 0.072142 0.030719
48 0.630554 0.474521 0.065901 0.056379
48 0.553295 0.488435 0.056665 0.043007
48 0.470045 0.477774 0.032951 0.015902
48 0.088492 0.948862 0.017224 0.011926
48 0.053919 0.947958 0.027459 0.010842
48 0.055542 0.959342 0.024713 0.013372
48 0.113205 0.950307 0.017224 0.012649
48 0.039815 0.874232 0.014728 0.013733
48 0.050674 0.877665 0.017474 0.016263
48 0.091737 0.990242 0.011732 0.014456
48 0.093859 0.977954 0.010984 0.004337
48 0.088867 0.960788 0.012981 0.013372
48 0.116076 0.987712 0.014478 0.009396
48 0.060160 0.982111 0.009486 0.009758
48 0.051423 0.971630 0.019970 0.013372
48 0.091613 0.933683 0.015477 0.019154
48 0.160509 0.977593 0.029456 0.020239
48 0.155267 0.943441 0.017474 0.016263
48 0.145407 0.936574 0.008238 0.008312
48 0.217673 0.958981 0.021967 0.027105
48 0.200449 0.969281 0.011982 0.012288
48 0.197079 0.949584 0.010235 0.008312
48 0.228782 0.575894 0.038692 0.040838
48 0.238517 0.598844 0.012232 0.010119
48 0.247504 0.636249 0.057164 0.063245
48 0.242511 0.683412 0.014728 0.014456
48 0.262981 0.584930 0.027209 0.027828
48 0.280454 0.572461 0.022716 0.023130
48 0.288068 0.631008 0.031453 0.067221
48 0.313155 0.627936 0.029705 0.062523
48 0.337993 0.619805 0.030954 0.059270
48 0.356965 0.677268 0.014478 0.018070
48 0.363829 0.660824 0.038193 0.034333
48 0.354718 0.715576 0.022966 0.019516
48 0.361333 0.741236 0.060160 0.054933
48 0.387544 0.635887 0.039690 0.042284
48 0.432601 0.690098 0.091862 0.092158
48 0.900774 0.370799 0.022716 0.023853
48 0.915751 0.389592 0.026710 0.029635
48 0.928732 0.439646 0.024214 0.025660
48 0.954443 0.433502 0.018722 0.019154
48 0.975537 0.479581 0.018472 0.019516
48 0.975911 0.523853 0.030205 0.028551
48 0.961433 0.493856 0.017723 0.016986
48 0.951323 0.497289 0.013979 0.015902
48 0.945582 0.543368 0.022466 0.019154
48 0.921618 0.537224 0.027958 0.023491
48 0.975287 0.568305 0.015976 0.019154
48 0.897778 0.538670 0.028208 0.029996
48 0.872441 0.562703 0.046930 0.040477
48 0.921243 0.516263 0.022217 0.018432
48 0.697703 0.621431 0.041438 0.036502
48 0.931103 0.617094 0.026460 0.019154
48 0.839366 0.649621 0.040689 0.024937
48 0.861957 0.611493 0.021468 0.021684
48 0.794808 0.644380 0.059910 0.059993
48 0.845607 0.566137 0.015726 0.013372
48 0.822391 0.578966 0.013729 0.011565
48 0.840864 0.574630 0.014728 0.018070
48 0.898402 0.594145 0.022966 0.027467
48 0.783325 0.567221 0.052421 0.043730
48 0.756116 0.587640 0.021468 0.022407
48 0.739641 0.587821 0.016475 0.014817
48 0.052297 0.652512 0.042187 0.039393
48 0.103719 0.687748 0.046181 0.041923
48 0.049051 0.792194 0.015227 0.011565
48 0.049301 0.807734 0.020220 0.016625
48 0.032951 0.807192 0.019471 0.019154
48 0.105841 0.779906 0.017973 0.013010
48 0.106840 0.811167 0.012981 0.011926
48 0.099476 0.836104 0.017723 0.016263
48 0.073889 0.827611 0.014478 0.011565
48 0.068273 0.856343 0.034698 0.027828
48 0.135422 0.813336 0.021218 0.016263
48 0.119321 0.809541 0.012981 0.011565
48 0.478532 0.252620 0.049426 0.056379
48 0.380429 0.442898 0.035946 0.053126
48 0.374688 0.510661 0.072391 0.059270
48 0.334623 0.511203 0.016226 0.026382
48 0.571518 0.545717 0.104593 0.048428
48 0.496131 0.596675 0.048178 0.036140
48 0.431353 0.605349 0.038942 0.033972
48 0.634049 0.638236 0.048927 0.033249
48 0.569271 0.637333 0.073640 0.055295
48 0.559536 0.673112 0.032701 0.029274
48 0.403270 0.773220 0.068647 0.058909
48 0.364329 0.804120 0.028208 0.021684
48 0.634049 0.726599 0.013979 0.014817
48 0.663754 0.702566 0.012981 0.012288
48 0.648902 0.714131 0.014229 0.013733
48 0.618697 0.740875 0.020719 0.022407
48 0.625562 0.732743 0.010984 0.012649
48 0.604219 0.739068 0.010734 0.012288
48 0.467424 0.843151 0.032202 0.026744
48 0.505617 0.839537 0.016226 0.020239
48 0.528707 0.829057 0.034448 0.026021
48 0.494508 0.827250 0.009486 0.007951
48 0.487144 0.857969 0.039191 0.032526
48 0.489266 0.818034 0.007988 0.008312
48 0.494633 0.815323 0.008238 0.007951
48 0.499376 0.813336 0.006241 0.008312
48 0.513854 0.865739 0.009735 0.008312
48 0.524838 0.854897 0.005242 0.004698
48 0.560285 0.788941 0.006740 0.005782
48 0.550175 0.776834 0.012481 0.010481
48 0.559660 0.773039 0.011982 0.012288
48 0.623065 0.797434 0.039940 0.040838
48 0.607339 0.758945 0.032951 0.039754
48 0.586121 0.754789 0.011483 0.011926
48 0.578507 0.757860 0.012731 0.014456
48 0.571018 0.766353 0.012731 0.011203
48 0.669870 0.774124 0.014728 0.015902
48 0.675362 0.785688 0.019221 0.013010
48 0.078632 0.928623 0.010484 0.016263
48 0.103719 0.896097 0.013230 0.013372
48 0.092861 0.902602 0.010484 0.009758
48 0.113205 0.914167 0.012731 0.013372
48 0.154144 0.901518 0.018722 0.013372
48 0.172866 0.920853 0.012232 0.012288
48 0.170369 0.947597 0.022217 0.023130
48 0.054169 0.760390 0.013979 0.007951
48 0.081128 0.580412 0.018972 0.018070
48 0.105966 0.470546 0.037194 0.031803
48 0.062656 0.484460 0.037444 0.016986
48 0.026460 0.489881 0.022966 0.010481
48 0.233150 0.784243 0.027459 0.021684
48 0.213430 0.850922 0.015477 0.012649
48 0.240265 0.865739 0.017224 0.011926
48 0.209561 0.872064 0.016725 0.018070
48 0.225037 0.867546 0.022217 0.029274
48 0.197953 0.844416 0.025961 0.023491
48 0.173864 0.831044 0.034698 0.035779
48 0.242137 0.920853 0.018472 0.030358
48 0.230030 0.912360 0.011233 0.010481
48 0.260734 0.901156 0.020220 0.014095
48 0.320769 0.917781 0.018972 0.016986
48 0.328133 0.947777 0.015726 0.015540
48 0.275587 0.947416 0.016975 0.016263
48 0.318522 0.961330 0.014978 0.015179
48 0.302047 0.951753 0.014478 0.014817
48 0.291812 0.948139 0.012981 0.014817
48 0.333999 0.931695 0.029456 0.020961
48 0.345856 0.979219 0.023714 0.019877
48 0.351223 0.969281 0.018472 0.013010
48 0.398402 0.984098 0.017474 0.009396
48 0.610709 0.968016 0.031203 0.027105
48 0.578757 0.952837 0.027708 0.024937
48 0.625562 0.955728 0.011483 0.009035
48 0.542312 0.927900 0.034698 0.024937
48 0.502995 0.903325 0.027958 0.024937
48 0.443834 0.503795 0.035946 0.036863
48 0.284199 0.437658 0.035197 0.013733
48 0.327259 0.444525 0.021967 0.025298
48 0.494508 0.687026 0.069396 0.062161
48 0.461807 0.804481 0.132801 0.110589
48 0.679730 0.805204 0.016975 0.015902
48 0.701323 0.787315 0.021218 0.025660
48 0.704943 0.745934 0.018472 0.019516
48 0.742012 0.787857 0.024713 0.015902
48 0.762232 0.744308 0.017723 0.012649
48 0.752746 0.710336 0.015726 0.011203
48 0.734149 0.664077 0.017973 0.018432
48 0.727284 0.676364 0.013230 0.017709
48 0.710809 0.670040 0.020220 0.018070
48 0.697953 0.683231 0.018472 0.018432
48 0.724039 0.603722 0.024713 0.029274
48 0.874064 0.640224 0.030704 0.038670
48 0.868198 0.707806 0.105342 0.076256
48 0.752247 0.729310 0.038692 0.024575
48 0.769845 0.763101 0.016975 0.015540
48 0.774463 0.777918 0.018722 0.011926
48 0.754992 0.769967 0.015726 0.018432
48 0.760734 0.824359 0.036695 0.025298
48 0.784074 0.805385 0.019970 0.014095
48 0.787319 0.818757 0.023964 0.018432
48 0.791812 0.830322 0.022466 0.016986
48 0.735397 0.831406 0.020969 0.025660
48 0.721668 0.842609 0.012481 0.016986
48 0.706565 0.860499 0.018722 0.014456
48 0.716301 0.871883 0.015726 0.012649
48 0.624314 0.843874 0.035447 0.033249
48 0.597354 0.872606 0.037943 0.032165
48 0.578757 0.864474 0.041687 0.034695
48 0.240015 0.973618 0.020220 0.019516
48 0.257738 0.950849 0.014728 0.015179
48 0.274713 0.935309 0.013230 0.007951
48 0.247379 0.983918 0.022966 0.017709
48 0.696081 0.938200 0.034698 0.041923
48 0.642287 0.940007 0.034948 0.043368
48 0.737893 0.950126 0.024963 0.030358
48 0.674863 0.900072 0.041188 0.028551
48 0.689091 0.823636 0.015227 0.011565
48 0.749875 0.852187 0.014478 0.017347
48 0.804044 0.950488 0.021967 0.021684
48 0.790315 0.956632 0.015477 0.013010
48 0.843734 0.960788 0.025961 0.020600
48 0.835622 0.760752 0.033699 0.055656
48 0.883300 0.806288 0.033200 0.028912
48 0.799925 0.852548 0.018223 0.010842
48 0.804418 0.865920 0.013729 0.012288
48 0.811033 0.895555 0.020969 0.014456
48 0.809036 0.879834 0.020469 0.019154
48 0.893660 0.916155 0.031453 0.026744
48 0.900774 0.941272 0.015726 0.022768
48 0.910884 0.936212 0.015477 0.016986
48 0.924363 0.926274 0.017474 0.018070
48 0.932102 0.921937 0.013979 0.015902
48 0.931478 0.961149 0.016226 0.010481
48 0.943335 0.958619 0.011982 0.011926
48 0.939091 0.966028 0.008987 0.010842
48 0.968048 0.950849 0.022966 0.024575
48 0.947454 0.913806 0.020220 0.017709
48 0.971168 0.899349 0.018722 0.022768
48 0.988018 0.891941 0.021967 0.018793
48 0.960684 0.875497 0.018223 0.024214
48 0.953445 0.886339 0.010235 0.009758
48 0.926485 0.897904 0.015726 0.017709
48 0.936845 0.890676 0.014478 0.014817
48 0.994633 0.937658 0.010734 0.018432
48 0.975037 0.675461 0.031952 0.029635
48 0.971543 0.651247 0.035946 0.025298
48 0.964304 0.595952 0.035447 0.035417
48 0.811283 0.249729 0.031453 0.023130
48 0.268098 0.550416 0.044933 0.047705
48 0.296430 0.552584 0.029206 0.075894
48 0.248627 0.430249 0.016975 0.022046
48 0.235147 0.468197 0.018472 0.024937
48 0.696580 0.730575 0.010734 0.009758
48 0.665751 0.711059 0.008487 0.008312
48 0.694084 0.713047 0.033200 0.041200
56 0.880554 0.311709 0.159011 0.050958
56 0.919870 0.372425 0.021967 0.019877
48 0.372691 0.604987 0.033949 0.025298
48 0.099601 0.864474 0.032951 0.033972
48 0.086495 0.889050 0.023714 0.028912
53 0.105716 0.567402 0.034199 0.067221
9 0.087619 0.496928 0.007988 0.017347
9 0.080255 0.497832 0.007239 0.016986
9 0.074638 0.497832 0.007988 0.016263
9 0.100724 0.491326 0.007239 0.010481
9 0.131428 0.589266 0.005242 0.008312
53 0.085247 0.620528 0.069646 0.060716
5 0.072142 0.684315 0.005492 0.003975
5 0.024089 0.689917 0.009236 0.009396
5 0.112831 0.754246 0.006990 0.005060
10 0.093235 0.709071 0.017224 0.014456
5 0.102846 0.698591 0.004493 0.005060
9 0.166375 0.769064 0.011233 0.005782
5 0.221293 0.792194 0.005741 0.004337
5 0.223415 0.767980 0.006490 0.005060
9 0.210185 0.769425 0.006990 0.007228
5 0.214928 0.766534 0.003994 0.002891
5 0.213679 0.768883 0.003994 0.003975
48 0.216550 0.761113 0.018722 0.014456
48 0.254493 0.877123 0.016725 0.012288
5 0.324888 0.904590 0.004743 0.003614
9 0.339865 0.911818 0.008737 0.007228
10 0.395157 0.926274 0.018472 0.014456
5 0.379805 0.970184 0.004743 0.005421
5 0.383425 0.965125 0.004493 0.004698
5 0.387169 0.960969 0.005991 0.005060
5 0.369571 0.975605 0.004244 0.003975
5 0.366201 0.961330 0.005492 0.003614
48 0.432351 0.962053 0.013480 0.010119
5 0.455067 0.960607 0.007988 0.005782
9 0.107214 0.738706 0.007738 0.005782
5 0.474788 0.958981 0.005991 0.005421
10 0.341363 0.766896 0.011233 0.013010
48 0.577509 0.921034 0.011732 0.013372
48 0.582127 0.904770 0.014978 0.014095
48 0.610834 0.937116 0.016475 0.015179
48 0.608962 0.921937 0.027209 0.032526
5 0.700574 0.894109 0.005242 0.005782
48 0.706690 0.898085 0.030954 0.040477
5 0.862581 0.775208 0.003744 0.005060
5 0.876186 0.788038 0.006990 0.005421
5 0.750125 0.801771 0.003495 0.005421
53 0.946705 0.736176 0.028208 0.041923
53 0.866325 0.671847 0.051672 0.023130
48 0.682227 0.416697 0.015477 0.012288
48 0.677733 0.407481 0.011982 0.010481
9 0.694458 0.413263 0.005492 0.007589
48 0.440589 0.455909 0.078882 0.031442
48 0.438717 0.481026 0.032202 0.013733
57 0.236146 0.486809 0.013979 0.007951
57 0.235022 0.498554 0.012232 0.009758
38 0.972292 0.387965 0.015976 0.024214
10 0.245507 0.503975 0.012232 0.004698
10 0.246380 0.498916 0.011483 0.006144
10 0.247254 0.490423 0.012731 0.007951
5 0.244633 0.456090 0.005492 0.005060
53 0.524089 0.649259 0.038692 0.039393
11 0.020469 0.045356 0.016975 0.005421
5 0.171118 0.147091 0.001747 0.004337
48 0.144533 0.160282 0.006490 0.007589
48 0.143784 0.176545 0.006990 0.007589
48 0.129181 0.162631 0.023215 0.060716
48 0.122691 0.135707 0.012232 0.051681
5 0.103969 0.174377 0.002247 0.005421
5 0.101348 0.175461 0.001997 0.003975
5 0.123190 0.195519 0.002247 0.004337
9 0.127309 0.197326 0.002496 0.004337
5 0.131053 0.208890 0.004993 0.002168
13 0.111083 0.285508 0.006490 0.012288
13 0.110834 0.297073 0.005991 0.011565
13 0.110959 0.308818 0.006241 0.011203
48 0.091987 0.283159 0.009236 0.006144
11 0.181727 0.313878 0.015477 0.012649
48 0.186970 0.241236 0.009985 0.023491
9 0.193959 0.241055 0.004993 0.009396
5 0.247254 0.166064 0.004244 0.001807
5 0.247254 0.168956 0.004244 0.001807
11 0.271593 0.171305 0.013979 0.015179
10 0.261608 0.182870 0.007988 0.008674
13 0.256241 0.189194 0.009735 0.009758
19 0.885297 0.185219 0.014728 0.012649
19 0.895906 0.194977 0.013979 0.013372
19 0.906141 0.204373 0.013979 0.012649
19 0.916750 0.215034 0.014229 0.013010
19 0.936970 0.234189 0.013729 0.010842
18 0.877933 0.149801 0.014978 0.014817
18 0.926610 0.224973 0.013480 0.011926
19 0.947329 0.243404 0.012981 0.011926
21 0.957314 0.253162 0.010984 0.009035
21 0.965676 0.260752 0.010235 0.008312
19 0.977908 0.271413 0.015227 0.012288
5 0.801048 0.387965 0.002996 0.003975
9 0.806790 0.393025 0.003994 0.006144
9 0.809161 0.392302 0.004244 0.006144
9 0.800799 0.402783 0.004993 0.003975
5 0.823140 0.410734 0.004244 0.003253
9 0.826510 0.411276 0.006490 0.006505
9 0.830130 0.413444 0.007239 0.005782
9 0.831503 0.417420 0.005991 0.005782
9 0.742636 0.478677 0.005492 0.005421
6 0.781078 0.460607 0.003994 0.003253
48 0.758238 0.433502 0.105592 0.097940
11 0.714803 0.496928 0.015726 0.010842
11 0.731902 0.492411 0.016975 0.008312
9 0.727659 0.498554 0.009486 0.008312
53 0.806041 0.396278 0.019471 0.020600
53 0.822142 0.411095 0.025711 0.022768
9 0.720170 0.508674 0.006490 0.005421
9 0.812781 0.533430 0.005991 0.005782
9 0.819521 0.529816 0.005492 0.006505
9 0.823640 0.529274 0.006740 0.006867
9 0.826885 0.523310 0.006740 0.007228
9 0.830130 0.522588 0.004244 0.005060
11 0.854468 0.529454 0.016475 0.010842
9 0.844483 0.533791 0.005991 0.007228
9 0.842736 0.536140 0.004493 0.005421
9 0.837743 0.538851 0.005991 0.006505
53 0.834623 0.525117 0.050674 0.036863
5 0.724413 0.573726 0.003495 0.005421
5 0.801548 0.567944 0.003994 0.003975
5 0.793435 0.573726 0.004244 0.004698
5 0.790814 0.574449 0.003495 0.003975
5 0.789566 0.576617 0.003495 0.003975
5 0.787069 0.578244 0.003495 0.003614
9 0.784448 0.581316 0.004743 0.003975
5 0.780829 0.582761 0.003495 0.003253
5 0.772716 0.589086 0.003245 0.003614
53 0.791313 0.577702 0.027459 0.024214
48 0.677234 0.609686 0.015976 0.013010
9 0.689341 0.603000 0.005741 0.006867
9 0.735022 0.615829 0.004743 0.005060
5 0.831378 0.574991 0.004244 0.004337
12 0.810659 0.601554 0.006241 0.005421
5 0.798427 0.607698 0.003744 0.003253
11 0.783824 0.621793 0.007489 0.005421
11 0.804793 0.611312 0.017474 0.011926
5 0.803794 0.608240 0.003994 0.002891
11 0.835871 0.605168 0.014728 0.006867
48 0.853470 0.584207 0.013979 0.017709
9 0.877059 0.592519 0.007738 0.004698
12 0.890789 0.608601 0.006740 0.005782
12 0.922616 0.558909 0.006490 0.005421
12 0.915127 0.563968 0.007489 0.006144
12 0.913630 0.561438 0.007489 0.006144
12 0.922866 0.567944 0.007988 0.007589
5 0.932351 0.577159 0.004993 0.004337
5 0.931727 0.583484 0.006241 0.002530
12 0.945582 0.593242 0.013979 0.009035
12 0.945457 0.613480 0.008238 0.014817
9 0.934099 0.598482 0.005492 0.009396
5 0.930230 0.597398 0.003744 0.005060
5 0.928982 0.600470 0.003245 0.004698
5 0.926610 0.603361 0.003495 0.003975
5 0.905891 0.581496 0.004993 0.003614
53 0.922741 0.573907 0.028208 0.034695
53 0.932351 0.600470 0.019471 0.013372
11 0.964179 0.612396 0.011233 0.010481
5 0.986395 0.616552 0.003744 0.004337
9 0.984398 0.631189 0.006241 0.007589
6 0.963430 0.631189 0.011732 0.009035
5 0.954319 0.636791 0.004993 0.003614
12 0.940090 0.633538 0.015477 0.009396
12 0.941588 0.637333 0.015477 0.009035
13 0.934723 0.630647 0.013230 0.007228
53 0.964553 0.611854 0.021468 0.018793
5 0.896156 0.630828 0.003495 0.003975
5 0.893535 0.632093 0.003744 0.004337
5 0.891038 0.632815 0.003245 0.005060
5 0.885297 0.637152 0.002746 0.005060
5 0.893160 0.637514 0.003994 0.005060
5 0.892037 0.641489 0.003744 0.005060
5 0.895532 0.642031 0.003245 0.004698
53 0.892162 0.636971 0.017973 0.017709
5 0.872317 0.610770 0.002746 0.004337
5 0.873814 0.615649 0.003245 0.004698
11 0.947204 0.655042 0.012731 0.016263
5 0.847229 0.672570 0.002996 0.003614
5 0.850225 0.672027 0.001997 0.003975
5 0.855467 0.670040 0.002496 0.004337
5 0.863080 0.667149 0.002746 0.003614
9 0.868322 0.666426 0.003744 0.005060
9 0.871443 0.665884 0.002996 0.003975
9 0.873814 0.664980 0.003245 0.004337
9 0.887044 0.663715 0.009735 0.006144
9 0.855592 0.678894 0.008737 0.004698
5 0.764478 0.608240 0.005242 0.002891
11 0.931977 0.703289 0.009735 0.015902
13 0.925112 0.703831 0.010484 0.013372
13 0.938218 0.708348 0.009735 0.013010
9 0.938093 0.724069 0.005991 0.008312
5 0.905392 0.675280 0.004493 0.005421
5 0.902022 0.677268 0.003245 0.005060
9 0.941213 0.722443 0.004244 0.005782
9 0.948203 0.731478 0.005741 0.006505
9 0.950699 0.737983 0.004244 0.005782
9 0.952446 0.741055 0.004743 0.006144
5 0.968422 0.728406 0.003245 0.005421
9 0.948827 0.749910 0.003994 0.006505
48 0.907264 0.796531 0.016226 0.012288
48 0.908138 0.811167 0.010484 0.008312
48 0.899276 0.814781 0.009236 0.006867
48 0.892287 0.818215 0.010235 0.010119
48 0.904643 0.827069 0.013979 0.017709
48 0.885671 0.828334 0.008987 0.007951
48 0.913879 0.820925 0.006990 0.008312
48 0.917873 0.826708 0.010984 0.007589
48 0.879556 0.831587 0.007738 0.005782
48 0.887544 0.833755 0.009735 0.007228
48 0.887544 0.840802 0.011233 0.011203
48 0.932601 0.795808 0.009486 0.012288
48 0.952072 0.810264 0.010984 0.013733
48 0.861583 0.807915 0.018722 0.016986
5 0.860210 0.796711 0.003495 0.003975
48 0.850849 0.796350 0.014728 0.016986
48 0.870819 0.826165 0.014229 0.013010
48 0.875686 0.846946 0.013979 0.009758
10 0.960434 0.841887 0.003245 0.006144
48 0.949576 0.846223 0.008987 0.016263
48 0.912257 0.859053 0.061158 0.044814
5 0.874314 0.877665 0.002746 0.003975
48 0.839116 0.822190 0.038193 0.044814
48 0.845856 0.849115 0.025711 0.022046
48 0.857464 0.876581 0.031453 0.040116
48 0.856340 0.900795 0.009735 0.007589
48 0.991388 0.855981 0.017224 0.021323
48 0.996131 0.842790 0.007738 0.008674
48 0.914129 0.895193 0.008487 0.010119
48 0.953819 0.930069 0.007489 0.008312
48 0.909136 0.896097 0.007489 0.007589
48 0.908887 0.907662 0.015976 0.015540
48 0.936096 0.940007 0.006990 0.007951
48 0.924363 0.944886 0.008987 0.009758
48 0.950075 0.966390 0.008487 0.008674
48 0.980654 0.971269 0.021717 0.019154
9 0.870944 0.957535 0.004493 0.004698
5 0.880679 0.971991 0.004493 0.004698
48 0.853969 0.975063 0.023964 0.018793
6 0.758737 0.969281 0.004743 0.005060
5 0.714179 0.943983 0.002496 0.004337
5 0.703944 0.953379 0.004493 0.004337
11 0.715552 0.954102 0.004743 0.006505
9 0.711058 0.953560 0.004743 0.004698
48 0.651023 0.919769 0.008987 0.007228
48 0.654019 0.923383 0.008487 0.007951
48 0.656765 0.926997 0.007988 0.007228
48 0.664753 0.930611 0.006990 0.008674
48 0.659511 0.932779 0.007489 0.005782
9 0.679980 0.949223 0.007988 0.006867
12 0.686720 0.975063 0.005991 0.007228
5 0.674239 0.980304 0.006490 0.003253
48 0.644034 0.974702 0.009985 0.008674
48 0.602346 0.952295 0.017973 0.013010
48 0.415751 0.972172 0.039690 0.028189
48 0.403769 0.970004 0.020220 0.015902
48 0.388293 0.972533 0.011233 0.010119
48 0.377059 0.949223 0.011732 0.009758
48 0.366325 0.947055 0.018722 0.016986
48 0.359586 0.942537 0.011732 0.013010
48 0.358837 0.956090 0.014728 0.011926
48 0.368198 0.961330 0.015976 0.009396
48 0.355342 0.962595 0.011732 0.009035
48 0.287943 0.960788 0.007239 0.007589
48 0.278582 0.958439 0.006990 0.005782
48 0.260235 0.988616 0.008238 0.007589
48 0.207064 0.977774 0.018223 0.017709
48 0.225911 0.976147 0.014478 0.014456
48 0.216925 0.984460 0.012981 0.014456
48 0.226910 0.989700 0.013979 0.016986
48 0.188592 0.966390 0.017723 0.025298
5 0.144284 0.955728 0.004493 0.003975
5 0.137918 0.944344 0.004244 0.002891
5 0.141413 0.946693 0.004244 0.002530
5 0.123190 0.937658 0.004743 0.003253
48 0.114578 0.958800 0.008487 0.005782
48 0.124438 0.949404 0.009236 0.006505
48 0.126311 0.960065 0.014978 0.016986
48 0.121193 0.967835 0.008737 0.014456
48 0.121193 0.978677 0.009735 0.008674
48 0.128432 0.977051 0.011233 0.017709
48 0.136670 0.961330 0.004743 0.006505
48 0.136296 0.968377 0.005492 0.005421
48 0.144658 0.980846 0.020719 0.010119
48 0.147029 0.986267 0.011982 0.005782
48 0.148278 0.966751 0.008987 0.007951
5 0.100724 0.956812 0.002746 0.004698
5 0.101348 0.963860 0.002496 0.003614
48 0.103844 0.988977 0.007988 0.006144
48 0.069895 0.935128 0.006490 0.009035
5 0.075886 0.912179 0.003994 0.002891
5 0.064653 0.905313 0.003994 0.002891
48 0.097354 0.908927 0.009985 0.011565
48 0.130679 0.929165 0.017723 0.013733
48 0.133799 0.912902 0.008487 0.009396
48 0.151772 0.931334 0.010484 0.010842
48 0.113080 0.884171 0.003994 0.005421
48 0.080629 0.839537 0.010984 0.009396
48 0.070020 0.893386 0.007738 0.010842
48 0.028582 0.838273 0.008737 0.017709
48 0.060160 0.760029 0.052921 0.050596
5 0.058412 0.639682 0.003994 0.003614
6 0.027833 0.610589 0.005741 0.003975
9 0.024713 0.620166 0.003495 0.005782
13 0.049551 0.624503 0.012232 0.008674
5 0.050424 0.619082 0.003994 0.004337
5 0.052546 0.619986 0.003744 0.004698
13 0.046430 0.602458 0.007489 0.008674
5 0.052297 0.604626 0.005242 0.003614
5 0.054044 0.608782 0.003744 0.004698
5 0.057164 0.595410 0.003495 0.004698
5 0.058787 0.598121 0.003245 0.004337
5 0.065402 0.604084 0.003495 0.004698
5 0.067773 0.605168 0.002746 0.003975
5 0.066026 0.609686 0.004743 0.002891
5 0.057039 0.615649 0.002746 0.003975
12 0.065901 0.622154 0.010484 0.015540
12 0.068647 0.623600 0.010984 0.015540
12 0.072267 0.624864 0.009735 0.015902
12 0.086370 0.633538 0.009985 0.015179
11 0.104219 0.622335 0.015726 0.010842
12 0.109086 0.619624 0.016475 0.008312
12 0.090989 0.639682 0.007738 0.012288
5 0.091862 0.645103 0.002996 0.005060
5 0.103969 0.639140 0.003744 0.003975
5 0.101847 0.643296 0.004493 0.004337
5 0.100599 0.645464 0.003994 0.004337
12 0.107963 0.629021 0.015227 0.009758
12 0.145657 0.595772 0.015726 0.003975
11 0.140539 0.614384 0.015477 0.005782
11 0.145032 0.618179 0.016975 0.006144
12 0.135796 0.585833 0.003994 0.015902
11 0.146031 0.630105 0.014978 0.003253
12 0.091613 0.526563 0.008487 0.007951
12 0.103969 0.529454 0.009236 0.004337
12 0.105841 0.533249 0.008987 0.003975
12 0.100100 0.535779 0.006990 0.004698
12 0.108837 0.544272 0.009486 0.015179
12 0.113954 0.551138 0.007738 0.015179
12 0.116201 0.568847 0.008238 0.015902
12 0.111083 0.570112 0.006990 0.014817
12 0.092486 0.584568 0.009735 0.014817
12 0.095731 0.585472 0.008737 0.015179
12 0.098228 0.587459 0.005741 0.011926
11 0.101722 0.586917 0.009735 0.019516
11 0.106340 0.585652 0.009486 0.016263
12 0.110709 0.584568 0.008238 0.014817
12 0.115452 0.587640 0.004743 0.005782
12 0.069146 0.577521 0.009486 0.014456
5 0.058288 0.560716 0.004743 0.003253
5 0.056915 0.562703 0.004993 0.003614
5 0.056291 0.565052 0.004244 0.003253
5 0.055417 0.567582 0.003994 0.002530
11 0.036321 0.554752 0.008737 0.015902
12 0.039316 0.556921 0.008238 0.014456
12 0.042062 0.559631 0.007738 0.015540
13 0.044933 0.559812 0.008487 0.013733
48 0.072766 0.549693 0.059661 0.052765
12 0.055292 0.496386 0.017723 0.006867
13 0.028957 0.497832 0.003994 0.007589
48 0.127434 0.465305 0.004244 0.004698
48 0.127683 0.470365 0.002746 0.006144
12 0.249626 0.480123 0.016475 0.008312
12 0.250874 0.468197 0.008487 0.005421
12 0.320270 0.437658 0.010484 0.015179
12 0.288692 0.372064 0.004743 0.006144
38 0.345232 0.363390 0.015477 0.009758
8 0.177858 0.638778 0.003245 0.006867
8 0.247753 0.668775 0.005242 0.006867
8 0.258238 0.663354 0.003245 0.004698
5 0.237394 0.604626 0.005991 0.002891
5 0.301548 0.700578 0.004493 0.003975
5 0.303919 0.703108 0.003744 0.003253
5 0.304918 0.706903 0.004244 0.003614
5 0.306790 0.709252 0.004493 0.003253
5 0.307913 0.712143 0.004743 0.003253
9 0.380429 0.689736 0.009985 0.004698
48 0.326510 0.684496 0.088867 0.068666
48 0.292686 0.732562 0.082127 0.124322
11 0.264478 0.738164 0.010734 0.014817
48 0.439591 0.561258 0.102846 0.049874
5 0.311283 0.717203 0.004993 0.003975
5 0.319396 0.727683 0.004743 0.003253
5 0.284698 0.686303 0.004244 0.005060
5 0.267599 0.621793 0.003495 0.004698
9 0.292936 0.610408 0.007738 0.003614
9 0.292436 0.607156 0.008238 0.005060
5 0.523340 0.746838 0.005242 0.003253
5 0.485022 0.720997 0.003994 0.004337
5 0.493260 0.723889 0.003495 0.004337
5 0.512356 0.700759 0.004244 0.004337
9 0.518348 0.698410 0.008238 0.009758
5 0.520095 0.694796 0.004743 0.004698
5 0.522217 0.691724 0.003495 0.003614
9 0.523465 0.722443 0.011483 0.007228
5 0.512232 0.646007 0.004493 0.003253
5 0.513105 0.648717 0.004743 0.003614
5 0.514728 0.650524 0.004493 0.003614
5 0.516600 0.653596 0.004743 0.003975
48 0.567649 0.703469 0.083375 0.065414
48 0.593984 0.673292 0.027708 0.026021
5 0.619446 0.717383 0.003744 0.003614
5 0.622691 0.713769 0.004743 0.003614
48 0.787444 0.495663 0.172491 0.136249
48 0.872816 0.921395 0.016725 0.016986
52 0.665252 0.914167 0.096355 0.129021
5 0.501373 0.869353 0.006740 0.004698
48 0.989016 0.658113 0.021967 0.036863
48 0.975911 0.703831 0.048178 0.026382
48 0.996131 0.731297 0.007738 0.011926
48 0.987269 0.773762 0.025462 0.033972
48 0.998128 0.922118 0.003744 0.013372
19 0.856590 0.158294 0.012232 0.010842
19 0.865701 0.166787 0.013480 0.011926
19 0.875437 0.176364 0.012981 0.011565
48 0.360584 0.817492 0.009236 0.007951
48 0.350225 0.811348 0.015477 0.013733
48 0.329880 0.794904 0.010235 0.009758
5 0.286820 0.656668 0.002996 0.005782
5 0.323640 0.551319 0.005741 0.003253
48 0.236395 0.531081 0.027958 0.016263
5 0.229780 0.550777 0.003245 0.006505
5 0.226535 0.551138 0.003245 0.005060
48 0.241138 0.266715 0.040939 0.041200
48 0.236271 0.120708 0.020719 0.011565
48 0.838742 0.277918 0.018972 0.026021
48 0.948952 0.490061 0.012232 0.011565
48 0.957813 0.484098 0.012481 0.010481
48 0.965427 0.488435 0.011233 0.010481
48 0.926860 0.650163 0.022966 0.026744
48 0.904643 0.743224 0.106340 0.062523
48 0.852471 0.661185 0.021967 0.010481
48 0.795681 0.891399 0.016725 0.019877
48 0.677983 0.634080 0.027459 0.034333
48 0.740764 0.566137 0.026211 0.027828
48 0.463430 0.511926 0.024713 0.024937
8 0.461308 0.489519 0.006490 0.005421
9 0.446206 0.405855 0.006740 0.005060
5 0.481028 0.389411 0.004993 0.002530
5 0.481153 0.386520 0.004743 0.003253
5 0.481153 0.383809 0.005242 0.002891
9 0.439965 0.398807 0.006740 0.004698
48 0.333999 0.689375 0.073889 0.056740
44 0.704319 0.903325 0.005741 0.006867
44 0.713180 0.917058 0.006490 0.006867
44 0.704069 0.919227 0.005741 0.007589
44 0.707813 0.927720 0.005242 0.006505
44 0.712931 0.935851 0.004993 0.007589
5 0.779581 0.601915 0.003994 0.003253
5 0.758487 0.799422 0.002746 0.005060
5 0.803045 0.835381 0.004493 0.001807
48 0.992511 0.584207 0.014978 0.017709
19 0.721418 0.412902 0.013979 0.009035
5 0.138792 0.564872 0.003994 0.002891
5 0.135047 0.569931 0.003994 0.004337
9 0.138293 0.609686 0.020469 0.008674
9 0.145657 0.623238 0.017224 0.004698
9 0.091488 0.694073 0.007738 0.005421
9 0.091987 0.702024 0.006241 0.004698
9 0.098477 0.737080 0.006241 0.004698
5 0.193709 0.796892 0.004493 0.003614
5 0.214428 0.778822 0.004493 0.003614
5 0.267224 0.881460 0.005242 0.003614
5 0.377184 0.910192 0.004993 0.003975
5 0.422741 0.936574 0.004743 0.003975
5 0.401772 0.940549 0.006241 0.005421
5 0.329506 0.814239 0.003994 0.004337
5 0.826760 0.781532 0.005492 0.003253
9 0.885796 0.767257 0.012731 0.007228
6 0.904393 0.697687 0.007489 0.004698
42 0.657514 0.848392 0.008487 0.004698
