5 0.728568 0.631741 0.004999 0.006877
5 0.735441 0.630474 0.005249 0.005067
48 0.808923 0.649294 0.032242 0.026059
48 0.695826 0.571842 0.021995 0.036193
48 0.809673 0.598263 0.029243 0.042707
48 0.853662 0.605139 0.062234 0.055013
48 0.846788 0.551755 0.045489 0.024973
48 0.849288 0.573471 0.034491 0.030040
48 0.817296 0.529497 0.018495 0.023163
48 0.812422 0.569490 0.021745 0.018458
48 0.814296 0.553022 0.022994 0.017372
48 0.881155 0.562251 0.020745 0.015563
5 0.873532 0.576185 0.002999 0.005067
5 0.876531 0.577090 0.003999 0.005429
5 0.841165 0.512486 0.002249 0.005067
5 0.843289 0.514477 0.002999 0.004705
5 0.804174 0.524611 0.002749 0.004705
48 0.822669 0.509048 0.031242 0.027868
48 0.718320 0.601882 0.070482 0.027506
48 0.663084 0.515744 0.037991 0.031126
5 0.682329 0.535831 0.004999 0.003257
5 0.681955 0.538183 0.005249 0.002895
5 0.683079 0.526601 0.004499 0.005067
5 0.685953 0.509048 0.005749 0.005429
5 0.685579 0.511763 0.004999 0.003619
48 0.563734 0.570756 0.023244 0.049946
48 0.599600 0.573652 0.023494 0.046326
5 0.554236 0.528230 0.003249 0.004705
5 0.562359 0.526782 0.002999 0.004705
5 0.558985 0.513029 0.003249 0.004705
5 0.587728 0.532030 0.003249 0.005791
5 0.563609 0.503257 0.004499 0.004705
5 0.570357 0.496562 0.003499 0.005791
5 0.556486 0.521535 0.002749 0.005791
5 0.567733 0.490590 0.003249 0.004705
5 0.578855 0.491314 0.002999 0.005429
5 0.626593 0.497647 0.002999 0.005067
5 0.549113 0.549222 0.003499 0.005429
48 0.525619 0.566956 0.034491 0.051031
5 0.519245 0.498371 0.002749 0.005791
5 0.518495 0.504524 0.003249 0.005067
5 0.518120 0.510496 0.002499 0.003981
5 0.519995 0.484075 0.002249 0.005429
5 0.520995 0.478827 0.002749 0.005791
5 0.519870 0.488780 0.002999 0.004705
48 0.531617 0.483351 0.017496 0.017734
5 0.527243 0.459464 0.002749 0.005429
5 0.522494 0.465436 0.002749 0.005067
5 0.521870 0.471770 0.002499 0.004705
5 0.526493 0.466160 0.003249 0.005067
5 0.527118 0.442635 0.004499 0.002895
5 0.527368 0.445530 0.004499 0.002895
5 0.527368 0.450054 0.004999 0.002533
5 0.527493 0.447883 0.005249 0.003257
5 0.517246 0.440644 0.004749 0.002533
5 0.527618 0.453855 0.003499 0.005067
48 0.529493 0.501810 0.018245 0.023525
48 0.487378 0.514115 0.020995 0.017010
48 0.504374 0.517372 0.017996 0.018458
48 0.469883 0.514477 0.016996 0.017734
48 0.504749 0.532211 0.019745 0.017010
48 0.524869 0.525878 0.016996 0.029678
48 0.467258 0.528049 0.017746 0.013753
48 0.501000 0.544879 0.017246 0.013391
48 0.491377 0.568404 0.034991 0.035831
48 0.540115 0.528411 0.018995 0.030402
48 0.391527 0.515201 0.038740 0.023525
48 0.397526 0.501448 0.041240 0.022077
48 0.434141 0.487514 0.022494 0.027506
48 0.448888 0.508324 0.024994 0.016287
48 0.421645 0.518458 0.021495 0.020630
48 0.426643 0.461817 0.048488 0.031126
48 0.402399 0.469417 0.043989 0.053565
48 0.465009 0.461093 0.037241 0.021716
48 0.504624 0.408252 0.041490 0.041983
48 0.516746 0.365907 0.036241 0.047774
48 0.459760 0.403547 0.052237 0.053565
48 0.413397 0.398661 0.043489 0.051031
48 0.467508 0.346363 0.063234 0.025335
48 0.415646 0.352515 0.044989 0.044879
5 0.377656 0.402099 0.003499 0.005067
5 0.377156 0.408071 0.003999 0.005429
48 0.362659 0.266377 0.040490 0.044155
48 0.444639 0.292798 0.047988 0.041983
48 0.471382 0.282845 0.026993 0.023525
48 0.496251 0.289902 0.051237 0.053565
48 0.236691 0.248100 0.092977 0.095186
48 0.443014 0.226203 0.067233 0.072385
48 0.602099 0.366088 0.037491 0.059718
48 0.585979 0.408433 0.027743 0.042345
5 0.436766 0.314332 0.005749 0.002533
5 0.424394 0.313789 0.003499 0.002172
5 0.430267 0.313970 0.004749 0.003981
5 0.460385 0.322295 0.002999 0.003981
5 0.452262 0.322114 0.004749 0.005791
5 0.448513 0.322114 0.005249 0.005791
5 0.436891 0.320847 0.003999 0.004705
5 0.439640 0.320666 0.003999 0.005067
5 0.443264 0.321209 0.004749 0.004705
5 0.399400 0.316504 0.003499 0.005429
5 0.400775 0.310351 0.003749 0.004705
5 0.410522 0.322295 0.005249 0.003257
5 0.396026 0.318856 0.005249 0.002895
5 0.410647 0.318313 0.005499 0.003257
5 0.415896 0.318313 0.004999 0.005429
5 0.476256 0.324466 0.004249 0.004705
5 0.479880 0.324647 0.004499 0.005791
5 0.483129 0.324466 0.003499 0.005429
5 0.489503 0.330076 0.004249 0.004343
5 0.486253 0.329895 0.003749 0.004705
5 0.482379 0.329533 0.003999 0.005429
5 0.478880 0.329714 0.004499 0.005791
5 0.473757 0.327904 0.004249 0.005791
5 0.470257 0.328447 0.003749 0.004705
5 0.464259 0.327904 0.004249 0.005067
5 0.461385 0.327724 0.003999 0.003981
5 0.458010 0.327362 0.004249 0.004705
5 0.455011 0.327181 0.003749 0.005067
5 0.450512 0.327181 0.004249 0.004343
5 0.448513 0.326457 0.003749 0.005067
5 0.445764 0.326095 0.004749 0.004343
5 0.442514 0.325914 0.004249 0.003981
5 0.440015 0.325733 0.004749 0.005067
5 0.436391 0.325371 0.004999 0.005791
5 0.430392 0.324647 0.003999 0.005067
5 0.424769 0.323923 0.004249 0.004343
5 0.421395 0.323742 0.004499 0.004705
5 0.414646 0.323199 0.004999 0.005791
5 0.418270 0.323380 0.004749 0.005429
5 0.498250 0.329533 0.005249 0.003981
5 0.394901 0.329714 0.005499 0.003619
5 0.388528 0.354687 0.003749 0.005791
53 0.664959 0.338943 0.029243 0.050308
48 0.735441 0.293341 0.060235 0.040898
48 0.780555 0.283207 0.052987 0.042345
48 0.598225 0.317771 0.065234 0.041260
48 0.619220 0.273254 0.039240 0.036193
5 0.660085 0.325552 0.005999 0.003257
5 0.660335 0.323018 0.005999 0.003257
5 0.658960 0.328266 0.004749 0.002895
5 0.658210 0.330800 0.005249 0.002895
5 0.657461 0.333333 0.005249 0.002895
5 0.655961 0.338219 0.004749 0.003257
5 0.656836 0.336229 0.004499 0.002895
5 0.657211 0.340753 0.006748 0.002533
5 0.669083 0.326819 0.005999 0.002895
5 0.669458 0.339305 0.004249 0.002533
5 0.669583 0.324285 0.005499 0.003619
5 0.670207 0.322114 0.005249 0.003619
5 0.658210 0.343105 0.006248 0.002895
5 0.659710 0.345277 0.004749 0.002895
5 0.661585 0.347267 0.004999 0.003257
5 0.668958 0.328990 0.004749 0.002895
5 0.673832 0.329714 0.004499 0.002895
5 0.675081 0.324647 0.004499 0.002895
5 0.669083 0.331886 0.004999 0.002895
5 0.668708 0.334419 0.004749 0.002895
5 0.674206 0.332609 0.004749 0.002895
5 0.673832 0.334962 0.005499 0.002533
5 0.668833 0.337134 0.004999 0.002533
5 0.674331 0.337315 0.004999 0.002895
5 0.674581 0.339667 0.005499 0.003257
5 0.669708 0.341839 0.005249 0.003257
5 0.674581 0.342201 0.004999 0.002533
5 0.669083 0.344553 0.005999 0.002895
5 0.674082 0.344734 0.005999 0.002533
5 0.669583 0.346725 0.004499 0.002172
5 0.674831 0.346906 0.004999 0.002533
5 0.670457 0.350706 0.002749 0.005067
5 0.674581 0.349258 0.005499 0.002172
5 0.674581 0.351792 0.004999 0.002172
5 0.660710 0.319942 0.005249 0.003619
5 0.670332 0.319580 0.004999 0.002895
5 0.671957 0.317228 0.005249 0.003257
5 0.662584 0.349801 0.005499 0.003257
5 0.674706 0.354144 0.005249 0.002533
5 0.674331 0.356678 0.004999 0.002533
5 0.674581 0.359030 0.005499 0.002895
5 0.663709 0.352877 0.005249 0.002895
5 0.666208 0.356678 0.004749 0.004705
5 0.654836 0.350525 0.003999 0.004705
5 0.657086 0.354506 0.003999 0.005429
5 0.660960 0.357401 0.004249 0.004705
5 0.660210 0.360478 0.004249 0.005067
5 0.683704 0.355592 0.004249 0.003257
5 0.683704 0.353239 0.004249 0.002895
5 0.682829 0.358306 0.004499 0.002895
5 0.671832 0.368983 0.003499 0.004705
5 0.673957 0.368078 0.004249 0.005791
5 0.652337 0.346363 0.004499 0.005067
5 0.635341 0.354325 0.003999 0.005067
5 0.633217 0.359030 0.003749 0.003619
5 0.640090 0.352696 0.004999 0.003257
5 0.649713 0.358668 0.002749 0.005067
5 0.648838 0.364278 0.002999 0.004705
5 0.682579 0.363373 0.004499 0.002895
5 0.645963 0.353420 0.004749 0.003257
5 0.626593 0.335686 0.003499 0.006153
5 0.629593 0.336229 0.004499 0.005791
5 0.646838 0.300579 0.003499 0.004705
5 0.650087 0.292436 0.002999 0.005067
5 0.660585 0.275063 0.003499 0.005067
5 0.643214 0.315056 0.003749 0.005429
5 0.645963 0.315056 0.003749 0.004705
5 0.667208 0.306913 0.004749 0.004343
5 0.666083 0.309446 0.004499 0.004343
5 0.663709 0.313427 0.005249 0.002895
5 0.664834 0.311618 0.005499 0.004343
6 0.650212 0.249005 0.007248 0.007962
6 0.658460 0.260586 0.008248 0.008686
5 0.642839 0.246290 0.003999 0.004705
5 0.644964 0.221136 0.003249 0.005067
48 0.676456 0.224756 0.056236 0.043431
19 0.733067 0.213898 0.013497 0.007962
19 0.747563 0.222222 0.014496 0.007239
19 0.699075 0.199602 0.012497 0.009048
19 0.717321 0.207383 0.014996 0.008686
19 0.683579 0.190735 0.011497 0.009410
19 0.670832 0.194716 0.013997 0.012305
19 0.733692 0.218060 0.013247 0.009048
19 0.720945 0.212993 0.011247 0.009048
19 0.669083 0.182048 0.013997 0.010858
19 0.655461 0.172457 0.011747 0.011220
19 0.681705 0.195078 0.011747 0.008686
19 0.706698 0.208650 0.012747 0.009048
19 0.694451 0.202135 0.013247 0.011220
19 0.669833 0.187296 0.010497 0.009772
19 0.682954 0.201412 0.011247 0.009048
19 0.695576 0.208469 0.012497 0.009410
19 0.658210 0.179877 0.009748 0.010134
19 0.646213 0.171372 0.010747 0.012667
19 0.642339 0.161419 0.014996 0.013753
19 0.626718 0.147485 0.011247 0.011944
19 0.613472 0.134274 0.011747 0.012305
19 0.636216 0.163228 0.011747 0.013029
19 0.615596 0.142237 0.011997 0.012305
19 0.625219 0.152371 0.012747 0.012305
19 0.779180 0.215527 0.013747 0.009048
19 0.765934 0.210460 0.013247 0.010496
19 0.752312 0.205574 0.012997 0.010134
19 0.738690 0.200145 0.013747 0.010134
19 0.725819 0.194173 0.013497 0.010496
19 0.713072 0.187477 0.011997 0.012305
19 0.700325 0.181325 0.012997 0.010134
19 0.687328 0.174991 0.012497 0.010496
19 0.675581 0.167752 0.011497 0.011220
19 0.664084 0.159609 0.011497 0.010858
19 0.653587 0.150923 0.012497 0.011582
19 0.642589 0.141151 0.011497 0.012305
19 0.649338 0.153818 0.012497 0.013029
48 0.703949 0.161781 0.032742 0.033297
48 0.685953 0.143322 0.022744 0.024611
48 0.704824 0.121788 0.025494 0.027144
19 0.630967 0.131741 0.011247 0.012305
19 0.627343 0.135360 0.013497 0.013753
19 0.638340 0.145132 0.012997 0.014477
19 0.620970 0.121969 0.010747 0.013029
19 0.600725 0.121245 0.011747 0.012305
19 0.588103 0.106949 0.012497 0.014115
19 0.610722 0.112016 0.011747 0.013391
19 0.601100 0.101520 0.010997 0.012667
19 0.604849 0.131379 0.009998 0.011582
19 0.594851 0.121245 0.009998 0.014477
19 0.584979 0.111292 0.010747 0.012667
19 0.575356 0.092291 0.012497 0.013753
19 0.564984 0.089758 0.010747 0.011582
19 0.574731 0.099710 0.010747 0.011220
19 0.591727 0.091386 0.010247 0.011944
19 0.582354 0.079624 0.010497 0.012305
19 0.572982 0.068947 0.011247 0.012667
19 0.557111 0.079443 0.010997 0.014115
19 0.547238 0.068042 0.010247 0.013029
19 0.539740 0.056098 0.010747 0.014477
48 0.506873 0.044155 0.030492 0.029678
48 0.556236 0.105682 0.027743 0.034745
19 0.531492 0.043974 0.009248 0.013391
19 0.522994 0.032754 0.010247 0.012667
19 0.505749 0.009229 0.008748 0.012667
19 0.513996 0.020630 0.010747 0.015201
48 0.633342 0.206840 0.032992 0.033659
48 0.613222 0.175353 0.042239 0.037278
48 0.587978 0.139522 0.031742 0.033659
48 0.537866 0.150380 0.036991 0.040898
48 0.557861 0.230547 0.035491 0.034021
48 0.587978 0.251176 0.048738 0.047774
5 0.673207 0.263301 0.003749 0.005429
5 0.681330 0.261310 0.004499 0.005067
5 0.685204 0.257691 0.005249 0.004343
5 0.686828 0.255338 0.005499 0.003981
5 0.689703 0.248824 0.005249 0.003981
5 0.680330 0.250633 0.003499 0.005429
5 0.678205 0.248824 0.003249 0.004705
5 0.666708 0.255338 0.003249 0.004705
5 0.636841 0.247376 0.005499 0.006153
5 0.649338 0.233442 0.004999 0.005067
5 0.651337 0.235071 0.003999 0.003981
5 0.643714 0.239957 0.005249 0.005791
5 0.670082 0.236337 0.002499 0.004343
5 0.662959 0.250090 0.004249 0.006515
5 0.674831 0.239233 0.002999 0.005067
5 0.654336 0.239052 0.003999 0.006153
5 0.847788 0.513572 0.003999 0.005067
5 0.776681 0.473760 0.007248 0.004343
5 0.779555 0.478827 0.005499 0.003619
5 0.791927 0.475027 0.005249 0.003257
5 0.752562 0.475570 0.004499 0.002895
48 0.823919 0.460731 0.021245 0.019544
48 0.751937 0.449149 0.068733 0.027506
48 0.863409 0.466522 0.044239 0.024611
48 0.670332 0.489323 0.029993 0.023163
48 0.715821 0.496562 0.046488 0.038364
48 0.746563 0.491676 0.025494 0.022077
48 0.794551 0.438835 0.024494 0.046688
48 0.833167 0.423634 0.026743 0.040898
48 0.779680 0.503981 0.044739 0.045241
48 0.700450 0.533478 0.025244 0.047774
48 0.698950 0.377126 0.026243 0.048498
48 0.763434 0.399204 0.088728 0.040536
48 0.758685 0.360297 0.066733 0.035107
48 0.799925 0.363554 0.021245 0.022801
48 0.850912 0.322657 0.046238 0.024249
48 0.816421 0.278140 0.032742 0.032935
48 0.880655 0.335867 0.042239 0.039088
48 0.854661 0.363192 0.026743 0.030764
48 0.898900 0.379479 0.036741 0.031488
48 0.969008 0.433587 0.042489 0.028230
48 0.925394 0.424177 0.037241 0.021716
48 0.892652 0.439197 0.035741 0.026421
48 0.875031 0.424720 0.023494 0.048136
48 0.856286 0.406804 0.026993 0.018096
48 0.780305 0.315780 0.031492 0.020630
48 0.722569 0.419834 0.039490 0.031849
48 0.752437 0.426348 0.035741 0.036193
5 0.855411 0.448788 0.005749 0.003619
5 0.839415 0.454035 0.005749 0.003981
5 0.852662 0.416757 0.003749 0.005429
5 0.841290 0.449511 0.004499 0.003619
5 0.823294 0.379660 0.002999 0.005067
5 0.823419 0.390156 0.002249 0.003619
5 0.817171 0.388889 0.003749 0.005429
5 0.824294 0.321571 0.004499 0.004705
5 0.830042 0.336591 0.004999 0.002895
5 0.824919 0.371878 0.003249 0.004705
5 0.854037 0.342743 0.002999 0.005791
5 0.837916 0.338762 0.002749 0.005067
5 0.841040 0.340029 0.002999 0.004705
5 0.819545 0.330076 0.005999 0.002895
5 0.822669 0.364097 0.003249 0.006515
5 0.824794 0.366630 0.002999 0.005067
5 0.674456 0.378393 0.003749 0.005429
5 0.678830 0.387622 0.003999 0.005067
5 0.679955 0.379660 0.004249 0.005067
5 0.682829 0.360659 0.004499 0.002533
5 0.680955 0.390699 0.004749 0.003257
5 0.684204 0.350344 0.004749 0.002895
5 0.602849 0.403004 0.004499 0.002533
5 0.595976 0.420738 0.004249 0.005429
5 0.600850 0.406804 0.003999 0.005067
5 0.611597 0.384365 0.003499 0.005067
5 0.608723 0.389251 0.003249 0.003981
5 0.589103 0.437206 0.003499 0.006515
5 0.596726 0.429425 0.004749 0.005429
5 0.592852 0.448064 0.002999 0.005067
5 0.586728 0.470865 0.002749 0.005067
5 0.602224 0.415671 0.003749 0.005429
48 0.686828 0.424177 0.003999 0.005067
5 0.699450 0.437025 0.004249 0.006153
5 0.631717 0.364459 0.005249 0.004343
5 0.629593 0.370612 0.003999 0.005067
5 0.642714 0.349982 0.005749 0.004343
5 0.635966 0.329895 0.004249 0.006877
5 0.652462 0.264025 0.004749 0.005429
5 0.655086 0.262396 0.004999 0.005067
56 0.742189 0.182410 0.043239 0.036193
5 0.766808 0.265834 0.005999 0.003257
5 0.723694 0.280492 0.003749 0.005067
5 0.741690 0.276330 0.004249 0.004705
5 0.744189 0.275425 0.005749 0.004343
5 0.827543 0.251719 0.005499 0.005429
5 0.821545 0.241042 0.002999 0.005067
5 0.767183 0.270177 0.003749 0.004705
5 0.809423 0.265110 0.004249 0.004705
5 0.773557 0.268911 0.005499 0.004343
5 0.770557 0.269634 0.004499 0.003619
5 0.814921 0.264206 0.003749 0.004343
5 0.779305 0.267644 0.004499 0.003981
5 0.781929 0.266196 0.004249 0.003981
5 0.784679 0.265834 0.005249 0.004705
5 0.752062 0.271444 0.004499 0.005067
5 0.817546 0.263301 0.004999 0.005429
5 0.820670 0.262215 0.004749 0.004705
5 0.826043 0.261491 0.003499 0.004705
5 0.761435 0.271625 0.004249 0.004705
5 0.801550 0.261310 0.003999 0.005067
5 0.845914 0.257872 0.006248 0.004705
5 0.649463 0.217155 0.003249 0.005067
5 0.637716 0.223670 0.004249 0.005067
5 0.655961 0.240138 0.003249 0.005429
5 0.657211 0.241947 0.003749 0.004705
5 0.661335 0.248281 0.003499 0.005067
5 0.657836 0.244119 0.003499 0.004705
5 0.659460 0.246471 0.003249 0.005067
5 0.636716 0.227108 0.004249 0.003257
5 0.867408 0.247376 0.003249 0.006877
5 0.878780 0.251176 0.004499 0.006515
5 0.887278 0.252805 0.003499 0.006153
5 0.872782 0.249186 0.003499 0.005429
5 0.864034 0.246833 0.003499 0.005791
5 0.875406 0.250090 0.003749 0.006515
5 0.870407 0.248643 0.003749 0.006515
9 0.922144 0.279045 0.016246 0.011582
5 0.884029 0.263844 0.005499 0.003619
5 0.902899 0.272711 0.005249 0.004705
5 0.908898 0.277416 0.006748 0.004705
48 0.933642 0.303113 0.034241 0.030040
48 0.972507 0.340391 0.023994 0.030764
48 0.731442 0.133912 0.047738 0.038364
48 0.251937 0.180239 0.031492 0.034745
48 0.378405 0.193268 0.033992 0.052841
5 0.172082 0.872240 0.002749 0.005791
5 0.164959 0.863373 0.005499 0.002533
5 0.153087 0.882917 0.004749 0.003257
5 0.153962 0.878393 0.004499 0.003619
5 0.173457 0.850525 0.002999 0.005067
5 0.135966 0.876402 0.005499 0.003257
5 0.142714 0.877488 0.005499 0.003257
5 0.128593 0.875498 0.005249 0.002895
5 0.174706 0.858668 0.002499 0.004705
5 0.122594 0.875679 0.005249 0.003257
5 0.199700 0.885451 0.005499 0.003981
5 0.173082 0.835505 0.002749 0.004705
5 0.147838 0.878393 0.004249 0.003619
5 0.222694 0.888165 0.004999 0.003619
5 0.192202 0.884908 0.004999 0.002895
5 0.161710 0.900651 0.004499 0.005429
5 0.191077 0.888346 0.006248 0.003981
5 0.222694 0.882917 0.004499 0.006153
5 0.242064 0.883822 0.002749 0.005791
5 0.232817 0.883822 0.003749 0.005791
5 0.226943 0.883279 0.003499 0.006877
5 0.238190 0.884003 0.003499 0.006153
5 0.230192 0.883822 0.002999 0.005791
5 0.244689 0.884727 0.002499 0.005429
5 0.179705 0.842201 0.003499 0.005067
5 0.162459 0.905537 0.003999 0.002895
5 0.162084 0.907709 0.004749 0.004343
5 0.161710 0.910966 0.005999 0.004343
5 0.160960 0.914767 0.005499 0.003257
5 0.164584 0.916938 0.003749 0.005429
5 0.163959 0.922910 0.002499 0.006515
5 0.160335 0.929063 0.005249 0.003619
5 0.166208 0.940101 0.003499 0.004705
48 0.133092 0.918748 0.048238 0.058270
48 0.184704 0.921462 0.027493 0.052841
48 0.220445 0.911690 0.046488 0.028954
48 0.185579 0.955121 0.027743 0.021716
48 0.190452 0.973218 0.037991 0.021716
48 0.123469 0.966884 0.045989 0.020630
5 0.052487 0.951321 0.006998 0.003981
48 0.142089 0.832971 0.039240 0.061165
48 0.091602 0.793341 0.067733 0.047774
48 0.073982 0.758958 0.027993 0.020992
48 0.043114 0.839124 0.038240 0.044517
48 0.054986 0.769092 0.034991 0.018820
48 0.113722 0.840572 0.027493 0.020630
48 0.047988 0.814151 0.029493 0.018458
5 0.078105 0.808360 0.005749 0.003981
5 0.028868 0.788817 0.003249 0.005429
5 0.168333 0.844191 0.004749 0.003257
5 0.171582 0.813608 0.004749 0.004343
5 0.181330 0.796236 0.003249 0.005067
5 0.174831 0.777416 0.005749 0.002895
5 0.174956 0.779949 0.005499 0.002895
5 0.175331 0.783026 0.004749 0.003257
48 0.089978 0.852696 0.024994 0.022439
48 0.085479 0.844915 0.040990 0.050308
5 0.177706 0.827543 0.002999 0.005429
5 0.176081 0.809446 0.002249 0.005429
5 0.173707 0.785559 0.005499 0.003257
5 0.175081 0.818132 0.002749 0.004705
5 0.173457 0.788636 0.005499 0.002895
5 0.276806 0.209555 0.004749 0.003619
5 0.343289 0.210279 0.003749 0.004343
5 0.339540 0.210460 0.004749 0.002533
5 0.214321 0.202316 0.005749 0.002895
5 0.259435 0.207383 0.005999 0.003619
5 0.264809 0.207926 0.005249 0.003257
5 0.173207 0.791169 0.005999 0.003619
5 0.173332 0.793702 0.005249 0.003619
5 0.173957 0.796055 0.005499 0.003257
5 0.173707 0.798046 0.004499 0.002895
5 0.172707 0.801303 0.005999 0.003619
5 0.171832 0.804379 0.006248 0.003257
48 0.230567 0.799493 0.041240 0.023887
48 0.204074 0.802570 0.013247 0.025697
48 0.193202 0.799855 0.014996 0.027506
5 0.080855 0.773073 0.004249 0.004343
5 0.085229 0.772711 0.002999 0.004343
48 0.132217 0.778683 0.029993 0.025697
5 0.031242 0.778864 0.003499 0.005067
5 0.148463 0.719870 0.004999 0.002895
5 0.146588 0.729280 0.002249 0.004343
5 0.149338 0.729642 0.003249 0.005067
5 0.158585 0.721860 0.005249 0.003257
5 0.147588 0.712631 0.003249 0.005067
5 0.170707 0.722765 0.006498 0.003619
5 0.186953 0.724032 0.006498 0.003981
5 0.170707 0.714441 0.002499 0.005067
5 0.057986 0.714622 0.005999 0.003257
5 0.045489 0.715165 0.005999 0.004343
5 0.161835 0.730366 0.003249 0.003619
5 0.181705 0.710279 0.004999 0.003257
5 0.230442 0.734709 0.002999 0.005067
5 0.237191 0.733985 0.005499 0.003619
5 0.234441 0.735613 0.003999 0.005429
5 0.218820 0.732718 0.005249 0.003257
5 0.270182 0.208831 0.005499 0.003619
48 0.285179 0.187658 0.046988 0.025697
5 0.272932 0.199783 0.004499 0.004343
5 0.281555 0.201050 0.003749 0.004705
5 0.284554 0.201412 0.004749 0.004705
5 0.252812 0.199059 0.003249 0.005791
5 0.262434 0.201050 0.004999 0.003981
48 0.189203 0.212812 0.040990 0.025335
5 0.248563 0.206298 0.004749 0.003619
5 0.247188 0.199602 0.004999 0.003257
5 0.241815 0.198878 0.004749 0.003257
5 0.194451 0.193811 0.004999 0.003257
5 0.189328 0.193449 0.004749 0.003257
5 0.127843 0.186211 0.005249 0.003257
5 0.122844 0.185487 0.004749 0.003257
5 0.115971 0.184582 0.006498 0.003619
48 0.228818 0.182591 0.024744 0.023525
48 0.184954 0.133550 0.039490 0.021716
48 0.152962 0.205574 0.018995 0.018820
5 0.094226 0.184401 0.005499 0.003981
5 0.080105 0.176801 0.002749 0.005429
5 0.096601 0.188925 0.004249 0.002895
5 0.172707 0.726927 0.005499 0.003257
5 0.279930 0.731451 0.005499 0.003619
5 0.270432 0.739957 0.003499 0.005429
5 0.181080 0.731089 0.005249 0.005067
5 0.178830 0.746833 0.004749 0.003257
5 0.178330 0.750814 0.004749 0.004705
5 0.177206 0.754795 0.005499 0.003981
48 0.202324 0.764567 0.025744 0.056822
48 0.230692 0.751538 0.031992 0.023525
48 0.256436 0.762215 0.026493 0.036916
48 0.268933 0.755157 0.025494 0.023525
48 0.296176 0.759862 0.033492 0.024249
48 0.055111 0.735794 0.033242 0.023163
48 0.049488 0.753348 0.022994 0.025697
5 0.061235 0.709736 0.005499 0.002895
6 0.050362 0.708650 0.009248 0.005067
6 0.074606 0.714622 0.012247 0.004705
5 0.072732 0.711003 0.005999 0.003257
48 0.094476 0.742852 0.051987 0.035831
48 0.072482 0.680782 0.051987 0.050670
5 0.079855 0.678248 0.005249 0.002895
5 0.083604 0.707926 0.003749 0.004343
5 0.037741 0.645494 0.003499 0.006153
5 0.034366 0.676258 0.003249 0.004705
5 0.032617 0.691640 0.002749 0.004343
5 0.047738 0.684763 0.002999 0.005067
48 0.080730 0.637713 0.071482 0.049222
5 0.048738 0.594463 0.002999 0.004705
5 0.036991 0.619254 0.005499 0.004343
5 0.043114 0.589215 0.002749 0.004343
5 0.019120 0.553203 0.005749 0.003257
5 0.022369 0.559718 0.003249 0.005429
5 0.016496 0.542526 0.002499 0.005067
5 0.018995 0.543069 0.002499 0.007600
5 0.022994 0.547593 0.004999 0.002895
5 0.050112 0.545060 0.003749 0.005067
5 0.028993 0.548317 0.004999 0.002895
5 0.034491 0.548860 0.005999 0.003981
5 0.049738 0.549946 0.002999 0.005429
5 0.044364 0.557546 0.004749 0.005429
5 0.068108 0.556279 0.005249 0.003619
5 0.068483 0.553203 0.004999 0.003257
5 0.049738 0.558089 0.003499 0.005791
5 0.080605 0.554289 0.004749 0.003257
5 0.074856 0.549946 0.004749 0.005429
5 0.074481 0.553746 0.004999 0.003619
5 0.082229 0.558089 0.004499 0.002895
5 0.086103 0.555556 0.005749 0.003619
5 0.086853 0.551755 0.003249 0.004705
5 0.089728 0.551755 0.002999 0.004705
5 0.118345 0.565508 0.004749 0.003257
5 0.103599 0.552298 0.003749 0.002895
5 0.123344 0.565870 0.005249 0.003257
9 0.052737 0.548679 0.003999 0.007239
5 0.034616 0.552117 0.005249 0.002533
5 0.141090 0.555013 0.002749 0.004705
5 0.135091 0.553565 0.003749 0.005429
5 0.132592 0.553384 0.003749 0.005067
5 0.144339 0.555013 0.003749 0.006153
5 0.147088 0.555737 0.003249 0.005429
5 0.149713 0.554832 0.003999 0.005791
5 0.130342 0.554832 0.003749 0.005791
5 0.127218 0.554289 0.004499 0.005429
6 0.131842 0.560623 0.005749 0.003619
5 0.121345 0.556279 0.004249 0.002895
5 0.124969 0.555737 0.003499 0.004705
5 0.144089 0.564061 0.005249 0.003257
5 0.147838 0.572928 0.003249 0.005791
5 0.146963 0.559175 0.004999 0.003619
5 0.156836 0.563518 0.005749 0.003619
5 0.150837 0.572747 0.002749 0.005429
48 0.061610 0.577995 0.022744 0.020992
48 0.082229 0.581071 0.022494 0.022801
48 0.060860 0.592834 0.021245 0.016649
48 0.059860 0.607854 0.024744 0.017734
5 0.140340 0.570937 0.002749 0.006153
5 0.192077 0.566956 0.005749 0.003257
5 0.188578 0.570756 0.006248 0.003619
5 0.195826 0.578357 0.005249 0.004343
5 0.138090 0.571661 0.002749 0.004705
48 0.226068 0.543069 0.024244 0.035831
48 0.077856 0.527868 0.032242 0.032935
5 0.208198 0.577452 0.002999 0.004705
5 0.236566 0.565147 0.002749 0.005429
5 0.239190 0.565328 0.002499 0.005791
5 0.257561 0.572566 0.005749 0.002895
5 0.260935 0.567680 0.003499 0.006153
48 0.097851 0.581433 0.014746 0.020630
48 0.109348 0.583243 0.019745 0.023525
48 0.132717 0.585233 0.032492 0.021716
48 0.162834 0.587043 0.034741 0.023887
48 0.104349 0.534926 0.027243 0.022439
48 0.215946 0.620883 0.023994 0.030764
5 0.193202 0.574014 0.006998 0.005067
48 0.133217 0.538545 0.038490 0.020992
48 0.170457 0.526240 0.040990 0.052841
48 0.078855 0.503257 0.034741 0.023525
48 0.074106 0.475751 0.023244 0.034383
5 0.050612 0.515201 0.004749 0.004705
5 0.049363 0.520992 0.004249 0.003981
5 0.049988 0.517372 0.003999 0.004705
5 0.099475 0.554470 0.004999 0.002895
5 0.104599 0.555194 0.004749 0.002895
48 0.029493 0.472313 0.023994 0.036916
5 0.125844 0.570214 0.003249 0.004705
5 0.132717 0.571118 0.002999 0.005067
5 0.048738 0.525154 0.003999 0.004343
5 0.059110 0.394680 0.005749 0.003257
5 0.059735 0.391422 0.005499 0.003257
5 0.074856 0.394861 0.005249 0.004343
5 0.080855 0.397032 0.004749 0.003619
5 0.062484 0.400832 0.002999 0.005429
5 0.064734 0.401918 0.002499 0.004705
5 0.064734 0.415128 0.002999 0.005067
5 0.077481 0.403366 0.004499 0.004705
5 0.086978 0.398299 0.005499 0.003257
9 0.060610 0.388708 0.006248 0.005067
5 0.084604 0.403004 0.003749 0.004705
5 0.087478 0.403004 0.003499 0.005429
5 0.090227 0.403909 0.003999 0.005067
5 0.084979 0.175896 0.002999 0.005067
5 0.080480 0.166124 0.002999 0.005067
5 0.102349 0.183134 0.006248 0.003619
5 0.126593 0.191459 0.005749 0.003619
48 0.096601 0.199421 0.019245 0.015201
48 0.059735 0.168476 0.023494 0.046688
48 0.050487 0.206298 0.030992 0.031849
48 0.031992 0.180239 0.031492 0.022439
5 0.086853 0.184039 0.004749 0.005429
5 0.091352 0.180963 0.004249 0.005067
5 0.089103 0.182410 0.004249 0.005067
5 0.107848 0.190373 0.005249 0.003619
48 0.015621 0.243033 0.016746 0.029316
48 0.033117 0.238147 0.028743 0.020268
48 0.090852 0.218784 0.015246 0.032211
48 0.088603 0.245566 0.016246 0.023525
48 0.087603 0.262939 0.016246 0.015563
48 0.107973 0.278864 0.037491 0.021354
48 0.141340 0.281216 0.029243 0.020268
48 0.186703 0.284835 0.036491 0.021716
5 0.009748 0.278140 0.002999 0.004705
5 0.013372 0.278140 0.003249 0.006153
5 0.015871 0.278683 0.003249 0.005067
5 0.018495 0.278140 0.003499 0.006153
5 0.020995 0.279587 0.003499 0.006153
5 0.024244 0.279587 0.003499 0.006153
5 0.026618 0.279045 0.003749 0.005791
5 0.029743 0.280311 0.003999 0.004705
5 0.094351 0.404090 0.004249 0.004705
5 0.096726 0.404271 0.004499 0.005067
5 0.099850 0.397213 0.004749 0.003257
5 0.111972 0.398480 0.004999 0.003619
6 0.101350 0.400470 0.007248 0.003981
5 0.066608 0.418748 0.003749 0.005067
48 0.085604 0.421462 0.035741 0.024249
48 0.115721 0.425081 0.028993 0.022077
48 0.135966 0.427796 0.015996 0.021716
48 0.033367 0.416214 0.029743 0.018096
5 0.060235 0.423272 0.004999 0.004705
5 0.061735 0.417481 0.004999 0.004705
5 0.111847 0.401375 0.004749 0.002895
48 0.034491 0.437930 0.022494 0.032573
48 0.095226 0.446616 0.065484 0.038364
48 0.168208 0.446073 0.052987 0.056098
48 0.168833 0.487514 0.061235 0.045603
5 0.213197 0.408976 0.004499 0.002895
5 0.205324 0.408252 0.004749 0.002895
5 0.216696 0.405718 0.002999 0.005791
5 0.218945 0.406442 0.002999 0.005791
5 0.213072 0.420557 0.003249 0.005067
5 0.190452 0.406623 0.004999 0.003257
5 0.229568 0.407166 0.005249 0.005067
5 0.210572 0.417662 0.003249 0.005067
5 0.205949 0.415852 0.003999 0.004343
5 0.203199 0.415490 0.002999 0.004343
9 0.222069 0.409157 0.004749 0.009048
5 0.240315 0.411328 0.005749 0.003257
5 0.244939 0.412414 0.004999 0.002533
5 0.266808 0.417662 0.005249 0.002895
5 0.259435 0.420195 0.002999 0.003619
5 0.185704 0.406080 0.004499 0.002895
5 0.215946 0.437206 0.002999 0.005067
5 0.151087 0.403004 0.004749 0.002533
5 0.155086 0.403185 0.004749 0.002895
5 0.180330 0.405718 0.004749 0.003619
5 0.213322 0.462722 0.002249 0.004705
48 0.133842 0.474665 0.017746 0.056822
48 0.230317 0.493123 0.025244 0.039450
5 0.169333 0.517915 0.003249 0.005791
5 0.226818 0.420738 0.003749 0.005429
5 0.273057 0.572023 0.005249 0.003981
48 0.233942 0.518096 0.035491 0.024249
48 0.240940 0.549403 0.014996 0.022439
48 0.284679 0.498914 0.025494 0.035831
48 0.256061 0.551574 0.019245 0.020992
48 0.268433 0.553022 0.011497 0.020992
9 0.225194 0.577090 0.007498 0.003257
48 0.293677 0.554832 0.041990 0.023163
5 0.311422 0.573109 0.002999 0.004705
5 0.308673 0.573290 0.002999 0.005067
5 0.292677 0.573833 0.004499 0.003981
5 0.262809 0.580347 0.004749 0.003257
48 0.316421 0.555737 0.009498 0.024249
48 0.335291 0.556641 0.031242 0.029678
48 0.331917 0.531488 0.036491 0.032935
5 0.369158 0.554470 0.003499 0.005791
5 0.358660 0.558089 0.004499 0.005067
5 0.362034 0.559356 0.002749 0.005429
5 0.291802 0.565870 0.005249 0.003257
5 0.354911 0.583967 0.005499 0.003981
6 0.221445 0.582338 0.007998 0.003619
48 0.228318 0.596091 0.043739 0.028230
48 0.323669 0.604596 0.036491 0.024973
48 0.240690 0.623055 0.028493 0.025697
48 0.327293 0.630836 0.024744 0.034745
48 0.262059 0.607492 0.029243 0.041621
48 0.288928 0.601339 0.038490 0.024973
5 0.304174 0.579985 0.004999 0.003257
6 0.316546 0.577633 0.011747 0.005791
5 0.230817 0.571842 0.005249 0.002895
5 0.230192 0.564604 0.004499 0.005791
5 0.327043 0.582519 0.004749 0.003257
48 0.213322 0.641694 0.020245 0.023887
48 0.230067 0.646942 0.021245 0.022801
48 0.256311 0.654542 0.036241 0.030764
48 0.257936 0.681144 0.026993 0.032573
48 0.216196 0.682229 0.038490 0.063699
48 0.379655 0.635360 0.029493 0.027144
48 0.382030 0.611111 0.035241 0.026421
48 0.390527 0.707021 0.072232 0.061889
48 0.479255 0.636265 0.046738 0.058632
48 0.251812 0.705212 0.039740 0.026421
48 0.299675 0.711726 0.064484 0.024249
5 0.236191 0.679696 0.002999 0.005067
48 0.154961 0.776149 0.033992 0.087224
5 0.335041 0.739595 0.004749 0.002533
5 0.310422 0.731994 0.003499 0.004705
5 0.327168 0.739595 0.004999 0.002533
5 0.317296 0.742490 0.004749 0.003257
5 0.313672 0.738147 0.004999 0.003257
5 0.325294 0.733804 0.003249 0.004705
5 0.306923 0.742128 0.003999 0.003981
5 0.265309 0.729642 0.005249 0.003619
5 0.327793 0.734166 0.004249 0.004705
5 0.261685 0.739052 0.002999 0.004343
5 0.224944 0.733261 0.005499 0.002895
5 0.320420 0.733261 0.002999 0.005067
5 0.351662 0.741947 0.004999 0.003619
5 0.322544 0.742852 0.006248 0.003981
5 0.363284 0.744119 0.005249 0.003619
5 0.365784 0.740680 0.005749 0.003257
5 0.332542 0.736337 0.005749 0.003981
5 0.301175 0.731451 0.004499 0.004343
5 0.394526 0.747195 0.005749 0.003981
5 0.363284 0.748281 0.005249 0.003257
5 0.368783 0.748643 0.004749 0.003981
5 0.368908 0.752262 0.002999 0.003981
5 0.372157 0.753348 0.003999 0.004705
5 0.365284 0.752262 0.003249 0.003981
5 0.304174 0.731632 0.002999 0.003981
48 0.318045 0.771806 0.022244 0.038726
48 0.371407 0.783207 0.049488 0.055013
48 0.298175 0.863735 0.041490 0.032211
48 0.381030 0.769996 0.023744 0.023525
48 0.402399 0.773435 0.024494 0.024611
48 0.433017 0.776149 0.039740 0.024249
48 0.356286 0.823199 0.027743 0.040174
48 0.360160 0.866811 0.039490 0.056460
48 0.393027 0.884908 0.036241 0.025335
48 0.468633 0.849258 0.025994 0.059718
48 0.470882 0.783026 0.034491 0.027144
48 0.472382 0.811075 0.019995 0.022439
5 0.013372 0.287369 0.005749 0.004343
5 0.018495 0.287912 0.005499 0.003257
5 0.024994 0.288997 0.004499 0.003257
5 0.035491 0.281578 0.004999 0.002895
5 0.030992 0.289178 0.004999 0.003619
5 0.054611 0.283931 0.005749 0.004705
6 0.043614 0.284654 0.007748 0.003981
6 0.038490 0.287188 0.007998 0.004705
5 0.056861 0.292617 0.004749 0.003257
5 0.040740 0.281216 0.004999 0.003619
5 0.047738 0.283026 0.005499 0.003619
5 0.025744 0.283931 0.006998 0.004705
5 0.063984 0.289359 0.004499 0.004705
5 0.103349 0.260586 0.005249 0.003619
5 0.053237 0.287912 0.004999 0.002533
5 0.047363 0.287912 0.005249 0.003981
5 0.049113 0.290807 0.004749 0.003981
5 0.109723 0.289178 0.005999 0.004343
5 0.121845 0.290626 0.005749 0.003619
5 0.128718 0.291712 0.005499 0.004343
5 0.110097 0.293883 0.005749 0.002895
5 0.135716 0.292617 0.005499 0.003981
5 0.144839 0.293522 0.005249 0.003619
48 0.397776 0.550489 0.050737 0.057184
5 0.457011 0.589215 0.003249 0.005791
5 0.460135 0.589034 0.002999 0.005429
5 0.461260 0.594824 0.005249 0.003981
5 0.489378 0.594463 0.005499 0.003981
5 0.452012 0.590662 0.003749 0.002172
5 0.465134 0.590119 0.003499 0.006153
5 0.503749 0.599349 0.004749 0.003619
5 0.496251 0.595548 0.005249 0.003257
5 0.509248 0.594463 0.003749 0.006153
5 0.501375 0.589034 0.004999 0.002533
5 0.501750 0.591748 0.004749 0.002895
5 0.501250 0.596272 0.004249 0.003257
5 0.517746 0.597539 0.005249 0.002895
5 0.525744 0.607311 0.004749 0.003619
5 0.531117 0.607492 0.004999 0.003981
5 0.537616 0.608035 0.004999 0.002895
5 0.531492 0.598263 0.004249 0.002895
5 0.536616 0.598806 0.003999 0.002533
5 0.542239 0.599349 0.004749 0.002895
5 0.547863 0.599710 0.004499 0.003619
5 0.553362 0.600615 0.004499 0.003981
5 0.556736 0.604054 0.005749 0.003619
5 0.559110 0.600615 0.004999 0.003257
5 0.557985 0.593377 0.005249 0.003981
5 0.564859 0.601520 0.004499 0.003619
5 0.539740 0.589938 0.002749 0.005067
5 0.575106 0.602787 0.004499 0.003257
5 0.580855 0.603330 0.003999 0.003619
5 0.509123 0.622874 0.004499 0.002895
5 0.509997 0.609663 0.003249 0.004705
5 0.510247 0.615635 0.003249 0.005791
5 0.140590 0.293160 0.004749 0.003619
5 0.596226 0.604958 0.004249 0.002533
5 0.520995 0.620883 0.005749 0.003981
5 0.520495 0.610749 0.004749 0.003257
5 0.589978 0.613464 0.005749 0.003619
5 0.508373 0.620159 0.004999 0.003257
5 0.530492 0.627217 0.002249 0.005067
48 0.561360 0.641332 0.080480 0.057908
5 0.529118 0.631922 0.003999 0.005067
5 0.526618 0.639160 0.003499 0.006515
5 0.520245 0.628303 0.004749 0.002895
5 0.520245 0.613826 0.004249 0.002895
5 0.520120 0.615816 0.004999 0.003981
5 0.519870 0.625407 0.005499 0.003619
5 0.520495 0.623417 0.004749 0.003257
5 0.601350 0.614187 0.004499 0.002895
5 0.518870 0.630655 0.005499 0.003257
5 0.518995 0.633189 0.005249 0.003257
5 0.508498 0.628303 0.005249 0.002895
5 0.508623 0.625769 0.003999 0.002172
5 0.508123 0.636446 0.004999 0.002533
5 0.606848 0.615273 0.004999 0.003619
5 0.601850 0.605320 0.003999 0.002533
5 0.609098 0.605863 0.005499 0.003619
5 0.626468 0.612016 0.005749 0.002895
5 0.618470 0.607130 0.004749 0.003257
5 0.507248 0.641513 0.004749 0.002533
5 0.518870 0.638075 0.003999 0.002895
5 0.613097 0.615997 0.005499 0.004343
5 0.632217 0.617988 0.005749 0.003257
5 0.638590 0.618712 0.005499 0.003257
5 0.645339 0.619797 0.005499 0.003981
5 0.517746 0.640427 0.004249 0.002533
5 0.519245 0.635360 0.005249 0.003981
5 0.620220 0.616359 0.005749 0.003619
48 0.535616 0.714079 0.037491 0.052117
5 0.518120 0.674991 0.002999 0.004343
5 0.505374 0.651285 0.003499 0.001810
5 0.505249 0.656714 0.005249 0.003981
5 0.515746 0.680601 0.003749 0.006153
5 0.526868 0.678610 0.002499 0.004343
5 0.512872 0.698335 0.004499 0.003981
5 0.506623 0.688382 0.002999 0.005791
5 0.504624 0.676982 0.002499 0.005429
5 0.525119 0.683315 0.003999 0.005791
5 0.517121 0.642599 0.005499 0.002533
5 0.506123 0.644227 0.004999 0.002895
5 0.505499 0.649113 0.004749 0.003257
5 0.517621 0.644770 0.003999 0.003257
5 0.506248 0.646218 0.005249 0.003257
5 0.519870 0.666124 0.002999 0.004705
5 0.525619 0.671191 0.003499 0.005429
5 0.515996 0.706117 0.003249 0.005067
5 0.506873 0.695078 0.003999 0.004705
5 0.515996 0.715346 0.003749 0.005429
5 0.513497 0.725841 0.003249 0.004705
5 0.505124 0.747014 0.003499 0.005791
5 0.518745 0.764748 0.006248 0.003619
5 0.505998 0.755519 0.004249 0.004705
5 0.525744 0.765110 0.005249 0.003619
5 0.463884 0.747557 0.004499 0.004705
5 0.534366 0.739776 0.002999 0.005067
5 0.537366 0.739776 0.002499 0.004343
5 0.542489 0.740318 0.002749 0.003981
5 0.520870 0.743757 0.004499 0.005791
5 0.548863 0.741766 0.003499 0.005429
5 0.497251 0.738690 0.005749 0.003619
5 0.551737 0.741766 0.003249 0.003981
5 0.534116 0.762577 0.004999 0.003619
5 0.467133 0.753710 0.005499 0.003257
5 0.460635 0.753167 0.004499 0.002895
5 0.447763 0.751719 0.006248 0.002895
5 0.489628 0.765472 0.003999 0.005791
5 0.541990 0.766015 0.004749 0.003981
5 0.543614 0.773254 0.002499 0.003981
5 0.552112 0.766920 0.004499 0.003619
5 0.541240 0.758777 0.005249 0.003257
5 0.577731 0.714079 0.005249 0.003619
53 0.566233 0.719508 0.022244 0.039088
5 0.569733 0.710641 0.004249 0.004705
5 0.564359 0.712812 0.004499 0.004705
5 0.568358 0.712993 0.004999 0.004343
5 0.561984 0.724032 0.004749 0.004705
5 0.563484 0.721860 0.004249 0.003981
5 0.567233 0.724756 0.004249 0.003981
5 0.566483 0.727651 0.004749 0.004705
5 0.563359 0.718603 0.003999 0.004705
5 0.563734 0.715708 0.004249 0.004705
5 0.509997 0.728013 0.002749 0.005429
5 0.562359 0.730366 0.003999 0.004343
5 0.560610 0.732175 0.003999 0.004343
5 0.573357 0.707383 0.004499 0.002533
5 0.578355 0.708650 0.004999 0.003619
5 0.577231 0.718603 0.005249 0.003257
5 0.576356 0.721498 0.005499 0.003981
48 0.160835 0.281397 0.015746 0.017734
5 0.145714 0.296960 0.006498 0.003981
5 0.188203 0.297865 0.004499 0.002895
5 0.193952 0.297503 0.005499 0.003619
5 0.205824 0.299674 0.005249 0.003619
5 0.199950 0.299131 0.004999 0.002533
5 0.211072 0.299855 0.004749 0.003257
5 0.172332 0.295874 0.004749 0.003257
5 0.171457 0.299131 0.005499 0.003257
5 0.181705 0.296417 0.004499 0.003619
5 0.185329 0.304198 0.003749 0.005429
5 0.200325 0.306370 0.004749 0.006153
5 0.206448 0.307094 0.002999 0.005429
5 0.208823 0.306551 0.002749 0.004343
5 0.215321 0.307637 0.004249 0.005067
5 0.223319 0.301303 0.004749 0.003981
5 0.218570 0.308903 0.003749 0.006153
5 0.249188 0.312885 0.004499 0.003257
5 0.266933 0.305646 0.005499 0.003981
5 0.575481 0.735071 0.005249 0.004343
5 0.557611 0.711364 0.002499 0.004705
5 0.557236 0.735794 0.004749 0.002895
5 0.577231 0.724213 0.004749 0.004343
5 0.576981 0.726746 0.004749 0.004343
5 0.564859 0.736337 0.004999 0.004705
5 0.521495 0.736518 0.004249 0.005067
5 0.467008 0.747919 0.004249 0.004705
5 0.442514 0.745928 0.004249 0.004343
5 0.445514 0.745385 0.004249 0.004705
5 0.448388 0.745928 0.003499 0.005067
5 0.470008 0.748281 0.003749 0.003981
5 0.454511 0.752443 0.005249 0.002895
5 0.488878 0.769634 0.004999 0.003981
5 0.532367 0.760586 0.005499 0.003981
48 0.634216 0.724575 0.049238 0.080347
48 0.693951 0.665943 0.069733 0.080347
48 0.613847 0.652733 0.036491 0.063337
48 0.642714 0.656895 0.036241 0.062975
48 0.657461 0.591024 0.028243 0.029678
48 0.661460 0.552117 0.035741 0.045241
48 0.622344 0.574557 0.029993 0.053203
48 0.629218 0.541440 0.028743 0.026059
5 0.662084 0.612378 0.004499 0.003619
5 0.729943 0.616178 0.003249 0.006153
5 0.734441 0.617445 0.003749 0.005067
5 0.667583 0.608397 0.003999 0.003619
48 0.769683 0.599530 0.039240 0.035831
48 0.524369 0.880927 0.078480 0.070214
48 0.524994 0.814513 0.052737 0.085052
48 0.595851 0.828990 0.029493 0.068404
48 0.615221 0.795331 0.031742 0.023525
48 0.439515 0.823742 0.046738 0.022439
48 0.442389 0.800760 0.025994 0.029316
48 0.412272 0.797684 0.028243 0.034745
48 0.451387 0.727832 0.068983 0.026782
48 0.456136 0.704488 0.071982 0.038002
5 0.311797 0.742671 0.004749 0.004343
5 0.373407 0.748824 0.005999 0.003619
5 0.329043 0.744119 0.006248 0.003619
5 0.304299 0.693992 0.004749 0.004705
5 0.307048 0.694535 0.004249 0.003619
48 0.287678 0.634455 0.035491 0.020268
48 0.308923 0.651647 0.042989 0.030040
48 0.279305 0.679696 0.026243 0.043431
5 0.413022 0.665581 0.003249 0.005791
5 0.416646 0.663228 0.002499 0.006153
5 0.418645 0.663409 0.002999 0.005791
5 0.421020 0.663228 0.002249 0.004705
48 0.427893 0.671010 0.014996 0.035469
5 0.417396 0.673362 0.002999 0.006153
48 0.445264 0.649656 0.036241 0.019544
48 0.451012 0.674629 0.033742 0.027506
48 0.416771 0.613283 0.031242 0.020630
5 0.471507 0.749186 0.004249 0.004343
5 0.457511 0.741223 0.005749 0.004343
5 0.460760 0.743576 0.005749 0.003981
5 0.497376 0.741404 0.005499 0.003257
5 0.534616 0.811618 0.002999 0.006153
5 0.504124 0.810713 0.002999 0.004343
5 0.474381 0.791531 0.002499 0.005067
5 0.545114 0.823018 0.005499 0.003619
5 0.489003 0.851792 0.005249 0.006153
5 0.536741 0.809989 0.002749 0.007239
5 0.484754 0.846544 0.003749 0.005067
48 0.443514 0.858125 0.031242 0.018820
5 0.566983 0.869526 0.004249 0.006877
5 0.562609 0.879479 0.002999 0.005791
48 0.591352 0.882193 0.022994 0.028592
48 0.597601 0.903004 0.035991 0.026059
48 0.632842 0.908433 0.035991 0.023163
5 0.533742 0.917662 0.005749 0.003981
5 0.527993 0.917119 0.005249 0.003619
5 0.540990 0.918567 0.005249 0.003619
5 0.548238 0.919653 0.004749 0.002895
5 0.554736 0.919472 0.004749 0.003257
5 0.559360 0.920376 0.004499 0.002895
5 0.567608 0.921281 0.006498 0.003981
5 0.573607 0.922005 0.004499 0.003257
5 0.553112 0.928158 0.004999 0.002533
5 0.546738 0.927796 0.004749 0.003257
5 0.557486 0.942092 0.003749 0.005067
5 0.603974 0.922186 0.002749 0.005067
5 0.618970 0.925262 0.003249 0.005429
5 0.645214 0.940644 0.003249 0.005067
5 0.593602 0.934311 0.003499 0.004705
5 0.513622 0.928701 0.002999 0.005067
5 0.515871 0.918205 0.004999 0.002895
5 0.516246 0.928339 0.003249 0.004343
5 0.518245 0.929244 0.003249 0.005429
5 0.640590 0.940282 0.002999 0.005067
5 0.622594 0.938292 0.002999 0.005429
5 0.625219 0.938473 0.002749 0.005067
5 0.645214 0.947340 0.003249 0.004705
5 0.644214 0.951864 0.003749 0.005067
48 0.529868 0.942635 0.040490 0.026421
48 0.530867 0.966522 0.045989 0.029316
48 0.500500 0.948788 0.020745 0.036554
48 0.497251 0.973399 0.021245 0.019182
5 0.479880 0.931596 0.005499 0.004343
5 0.482879 0.936844 0.002999 0.005429
5 0.478880 0.934311 0.004999 0.003981
5 0.476881 0.950054 0.005499 0.005067
5 0.479005 0.938111 0.005249 0.005067
5 0.491002 0.918024 0.003249 0.004705
5 0.478630 0.941006 0.004999 0.004343
5 0.644214 0.957655 0.002749 0.005067
5 0.642839 0.963807 0.003499 0.006515
5 0.642089 0.968693 0.002999 0.005429
5 0.641715 0.974846 0.003249 0.005429
5 0.578605 0.917481 0.004999 0.003619
5 0.671207 0.929425 0.003749 0.005791
5 0.680330 0.931053 0.002999 0.004705
5 0.670957 0.973579 0.005749 0.003619
5 0.653837 0.942273 0.003999 0.006877
48 0.703199 0.960188 0.072732 0.031126
5 0.733442 0.934492 0.002749 0.005067
5 0.737691 0.934853 0.003749 0.004343
5 0.761935 0.916395 0.002249 0.004343
5 0.736066 0.939016 0.005499 0.002533
5 0.724819 0.931415 0.004999 0.003257
5 0.728193 0.934492 0.003249 0.005067
5 0.683704 0.936120 0.004749 0.002533
5 0.671207 0.978284 0.004749 0.003619
48 0.743564 0.912776 0.033492 0.036193
5 0.761310 0.922548 0.002999 0.005067
5 0.759935 0.928158 0.003749 0.005429
5 0.763309 0.904090 0.002999 0.005067
5 0.766308 0.903004 0.002999 0.005067
5 0.762559 0.910966 0.002999 0.005067
5 0.765934 0.923091 0.004749 0.005429
5 0.779430 0.904995 0.002749 0.004705
5 0.764309 0.893956 0.003499 0.005791
5 0.744189 0.938111 0.004749 0.003619
6 0.768808 0.907528 0.004999 0.009048
5 0.779055 0.900109 0.006498 0.004343
5 0.784929 0.904995 0.002749 0.004705
5 0.771557 0.910423 0.003499 0.004705
5 0.787178 0.900290 0.004749 0.002533
5 0.798800 0.901194 0.004999 0.003619
5 0.787678 0.905176 0.003249 0.005791
5 0.811422 0.895042 0.005749 0.002895
5 0.816421 0.895585 0.004749 0.003257
5 0.823044 0.894680 0.005499 0.003619
5 0.790677 0.904995 0.002749 0.005429
5 0.837791 0.897756 0.004999 0.003257
5 0.843289 0.898118 0.004999 0.003257
5 0.848538 0.899023 0.005999 0.002895
48 0.787428 0.815599 0.042239 0.148751
48 0.742439 0.871155 0.030242 0.050670
48 0.851662 0.877669 0.110222 0.046326
48 0.882529 0.929967 0.039990 0.035831
48 0.746688 0.664495 0.042239 0.034021
48 0.750062 0.688925 0.024994 0.029316
48 0.874656 0.811256 0.025244 0.030040
48 0.897526 0.837314 0.027993 0.030764
48 0.868033 0.851973 0.021495 0.018820
5 0.835041 0.900832 0.006998 0.003619
5 0.865034 0.900290 0.004999 0.002533
5 0.870282 0.901194 0.005499 0.002895
5 0.874781 0.901737 0.004499 0.003257
5 0.902899 0.904814 0.004749 0.002895
5 0.893402 0.903547 0.004749 0.003257
5 0.898275 0.904452 0.005499 0.002895
5 0.926893 0.892870 0.002749 0.005067
5 0.921895 0.899023 0.003249 0.005791
5 0.925894 0.865002 0.003749 0.005791
5 0.913522 0.870974 0.004999 0.003257
5 0.926393 0.899385 0.003249 0.005791
5 0.928268 0.906442 0.005499 0.003257
5 0.930892 0.890698 0.005249 0.004343
5 0.931267 0.893775 0.004999 0.004705
5 0.927143 0.909700 0.005749 0.003981
5 0.928268 0.912414 0.005499 0.003619
5 0.924269 0.914767 0.002999 0.004705
5 0.929018 0.917662 0.005499 0.003257
5 0.928393 0.915128 0.005749 0.003981
5 0.914271 0.874231 0.005999 0.003257
5 0.908523 0.965798 0.003499 0.003981
5 0.913397 0.956207 0.003249 0.005791
5 0.918145 0.942997 0.003249 0.006153
5 0.921520 0.943902 0.002999 0.005067
5 0.924519 0.941187 0.002999 0.006153
5 0.906024 0.949873 0.005499 0.003257
5 0.904899 0.952407 0.005249 0.003257
5 0.901900 0.960188 0.002749 0.005067
5 0.904149 0.960188 0.002749 0.005067
5 0.907023 0.959464 0.002999 0.005791
5 0.908898 0.960731 0.003249 0.004705
5 0.928768 0.948788 0.005999 0.003981
5 0.928518 0.951864 0.004499 0.003619
5 0.911147 0.938835 0.002749 0.005791
5 0.926643 0.934853 0.003249 0.005067
5 0.916646 0.887622 0.002749 0.004705
5 0.910897 0.945892 0.002749 0.004705
5 0.762684 0.933949 0.002749 0.004705
48 0.829793 0.925443 0.017496 0.031126
48 0.851412 0.925262 0.027743 0.025697
5 0.915396 0.913681 0.004249 0.004705
48 0.795551 0.924720 0.044489 0.026782
5 0.924019 0.824104 0.002499 0.004343
5 0.923144 0.829352 0.003249 0.004705
5 0.929518 0.836229 0.002999 0.003981
5 0.922769 0.833695 0.003499 0.004705
48 0.738815 0.812342 0.047488 0.036554
5 0.772807 0.815237 0.002499 0.005429
5 0.772182 0.820847 0.003249 0.005067
5 0.756436 0.789902 0.007748 0.003981
5 0.764059 0.790988 0.005999 0.003257
5 0.684329 0.789721 0.004999 0.003619
5 0.699575 0.790988 0.004999 0.002533
5 0.672457 0.780130 0.004749 0.003257
48 0.684204 0.802389 0.051737 0.021716
48 0.685454 0.825914 0.048238 0.022439
5 0.690702 0.786283 0.003249 0.004705
5 0.685579 0.785740 0.003499 0.005067
5 0.710447 0.779045 0.005249 0.003257
5 0.683954 0.781397 0.005249 0.002895
5 0.773432 0.778864 0.003249 0.005067
5 0.774931 0.775063 0.003749 0.006153
5 0.772057 0.826276 0.002999 0.005791
48 0.660460 0.911328 0.020245 0.020268
48 0.682579 0.912414 0.027993 0.021716
48 0.662584 0.896851 0.022494 0.018096
48 0.630592 0.879479 0.023494 0.036916
48 0.629968 0.951864 0.021245 0.014477
48 0.628843 0.967427 0.025494 0.026782
48 0.567358 0.961093 0.019995 0.045241
48 0.584104 0.948245 0.029993 0.021716
48 0.605099 0.958017 0.027493 0.035469
48 0.642839 0.857944 0.034491 0.022801
5 0.936391 0.764748 0.004249 0.005791
5 0.934891 0.785197 0.002749 0.005429
5 0.922644 0.792617 0.004749 0.002895
5 0.929018 0.780130 0.002999 0.004705
5 0.778430 0.752081 0.003249 0.005791
5 0.784554 0.691278 0.002999 0.005791
48 0.915146 0.658885 0.027243 0.032211
5 0.946763 0.674991 0.002000 0.003619
5 0.938016 0.636084 0.004999 0.003257
5 0.944264 0.629750 0.004999 0.002895
5 0.951512 0.636989 0.002999 0.005067
5 0.942139 0.638617 0.005749 0.003981
5 0.945014 0.623779 0.005499 0.003257
5 0.946763 0.610749 0.004999 0.003257
5 0.945139 0.616902 0.005249 0.003257
5 0.943014 0.635722 0.004999 0.003981
48 0.914771 0.601158 0.040990 0.030402
48 0.925019 0.472132 0.036491 0.025697
5 0.966258 0.465798 0.004499 0.005067
5 0.980255 0.466160 0.004999 0.003619
5 0.974381 0.466703 0.004749 0.005429
5 0.970007 0.475027 0.003499 0.005429
48 0.982254 0.478465 0.018995 0.021716
5 0.960885 0.468151 0.004749 0.003981
5 0.969758 0.480275 0.003499 0.005067
5 0.966383 0.484437 0.002749 0.005429
5 0.969383 0.484799 0.003249 0.004705
5 0.968008 0.495657 0.002999 0.005429
5 0.959135 0.488599 0.005249 0.002172
5 0.959385 0.491314 0.005249 0.003981
5 0.957761 0.500724 0.004999 0.002533
5 0.958260 0.498190 0.003999 0.002533
5 0.962259 0.497467 0.002999 0.005429
5 0.965259 0.496743 0.002499 0.005429
5 0.956886 0.505248 0.005249 0.003619
5 0.957261 0.509591 0.005499 0.002895
5 0.980380 0.497467 0.002249 0.004705
5 0.958760 0.495657 0.005999 0.003981
5 0.959635 0.485523 0.004749 0.003257
5 0.960635 0.473037 0.004749 0.002895
5 0.960885 0.475389 0.004249 0.003257
5 0.961635 0.478646 0.004749 0.002533
5 0.965259 0.518277 0.003499 0.006515
5 0.957261 0.507600 0.005499 0.003257
5 0.954511 0.533297 0.005499 0.003257
5 0.954011 0.535107 0.004999 0.003257
5 0.954136 0.537640 0.005249 0.003257
5 0.953512 0.543431 0.005499 0.003257
5 0.954386 0.539631 0.004749 0.002895
5 0.954136 0.541802 0.005249 0.002895
5 0.950762 0.566413 0.004999 0.002895
5 0.952012 0.562794 0.005499 0.002895
5 0.951012 0.574014 0.004999 0.002895
5 0.950262 0.570937 0.004999 0.003257
5 0.950387 0.568042 0.005249 0.003257
5 0.951637 0.559718 0.005749 0.003257
5 0.952512 0.558089 0.004499 0.002895
5 0.952762 0.555375 0.004999 0.003257
48 0.961010 0.412052 0.025994 0.020630
48 0.819670 0.480456 0.025244 0.032211
48 0.856661 0.494752 0.049238 0.019544
48 0.833417 0.400290 0.020245 0.012305
48 0.659585 0.452226 0.053487 0.053927
5 0.582479 0.453312 0.004249 0.005429
5 0.531242 0.414767 0.005749 0.002895
5 0.531617 0.417662 0.004999 0.002895
5 0.531117 0.411871 0.004999 0.002895
48 0.504624 0.473398 0.030492 0.036916
5 0.459760 0.434311 0.003749 0.005791
5 0.462759 0.434491 0.004249 0.005429
5 0.465134 0.434311 0.003499 0.005791
5 0.586103 0.444625 0.003499 0.005429
5 0.581855 0.482628 0.002999 0.004705
5 0.499000 0.446254 0.003249 0.003619
5 0.595976 0.445530 0.004249 0.005791
48 0.618595 0.422186 0.031992 0.018458
48 0.612472 0.440644 0.041240 0.031488
48 0.597975 0.460550 0.025244 0.029316
48 0.610597 0.502895 0.021995 0.050308
5 0.573107 0.503076 0.002499 0.005067
48 0.552362 0.494209 0.029493 0.038726
5 0.576356 0.496019 0.004499 0.005429
48 0.615721 0.465979 0.023744 0.029316
48 0.504999 0.501267 0.026743 0.027506
48 0.577606 0.509229 0.016996 0.020992
48 0.588478 0.533297 0.052737 0.033659
5 0.378155 0.586500 0.004999 0.003257
48 0.438765 0.555194 0.037241 0.052841
48 0.473382 0.558270 0.042989 0.049584
5 0.544114 0.577995 0.002999 0.005067
5 0.545364 0.571842 0.003499 0.005791
5 0.560360 0.610387 0.005499 0.003257
5 0.566608 0.611292 0.004999 0.003619
5 0.483379 0.594101 0.005499 0.003981
5 0.496001 0.590300 0.005249 0.003619
5 0.524494 0.598444 0.006248 0.003257
48 0.574231 0.682410 0.040740 0.046688
48 0.800050 0.697249 0.034991 0.077814
48 0.765809 0.720955 0.026493 0.034021
5 0.787178 0.678248 0.003249 0.005791
5 0.785804 0.669562 0.004499 0.005791
5 0.663084 0.783569 0.003499 0.005791
5 0.666583 0.783931 0.003499 0.005791
48 0.696326 0.708831 0.050487 0.033659
48 0.677956 0.748824 0.020245 0.026782
48 0.692577 0.752805 0.015996 0.020268
48 0.705449 0.754795 0.017746 0.024249
48 0.719945 0.755338 0.018245 0.025335
48 0.750812 0.841658 0.030992 0.020630
48 0.690702 0.848534 0.036241 0.017734
48 0.680455 0.872783 0.052237 0.038726
48 0.710947 0.908614 0.039740 0.035831
48 0.369783 0.941911 0.061235 0.052479
48 0.454386 0.885632 0.036991 0.032573
48 0.384529 0.865183 0.021745 0.022077
48 0.417646 0.871697 0.028493 0.025697
48 0.423769 0.889251 0.032742 0.022439
48 0.451012 0.955845 0.039240 0.061527
48 0.423144 0.948064 0.049988 0.052479
5 0.413647 0.980818 0.005499 0.002895
5 0.414021 0.984075 0.005749 0.003619
5 0.420395 0.980456 0.002999 0.005067
5 0.427393 0.986066 0.002499 0.003981
5 0.423269 0.980999 0.002749 0.006153
5 0.433142 0.981904 0.002499 0.004343
5 0.435391 0.981180 0.002999 0.005791
5 0.438515 0.981723 0.003249 0.005429
5 0.425644 0.980637 0.002499 0.004705
5 0.427893 0.979913 0.003499 0.005429
5 0.430142 0.982447 0.002999 0.003981
5 0.274931 0.932682 0.004999 0.003619
5 0.286803 0.934492 0.005249 0.002895
5 0.327293 0.914767 0.002749 0.005429
5 0.325294 0.921281 0.002249 0.005429
5 0.325169 0.926891 0.002999 0.004343
48 0.275306 0.949873 0.033742 0.019182
48 0.295426 0.920557 0.041490 0.024973
48 0.300800 0.944987 0.017746 0.029678
48 0.258935 0.915309 0.034991 0.020268
48 0.249063 0.937930 0.026243 0.039450
48 0.247438 0.970141 0.020995 0.032211
48 0.273432 0.962541 0.033992 0.019906
48 0.285679 0.974303 0.035991 0.034021
48 0.260310 0.861202 0.033242 0.041621
48 0.197076 0.842924 0.031742 0.062251
48 0.217196 0.863554 0.023494 0.028954
48 0.236566 0.869345 0.022244 0.017372
5 0.133967 0.889251 0.004499 0.006515
5 0.137091 0.889613 0.005749 0.006515
5 0.140215 0.890156 0.003999 0.005429
5 0.142714 0.889975 0.003999 0.005067
48 0.296801 0.813970 0.047238 0.073109
48 0.229193 0.782664 0.042489 0.025697
48 0.260810 0.789178 0.031742 0.027868
48 0.231442 0.821028 0.025494 0.019906
48 0.226693 0.844372 0.029493 0.026059
5 0.026493 0.871336 0.004499 0.003981
5 0.035616 0.872602 0.004749 0.002895
5 0.042739 0.869164 0.006498 0.003257
5 0.049113 0.871155 0.005249 0.003619
5 0.040490 0.876945 0.005999 0.004343
5 0.050987 0.874231 0.005999 0.002533
5 0.046488 0.876041 0.004999 0.003257
48 0.113972 0.949511 0.061485 0.027144
48 0.047988 0.894680 0.018995 0.020268
48 0.072607 0.897756 0.033242 0.027144
48 0.091352 0.904995 0.017246 0.028592
48 0.103974 0.903728 0.011497 0.023887
5 0.048738 0.911690 0.002999 0.005067
48 0.070607 0.981723 0.024244 0.033659
48 0.096351 0.923453 0.027743 0.032211
48 0.263559 0.820666 0.025244 0.047412
5 0.414896 0.743033 0.004999 0.005067
5 0.706698 0.773073 0.003749 0.005791
5 0.710197 0.773616 0.003749 0.006153
48 0.824544 0.730908 0.029993 0.040174
48 0.798425 0.737242 0.032242 0.017372
48 0.911897 0.689830 0.034241 0.032573
5 0.938265 0.719508 0.003499 0.005791
5 0.828168 0.704669 0.005249 0.004343
48 0.862159 0.661781 0.034241 0.018458
48 0.830417 0.677886 0.031742 0.049222
5 0.833042 0.704669 0.005499 0.003619
48 0.849163 0.710641 0.016746 0.021354
48 0.860535 0.731270 0.016996 0.042345
48 0.877656 0.766558 0.019745 0.024611
48 0.889903 0.742671 0.054736 0.031849
48 0.894276 0.788997 0.040990 0.029678
48 0.898026 0.767644 0.035991 0.026059
5 0.938515 0.748462 0.002999 0.005791
5 0.834666 0.858668 0.005749 0.003981
48 0.731692 0.720413 0.028243 0.030040
48 0.688453 0.731994 0.033242 0.025697
48 0.747563 0.753891 0.043989 0.036916
48 0.730317 0.691459 0.023994 0.024973
5 0.745814 0.791531 0.003999 0.006515
48 0.544489 0.681144 0.032242 0.023887
48 0.902274 0.630293 0.059485 0.043793
48 0.921395 0.506334 0.048238 0.026782
48 0.896901 0.470322 0.023244 0.016287
48 0.919520 0.487514 0.054486 0.020992
48 0.870532 0.514658 0.049488 0.029678
48 0.926518 0.526601 0.031992 0.022439
48 0.933142 0.441730 0.031242 0.023525
48 0.754186 0.530221 0.039740 0.029678
48 0.782179 0.533840 0.024744 0.027506
48 0.718195 0.531488 0.033742 0.033659
48 0.740815 0.507058 0.021495 0.025335
48 0.915146 0.547774 0.044239 0.026421
48 0.761560 0.556460 0.062984 0.029316
48 0.770807 0.576185 0.047988 0.026782
48 0.847288 0.527868 0.049488 0.022801
5 0.488128 0.440825 0.006998 0.003619
48 0.484879 0.469055 0.020495 0.027506
48 0.478505 0.492400 0.020745 0.030040
5 0.375281 0.430872 0.005249 0.003981
5 0.224319 0.393956 0.003249 0.005429
5 0.218945 0.391060 0.005499 0.004705
5 0.222069 0.366992 0.004249 0.003619
48 0.196576 0.384546 0.039240 0.032935
5 0.222819 0.361925 0.005249 0.004343
5 0.221445 0.372602 0.004499 0.004705
5 0.220820 0.378936 0.005249 0.004343
48 0.318170 0.387260 0.040490 0.047774
48 0.265934 0.381469 0.066983 0.056460
48 0.344164 0.388527 0.046988 0.050308
5 0.219195 0.394318 0.004499 0.003981
5 0.228068 0.357401 0.003749 0.005429
5 0.226943 0.323742 0.004499 0.006153
5 0.226443 0.327362 0.006498 0.005429
5 0.230442 0.339486 0.002999 0.005791
5 0.226193 0.331343 0.004499 0.004705
5 0.225944 0.335143 0.004499 0.005067
5 0.225069 0.338400 0.004749 0.004343
5 0.239190 0.322838 0.004499 0.004343
5 0.238565 0.325190 0.004749 0.003257
5 0.231817 0.322657 0.003249 0.005429
5 0.228818 0.349801 0.004249 0.005429
5 0.225694 0.341839 0.004999 0.004705
5 0.231192 0.328628 0.003999 0.005791
5 0.237941 0.336410 0.004499 0.005429
5 0.237941 0.339486 0.005499 0.004343
5 0.236316 0.342201 0.004749 0.005429
5 0.236441 0.345458 0.004499 0.003981
5 0.223069 0.353239 0.004749 0.004343
5 0.225944 0.344372 0.005499 0.004705
48 0.289678 0.328809 0.034491 0.022801
48 0.337541 0.337495 0.067233 0.031488
48 0.283929 0.347086 0.015996 0.028230
5 0.236191 0.304017 0.005499 0.003619
5 0.220070 0.297684 0.003749 0.004705
5 0.240190 0.304017 0.004999 0.002895
5 0.252187 0.304017 0.005999 0.003619
5 0.263684 0.308722 0.004999 0.002895
5 0.230442 0.303113 0.005499 0.005429
5 0.272182 0.306008 0.004999 0.002533
5 0.259810 0.313065 0.004749 0.005067
5 0.262684 0.313065 0.003999 0.005067
5 0.266433 0.313789 0.003499 0.003619
5 0.269308 0.313608 0.004249 0.004705
5 0.271182 0.309627 0.005499 0.003257
5 0.246938 0.304198 0.005499 0.003257
5 0.272307 0.313789 0.003749 0.005067
5 0.275556 0.314151 0.003249 0.004343
5 0.277556 0.306732 0.004749 0.003257
5 0.284179 0.307275 0.005499 0.003619
5 0.278430 0.314513 0.004499 0.005067
5 0.243439 0.306551 0.004999 0.002895
5 0.281555 0.314513 0.003749 0.005067
5 0.288803 0.307818 0.004749 0.003257
5 0.294426 0.306551 0.003999 0.005067
5 0.300675 0.308903 0.004999 0.003257
5 0.295301 0.300217 0.003249 0.004705
5 0.306173 0.309627 0.004499 0.003257
5 0.314546 0.310532 0.005249 0.002895
5 0.320045 0.311256 0.004749 0.002895
5 0.325294 0.311799 0.005249 0.003257
5 0.332667 0.311980 0.004999 0.003619
5 0.338290 0.313065 0.004249 0.002895
5 0.343539 0.313065 0.005749 0.003619
5 0.349163 0.314332 0.005499 0.003257
5 0.354786 0.314332 0.005249 0.003257
5 0.360535 0.314875 0.004749 0.002895
5 0.365909 0.315599 0.004999 0.003619
5 0.372407 0.315961 0.005499 0.003619
5 0.341415 0.316685 0.004499 0.002895
5 0.295426 0.315961 0.004499 0.004343
5 0.303549 0.316685 0.003749 0.005067
5 0.306548 0.317228 0.003749 0.004705
5 0.309298 0.317409 0.003249 0.005067
5 0.315046 0.317952 0.005249 0.006153
5 0.318795 0.318856 0.004749 0.005067
5 0.322044 0.319037 0.003749 0.004705
5 0.324794 0.319218 0.004249 0.005791
5 0.328043 0.319399 0.004249 0.004705
5 0.331667 0.320123 0.004499 0.004705
5 0.334541 0.320304 0.004249 0.004343
5 0.338041 0.320485 0.004249 0.004705
5 0.340915 0.320847 0.003999 0.004705
5 0.344414 0.321209 0.003999 0.004705
5 0.347413 0.321571 0.004499 0.004705
5 0.350787 0.321571 0.003749 0.003981
5 0.354036 0.322114 0.003749 0.004343
5 0.356661 0.322114 0.003999 0.004343
5 0.359410 0.322114 0.004499 0.004343
5 0.362659 0.322838 0.003999 0.004343
5 0.365659 0.323380 0.003499 0.003981
48 0.087228 0.340391 0.032992 0.046688
48 0.199825 0.362468 0.029743 0.022077
48 0.144839 0.373326 0.024744 0.038726
48 0.105099 0.376764 0.027743 0.024611
48 0.125719 0.378755 0.020495 0.023525
48 0.079980 0.371878 0.026493 0.027868
5 0.111472 0.343648 0.006998 0.004705
48 0.168208 0.318675 0.041490 0.028592
48 0.088853 0.308903 0.027243 0.024973
48 0.126718 0.315961 0.050487 0.034021
48 0.167708 0.383279 0.029493 0.026059
48 0.165084 0.334962 0.037241 0.031488
48 0.169083 0.366088 0.024244 0.021354
48 0.148088 0.347448 0.041240 0.034021
48 0.329043 0.503076 0.050237 0.036193
5 0.206323 0.518639 0.004249 0.002895
5 0.205824 0.515744 0.004749 0.003619
5 0.230567 0.419472 0.003249 0.003619
48 0.341540 0.462722 0.028243 0.048860
48 0.313172 0.449511 0.037991 0.030402
48 0.318920 0.482266 0.031992 0.021354
48 0.236566 0.452769 0.031742 0.052841
48 0.255311 0.440463 0.031242 0.025335
48 0.274056 0.466341 0.059735 0.040174
48 0.281680 0.444625 0.031992 0.025697
48 0.157211 0.694354 0.033992 0.030764
48 0.115971 0.692725 0.018995 0.026059
48 0.132092 0.697611 0.020245 0.021354
48 0.131467 0.663047 0.038490 0.021716
48 0.100600 0.686934 0.022244 0.039088
48 0.104599 0.668295 0.018245 0.022077
5 0.188578 0.660514 0.003749 0.003619
5 0.191952 0.653456 0.003499 0.006153
5 0.194576 0.698697 0.002749 0.003981
48 0.161710 0.666667 0.032492 0.023163
48 0.164334 0.644046 0.031742 0.032211
5 0.133217 0.634998 0.003499 0.005429
48 0.093852 0.602968 0.046238 0.031126
48 0.151212 0.625045 0.024494 0.056460
48 0.124219 0.621788 0.026993 0.058632
5 0.047863 0.534564 0.003749 0.005067
5 0.036866 0.544155 0.004249 0.004705
5 0.028118 0.553746 0.005749 0.003619
5 0.073732 0.556641 0.005499 0.003619
5 0.175831 0.567861 0.004249 0.002895
5 0.174206 0.562613 0.003499 0.002533
5 0.205699 0.530040 0.004499 0.004705
48 0.298800 0.528954 0.040740 0.038002
48 0.263184 0.526963 0.033492 0.031849
48 0.107473 0.514296 0.034991 0.026782
48 0.479255 0.676439 0.046238 0.036193
48 0.449013 0.618350 0.019245 0.020630
5 0.468633 0.590843 0.003499 0.004705
48 0.412147 0.642780 0.036991 0.025335
48 0.600600 0.746290 0.026993 0.023887
5 0.904024 0.912776 0.004999 0.006515
5 0.900275 0.912776 0.005499 0.006515
48 0.818795 0.919291 0.021495 0.025335
5 0.797801 0.905899 0.003999 0.005067
5 0.801550 0.906261 0.002999 0.005791
5 0.919020 0.866992 0.003499 0.006877
48 0.844914 0.955845 0.040740 0.039812
48 0.664334 0.844734 0.015496 0.018096
48 0.642964 0.802570 0.026243 0.030040
5 0.614096 0.778140 0.003999 0.005791
5 0.616846 0.778502 0.002999 0.005067
5 0.619220 0.778140 0.003749 0.006515
5 0.630717 0.766196 0.003749 0.005067
48 0.380030 0.838581 0.023744 0.016649
5 0.480255 0.912233 0.006248 0.003981
48 0.402774 0.845458 0.024244 0.018096
5 0.440265 0.920195 0.003249 0.004705
5 0.443889 0.921100 0.003499 0.005067
5 0.358036 0.897032 0.003249 0.004705
5 0.386653 0.899385 0.002999 0.005791
5 0.438015 0.904090 0.003249 0.005791
5 0.389653 0.899385 0.002999 0.005791
5 0.347288 0.766015 0.002749 0.004705
5 0.350162 0.770539 0.002999 0.003619
5 0.307048 0.731994 0.004249 0.004705
5 0.205574 0.717879 0.005249 0.005429
48 0.125094 0.203583 0.042239 0.022801
48 0.229568 0.143503 0.037741 0.058270
48 0.104349 0.135179 0.026743 0.046688
48 0.107723 0.169200 0.041990 0.027868
48 0.138340 0.171010 0.022244 0.022077
48 0.155961 0.170286 0.016996 0.027868
48 0.157336 0.149656 0.018245 0.022077
48 0.153462 0.106587 0.033492 0.023525
48 0.169583 0.175896 0.014746 0.015925
48 0.180455 0.176439 0.014996 0.021354
48 0.202199 0.175896 0.030492 0.026059
48 0.199950 0.154542 0.022994 0.031126
48 0.102974 0.100977 0.025494 0.026059
48 0.158710 0.130655 0.019995 0.021716
48 0.132592 0.135541 0.032242 0.052479
5 0.085979 0.133731 0.003499 0.004705
5 0.085729 0.140065 0.003499 0.005791
5 0.090102 0.129750 0.003249 0.006153
48 0.060860 0.132103 0.035241 0.028954
48 0.029993 0.138979 0.031992 0.014477
48 0.025119 0.149837 0.016746 0.019544
48 0.039740 0.152733 0.023994 0.019544
5 0.036241 0.129207 0.005499 0.003619
48 0.065859 0.108759 0.026743 0.020630
48 0.067108 0.090662 0.031742 0.020630
48 0.028618 0.108035 0.033742 0.040898
48 0.046613 0.056098 0.043239 0.041260
48 0.054736 0.080528 0.041990 0.028592
48 0.026243 0.032573 0.030992 0.026059
5 0.080730 0.062613 0.005499 0.005067
5 0.080480 0.054832 0.004499 0.005429
5 0.080855 0.068585 0.004749 0.004705
5 0.073357 0.036374 0.004749 0.004705
5 0.096226 0.036916 0.005999 0.003619
5 0.072482 0.030764 0.004999 0.002895
5 0.053487 0.037821 0.004999 0.005429
5 0.057611 0.042526 0.004249 0.005429
5 0.059985 0.044698 0.003499 0.006153
5 0.063234 0.048136 0.002999 0.005067
5 0.065984 0.050670 0.004499 0.005791
5 0.067733 0.053022 0.004499 0.006153
5 0.069858 0.055556 0.003749 0.005429
5 0.070357 0.057908 0.003249 0.005791
5 0.072732 0.059356 0.003499 0.005067
5 0.073857 0.061708 0.003249 0.004705
5 0.108598 0.064423 0.005249 0.005791
5 0.082229 0.027506 0.003999 0.005067
5 0.085354 0.028411 0.003749 0.006153
5 0.087728 0.028049 0.004499 0.006153
5 0.091352 0.028411 0.004249 0.005429
5 0.093977 0.029135 0.004499 0.005429
5 0.096476 0.028954 0.003999 0.005067
5 0.099225 0.029497 0.003499 0.005429
5 0.101725 0.029316 0.004499 0.005791
5 0.104849 0.030040 0.003749 0.005791
5 0.107973 0.030945 0.003499 0.006153
5 0.113347 0.031307 0.003749 0.006153
5 0.102974 0.037097 0.005999 0.003981
5 0.108348 0.038545 0.005249 0.003257
5 0.118720 0.031668 0.003999 0.006153
5 0.113222 0.039088 0.004999 0.003619
6 0.082479 0.035469 0.008498 0.004343
5 0.120970 0.031488 0.003499 0.005791
5 0.124219 0.032211 0.003999 0.005791
5 0.126843 0.032754 0.003749 0.006153
5 0.130092 0.034021 0.003749 0.006515
5 0.132842 0.033297 0.003749 0.007239
5 0.118720 0.036554 0.004999 0.003619
5 0.089853 0.036012 0.005249 0.003257
5 0.100100 0.034202 0.005749 0.003257
5 0.046738 0.031307 0.004999 0.004705
5 0.135466 0.032935 0.003499 0.005067
5 0.137716 0.031668 0.003499 0.006153
5 0.140090 0.029859 0.004249 0.006153
5 0.142339 0.028049 0.003249 0.005429
5 0.144714 0.026963 0.003999 0.006153
5 0.147338 0.025335 0.003249 0.005791
5 0.154086 0.024611 0.005249 0.004343
48 0.112472 0.081614 0.021495 0.019906
48 0.159460 0.044517 0.034991 0.034745
48 0.176081 0.030945 0.023744 0.020630
48 0.118095 0.076728 0.023244 0.025335
48 0.130092 0.066232 0.027743 0.031849
48 0.141965 0.054470 0.031492 0.025697
48 0.139340 0.088129 0.025744 0.023525
48 0.159585 0.071480 0.021745 0.019182
48 0.156461 0.085052 0.023994 0.018096
48 0.125219 0.102968 0.024994 0.022077
48 0.192327 0.116540 0.045739 0.019544
5 0.214071 0.092110 0.002749 0.005429
5 0.216196 0.091024 0.003999 0.005429
5 0.211697 0.094282 0.003999 0.004705
5 0.219820 0.090481 0.003249 0.005067
5 0.221695 0.093558 0.004499 0.004705
5 0.222694 0.098806 0.004999 0.003619
5 0.179955 0.104235 0.005999 0.003619
48 0.264184 0.058451 0.039990 0.035831
48 0.187703 0.042888 0.019995 0.019906
48 0.338665 0.142418 0.039490 0.040174
48 0.279555 0.121788 0.048238 0.040174
48 0.287178 0.081433 0.031992 0.029678
48 0.302049 0.098263 0.032242 0.032211
48 0.301175 0.128845 0.061985 0.047050
5 0.356411 0.139160 0.004499 0.005429
48 0.353412 0.165581 0.037991 0.040898
48 0.348038 0.194716 0.030242 0.025335
48 0.320420 0.193087 0.031492 0.027144
48 0.302549 0.169200 0.023244 0.023525
48 0.326918 0.168476 0.029493 0.031488
48 0.258810 0.144770 0.026743 0.021716
48 0.284804 0.156895 0.028743 0.034383
48 0.263309 0.093015 0.034741 0.035469
5 0.187328 0.096996 0.003749 0.005791
48 0.249563 0.033840 0.054736 0.043069
48 0.185204 0.022982 0.025494 0.024249
48 0.184829 0.060803 0.035741 0.033297
48 0.213822 0.043974 0.052237 0.045241
5 0.087228 0.070395 0.003999 0.006153
48 0.483004 0.249005 0.039240 0.039812
5 0.344164 0.219327 0.002499 0.004343
5 0.771557 0.140789 0.004999 0.005791
5 0.764809 0.138256 0.005999 0.005791
5 0.798300 0.169019 0.005499 0.005791
5 0.822794 0.175896 0.004499 0.005791
48 0.612222 0.085595 0.039740 0.035107
48 0.645839 0.113645 0.064484 0.058632
48 0.926518 0.159609 0.084979 0.083967
10 0.712947 0.095548 0.018245 0.010858
48 0.956386 0.234709 0.046738 0.046688
38 0.795426 0.049041 0.028743 0.020630
38 0.817171 0.032211 0.024744 0.022439
48 0.583479 0.030402 0.032242 0.034021
48 0.469508 0.054108 0.040240 0.046688
5 0.514246 0.067861 0.003749 0.004705
5 0.531367 0.089034 0.003499 0.005791
5 0.533492 0.091024 0.004249 0.005429
5 0.518995 0.074195 0.004249 0.005067
48 0.533867 0.074014 0.015496 0.019906
48 0.499375 0.098806 0.046488 0.044155
5 0.551987 0.116721 0.003249 0.005429
5 0.553612 0.118169 0.003499 0.006153
5 0.555736 0.121064 0.003749 0.005429
5 0.562234 0.138617 0.006248 0.005791
5 0.568483 0.140608 0.003749 0.004705
48 0.575481 0.119435 0.018745 0.016649
5 0.526618 0.085052 0.003499 0.003619
19 0.530367 0.019725 0.010497 0.014115
19 0.538990 0.031126 0.012247 0.015201
19 0.546988 0.042888 0.013247 0.014839
19 0.555236 0.053927 0.011747 0.013029
19 0.562484 0.064061 0.011247 0.015201
19 0.570982 0.075100 0.010247 0.012667
19 0.580480 0.085595 0.011247 0.013391
19 0.588978 0.095367 0.010747 0.013391
19 0.598100 0.105682 0.011997 0.013029
19 0.608473 0.116178 0.010247 0.012305
19 0.617971 0.126312 0.009748 0.013029
5 0.569983 0.150199 0.004749 0.005791
5 0.576606 0.163590 0.004999 0.005791
5 0.585354 0.168476 0.003999 0.005429
48 0.528368 0.161419 0.020495 0.023887
48 0.510372 0.136808 0.012997 0.015201
48 0.492252 0.113645 0.021245 0.024611
5 0.603974 0.201592 0.005749 0.006515
5 0.621220 0.226022 0.005249 0.006153
48 0.547363 0.307818 0.044989 0.041621
48 0.799175 0.344915 0.021745 0.020268
48 0.945389 0.325371 0.016246 0.014477
48 0.955761 0.324104 0.011497 0.011944
48 0.905649 0.288093 0.028743 0.028230
5 0.829918 0.339305 0.006248 0.003981
5 0.834916 0.337676 0.003249 0.005067
48 0.033242 0.313065 0.051487 0.044155
5 0.121095 0.294064 0.006248 0.003257
5 0.098100 0.292255 0.005749 0.002533
5 0.064859 0.350163 0.005249 0.004705
5 0.070482 0.351430 0.003999 0.005067
5 0.065859 0.344010 0.004249 0.004705
19 0.748438 0.217698 0.010247 0.006153
5 0.666083 0.077271 0.010497 0.007600
5 0.533867 0.126131 0.004499 0.004705
5 0.752562 0.622150 0.005999 0.003619
5 0.761060 0.631560 0.004999 0.003619
5 0.758810 0.619616 0.003999 0.005791
5 0.798550 0.616902 0.002999 0.006153
5 0.794676 0.614007 0.003749 0.006153
5 0.788428 0.622874 0.004249 0.003619
5 0.829043 0.607130 0.005999 0.003257
5 0.828918 0.611654 0.004249 0.002895
5 0.828293 0.615092 0.005499 0.003257
5 0.828043 0.617445 0.004499 0.003619
48 0.735066 0.572385 0.027493 0.051031
5 0.936266 0.705574 0.003999 0.006153
5 0.936141 0.709736 0.003749 0.005067
5 0.934641 0.721136 0.002749 0.004705
5 0.933642 0.726384 0.003749 0.005791
5 0.936891 0.697611 0.003249 0.006877
5 0.927893 0.785378 0.003749 0.005067
5 0.939765 0.767644 0.003499 0.006515
5 0.915271 0.892689 0.004499 0.004705
5 0.929018 0.899204 0.002999 0.003981
5 0.929268 0.901556 0.003999 0.004343
5 0.769683 0.846182 0.002749 0.005067
5 0.765434 0.858487 0.005249 0.005067
38 0.888403 0.091748 0.041740 0.027868
5 0.764309 0.861564 0.005499 0.003981
5 0.764559 0.863554 0.005499 0.004343
5 0.806548 0.894137 0.004499 0.003981
5 0.771682 0.916576 0.003749 0.006153
5 0.744689 0.777416 0.002249 0.005067
5 0.729693 0.790988 0.003249 0.005429
5 0.742564 0.791893 0.003499 0.005067
5 0.723819 0.829352 0.003499 0.005429
48 0.712447 0.819761 0.016746 0.049946
5 0.723694 0.786826 0.004749 0.002895
5 0.748688 0.778502 0.003249 0.004343
5 0.751062 0.779225 0.002999 0.005067
5 0.288803 0.730185 0.004249 0.005429
5 0.091602 0.884184 0.003249 0.005067
5 0.116971 0.874593 0.004999 0.003981
5 0.161210 0.917119 0.004499 0.002895
5 0.161085 0.919834 0.004749 0.003257
5 0.062359 0.866088 0.004249 0.005791
5 0.088478 0.706117 0.004499 0.002895
5 0.033617 0.681687 0.003749 0.004705
5 0.089603 0.674629 0.004749 0.002172
5 0.257686 0.579805 0.004999 0.003619
5 0.241565 0.565328 0.002749 0.005067
5 0.451012 0.593377 0.005749 0.003257
5 0.154586 0.188744 0.006248 0.003257
5 0.138590 0.186934 0.005749 0.003257
5 0.112972 0.190916 0.005999 0.003981
5 0.088978 0.192001 0.003999 0.004705
5 0.102224 0.189830 0.005499 0.004705
5 0.140840 0.193811 0.005749 0.003981
5 0.217946 0.192182 0.003999 0.002895
5 0.084354 0.146037 0.003249 0.004705
6 0.087728 0.147123 0.003499 0.007600
5 0.223319 0.101339 0.003749 0.002895
5 0.236066 0.085233 0.004249 0.004705
5 0.196576 0.112016 0.003749 0.003981
5 0.199575 0.111654 0.003249 0.003981
5 0.202574 0.111654 0.003249 0.003981
5 0.185954 0.110025 0.002999 0.004343
5 0.092602 0.087224 0.004249 0.003619
5 0.074106 0.026782 0.004749 0.005067
5 0.157586 0.031668 0.003749 0.003257
5 0.159585 0.030040 0.002749 0.002895
5 0.154961 0.033297 0.002999 0.002895
5 0.153087 0.035107 0.003249 0.003619
5 0.151212 0.036554 0.003999 0.002895
5 0.144214 0.040898 0.003499 0.003619
5 0.146838 0.039269 0.003749 0.003257
5 0.148713 0.037640 0.003999 0.003619
5 0.144339 0.187839 0.005749 0.003619
5 0.164709 0.193811 0.004999 0.003981
5 0.075606 0.251357 0.002749 0.004705
5 0.034241 0.284473 0.005499 0.002895
5 0.058235 0.288636 0.005499 0.003257
5 0.014996 0.281940 0.005499 0.003619
5 0.030867 0.207926 0.003749 0.002533
5 0.040740 0.201773 0.003499 0.006153
5 0.044864 0.202859 0.002749 0.004705
48 0.050112 0.226565 0.031242 0.018820
5 0.048863 0.028411 0.005749 0.003981
5 0.042239 0.028773 0.004499 0.003257
48 0.581730 0.567318 0.021245 0.028592
48 0.722944 0.844553 0.027243 0.022077
5 0.919395 0.925262 0.003249 0.005429
5 0.914521 0.896851 0.005499 0.005067
48 0.060610 0.916033 0.015746 0.020268
48 0.067983 0.932501 0.026993 0.014115
48 0.051112 0.961455 0.027743 0.016287
48 0.040990 0.978104 0.024994 0.025697
48 0.055236 0.982628 0.016496 0.031126
48 0.117846 0.982628 0.043739 0.026059
5 0.171832 0.982085 0.004249 0.004705
5 0.161835 0.977018 0.003249 0.004705
5 0.152712 0.980818 0.004999 0.003619
48 0.220195 0.981361 0.033492 0.022801
48 0.214196 0.957474 0.044489 0.019906
9 0.045989 0.923091 0.004999 0.008324
48 0.831667 0.145856 0.033742 0.048498
5 0.632967 0.181325 0.006248 0.006515
5 0.633967 0.230366 0.004249 0.004705
5 0.644214 0.226384 0.005249 0.003981
5 0.638465 0.229099 0.005249 0.003619
5 0.639465 0.230908 0.004249 0.002895
5 0.631342 0.227108 0.003499 0.003257
5 0.651462 0.216069 0.003249 0.004343
5 0.669333 0.244843 0.004999 0.003981
5 0.668333 0.258053 0.003999 0.005791
5 0.676081 0.253167 0.005499 0.003981
5 0.670832 0.247376 0.004999 0.003257
5 0.672082 0.249005 0.004499 0.003619
5 0.674082 0.251357 0.004499 0.003981
5 0.646838 0.238147 0.003999 0.005067
5 0.677081 0.254976 0.005499 0.003981
5 0.069608 0.025697 0.003249 0.005067
5 0.067608 0.024068 0.003249 0.005429
35 0.981630 0.022439 0.019245 0.026782
31 0.985879 0.029497 0.028243 0.058994
57 0.964009 0.146218 0.012497 0.011582
57 0.974756 0.154723 0.012497 0.011944
5 0.989003 0.552298 0.004999 0.004343
48 0.963759 0.002353 0.072482 0.004705
38 0.788928 0.105863 0.026243 0.014115
5 0.796676 0.973760 0.004749 0.003257
5 0.815046 0.974846 0.005499 0.002533
51 0.845789 0.825914 0.020995 0.034021
5 0.835541 0.807275 0.006498 0.003257
48 0.840415 0.775787 0.055236 0.038002
5 0.930767 0.750814 0.002999 0.004705
48 0.890277 0.719870 0.037491 0.027506
5 0.850912 0.726927 0.004749 0.002533
48 0.876906 0.675353 0.011747 0.012305
48 0.859785 0.685487 0.012997 0.008686
5 0.892027 0.655809 0.003499 0.002895
5 0.862909 0.647304 0.002749 0.004705
5 0.942889 0.641694 0.003249 0.002172
5 0.947013 0.582881 0.004499 0.003257
53 0.951887 0.564785 0.008248 0.022077
53 0.953762 0.538183 0.006998 0.013753
53 0.957636 0.497828 0.009248 0.028592
53 0.960760 0.473760 0.005499 0.014477
48 0.915521 0.443540 0.010997 0.011944
5 0.856536 0.245928 0.003999 0.005429
5 0.853537 0.245385 0.002499 0.004343
53 0.875781 0.250271 0.030992 0.012667
48 0.665959 0.053384 0.060735 0.044517
5 0.778430 0.148751 0.004749 0.005067
5 0.782929 0.153456 0.004249 0.004343
48 0.019370 0.065509 0.034741 0.034021
48 0.034616 0.917119 0.019745 0.055737
5 0.634216 0.457655 0.002749 0.004705
5 0.386403 0.406080 0.004499 0.004343
5 0.414146 0.430872 0.003999 0.003981
5 0.370532 0.436844 0.003749 0.003619
5 0.366408 0.433406 0.003499 0.003257
5 0.231817 0.413681 0.005749 0.003619
5 0.292302 0.351249 0.004749 0.002533
53 0.173332 0.791350 0.009748 0.032211
53 0.665084 0.309808 0.009998 0.011582
53 0.655961 0.239233 0.014746 0.015201
53 0.669208 0.250995 0.020245 0.017010
53 0.685579 0.252443 0.012997 0.013391
53 0.675706 0.262577 0.014246 0.008324
5 0.603224 0.184401 0.003749 0.003981
5 0.606848 0.197973 0.002499 0.002895
5 0.585604 0.183134 0.002499 0.002895
5 0.589728 0.188382 0.003249 0.004705
6 0.578980 0.172638 0.009748 0.010858
19 0.505249 0.019182 0.010247 0.013029
19 0.514246 0.031126 0.010747 0.013029
19 0.522119 0.041260 0.008498 0.012305
19 0.531492 0.053565 0.012747 0.015925
53 0.271057 0.314151 0.028743 0.006515
53 0.303799 0.316866 0.021245 0.007600
53 0.321170 0.318494 0.016496 0.006515
53 0.335291 0.320485 0.014246 0.006153
53 0.348163 0.321933 0.014996 0.006153
53 0.361035 0.322476 0.012747 0.005791
19 0.522119 0.008686 0.011497 0.012305
5 0.149838 0.023163 0.002749 0.004343
48 0.103724 0.016287 0.018495 0.019544
48 0.123969 0.016106 0.021995 0.022077
5 0.934016 0.716069 0.002999 0.004705
48 0.923019 0.586319 0.023494 0.011582
48 0.929518 0.564061 0.021995 0.009048
48 0.908523 0.563337 0.022994 0.012667
10 0.793427 0.467065 0.006248 0.004705
5 0.855911 0.454940 0.005249 0.002895
5 0.863034 0.455483 0.004999 0.002533
5 0.849788 0.449149 0.003999 0.002172
48 0.877031 0.372964 0.013997 0.017010
48 0.795676 0.379479 0.024744 0.017734
5 0.818670 0.370431 0.003249 0.005429
10 0.883404 0.231270 0.018745 0.007239
10 0.859785 0.215527 0.017496 0.011220
10 0.946014 0.013934 0.018995 0.005429
5 0.800550 0.627217 0.002499 0.002895
6 0.611222 0.778683 0.003249 0.006877
5 0.662834 0.376945 0.002999 0.003257
48 0.721070 0.338038 0.015996 0.009410
48 0.759185 0.337134 0.010747 0.009048
5 0.815921 0.327362 0.004749 0.002533
48 0.600975 0.295874 0.049738 0.032935
48 0.441015 0.041260 0.010247 0.008686
5 0.472132 0.435577 0.005999 0.001810
5 0.503874 0.438654 0.002499 0.004343
5 0.525744 0.472856 0.002749 0.004705
5 0.410022 0.675534 0.002749 0.003981
37 0.773182 0.016830 0.038240 0.015563
38 0.851787 0.161600 0.016996 0.015563
6 0.474756 0.012486 0.010247 0.011944
5 0.358410 0.680058 0.002999 0.004343
5 0.388278 0.749367 0.004749 0.002533
6 0.341915 0.774520 0.003499 0.006515
10 0.164709 0.572747 0.003499 0.005429
5 0.166583 0.518458 0.002749 0.007600
5 0.166333 0.524792 0.002749 0.004343
5 0.262059 0.421100 0.003749 0.003981
5 0.194951 0.244481 0.002499 0.004705
48 0.017496 0.210822 0.019495 0.040898
48 0.038990 0.257510 0.058985 0.048860
48 0.035616 0.355773 0.046738 0.049222
48 0.030117 0.513934 0.027743 0.047050
5 0.221695 0.313608 0.004999 0.005429
5 0.242939 0.315780 0.004499 0.005429
6 0.324794 0.949692 0.004249 0.009410
6 0.427518 0.593739 0.011747 0.003981
5 0.481880 0.555737 0.002499 0.003981
5 0.579980 0.459645 0.003249 0.005067
5 0.578355 0.466884 0.002499 0.003619
5 0.714571 0.737061 0.004499 0.003257
48 0.968758 0.453312 0.034991 0.017010
48 0.441890 0.018096 0.021495 0.022439
10 0.084354 0.190192 0.003749 0.006153
5 0.067983 0.317590 0.004499 0.003981
5 0.052487 0.491857 0.004499 0.004343
5 0.078105 0.547050 0.004749 0.003257
5 0.120970 0.793341 0.003499 0.004343
5 0.159960 0.925081 0.004499 0.002895
53 0.162709 0.714441 0.018995 0.007962
5 0.216196 0.512305 0.002499 0.004705
5 0.213822 0.457293 0.002749 0.003981
5 0.168208 0.410966 0.002999 0.003257
5 0.124344 0.402823 0.003749 0.002172
53 0.221195 0.096453 0.007498 0.011220
10 0.189953 0.110568 0.002999 0.003981
53 0.192452 0.110568 0.018495 0.006153
5 0.260185 0.461817 0.002499 0.005067
5 0.307923 0.470322 0.002999 0.005429
5 0.318545 0.588129 0.002249 0.003619
5 0.292302 0.578357 0.004249 0.002895
5 0.252437 0.581795 0.002499 0.004705
5 0.297676 0.798408 0.003999 0.002172
5 0.206073 0.886355 0.006248 0.002895
53 0.410522 0.670286 0.020245 0.015201
5 0.364534 0.628845 0.002249 0.003981
53 0.530992 0.412595 0.006748 0.012305
53 0.518745 0.627760 0.008248 0.037278
53 0.505874 0.647304 0.007498 0.026421
5 0.491877 0.796236 0.003999 0.002895
6 0.597726 0.657619 0.005749 0.013029
53 0.817921 0.262939 0.013247 0.008324
53 0.772807 0.267644 0.015496 0.009048
53 0.834041 0.338400 0.014496 0.007239
5 0.818170 0.375498 0.002749 0.004705
5 0.789178 0.471951 0.004749 0.003619
5 0.781555 0.484437 0.002000 0.003981
5 0.783679 0.484256 0.001750 0.003619
5 0.765434 0.483170 0.004749 0.002172
5 0.801050 0.569671 0.002499 0.004343
5 0.828918 0.904814 0.005749 0.002172
5 0.965384 0.305103 0.004749 0.003619
9 0.869408 0.051755 0.014246 0.015201
5 0.816296 0.147123 0.003499 0.002533
5 0.843414 0.143865 0.003249 0.004705
5 0.821670 0.733623 0.004749 0.002895
53 0.928018 0.901375 0.012997 0.034383
53 0.788803 0.903909 0.028993 0.014839
5 0.685579 0.932682 0.002499 0.003619
5 0.450512 0.906080 0.002749 0.005429
6 0.295301 0.894680 0.007748 0.003619
5 0.170082 0.968874 0.002749 0.004343
5 0.591602 0.532392 0.002499 0.004343
5 0.691202 0.519906 0.003249 0.004705
5 0.693827 0.494752 0.002999 0.005067
5 0.637966 0.433044 0.002749 0.003257
48 0.557736 0.006153 0.026243 0.012305
53 0.455511 0.745024 0.034241 0.009772
5 0.435391 0.744481 0.003999 0.004343
5 0.391277 0.752986 0.003249 0.002533
5 0.198950 0.690554 0.002000 0.004343
5 0.200825 0.673000 0.002749 0.006153
5 0.110722 0.513934 0.002999 0.005067
5 0.068358 0.364640 0.001750 0.003257
5 0.196826 0.238690 0.003249 0.005429
5 0.208698 0.201954 0.005499 0.002895
56 0.649213 0.005791 0.041740 0.011582
5 0.661960 0.039993 0.005749 0.004705
48 0.597601 0.046326 0.024494 0.020992
23 0.703199 0.072204 0.011747 0.009772
5 0.692077 0.106768 0.006998 0.004343
56 0.784429 0.106225 0.082729 0.069852
56 0.923519 0.215165 0.051487 0.051755
5 0.809298 0.446073 0.004999 0.005429
5 0.886028 0.484075 0.003999 0.006153
5 0.840665 0.469598 0.006248 0.003257
5 0.841040 0.472132 0.005999 0.003257
5 0.840540 0.474303 0.005499 0.003257
5 0.840790 0.477018 0.006498 0.002895
5 0.883404 0.492942 0.003249 0.006515
5 0.957136 0.512305 0.004749 0.003257
5 0.982879 0.550308 0.004249 0.003981
5 0.897651 0.578538 0.004749 0.004705
5 0.479880 0.964350 0.002999 0.006153
5 0.476881 0.953674 0.003999 0.003619
48 0.790052 0.952407 0.076481 0.048136
5 0.477631 0.944987 0.004999 0.003619
5 0.527618 0.928882 0.006998 0.003257
5 0.511497 0.928882 0.002749 0.006153
5 0.572857 0.930691 0.005999 0.003981
5 0.508498 0.927615 0.004249 0.005791
5 0.262309 0.584148 0.002749 0.005067
5 0.323169 0.590119 0.002999 0.005429
5 0.322169 0.574376 0.003999 0.006515
5 0.256936 0.583424 0.003499 0.005791
5 0.181080 0.565508 0.005249 0.003981
5 0.135091 0.571480 0.004249 0.005791
5 0.067108 0.389975 0.003249 0.004705
5 0.058985 0.399385 0.005499 0.002533
5 0.061610 0.292617 0.007248 0.003981
5 0.036241 0.201773 0.002999 0.006877
5 0.033242 0.201592 0.002999 0.006515
5 0.089603 0.096996 0.004249 0.005791
5 0.146213 0.076185 0.005499 0.005429
48 0.008623 0.028773 0.014246 0.020630
5 0.455761 0.322476 0.003249 0.004343
5 0.695076 0.616721 0.005499 0.002895
5 0.428393 0.320304 0.003499 0.004343
5 0.422144 0.319761 0.003999 0.003981
5 0.433517 0.324828 0.003749 0.003981
5 0.427143 0.324828 0.003499 0.003981
5 0.662459 0.317771 0.005249 0.003619
5 0.663084 0.315418 0.004499 0.002533
5 0.762434 0.476837 0.005249 0.002533
5 0.817171 0.332609 0.005249 0.002895
5 0.680955 0.412957 0.004749 0.005791
5 0.681455 0.405537 0.004249 0.005429
5 0.622594 0.357039 0.004499 0.003981
5 0.699200 0.242128 0.004749 0.004343
5 0.890027 0.266739 0.004499 0.002895
5 0.898150 0.270720 0.004249 0.003619
5 0.343289 0.215346 0.004749 0.002895
5 0.348038 0.216250 0.004249 0.002533
5 0.169708 0.883641 0.003999 0.004705
5 0.155211 0.891241 0.003999 0.004705
5 0.156211 0.713717 0.002999 0.005067
5 0.164584 0.714622 0.003749 0.005429
5 0.167833 0.714260 0.002749 0.005429
5 0.259185 0.200145 0.004999 0.005067
5 0.062984 0.718241 0.004499 0.003257
5 0.033992 0.655266 0.005499 0.003981
5 0.034366 0.658885 0.004749 0.003257
5 0.036741 0.615997 0.004999 0.003619
5 0.037116 0.613283 0.003749 0.002533
5 0.044989 0.545784 0.004499 0.004343
5 0.201450 0.581614 0.003999 0.004343
48 0.380030 0.663771 0.031742 0.035469
5 0.059860 0.284473 0.004749 0.002895
5 0.103974 0.288817 0.004999 0.003619
5 0.115721 0.289902 0.004499 0.003619
5 0.093352 0.287731 0.005249 0.002895
5 0.098100 0.288455 0.004749 0.002895
5 0.167458 0.295693 0.004999 0.002895
5 0.161960 0.295331 0.004999 0.002895
5 0.177331 0.296960 0.004749 0.003257
5 0.180080 0.304560 0.003749 0.004705
5 0.176956 0.305103 0.002499 0.003619
5 0.482879 0.758415 0.005499 0.003257
5 0.473632 0.754615 0.004999 0.002895
5 0.462384 0.756062 0.004999 0.003619
5 0.190327 0.305103 0.003749 0.005067
5 0.193702 0.305646 0.004499 0.005429
5 0.211822 0.307456 0.004249 0.005429
5 0.228693 0.314875 0.004499 0.005067
5 0.536616 0.766015 0.004999 0.003257
5 0.452262 0.746471 0.004249 0.004705
5 0.456886 0.747195 0.003499 0.005429
5 0.650087 0.614549 0.005499 0.002895
5 0.668333 0.612559 0.004999 0.002533
5 0.409523 0.664314 0.003249 0.004705
5 0.559360 0.928520 0.004999 0.002533
5 0.601600 0.918567 0.004999 0.002895
5 0.668708 0.929244 0.003749 0.005429
5 0.674706 0.925805 0.004749 0.002895
5 0.675831 0.929967 0.003999 0.005429
5 0.793302 0.904814 0.002999 0.005067
5 0.793927 0.901375 0.004249 0.002533
5 0.881155 0.901194 0.004749 0.002172
5 0.887403 0.901918 0.004749 0.002895
5 0.749563 0.957293 0.004499 0.002895
5 0.944639 0.620883 0.005249 0.002533
5 0.572857 0.611654 0.003999 0.002172
5 0.578230 0.611835 0.004249 0.002533
5 0.584229 0.612740 0.004749 0.002895
5 0.585979 0.603692 0.004749 0.002895
5 0.745814 0.629207 0.005499 0.002533
5 0.673957 0.788817 0.005249 0.003257
5 0.668083 0.788455 0.003999 0.002533
5 0.773557 0.793341 0.005999 0.005067
5 0.848038 0.805103 0.005999 0.003257
9 0.740940 0.956026 0.008248 0.004705
5 0.218820 0.721317 0.005749 0.005067
5 0.844039 0.859392 0.004499 0.002533
5 0.423769 0.430329 0.004249 0.003619
5 0.427018 0.430510 0.003749 0.003257
5 0.221695 0.370250 0.004999 0.002895
5 0.222819 0.359211 0.005249 0.003257
5 0.223944 0.350344 0.004499 0.002895
5 0.223569 0.356135 0.005249 0.002895
5 0.221320 0.375860 0.005249 0.003257
6 0.220695 0.381831 0.006498 0.004343
5 0.228068 0.382736 0.003749 0.004705
5 0.227068 0.369164 0.003749 0.005791
5 0.225069 0.385089 0.002749 0.004343
5 0.219820 0.385270 0.004749 0.003257
5 0.237941 0.333514 0.004499 0.003257
5 0.238190 0.330800 0.004499 0.002895
5 0.236691 0.348715 0.004999 0.003257
5 0.235691 0.351792 0.003999 0.002895
6 0.102849 0.355592 0.005749 0.003257
5 0.110222 0.564604 0.004999 0.002895
5 0.107223 0.560442 0.004499 0.002533
5 0.194826 0.668476 0.003749 0.005067
5 0.619470 0.773978 0.005749 0.003257
48 0.379030 0.815418 0.023244 0.013753
5 0.110472 0.031126 0.003499 0.005067
5 0.116096 0.031668 0.003249 0.004705
5 0.286178 0.033297 0.004499 0.005067
5 0.361035 0.145856 0.004749 0.005067
5 0.368658 0.155990 0.004499 0.005067
9 0.313047 0.207383 0.005749 0.002895
5 0.816546 0.169743 0.004499 0.005067
5 0.821670 0.171915 0.003749 0.004343
5 0.819420 0.170829 0.003249 0.004343
5 0.518745 0.080347 0.004749 0.004343
5 0.080980 0.285378 0.004499 0.004705
5 0.065609 0.347448 0.005249 0.002895
5 0.064984 0.354144 0.004499 0.003257
5 0.689203 0.059175 0.005749 0.003981
5 0.298425 0.731089 0.003499 0.004343
5 0.291927 0.731451 0.002999 0.003619
38 0.943764 0.134636 0.030992 0.016649
41 0.755436 0.058632 0.009248 0.017372
38 0.962884 0.195078 0.028743 0.011582
38 0.844539 0.006515 0.039490 0.013029
