23 0.990132 0.968886 0.019735 0.036903
55 0.555708 0.980282 0.020734 0.017728
48 0.089308 0.999095 0.031227 0.001809
55 0.768424 0.974313 0.038971 0.026049
55 0.748938 0.985166 0.035473 0.023878
55 0.575568 0.989146 0.033975 0.021708
55 0.649763 0.985890 0.034474 0.025326
5 0.950412 0.974132 0.003747 0.003980
5 0.954159 0.971780 0.003248 0.003618
5 0.952661 0.973046 0.003747 0.003256
48 0.541844 0.985166 0.051461 0.029667
48 0.405321 0.992402 0.024731 0.015195
48 0.115538 0.994030 0.017737 0.011939
48 0.095179 0.986975 0.030477 0.025326
48 0.042343 0.991317 0.026730 0.017366
48 0.069448 0.990593 0.024482 0.018813
48 0.904447 0.969609 0.031227 0.024602
48 0.932551 0.966715 0.016987 0.018090
48 0.938421 0.975941 0.012241 0.009768
48 0.943792 0.969790 0.012491 0.010492
55 0.548339 0.959841 0.021984 0.015919
55 0.571446 0.963097 0.022233 0.018090
48 0.033975 0.817294 0.021984 0.012301
48 0.035598 0.822540 0.019236 0.008321
48 0.101799 0.045767 0.090682 0.026411
5 0.015738 0.076520 0.005496 0.002533
5 0.021984 0.075796 0.005496 0.002533
5 0.064202 0.063857 0.005496 0.002533
5 0.066200 0.070550 0.004996 0.002894
5 0.073070 0.069645 0.005246 0.003256
5 0.087185 0.068922 0.004996 0.002533
5 0.092306 0.067656 0.004247 0.002894
5 0.103173 0.067113 0.004996 0.002533
5 0.110542 0.066208 0.004746 0.002894
5 0.115289 0.066027 0.005746 0.003256
5 0.132775 0.064038 0.004247 0.002171
5 0.149513 0.063133 0.006245 0.002533
5 0.137147 0.064038 0.003997 0.002171
5 0.154384 0.058611 0.002498 0.005065
48 0.162004 0.032742 0.008244 0.019175
48 0.161254 0.045405 0.008244 0.009045
48 0.190607 0.047576 0.050462 0.007598
48 0.219335 0.048480 0.008993 0.008683
48 0.249063 0.068922 0.052960 0.045224
48 0.280540 0.088821 0.011491 0.008321
48 0.291656 0.119935 0.028229 0.055355
48 0.306145 0.148698 0.008244 0.007236
48 0.322383 0.147431 0.027729 0.014834
48 0.342243 0.142909 0.013990 0.008683
48 0.340994 0.077967 0.005996 0.119030
5 0.210217 0.025687 0.005246 0.002894
5 0.210342 0.028582 0.005496 0.002171
5 0.210967 0.031114 0.006245 0.002894
5 0.211716 0.033466 0.006245 0.003256
5 0.224332 0.039436 0.006495 0.002171
48 0.015738 0.102750 0.014489 0.033285
48 0.093555 0.090087 0.057207 0.018090
48 0.126030 0.101483 0.012740 0.043777
48 0.075319 0.106729 0.017737 0.015195
48 0.082188 0.136397 0.039970 0.023155
48 0.075818 0.155753 0.019236 0.020622
48 0.100924 0.170043 0.061454 0.017366
48 0.117287 0.152677 0.007245 0.011577
5 0.096677 0.109805 0.002998 0.003980
5 0.087684 0.103654 0.003497 0.003256
5 0.097052 0.153944 0.004746 0.003256
5 0.089933 0.153582 0.005496 0.002533
48 0.079440 0.185601 0.018486 0.010854
48 0.091556 0.185420 0.007245 0.009768
48 0.097052 0.184515 0.008743 0.010854
48 0.107419 0.183973 0.011991 0.009768
48 0.118786 0.182344 0.013740 0.012301
48 0.081189 0.196816 0.022983 0.012301
48 0.083188 0.210022 0.020984 0.011216
48 0.132526 0.206766 0.023233 0.035094
48 0.108419 0.212373 0.041469 0.024602
48 0.145266 0.229920 0.014239 0.017004
48 0.112790 0.234624 0.054709 0.014834
48 0.094179 0.246563 0.034974 0.011939
48 0.083937 0.254522 0.023982 0.027858
48 0.085061 0.285094 0.025731 0.038350
48 0.110042 0.291787 0.035224 0.017004
48 0.113540 0.267366 0.020734 0.010130
48 0.113415 0.275687 0.020984 0.007236
48 0.120660 0.258683 0.007994 0.007959
48 0.086310 0.311505 0.010742 0.005789
48 0.093555 0.312048 0.006245 0.006874
48 0.089558 0.320369 0.015239 0.007598
48 0.089558 0.333394 0.016238 0.017004
9 0.105296 0.342800 0.004247 0.017004
9 0.123907 0.334117 0.007994 0.016281
48 0.144642 0.352931 0.029478 0.010492
48 0.114289 0.338459 0.014739 0.009768
48 0.112166 0.345876 0.009993 0.007959
48 0.114789 0.352750 0.008244 0.007236
5 0.097677 0.358538 0.002998 0.005789
5 0.102923 0.365955 0.004996 0.003980
5 0.095304 0.394537 0.005746 0.003256
9 0.115164 0.393994 0.005996 0.019537
9 0.126280 0.397793 0.007245 0.017004
48 0.123158 0.376447 0.015488 0.016281
48 0.146515 0.394899 0.042718 0.054631
55 0.143392 0.310058 0.027979 0.034009
5 0.064951 0.083213 0.005496 0.002171
5 0.045216 0.119573 0.002998 0.005427
9 0.031227 0.136216 0.002998 0.009045
5 0.033225 0.144356 0.002498 0.006512
5 0.045841 0.168958 0.002248 0.005065
5 0.035598 0.168777 0.002248 0.004703
5 0.052710 0.178907 0.002998 0.006874
5 0.048464 0.200434 0.002498 0.005789
5 0.066700 0.199349 0.003497 0.005065
5 0.049088 0.213821 0.003248 0.005789
5 0.049838 0.225760 0.002748 0.005065
5 0.050212 0.236975 0.002998 0.005065
5 0.053710 0.237337 0.002998 0.004342
48 0.019485 0.140195 0.019485 0.045224
48 0.021484 0.166064 0.017987 0.010854
48 0.021859 0.182344 0.017237 0.028220
48 0.023482 0.207851 0.017987 0.025687
48 0.026355 0.233719 0.013240 0.027496
48 0.023607 0.298119 0.027729 0.103473
48 0.009868 0.269175 0.005246 0.048480
9 0.054584 0.273155 0.004247 0.009407
5 0.054834 0.296491 0.002748 0.005427
5 0.066700 0.260311 0.005996 0.003256
5 0.055708 0.306802 0.002998 0.005789
5 0.062453 0.310058 0.002998 0.004342
5 0.056832 0.322359 0.002248 0.005065
48 0.031102 0.373010 0.030227 0.052098
48 0.017112 0.417149 0.005746 0.005065
48 0.025731 0.422395 0.017487 0.015557
48 0.013365 0.443922 0.002248 0.025326
48 0.033475 0.428365 0.002998 0.005789
5 0.029853 0.477750 0.004746 0.006874
48 0.022858 0.456223 0.019735 0.040521
5 0.039345 0.456042 0.003248 0.004703
5 0.029103 0.444103 0.003747 0.005427
5 0.033100 0.481368 0.003248 0.005427
5 0.027979 0.495116 0.002998 0.006151
5 0.022233 0.504161 0.002998 0.005427
5 0.023982 0.509045 0.002998 0.005065
5 0.026480 0.511397 0.002998 0.005427
5 0.031851 0.521527 0.005746 0.003980
5 0.030727 0.527496 0.006495 0.003618
5 0.029103 0.531295 0.004247 0.003256
5 0.018736 0.530210 0.002998 0.004703
5 0.027729 0.534913 0.004996 0.002533
5 0.027979 0.537627 0.005996 0.002894
5 0.027854 0.539978 0.004746 0.003256
5 0.015613 0.531295 0.002248 0.004703
48 0.079191 0.369573 0.030977 0.044501
48 0.085936 0.414978 0.063952 0.051375
48 0.079191 0.449168 0.050462 0.032200
5 0.049213 0.417330 0.001999 0.003980
5 0.059081 0.426918 0.005246 0.003618
5 0.055833 0.430897 0.004746 0.002894
5 0.070822 0.431440 0.005246 0.003256
5 0.081064 0.434153 0.004746 0.002894
5 0.091556 0.436505 0.005746 0.003980
5 0.105796 0.442656 0.004746 0.003980
48 0.126155 0.466534 0.045466 0.016281
48 0.120160 0.425832 0.019985 0.023155
48 0.152511 0.433973 0.048214 0.025687
48 0.136772 0.496201 0.053710 0.019175
48 0.099800 0.503799 0.011242 0.014110
48 0.082563 0.469067 0.041219 0.015557
48 0.052960 0.478654 0.018486 0.014472
48 0.041844 0.518090 0.020734 0.026773
48 0.071197 0.518994 0.028479 0.017728
48 0.096053 0.522431 0.023732 0.007236
48 0.062078 0.524602 0.026730 0.015195
48 0.051336 0.551556 0.050712 0.030753
48 0.097927 0.544139 0.027479 0.035456
48 0.155758 0.528944 0.036223 0.045586
48 0.109168 0.596418 0.036473 0.059696
48 0.050587 0.579595 0.067699 0.041968
5 0.022608 0.636758 0.005246 0.002894
5 0.022483 0.640557 0.006495 0.003256
5 0.021484 0.643452 0.005996 0.003256
5 0.021109 0.645441 0.006245 0.002894
5 0.021484 0.648517 0.005996 0.003256
5 0.021609 0.651954 0.004247 0.002894
5 0.029103 0.638386 0.002248 0.005427
5 0.031726 0.639110 0.002498 0.004703
5 0.034599 0.639653 0.002248 0.004342
5 0.037472 0.641643 0.002498 0.005427
5 0.033475 0.643632 0.006495 0.005065
5 0.032226 0.648517 0.005496 0.003256
5 0.043218 0.644175 0.002998 0.004703
5 0.045716 0.643813 0.003997 0.008321
5 0.049463 0.644899 0.001999 0.004703
5 0.052211 0.647793 0.001999 0.005427
5 0.054709 0.648155 0.002498 0.005427
5 0.057082 0.649964 0.003248 0.005427
5 0.060330 0.651592 0.003248 0.004342
9 0.027729 0.655572 0.014489 0.005065
5 0.060205 0.643632 0.005496 0.002894
5 0.067325 0.642004 0.005746 0.003980
5 0.068823 0.647250 0.002748 0.005065
5 0.074444 0.643090 0.003997 0.005427
5 0.073945 0.648155 0.003497 0.004703
5 0.079316 0.646889 0.002748 0.005789
5 0.081939 0.648517 0.003997 0.012663
5 0.085061 0.647974 0.004247 0.012301
5 0.088434 0.650145 0.003497 0.007236
5 0.090557 0.645441 0.003248 0.005065
9 0.093805 0.647250 0.005246 0.013748
9 0.096677 0.646708 0.004996 0.012663
9 0.100300 0.645803 0.003248 0.005789
13 0.104172 0.647612 0.003997 0.007959
9 0.103922 0.653220 0.008993 0.003980
9 0.113165 0.644718 0.003497 0.007236
5 0.121159 0.647612 0.004497 0.002171
5 0.121159 0.649783 0.004497 0.002894
9 0.110667 0.661541 0.003497 0.006874
5 0.066200 0.667330 0.003497 0.005427
5 0.057832 0.669501 0.002748 0.004703
9 0.051586 0.672395 0.009743 0.003980
9 0.052336 0.675651 0.007744 0.003980
5 0.054209 0.678726 0.004996 0.002894
5 0.053210 0.681983 0.007494 0.004342
5 0.055833 0.685239 0.004247 0.002171
5 0.056458 0.688133 0.005496 0.002894
9 0.055333 0.691570 0.008743 0.003980
12 0.058081 0.696816 0.008244 0.003618
12 0.062203 0.699349 0.006495 0.003618
13 0.046215 0.706042 0.012491 0.003980
5 0.080565 0.664797 0.002248 0.003256
5 0.083313 0.664617 0.002748 0.004342
5 0.089183 0.663531 0.002998 0.004342
9 0.104671 0.671310 0.004497 0.008321
9 0.108918 0.706946 0.007994 0.005065
9 0.119036 0.681259 0.006745 0.004342
5 0.054209 0.666787 0.002498 0.004342
9 0.110292 0.668777 0.003248 0.007598
5 0.113415 0.678907 0.002998 0.004703
5 0.119036 0.696093 0.003248 0.004342
9 0.124657 0.696454 0.007994 0.004342
5 0.124906 0.699168 0.004996 0.003256
5 0.125406 0.701520 0.004497 0.002894
9 0.120035 0.703690 0.006745 0.008683
5 0.126155 0.704052 0.004996 0.002894
5 0.125781 0.706404 0.004746 0.003256
5 0.114414 0.703148 0.002998 0.004703
5 0.115039 0.708936 0.003248 0.005427
5 0.110292 0.710745 0.005246 0.003256
5 0.112291 0.713278 0.005246 0.003256
5 0.110417 0.722685 0.005496 0.003256
5 0.119910 0.721961 0.005996 0.003256
5 0.119910 0.724855 0.005996 0.003980
5 0.118411 0.730644 0.005496 0.002533
5 0.122158 0.736252 0.004996 0.002894
5 0.115538 0.737699 0.004746 0.002171
5 0.110042 0.739146 0.004247 0.002894
5 0.104921 0.740774 0.004996 0.002533
5 0.105046 0.738965 0.004247 0.002533
9 0.123782 0.742402 0.006245 0.003618
9 0.130027 0.746744 0.006245 0.010130
48 0.080689 0.685781 0.052461 0.046671
48 0.087559 0.719971 0.039221 0.039074
48 0.085561 0.746382 0.022733 0.018090
48 0.099301 0.759949 0.066200 0.033647
48 0.047589 0.771527 0.028728 0.022793
13 0.025606 0.697359 0.008743 0.003256
48 0.031726 0.710203 0.018486 0.011577
5 0.049213 0.708936 0.005496 0.003256
5 0.049588 0.710745 0.004746 0.002533
9 0.051836 0.715810 0.007245 0.003980
48 0.065326 0.717981 0.011741 0.003256
9 0.062203 0.727931 0.004497 0.016643
48 0.044841 0.729739 0.005746 0.013025
48 0.041344 0.740955 0.008244 0.011577
48 0.036722 0.748010 0.007494 0.006874
48 0.034224 0.752894 0.007994 0.008683
5 0.024981 0.794139 0.002998 0.004342
5 0.027105 0.793415 0.002748 0.004342
5 0.029603 0.792692 0.003248 0.004342
5 0.032226 0.793234 0.003497 0.003980
5 0.030727 0.796672 0.005996 0.002894
5 0.039221 0.790883 0.002998 0.005789
5 0.041844 0.790702 0.002748 0.004703
5 0.044342 0.790702 0.003248 0.004703
5 0.046340 0.789436 0.002748 0.005065
5 0.048838 0.789436 0.002748 0.005065
5 0.051586 0.788712 0.002748 0.005789
5 0.053960 0.787627 0.003997 0.005065
5 0.057832 0.786722 0.003248 0.005427
5 0.060455 0.786541 0.002498 0.003618
5 0.064202 0.785999 0.003497 0.004703
5 0.066575 0.785818 0.003747 0.005065
5 0.069323 0.785275 0.003248 0.004703
5 0.070947 0.787627 0.002998 0.002171
5 0.074569 0.785818 0.006245 0.004342
5 0.043592 0.794682 0.005246 0.002533
5 0.056583 0.790702 0.004746 0.002533
5 0.061454 0.789978 0.004497 0.002533
5 0.085436 0.780753 0.004996 0.002894
5 0.086310 0.783285 0.005246 0.002894
5 0.086060 0.785818 0.004746 0.002171
5 0.093430 0.780933 0.003497 0.004703
5 0.091431 0.775687 0.003497 0.005065
5 0.095553 0.775145 0.004746 0.002533
5 0.099051 0.780029 0.004746 0.004342
5 0.101424 0.779124 0.004497 0.004703
5 0.104172 0.778944 0.003497 0.004342
5 0.106670 0.777677 0.003997 0.004703
5 0.110917 0.777135 0.004497 0.004342
5 0.111292 0.772069 0.003747 0.004342
5 0.102298 0.771708 0.005246 0.002894
5 0.114789 0.772250 0.003248 0.005427
5 0.118286 0.771346 0.003248 0.005789
5 0.124407 0.769899 0.003497 0.005065
5 0.127779 0.769356 0.003248 0.005427
5 0.131651 0.768090 0.003997 0.005065
5 0.075194 0.791245 0.003997 0.002894
5 0.076817 0.797033 0.002248 0.005065
5 0.079440 0.796491 0.002498 0.004703
5 0.082563 0.795586 0.002248 0.005065
5 0.085561 0.795586 0.003248 0.005789
5 0.088059 0.794682 0.003747 0.004703
5 0.090682 0.793596 0.003497 0.004703
5 0.093680 0.792330 0.003497 0.005065
5 0.096428 0.791606 0.002998 0.005065
5 0.098676 0.791425 0.002498 0.004703
5 0.104547 0.791787 0.004247 0.005427
5 0.106545 0.790340 0.003248 0.005427
5 0.109168 0.789978 0.002998 0.004703
5 0.111292 0.789436 0.003248 0.005065
5 0.114164 0.788712 0.002998 0.005065
5 0.116538 0.787808 0.002748 0.004703
5 0.118911 0.787446 0.002498 0.004703
5 0.115788 0.776954 0.003747 0.003980
5 0.118411 0.776230 0.003997 0.003980
5 0.123782 0.774783 0.004247 0.003980
5 0.126405 0.774240 0.004497 0.004342
5 0.130277 0.773878 0.004746 0.004342
5 0.121409 0.787627 0.002998 0.004342
5 0.123657 0.786903 0.002998 0.004342
5 0.126155 0.785999 0.002498 0.005427
5 0.129278 0.785818 0.003248 0.005065
5 0.131776 0.785275 0.004247 0.005427
5 0.133275 0.780029 0.005246 0.002894
5 0.134899 0.784190 0.002998 0.004703
5 0.137522 0.783828 0.002248 0.004703
5 0.139895 0.782923 0.002998 0.005065
5 0.142518 0.783104 0.003248 0.005427
5 0.144766 0.782019 0.002248 0.005427
5 0.147265 0.781838 0.002248 0.004342
5 0.149638 0.781476 0.002998 0.004342
5 0.152386 0.780933 0.002998 0.005427
5 0.155758 0.780029 0.002748 0.004342
5 0.157757 0.779124 0.002748 0.004703
48 0.175618 0.741498 0.039970 0.064038
48 0.199725 0.677279 0.103173 0.069465
48 0.153760 0.621201 0.037222 0.064399
48 0.194354 0.542149 0.028479 0.054631
5 0.180490 0.078329 0.002748 0.004703
5 0.183737 0.078690 0.002248 0.004703
5 0.177742 0.097504 0.004746 0.003980
5 0.178866 0.100217 0.004996 0.003618
5 0.179615 0.102931 0.004996 0.003980
5 0.179116 0.119935 0.004996 0.002533
5 0.178741 0.122829 0.005246 0.002533
5 0.178616 0.124819 0.004996 0.002171
5 0.178741 0.127533 0.005246 0.002533
5 0.177117 0.130427 0.004497 0.002533
5 0.177242 0.133321 0.004746 0.002533
5 0.177492 0.135492 0.004746 0.002533
5 0.185486 0.135311 0.002248 0.004342
5 0.176992 0.140014 0.005246 0.002171
5 0.177992 0.142004 0.005246 0.002533
5 0.185486 0.140376 0.002248 0.004342
5 0.185361 0.145441 0.002998 0.004342
5 0.178866 0.149602 0.001999 0.004703
5 0.185361 0.151592 0.002998 0.004342
5 0.179116 0.156476 0.002498 0.004703
5 0.184986 0.158104 0.002748 0.005065
5 0.178616 0.165159 0.002498 0.004703
48 0.146015 0.282200 0.004247 0.005065
19 0.193605 0.147250 0.004497 0.006512
19 0.193855 0.153582 0.004996 0.006151
19 0.194479 0.163350 0.004247 0.006874
19 0.207469 0.153582 0.005246 0.012663
19 0.208843 0.172576 0.004497 0.013025
19 0.195478 0.174928 0.004247 0.006151
19 0.196103 0.181983 0.003997 0.006512
19 0.192356 0.193741 0.004497 0.014110
19 0.196852 0.194284 0.003497 0.007236
19 0.210717 0.191932 0.004746 0.011939
19 0.223208 0.221780 0.005746 0.009407
19 0.223957 0.232996 0.005746 0.008683
19 0.229078 0.237880 0.005496 0.011216
19 0.224582 0.245297 0.005496 0.008683
19 0.229828 0.252894 0.004996 0.013025
19 0.225081 0.256874 0.004497 0.008683
19 0.226330 0.268090 0.005496 0.009407
19 0.231202 0.265919 0.006245 0.011577
19 0.232076 0.278944 0.004996 0.009407
19 0.227205 0.279486 0.005246 0.009768
19 0.236822 0.286360 0.004996 0.011216
19 0.228329 0.291606 0.005496 0.008683
19 0.233200 0.294682 0.004746 0.011939
19 0.228953 0.302822 0.004746 0.008683
19 0.233950 0.308249 0.004746 0.010854
19 0.239071 0.301556 0.005496 0.013386
19 0.240070 0.314038 0.005996 0.010854
19 0.230452 0.313857 0.005746 0.009768
19 0.236073 0.322721 0.004996 0.011577
19 0.241944 0.328329 0.006245 0.010492
19 0.237822 0.336831 0.005496 0.011577
19 0.232825 0.337373 0.004996 0.009045
19 0.243692 0.342981 0.005246 0.010854
19 0.234824 0.348770 0.005496 0.009407
19 0.245566 0.356910 0.006995 0.011939
19 0.236573 0.359986 0.004996 0.009407
19 0.247814 0.371020 0.005496 0.011216
19 0.238196 0.371563 0.005746 0.009407
19 0.223832 0.373191 0.005996 0.009045
19 0.225831 0.384768 0.005496 0.009045
19 0.239445 0.382779 0.005746 0.008683
19 0.249563 0.385130 0.005496 0.011216
19 0.241694 0.395622 0.006245 0.011939
19 0.227454 0.396165 0.005746 0.009407
19 0.229453 0.407381 0.006245 0.009407
19 0.244816 0.409732 0.006495 0.011939
19 0.246815 0.424023 0.005496 0.010854
19 0.254309 0.413531 0.005996 0.011577
19 0.256682 0.427460 0.006245 0.014110
19 0.231451 0.418958 0.005746 0.008683
19 0.233700 0.430355 0.006245 0.009045
19 0.236073 0.441932 0.005496 0.009768
19 0.249813 0.437771 0.006495 0.013748
19 0.259430 0.440666 0.007245 0.013025
19 0.251936 0.451158 0.006745 0.013025
19 0.237822 0.453509 0.006495 0.010492
19 0.262303 0.455499 0.006995 0.014472
19 0.239695 0.464544 0.006245 0.009407
19 0.254434 0.464906 0.006745 0.014472
19 0.265051 0.470152 0.006995 0.014110
19 0.257182 0.479016 0.006745 0.014472
19 0.267424 0.484443 0.006745 0.013748
19 0.259181 0.493126 0.006745 0.013748
19 0.241569 0.476122 0.005996 0.009407
19 0.243567 0.487699 0.005496 0.009407
19 0.269673 0.498372 0.006245 0.014110
19 0.261304 0.507598 0.005496 0.010854
19 0.271921 0.512301 0.006245 0.013748
19 0.263552 0.520984 0.005496 0.010854
19 0.274169 0.526049 0.005746 0.014472
19 0.266675 0.535094 0.006745 0.013748
19 0.276917 0.539978 0.006745 0.014834
19 0.268923 0.547938 0.006745 0.014110
19 0.279415 0.554631 0.006745 0.014472
19 0.281664 0.568741 0.007245 0.013748
19 0.286785 0.596599 0.006995 0.014472
19 0.289033 0.610528 0.006495 0.011216
19 0.291282 0.625000 0.006495 0.011216
19 0.294279 0.639653 0.005996 0.013025
19 0.296902 0.653401 0.006745 0.012301
19 0.299400 0.666606 0.006245 0.011216
19 0.301524 0.681078 0.006495 0.011216
19 0.304272 0.695731 0.006995 0.011577
19 0.306895 0.709660 0.006745 0.011939
55 0.245566 0.111433 0.031976 0.018090
55 0.261179 0.124096 0.032725 0.018090
55 0.275044 0.135854 0.029978 0.019899
55 0.288409 0.148878 0.027729 0.017728
55 0.309393 0.164797 0.033225 0.018452
55 0.324257 0.177098 0.034474 0.018452
55 0.337747 0.189399 0.033475 0.018452
55 0.352735 0.204414 0.032476 0.021708
55 0.288908 0.200072 0.032226 0.020260
55 0.290282 0.220152 0.031476 0.021346
55 0.291656 0.239508 0.030727 0.019537
55 0.292905 0.259407 0.032725 0.021708
55 0.264552 0.201520 0.025981 0.020260
55 0.266175 0.221780 0.025231 0.020260
55 0.268174 0.241317 0.025731 0.020260
55 0.270672 0.259768 0.028728 0.020260
56 0.280415 0.288169 0.021734 0.013386
56 0.276418 0.301918 0.010742 0.012663
56 0.283163 0.314219 0.023732 0.014110
56 0.284037 0.327062 0.020984 0.014472
56 0.288534 0.354559 0.017987 0.014472
56 0.290782 0.369030 0.022483 0.015195
56 0.280415 0.384226 0.011242 0.014472
56 0.281539 0.397793 0.012491 0.014834
56 0.284786 0.412627 0.015488 0.014110
56 0.306020 0.280391 0.029978 0.008683
56 0.329128 0.251085 0.012740 0.016643
56 0.342493 0.255970 0.013490 0.025687
56 0.349238 0.246201 0.012491 0.007598
56 0.357732 0.260311 0.010992 0.009768
56 0.353735 0.283828 0.007994 0.007598
56 0.352111 0.294320 0.018236 0.008321
56 0.356732 0.299747 0.014489 0.007598
56 0.356732 0.306621 0.015488 0.006874
56 0.353860 0.313676 0.022733 0.006512
56 0.355358 0.340810 0.023233 0.015919
36 0.330502 0.266281 0.010492 0.013748
38 0.351486 0.325796 0.038971 0.014110
56 0.360355 0.354197 0.005246 0.013025
56 0.357482 0.368669 0.018986 0.012301
56 0.360105 0.396346 0.015239 0.013386
56 0.360355 0.407923 0.019236 0.010492
9 0.298901 0.425832 0.017237 0.004342
9 0.319385 0.425651 0.018736 0.003980
9 0.338121 0.426556 0.016737 0.005065
56 0.335373 0.443922 0.014239 0.006512
56 0.323632 0.449711 0.016737 0.010130
56 0.312765 0.454776 0.013490 0.008683
56 0.300650 0.459117 0.016238 0.010130
48 0.296528 0.432887 0.010992 0.008321
56 0.359855 0.471599 0.018736 0.018452
56 0.346865 0.473046 0.020734 0.027135
56 0.335373 0.477388 0.021234 0.028582
56 0.322758 0.480825 0.023982 0.028220
56 0.313515 0.491679 0.020984 0.018090
56 0.301399 0.496744 0.018736 0.015919
48 0.346990 0.528039 0.104422 0.106729
48 0.425806 0.481368 0.077192 0.043054
48 0.444417 0.535637 0.102923 0.095876
56 0.417687 0.032562 0.019485 0.017366
56 0.419061 0.042149 0.013740 0.009045
56 0.421684 0.058611 0.012990 0.014472
56 0.395079 0.090449 0.010242 0.031114
56 0.393830 0.116317 0.014739 0.020622
48 0.370847 0.119392 0.017237 0.015195
5 0.360729 0.145260 0.002498 0.004703
5 0.332126 0.160094 0.005246 0.003980
55 0.146015 0.338278 0.024731 0.017366
55 0.171247 0.459660 0.013240 0.014834
23 0.990632 0.896889 0.018736 0.073082
5 0.038471 0.039074 0.003497 0.005789
55 0.353860 0.014110 0.033225 0.023155
55 0.324257 0.012301 0.029478 0.019537
5 0.209718 0.020803 0.005746 0.002533
48 0.130277 0.023878 0.063203 0.017366
5 0.133025 0.038893 0.003248 0.004703
48 0.228329 0.018271 0.022983 0.036541
48 0.265426 0.023698 0.018236 0.010492
48 0.288658 0.015557 0.010742 0.014472
48 0.273170 0.055174 0.012740 0.024240
48 0.288908 0.055716 0.012241 0.028944
48 0.305771 0.055355 0.007994 0.012301
48 0.297777 0.054269 0.009493 0.016643
48 0.291781 0.042330 0.024482 0.013748
48 0.268923 0.033285 0.010742 0.007236
10 0.337872 0.397431 0.005246 0.018452
10 0.427679 0.394537 0.018486 0.009768
10 0.448289 0.388929 0.021234 0.010130
10 0.370097 0.454414 0.009743 0.017366
10 0.392581 0.363242 0.006245 0.018813
10 0.537097 0.367041 0.006495 0.009045
26 0.589808 0.349855 0.028479 0.014472
56 0.486260 0.408647 0.069698 0.064038
23 0.559955 0.361433 0.031227 0.015195
31 0.719585 0.784913 0.176618 0.084298
35 0.652386 0.835022 0.045716 0.020260
48 0.583562 0.851302 0.020984 0.015919
56 0.541594 0.730825 0.024981 0.033285
56 0.526480 0.734443 0.020734 0.030391
56 0.514114 0.738784 0.020984 0.028944
56 0.502873 0.741860 0.019485 0.028582
56 0.493630 0.748191 0.023982 0.029667
35 0.482013 0.723227 0.036722 0.016643
56 0.480889 0.753256 0.023482 0.030391
56 0.464527 0.755608 0.018236 0.027135
56 0.454784 0.759407 0.019735 0.027496
56 0.443293 0.763567 0.018736 0.026411
31 0.676118 0.684877 0.053710 0.027496
31 0.610167 0.695912 0.054709 0.027858
31 0.615538 0.706042 0.055958 0.028582
23 0.485761 0.713459 0.058206 0.028220
5 0.405696 0.757236 0.004996 0.004342
5 0.404572 0.781657 0.003747 0.005427
14 0.397077 0.771708 0.008743 0.018090
48 0.399076 0.849494 0.062703 0.121563
48 0.477392 0.913893 0.045966 0.036179
48 0.477767 0.930535 0.015239 0.013748
10 0.612291 0.897069 0.007994 0.014834
10 0.622033 0.902858 0.012491 0.015557
55 0.567200 0.938133 0.023233 0.023155
23 0.673870 0.670405 0.071696 0.034732
38 0.419311 0.758864 0.018736 0.007598
55 0.581314 0.921491 0.022483 0.018813
48 0.596178 0.911903 0.032725 0.027135
55 0.616538 0.937410 0.020984 0.015195
55 0.599051 0.933972 0.017487 0.015557
55 0.589058 0.945188 0.016488 0.015557
55 0.606795 0.948444 0.021484 0.014834
55 0.599800 0.959479 0.018486 0.013748
55 0.591307 0.968705 0.016987 0.014834
35 0.685111 0.931440 0.040220 0.028582
35 0.713340 0.944645 0.026230 0.015919
55 0.848239 0.936867 0.034724 0.026411
55 0.827005 0.946274 0.036223 0.027858
31 0.568324 0.423119 0.048464 0.100217
35 0.595553 0.729197 0.042468 0.026411
55 0.808269 0.954957 0.037722 0.030029
55 0.788908 0.963278 0.037472 0.026411
23 0.553960 0.420043 0.005746 0.013025
23 0.553585 0.429450 0.006495 0.010130
5 0.998751 0.932706 0.002498 0.003618
5 0.964901 0.962916 0.004746 0.004703
5 0.957282 0.967800 0.003997 0.004342
5 0.955284 0.969971 0.003997 0.003618
5 0.353485 0.181621 0.005996 0.003618
5 0.335623 0.164797 0.004247 0.006151
5 0.338996 0.165159 0.003997 0.005427
5 0.358981 0.183249 0.003497 0.005427
5 0.366600 0.193198 0.003248 0.005065
5 0.382213 0.168234 0.003497 0.005065
5 0.379091 0.175651 0.003747 0.006874
48 0.355358 0.173119 0.023732 0.021346
10 0.335249 0.359624 0.007994 0.022431
56 0.319261 0.355463 0.024981 0.127713
48 0.186235 0.373734 0.015738 0.020984
48 0.187110 0.393994 0.019985 0.028220
48 0.188733 0.428365 0.018736 0.023155
48 0.217462 0.573444 0.022733 0.015195
10 0.190857 0.573806 0.005496 0.007959
5 0.165376 0.593343 0.004996 0.005065
5 0.133150 0.596599 0.004996 0.007959
5 0.173245 0.633140 0.003248 0.004342
5 0.173495 0.638929 0.002748 0.003618
5 0.194104 0.645803 0.003497 0.005789
5 0.190482 0.645984 0.002248 0.005427
5 0.027230 0.687229 0.005496 0.003980
5 0.143892 0.658104 0.003997 0.005789
5 0.110167 0.703871 0.004996 0.003256
5 0.121784 0.521346 0.003248 0.006512
22 0.251187 0.531476 0.007744 0.019537
5 0.394579 0.554631 0.005246 0.005789
5 0.406445 0.575072 0.004497 0.006151
5 0.408693 0.581766 0.002998 0.005789
5 0.406320 0.580499 0.003248 0.005427
5 0.404946 0.588097 0.003997 0.005427
5 0.411941 0.589906 0.004497 0.005427
5 0.403323 0.593705 0.003747 0.005789
5 0.411816 0.595876 0.003248 0.005789
5 0.409943 0.596599 0.003497 0.005065
5 0.408319 0.600579 0.003747 0.005065
6 0.418686 0.589363 0.005996 0.007959
13 0.424182 0.600217 0.006995 0.014472
13 0.421184 0.600398 0.006995 0.013386
48 0.411441 0.616498 0.016987 0.017366
13 0.431177 0.615051 0.007994 0.013025
13 0.433300 0.611975 0.009743 0.014110
13 0.460904 0.590991 0.013490 0.007598
13 0.459530 0.588097 0.013740 0.006874
13 0.470647 0.583575 0.009493 0.013748
13 0.483138 0.582489 0.014989 0.006512
13 0.482763 0.579233 0.016238 0.007959
13 0.482263 0.576520 0.014739 0.005427
5 0.487759 0.561686 0.006245 0.003980
5 0.483512 0.565847 0.004746 0.002894
5 0.479640 0.567475 0.004996 0.003980
5 0.475518 0.568922 0.006745 0.003256
5 0.471521 0.570731 0.005246 0.003980
5 0.463652 0.573806 0.004996 0.005065
5 0.440420 0.581404 0.006995 0.003618
5 0.441294 0.584117 0.006745 0.003980
5 0.495378 0.568922 0.003497 0.006874
5 0.504122 0.590810 0.003997 0.005789
5 0.501874 0.586831 0.005996 0.004342
5 0.512616 0.595695 0.002998 0.003980
5 0.509868 0.597142 0.003997 0.006151
5 0.507120 0.596418 0.002998 0.005427
5 0.504247 0.596599 0.003747 0.005065
5 0.505871 0.601122 0.003997 0.004703
5 0.479765 0.605463 0.004746 0.003256
5 0.458781 0.615051 0.004247 0.005065
5 0.456533 0.615774 0.003248 0.005065
5 0.453660 0.616860 0.003497 0.005065
5 0.451037 0.617041 0.003747 0.005427
5 0.448913 0.617583 0.003497 0.007236
5 0.446165 0.619030 0.003497 0.006512
5 0.451661 0.623010 0.003497 0.005789
5 0.449038 0.623553 0.003248 0.005427
5 0.506620 0.637301 0.003997 0.005427
5 0.503747 0.637663 0.004247 0.005427
5 0.505246 0.643632 0.004247 0.005065
5 0.500749 0.645622 0.003248 0.005427
5 0.498126 0.646708 0.003997 0.007598
5 0.495878 0.638748 0.003997 0.005427
5 0.493505 0.641643 0.003747 0.006874
5 0.489758 0.641100 0.005246 0.003618
5 0.490507 0.644356 0.005746 0.002894
5 0.491007 0.646527 0.006745 0.004342
5 0.493255 0.649783 0.005246 0.004342
5 0.486135 0.648878 0.006995 0.003256
5 0.487135 0.651954 0.005996 0.002894
5 0.488134 0.654486 0.006995 0.004342
5 0.437297 0.667511 0.004746 0.006512
5 0.474019 0.659370 0.006745 0.003980
5 0.466400 0.659551 0.003497 0.005065
5 0.463028 0.657381 0.003248 0.005789
5 0.449913 0.662627 0.004497 0.006151
5 0.452785 0.660818 0.004746 0.006874
5 0.464901 0.654305 0.003997 0.006151
5 0.460405 0.652315 0.004497 0.006512
5 0.462278 0.649602 0.003747 0.006874
5 0.458906 0.646165 0.003997 0.005789
5 0.453410 0.654486 0.006995 0.004342
5 0.452536 0.651773 0.006245 0.003980
5 0.452536 0.649059 0.005246 0.003618
5 0.452036 0.647069 0.005746 0.002533
5 0.450662 0.644175 0.007494 0.004703
10 0.456408 0.650145 0.004996 0.007959
10 0.460155 0.658466 0.006495 0.007959
13 0.443043 0.653039 0.005746 0.013748
13 0.439171 0.653401 0.005496 0.014472
13 0.433175 0.657381 0.004497 0.014472
13 0.479640 0.626447 0.012491 0.010492
13 0.482888 0.636939 0.005496 0.014110
13 0.480515 0.637844 0.006245 0.015195
13 0.478641 0.640557 0.005496 0.013386
13 0.475768 0.639653 0.005746 0.014472
13 0.473395 0.639110 0.004996 0.013386
13 0.471022 0.638748 0.005746 0.013386
13 0.468024 0.639472 0.006745 0.015557
10 0.399575 0.637663 0.006745 0.009768
13 0.378841 0.601302 0.013740 0.005065
13 0.380090 0.598408 0.011242 0.006512
19 0.375094 0.676013 0.007245 0.014110
19 0.377967 0.663531 0.009493 0.013748
19 0.381839 0.649964 0.008743 0.014110
19 0.385961 0.636577 0.010492 0.014834
19 0.389708 0.623915 0.008993 0.015557
19 0.393705 0.609986 0.008494 0.013025
19 0.396578 0.597865 0.007245 0.015557
19 0.399201 0.585203 0.006495 0.011939
19 0.400699 0.574711 0.007994 0.014834
19 0.357857 0.700796 0.007744 0.015195
19 0.309018 0.723770 0.007994 0.014110
19 0.311766 0.737156 0.006495 0.014834
19 0.362478 0.713097 0.007494 0.015195
19 0.367225 0.725760 0.009493 0.014472
19 0.371971 0.738603 0.006995 0.012663
5 0.350612 0.775506 0.003747 0.005427
19 0.376218 0.751266 0.007994 0.014110
19 0.381839 0.763929 0.009243 0.014110
19 0.386210 0.776592 0.008494 0.013386
19 0.390832 0.788712 0.008244 0.014472
19 0.396078 0.802460 0.010242 0.015195
19 0.399575 0.813676 0.009743 0.015919
19 0.405196 0.826520 0.007994 0.014110
19 0.409818 0.839182 0.009243 0.015557
19 0.414439 0.852750 0.007494 0.013025
19 0.419685 0.864508 0.008993 0.014110
19 0.424432 0.876990 0.010492 0.017366
5 0.385711 0.875543 0.004996 0.003618
5 0.383712 0.873191 0.005996 0.003256
5 0.383213 0.871201 0.005496 0.002894
19 0.523482 0.933430 0.011741 0.011577
19 0.531601 0.923661 0.014989 0.011577
19 0.541344 0.913531 0.013490 0.011577
48 0.538096 0.814038 0.025481 0.019537
56 0.537847 0.774602 0.042968 0.024602
56 0.542718 0.799928 0.031726 0.017366
56 0.557082 0.811143 0.016987 0.026773
56 0.541094 0.827062 0.035473 0.019537
56 0.538721 0.869392 0.037722 0.043415
10 0.779291 0.786179 0.003747 0.005789
9 0.572945 0.907381 0.005746 0.016643
9 0.505996 0.979920 0.007245 0.005427
5 0.049963 0.991136 0.004497 0.004703
5 0.117162 0.982272 0.004497 0.003618
5 0.049838 0.977750 0.003747 0.005427
5 0.061204 0.979559 0.004996 0.003980
5 0.037847 0.939038 0.005746 0.003980
5 0.046715 0.943560 0.003497 0.005789
5 0.090307 0.995116 0.006245 0.003980
5 0.059830 0.949530 0.005246 0.004703
5 0.051461 0.945188 0.003497 0.005427
48 0.038346 0.953148 0.021734 0.023517
48 0.040345 0.973951 0.024232 0.023878
48 0.060704 0.968524 0.043967 0.026773
48 0.961654 0.950796 0.019735 0.022431
48 0.929803 0.946274 0.018986 0.017728
48 0.919311 0.955680 0.021984 0.019899
48 0.949538 0.964906 0.010492 0.010854
48 0.948913 0.914978 0.014239 0.013025
48 0.984512 0.914978 0.015988 0.013748
48 0.969648 0.926556 0.026730 0.022431
23 0.972021 0.956585 0.009993 0.010130
48 0.996378 0.936324 0.007245 0.037627
48 0.946415 0.931621 0.014239 0.011577
48 0.380215 0.926737 0.022983 0.022069
48 0.372346 0.926556 0.009743 0.012301
48 0.355109 0.883502 0.008244 0.009407
48 0.377967 0.900145 0.055458 0.044863
6 0.306270 0.893090 0.012491 0.005427
5 0.329128 0.894537 0.005746 0.003256
5 0.339495 0.929812 0.002998 0.004342
5 0.323507 0.925289 0.005496 0.002533
5 0.335249 0.920767 0.005496 0.003618
5 0.334374 0.917692 0.006245 0.003256
5 0.334374 0.915159 0.005246 0.003256
5 0.334124 0.912265 0.004746 0.003256
5 0.333375 0.909370 0.005246 0.003256
5 0.330502 0.897069 0.004497 0.002533
9 0.319885 0.903582 0.006745 0.003256
5 0.307394 0.907381 0.004247 0.003618
5 0.340495 0.961288 0.005496 0.003618
5 0.322758 0.922576 0.004996 0.002171
48 0.311891 0.933972 0.013740 0.014834
9 0.286785 0.967800 0.004996 0.007959
9 0.270172 0.971056 0.005246 0.007236
5 0.277292 0.946454 0.002998 0.005789
6 0.262178 0.972504 0.006745 0.014472
5 0.251312 0.970876 0.002498 0.006151
5 0.247439 0.971056 0.003248 0.005789
5 0.245191 0.973770 0.002248 0.004703
5 0.242818 0.973770 0.003497 0.005427
5 0.233575 0.977388 0.002498 0.004703
5 0.235823 0.976483 0.002998 0.005065
5 0.238571 0.976483 0.002998 0.004342
5 0.240819 0.975579 0.004497 0.006151
5 0.232825 0.969790 0.003997 0.005427
5 0.234824 0.967619 0.003997 0.006151
5 0.236947 0.966172 0.003747 0.004703
5 0.239321 0.964544 0.003497 0.005065
5 0.241069 0.963459 0.003997 0.005065
5 0.211591 0.943922 0.003997 0.006512
48 0.227080 0.941208 0.024981 0.032923
5 0.236323 0.921491 0.005496 0.002171
5 0.234699 0.911179 0.005246 0.003256
5 0.233700 0.908647 0.005246 0.003256
9 0.271172 0.940847 0.008244 0.004703
9 0.266300 0.937048 0.015988 0.006512
9 0.263053 0.928365 0.016987 0.004342
10 0.262553 0.920405 0.007994 0.005789
10 0.262678 0.916606 0.006245 0.003980
5 0.257932 0.907561 0.005246 0.006874
6 0.257557 0.901773 0.013490 0.005427
5 0.243193 0.906295 0.005246 0.002894
5 0.243068 0.903582 0.005496 0.003256
5 0.232825 0.905753 0.004497 0.002533
5 0.232825 0.903220 0.005496 0.003256
5 0.231576 0.901230 0.005996 0.002171
5 0.232076 0.899964 0.004996 0.001809
5 0.231202 0.897974 0.006245 0.002894
5 0.231451 0.895622 0.005246 0.002533
5 0.236448 0.891643 0.006245 0.003980
5 0.205471 0.891100 0.004746 0.003618
5 0.220085 0.870478 0.005996 0.004342
5 0.218711 0.863965 0.005746 0.004342
5 0.217962 0.860709 0.005246 0.005065
5 0.216213 0.855101 0.004247 0.004703
48 0.243817 0.877533 0.019485 0.012663
48 0.220834 0.887844 0.021484 0.016643
48 0.219835 0.909732 0.023482 0.035818
48 0.268424 0.884949 0.028229 0.024602
48 0.203722 0.879703 0.025231 0.017004
48 0.200225 0.862518 0.028728 0.031114
5 0.183487 0.838459 0.003248 0.003980
48 0.300525 0.866317 0.009993 0.011216
48 0.232326 0.844247 0.023982 0.053907
48 0.204971 0.805716 0.013240 0.023878
48 0.169623 0.853654 0.014489 0.020622
48 0.192980 0.839363 0.018236 0.025326
48 0.226080 0.811867 0.015988 0.015195
48 0.224582 0.799204 0.016488 0.016643
48 0.189608 0.819103 0.017987 0.023878
48 0.184986 0.802279 0.019735 0.018452
48 0.152760 0.828509 0.029728 0.028220
48 0.151012 0.807525 0.018236 0.020984
48 0.141019 0.812048 0.009743 0.014834
48 0.163253 0.856548 0.006745 0.017728
48 0.168873 0.842258 0.009493 0.007236
48 0.167499 0.829233 0.014739 0.022431
48 0.125406 0.814219 0.029478 0.022069
5 0.106920 0.822721 0.003497 0.005789
5 0.142143 0.852931 0.003497 0.004703
5 0.119785 0.845695 0.006245 0.003256
5 0.119535 0.841896 0.005246 0.003618
5 0.137647 0.854559 0.002998 0.005065
5 0.133525 0.855101 0.002748 0.003256
5 0.119785 0.848408 0.005746 0.003618
48 0.110917 0.824891 0.008993 0.020984
48 0.074569 0.815123 0.018736 0.025326
5 0.162503 0.777677 0.004746 0.003256
48 0.061704 0.819465 0.019985 0.018813
48 0.032975 0.835926 0.012990 0.020622
48 0.069573 0.858357 0.029228 0.011216
56 0.472396 0.166245 0.015488 0.016281
56 0.402323 0.161360 0.019236 0.017366
56 0.407195 0.172214 0.018486 0.015195
56 0.409068 0.185420 0.021234 0.017004
56 0.408569 0.199530 0.013240 0.014834
56 0.393705 0.218343 0.014489 0.026411
9 0.404322 0.229559 0.005246 0.017004
56 0.414564 0.211107 0.022233 0.017728
56 0.420435 0.222142 0.018986 0.014472
56 0.423058 0.232634 0.024731 0.015195
56 0.393705 0.237880 0.013990 0.015557
56 0.428928 0.246563 0.025481 0.015557
56 0.396453 0.249819 0.017487 0.014834
56 0.399825 0.261758 0.023233 0.015557
56 0.406695 0.273698 0.018986 0.014834
56 0.409818 0.286903 0.018736 0.015195
56 0.409068 0.301013 0.024731 0.016643
56 0.401574 0.317656 0.013740 0.015195
5 0.399450 0.335564 0.004497 0.003980
56 0.414564 0.325615 0.024731 0.018813
56 0.416063 0.340810 0.034224 0.020260
56 0.436673 0.258140 0.016987 0.013386
56 0.432675 0.270984 0.017487 0.013025
56 0.437047 0.282019 0.021734 0.014834
56 0.438921 0.295948 0.014489 0.015919
56 0.450912 0.304993 0.016488 0.014472
56 0.447290 0.318922 0.018236 0.015557
56 0.452036 0.333575 0.021734 0.018090
9 0.428554 0.320731 0.005746 0.012663
35 0.448664 0.140376 0.058456 0.034009
35 0.496378 0.285999 0.048963 0.036541
35 0.509243 0.320007 0.055209 0.036541
56 0.409693 0.370297 0.017487 0.018452
56 0.453910 0.356729 0.056957 0.026049
56 0.481889 0.353292 0.015488 0.011216
10 0.547464 0.359081 0.006745 0.004703
10 0.560205 0.352388 0.003747 0.004342
56 0.465401 0.373915 0.013490 0.012663
56 0.431926 0.384768 0.043467 0.021346
56 0.478391 0.368669 0.013990 0.012301
56 0.490882 0.366136 0.016488 0.014472
56 0.503123 0.359986 0.015488 0.013748
56 0.514114 0.355644 0.013490 0.010854
56 0.525856 0.349313 0.015488 0.011939
56 0.435548 0.170405 0.027230 0.024602
56 0.443293 0.196635 0.024232 0.027858
56 0.452161 0.222504 0.029978 0.031838
56 0.463028 0.250543 0.025231 0.026411
56 0.464027 0.269175 0.024731 0.022431
56 0.479765 0.190304 0.024731 0.029667
56 0.487010 0.217800 0.017237 0.023878
56 0.496128 0.240232 0.018486 0.022431
56 0.500749 0.255608 0.020235 0.016281
48 0.344617 0.080861 0.053210 0.097323
48 0.349238 0.132959 0.038971 0.017728
48 0.268174 0.798300 0.066700 0.129161
53 0.239321 0.907200 0.021984 0.032200
53 0.239071 0.970514 0.020984 0.019175
48 0.404197 0.966896 0.013990 0.014110
48 0.396702 0.958032 0.015988 0.016643
48 0.044966 0.842258 0.014989 0.031838
48 0.073070 0.870658 0.031227 0.011939
48 0.079690 0.881874 0.015488 0.011216
48 0.062953 0.843886 0.012491 0.014834
9 0.073570 0.902315 0.017237 0.007236
5 0.134024 0.870297 0.002248 0.004703
5 0.129153 0.871744 0.002998 0.004703
5 0.126655 0.872106 0.002998 0.003980
5 0.124532 0.872648 0.002748 0.005065
5 0.121159 0.874457 0.002498 0.005065
5 0.114039 0.887844 0.004746 0.002894
5 0.114539 0.890919 0.006245 0.003256
48 0.096553 0.844428 0.019236 0.058611
5 0.132526 0.891281 0.005246 0.002533
5 0.138896 0.890557 0.005496 0.003256
5 0.144766 0.885854 0.004746 0.003256
5 0.146265 0.893994 0.005246 0.003618
5 0.133650 0.897612 0.004996 0.002894
5 0.121909 0.902677 0.003497 0.003618
5 0.158006 0.892547 0.005246 0.002894
5 0.143517 0.897250 0.004746 0.002894
5 0.135274 0.900868 0.004746 0.002894
5 0.161004 0.898517 0.004247 0.002533
5 0.135898 0.903039 0.003997 0.002894
5 0.135773 0.905210 0.003747 0.002171
5 0.147514 0.902315 0.004247 0.002171
5 0.147140 0.905029 0.004996 0.002533
5 0.163253 0.906476 0.005246 0.003256
5 0.164002 0.909551 0.004746 0.002894
5 0.158131 0.921672 0.004996 0.003256
9 0.138521 0.933611 0.015239 0.010492
5 0.149138 0.908647 0.003497 0.003980
5 0.151761 0.909913 0.003747 0.004342
48 0.103922 0.884226 0.012491 0.014472
5 0.158756 0.851122 0.002248 0.001809
5 0.159380 0.854739 0.002498 0.002533
5 0.125156 0.857815 0.002498 0.002894
5 0.159755 0.857634 0.003248 0.002533
48 0.040095 0.867041 0.029228 0.014834
48 0.163627 0.920948 0.103922 0.087192
53 0.152386 0.902135 0.027979 0.023517
53 0.129903 0.863784 0.030977 0.022069
53 0.056583 0.787627 0.036722 0.011577
53 0.106045 0.777315 0.052211 0.017728
53 0.118536 0.787446 0.031227 0.010492
53 0.149013 0.781295 0.021234 0.007598
53 0.085811 0.794320 0.023732 0.011216
48 0.413815 0.445369 0.031726 0.025326
48 0.207844 0.461831 0.016488 0.027858
48 0.199475 0.432887 0.010742 0.020622
48 0.210592 0.482634 0.010992 0.009407
48 0.216837 0.502533 0.013990 0.010130
48 0.225081 0.540159 0.009993 0.011577
48 0.226330 0.556259 0.013990 0.022069
5 0.214839 0.436505 0.002498 0.004703
18 0.251811 0.399421 0.006495 0.011577
18 0.284037 0.582851 0.006995 0.014472
5 0.211591 0.037988 0.004996 0.002894
5 0.475019 0.468343 0.005246 0.003256
16 0.391456 0.287265 0.026980 0.013025
16 0.314889 0.272250 0.028728 0.014834
36 0.536598 0.755427 0.014989 0.007959
24 0.526105 0.450072 0.019985 0.008683
31 0.539221 0.454776 0.058206 0.024602
23 0.980265 0.917330 0.039470 0.092981
26 0.632775 0.708575 0.021984 0.013386
23 0.987509 0.961288 0.016488 0.018090
23 0.549588 0.421129 0.006995 0.011577
23 0.662253 0.321816 0.023482 0.012663
28 0.696103 0.311505 0.009743 0.021708
38 0.354359 0.383321 0.039720 0.017728
9 0.394204 0.135311 0.012491 0.004342
9 0.357482 0.146889 0.003497 0.005789
38 0.118661 0.652496 0.014489 0.007598
16 0.119286 0.656657 0.015738 0.006512
16 0.117412 0.660818 0.007994 0.005427
38 0.677617 0.952424 0.019236 0.009045
42 0.872970 0.924385 0.006245 0.005789
