48 0.986075 0.134307 0.027850 0.100730
5 0.998708 0.269161 0.002584 0.004745
48 0.969279 0.470438 0.061441 0.088321
48 0.978610 0.670620 0.042779 0.071898
48 0.984640 0.236131 0.030721 0.062044
53 0.985788 0.714416 0.028424 0.025182
34 0.990956 0.119161 0.018088 0.112044
48 0.990669 0.866788 0.018662 0.045255
48 0.991530 0.813504 0.016939 0.043796
48 0.969279 0.290146 0.061441 0.070803
48 0.950187 0.113869 0.099627 0.076642
5 0.998277 0.401277 0.003445 0.002555
10 0.994545 0.729015 0.009762 0.006934
52 0.947316 0.064599 0.105369 0.075182
48 0.990813 0.770985 0.018375 0.043431
5 0.998421 0.719526 0.002584 0.003285
48 0.990238 0.359672 0.019523 0.066058
5 0.969566 0.898175 0.003445 0.004380
5 0.979472 0.872263 0.002584 0.005109
5 0.973586 0.879015 0.002297 0.004745
5 0.974591 0.791423 0.002010 0.004745
5 0.978467 0.806752 0.003445 0.002555
5 0.986075 0.750730 0.002584 0.005109
5 0.973155 0.752007 0.002010 0.005474
5 0.971289 0.741606 0.002297 0.005109
5 0.841085 0.650547 0.007178 0.005474
5 0.754378 0.692883 0.006029 0.004745
5 0.727821 0.673175 0.006316 0.005474
44 0.683319 0.720803 0.011484 0.007299
5 0.545937 0.722993 0.004307 0.003650
5 0.564599 0.672263 0.004307 0.006569
10 0.557422 0.606387 0.006029 0.009124
6 0.514786 0.517153 0.004020 0.006569
5 0.842090 0.477372 0.004020 0.006569
5 0.879701 0.584124 0.006316 0.004015
5 0.901809 0.573175 0.006316 0.004015
5 0.918174 0.564234 0.004020 0.004380
5 0.921619 0.563139 0.003445 0.005109
5 0.778496 0.502920 0.003158 0.006569
5 0.778926 0.508759 0.003445 0.005109
5 0.974447 0.762774 0.002297 0.004380
5 0.974304 0.768796 0.003158 0.004745
5 0.980620 0.852737 0.003732 0.004015
12 0.097761 0.769890 0.011197 0.013504
12 0.089434 0.758212 0.006604 0.006934
55 0.402239 0.127920 0.012059 0.014964
55 0.417600 0.138504 0.015791 0.031022
55 0.409130 0.144526 0.017227 0.023358
48 0.517083 0.195073 0.023543 0.020073
48 0.694803 0.964051 0.063164 0.042701
48 0.552110 0.262591 0.032730 0.042701
48 0.568906 0.258212 0.023256 0.041971
48 0.580678 0.254562 0.024978 0.046350
48 0.596469 0.252555 0.031295 0.046715
48 0.609819 0.245255 0.029285 0.047445
48 0.533879 0.217336 0.028424 0.040511
48 0.548665 0.212409 0.032730 0.040146
48 0.562590 0.213139 0.034740 0.049635
48 0.625754 0.245438 0.041057 0.052190
48 0.575797 0.204927 0.030146 0.047080
48 0.641975 0.240511 0.032156 0.056204
48 0.653316 0.233942 0.031869 0.051095
48 0.668533 0.227190 0.032443 0.049270
48 0.683893 0.221898 0.032156 0.047445
48 0.696813 0.217701 0.032156 0.049270
48 0.711169 0.208577 0.032730 0.046350
48 0.727534 0.207117 0.029285 0.055109
48 0.740167 0.201460 0.028711 0.049635
48 0.753804 0.195803 0.033592 0.049270
48 0.769021 0.190328 0.031869 0.048540
48 0.783664 0.185766 0.028998 0.048905
48 0.797445 0.181934 0.030146 0.045620
48 0.811944 0.180657 0.030434 0.054015
48 0.828596 0.176095 0.031008 0.059489
48 0.809360 0.124635 0.032156 0.060949
48 0.795148 0.130474 0.033018 0.058029
48 0.780362 0.136861 0.028137 0.061314
48 0.764858 0.139964 0.028711 0.055109
48 0.754235 0.143066 0.033879 0.054745
48 0.738444 0.147993 0.031582 0.051460
48 0.725237 0.154197 0.036176 0.059489
48 0.712317 0.159672 0.035601 0.055839
48 0.694660 0.164781 0.031869 0.053650
48 0.680161 0.168248 0.028711 0.049635
48 0.667241 0.176460 0.031582 0.052190
48 0.654465 0.178285 0.034166 0.055109
48 0.636520 0.186314 0.031582 0.054380
48 0.623600 0.189964 0.035027 0.052190
48 0.593310 0.200547 0.028998 0.049270
48 0.609532 0.196898 0.034453 0.052190
48 0.830749 0.034307 0.041057 0.033577
48 0.900947 0.083394 0.033879 0.036861
48 0.889463 0.053467 0.028711 0.040511
48 0.672409 0.018978 0.012059 0.013139
48 0.662073 0.018431 0.009762 0.012044
48 0.659058 0.013139 0.009475 0.008759
48 0.688056 0.022445 0.011771 0.008394
48 0.697674 0.019891 0.010910 0.009124
48 0.671404 0.010219 0.011197 0.009489
48 0.665088 0.007664 0.008326 0.007299
48 0.595751 0.019526 0.010336 0.010584
48 0.443296 0.532299 0.035601 0.017153
48 0.463107 0.535219 0.010910 0.013504
48 0.481625 0.539416 0.013494 0.012409
48 0.519667 0.552555 0.006316 0.010219
48 0.521533 0.562044 0.010623 0.009489
48 0.521102 0.569526 0.009762 0.008394
48 0.523543 0.579562 0.007752 0.008759
48 0.521102 0.603832 0.025840 0.044891
48 0.530434 0.651095 0.020959 0.048905
48 0.495263 0.622263 0.009762 0.008759
48 0.593741 0.685401 0.021246 0.023358
48 0.535171 0.688686 0.016078 0.027737
48 0.620012 0.684307 0.015217 0.016058
48 0.607953 0.665693 0.011197 0.021898
48 0.743038 0.530109 0.063738 0.044891
48 0.627189 0.550365 0.077806 0.040146
48 0.899799 0.022993 0.024691 0.024088
48 0.922050 0.013869 0.037611 0.024818
48 0.949756 0.007664 0.022969 0.015328
48 0.966552 0.003285 0.027850 0.006569
6 0.590152 0.448540 0.003732 0.005839
10 0.574361 0.337226 0.005455 0.003650
19 0.540482 0.684124 0.006604 0.014234
19 0.545650 0.739599 0.006604 0.014964
19 0.566322 0.931934 0.006604 0.015693
48 0.518662 0.961131 0.013494 0.022993
48 0.555699 0.937044 0.024978 0.048540
48 0.108671 0.547628 0.010049 0.009854
5 0.555699 0.340693 0.006029 0.003285
7 0.503015 0.219708 0.003445 0.006569
18 0.572351 0.989234 0.005455 0.015693
5 0.894200 0.226642 0.004881 0.004380
48 0.910853 0.966241 0.022682 0.028102
48 0.317112 0.853832 0.010049 0.009854
48 0.941286 0.928285 0.020959 0.009124
5 0.774332 0.484489 0.003445 0.006204
19 0.543066 0.709854 0.004881 0.010949
48 0.884869 0.965693 0.014930 0.013869
48 0.965403 0.925912 0.009475 0.005839
48 0.315676 0.862226 0.008326 0.008394
48 0.936836 0.935401 0.010336 0.008029
47 0.729687 0.115328 0.014643 0.006569
47 0.707149 0.125000 0.013207 0.006934
48 0.831898 0.539234 0.091013 0.054380
48 0.557996 0.995438 0.029572 0.009124
5 0.487224 0.377007 0.002871 0.005109
48 0.823715 0.515328 0.078094 0.058394
5 0.770026 0.485219 0.003445 0.006934
19 0.546942 0.753102 0.005742 0.014964
48 0.683606 0.807299 0.050531 0.041606
48 0.914011 0.938686 0.006604 0.010219
5 0.809216 0.560584 0.006029 0.004380
5 0.958800 0.256934 0.002584 0.005109
19 0.563164 0.905109 0.006604 0.013869
48 0.555843 0.973905 0.031008 0.037591
48 0.927074 0.881752 0.008039 0.017518
47 0.726385 0.118978 0.013207 0.006569
10 0.543066 0.341241 0.004307 0.005109
5 0.491530 0.398358 0.002297 0.004015
5 0.995837 0.269161 0.003732 0.004745
5 0.982917 0.265511 0.005455 0.003285
48 0.538903 0.997993 0.012633 0.004015
48 0.987080 0.924270 0.012633 0.007664
6 0.566609 0.658577 0.002584 0.006204
48 0.466408 0.998358 0.035314 0.003285
48 0.861757 0.548723 0.092736 0.060219
48 0.752512 0.567336 0.077519 0.109124
48 0.907695 0.937956 0.010049 0.007299
10 0.581682 0.336496 0.006891 0.003650
48 0.660494 0.652372 0.099053 0.064599
19 0.548521 0.767153 0.005455 0.013869
48 0.949612 0.931752 0.007178 0.005839
48 0.759833 0.907299 0.007178 0.011679
48 0.809216 0.805110 0.009475 0.008759
10 0.596469 0.332117 0.007752 0.004380
5 0.488372 0.392701 0.002297 0.005839
5 0.560580 0.465693 0.002584 0.004380
48 0.676859 0.854380 0.008326 0.018248
13 0.771892 0.101825 0.015791 0.005839
19 0.536319 0.642701 0.006316 0.015328
48 0.499856 0.972993 0.035027 0.054015
48 0.503445 0.944708 0.011771 0.009854
48 0.892908 0.949818 0.024691 0.022263
5 0.543210 0.385036 0.003445 0.005109
19 0.537181 0.657299 0.005168 0.013869
19 0.568045 0.947993 0.005455 0.014234
48 0.811800 0.923723 0.015217 0.011679
48 0.735716 0.903467 0.003732 0.009854
47 0.700258 0.127007 0.012059 0.008029
10 0.522251 0.369161 0.002871 0.008394
48 0.944444 0.931934 0.006604 0.006934
48 0.460523 0.010219 0.022969 0.013139
48 0.730261 0.902190 0.011197 0.010219
10 0.560580 0.341606 0.006604 0.002920
10 0.601493 0.327555 0.006891 0.004015
10 0.593167 0.330109 0.006891 0.004015
10 0.569337 0.341058 0.006891 0.003285
48 0.720930 0.904927 0.005168 0.010584
10 0.588430 0.334307 0.007178 0.003650
5 0.486075 0.381569 0.002297 0.004015
48 0.657479 0.835401 0.016652 0.016058
48 0.908987 0.933029 0.011484 0.005474
19 0.541487 0.697445 0.004594 0.013869
19 0.565030 0.917883 0.006891 0.013139
19 0.570055 0.968978 0.004307 0.015328
48 0.747201 0.908212 0.006604 0.004745
48 0.753230 0.904015 0.004881 0.009489
48 0.895636 0.561496 0.103646 0.067518
48 0.684755 0.881387 0.006316 0.009489
9 0.609388 0.324818 0.005455 0.003650
5 0.527562 0.388686 0.003158 0.005109
19 0.539047 0.670803 0.005455 0.013869
19 0.550244 0.780292 0.005455 0.013139
48 0.785817 0.904197 0.009187 0.006934
13 0.636090 0.109672 0.004881 0.014234
48 0.702268 0.991606 0.056848 0.016788
48 0.322854 0.767153 0.010623 0.016788
19 0.554407 0.821533 0.006891 0.013869
10 0.567471 0.338686 0.006604 0.002920
19 0.562303 0.890146 0.005455 0.014599
48 0.714901 0.391788 0.049383 0.092336
48 0.751220 0.385401 0.046799 0.087591
48 0.789549 0.376095 0.047086 0.090146
48 0.825868 0.375000 0.044502 0.084307
48 0.862331 0.336861 0.057709 0.147445
48 0.908269 0.330292 0.057709 0.133577
53 0.930663 0.322263 0.036463 0.148905
6 0.382573 0.911314 0.005455 0.008029
6 0.451622 0.842336 0.009762 0.007299
6 0.498277 0.857847 0.003732 0.006204
9 0.356876 0.426642 0.003445 0.007299
10 0.612977 0.159854 0.016078 0.013139
10 0.615992 0.156387 0.014643 0.011314
13 0.589578 0.169161 0.012346 0.011314
13 0.593454 0.166423 0.012059 0.011679
13 0.597330 0.164963 0.012920 0.010949
13 0.602067 0.164051 0.012633 0.009854
13 0.604364 0.161679 0.012633 0.009489
13 0.626184 0.155109 0.013207 0.009489
13 0.631065 0.153832 0.012633 0.009124
13 0.633936 0.151095 0.012633 0.008759
13 0.637094 0.148723 0.012633 0.009124
13 0.642119 0.147263 0.014068 0.009854
13 0.645708 0.145255 0.013207 0.009489
13 0.651593 0.144343 0.014068 0.009854
13 0.656761 0.142883 0.013494 0.008394
13 0.665375 0.138504 0.012920 0.007664
13 0.670973 0.136679 0.015504 0.007664
13 0.674132 0.134854 0.013207 0.008394
13 0.678007 0.110949 0.014068 0.012409
13 0.691071 0.100182 0.014355 0.010584
13 0.686621 0.095803 0.012920 0.012044
13 0.682314 0.093978 0.014068 0.011314
13 0.652598 0.102190 0.006891 0.016788
13 0.648435 0.102555 0.005455 0.016788
13 0.643985 0.105109 0.004594 0.014599
9 0.726672 0.082664 0.004594 0.006934
9 0.723371 0.081022 0.004881 0.006569
9 0.717772 0.079562 0.004594 0.006569
9 0.701550 0.075547 0.007178 0.004380
9 0.402096 0.902190 0.007752 0.010219
58 0.436549 0.904927 0.026701 0.031022
6 0.839076 0.585037 0.004881 0.007299
6 0.834912 0.585037 0.005168 0.006569
5 0.555986 0.545255 0.002584 0.005109
6 0.553259 0.550182 0.004020 0.011314
53 0.352713 0.294343 0.039908 0.052920
48 0.698823 0.516606 0.088430 0.117883
48 0.679587 0.599635 0.211886 0.110949
5 0.435401 0.973905 0.004307 0.006204
5 0.430520 0.986679 0.004881 0.004745
5 0.542779 0.939599 0.002584 0.005474
5 0.386018 0.724088 0.003158 0.005839
5 0.348837 0.709124 0.005742 0.003650
5 0.381998 0.746898 0.004307 0.004745
5 0.382573 0.770255 0.003158 0.005474
6 0.376256 0.787226 0.004307 0.008759
6 0.475022 0.686314 0.007752 0.006934
48 0.441143 0.547993 0.005455 0.010584
48 0.428510 0.551095 0.006029 0.010219
6 0.276342 0.244161 0.004307 0.006569
34 0.969566 0.965328 0.049383 0.052555
5 0.106804 0.540328 0.004594 0.006934
23 0.084697 0.783577 0.017227 0.015328
53 0.679587 0.115693 0.144129 0.100000
48 0.956216 0.979927 0.061154 0.040146
19 0.555412 0.834854 0.007752 0.014964
8 0.437984 0.204380 0.004307 0.007299
52 0.754953 0.835037 0.130060 0.122628
23 0.106804 0.506752 0.035601 0.024453
5 0.973299 0.864781 0.001148 0.004015
5 0.665231 0.691971 0.007465 0.005109
5 0.675280 0.687956 0.008039 0.005109
5 0.945449 0.599270 0.006316 0.005109
5 0.569337 0.788139 0.006316 0.004745
5 0.501292 0.580657 0.003445 0.005839
5 0.939707 0.696168 0.002297 0.004015
5 0.934109 0.692153 0.002584 0.006204
5 0.936262 0.690876 0.002871 0.007299
5 0.938559 0.689781 0.003445 0.005839
5 0.941430 0.689234 0.003445 0.006204
53 0.936980 0.702737 0.016939 0.034672
53 0.945880 0.669708 0.029572 0.035766
5 0.990813 0.708029 0.003445 0.005109
5 0.643124 0.696168 0.004594 0.003285
5 0.872954 0.470803 0.002584 0.004380
5 0.875538 0.473358 0.004307 0.002190
5 0.789836 0.483394 0.002871 0.005474
5 0.787539 0.483577 0.002297 0.005109
5 0.759833 0.494708 0.002584 0.005474
5 0.757393 0.495255 0.002871 0.005109
5 0.952340 0.344708 0.002871 0.004745
5 0.737726 0.281204 0.006029 0.003285
5 0.913867 0.417336 0.002871 0.004745
5 0.916738 0.417336 0.002871 0.004745
5 0.919466 0.416788 0.002584 0.004380
5 0.922481 0.416606 0.002871 0.004745
5 0.924490 0.416241 0.002297 0.004745
5 0.798019 0.434489 0.002584 0.005474
5 0.774189 0.437044 0.002010 0.004745
5 0.772036 0.437409 0.002871 0.005474
4 0.775768 0.429745 0.005742 0.003285
5 0.581970 0.462409 0.002297 0.005109
5 0.587138 0.462409 0.002871 0.004380
5 0.676428 0.449818 0.002297 0.004015
5 0.584984 0.412409 0.004881 0.002190
5 0.594315 0.414051 0.005742 0.002555
5 0.557565 0.394708 0.005168 0.002555
53 0.591013 0.399818 0.081826 0.086496
5 0.503445 0.457664 0.004307 0.006569
5 0.513351 0.405292 0.004594 0.005474
5 0.528567 0.421350 0.002297 0.004745
5 0.516365 0.812956 0.006604 0.004745
5 0.516509 0.824088 0.005168 0.005109
10 0.653316 0.743978 0.016365 0.009854
5 0.348694 0.111131 0.003732 0.004745
5 0.350560 0.111131 0.004020 0.005474
5 0.365920 0.122080 0.003732 0.005474
5 0.364198 0.123540 0.003732 0.006204
5 0.361757 0.124635 0.003445 0.006204
5 0.388315 0.313686 0.005455 0.003285
48 0.415877 0.339234 0.096181 0.087956
5 0.301464 0.158394 0.004020 0.005109
48 0.320270 0.137956 0.048521 0.047445
48 0.321849 0.091423 0.082113 0.077737
53 0.279070 0.114416 0.033879 0.043431
5 0.274332 0.127372 0.004307 0.002920
5 0.231266 0.047080 0.003732 0.005109
5 0.239879 0.040876 0.004881 0.003650
5 0.236291 0.034489 0.004020 0.003285
5 0.242894 0.030839 0.004594 0.004015
5 0.243899 0.033212 0.004307 0.003650
5 0.246483 0.037226 0.004307 0.002920
5 0.248780 0.041423 0.004307 0.003285
5 0.251938 0.036314 0.004307 0.003285
5 0.252656 0.038686 0.004594 0.002920
5 0.258829 0.022993 0.004307 0.003650
5 0.259833 0.024818 0.004020 0.002920
5 0.261700 0.026642 0.004307 0.003650
53 0.247775 0.030109 0.041344 0.039781
5 0.508039 0.170985 0.003158 0.005474
5 0.493684 0.192336 0.003732 0.006569
5 0.431094 0.039781 0.003732 0.002190
5 0.431094 0.041971 0.004307 0.002190
5 0.455498 0.085949 0.003158 0.004745
5 0.456934 0.080292 0.003158 0.005109
5 0.420327 0.008029 0.006316 0.002920
5 0.394775 0.635766 0.003445 0.005109
5 0.385013 0.756204 0.003445 0.005839
5 0.360896 0.883212 0.004020 0.005839
5 0.317829 0.247263 0.005742 0.004745
5 0.293712 0.285219 0.004594 0.006934
5 0.291990 0.197628 0.003445 0.005474
5 0.352857 0.427372 0.004020 0.006569
5 0.264571 0.066058 0.004881 0.002920
5 0.257106 0.183759 0.003732 0.006204
5 0.303905 0.036679 0.004881 0.003285
5 0.594889 0.776277 0.006316 0.004380
5 0.530434 0.941058 0.005455 0.003285
5 0.529859 0.952007 0.004307 0.003285
5 0.486793 0.491241 0.004307 0.005839
5 0.496555 0.548723 0.004307 0.006204
9 0.352857 0.962774 0.004594 0.007299
9 0.532874 0.168796 0.017227 0.009124
10 0.553402 0.160219 0.018662 0.009489
53 0.577663 0.152920 0.121160 0.085401
39 0.775768 0.921350 0.012633 0.004745
48 0.906403 0.692153 0.077519 0.082117
48 0.850847 0.085766 0.026701 0.023358
5 0.316537 0.257664 0.003158 0.004380
5 0.370514 0.481569 0.004307 0.004015
5 0.378122 0.504197 0.005742 0.005474
5 0.325007 0.779745 0.005742 0.005474
5 0.791128 0.682664 0.004307 0.004015
5 0.746914 0.703650 0.006029 0.004380
5 0.917026 0.660949 0.002871 0.003650
5 0.929228 0.624817 0.004881 0.004380
5 0.501148 0.277920 0.002584 0.003285
5 0.457221 0.091971 0.003158 0.003650
5 0.431668 0.019891 0.005455 0.003285
5 0.302900 0.048358 0.004020 0.004745
5 0.271174 0.114781 0.003158 0.003285
5 0.280505 0.126095 0.004020 0.004015
5 0.315533 0.212956 0.004020 0.003285
5 0.345535 0.118431 0.003732 0.004015
10 0.623600 0.692883 0.010910 0.008394
10 0.561298 0.531934 0.005742 0.017153
8 0.449038 0.962226 0.006891 0.008394
5 0.497272 0.159307 0.004020 0.004015
5 0.547804 0.416971 0.002297 0.003285
5 0.567758 0.377555 0.002584 0.004745
5 0.594746 0.416788 0.004307 0.002190
5 0.792564 0.434489 0.002584 0.004015
5 0.957508 0.247263 0.002871 0.003285
5 0.926931 0.276825 0.003732 0.003285
5 0.924634 0.320073 0.003732 0.002920
5 0.938702 0.340328 0.004881 0.004015
5 0.931812 0.300365 0.003732 0.002920
5 0.784381 0.502555 0.002297 0.004380
5 0.782228 0.509307 0.002584 0.004015
5 0.850129 0.602920 0.004020 0.002920
5 0.876543 0.591606 0.003445 0.002920
9 0.806919 0.068613 0.008326 0.003650
9 0.803330 0.219343 0.005742 0.011679
5 0.306632 0.234489 0.004594 0.006204
5 0.308355 0.239599 0.002297 0.006204
5 0.377692 0.522080 0.003732 0.004745
5 0.467700 0.727190 0.004020 0.004745
5 0.772466 0.734489 0.004881 0.003285
10 0.619150 0.119343 0.004881 0.018248
5 0.438272 0.026642 0.003158 0.003650
5 0.451048 0.095073 0.002871 0.001825
5 0.456503 0.067518 0.004020 0.005109
5 0.514068 0.170620 0.003158 0.004015
5 0.250502 0.018978 0.004881 0.003650
5 0.324577 0.214599 0.003158 0.003650
5 0.370514 0.255292 0.003732 0.004015
5 0.359604 0.110401 0.003158 0.004015
5 0.337784 0.117336 0.002010 0.003285
5 0.340798 0.131752 0.003445 0.002190
5 0.524404 0.303832 0.003732 0.004745
5 0.414442 0.169161 0.003158 0.003285
5 0.425065 0.168978 0.003732 0.003650
5 0.574361 0.405657 0.004881 0.003285
5 0.585415 0.409489 0.003445 0.002190
5 0.596325 0.421350 0.004020 0.001825
5 0.576514 0.459489 0.004020 0.002190
5 0.606948 0.460219 0.002871 0.004380
5 0.688774 0.448358 0.002871 0.003285
5 0.703273 0.445438 0.002584 0.004015
5 0.867499 0.422810 0.003732 0.004745
5 0.954637 0.412044 0.003445 0.003650
5 0.806489 0.261314 0.004594 0.003650
5 0.962532 0.270985 0.002584 0.002555
5 0.924203 0.314051 0.004594 0.002555
5 0.926069 0.322080 0.003732 0.002555
5 0.929515 0.288504 0.004307 0.002555
5 0.770456 0.495255 0.003158 0.005109
5 0.862188 0.493248 0.004594 0.001825
5 0.890181 0.586496 0.003158 0.002190
5 0.943870 0.674270 0.004881 0.003285
9 0.818404 0.229562 0.011771 0.005839
48 0.362475 0.198723 0.063451 0.058759
5 0.802613 0.007847 0.003732 0.004015
10 0.510623 0.484307 0.005455 0.008759
5 0.260695 0.198175 0.005168 0.004380
5 0.358886 0.984489 0.003445 0.004745
5 0.471576 0.848540 0.004307 0.004380
5 0.557278 0.802190 0.004594 0.002920
5 0.924060 0.659124 0.003732 0.004380
5 0.486075 0.478467 0.004594 0.004380
5 0.282084 0.107664 0.004881 0.003650
5 0.302756 0.142336 0.002584 0.004380
5 0.395636 0.111131 0.002871 0.004015
8 0.556130 0.599635 0.004020 0.008759
5 0.546225 0.232847 0.002584 0.005109
5 0.413006 0.236679 0.004307 0.003285
5 0.550675 0.432847 0.002871 0.003650
5 0.524404 0.402372 0.003158 0.001825
5 0.539765 0.443796 0.002871 0.003650
5 0.561585 0.423358 0.004594 0.002920
5 0.613408 0.444161 0.002584 0.003650
5 0.605800 0.387774 0.005168 0.002555
5 0.678295 0.449818 0.002010 0.003285
5 0.975452 0.408759 0.002584 0.003650
5 0.927361 0.280109 0.004020 0.001825
5 0.945162 0.388139 0.004594 0.003285
5 0.936118 0.322080 0.004881 0.002555
5 0.748923 0.486679 0.002584 0.004015
5 0.782228 0.485036 0.002584 0.003650
5 0.744330 0.656752 0.003732 0.004015
5 0.882860 0.589781 0.003445 0.002920
5 0.977175 0.721350 0.002010 0.003285
5 0.942435 0.695255 0.003732 0.004380
5 0.939276 0.666423 0.004307 0.002920
10 0.681740 0.130109 0.019236 0.012044
5 0.479328 0.840146 0.003732 0.003650
5 0.547660 0.798723 0.003732 0.003285
5 0.725955 0.710401 0.005455 0.005474
5 0.494114 0.528285 0.003445 0.004015
10 0.632357 0.111861 0.004307 0.017153
5 0.452914 0.077737 0.002584 0.003650
5 0.429371 0.035219 0.003158 0.003285
5 0.305340 0.056204 0.002584 0.004380
5 0.262848 0.121898 0.003732 0.002920
5 0.344818 0.041788 0.003445 0.002555
5 0.343669 0.113686 0.002871 0.003285
5 0.345535 0.128832 0.003732 0.002920
10 0.696382 0.717518 0.009475 0.008029
5 0.495406 0.153467 0.004307 0.004745
5 0.530434 0.155657 0.003732 0.002555
5 0.425065 0.172993 0.003732 0.003650
5 0.538616 0.466788 0.003445 0.002190
5 0.572495 0.433394 0.004020 0.002555
5 0.573356 0.437956 0.004020 0.002920
5 0.595751 0.380839 0.003445 0.004015
5 0.643985 0.454380 0.002297 0.003650
5 0.776486 0.436679 0.002584 0.004015
5 0.781654 0.436131 0.002010 0.003650
5 0.840942 0.428285 0.002297 0.004015
5 0.860609 0.424818 0.002010 0.003650
5 0.948177 0.408759 0.002584 0.002920
5 0.928797 0.282664 0.004020 0.002555
5 0.931525 0.355657 0.003732 0.003285
5 0.941717 0.385219 0.002871 0.003285
5 0.949899 0.345438 0.002010 0.003285
5 0.762417 0.646533 0.004307 0.004015
5 0.813523 0.628832 0.003732 0.003650
5 0.894918 0.583577 0.004020 0.003650
5 0.826873 0.484124 0.003445 0.002555
5 0.988372 0.708759 0.003158 0.004380
5 0.942578 0.715511 0.002297 0.003285
5 0.950187 0.662044 0.002010 0.004380
5 0.848263 0.696168 0.002584 0.003285
5 0.393052 0.609672 0.004594 0.005474
5 0.657910 0.785219 0.002584 0.003285
5 0.556417 0.470803 0.004594 0.005839
5 0.512489 0.306022 0.003445 0.004015
5 0.439707 0.063504 0.003158 0.002920
5 0.444732 0.078832 0.004020 0.002190
5 0.285530 0.112591 0.003158 0.002555
5 0.285817 0.139416 0.002584 0.002920
5 0.392334 0.247993 0.004881 0.002555
5 0.366925 0.308577 0.004020 0.003285
5 0.350847 0.125912 0.005742 0.005109
5 0.349699 0.131569 0.002871 0.003285
5 0.484927 0.058577 0.004020 0.004745
5 0.536319 0.459307 0.003445 0.002555
5 0.578237 0.436861 0.004020 0.002920
5 0.588430 0.366423 0.003158 0.004380
5 0.617571 0.365328 0.004594 0.001460
5 0.863193 0.424453 0.002584 0.004380
5 0.928941 0.285766 0.004307 0.002920
5 0.934826 0.318431 0.004594 0.002555
5 0.993253 0.546533 0.004307 0.002555
5 0.986219 0.710037 0.002871 0.004015
5 0.937410 0.716606 0.004020 0.004015
48 0.686477 0.016606 0.008039 0.006934
5 0.945306 0.235219 0.004307 0.001825
9 0.815245 0.222628 0.013494 0.005839
5 0.626184 0.319890 0.003445 0.003285
48 0.926213 0.767518 0.093023 0.062044
8 0.548665 0.508394 0.003445 0.007299
5 0.383003 0.546168 0.005168 0.006204
5 0.420471 0.639599 0.003732 0.004745
5 0.489521 0.766058 0.002871 0.005109
5 0.380276 0.955474 0.003158 0.004380
5 0.835200 0.696533 0.003445 0.003285
5 0.879558 0.679197 0.004881 0.004380
5 0.596469 0.614964 0.004307 0.006569
5 0.567040 0.568248 0.004594 0.005839
10 0.629917 0.129197 0.020672 0.012409
5 0.506603 0.281569 0.003158 0.004015
5 0.504881 0.275547 0.003158 0.004380
5 0.313953 0.054197 0.004881 0.004745
5 0.265432 0.127190 0.002584 0.004015
5 0.290985 0.136496 0.003158 0.003650
5 0.341085 0.121898 0.002871 0.003650
5 0.355728 0.127007 0.001723 0.004380
5 0.378697 0.145255 0.005742 0.004380
5 0.520959 0.235036 0.004307 0.002920
5 0.651019 0.328832 0.003732 0.002920
5 0.518375 0.211861 0.004307 0.004015
5 0.552397 0.447080 0.002297 0.004380
5 0.549957 0.428467 0.002584 0.002920
5 0.534597 0.426095 0.002871 0.004745
5 0.569193 0.416241 0.003732 0.002555
5 0.565461 0.464599 0.002584 0.003650
5 0.880563 0.422080 0.002297 0.004015
5 0.953919 0.407299 0.003158 0.002920
5 0.959374 0.406569 0.003732 0.002920
5 0.979472 0.414416 0.003158 0.004745
5 0.932099 0.303467 0.003732 0.003285
5 0.866351 0.502007 0.003732 0.002555
5 0.928797 0.566606 0.004594 0.004015
5 0.940138 0.705839 0.003158 0.002190
5 0.932960 0.697628 0.003158 0.004015
5 0.991961 0.630657 0.002871 0.004380
48 0.971720 0.375547 0.026701 0.038686
48 0.668964 0.363686 0.035601 0.019343
8 0.509187 0.308942 0.004307 0.006934
10 0.536463 0.417701 0.004307 0.007664
5 0.261987 0.179197 0.003158 0.003650
5 0.266868 0.174088 0.003158 0.005109
5 0.318404 0.325547 0.003445 0.005109
5 0.779357 0.683029 0.007178 0.004745
5 0.902096 0.638321 0.004020 0.003650
10 0.549526 0.183577 0.008613 0.013869
5 0.507608 0.287409 0.003445 0.004745
5 0.455642 0.076642 0.002871 0.002920
5 0.440856 0.033212 0.004881 0.004380
5 0.432960 0.011131 0.003445 0.004015
5 0.442578 0.070985 0.003158 0.001825
5 0.250790 0.034489 0.003158 0.001825
5 0.271892 0.076825 0.002871 0.003285
5 0.279500 0.096533 0.003158 0.004015
5 0.265719 0.105474 0.004307 0.002190
5 0.299024 0.159489 0.003158 0.003650
5 0.416595 0.120255 0.002871 0.004015
8 0.555699 0.882299 0.004307 0.009124
5 0.447316 0.016606 0.004020 0.004015
5 0.524835 0.244891 0.004020 0.002190
5 0.537468 0.337409 0.004594 0.004015
5 0.421189 0.229197 0.004020 0.002920
5 0.449325 0.272810 0.004020 0.004015
5 0.481625 0.335584 0.003158 0.004015
5 0.553115 0.452920 0.002584 0.004380
5 0.525409 0.399088 0.002871 0.001825
5 0.601780 0.423358 0.003445 0.002920
5 0.691789 0.447263 0.002584 0.003285
5 0.740597 0.441058 0.002010 0.004015
5 0.755670 0.439051 0.002871 0.003650
5 0.878409 0.422445 0.003158 0.004015
5 0.951622 0.412226 0.002010 0.004015
6 0.606661 0.328650 0.006316 0.004745
5 0.980477 0.195985 0.003445 0.002920
5 0.943727 0.378285 0.004020 0.003285
5 0.936693 0.324453 0.003732 0.002920
5 0.934252 0.312044 0.004594 0.002920
5 0.767298 0.495803 0.002010 0.004015
5 0.682314 0.685401 0.003732 0.002920
5 0.726098 0.666241 0.002871 0.002555
5 0.935113 0.565146 0.003445 0.003285
5 0.524835 0.998905 0.002871 0.002190
9 0.805197 0.065511 0.007752 0.004015
48 0.699828 0.933942 0.035314 0.026277
48 0.402957 0.273540 0.085846 0.072628
5 0.339363 0.300547 0.003445 0.004745
5 0.565174 0.643431 0.003158 0.006569
5 0.561154 0.508942 0.004307 0.004015
5 0.559862 0.502920 0.004020 0.004380
10 0.579242 0.134489 0.004881 0.019343
5 0.469136 0.115328 0.003445 0.004380
5 0.458800 0.085401 0.002871 0.003650
5 0.306345 0.156569 0.004594 0.004380
5 0.296440 0.168796 0.003158 0.005474
5 0.352139 0.298175 0.004307 0.004380
5 0.365490 0.303102 0.005168 0.002555
5 0.355154 0.113504 0.002871 0.003650
5 0.543641 0.234124 0.003158 0.004015
5 0.515504 0.301460 0.004307 0.005109
5 0.425352 0.164963 0.003158 0.004380
5 0.534310 0.446715 0.004594 0.002190
5 0.537181 0.461679 0.003445 0.002190
5 0.569050 0.371715 0.001723 0.004015
5 0.606087 0.390146 0.004020 0.002190
5 0.595751 0.363139 0.002871 0.004380
5 0.616566 0.360401 0.003732 0.001825
5 0.617571 0.368066 0.003445 0.001825
5 0.567614 0.464234 0.002297 0.004380
5 0.637956 0.455657 0.002297 0.003285
5 0.839650 0.423905 0.004307 0.002555
5 0.933104 0.364781 0.003445 0.004015
5 0.938415 0.362774 0.003158 0.005109
5 0.777634 0.493978 0.002010 0.003285
5 0.719638 0.665693 0.004307 0.004380
9 0.807063 0.220803 0.006316 0.011679
5 0.649153 0.014964 0.002297 0.004380
48 0.156331 0.944526 0.018088 0.016788
48 0.471289 0.027920 0.033592 0.025912
5 0.334625 0.291606 0.003158 0.005109
5 0.871088 0.640876 0.007465 0.006569
5 0.587855 0.616423 0.002584 0.004380
5 0.427792 0.030292 0.005168 0.005109
5 0.437984 0.060219 0.003732 0.002920
5 0.237295 0.036314 0.005455 0.003285
5 0.255670 0.015328 0.003158 0.002920
5 0.292277 0.048905 0.003445 0.004380
5 0.294574 0.056387 0.002871 0.004015
5 0.283664 0.139964 0.002297 0.003285
5 0.290841 0.142153 0.002871 0.004015
5 0.353144 0.115328 0.002297 0.004380
5 0.343956 0.140511 0.002871 0.003650
10 0.277204 0.235949 0.004307 0.009124
5 0.279788 0.072080 0.004307 0.003285
5 0.401522 0.178102 0.004881 0.005109
5 0.438846 0.220255 0.002584 0.003285
5 0.437697 0.245620 0.003732 0.003650
5 0.551392 0.441788 0.003158 0.003285
5 0.548809 0.421898 0.002584 0.003650
5 0.554838 0.381569 0.004307 0.001825
5 0.608958 0.405292 0.004594 0.003285
5 0.592736 0.365511 0.002584 0.004745
5 0.600775 0.362044 0.002584 0.003650
5 0.575366 0.464234 0.002871 0.003650
5 0.614700 0.458212 0.002871 0.004745
5 0.926069 0.270803 0.003732 0.002920
5 0.942578 0.372263 0.004020 0.002920
5 0.734424 0.487956 0.002871 0.003650
5 0.802326 0.486131 0.002584 0.003650
5 0.810078 0.624088 0.003732 0.003650
5 0.826299 0.616241 0.003445 0.002555
5 0.914011 0.573723 0.003158 0.002920
5 0.938559 0.563869 0.003445 0.003650
5 0.906259 0.528832 0.003158 0.003650
5 0.911858 0.529015 0.003445 0.004015
48 0.168102 0.992336 0.007178 0.008759
48 0.656187 0.402007 0.068045 0.052190
48 0.801034 0.039051 0.028137 0.032117
5 0.242750 0.161131 0.004307 0.006204
5 0.330319 0.335584 0.004307 0.004015
5 0.338501 0.391423 0.004020 0.005474
5 0.767011 0.738504 0.004881 0.001825
5 0.872667 0.652190 0.004881 0.003650
10 0.567758 0.178102 0.046225 0.036496
5 0.460666 0.090511 0.004307 0.003650
5 0.446311 0.049453 0.003158 0.004015
5 0.440856 0.042336 0.002010 0.003650
5 0.432817 0.044161 0.003158 0.002920
5 0.241459 0.029015 0.003445 0.001825
5 0.248636 0.030657 0.002297 0.002190
5 0.276055 0.057482 0.004881 0.004015
5 0.296440 0.145438 0.002010 0.004015
5 0.303187 0.146715 0.003445 0.002190
5 0.416164 0.194526 0.004881 0.006569
5 0.275624 0.074818 0.005168 0.005109
5 0.450043 0.022993 0.003158 0.003650
5 0.530577 0.160219 0.003445 0.002190
5 0.555699 0.229745 0.003732 0.004015
5 0.436693 0.215693 0.002871 0.002920
5 0.429802 0.211861 0.002871 0.004015
5 0.454063 0.274270 0.003158 0.004745
5 0.570916 0.274818 0.003158 0.004380
5 0.559001 0.410037 0.004594 0.002555
5 0.574505 0.413321 0.004020 0.002555
5 0.571634 0.423540 0.004020 0.002555
5 0.584697 0.416971 0.003732 0.002555
5 0.586994 0.421898 0.003732 0.002920
5 0.602067 0.460949 0.002297 0.004380
5 0.789980 0.434307 0.003158 0.004380
5 0.907695 0.415146 0.002584 0.001825
5 0.934683 0.414964 0.002584 0.002920
5 0.922050 0.255292 0.004307 0.002555
5 0.923629 0.261314 0.004020 0.002920
5 0.921619 0.300000 0.003445 0.002190
5 0.909991 0.225182 0.003158 0.004380
5 0.797014 0.484124 0.002297 0.004015
5 0.814097 0.485584 0.002010 0.004015
5 0.785960 0.507482 0.002010 0.003285
5 0.907695 0.469708 0.003732 0.002920
5 0.869078 0.589416 0.002871 0.002920
5 0.922624 0.569890 0.003732 0.003285
5 0.923773 0.529015 0.003732 0.004015
5 0.936405 0.663686 0.004307 0.004745
5 0.948177 0.651095 0.002584 0.004380
5 0.669538 0.195803 0.005168 0.002555
5 0.754235 0.164234 0.004020 0.002190
10 0.694803 0.129745 0.017227 0.010584
5 0.557996 0.485219 0.003158 0.004745
5 0.542779 0.935401 0.004881 0.005839
5 0.480190 0.753102 0.003732 0.003285
5 0.799024 0.720073 0.006316 0.005109
5 0.903531 0.618431 0.006316 0.004015
5 0.561154 0.647993 0.004307 0.003285
5 0.490956 0.524270 0.002871 0.004745
5 0.492248 0.186131 0.003158 0.005109
5 0.417887 0.011679 0.003158 0.003650
5 0.252943 0.040876 0.004020 0.002190
5 0.311370 0.045620 0.004881 0.002190
5 0.251077 0.068066 0.004307 0.003285
5 0.292133 0.065511 0.003732 0.001825
5 0.271461 0.120438 0.003732 0.003650
5 0.285386 0.151460 0.002871 0.003650
5 0.319983 0.222810 0.003732 0.003285
5 0.328740 0.245438 0.004020 0.004015
5 0.414585 0.300730 0.005168 0.004380
5 0.347115 0.043613 0.004020 0.003285
5 0.346110 0.112774 0.003158 0.003650
5 0.510049 0.280109 0.003732 0.004015
5 0.426500 0.226460 0.004881 0.001825
5 0.483922 0.342883 0.003158 0.004745
5 0.505599 0.230657 0.003445 0.004380
5 0.620586 0.321168 0.004307 0.002920
5 0.534740 0.451642 0.003158 0.001825
5 0.572495 0.395803 0.004020 0.002555
5 0.573787 0.400547 0.003158 0.001825
5 0.620873 0.419526 0.003732 0.002555
5 0.709877 0.445073 0.003158 0.003285
5 0.834338 0.425365 0.004020 0.002555
5 0.900947 0.419526 0.002871 0.004015
5 0.872954 0.234672 0.004307 0.002920
5 0.939851 0.210949 0.003732 0.003650
5 0.916021 0.252555 0.002010 0.003650
5 0.920040 0.290146 0.003732 0.002920
5 0.928223 0.337956 0.004020 0.002920
5 0.929228 0.341241 0.004307 0.002920
5 0.948320 0.338504 0.003445 0.001825
5 0.774620 0.494708 0.002871 0.003285
5 0.765863 0.504197 0.002010 0.004015
5 0.860896 0.490511 0.003158 0.002190
5 0.703560 0.677555 0.003158 0.003285
5 0.749354 0.654197 0.002871 0.002555
5 0.958369 0.556569 0.003445 0.003650
5 0.935113 0.709672 0.003445 0.002555
5 0.522969 0.951095 0.004307 0.003650
5 0.926787 0.226825 0.005168 0.003285
5 0.935831 0.236496 0.005455 0.003650
5 0.539334 0.919343 0.004307 0.007299
5 0.489233 0.839599 0.003445 0.004015
5 0.585128 0.816606 0.004594 0.004745
5 0.661499 0.752555 0.003445 0.002920
5 0.685616 0.732482 0.004594 0.003650
10 0.549526 0.146533 0.007465 0.022263
10 0.559432 0.180292 0.011771 0.012409
5 0.520528 0.357299 0.004594 0.005109
5 0.484209 0.158759 0.004307 0.003650
5 0.469997 0.120438 0.004020 0.005109
5 0.436836 0.032117 0.004307 0.005839
5 0.239018 0.038504 0.003158 0.002555
5 0.307924 0.043796 0.003732 0.003650
5 0.288257 0.050547 0.002297 0.004015
5 0.267585 0.077372 0.002871 0.002920
5 0.260695 0.117153 0.004594 0.004380
5 0.288401 0.143613 0.002010 0.004015
5 0.287827 0.149088 0.003158 0.003285
5 0.352426 0.109124 0.003158 0.002920
5 0.332472 0.023540 0.002871 0.004015
5 0.337496 0.026642 0.003158 0.004380
5 0.546512 0.406752 0.003158 0.004745
5 0.571921 0.372080 0.002297 0.003285
5 0.623600 0.435037 0.003445 0.002190
5 0.723658 0.443613 0.002584 0.004015
5 0.903244 0.418978 0.002297 0.002920
5 0.942148 0.368796 0.004307 0.004015
5 0.716624 0.666423 0.002871 0.003650
5 0.941573 0.562591 0.003732 0.003285
5 0.994114 0.707117 0.002010 0.004015
5 0.943583 0.677372 0.004307 0.003650
5 0.956503 0.679927 0.002584 0.002920
5 0.839937 0.658759 0.004881 0.003650
5 0.523686 0.948540 0.005168 0.003650
5 0.516939 0.998723 0.003158 0.002555
5 0.677290 0.193613 0.005168 0.003285
9 0.817255 0.226095 0.012920 0.006934
9 0.469710 0.080292 0.003445 0.005839
10 0.740597 0.111679 0.019236 0.005839
5 0.250072 0.128650 0.004594 0.003285
5 0.243325 0.153467 0.006029 0.005474
5 0.388745 0.919161 0.004020 0.004745
5 0.536176 0.811861 0.004307 0.004745
5 0.781797 0.729197 0.004594 0.003650
5 0.956503 0.585401 0.003732 0.003650
10 0.555125 0.144161 0.008900 0.022628
10 0.605082 0.126825 0.006029 0.018613
5 0.472007 0.124635 0.002871 0.004015
5 0.447459 0.064234 0.004307 0.004380
5 0.440281 0.066423 0.003732 0.002190
5 0.451335 0.097810 0.003445 0.002920
5 0.482486 0.117336 0.003158 0.003285
5 0.247918 0.039416 0.002584 0.002920
5 0.245478 0.035219 0.003445 0.001825
5 0.308642 0.059854 0.002871 0.003650
5 0.274332 0.055109 0.004307 0.002920
5 0.267442 0.110949 0.004307 0.002920
5 0.274045 0.151825 0.003732 0.004380
5 0.299024 0.137591 0.002010 0.004380
5 0.308498 0.161314 0.002010 0.003650
5 0.317973 0.220073 0.004307 0.002920
5 0.319983 0.226460 0.003732 0.003285
5 0.342521 0.114781 0.003445 0.002555
5 0.528424 0.245985 0.003732 0.002190
5 0.418892 0.167336 0.003445 0.004015
5 0.556130 0.388869 0.003445 0.002555
5 0.591588 0.381022 0.002584 0.004380
5 0.850560 0.426277 0.002010 0.003650
5 0.917600 0.413321 0.003445 0.002555
5 0.972725 0.409489 0.002297 0.004380
5 0.916595 0.265328 0.003158 0.002190
5 0.926069 0.325365 0.003732 0.003285
5 0.926931 0.329015 0.003732 0.003285
5 0.944875 0.391606 0.004594 0.003650
5 0.940712 0.349818 0.003158 0.003285
5 0.934396 0.315146 0.004307 0.003285
5 0.730405 0.488686 0.002871 0.004380
5 0.784956 0.484124 0.002297 0.004015
5 0.763853 0.511496 0.003158 0.004015
5 0.787539 0.502190 0.002297 0.004380
5 0.920471 0.530474 0.002871 0.004015
5 0.934970 0.697445 0.003158 0.003650
5 0.989521 0.631752 0.003158 0.003650
5 0.940856 0.236496 0.004020 0.002920
5 0.251077 0.093796 0.004881 0.005109
5 0.366638 0.995620 0.004594 0.003650
5 0.807637 0.716058 0.005168 0.003650
5 0.556273 0.475365 0.003732 0.004015
5 0.475883 0.134489 0.002584 0.004015
5 0.434539 0.050365 0.003158 0.002920
5 0.484927 0.122810 0.004020 0.003285
5 0.380563 0.151095 0.003732 0.002920
10 0.304910 0.301095 0.010336 0.013869
10 0.546368 0.812409 0.016078 0.010949
5 0.446741 0.011679 0.004020 0.005109
5 0.532443 0.244343 0.003158 0.004015
5 0.512489 0.286496 0.003445 0.005109
5 0.585702 0.419708 0.003445 0.002190
5 0.607809 0.443978 0.002871 0.004015
5 0.579816 0.463504 0.002010 0.003650
5 0.743038 0.440693 0.002871 0.003285
5 0.800172 0.434307 0.001723 0.003650
5 0.888745 0.413504 0.004881 0.003650
5 0.905685 0.418978 0.001436 0.003650
5 0.907982 0.418796 0.002010 0.004015
5 0.956934 0.411131 0.002297 0.003285
5 0.980477 0.402920 0.003445 0.002920
5 0.934539 0.212409 0.004594 0.004380
5 0.922050 0.302737 0.003158 0.002555
5 0.794861 0.483577 0.001436 0.002920
5 0.610680 0.687226 0.004594 0.003650
5 0.651163 0.695985 0.003445 0.002920
5 0.693224 0.681387 0.004307 0.002920
5 0.956503 0.536679 0.002010 0.004015
5 0.979185 0.711314 0.002584 0.003650
51 0.389320 0.224088 0.079242 0.057664
8 0.563020 0.464781 0.004020 0.008394
5 0.812518 0.002190 0.003445 0.004380
5 0.193368 0.029927 0.004307 0.004380
5 0.208010 0.065693 0.005455 0.003650
5 0.345535 0.317153 0.002584 0.005109
5 0.394344 0.654562 0.003158 0.004745
8 0.626759 0.702190 0.010336 0.005839
15 0.943583 0.892701 0.004881 0.012409
10 0.562877 0.177190 0.011771 0.014234
5 0.544645 0.483029 0.003445 0.004745
5 0.543928 0.474453 0.003158 0.005109
5 0.496985 0.209307 0.001723 0.002555
5 0.441430 0.068613 0.004307 0.003650
5 0.234424 0.032482 0.003158 0.002920
5 0.253517 0.073905 0.003445 0.002555
5 0.266293 0.107847 0.003158 0.003285
5 0.349986 0.287409 0.003445 0.002555
5 0.350703 0.115876 0.003158 0.004015
5 0.444732 0.005474 0.004020 0.004380
5 0.535458 0.235766 0.003445 0.003650
5 0.475739 0.336131 0.002871 0.004380
5 0.531438 0.439051 0.002297 0.003650
5 0.534453 0.449270 0.004307 0.002190
5 0.568475 0.398358 0.004594 0.003285
5 0.573643 0.402555 0.004594 0.002920
5 0.601780 0.429927 0.004594 0.002190
5 0.902239 0.415328 0.003732 0.002190
5 0.967270 0.409672 0.002871 0.004745
5 0.970141 0.409489 0.002871 0.004380
5 0.829314 0.250182 0.004307 0.003285
5 0.924490 0.267336 0.004020 0.004015
5 0.924634 0.310037 0.003732 0.003285
5 0.742894 0.488321 0.003158 0.004380
5 0.764427 0.495438 0.002584 0.004745
5 0.819265 0.619708 0.004881 0.003650
5 0.863193 0.599453 0.003732 0.004015
5 0.899512 0.581387 0.004020 0.002920
5 0.917026 0.572810 0.002871 0.003285
9 0.737726 0.255474 0.005455 0.012409
5 0.489090 0.510766 0.004307 0.007664
5 0.247488 0.085584 0.003445 0.004015
5 0.667672 0.741058 0.003732 0.002555
5 0.495980 0.203467 0.002010 0.003285
5 0.437267 0.022445 0.003445 0.004745
5 0.250215 0.043796 0.003158 0.002190
5 0.247201 0.028832 0.002297 0.002190
5 0.260695 0.033942 0.003445 0.002920
5 0.292133 0.043431 0.003158 0.004380
34 0.896784 0.164599 0.058283 0.090511
5 0.293856 0.146168 0.004307 0.003285
5 0.336922 0.124453 0.004881 0.005109
5 0.354005 0.129380 0.003445 0.002555
5 0.399799 0.114234 0.003158 0.003650
5 0.434683 0.168978 0.005742 0.004380
5 0.566753 0.389051 0.004020 0.002920
5 0.583262 0.386131 0.004307 0.002190
5 0.569193 0.413869 0.003732 0.002190
5 0.620873 0.422445 0.004307 0.001825
5 0.853144 0.425912 0.002010 0.003650
5 0.888315 0.420620 0.002871 0.003285
5 0.896784 0.415693 0.004307 0.002920
5 0.991243 0.402372 0.003732 0.003285
5 0.919610 0.286679 0.003445 0.003285
5 0.943583 0.375912 0.004307 0.003650
5 0.902527 0.579562 0.003732 0.002920
5 0.931094 0.699088 0.002871 0.003285
5 0.879271 0.735584 0.004307 0.003285
9 0.899655 0.224453 0.006604 0.004380
48 0.514355 0.052555 0.100775 0.067883
28 0.077950 0.797445 0.014643 0.017518
5 0.243181 0.085584 0.003445 0.004745
5 0.284238 0.255474 0.004594 0.004380
5 0.376256 0.448540 0.003158 0.005109
5 0.361614 0.969526 0.003158 0.003285
5 0.730835 0.758212 0.002584 0.004745
5 0.770169 0.704927 0.003732 0.004015
5 0.602929 0.625183 0.004594 0.003650
5 0.431381 0.007299 0.002010 0.002190
5 0.421045 0.018248 0.003732 0.003650
5 0.430233 0.037591 0.004307 0.002920
5 0.249641 0.032117 0.002584 0.002920
5 0.287683 0.044891 0.002871 0.002920
5 0.270744 0.117701 0.003445 0.003285
5 0.344818 0.038869 0.002871 0.002555
5 0.333764 0.119708 0.002584 0.002920
5 0.348694 0.117518 0.003158 0.002920
5 0.345105 0.134307 0.002871 0.003650
5 0.395205 0.166241 0.005455 0.004745
5 0.523830 0.239599 0.003158 0.002555
5 0.420184 0.226825 0.004881 0.002555
5 0.558857 0.405109 0.003732 0.002190
5 0.619437 0.409854 0.004307 0.002190
5 0.570055 0.464234 0.003158 0.004380
5 0.598909 0.460766 0.002871 0.004015
5 0.713035 0.444708 0.002010 0.003285
5 0.825581 0.430657 0.002584 0.003650
5 0.857738 0.425547 0.002010 0.003650
5 0.959805 0.410766 0.002297 0.004015
5 0.985501 0.403467 0.004307 0.003285
5 0.915159 0.261131 0.002584 0.003285
5 0.938989 0.334307 0.003158 0.002920
5 0.954206 0.340328 0.002584 0.004015
5 0.763279 0.485584 0.002584 0.004015
5 0.860034 0.487044 0.003732 0.002555
5 0.838501 0.479197 0.002584 0.003650
5 0.902957 0.528650 0.003445 0.004745
5 0.933678 0.678467 0.003445 0.003650
5 0.936836 0.645985 0.005168 0.003650
5 0.993971 0.627737 0.002871 0.003650
48 0.384295 0.054745 0.031869 0.029197
5 0.343382 0.312409 0.004594 0.005109
5 0.363193 0.461861 0.004020 0.004745
5 0.510049 0.707299 0.003158 0.003650
5 0.436980 0.853650 0.004020 0.002920
5 0.593454 0.632664 0.003445 0.004015
5 0.566322 0.574453 0.002584 0.005109
5 0.558427 0.490146 0.002871 0.004380
5 0.256532 0.018796 0.003158 0.002555
5 0.292133 0.052372 0.003158 0.002555
5 0.320413 0.229745 0.002871 0.002555
5 0.322280 0.231387 0.003158 0.002190
10 0.954637 0.531387 0.006891 0.005109
5 0.527706 0.414416 0.003445 0.003285
5 0.535027 0.457482 0.003732 0.001825
5 0.558714 0.378467 0.002871 0.004380
5 0.564887 0.377737 0.003158 0.003650
5 0.604795 0.361314 0.002584 0.004380
5 0.658341 0.449088 0.004020 0.001095
5 0.749354 0.439599 0.003445 0.004015
5 0.758829 0.438869 0.002871 0.004015
5 0.760838 0.437591 0.003445 0.003650
5 0.837784 0.428650 0.002871 0.003285
5 0.937267 0.410219 0.003158 0.002920
5 0.976026 0.197080 0.003158 0.002920
5 0.930233 0.291241 0.004020 0.002920
5 0.792564 0.483394 0.002010 0.004015
5 0.789693 0.500912 0.002010 0.004015
5 0.886161 0.471533 0.003732 0.002920
5 0.954206 0.672810 0.003732 0.004015
5 0.952483 0.666788 0.002584 0.005109
48 0.697100 0.009854 0.010336 0.013869
48 0.846397 0.152555 0.041344 0.064234
5 0.261556 0.193978 0.004594 0.004745
5 0.309647 0.242701 0.004881 0.005109
5 0.353718 0.402372 0.005168 0.006204
5 0.512059 0.526825 0.004307 0.006204
15 0.929802 0.887774 0.005455 0.012044
5 0.301177 0.040876 0.004594 0.004380
5 0.282228 0.050912 0.004020 0.004015
5 0.277347 0.097993 0.002871 0.004015
5 0.267298 0.132847 0.005168 0.005109
5 0.290411 0.164051 0.002584 0.003285
5 0.337927 0.262226 0.003445 0.003285
5 0.533161 0.414051 0.002871 0.004015
5 0.560149 0.413321 0.004594 0.003285
5 0.616423 0.392153 0.004020 0.002555
5 0.605082 0.383029 0.003732 0.001825
5 0.572351 0.464416 0.002584 0.003285
5 0.844243 0.420073 0.003732 0.002920
5 0.916882 0.268248 0.003158 0.002190
5 0.921045 0.296898 0.002871 0.001825
5 0.923198 0.305839 0.003732 0.002190
5 0.930950 0.294708 0.002584 0.002555
5 0.792564 0.505839 0.002584 0.003650
5 0.976744 0.712044 0.002297 0.003650
5 0.941573 0.671715 0.004881 0.002555
5 0.511484 0.988869 0.003732 0.003285
5 0.905828 0.223358 0.005168 0.002920
48 0.698249 0.047993 0.010910 0.009854
48 0.116997 0.972080 0.019811 0.055839
48 0.526558 0.139234 0.051105 0.035401
10 0.661212 0.139964 0.016078 0.009854
10 0.716336 0.121350 0.018949 0.009124
5 0.286391 0.185036 0.004307 0.003650
5 0.288544 0.189781 0.002871 0.002190
5 0.327161 0.333394 0.003158 0.004015
5 0.374677 0.435766 0.004020 0.005109
5 0.599053 0.852920 0.004307 0.005839
5 0.715044 0.769708 0.004881 0.002920
5 0.793856 0.722628 0.005168 0.004380
5 0.843095 0.669343 0.003732 0.002920
5 0.591444 0.616058 0.002871 0.004380
15 0.947603 0.892518 0.005455 0.012774
10 0.562016 0.142883 0.006029 0.020803
5 0.546799 0.501095 0.003158 0.003650
5 0.454350 0.072263 0.002584 0.004380
5 0.443440 0.051095 0.002010 0.003650
5 0.487224 0.120803 0.004020 0.003650
5 0.299024 0.043796 0.003732 0.004380
5 0.300172 0.050182 0.002584 0.003285
5 0.294717 0.047810 0.002010 0.003650
5 0.304192 0.157847 0.003158 0.004015
5 0.301321 0.166241 0.003158 0.002555
5 0.354005 0.302372 0.003445 0.002555
5 0.341947 0.032847 0.005168 0.003650
5 0.382716 0.131387 0.002871 0.003650
5 0.347545 0.133577 0.003158 0.004380
5 0.530721 0.153285 0.004307 0.002920
5 0.521964 0.287956 0.003445 0.005109
5 0.433965 0.245438 0.003732 0.004745
5 0.547373 0.412956 0.002010 0.003285
5 0.539477 0.438869 0.002871 0.004015
5 0.574361 0.441788 0.003732 0.002555
5 0.584410 0.396168 0.004307 0.002555
5 0.594459 0.462044 0.002584 0.004380
5 0.847689 0.427007 0.002010 0.003650
5 0.931955 0.359307 0.003445 0.003285
5 0.942578 0.366058 0.003445 0.002920
5 0.935401 0.336679 0.002297 0.003285
5 0.934109 0.331387 0.002584 0.003650
5 0.766724 0.511314 0.002584 0.002920
5 0.781654 0.502920 0.002584 0.004380
5 0.795722 0.499453 0.002010 0.004015
5 0.865346 0.508394 0.002297 0.004380
5 0.891904 0.584672 0.003732 0.002920
5 0.926069 0.568066 0.003732 0.002555
5 0.961240 0.533212 0.004020 0.002920
5 0.950617 0.536314 0.001723 0.004015
5 0.953488 0.536861 0.002871 0.003650
9 0.819265 0.234672 0.011771 0.006569
9 0.863193 0.237409 0.006604 0.004015
8 0.555699 0.466241 0.003732 0.006204
5 0.815820 0.002555 0.004307 0.005109
5 0.794430 0.010584 0.002871 0.004380
10 0.538329 0.428467 0.005168 0.010949
5 0.290554 0.193796 0.002871 0.003650
5 0.355154 0.338321 0.004020 0.004380
5 0.454350 0.851825 0.005455 0.003650
5 0.707293 0.750183 0.004881 0.003285
5 0.924778 0.606387 0.003445 0.003285
8 0.280936 0.170073 0.004881 0.005839
15 0.939133 0.894526 0.006316 0.011679
5 0.239592 0.026642 0.002584 0.002190
5 0.285817 0.115328 0.006604 0.002920
5 0.293856 0.128285 0.003158 0.004015
5 0.299024 0.148723 0.002584 0.003285
5 0.299454 0.167336 0.003445 0.004745
5 0.366351 0.078102 0.004594 0.003650
5 0.356733 0.112044 0.002584 0.003650
10 0.786678 0.706022 0.009187 0.007664
5 0.541344 0.234124 0.003158 0.004745
5 0.519093 0.231022 0.003445 0.002920
5 0.575222 0.273175 0.003732 0.004745
5 0.532156 0.407482 0.003732 0.005474
5 0.534740 0.455109 0.003732 0.002190
5 0.586850 0.424453 0.004594 0.002920
5 0.599770 0.412774 0.004594 0.002920
5 0.603933 0.377555 0.003732 0.002555
5 0.735142 0.442153 0.002584 0.004745
5 0.829027 0.430292 0.003158 0.003650
5 0.855441 0.425547 0.002010 0.003650
5 0.890899 0.420073 0.002871 0.004380
5 0.877835 0.232482 0.003732 0.003650
5 0.914298 0.256204 0.003158 0.003650
5 0.944444 0.381752 0.004307 0.002920
5 0.941143 0.356204 0.004594 0.004380
5 0.930950 0.297628 0.003732 0.002555
5 0.844818 0.476825 0.003158 0.004015
5 0.656474 0.693796 0.003732 0.004380
5 0.731984 0.663139 0.004881 0.002190
5 0.908987 0.533394 0.002871 0.004015
5 0.824146 0.481934 0.003158 0.003285
5 0.934826 0.717336 0.002871 0.004015
9 0.479472 0.059854 0.004594 0.008029
9 0.646713 0.081934 0.003732 0.006204
5 0.807494 0.005657 0.004307 0.004745
5 0.341947 0.307664 0.003445 0.004380
5 0.612834 0.764599 0.005455 0.002920
5 0.546225 0.487591 0.002584 0.003650
5 0.490525 0.181204 0.003732 0.003285
5 0.286678 0.057482 0.006029 0.003285
5 0.278926 0.064234 0.004881 0.003650
5 0.291559 0.147993 0.002584 0.003285
5 0.294574 0.150912 0.004020 0.003285
5 0.323428 0.233759 0.003158 0.001825
5 0.338788 0.122993 0.003445 0.003650
5 0.368217 0.119708 0.002584 0.003650
5 0.374964 0.139051 0.004594 0.004380
5 0.564169 0.439599 0.004594 0.003285
5 0.567183 0.393978 0.003732 0.002555
5 0.568188 0.401642 0.004020 0.002555
5 0.792707 0.286131 0.005168 0.002920
5 0.958800 0.251825 0.003158 0.002920
5 0.956216 0.344891 0.003158 0.003650
5 0.790411 0.633759 0.003445 0.003285
5 0.794717 0.631022 0.004594 0.003650
5 0.991817 0.543613 0.004881 0.004015
5 0.946598 0.539599 0.003445 0.002555
5 0.981194 0.710584 0.002584 0.003650
5 0.937123 0.697080 0.002871 0.002920
5 0.843526 0.698540 0.004594 0.004380
9 0.803043 0.061679 0.010336 0.005839
48 0.830462 0.054927 0.022107 0.022263
10 0.482773 0.454927 0.006604 0.008394
5 0.395205 0.906204 0.003732 0.005109
5 0.430520 0.867883 0.004307 0.003650
5 0.491387 0.824818 0.004307 0.003650
5 0.571203 0.754562 0.004881 0.006204
5 0.560580 0.642883 0.003732 0.005474
10 0.535171 0.154927 0.005742 0.021533
5 0.511771 0.493613 0.003732 0.005474
5 0.521390 0.395438 0.003445 0.004745
5 0.435688 0.017518 0.006029 0.005109
5 0.449612 0.069343 0.004594 0.005109
5 0.426644 0.025730 0.004020 0.003285
5 0.244617 0.024088 0.002297 0.002920
5 0.255527 0.076825 0.005168 0.003285
5 0.296583 0.133759 0.003445 0.003285
5 0.373816 0.092518 0.004020 0.004015
5 0.431237 0.163139 0.002871 0.003650
5 0.452196 0.299270 0.004594 0.003650
5 0.544071 0.389416 0.002871 0.003650
5 0.535171 0.431934 0.003445 0.004015
5 0.538473 0.464051 0.003732 0.001825
5 0.538903 0.434489 0.002871 0.004015
5 0.555556 0.384489 0.003445 0.002555
5 0.584123 0.390693 0.004881 0.002555
5 0.600775 0.416058 0.004881 0.002190
5 0.613552 0.428650 0.005168 0.003285
5 0.598765 0.362956 0.003158 0.003285
5 0.577232 0.463686 0.002584 0.003285
5 0.875108 0.422628 0.002297 0.003650
5 0.883577 0.421715 0.002584 0.004015
5 0.969710 0.405109 0.003732 0.002190
5 0.964686 0.409672 0.002871 0.003285
5 0.784238 0.265511 0.004307 0.004015
5 0.773328 0.503650 0.002584 0.003650
5 0.855441 0.487591 0.003158 0.003650
5 0.838071 0.580109 0.002871 0.003285
5 0.868648 0.595803 0.003732 0.003285
8 0.384295 0.660219 0.005455 0.009489
5 0.738300 0.170073 0.004881 0.003650
9 0.757967 0.250547 0.005168 0.011314
48 0.957651 0.830292 0.043353 0.118248
5 0.575653 0.418796 0.005742 0.004745
5 0.538616 0.450730 0.002871 0.005839
5 0.351565 0.944161 0.003158 0.004380
5 0.355871 0.995255 0.003732 0.005109
5 0.955498 0.622445 0.003445 0.001825
5 0.559288 0.494891 0.001723 0.004380
5 0.505311 0.291606 0.003445 0.005109
5 0.444875 0.057482 0.003732 0.004015
5 0.481912 0.110949 0.003732 0.004380
5 0.262705 0.029197 0.002871 0.002920
5 0.306202 0.041058 0.003158 0.002555
5 0.286104 0.131934 0.003732 0.004015
5 0.281080 0.146350 0.003445 0.005839
5 0.366494 0.081204 0.004881 0.002555
5 0.537755 0.396168 0.003445 0.004015
5 0.531582 0.399635 0.002584 0.003650
5 0.561728 0.378285 0.003158 0.003285
5 0.604795 0.380292 0.004307 0.002190
5 0.612116 0.459124 0.002871 0.005109
5 0.752225 0.439234 0.002871 0.004015
5 0.779788 0.485584 0.002871 0.004015
5 0.738875 0.659854 0.003158 0.003650
5 0.845679 0.601642 0.003732 0.002555
5 0.911283 0.575182 0.004020 0.004380
5 0.983635 0.710037 0.002297 0.003285
5 0.891042 0.732482 0.004307 0.002920
48 0.394918 0.089781 0.043353 0.038686
48 0.525266 0.101642 0.071490 0.050000
5 0.646856 0.015693 0.001723 0.004380
5 0.225380 0.086861 0.004594 0.002920
5 0.269882 0.219708 0.004594 0.005839
5 0.293999 0.269343 0.002871 0.003650
5 0.533592 0.880839 0.006029 0.004745
5 0.366782 0.950912 0.003158 0.004015
5 0.971146 0.578102 0.005455 0.004380
5 0.546081 0.493248 0.004020 0.006934
5 0.442435 0.037774 0.003445 0.003285
5 0.424777 0.019526 0.003158 0.001825
5 0.446311 0.081204 0.004881 0.003285
5 0.452340 0.100365 0.004881 0.002190
5 0.449469 0.093248 0.003158 0.001825
5 0.241602 0.043248 0.003732 0.003285
5 0.305340 0.039234 0.003158 0.003285
5 0.283664 0.110219 0.003445 0.002190
5 0.292995 0.135949 0.003158 0.003285
5 0.299742 0.144161 0.003445 0.004380
5 0.306058 0.164234 0.002297 0.004380
8 0.947746 0.535584 0.003445 0.004745
5 0.538473 0.234854 0.003158 0.004015
5 0.647574 0.331387 0.003732 0.002920
5 0.613982 0.433577 0.003732 0.002190
5 0.605369 0.385219 0.004307 0.002555
5 0.617140 0.362591 0.003732 0.001825
5 0.584554 0.462409 0.002297 0.003650
5 0.885587 0.421350 0.002010 0.003285
5 0.961815 0.410219 0.001723 0.003650
5 0.956790 0.241971 0.002584 0.003650
5 0.927218 0.331934 0.003732 0.003285
5 0.645995 0.697810 0.003445 0.003650
5 0.841803 0.580474 0.002871 0.003285
5 0.845966 0.589051 0.003158 0.004380
5 0.871519 0.594343 0.003732 0.003285
48 0.346827 0.165146 0.077519 0.057299
5 0.377405 0.473540 0.003732 0.004745
5 0.390037 0.635401 0.003732 0.005839
5 0.326012 0.776277 0.004307 0.003650
5 0.621734 0.763686 0.006604 0.004015
5 0.673557 0.767883 0.004594 0.002920
5 0.777491 0.732117 0.004594 0.004380
5 0.944157 0.604562 0.005455 0.003285
5 0.983922 0.571715 0.004594 0.004745
5 0.466408 0.110219 0.004307 0.004380
5 0.420614 0.015511 0.004020 0.003285
5 0.424347 0.022263 0.005168 0.002920
5 0.428941 0.033212 0.003445 0.002190
5 0.443296 0.073723 0.004594 0.002190
5 0.257250 0.029927 0.004020 0.002920
5 0.292564 0.141423 0.002871 0.004015
5 0.383003 0.107482 0.004020 0.005474
10 0.349555 0.926095 0.004307 0.014234
8 0.911140 0.533029 0.002584 0.004745
5 0.441860 0.009854 0.004020 0.005109
5 0.452340 0.029015 0.003732 0.004745
5 0.548665 0.232482 0.002871 0.003650
5 0.416308 0.168431 0.003445 0.004015
5 0.422337 0.233759 0.004020 0.002555
5 0.533592 0.420803 0.003158 0.003650
5 0.562446 0.431387 0.005168 0.002190
5 0.562016 0.429197 0.003732 0.002920
5 0.569337 0.411314 0.003445 0.002190
5 0.570629 0.418613 0.004881 0.002920
5 0.616853 0.389234 0.003732 0.002555
5 0.928797 0.215328 0.005742 0.004380
5 0.921619 0.252190 0.004594 0.002920
5 0.920758 0.293978 0.002871 0.001825
5 0.929515 0.344343 0.004307 0.003285
5 0.939994 0.375730 0.002297 0.003285
5 0.792707 0.500183 0.001723 0.004015
5 0.795004 0.504745 0.002871 0.003650
5 0.698966 0.679197 0.003732 0.003650
5 0.804048 0.626825 0.003732 0.003285
5 0.873529 0.587044 0.003732 0.002555
5 0.905398 0.578285 0.003158 0.003285
5 0.908125 0.576825 0.003445 0.003285
5 0.919610 0.571168 0.004020 0.002920
5 0.951766 0.559124 0.004594 0.004380
5 0.510910 0.986679 0.003732 0.002555
48 0.759403 0.008394 0.120586 0.016788
9 0.723801 0.035036 0.003445 0.008759
5 0.709015 0.181022 0.004307 0.002190
48 0.819983 0.078467 0.016078 0.013139
9 0.474734 0.094161 0.003732 0.005839
48 0.157192 0.979197 0.026127 0.041606
10 0.745622 0.108029 0.016652 0.005839
5 0.576227 0.423540 0.004594 0.004015
10 0.536606 0.408029 0.006316 0.009489
5 0.228395 0.041423 0.004881 0.004745
5 0.454780 0.715511 0.003445 0.004015
5 0.333764 0.871350 0.003158 0.004745
5 0.380276 0.941971 0.003158 0.005109
5 0.466408 0.845620 0.003732 0.003650
5 0.911858 0.661679 0.004020 0.003650
8 0.562590 0.661131 0.003732 0.008394
10 0.541774 0.149270 0.005168 0.008759
5 0.502297 0.266971 0.002010 0.005474
5 0.496411 0.214599 0.002297 0.003650
5 0.489664 0.175547 0.002584 0.002920
5 0.487367 0.169891 0.002584 0.004745
5 0.452340 0.065876 0.003158 0.004745
5 0.450474 0.060949 0.002871 0.005839
5 0.416308 0.006022 0.003445 0.003285
5 0.262992 0.062774 0.004020 0.003650
5 0.270456 0.142153 0.003445 0.003285
5 0.294143 0.134307 0.003732 0.003650
5 0.326443 0.219708 0.002297 0.002920
5 0.336204 0.258942 0.004020 0.003285
5 0.361614 0.109307 0.003158 0.004745
5 0.340367 0.116423 0.004307 0.004380
5 0.351852 0.130292 0.003158 0.004380
5 0.493396 0.147445 0.003158 0.004380
5 0.602067 0.432847 0.004020 0.002920
5 0.686764 0.448723 0.002297 0.003285
5 0.700258 0.446350 0.003445 0.003650
5 0.870083 0.422445 0.002010 0.004745
5 0.872954 0.422628 0.002584 0.004380
5 0.975165 0.404380 0.003158 0.002190
5 0.923055 0.258394 0.003445 0.003650
5 0.937267 0.329015 0.004307 0.002555
5 0.755957 0.504015 0.002871 0.003650
5 0.785386 0.635584 0.003732 0.004015
5 0.855154 0.473905 0.003732 0.004015
5 0.838645 0.700730 0.004594 0.003650
9 0.797014 0.224635 0.004594 0.007664
48 0.588717 0.079015 0.091588 0.090876
8 0.557996 0.589234 0.004307 0.007664
5 0.814241 0.573540 0.006316 0.003285
5 0.284812 0.180109 0.004594 0.004015
5 0.485501 0.694890 0.004020 0.007299
5 0.492822 0.510036 0.003158 0.003285
5 0.509044 0.534854 0.005742 0.005474
5 0.514355 0.313504 0.003158 0.006569
5 0.461671 0.096533 0.003445 0.005474
5 0.510049 0.171533 0.002584 0.003650
5 0.245478 0.026642 0.004020 0.002190
5 0.252512 0.020255 0.003158 0.004015
5 0.257537 0.020620 0.002297 0.001825
5 0.255670 0.079015 0.004307 0.002555
5 0.291272 0.129927 0.003158 0.002920
5 0.308068 0.185949 0.004594 0.002555
5 0.303905 0.164781 0.002010 0.003285
5 0.361470 0.290511 0.003445 0.004380
5 0.354867 0.306934 0.005168 0.002190
5 0.266581 0.094708 0.004881 0.004015
5 0.562016 0.426277 0.005455 0.002920
5 0.594746 0.410584 0.003732 0.002190
5 0.618002 0.401825 0.004307 0.002190
5 0.668389 0.451825 0.002871 0.003650
5 0.673127 0.450912 0.002584 0.003285
5 0.726529 0.443431 0.002584 0.004380
5 0.784381 0.435766 0.002297 0.003650
5 0.893339 0.419526 0.002010 0.004015
5 0.898363 0.419708 0.002297 0.003650
5 0.923486 0.412591 0.003732 0.002555
5 0.924203 0.316788 0.003445 0.002920
5 0.929371 0.347628 0.004020 0.003285
5 0.930663 0.350365 0.003732 0.003650
5 0.938702 0.343431 0.003732 0.002920
5 0.770313 0.504015 0.003445 0.005109
5 0.776055 0.503650 0.002297 0.003650
5 0.940281 0.708577 0.004594 0.003285
5 0.945449 0.670438 0.002871 0.003650
5 0.512489 0.983577 0.005168 0.003650
5 0.525696 0.994708 0.003445 0.004015
9 0.731266 0.256022 0.005168 0.009124
9 0.463824 0.070803 0.006029 0.006569
48 0.945019 0.263686 0.041057 0.047810
48 0.956934 0.162591 0.061441 0.041241
5 0.337066 0.296898 0.005168 0.002555
5 0.336061 0.372445 0.004307 0.006204
5 0.355441 0.447263 0.004594 0.006204
5 0.786247 0.727007 0.003732 0.003650
5 0.871949 0.636131 0.003445 0.004380
10 0.611542 0.120803 0.004594 0.018978
5 0.515935 0.323358 0.002297 0.004380
5 0.485357 0.163686 0.004881 0.004745
5 0.436836 0.057664 0.004307 0.002920
5 0.243612 0.047080 0.002584 0.002190
5 0.261413 0.036496 0.004307 0.002920
5 0.264858 0.059124 0.003732 0.003650
5 0.301177 0.071168 0.002871 0.002920
5 0.258254 0.111131 0.004307 0.004745
5 0.288544 0.138321 0.002871 0.003650
5 0.351278 0.291423 0.004881 0.003285
5 0.364772 0.300182 0.003732 0.001825
5 0.427792 0.163869 0.003445 0.003650
5 0.422337 0.231387 0.004020 0.002190
5 0.433965 0.209489 0.003158 0.003650
5 0.478323 0.335401 0.003445 0.005839
5 0.550962 0.437591 0.002871 0.003650
5 0.576371 0.371715 0.003158 0.004015
5 0.572495 0.393066 0.004020 0.002190
5 0.573500 0.398358 0.003732 0.001825
5 0.584266 0.393248 0.004020 0.002555
5 0.606804 0.393248 0.003158 0.002555
5 0.607379 0.359854 0.002584 0.003650
5 0.769021 0.437956 0.002584 0.003650
5 0.834912 0.429015 0.002297 0.003285
5 0.843526 0.427555 0.002297 0.003285
5 0.961958 0.267336 0.002584 0.003285
5 0.917313 0.271168 0.002871 0.002920
5 0.945019 0.385036 0.003732 0.002920
5 0.760264 0.485766 0.002297 0.004380
5 0.751507 0.486131 0.002010 0.004380
5 0.864628 0.497263 0.003158 0.002555
5 0.947172 0.559854 0.004594 0.004380
5 0.975739 0.552737 0.003158 0.003285
5 0.944444 0.679927 0.003732 0.002190
9 0.730261 0.173175 0.010049 0.005474
48 0.407838 0.110219 0.013494 0.009489
5 0.798163 0.010401 0.005742 0.003285
5 0.321275 0.266423 0.005742 0.003650
5 0.484496 0.766606 0.003158 0.005474
5 0.368648 0.852372 0.002297 0.004015
5 0.394918 0.890146 0.004307 0.005109
5 0.417600 0.877920 0.003732 0.002555
5 0.490095 0.518066 0.005168 0.004015
5 0.444732 0.045255 0.004020 0.006569
5 0.453919 0.082299 0.004020 0.004015
5 0.232702 0.029927 0.003158 0.002920
5 0.259403 0.032117 0.003158 0.003650
5 0.281367 0.048175 0.003445 0.002920
5 0.269165 0.072263 0.004307 0.003650
5 0.296440 0.139051 0.003158 0.003650
5 0.327735 0.018066 0.004307 0.006204
8 0.833908 0.612409 0.007752 0.004380
5 0.478036 0.047628 0.004594 0.004015
5 0.491961 0.142518 0.004307 0.004745
5 0.550818 0.231934 0.003158 0.004745
5 0.434826 0.174088 0.004307 0.004380
5 0.616566 0.323540 0.003732 0.002555
5 0.544933 0.395620 0.002297 0.003650
5 0.530290 0.429745 0.004020 0.003285
5 0.558570 0.402372 0.003732 0.002555
5 0.558140 0.397263 0.002871 0.002555
5 0.610680 0.444161 0.002871 0.004380
5 0.603503 0.375365 0.004594 0.003285
5 0.609388 0.459854 0.002010 0.003650
5 0.715762 0.444161 0.003445 0.003650
5 0.763709 0.437774 0.002297 0.004015
5 0.895923 0.419343 0.002010 0.003650
5 0.932960 0.306752 0.003732 0.003285
5 0.947603 0.336131 0.003732 0.002190
5 0.768016 0.485401 0.002871 0.004380
5 0.799885 0.571898 0.004020 0.003650
5 0.941430 0.531022 0.004020 0.003650
5 0.957939 0.684672 0.002584 0.003650
5 0.682171 0.191241 0.004594 0.002920
5 0.587281 0.428102 0.007178 0.003650
5 0.248493 0.142518 0.003732 0.004745
5 0.454206 0.706569 0.003445 0.004380
5 0.449612 0.860584 0.005168 0.004380
5 0.485645 0.824453 0.004307 0.002920
5 0.910135 0.624635 0.004594 0.004745
5 0.599483 0.999088 0.003445 0.001825
10 0.539047 0.152555 0.005455 0.021168
10 0.591013 0.129380 0.006604 0.019343
5 0.549670 0.520985 0.002584 0.005474
5 0.514786 0.332847 0.004020 0.005109
5 0.519380 0.338139 0.003445 0.004745
5 0.511054 0.299818 0.002297 0.004015
5 0.509618 0.293978 0.002871 0.005474
5 0.496411 0.226825 0.003445 0.005474
5 0.481338 0.153832 0.004307 0.003285
5 0.433821 0.047080 0.004020 0.002920
5 0.436549 0.054745 0.003158 0.002920
5 0.452771 0.104380 0.004020 0.003650
5 0.254235 0.023723 0.002584 0.002920
5 0.278352 0.061131 0.003732 0.003285
5 0.264571 0.072628 0.004307 0.005109
5 0.275337 0.099635 0.003445 0.003650
5 0.285960 0.124453 0.002871 0.002920
5 0.288401 0.130474 0.003158 0.004745
5 0.280362 0.142883 0.002584 0.004015
5 0.567901 0.395803 0.004594 0.001825
5 0.574361 0.410584 0.004307 0.002920
5 0.610393 0.358577 0.002297 0.003285
5 0.738157 0.441058 0.002871 0.004745
5 0.795722 0.434489 0.002584 0.004015
5 0.883721 0.417336 0.004020 0.002555
5 0.926357 0.273540 0.004307 0.002555
5 0.919035 0.280839 0.002871 0.003285
5 0.789406 0.507299 0.003158 0.004380
5 0.814958 0.622263 0.003732 0.002920
5 0.634941 0.209124 0.004881 0.002190
48 0.812949 0.072263 0.003732 0.007299
5 0.283376 0.175912 0.002871 0.003650
5 0.293856 0.202190 0.002584 0.002920
5 0.383721 0.485949 0.004307 0.004745
5 0.366064 0.964599 0.003445 0.003650
5 0.646282 0.791241 0.005742 0.003650
5 0.684324 0.744891 0.005455 0.002920
10 0.568763 0.139599 0.005168 0.017883
10 0.586707 0.132299 0.004881 0.020803
10 0.608240 0.121350 0.006604 0.020803
5 0.494258 0.198358 0.003732 0.006204
5 0.476601 0.139781 0.003445 0.002190
5 0.449038 0.056204 0.002871 0.005109
5 0.443583 0.076460 0.004020 0.002555
5 0.446024 0.085036 0.003158 0.002190
5 0.256819 0.027372 0.002584 0.002920
5 0.291272 0.055474 0.003158 0.005109
5 0.268877 0.137774 0.004307 0.004015
5 0.273902 0.125182 0.004020 0.003650
5 0.293138 0.163139 0.005168 0.005109
5 0.292995 0.166971 0.003732 0.004745
5 0.316681 0.218066 0.005168 0.004015
5 0.361901 0.293978 0.003158 0.004015
5 0.336061 0.118796 0.004307 0.004745
5 0.530721 0.157847 0.003732 0.001825
5 0.558140 0.228832 0.004020 0.005109
5 0.530721 0.433942 0.002584 0.003650
5 0.572208 0.390693 0.004020 0.002555
5 0.585128 0.414234 0.004020 0.002190
5 0.602498 0.437774 0.004307 0.002555
5 0.617571 0.399270 0.004594 0.002190
5 0.589722 0.462044 0.002297 0.003650
5 0.766006 0.271168 0.004594 0.003650
5 0.927792 0.335219 0.003732 0.002555
5 0.941573 0.360036 0.002584 0.004015
5 0.932817 0.309307 0.002871 0.002555
5 0.738731 0.508394 0.003445 0.002920
5 0.770744 0.511314 0.003158 0.003650
5 0.874677 0.593978 0.003732 0.003285
5 0.879701 0.590146 0.002871 0.003650
5 0.907120 0.535584 0.003732 0.003285
5 0.973442 0.719526 0.004881 0.004015
5 0.940712 0.669161 0.004307 0.002555
5 0.949612 0.681204 0.003158 0.004015
9 0.815389 0.059307 0.004020 0.008394
