48 0.123505 0.241762 0.012802 0.011746
48 0.114061 0.247308 0.012802 0.020228
48 0.102833 0.240130 0.010493 0.005873
48 0.113746 0.276509 0.013431 0.012724
48 0.118678 0.264437 0.009024 0.006852
48 0.123715 0.305383 0.006925 0.006525
48 0.130640 0.302610 0.009864 0.007504
48 0.186359 0.306688 0.022246 0.016313
48 0.162959 0.314682 0.013641 0.009462
48 0.209444 0.298695 0.018888 0.012072
48 0.211543 0.292822 0.014690 0.007504
48 0.127492 0.266232 0.013221 0.007830
48 0.116789 0.260522 0.009024 0.007504
5 0.174502 0.022838 0.003148 0.005873
5 0.175341 0.028874 0.003148 0.004894
5 0.177230 0.042904 0.002728 0.004894
5 0.177650 0.047798 0.003568 0.004894
48 0.140294 0.069657 0.008604 0.015334
48 0.147009 0.062969 0.007765 0.009135
48 0.147009 0.072104 0.008604 0.013051
48 0.137880 0.052202 0.011333 0.006525
48 0.127702 0.052692 0.011123 0.008157
48 0.161070 0.058564 0.004827 0.004894
5 0.162225 0.081566 0.005037 0.002610
5 0.156243 0.081729 0.005666 0.002936
5 0.178384 0.079445 0.005876 0.002936
5 0.171983 0.080261 0.005666 0.003263
48 0.152361 0.098206 0.013851 0.011746
48 0.161805 0.111093 0.008395 0.006852
48 0.153410 0.108320 0.011752 0.012398
48 0.157188 0.120065 0.016789 0.015661
48 0.223295 0.045351 0.014271 0.015661
48 0.225918 0.066232 0.019098 0.016313
48 0.189402 0.065416 0.012382 0.016639
48 0.207975 0.044209 0.010493 0.015334
48 0.200420 0.046166 0.007975 0.012724
48 0.202938 0.055954 0.008814 0.009462
48 0.209339 0.058728 0.008185 0.011093
48 0.197062 0.062969 0.011752 0.012398
48 0.199370 0.088254 0.022246 0.014029
48 0.197901 0.078793 0.022246 0.008809
5 0.188353 0.096085 0.003148 0.006852
5 0.188353 0.101305 0.003568 0.005546
5 0.189402 0.106036 0.003148 0.005220
5 0.189612 0.111582 0.003568 0.005873
48 0.194544 0.103589 0.011752 0.015334
48 0.196432 0.116150 0.009654 0.014356
10 0.200210 0.129527 0.007975 0.004568
10 0.200735 0.133931 0.008604 0.005546
10 0.202099 0.137194 0.007555 0.004894
5 0.194439 0.139641 0.003987 0.005220
5 0.195383 0.143556 0.002938 0.003915
48 0.214271 0.095106 0.009654 0.008809
48 0.209969 0.106036 0.013641 0.017618
48 0.216579 0.126591 0.018888 0.022186
48 0.235152 0.121044 0.022875 0.018923
48 0.225708 0.150734 0.013221 0.013703
48 0.243337 0.154323 0.019517 0.013051
48 0.235782 0.140131 0.017419 0.024470
5 0.255194 0.150571 0.004197 0.006199
48 0.235152 0.103915 0.014900 0.015987
48 0.231270 0.084176 0.023085 0.024796
5 0.247429 0.093148 0.004197 0.004241
48 0.256034 0.080587 0.018048 0.022838
48 0.259077 0.103263 0.010283 0.015987
48 0.277020 0.077161 0.014271 0.010767
48 0.277335 0.090865 0.014481 0.021860
48 0.280378 0.108320 0.012172 0.014356
48 0.281427 0.118271 0.010913 0.008809
48 0.292865 0.059706 0.023295 0.016966
51 0.292235 0.029690 0.052256 0.043067
5 0.219307 0.028711 0.005037 0.003915
5 0.235572 0.040294 0.002728 0.006199
48 0.326023 0.068026 0.018258 0.023165
48 0.350052 0.063132 0.018468 0.021860
5 0.337880 0.059054 0.004617 0.004568
5 0.338930 0.062480 0.004197 0.004241
5 0.358027 0.052692 0.003778 0.005546
5 0.359916 0.060033 0.002938 0.005220
5 0.371144 0.053344 0.005247 0.004241
5 0.369255 0.047798 0.004407 0.002936
5 0.368416 0.045514 0.003987 0.002284
48 0.385519 0.043883 0.017209 0.027732
5 0.367786 0.020555 0.005247 0.003263
48 0.350577 0.014356 0.025813 0.028711
48 0.390976 0.080424 0.015530 0.017945
48 0.363274 0.087276 0.020567 0.019902
48 0.347744 0.091354 0.020147 0.016966
5 0.420357 0.080750 0.005456 0.003589
5 0.422246 0.086134 0.005456 0.004568
5 0.423190 0.091028 0.005247 0.003263
48 0.393599 0.098532 0.015320 0.011093
48 0.380273 0.100816 0.014271 0.009788
48 0.355299 0.112398 0.010913 0.007504
48 0.364113 0.118923 0.007975 0.006199
48 0.374816 0.112561 0.015530 0.013051
48 0.394963 0.113703 0.014271 0.020555
48 0.357398 0.128059 0.008395 0.008809
48 0.342917 0.117292 0.015530 0.015987
48 0.320776 0.115334 0.011542 0.008157
48 0.334208 0.134095 0.007345 0.005873
48 0.319517 0.134095 0.019098 0.010440
48 0.312277 0.125612 0.015530 0.023491
48 0.305142 0.101794 0.009654 0.015661
48 0.304827 0.109462 0.013221 0.009462
48 0.296327 0.116476 0.012592 0.018271
48 0.472823 0.105220 0.060441 0.033605
48 0.541763 0.116313 0.093809 0.044046
48 0.544701 0.160359 0.022875 0.014682
48 0.531480 0.166232 0.011542 0.021860
48 0.539559 0.171778 0.010493 0.011419
5 0.522141 0.173083 0.003358 0.005546
48 0.515215 0.171452 0.010493 0.025122
48 0.506086 0.170799 0.011962 0.015987
5 0.499161 0.168026 0.003568 0.005873
48 0.492445 0.168189 0.010703 0.010114
48 0.507240 0.189396 0.011752 0.014029
48 0.520357 0.193312 0.020357 0.011419
48 0.540399 0.192007 0.013431 0.020555
48 0.531899 0.195106 0.005666 0.005220
48 0.509024 0.223002 0.005247 0.004894
48 0.493809 0.184339 0.007555 0.013051
48 0.473767 0.176835 0.009024 0.020881
48 0.475131 0.191843 0.010073 0.016966
48 0.487618 0.189560 0.011123 0.010440
5 0.482267 0.190701 0.002518 0.004241
48 0.466632 0.194617 0.009024 0.020555
48 0.466002 0.182708 0.007345 0.006525
48 0.459601 0.175693 0.022246 0.014682
5 0.456243 0.165905 0.005876 0.004241
5 0.431165 0.171126 0.003568 0.006199
48 0.441763 0.178140 0.015530 0.015008
48 0.416369 0.182545 0.023924 0.017292
48 0.413641 0.204894 0.013431 0.024144
5 0.401364 0.218108 0.004827 0.006199
48 0.424659 0.220718 0.027072 0.020555
48 0.441868 0.218108 0.014061 0.017292
48 0.442183 0.231321 0.009234 0.013051
48 0.457188 0.247308 0.027912 0.016313
48 0.440084 0.250734 0.009654 0.027732
48 0.392340 0.190212 0.021616 0.016313
5 0.389927 0.209788 0.004197 0.003263
5 0.388877 0.212235 0.005456 0.003589
5 0.392550 0.241109 0.005247 0.003263
5 0.392340 0.247471 0.006506 0.004894
48 0.369570 0.217455 0.021406 0.026427
48 0.368520 0.238173 0.031060 0.023491
48 0.337251 0.211093 0.026863 0.023491
5 0.368625 0.196900 0.004407 0.005546
5 0.340294 0.183850 0.004827 0.004894
5 0.368101 0.164274 0.003778 0.005546
48 0.340609 0.158075 0.015950 0.015334
48 0.328437 0.156770 0.011752 0.008809
48 0.360231 0.155791 0.021196 0.013377
48 0.377859 0.159380 0.015740 0.020555
48 0.340399 0.174225 0.010913 0.013051
48 0.336831 0.166395 0.008395 0.007830
9 0.347744 0.202936 0.004617 0.005873
48 0.349528 0.170147 0.009024 0.012724
48 0.360965 0.162643 0.004617 0.006199
48 0.355614 0.172431 0.004827 0.004241
48 0.335992 0.188418 0.010493 0.010114
48 0.329066 0.192822 0.007135 0.006525
48 0.320986 0.194290 0.015320 0.018597
5 0.318363 0.208320 0.004197 0.005546
48 0.309759 0.203589 0.014271 0.011093
48 0.297062 0.211419 0.019517 0.016313
48 0.281847 0.206036 0.014271 0.013377
48 0.299790 0.183034 0.016999 0.020881
5 0.312697 0.184339 0.004197 0.005220
48 0.270094 0.174062 0.014271 0.014682
48 0.254355 0.198369 0.019727 0.027406
5 0.254460 0.233116 0.003987 0.005546
5 0.270094 0.256770 0.004617 0.003915
5 0.260441 0.259706 0.005876 0.005220
48 0.243547 0.273246 0.009444 0.010114
48 0.263169 0.221370 0.020986 0.019250
48 0.295278 0.230506 0.018048 0.015987
48 0.281847 0.242577 0.014271 0.013377
48 0.265373 0.239152 0.009444 0.009788
48 0.276810 0.226101 0.014690 0.018271
48 0.287093 0.220228 0.017209 0.017618
48 0.320252 0.226264 0.007555 0.007504
5 0.309759 0.246493 0.005456 0.004894
48 0.302728 0.250571 0.016159 0.018923
48 0.294858 0.251224 0.009234 0.010440
48 0.289192 0.256607 0.010493 0.009462
5 0.319727 0.267210 0.004407 0.003915
48 0.307765 0.263948 0.015740 0.012398
48 0.297482 0.270473 0.010703 0.009788
5 0.275656 0.261990 0.005247 0.004568
48 0.282476 0.265090 0.008395 0.009462
48 0.290976 0.262153 0.015320 0.012724
48 0.282896 0.281077 0.013012 0.014029
48 0.291920 0.286134 0.008395 0.007178
48 0.303358 0.279608 0.009864 0.008483
48 0.308919 0.291517 0.020147 0.017292
48 0.271563 0.276998 0.012592 0.014356
48 0.264953 0.281077 0.007345 0.008157
48 0.259496 0.284176 0.008604 0.007830
48 0.331689 0.271289 0.012802 0.015334
48 0.331270 0.283361 0.009024 0.012724
48 0.328017 0.294454 0.016369 0.008809
5 0.337251 0.298695 0.002938 0.005546
48 0.330430 0.307015 0.011542 0.017618
48 0.316369 0.308483 0.012382 0.016639
48 0.323505 0.312235 0.005247 0.006525
48 0.322665 0.304405 0.008185 0.008483
48 0.317838 0.327080 0.012802 0.014682
48 0.350472 0.308809 0.015530 0.006852
48 0.355509 0.316150 0.007975 0.011093
48 0.363903 0.311093 0.010073 0.012072
48 0.371878 0.310930 0.011752 0.010440
48 0.372613 0.321044 0.010703 0.009788
48 0.363589 0.327896 0.016159 0.010440
48 0.392550 0.323980 0.025813 0.009135
48 0.398006 0.334095 0.013641 0.013703
48 0.389087 0.337520 0.008395 0.005546
5 0.373557 0.337520 0.005037 0.003589
5 0.364428 0.347308 0.003568 0.004894
48 0.382162 0.300163 0.014690 0.013051
48 0.400735 0.293964 0.018678 0.014356
48 0.396222 0.305057 0.006716 0.006525
48 0.388772 0.310440 0.016999 0.010114
48 0.366946 0.294127 0.018678 0.013377
5 0.358342 0.284502 0.004407 0.003263
48 0.367156 0.280914 0.012382 0.007178
48 0.353725 0.274715 0.024134 0.010440
48 0.360441 0.256281 0.012802 0.009462
48 0.349843 0.256117 0.010493 0.009788
48 0.375446 0.262643 0.023505 0.015661
48 0.405771 0.269168 0.018258 0.009788
48 0.393284 0.271126 0.008814 0.007830
48 0.381112 0.275041 0.014690 0.011746
48 0.377125 0.281892 0.010493 0.008483
48 0.311857 0.349918 0.029381 0.015334
48 0.347744 0.351060 0.020986 0.019576
48 0.351836 0.345514 0.009024 0.007830
48 0.289402 0.340946 0.008395 0.006525
48 0.274082 0.369005 0.012592 0.015661
48 0.264323 0.349266 0.014061 0.014682
48 0.251731 0.332463 0.015320 0.017618
48 0.249528 0.321697 0.011752 0.011746
5 0.260546 0.327243 0.003987 0.004568
48 0.249738 0.344372 0.013851 0.010767
48 0.212907 0.337847 0.016159 0.017292
48 0.218888 0.350897 0.020147 0.021207
48 0.230745 0.361990 0.013641 0.014029
48 0.240818 0.389723 0.018258 0.017945
5 0.219517 0.388254 0.004197 0.005220
48 0.262644 0.379119 0.013221 0.011746
48 0.255089 0.372104 0.011962 0.011419
48 0.318573 0.391028 0.019727 0.020555
48 0.248688 0.383687 0.012592 0.012398
48 0.360651 0.401305 0.027912 0.026754
48 0.420672 0.358075 0.053935 0.023817
48 0.486254 0.393475 0.081847 0.029364
48 0.447639 0.416313 0.030220 0.023491
48 0.480273 0.415334 0.046380 0.019576
48 0.491081 0.432626 0.078489 0.026101
48 0.418783 0.451713 0.047639 0.027080
48 0.356243 0.448124 0.006086 0.004241
48 0.017733 0.547471 0.018258 0.020228
5 0.206191 0.467374 0.002728 0.002936
48 0.191291 0.444372 0.009864 0.013703
48 0.529696 0.044535 0.027702 0.019250
48 0.590032 0.037357 0.019517 0.017945
10 0.484575 0.012072 0.005456 0.008483
10 0.481847 0.013051 0.004197 0.008483
5 0.479014 0.013703 0.003987 0.005873
48 0.201679 0.440131 0.011752 0.013051
5 0.476285 0.015498 0.003568 0.005546
13 0.481847 0.021207 0.005456 0.006525
5 0.500315 0.007178 0.004197 0.006525
48 0.621301 0.081403 0.019098 0.042088
48 0.644176 0.093638 0.025393 0.018923
48 0.641343 0.119739 0.011333 0.016313
48 0.627807 0.124796 0.018258 0.011419
48 0.601574 0.124633 0.024554 0.011746
48 0.669885 0.120555 0.033998 0.023817
5 0.654355 0.101631 0.003358 0.004241
5 0.650577 0.101468 0.003778 0.004568
5 0.663484 0.100979 0.003568 0.006199
10 0.660126 0.101142 0.003568 0.007178
5 0.653515 0.161990 0.005037 0.006199
48 0.635152 0.156117 0.019098 0.038825
48 0.664638 0.157259 0.028961 0.030016
48 0.682581 0.180098 0.029171 0.025449
48 0.663799 0.206036 0.034837 0.019902
48 0.641553 0.194290 0.015950 0.025775
48 0.626338 0.187928 0.017419 0.018271
5 0.769885 0.224796 0.005666 0.004568
48 0.761805 0.253670 0.019727 0.017945
5 0.736201 0.205220 0.005456 0.005220
48 0.682896 0.064111 0.019727 0.021860
48 0.700105 0.055139 0.005876 0.008483
9 0.746590 0.238336 0.009024 0.006852
5 0.812067 0.262316 0.005666 0.005873
5 0.794963 0.273083 0.005876 0.005873
5 0.789192 0.266721 0.004407 0.005546
48 0.780273 0.284339 0.036936 0.032953
9 0.807135 0.296085 0.005456 0.006852
5 0.810493 0.298695 0.003778 0.004894
6 0.832949 0.291028 0.008814 0.007178
48 0.825079 0.308809 0.030010 0.029690
6 0.850997 0.316803 0.007975 0.005873
5 0.836621 0.326754 0.004407 0.004894
5 0.832319 0.323491 0.002938 0.006199
5 0.830115 0.323002 0.003568 0.004568
5 0.827282 0.322675 0.004197 0.005220
5 0.819937 0.324633 0.005876 0.003263
14 0.841553 0.334421 0.006296 0.016313
48 0.807030 0.315334 0.026653 0.021207
10 0.794019 0.324633 0.008185 0.005220
5 0.779014 0.329364 0.002938 0.004894
5 0.775761 0.329038 0.003148 0.005546
5 0.772928 0.329364 0.003778 0.005546
5 0.761490 0.313377 0.004827 0.005546
48 0.753200 0.325938 0.016369 0.020881
48 0.754355 0.340457 0.016159 0.016639
48 0.751522 0.312561 0.012172 0.009135
48 0.757608 0.291354 0.008395 0.009788
10 0.862854 0.319250 0.007345 0.006852
5 0.911962 0.348940 0.004407 0.003589
48 0.802204 0.201142 0.028332 0.013377
48 0.835572 0.455302 0.033368 0.023165
48 0.853305 0.569331 0.007555 0.004568
42 0.957188 0.638336 0.006716 0.006199
5 0.837356 0.153670 0.005876 0.006525
5 0.850787 0.167537 0.006296 0.006199
5 0.854774 0.167700 0.004617 0.005220
48 0.807450 0.112561 0.005666 0.005873
48 0.802413 0.111746 0.005666 0.006199
48 0.813641 0.160522 0.004617 0.004568
48 0.812172 0.186623 0.006716 0.008483
42 0.789822 0.307830 0.007345 0.008809
48 0.781637 0.303100 0.012802 0.011746
5 0.569780 0.411419 0.003358 0.005873
5 0.566422 0.421860 0.005037 0.003263
5 0.565687 0.410604 0.005247 0.002936
5 0.563064 0.415008 0.004197 0.002610
5 0.561490 0.413214 0.003987 0.002284
5 0.561385 0.410767 0.004197 0.002610
5 0.565687 0.412887 0.004407 0.002936
5 0.558027 0.412072 0.002938 0.004568
5 0.964323 0.682055 0.005037 0.006199
5 0.558762 0.415171 0.004407 0.002936
5 0.553935 0.415498 0.004407 0.002936
5 0.555509 0.412235 0.002518 0.004241
5 0.552886 0.411746 0.002728 0.004568
5 0.550367 0.412398 0.002308 0.004568
5 0.547744 0.412887 0.002518 0.003589
5 0.548269 0.415987 0.004827 0.003263
5 0.543652 0.415824 0.004407 0.003589
5 0.545121 0.412398 0.002728 0.003915
5 0.542497 0.412398 0.002518 0.004568
5 0.562120 0.422023 0.003987 0.003589
5 0.557503 0.422186 0.004827 0.003263
5 0.552256 0.422186 0.005666 0.003263
5 0.547429 0.422675 0.003987 0.002284
5 0.538615 0.411419 0.003987 0.001958
5 0.538720 0.413214 0.005456 0.002936
5 0.538720 0.415171 0.004617 0.002284
5 0.539349 0.416803 0.004617 0.002284
5 0.534208 0.408972 0.004407 0.002936
5 0.534208 0.410767 0.003987 0.002610
5 0.534418 0.414356 0.004407 0.004568
5 0.531584 0.406525 0.003358 0.005873
5 0.529591 0.404731 0.003148 0.004894
5 0.528122 0.404078 0.002728 0.003589
5 0.527597 0.408646 0.004617 0.004894
5 0.533054 0.421370 0.003778 0.006852
5 0.526128 0.416476 0.002518 0.004241
5 0.521616 0.416966 0.003148 0.003915
5 0.523400 0.411256 0.005456 0.002936
5 0.518888 0.411419 0.005247 0.002610
5 0.514690 0.411093 0.005247 0.003263
5 0.524554 0.407178 0.002728 0.004568
5 0.510808 0.408809 0.005037 0.002610
5 0.515635 0.408646 0.005037 0.002936
5 0.520567 0.409135 0.006086 0.002610
5 0.520672 0.406688 0.005876 0.002936
5 0.515950 0.406525 0.004827 0.002610
5 0.511752 0.406688 0.004827 0.002936
5 0.507870 0.406036 0.002938 0.004894
5 0.512172 0.416639 0.003987 0.006525
5 0.509339 0.417618 0.003358 0.003915
5 0.505666 0.406362 0.003148 0.004894
5 0.530011 0.416639 0.003148 0.005220
5 0.528122 0.417292 0.002728 0.003915
5 0.507345 0.414192 0.004407 0.003589
5 0.505876 0.418271 0.003568 0.006525
5 0.503882 0.418271 0.003358 0.005220
48 0.516684 0.416150 0.007975 0.006852
53 0.554250 0.413703 0.037356 0.013051
5 0.523610 0.403426 0.005876 0.002936
53 0.518783 0.407830 0.030220 0.010440
53 0.527387 0.411256 0.013851 0.017292
53 0.509024 0.411582 0.011123 0.017292
53 0.549843 0.425122 0.037775 0.017618
5 0.826443 0.162153 0.004617 0.003915
5 0.828751 0.164927 0.004617 0.004894
5 0.828017 0.169168 0.004827 0.004241
5 0.828017 0.171289 0.004827 0.004568
5 0.827177 0.175856 0.004407 0.005873
5 0.820147 0.176672 0.003778 0.004241
5 0.818888 0.168352 0.003358 0.003263
5 0.820042 0.170799 0.002728 0.002936
5 0.820042 0.173083 0.002728 0.002936
5 0.819832 0.187439 0.003148 0.003589
5 0.819307 0.192007 0.002938 0.004241
5 0.828646 0.185155 0.002728 0.004241
5 0.828227 0.189886 0.003148 0.005220
5 0.827912 0.197716 0.002099 0.003263
5 0.826863 0.209788 0.003358 0.004568
48 0.816474 0.141762 0.013641 0.021207
48 0.616894 0.028711 0.014061 0.009788
5 0.608919 0.023491 0.003148 0.004568
48 0.628017 0.027732 0.006086 0.005873
48 0.651312 0.043393 0.008604 0.009135
13 0.628646 0.055791 0.007345 0.010440
48 0.484050 0.292659 0.005666 0.009135
48 0.034942 0.006852 0.015740 0.013703
48 0.025708 0.015171 0.012382 0.008157
5 0.011228 0.027732 0.005666 0.003263
48 0.058132 0.007667 0.019307 0.014029
48 0.010598 0.034421 0.013221 0.010114
48 0.026863 0.052855 0.019727 0.010440
48 0.043547 0.071289 0.015320 0.020555
48 0.042288 0.043067 0.013641 0.014356
48 0.064953 0.082382 0.014061 0.015987
48 0.039035 0.108157 0.025603 0.018597
48 0.060546 0.116150 0.016999 0.016966
48 0.079958 0.099837 0.015110 0.012398
48 0.083945 0.125612 0.024764 0.015008
48 0.085205 0.077325 0.010493 0.020881
48 0.094124 0.074715 0.012802 0.022838
48 0.116264 0.078303 0.009654 0.010440
48 0.065792 0.063132 0.015740 0.012724
48 0.034523 0.025775 0.020357 0.019576
48 0.060756 0.044698 0.016159 0.020228
9 0.017943 0.079119 0.008185 0.006852
9 0.017314 0.084502 0.009864 0.005220
48 0.059182 0.028548 0.017629 0.008809
48 0.091501 0.016150 0.010073 0.008809
48 0.110178 0.014029 0.007555 0.006525
48 0.103882 0.014519 0.005037 0.006199
48 0.098846 0.015008 0.006296 0.008483
48 0.108185 0.030506 0.014481 0.014682
48 0.111647 0.041762 0.009654 0.012398
48 0.115005 0.055302 0.006296 0.011419
48 0.130955 0.042414 0.017209 0.013703
48 0.128122 0.027896 0.016579 0.017945
48 0.162644 0.045677 0.028541 0.013703
48 0.165268 0.025122 0.015740 0.011093
48 0.132739 0.074551 0.010703 0.014029
5 0.124764 0.090375 0.003568 0.006525
5 0.125603 0.097064 0.003987 0.005546
5 0.126653 0.103589 0.003987 0.006199
5 0.127702 0.109299 0.003568 0.005220
48 0.140923 0.090701 0.024974 0.016313
48 0.161700 0.091028 0.020357 0.017618
48 0.177545 0.089233 0.010073 0.017945
5 0.128646 0.120555 0.003358 0.005546
48 0.062854 0.179445 0.014481 0.013703
48 0.048583 0.180424 0.014481 0.013703
48 0.098216 0.184992 0.014271 0.014356
48 0.083841 0.186786 0.011123 0.012072
48 0.036936 0.179445 0.010073 0.013703
48 0.112487 0.184339 0.015110 0.009135
48 0.124554 0.186623 0.014900 0.009135
48 0.078069 0.223165 0.008395 0.011746
48 0.137041 0.217945 0.012172 0.016313
48 0.138720 0.205383 0.008814 0.009462
48 0.079014 0.256933 0.015740 0.013377
48 0.094963 0.246493 0.014061 0.015334
5 0.072403 0.078467 0.003778 0.006199
48 0.108080 0.079445 0.009234 0.010767
48 0.113221 0.072920 0.007345 0.007504
48 0.173662 0.070636 0.010283 0.010114
48 0.155824 0.071126 0.011123 0.013051
48 0.164638 0.073409 0.008604 0.007830
48 0.099685 0.095922 0.016789 0.014356
48 0.111647 0.087765 0.005456 0.003915
48 0.118258 0.096085 0.011542 0.018597
48 0.114376 0.108483 0.009234 0.007504
48 0.120776 0.112561 0.012802 0.014356
48 0.111647 0.124796 0.018048 0.014029
48 0.108080 0.117945 0.010493 0.006199
48 0.102099 0.128385 0.009864 0.017292
5 0.111123 0.135726 0.002728 0.005220
5 0.114795 0.137031 0.002518 0.005873
5 0.117629 0.138010 0.002728 0.005220
5 0.120042 0.138336 0.002518 0.005220
5 0.120462 0.129527 0.004197 0.002610
5 0.120462 0.131485 0.004617 0.001958
5 0.125498 0.140294 0.004617 0.004568
5 0.129066 0.125285 0.002938 0.004568
5 0.129591 0.129690 0.002728 0.004241
5 0.125708 0.125612 0.002938 0.003915
5 0.125289 0.128548 0.004197 0.002610
5 0.125079 0.130995 0.004617 0.002936
48 0.147114 0.146656 0.018048 0.014029
48 0.157922 0.133116 0.013221 0.009788
48 0.144071 0.133768 0.015740 0.007830
48 0.159182 0.149755 0.011123 0.013051
48 0.183840 0.147635 0.013431 0.017292
58 0.172508 0.145351 0.008814 0.008157
5 0.203043 0.155954 0.005666 0.003263
5 0.204092 0.150245 0.003148 0.004894
5 0.218048 0.152202 0.004197 0.003589
48 0.178279 0.157259 0.010283 0.010440
5 0.168206 0.167374 0.003987 0.002610
5 0.196118 0.147308 0.002308 0.004241
5 0.207450 0.150408 0.002728 0.004568
48 0.124659 0.121697 0.002938 0.003915
53 0.126128 0.126427 0.010913 0.014029
53 0.121091 0.132790 0.020986 0.008483
50 0.492865 0.351876 0.081637 0.034258
50 0.562015 0.443883 0.045750 0.020555
50 0.400839 0.418271 0.057922 0.041109
5 0.157712 0.444209 0.004407 0.003589
48 0.311857 0.443067 0.005456 0.005873
5 0.191815 0.425285 0.005037 0.004241
5 0.224029 0.384502 0.004407 0.006199
48 0.192025 0.377325 0.008814 0.009462
48 0.197377 0.381240 0.014481 0.011419
48 0.242707 0.364111 0.011123 0.009788
5 0.153200 0.366232 0.004197 0.005546
5 0.151102 0.374225 0.004617 0.005220
5 0.097901 0.539152 0.005247 0.004241
5 0.073033 0.459054 0.004617 0.004568
48 0.133263 0.290049 0.005037 0.005873
9 0.065582 0.150082 0.009444 0.005220
48 0.077020 0.146493 0.006716 0.007178
48 0.011647 0.101305 0.015320 0.015334
53 0.115530 0.136705 0.012382 0.007178
48 0.139559 0.107667 0.016369 0.013051
48 0.106191 0.056607 0.011752 0.009462
48 0.082267 0.066395 0.013012 0.012724
48 0.057608 0.021044 0.013221 0.008157
5 0.046380 0.020065 0.002518 0.004241
5 0.047639 0.026754 0.002938 0.005873
5 0.049633 0.041109 0.002728 0.005220
5 0.052361 0.060359 0.003148 0.004568
48 0.019203 0.069984 0.004827 0.008157
9 0.017104 0.088091 0.009444 0.003915
9 0.017524 0.091680 0.007765 0.004568
53 0.015320 0.085808 0.016369 0.022186
48 0.087093 0.116476 0.010913 0.009135
5 0.079119 0.138989 0.005456 0.003915
5 0.061070 0.138173 0.005037 0.004241
5 0.056768 0.142251 0.005666 0.004568
5 0.060126 0.143556 0.004827 0.004568
10 0.051941 0.153834 0.008185 0.005546
5 0.052781 0.169005 0.006506 0.005873
5 0.062749 0.144698 0.005456 0.004894
5 0.067366 0.164927 0.003778 0.003589
48 0.070514 0.154649 0.005456 0.005220
48 0.068940 0.158401 0.004827 0.004894
48 0.067261 0.161338 0.006086 0.004241
10 0.050262 0.189886 0.006506 0.003263
10 0.047219 0.192659 0.005456 0.004241
10 0.057188 0.187765 0.006506 0.003589
10 0.051941 0.196248 0.005666 0.004894
48 0.049843 0.208972 0.011962 0.011419
10 0.029801 0.197716 0.005876 0.009135
10 0.034627 0.202936 0.003358 0.005220
48 0.036936 0.224307 0.008395 0.008809
48 0.042078 0.216966 0.011123 0.011093
5 0.065582 0.227243 0.003987 0.002936
9 0.065268 0.218760 0.006716 0.004894
5 0.065163 0.231974 0.004407 0.002610
5 0.065477 0.224796 0.004197 0.002610
53 0.061490 0.224470 0.015110 0.019576
5 0.040609 0.251713 0.005666 0.006852
48 0.046380 0.266069 0.018888 0.018597
48 0.081637 0.268679 0.018468 0.014682
48 0.091186 0.281403 0.022036 0.023165
48 0.057398 0.302121 0.016159 0.014356
48 0.030430 0.297064 0.010913 0.010767
48 0.045016 0.319739 0.013221 0.017618
48 0.079014 0.341762 0.014900 0.015987
48 0.071668 0.324470 0.022036 0.019902
48 0.111333 0.331321 0.021616 0.016639
5 0.113956 0.339152 0.005037 0.004241
48 0.039454 0.339967 0.015110 0.020228
48 0.050787 0.353997 0.016369 0.015008
48 0.035362 0.358891 0.014481 0.018923
5 0.035572 0.368842 0.004827 0.003589
5 0.057188 0.359869 0.003987 0.003915
48 0.010178 0.370310 0.011542 0.019576
48 0.016684 0.368842 0.014061 0.015334
48 0.025393 0.365090 0.008395 0.016313
48 0.012592 0.357096 0.009234 0.010114
48 0.011018 0.318108 0.014900 0.014356
48 0.013536 0.390375 0.012382 0.010114
48 0.025289 0.386460 0.008604 0.012072
48 0.030745 0.385318 0.009864 0.013051
48 0.039559 0.381729 0.014481 0.016313
48 0.054145 0.376998 0.016789 0.015987
5 0.046065 0.377488 0.003568 0.003263
51 0.020881 0.400653 0.009444 0.008483
48 0.028856 0.400489 0.012382 0.013377
48 0.066422 0.370962 0.019937 0.018271
48 0.062959 0.386786 0.014690 0.010767
48 0.035362 0.446982 0.016159 0.018923
48 0.018258 0.456770 0.020986 0.023491
48 0.051312 0.448124 0.012802 0.012724
48 0.056978 0.433605 0.019098 0.019576
48 0.053725 0.422349 0.011752 0.011419
48 0.019098 0.488418 0.015950 0.013703
46 0.011123 0.501142 0.004197 0.003915
5 0.040294 0.509625 0.007555 0.005220
48 0.035362 0.482055 0.015320 0.015987
48 0.048374 0.468842 0.015740 0.016966
48 0.059601 0.468515 0.016789 0.018271
48 0.052256 0.479935 0.006716 0.007178
48 0.100839 0.448124 0.015320 0.017945
48 0.079958 0.454812 0.013851 0.013051
48 0.133578 0.447961 0.016999 0.017618
48 0.075971 0.515987 0.016369 0.016639
5 0.128227 0.480424 0.004197 0.004241
5 0.132424 0.488907 0.003358 0.004241
48 0.139664 0.487928 0.019517 0.021860
5 0.165582 0.487928 0.004617 0.005546
48 0.157293 0.487113 0.012802 0.014356
48 0.162644 0.481729 0.007555 0.008157
48 0.171983 0.479608 0.014900 0.014356
48 0.191081 0.467047 0.019517 0.021860
48 0.207240 0.456770 0.016579 0.018923
48 0.222560 0.450897 0.016999 0.018271
5 0.231270 0.451223 0.004197 0.005220
5 0.192550 0.479445 0.005666 0.004894
48 0.235677 0.438825 0.018888 0.022186
5 0.247954 0.442088 0.003987 0.005220
48 0.243966 0.441272 0.004407 0.005546
48 0.216789 0.429038 0.007555 0.008483
48 0.221301 0.425612 0.007345 0.006852
48 0.250682 0.420881 0.024974 0.021533
48 0.267681 0.413051 0.027492 0.023491
48 0.123295 0.416313 0.016159 0.018271
48 0.090451 0.422512 0.012592 0.011093
48 0.087723 0.416639 0.014271 0.010440
48 0.090871 0.451713 0.022246 0.025122
48 0.121511 0.292170 0.013431 0.014029
5 0.113746 0.304568 0.005037 0.004894
5 0.105247 0.289560 0.004407 0.005546
48 0.104092 0.304568 0.012172 0.013377
48 0.014061 0.271452 0.009654 0.012398
48 0.010493 0.277977 0.014271 0.013051
48 0.015530 0.329364 0.006296 0.006852
5 0.049423 0.344046 0.005666 0.004894
48 0.079538 0.163458 0.013851 0.009788
48 0.094544 0.162806 0.018678 0.015008
48 0.105456 0.163622 0.011123 0.019250
48 0.112277 0.165579 0.010073 0.017945
48 0.119098 0.168679 0.009864 0.017618
48 0.146275 0.177651 0.008814 0.010114
48 0.137356 0.176020 0.011123 0.008157
48 0.138720 0.180750 0.004197 0.003915
48 0.127282 0.174225 0.011123 0.009788
48 0.135467 0.168026 0.012382 0.007830
48 0.135362 0.200000 0.009234 0.014356
48 0.129486 0.200489 0.006296 0.010767
48 0.119622 0.200979 0.011752 0.019576
48 0.114900 0.197553 0.008604 0.015987
48 0.107870 0.195922 0.004197 0.005546
48 0.104617 0.191191 0.004827 0.004568
48 0.101259 0.224307 0.004827 0.007504
48 0.116264 0.226754 0.011333 0.009135
48 0.173662 0.099347 0.019517 0.011419
48 0.175236 0.114192 0.021406 0.015008
48 0.099580 0.358891 0.022455 0.018271
5 0.093389 0.366884 0.005456 0.004241
48 0.127702 0.347635 0.013221 0.014682
48 0.129696 0.359054 0.008814 0.007504
48 0.130535 0.388907 0.018468 0.019576
48 0.141763 0.370636 0.012802 0.010440
48 0.150367 0.348777 0.014900 0.013703
48 0.155194 0.359054 0.013641 0.013377
48 0.164638 0.370147 0.018258 0.017292
48 0.172088 0.356281 0.006716 0.006525
48 0.181322 0.381403 0.010073 0.010440
48 0.198741 0.354323 0.018048 0.013703
48 0.186464 0.363785 0.021196 0.024144
48 0.160336 0.404241 0.016369 0.018271
48 0.176495 0.392007 0.018468 0.015334
48 0.189612 0.419086 0.016159 0.014682
48 0.181532 0.409462 0.013012 0.015008
48 0.209549 0.406036 0.016579 0.018597
48 0.202099 0.409951 0.010073 0.014029
48 0.197482 0.400326 0.007975 0.009788
48 0.212697 0.386949 0.009024 0.008483
48 0.222770 0.400163 0.013221 0.012072
48 0.232634 0.376672 0.010703 0.012072
48 0.171773 0.428874 0.012382 0.013377
5 0.089192 0.402936 0.006716 0.005873
48 0.083526 0.397064 0.013431 0.011093
48 0.097587 0.552365 0.015530 0.015661
5 0.084575 0.542414 0.005456 0.004241
5 0.085939 0.545840 0.006925 0.005873
48 0.112487 0.543556 0.015530 0.017618
48 0.119203 0.535889 0.008395 0.007504
48 0.129696 0.556933 0.006296 0.007178
48 0.133998 0.551060 0.008604 0.009788
48 0.134732 0.533768 0.019307 0.024144
48 0.157083 0.520228 0.020357 0.017292
48 0.173242 0.510767 0.017838 0.016639
48 0.191501 0.505710 0.015320 0.018923
5 0.141343 0.517129 0.004407 0.005220
5 0.157188 0.511419 0.004197 0.004894
48 0.206086 0.496737 0.018888 0.017945
48 0.222350 0.484339 0.016159 0.016639
48 0.235572 0.476509 0.019937 0.019250
48 0.248059 0.465253 0.020147 0.015008
48 0.269570 0.459217 0.018258 0.017292
48 0.288143 0.448777 0.021406 0.020555
48 0.314061 0.458401 0.007345 0.007830
5 0.327282 0.443067 0.003568 0.003915
5 0.333263 0.439967 0.005456 0.004241
48 0.325918 0.433116 0.016369 0.019250
48 0.304092 0.439152 0.007555 0.009135
48 0.305456 0.447471 0.007765 0.011419
48 0.293599 0.406199 0.009234 0.009788
48 0.290766 0.400653 0.009444 0.009135
48 0.157817 0.335237 0.007555 0.009462
48 0.183840 0.327569 0.015950 0.013703
48 0.131270 0.313540 0.014900 0.015008
48 0.135047 0.322023 0.013641 0.013703
5 0.140084 0.330669 0.005247 0.004241
48 0.144911 0.311746 0.013641 0.011419
48 0.069570 0.303752 0.008185 0.006525
48 0.137041 0.241436 0.012592 0.016313
48 0.129486 0.238499 0.005037 0.007830
48 0.132004 0.011419 0.028541 0.018271
48 0.161385 0.010277 0.022246 0.018597
48 0.103358 0.005383 0.016579 0.010767
48 0.180273 0.005220 0.009234 0.010440
48 0.203987 0.027896 0.012592 0.010767
5 0.445016 0.004241 0.003148 0.005873
48 0.465163 0.020228 0.137880 0.040457
48 0.629906 0.011419 0.013641 0.022838
48 0.555824 0.011582 0.078699 0.023165
53 0.603987 0.001794 0.041133 0.003589
53 0.366946 0.053670 0.009444 0.017945
53 0.368835 0.061501 0.009444 0.008157
53 0.370934 0.066558 0.006925 0.005220
53 0.418573 0.085971 0.009864 0.014682
51 0.285939 0.011746 0.087933 0.023491
48 0.026967 0.312561 0.004407 0.005220
48 0.032004 0.320718 0.007345 0.007830
48 0.109969 0.370636 0.012592 0.013703
48 0.157293 0.438010 0.009444 0.011419
48 0.077440 0.467047 0.011333 0.012724
48 0.015215 0.424470 0.004827 0.006525
48 0.020776 0.322838 0.005037 0.006199
48 0.046275 0.279445 0.007345 0.006852
48 0.007870 0.251060 0.009444 0.012072
48 0.068311 0.014029 0.010283 0.007830
48 0.151102 0.023491 0.008395 0.010440
48 0.160126 0.033442 0.026863 0.010767
48 0.114795 0.219576 0.004197 0.005873
48 0.081322 0.202610 0.010283 0.011093
48 0.279433 0.149429 0.009024 0.006525
48 0.256663 0.301468 0.007555 0.011093
48 0.264533 0.313051 0.014900 0.014682
5 0.327072 0.371615 0.003568 0.005873
52 0.877650 0.712072 0.227492 0.282871
47 0.011962 0.052202 0.006716 0.003915
48 0.621511 0.013051 0.006086 0.007830
48 0.592655 0.064763 0.007135 0.006852
48 0.802413 0.048124 0.009024 0.008157
47 0.790556 0.034910 0.004617 0.004568
48 0.523505 0.058564 0.030430 0.019902
48 0.235257 0.059869 0.007555 0.010767
48 0.230640 0.040131 0.007975 0.015008
5 0.172193 0.009135 0.003148 0.005220
5 0.173347 0.014029 0.002099 0.005873
48 0.238720 0.008972 0.009864 0.008157
48 0.043337 0.090865 0.020776 0.010114
5 0.069780 0.093638 0.004827 0.003263
47 0.221616 0.112235 0.005456 0.006525
47 0.285100 0.123817 0.005247 0.006199
48 0.432844 0.088907 0.025393 0.066232
48 0.454145 0.085318 0.017629 0.012072
48 0.439559 0.080098 0.007765 0.006852
48 0.584575 0.155791 0.014061 0.019902
48 0.599370 0.149755 0.022246 0.011746
47 0.443652 0.197064 0.002938 0.005873
48 0.488248 0.177488 0.007345 0.014356
5 0.248374 0.120065 0.004827 0.003915
48 0.060756 0.251387 0.007765 0.013377
47 0.074187 0.287928 0.004827 0.005546
48 0.096537 0.317455 0.007975 0.007830
5 0.098216 0.330179 0.004197 0.006525
48 0.076495 0.401794 0.006925 0.006852
48 0.069780 0.405873 0.006506 0.005220
48 0.192130 0.391680 0.009024 0.010114
48 0.216369 0.382545 0.007135 0.008157
47 0.133578 0.402936 0.005666 0.007178
47 0.139454 0.415498 0.004827 0.004894
47 0.169780 0.419250 0.007135 0.007830
48 0.269045 0.483361 0.007555 0.008157
9 0.186254 0.085644 0.002308 0.005546
5 0.444071 0.137194 0.005037 0.003589
5 0.561490 0.134584 0.003987 0.002284
5 0.449213 0.165416 0.005666 0.003263
5 0.364218 0.177814 0.004407 0.003263
5 0.351626 0.183524 0.004407 0.003589
5 0.354565 0.176998 0.004827 0.004241
5 0.257608 0.242904 0.003568 0.006852
5 0.276390 0.250571 0.004197 0.003263
5 0.306086 0.241109 0.003987 0.005873
5 0.317943 0.253507 0.002938 0.003263
5 0.214061 0.396737 0.003358 0.005220
5 0.620776 0.109625 0.002099 0.004568
9 0.744806 0.260522 0.002938 0.005546
12 0.724134 0.168026 0.002308 0.003915
9 0.847849 0.164600 0.002938 0.004894
9 0.980588 0.068352 0.005666 0.004894
5 0.060546 0.448613 0.003987 0.003263
5 0.095908 0.170962 0.004197 0.002610
5 0.083526 0.540130 0.005456 0.003589
45 0.894334 0.731158 0.006506 0.007178
