48 0.026039 0.972911 0.052079 0.051567
5 0.009555 0.825718 0.003990 0.005222
5 0.007560 0.778231 0.004620 0.002937
5 0.006510 0.773499 0.004620 0.003264
5 0.009555 0.765013 0.004410 0.003264
48 0.016380 0.752448 0.020160 0.023825
48 0.004095 0.768440 0.008190 0.010770
48 0.005670 0.532148 0.010920 0.014687
48 0.003885 0.658779 0.007770 0.016645
48 0.004935 0.692232 0.009870 0.017624
5 0.005250 0.713120 0.003780 0.003916
48 0.004200 0.829961 0.008400 0.014360
22 0.238135 0.458061 0.015540 0.006854
19 0.254620 0.460999 0.015750 0.006854
19 0.268795 0.463283 0.011340 0.006201
19 0.280449 0.466057 0.009870 0.004569
19 0.292629 0.468179 0.010290 0.004896
19 0.304494 0.470627 0.010080 0.005875
19 0.316359 0.472911 0.009870 0.005222
19 0.328328 0.475196 0.010290 0.005875
19 0.340298 0.477807 0.010710 0.005222
19 0.351953 0.479765 0.010500 0.004569
19 0.364343 0.482050 0.010500 0.005222
19 0.376312 0.485150 0.009660 0.004896
48 0.738975 0.538349 0.005880 0.005548
48 0.743490 0.537533 0.005670 0.009791
48 0.773100 0.542755 0.017010 0.010444
48 0.763020 0.542428 0.003150 0.003916
48 0.754305 0.538675 0.015960 0.010117
48 0.739815 0.533779 0.005040 0.004896
48 0.661697 0.567396 0.014280 0.007507
5 0.554599 0.632507 0.002520 0.005875
48 0.578118 0.599869 0.014700 0.013055
48 0.547354 0.625163 0.013230 0.015339
48 0.998635 0.982702 0.002730 0.005875
48 0.999160 0.969811 0.001680 0.014687
48 0.995905 0.777578 0.008190 0.013381
48 0.996115 0.766482 0.007770 0.009465
48 0.994540 0.869452 0.010920 0.016319
48 0.992230 0.971769 0.014280 0.016645
48 0.981625 0.961162 0.011130 0.011097
48 0.969341 0.979765 0.021000 0.019582
48 0.951911 0.986619 0.004200 0.003264
5 0.926081 0.972259 0.003780 0.005222
5 0.934796 0.967852 0.003150 0.004243
5 0.931646 0.960672 0.003570 0.004896
48 0.945296 0.968179 0.013230 0.016645
48 0.945821 0.977317 0.008820 0.005548
48 0.953906 0.974054 0.012390 0.012076
5 0.947816 0.958225 0.003570 0.004569
5 0.944036 0.947944 0.003570 0.005548
5 0.938471 0.946638 0.003360 0.004896
5 0.941936 0.939458 0.003570 0.004243
48 0.962096 0.963446 0.012390 0.016971
48 0.955691 0.953003 0.015960 0.011749
5 0.952331 0.930809 0.002940 0.004569
5 0.946451 0.930157 0.002940 0.004569
48 0.998215 0.946802 0.003570 0.004569
48 0.996850 0.939458 0.005880 0.012076
5 0.959891 0.919876 0.002940 0.003590
48 0.975221 0.915796 0.018060 0.018277
48 0.987925 0.920039 0.010710 0.009791
48 0.970286 0.933420 0.032129 0.022846
48 0.971441 0.946312 0.007140 0.006854
48 0.996850 0.905516 0.006300 0.010770
48 0.984250 0.894093 0.015960 0.016645
5 0.906132 0.951044 0.003360 0.003916
5 0.948341 0.899151 0.004200 0.003264
5 0.950966 0.908290 0.002310 0.003264
5 0.944561 0.896867 0.003360 0.003264
5 0.929441 0.826534 0.003360 0.002285
5 0.933116 0.854275 0.005250 0.003590
5 0.875578 0.882343 0.003150 0.003590
5 0.873163 0.888218 0.003360 0.004243
5 0.857308 0.920039 0.003570 0.005222
5 0.851848 0.930809 0.003570 0.005875
48 0.919782 0.955777 0.014280 0.017298
48 0.925871 0.943048 0.015540 0.016645
48 0.932591 0.928851 0.020160 0.025457
48 0.938681 0.912043 0.021000 0.021214
48 0.914322 0.903394 0.005880 0.008486
5 0.947186 0.904700 0.004410 0.004569
48 0.955481 0.882507 0.014700 0.016971
48 0.948131 0.890829 0.021000 0.019909
48 0.936686 0.882670 0.006510 0.007507
48 0.962411 0.872879 0.018900 0.014034
48 0.968501 0.855418 0.014280 0.015666
48 0.940151 0.856560 0.009240 0.007507
48 0.935216 0.841057 0.017010 0.020888
48 0.922512 0.831756 0.016800 0.017950
48 0.907077 0.832572 0.016170 0.020888
48 0.913272 0.845300 0.007140 0.007180
48 0.910647 0.859661 0.006930 0.007180
48 0.920412 0.854275 0.005880 0.006201
5 0.887337 0.847095 0.003990 0.004896
48 0.910962 0.850849 0.014280 0.011749
48 0.897942 0.875490 0.005040 0.004243
48 0.895737 0.860640 0.020370 0.027415
48 0.897732 0.945170 0.015120 0.017624
48 0.898257 0.926077 0.007350 0.007507
48 0.893532 0.935379 0.010920 0.016319
48 0.900042 0.933910 0.008820 0.008812
48 0.864763 0.924282 0.020580 0.028068
48 0.880617 0.919060 0.009870 0.014360
48 0.907182 0.920039 0.009240 0.004569
48 0.891957 0.898499 0.011550 0.011097
48 0.879147 0.908943 0.012390 0.007833
48 0.871168 0.904373 0.008610 0.008486
48 0.873163 0.909432 0.016800 0.008812
48 0.880617 0.890992 0.018690 0.023499
48 0.894267 0.882017 0.010290 0.008159
48 0.896052 0.877937 0.009660 0.007833
48 0.887757 0.873695 0.011130 0.008486
48 0.885867 0.877611 0.010710 0.009138
48 0.902037 0.845463 0.010710 0.008812
48 0.881877 0.986129 0.021210 0.009465
48 0.868963 0.985476 0.006720 0.009465
48 0.857518 0.981886 0.014910 0.017298
48 0.845863 0.987924 0.006300 0.006527
48 0.833473 0.984661 0.007980 0.011097
48 0.846913 0.976338 0.016380 0.017950
48 0.813944 0.959040 0.017640 0.017298
5 0.976060 0.824249 0.003780 0.004243
48 0.987820 0.832572 0.021840 0.021540
48 0.968711 0.823433 0.013440 0.016971
48 0.949811 0.816416 0.007140 0.009465
48 0.997060 0.818048 0.005880 0.006854
5 0.913587 0.796018 0.003150 0.004569
5 0.919782 0.795202 0.003360 0.004896
48 0.928181 0.805809 0.015540 0.016319
48 0.940466 0.791775 0.010710 0.012402
48 0.993490 0.800751 0.011340 0.007507
48 0.982360 0.804178 0.010500 0.011097
48 0.990550 0.807115 0.007560 0.006527
48 0.947291 0.775457 0.015120 0.016971
5 0.941936 0.761749 0.004410 0.004569
48 0.948131 0.762728 0.010500 0.009791
48 0.980995 0.772520 0.007350 0.007833
48 0.960206 0.765829 0.006090 0.007507
48 0.973436 0.761097 0.007770 0.011097
5 0.966506 0.738414 0.003990 0.004243
5 0.977845 0.731723 0.002730 0.003264
48 0.976585 0.744778 0.019530 0.018277
48 0.962306 0.742820 0.005670 0.005875
48 0.962936 0.754243 0.018270 0.018930
48 0.976480 0.757180 0.011340 0.014360
5 0.771945 0.990698 0.002100 0.002937
48 0.752520 0.983681 0.032129 0.016971
5 0.752205 0.944027 0.002940 0.005548
5 0.754305 0.941743 0.002520 0.004896
5 0.756510 0.937337 0.002730 0.004569
5 0.758400 0.933257 0.002310 0.004243
5 0.696136 0.981397 0.004620 0.002611
5 0.695716 0.984334 0.004620 0.003264
5 0.694981 0.986945 0.005250 0.003264
5 0.685846 0.978949 0.005040 0.003590
5 0.684901 0.982866 0.005250 0.003590
5 0.684271 0.985640 0.003990 0.003264
48 0.709471 0.976012 0.022470 0.032963
48 0.703381 0.948760 0.007770 0.007833
48 0.790214 0.967689 0.010500 0.013708
48 0.773100 0.952187 0.014070 0.014034
48 0.780239 0.967852 0.020790 0.025131
48 0.744225 0.927056 0.027719 0.030352
48 0.740340 0.951044 0.024990 0.025457
48 0.705796 0.934726 0.008400 0.005222
5 0.782024 0.911227 0.003780 0.005222
5 0.786539 0.897520 0.003150 0.005222
48 0.840088 0.835183 0.015330 0.012402
48 0.843133 0.856397 0.026039 0.024804
48 0.860248 0.842852 0.007770 0.008159
5 0.877152 0.834204 0.004200 0.003916
48 0.875682 0.838936 0.018060 0.016645
48 0.861823 0.828329 0.012600 0.011749
48 0.886287 0.820170 0.019950 0.024151
48 0.869173 0.819354 0.012180 0.016645
48 0.873478 0.806299 0.017850 0.017950
5 0.891957 0.800261 0.004830 0.003916
48 0.855733 0.802546 0.018480 0.021540
6 0.912222 0.785411 0.006720 0.004243
5 0.906027 0.784269 0.004410 0.003916
5 0.906342 0.782311 0.003360 0.002611
48 0.901932 0.790960 0.013440 0.017950
48 0.917367 0.775620 0.004830 0.004896
48 0.867808 0.774478 0.016590 0.017624
5 0.971231 0.708714 0.004620 0.004896
48 0.942671 0.736782 0.015540 0.017298
48 0.942671 0.723401 0.009240 0.010117
48 0.931436 0.745268 0.015750 0.021214
48 0.907707 0.739393 0.007770 0.007507
48 0.918417 0.747389 0.011130 0.011097
48 0.923982 0.757833 0.015540 0.013708
48 0.918207 0.764034 0.014490 0.016971
48 0.945506 0.704471 0.020370 0.019909
48 0.952016 0.712794 0.018690 0.015013
48 0.932381 0.689621 0.013020 0.012402
5 0.910122 0.679993 0.003780 0.004243
48 0.908232 0.689621 0.009660 0.013055
48 0.919572 0.678525 0.014280 0.012402
48 0.916107 0.686521 0.013230 0.012076
48 0.904347 0.683420 0.005670 0.007833
48 0.896157 0.685542 0.012390 0.008812
48 0.886812 0.664491 0.010500 0.009138
48 0.897522 0.662859 0.008820 0.011097
48 0.887127 0.679178 0.014910 0.022846
48 0.906867 0.678525 0.005670 0.007180
48 0.889017 0.710672 0.029609 0.025783
48 0.885972 0.763381 0.007140 0.006527
48 0.870118 0.763871 0.022890 0.012728
5 0.886077 0.749021 0.003990 0.002611
48 0.892377 0.742330 0.005250 0.005548
48 0.886602 0.744778 0.006720 0.007180
48 0.872533 0.750816 0.014700 0.016645
48 0.888912 0.728623 0.007140 0.007507
48 0.879882 0.732050 0.021000 0.017624
48 0.909282 0.774151 0.013020 0.010444
48 0.915162 0.782637 0.007140 0.006527
48 0.932486 0.649315 0.011130 0.009465
48 0.941621 0.655352 0.004200 0.004569
48 0.944246 0.657800 0.005250 0.006201
48 0.982045 0.600685 0.035909 0.034269
48 0.983515 0.568538 0.024150 0.024804
5 0.941306 0.558420 0.004410 0.003264
5 0.972281 0.565927 0.002100 0.005222
48 0.928391 0.562337 0.013020 0.011097
5 0.930386 0.584856 0.002310 0.005222
48 0.950861 0.585346 0.032759 0.021867
48 0.950756 0.569517 0.033389 0.022193
5 0.917157 0.585183 0.004830 0.002611
9 0.914007 0.557278 0.003570 0.006854
48 0.925871 0.572781 0.016800 0.009791
5 0.933641 0.551077 0.003780 0.002937
9 0.863818 0.565111 0.005670 0.002937
9 0.864028 0.562174 0.006090 0.003590
9 0.865918 0.557441 0.006930 0.003916
9 0.871063 0.565111 0.005880 0.003590
5 0.875053 0.566906 0.002520 0.004569
9 0.892692 0.566580 0.005460 0.003916
5 0.885027 0.557931 0.001890 0.004243
9 0.871273 0.561031 0.005880 0.003916
5 0.929231 0.336815 0.005460 0.003264
5 0.953906 0.328166 0.005670 0.004243
48 0.910227 0.051893 0.008190 0.008486
48 0.914322 0.040796 0.009660 0.009791
48 0.904662 0.574739 0.013020 0.006527
48 0.897522 0.572291 0.004620 0.006201
48 0.843238 0.607539 0.018690 0.017950
5 0.830638 0.599706 0.003150 0.004896
48 0.785489 0.598401 0.024150 0.031658
48 0.821189 0.582082 0.011550 0.008812
48 0.830743 0.573270 0.003780 0.004243
5 0.762180 0.907800 0.004830 0.004243
48 0.781709 0.888218 0.014070 0.017950
48 0.751365 0.872879 0.026459 0.023825
5 0.803444 0.863251 0.002940 0.004569
5 0.808274 0.853786 0.003780 0.005222
48 0.786119 0.868962 0.022470 0.014687
48 0.781499 0.859008 0.012810 0.012402
6 0.818669 0.831756 0.003990 0.004896
6 0.821609 0.826697 0.004410 0.005875
5 0.825913 0.816906 0.003360 0.004569
48 0.810164 0.823597 0.020580 0.019909
48 0.829798 0.791123 0.020370 0.023499
48 0.796409 0.858029 0.015330 0.018930
48 0.800504 0.846769 0.019320 0.019909
48 0.805754 0.835836 0.015960 0.013055
48 0.738450 0.841221 0.025829 0.022520
5 0.703906 0.852317 0.003360 0.004243
5 0.705796 0.847422 0.003780 0.004243
5 0.708106 0.843016 0.002520 0.002611
5 0.700861 0.857050 0.003570 0.005222
48 0.736350 0.827350 0.014070 0.013708
48 0.740760 0.817885 0.015330 0.018277
48 0.762915 0.832735 0.013440 0.010770
48 0.765330 0.807441 0.008190 0.007180
48 0.764175 0.818864 0.007140 0.005875
5 0.728370 0.801893 0.002310 0.003916
48 0.749790 0.810868 0.022470 0.017298
48 0.752730 0.797161 0.016590 0.019256
48 0.791789 0.790144 0.004410 0.005222
48 0.783494 0.772193 0.011760 0.009791
48 0.796934 0.782637 0.011340 0.015666
48 0.788219 0.779047 0.003570 0.004569
48 0.790004 0.783127 0.005040 0.006201
48 0.763125 0.776273 0.017640 0.019256
5 0.738345 0.782148 0.003360 0.004243
5 0.740865 0.776273 0.003360 0.004243
9 0.657602 0.820822 0.005250 0.007180
5 0.660962 0.822454 0.003570 0.005222
48 0.673457 0.796997 0.005040 0.007180
9 0.655502 0.830777 0.003990 0.005548
9 0.658547 0.831919 0.002520 0.003916
9 0.643952 0.830940 0.003150 0.004569
9 0.636812 0.827024 0.003990 0.004569
6 0.630932 0.795529 0.007770 0.006854
5 0.621693 0.793081 0.003990 0.003264
6 0.623373 0.795855 0.003990 0.004896
5 0.709051 0.749021 0.004410 0.003264
5 0.713881 0.750163 0.005250 0.002937
5 0.698131 0.746247 0.004410 0.002937
5 0.686896 0.743473 0.004620 0.003916
5 0.682066 0.742330 0.004620 0.003590
5 0.676606 0.735803 0.005460 0.003590
5 0.669887 0.733845 0.006720 0.003590
5 0.672932 0.740372 0.004830 0.003590
5 0.667157 0.739067 0.005460 0.003590
5 0.700651 0.741351 0.004830 0.002937
5 0.706321 0.742657 0.005250 0.003590
5 0.726165 0.752937 0.004620 0.002611
48 0.717556 0.757017 0.007560 0.010117
48 0.660122 0.767787 0.045569 0.057768
5 0.687631 0.751958 0.004410 0.004569
48 0.607098 0.827513 0.021420 0.022520
48 0.616023 0.815111 0.026669 0.031005
48 0.635552 0.812826 0.026669 0.021867
48 0.638387 0.801240 0.013020 0.013055
5 0.617703 0.847585 0.005670 0.003264
5 0.610878 0.841873 0.004620 0.003590
48 0.751680 0.741678 0.047669 0.027089
48 0.828223 0.736619 0.010500 0.009138
5 0.760395 0.700392 0.002940 0.004569
5 0.753465 0.698760 0.002100 0.003264
5 0.750630 0.699902 0.002730 0.004896
5 0.739290 0.710183 0.002730 0.003916
5 0.778349 0.700718 0.004410 0.003264
48 0.782969 0.713773 0.033389 0.028068
5 0.740760 0.727480 0.005670 0.004569
48 0.724276 0.699413 0.034859 0.033290
48 0.718921 0.652089 0.034649 0.047650
48 0.743070 0.662533 0.015330 0.020888
48 0.783074 0.675587 0.049979 0.041123
5 0.855838 0.645072 0.004410 0.003590
5 0.856678 0.641155 0.004830 0.003590
9 0.861508 0.642950 0.005250 0.004569
48 0.832003 0.668244 0.030239 0.076044
48 0.775410 0.645072 0.074969 0.039491
5 0.413587 0.989067 0.002730 0.005548
48 0.467661 0.969484 0.008820 0.010117
5 0.416947 0.971443 0.002730 0.004896
48 0.424926 0.986945 0.019950 0.016971
48 0.428706 0.975033 0.005250 0.005548
48 0.421987 0.978623 0.006510 0.006854
5 0.621903 0.960509 0.003570 0.002611
5 0.626103 0.963773 0.003990 0.002611
9 0.626942 0.952350 0.005250 0.003916
9 0.632612 0.981071 0.003150 0.006527
48 0.657182 0.953166 0.061529 0.078655
5 0.627782 0.948923 0.004410 0.002937
5 0.628097 0.946312 0.005040 0.003590
5 0.627677 0.941416 0.005040 0.003590
5 0.628622 0.937174 0.004830 0.003590
5 0.630722 0.932115 0.004830 0.003264
5 0.631247 0.929504 0.004200 0.003264
5 0.657602 0.912043 0.004830 0.002937
9 0.658232 0.909432 0.005670 0.004243
5 0.661067 0.899804 0.004200 0.003264
5 0.679021 0.906495 0.002730 0.004243
48 0.690676 0.904047 0.018900 0.022846
48 0.668207 0.908616 0.006720 0.015013
5 0.668102 0.899641 0.002730 0.004243
5 0.675556 0.893929 0.004620 0.003264
5 0.658862 0.906821 0.004410 0.002937
5 0.662642 0.896540 0.004410 0.003264
5 0.659597 0.904537 0.004620 0.003590
5 0.660122 0.902089 0.003990 0.003264
5 0.666422 0.889687 0.005670 0.003916
5 0.667892 0.887076 0.005250 0.003916
5 0.669572 0.885281 0.003990 0.002937
5 0.656867 0.877285 0.003360 0.005875
5 0.649937 0.875326 0.002940 0.005875
5 0.640907 0.873695 0.003360 0.004569
48 0.635972 0.890829 0.014070 0.019256
5 0.630617 0.870920 0.005040 0.004243
5 0.632192 0.867983 0.004830 0.004243
5 0.618543 0.874674 0.003150 0.004569
5 0.615813 0.874021 0.003150 0.004569
5 0.613503 0.873531 0.001890 0.004243
5 0.626207 0.888055 0.004620 0.003264
5 0.621693 0.886586 0.004830 0.002937
5 0.620958 0.889360 0.004620 0.002611
5 0.625892 0.890339 0.003990 0.003264
48 0.599958 0.962957 0.029399 0.055157
48 0.587988 0.910411 0.034019 0.036227
5 0.619278 0.894093 0.004620 0.003590
5 0.623163 0.895072 0.003990 0.002937
48 0.619383 0.904537 0.009870 0.015992
11 0.585783 0.885444 0.005250 0.015666
5 0.595338 0.890339 0.005040 0.002611
5 0.601638 0.871247 0.002940 0.004243
5 0.604473 0.871410 0.001890 0.003264
5 0.596073 0.868962 0.003150 0.004896
5 0.598173 0.869778 0.001890 0.003916
48 0.604053 0.856723 0.032969 0.026762
5 0.568879 0.844974 0.002520 0.003916
48 0.550714 0.967363 0.004830 0.005222
5 0.535489 0.910085 0.004200 0.002285
5 0.536644 0.915144 0.004410 0.002611
5 0.536644 0.917591 0.004410 0.001632
5 0.551764 0.894909 0.004410 0.002611
48 0.537064 0.933747 0.040529 0.071149
5 0.528244 0.892624 0.003150 0.004569
48 0.557329 0.887565 0.003780 0.004896
5 0.529609 0.869125 0.005040 0.003264
5 0.529819 0.866514 0.004200 0.002611
5 0.528244 0.859334 0.004830 0.001958
5 0.534754 0.894419 0.002310 0.002937
48 0.539059 0.873695 0.022680 0.042428
48 0.531814 0.848564 0.020790 0.019582
5 0.563419 0.826697 0.005880 0.004569
5 0.529714 0.820333 0.005250 0.002937
48 0.562159 0.854275 0.027299 0.031005
5 0.513020 0.892461 0.003780 0.004896
48 0.520580 0.902741 0.012600 0.020235
48 0.506510 0.865046 0.024360 0.027089
48 0.521105 0.890339 0.006090 0.007180
5 0.510500 0.885933 0.005460 0.003590
48 0.472596 0.901436 0.035069 0.023499
48 0.443196 0.895398 0.022050 0.031658
5 0.426291 0.957409 0.005460 0.003590
5 0.428916 0.954798 0.004410 0.002285
5 0.428286 0.952187 0.004830 0.002937
5 0.429546 0.948760 0.004410 0.002611
9 0.449916 0.932931 0.001890 0.004243
5 0.426816 0.931625 0.001890 0.004243
5 0.427236 0.926403 0.002730 0.004896
48 0.458421 0.927709 0.008400 0.007507
6 0.428496 0.893766 0.002310 0.005548
5 0.493700 0.869289 0.004200 0.004896
5 0.487190 0.874184 0.002940 0.004896
48 0.500315 0.891971 0.029189 0.039164
5 0.416737 0.864883 0.002730 0.005222
5 0.417787 0.855581 0.002730 0.006201
5 0.431856 0.833714 0.003990 0.003590
48 0.462306 0.841547 0.015750 0.015992
48 0.492440 0.841057 0.036959 0.034595
48 0.464511 0.855907 0.009660 0.010770
48 0.476585 0.859824 0.018270 0.019256
5 0.451386 0.826534 0.003150 0.002285
5 0.710941 0.239883 0.006090 0.004569
5 0.654137 0.213936 0.004620 0.004243
5 0.475116 0.108681 0.004830 0.004569
9 0.399097 0.075392 0.016170 0.013708
5 0.397837 0.055646 0.004410 0.004243
9 0.325179 0.012565 0.004410 0.004896
5 0.684376 0.668081 0.003360 0.005222
5 0.658232 0.694191 0.003990 0.003916
48 0.661697 0.688153 0.012180 0.018603
5 0.630407 0.681299 0.003780 0.002937
5 0.755880 0.551077 0.003570 0.002937
9 0.760815 0.555157 0.009240 0.003916
5 0.616548 0.680646 0.004620 0.003590
5 0.618858 0.660574 0.003360 0.005222
48 0.637547 0.670039 0.008400 0.007833
48 0.626732 0.671345 0.013230 0.019582
48 0.652142 0.673629 0.007770 0.009138
48 0.671357 0.651599 0.021840 0.015339
48 0.672092 0.672650 0.013650 0.014360
48 0.675031 0.664980 0.011970 0.010117
48 0.669362 0.628916 0.010710 0.011749
48 0.681646 0.631691 0.017640 0.027742
48 0.644162 0.654047 0.031709 0.030026
5 0.386497 0.944027 0.004830 0.002937
5 0.373163 0.943211 0.004620 0.002611
5 0.367493 0.942885 0.004620 0.002611
5 0.342293 0.942069 0.004620 0.002937
5 0.310059 0.989067 0.004410 0.004243
5 0.310899 0.972748 0.004830 0.002937
5 0.311844 0.966384 0.004200 0.003916
5 0.312054 0.960020 0.005040 0.002937
48 0.294309 0.974054 0.014070 0.044713
5 0.223961 0.988577 0.002310 0.003916
6 0.227530 0.970790 0.003150 0.007507
5 0.248845 0.985803 0.002100 0.005548
5 0.273520 0.984008 0.001890 0.004569
5 0.252415 0.988087 0.002100 0.004243
5 0.223226 0.944354 0.004200 0.002937
5 0.224591 0.936847 0.004410 0.002937
5 0.223961 0.939458 0.003570 0.002285
5 0.223751 0.941743 0.003570 0.002937
5 0.231310 0.930320 0.001890 0.003590
5 0.282129 0.961325 0.004410 0.002937
5 0.312684 0.902415 0.002100 0.004569
48 0.311424 0.911717 0.006300 0.008812
48 0.303864 0.928362 0.020580 0.031005
9 0.289689 0.897846 0.006930 0.003916
6 0.290214 0.894419 0.005460 0.003590
5 0.290634 0.890829 0.005040 0.002937
5 0.323289 0.900946 0.003570 0.002937
5 0.322869 0.898172 0.004410 0.003264
5 0.323499 0.895725 0.004410 0.002937
5 0.323289 0.892950 0.004410 0.002611
5 0.323604 0.890339 0.004200 0.003264
5 0.324129 0.887565 0.004410 0.002937
5 0.324549 0.884628 0.003990 0.002937
5 0.324339 0.882017 0.004830 0.002937
5 0.314889 0.875979 0.002310 0.004569
5 0.324654 0.879569 0.004200 0.003264
5 0.325179 0.876958 0.004410 0.002611
5 0.324968 0.874347 0.004410 0.003264
5 0.324758 0.871899 0.004410 0.002937
48 0.303234 0.886913 0.016800 0.051240
5 0.292629 0.870104 0.003990 0.003264
5 0.322029 0.858355 0.004410 0.003264
48 0.280659 0.918734 0.021630 0.015666
48 0.256090 0.916775 0.030449 0.015013
48 0.232045 0.916286 0.019740 0.014687
48 0.211046 0.951697 0.021000 0.090731
5 0.254830 0.879406 0.002310 0.004243
9 0.259975 0.878590 0.002940 0.005875
5 0.257140 0.879406 0.002310 0.004243
5 0.277194 0.869778 0.004200 0.002611
5 0.277719 0.867493 0.004830 0.003264
5 0.277929 0.864719 0.004830 0.002937
5 0.277824 0.861782 0.004200 0.002937
5 0.262705 0.867657 0.002100 0.004896
5 0.260185 0.867820 0.002520 0.005222
5 0.261025 0.862924 0.002520 0.005222
5 0.258295 0.862272 0.002100 0.004569
5 0.066149 0.994941 0.005040 0.002937
5 0.066149 0.992330 0.005040 0.002937
5 0.074024 0.989067 0.003150 0.004896
5 0.075073 0.996410 0.002730 0.005222
5 0.064994 0.983029 0.003990 0.003264
5 0.064469 0.980091 0.003780 0.002611
5 0.064154 0.977807 0.003990 0.002611
5 0.064049 0.975849 0.004200 0.002611
5 0.063419 0.973727 0.004200 0.002937
5 0.072239 0.974869 0.002940 0.005222
5 0.067829 0.970300 0.002940 0.004569
5 0.069509 0.956756 0.002520 0.004896
5 0.062159 0.963283 0.004200 0.002937
5 0.061739 0.960836 0.004200 0.002611
5 0.034439 0.946475 0.005460 0.002611
5 0.043784 0.941253 0.003570 0.002611
5 0.041684 0.920855 0.004410 0.002937
5 0.054284 0.920039 0.004830 0.003264
5 0.054179 0.922976 0.005040 0.001958
5 0.055124 0.928035 0.004410 0.002937
5 0.043679 0.936031 0.004620 0.002611
5 0.043049 0.928362 0.005040 0.002937
5 0.041579 0.923140 0.004200 0.002285
5 0.055019 0.925098 0.004620 0.002937
5 0.042944 0.925424 0.004410 0.002937
48 0.085468 0.931625 0.020160 0.015339
5 0.053024 0.914654 0.004830 0.002937
5 0.041789 0.916286 0.004620 0.002937
5 0.102793 0.911064 0.002310 0.004243
48 0.101008 0.918081 0.009240 0.012402
48 0.082948 0.911554 0.027299 0.020888
48 0.121063 0.911064 0.033389 0.013381
48 0.139542 0.916775 0.004830 0.007833
48 0.065204 0.895725 0.006510 0.022520
5 0.099328 0.893603 0.002520 0.003916
5 0.051449 0.884954 0.002100 0.004243
48 0.046724 0.887728 0.019530 0.014360
48 0.111298 0.876632 0.009660 0.007833
48 0.039794 0.857376 0.021210 0.018277
5 0.092293 0.848074 0.002310 0.004243
48 0.086413 0.859661 0.020370 0.016319
48 0.071819 0.843668 0.031919 0.007833
48 0.069614 0.850685 0.006510 0.006201
48 0.158022 0.866188 0.007350 0.007833
9 0.120643 0.861782 0.010710 0.003590
9 0.122218 0.858355 0.008820 0.003264
5 0.141852 0.864393 0.002310 0.004896
5 0.139122 0.864883 0.002310 0.004569
5 0.120118 0.855744 0.005040 0.002611
5 0.125052 0.855744 0.004410 0.002611
9 0.132822 0.864556 0.003150 0.005875
5 0.128727 0.860966 0.004620 0.002611
5 0.129042 0.857376 0.004830 0.002611
48 0.132822 0.848727 0.038849 0.012076
48 0.148572 0.906658 0.005250 0.010444
5 0.194981 0.919060 0.004410 0.002611
5 0.184271 0.910411 0.003990 0.002937
5 0.184166 0.903557 0.004200 0.002937
5 0.184796 0.900457 0.003780 0.003264
5 0.195926 0.899151 0.004200 0.003264
5 0.185531 0.893766 0.004830 0.003590
5 0.195821 0.904047 0.004410 0.003264
5 0.195401 0.908616 0.003990 0.003264
5 0.185741 0.888544 0.003990 0.002937
5 0.186266 0.871084 0.004620 0.003264
5 0.186161 0.873695 0.004410 0.002611
5 0.186056 0.876305 0.004200 0.003264
5 0.186266 0.878590 0.005040 0.002611
5 0.186056 0.880711 0.004620 0.002937
5 0.185636 0.883649 0.004200 0.002937
5 0.185636 0.885770 0.004200 0.002611
5 0.188891 0.862108 0.004830 0.002937
5 0.189836 0.857213 0.004620 0.002937
5 0.190466 0.854602 0.005460 0.003590
5 0.190046 0.849543 0.004620 0.003264
5 0.199391 0.845627 0.003150 0.005222
5 0.231100 0.849380 0.002310 0.005548
5 0.209051 0.848074 0.002310 0.004243
5 0.216401 0.848727 0.002310 0.004243
5 0.225955 0.855255 0.005040 0.003590
5 0.214511 0.864719 0.002310 0.005548
5 0.201386 0.857539 0.005460 0.002937
5 0.200546 0.860803 0.005040 0.002937
5 0.200651 0.863414 0.004830 0.002285
5 0.200546 0.865535 0.004620 0.003264
5 0.204956 0.852154 0.005040 0.003264
5 0.217766 0.865535 0.002100 0.005222
5 0.217871 0.860313 0.002730 0.005222
5 0.222806 0.860313 0.002520 0.005222
5 0.225221 0.865209 0.002310 0.005222
5 0.238030 0.866678 0.002730 0.005548
5 0.230260 0.860966 0.002730 0.005875
5 0.227845 0.860640 0.002100 0.004569
5 0.235615 0.860966 0.002520 0.005222
5 0.235300 0.866678 0.002730 0.005548
5 0.240235 0.861456 0.002940 0.005548
5 0.250105 0.850359 0.002520 0.004896
5 0.262075 0.851012 0.002100 0.004896
5 0.254620 0.853460 0.005250 0.002611
5 0.248635 0.856234 0.002520 0.004896
5 0.253780 0.862435 0.002310 0.004896
5 0.252835 0.867657 0.002100 0.005548
5 0.293784 0.868309 0.003360 0.002285
5 0.022680 0.840405 0.005880 0.003264
5 0.047984 0.833225 0.005250 0.003264
5 0.075388 0.831593 0.005040 0.003264
5 0.044519 0.828329 0.005460 0.003916
48 0.062159 0.815764 0.004620 0.006854
48 0.044414 0.818375 0.012390 0.015339
48 0.076438 0.820170 0.010500 0.020235
48 0.017325 0.821802 0.015330 0.020888
48 0.034229 0.826534 0.008400 0.008812
48 0.069194 0.801567 0.004410 0.005222
48 0.087148 0.823433 0.007140 0.009791
48 0.085573 0.808584 0.008610 0.019909
48 0.116968 0.812500 0.008820 0.011423
48 0.103003 0.819680 0.017010 0.016645
5 0.105208 0.810705 0.005460 0.003264
5 0.098173 0.800587 0.003150 0.005222
5 0.100063 0.802709 0.004410 0.005548
5 0.102058 0.804341 0.003780 0.004243
48 0.114658 0.818375 0.005880 0.006201
5 0.126837 0.805809 0.003780 0.003264
5 0.132402 0.804504 0.004410 0.003916
48 0.016905 0.799935 0.007770 0.010444
48 0.035909 0.797161 0.024360 0.020561
48 0.057854 0.785248 0.018690 0.019582
5 0.042524 0.787206 0.003570 0.003916
5 0.016485 0.776599 0.004410 0.002937
5 0.011340 0.772520 0.005040 0.003264
5 0.012705 0.767298 0.004410 0.003264
48 0.022260 0.783779 0.016380 0.019256
48 0.035279 0.765829 0.019320 0.023172
5 0.037484 0.750653 0.003990 0.003916
5 0.039794 0.748042 0.003990 0.003916
5 0.014175 0.738577 0.003990 0.003916
5 0.011340 0.729112 0.005040 0.004569
5 0.009870 0.735640 0.004200 0.003916
5 0.148572 0.829634 0.006930 0.004569
11 0.168102 0.822128 0.016590 0.009791
5 0.157602 0.807278 0.002730 0.005548
5 0.159912 0.807278 0.002310 0.004896
5 0.162747 0.807441 0.002520 0.004569
5 0.165372 0.808094 0.001890 0.004569
5 0.167787 0.808747 0.002520 0.004569
5 0.185006 0.819517 0.005460 0.003916
5 0.221231 0.831756 0.005670 0.003590
5 0.207791 0.823433 0.004830 0.003264
5 0.254620 0.833061 0.004830 0.003590
5 0.638177 0.752121 0.003780 0.004243
5 0.640907 0.748042 0.004200 0.005222
5 0.643637 0.743309 0.003360 0.004243
5 0.648782 0.734661 0.003570 0.004569
5 0.656237 0.722422 0.002940 0.004243
5 0.658652 0.718179 0.003150 0.004243
5 0.653192 0.697781 0.005250 0.004569
5 0.402982 0.846116 0.003780 0.002937
9 0.364973 0.849543 0.003780 0.006527
5 0.380932 0.856234 0.005040 0.003590
5 0.388492 0.853949 0.005040 0.003590
5 0.683326 0.439132 0.002940 0.004896
5 0.685846 0.455450 0.005460 0.002937
5 0.686266 0.457898 0.004200 0.002611
5 0.687316 0.461978 0.004620 0.002937
5 0.686056 0.464752 0.005880 0.002611
5 0.698341 0.457735 0.002730 0.005548
5 0.695611 0.457735 0.002310 0.004896
5 0.692881 0.456756 0.002730 0.004896
5 0.703066 0.474054 0.002520 0.005548
9 0.752205 0.472585 0.005880 0.003264
48 0.729315 0.469484 0.060059 0.033616
6 0.536329 0.806789 0.005880 0.005875
5 0.524779 0.808747 0.002520 0.004569
5 0.521000 0.798629 0.004200 0.003916
5 0.517430 0.795366 0.004200 0.004569
5 0.513335 0.791775 0.004830 0.004569
5 0.507560 0.786390 0.003360 0.004243
5 0.503675 0.783616 0.003990 0.004569
5 0.487400 0.796508 0.002940 0.004896
48 0.500315 0.810868 0.029609 0.018603
48 0.474066 0.810705 0.019110 0.022846
48 0.450126 0.819354 0.019530 0.015339
5 0.441936 0.812663 0.004830 0.004569
5 0.429441 0.802546 0.003360 0.005222
5 0.430701 0.793081 0.003780 0.005875
5 0.433326 0.792102 0.002730 0.005222
48 0.450966 0.796018 0.017430 0.027415
48 0.430071 0.820496 0.013020 0.017624
48 0.421777 0.803362 0.016170 0.021867
48 0.396472 0.834856 0.011760 0.015013
48 0.393847 0.824413 0.011550 0.013708
48 0.405397 0.830124 0.015750 0.019256
48 0.377887 0.837467 0.021630 0.020235
48 0.368333 0.821802 0.013440 0.017624
5 0.407392 0.817396 0.002520 0.004896
48 0.418627 0.820822 0.018690 0.030679
48 0.169362 0.264197 0.007770 0.008159
48 0.169362 0.367820 0.010710 0.011749
9 0.176396 0.368473 0.004620 0.003916
48 0.178496 0.378264 0.014700 0.013708
5 0.713671 0.543734 0.003990 0.003916
5 0.715246 0.540144 0.004200 0.004569
9 0.703066 0.538838 0.007560 0.003916
5 0.549454 0.889034 0.002310 0.005875
5 0.552079 0.889034 0.002100 0.004569
5 0.627047 0.883159 0.004620 0.003916
5 0.283599 0.814621 0.001890 0.005222
5 0.283809 0.806952 0.002310 0.005548
48 0.291369 0.809073 0.015750 0.027415
5 0.279189 0.838610 0.005670 0.004243
5 0.304389 0.828819 0.002310 0.005548
5 0.307224 0.801403 0.005040 0.004896
5 0.307854 0.799282 0.004620 0.003916
5 0.309639 0.796997 0.004830 0.003264
48 0.321714 0.816580 0.034859 0.052872
5 0.340403 0.813969 0.002100 0.005222
5 0.342923 0.826044 0.002520 0.005875
5 0.347858 0.826371 0.002730 0.005875
9 0.339353 0.834204 0.002940 0.006527
5 0.338303 0.844321 0.002100 0.005222
5 0.340823 0.844811 0.002520 0.005548
5 0.343343 0.844974 0.002100 0.005222
5 0.345758 0.845137 0.001890 0.006201
5 0.348383 0.845137 0.002520 0.006201
5 0.350903 0.845463 0.002100 0.005548
5 0.353213 0.845137 0.002100 0.004896
9 0.355943 0.845300 0.002520 0.006527
5 0.344603 0.833388 0.002520 0.005548
5 0.347228 0.833388 0.002310 0.006201
5 0.350063 0.833551 0.002100 0.006527
5 0.352478 0.833714 0.002730 0.005548
5 0.355208 0.833714 0.003150 0.005548
5 0.347333 0.814621 0.003360 0.005222
5 0.349433 0.813805 0.003360 0.004896
5 0.347753 0.809726 0.002940 0.004569
5 0.345653 0.805157 0.004200 0.006527
5 0.252625 0.797324 0.002940 0.006527
5 0.253360 0.791286 0.003570 0.006854
53 0.061949 0.961651 0.005460 0.011423
48 0.020160 0.703003 0.021840 0.021540
48 0.051449 0.702839 0.021000 0.019256
48 0.060164 0.725196 0.015330 0.017624
48 0.074969 0.735476 0.015120 0.016645
48 0.082318 0.739556 0.014280 0.017624
48 0.089353 0.743962 0.014070 0.017950
5 0.090193 0.717689 0.003570 0.003916
5 0.100588 0.724543 0.004620 0.004569
48 0.107938 0.718179 0.015120 0.015992
48 0.100588 0.714262 0.013860 0.015992
48 0.093238 0.709693 0.013860 0.016645
48 0.085468 0.704471 0.015120 0.015339
48 0.077593 0.700065 0.014490 0.015013
48 0.125052 0.707245 0.005670 0.008486
5 0.123688 0.646214 0.004620 0.005222
5 0.128307 0.648988 0.004200 0.004243
5 0.168732 0.669060 0.004830 0.004569
5 0.174402 0.672161 0.004410 0.004243
48 0.167787 0.700881 0.022680 0.034269
48 0.845443 0.880385 0.014700 0.017298
5 0.179021 0.724543 0.002310 0.004569
5 0.179441 0.718995 0.002310 0.005875
5 0.180176 0.713773 0.002520 0.005222
6 0.056069 0.638218 0.005880 0.002937
5 0.089668 0.640666 0.004620 0.003264
5 0.095653 0.640666 0.004830 0.001958
4 0.045464 0.643929 0.003990 0.002611
48 0.012390 0.658453 0.009240 0.015992
48 0.021000 0.658290 0.010080 0.016319
48 0.030029 0.658453 0.009660 0.016645
48 0.046934 0.656495 0.013230 0.016645
48 0.058274 0.656495 0.009030 0.017298
48 0.067514 0.656168 0.009870 0.016645
48 0.076333 0.656168 0.009030 0.014687
48 0.085258 0.655352 0.010080 0.015013
5 0.018270 0.634791 0.002100 0.003916
5 0.021840 0.634465 0.001680 0.003264
5 0.036854 0.634628 0.002310 0.003590
48 0.014805 0.625816 0.009450 0.014687
48 0.023940 0.625816 0.009240 0.014687
48 0.033179 0.624347 0.009240 0.016319
48 0.042314 0.624674 0.009450 0.016319
48 0.062054 0.622879 0.009450 0.015992
48 0.071189 0.623858 0.008820 0.015992
48 0.079798 0.622389 0.008400 0.016319
48 0.088723 0.622715 0.009450 0.016319
48 0.097858 0.622715 0.008400 0.014360
5 0.193826 0.676240 0.002100 0.005875
9 0.183221 0.634954 0.005670 0.006201
5 0.188261 0.634628 0.002310 0.004243
5 0.196241 0.635770 0.002730 0.005222
5 0.198866 0.636913 0.002520 0.006854
48 0.189521 0.656332 0.021630 0.033290
5 0.206951 0.663185 0.002730 0.006527
5 0.205481 0.675751 0.002310 0.006201
5 0.204851 0.680973 0.002730 0.006201
5 0.190571 0.693211 0.002730 0.005222
6 0.172407 0.737108 0.005040 0.004243
5 0.171357 0.741841 0.004620 0.003264
5 0.191831 0.737598 0.002730 0.006527
5 0.194666 0.737435 0.002100 0.004896
5 0.201491 0.738740 0.002730 0.005548
5 0.204536 0.739067 0.002100 0.005548
5 0.204011 0.749347 0.002310 0.004569
9 0.206951 0.749510 0.002730 0.007507
4 0.188786 0.747715 0.002100 0.005222
4 0.177551 0.746736 0.001890 0.003916
5 0.180176 0.746899 0.002100 0.004896
5 0.182486 0.747389 0.002520 0.004569
5 0.185111 0.747063 0.001890 0.003916
48 0.198341 0.716710 0.022470 0.033943
48 0.222596 0.708877 0.010500 0.008486
48 0.220601 0.722911 0.009450 0.009791
48 0.218606 0.738577 0.009660 0.009138
48 0.216611 0.752448 0.009030 0.010117
48 0.215561 0.745268 0.004830 0.009465
6 0.232360 0.704634 0.004830 0.003264
48 0.239605 0.720300 0.015120 0.024804
4 0.226900 0.755875 0.004830 0.004569
5 0.227530 0.752774 0.003570 0.003590
5 0.227950 0.749347 0.003150 0.004569
5 0.228265 0.740862 0.004200 0.005222
6 0.227425 0.744125 0.004200 0.005222
48 0.235930 0.749347 0.014910 0.026110
5 0.251155 0.737598 0.004620 0.003916
5 0.259030 0.756691 0.002730 0.005548
5 0.263545 0.755385 0.002100 0.005548
5 0.231730 0.792755 0.002310 0.006527
48 0.225325 0.786390 0.013440 0.024478
9 0.163902 0.766971 0.003150 0.007180
5 0.160962 0.773336 0.003990 0.004243
5 0.163062 0.774478 0.003570 0.004569
4 0.166842 0.775294 0.004830 0.004243
5 0.169467 0.776110 0.005040 0.003916
5 0.173142 0.777089 0.003990 0.002611
5 0.167787 0.769582 0.002940 0.003264
4 0.170727 0.769909 0.002520 0.002611
4 0.174612 0.770888 0.003570 0.003264
4 0.182066 0.771704 0.002940 0.002937
9 0.187736 0.777905 0.003780 0.007507
9 0.181646 0.789164 0.005460 0.003264
9 0.187316 0.788512 0.002520 0.005875
48 0.189206 0.803688 0.028979 0.021214
48 0.164427 0.786880 0.030239 0.022846
48 0.176816 0.761749 0.021000 0.022193
48 0.197501 0.763055 0.025409 0.019582
48 0.197501 0.783290 0.019950 0.027415
9 0.279084 0.796018 0.002520 0.005222
9 0.280029 0.790470 0.002310 0.006527
5 0.280869 0.782800 0.002310 0.004896
5 0.300609 0.795366 0.003570 0.003916
5 0.302604 0.792755 0.004620 0.003264
6 0.302604 0.788022 0.005460 0.004243
5 0.303129 0.785411 0.004410 0.002285
48 0.332528 0.777578 0.035489 0.038185
48 0.355523 0.778557 0.015120 0.019256
48 0.389227 0.755548 0.012390 0.018277
48 0.394057 0.776436 0.014910 0.011097
5 0.400987 0.783290 0.003990 0.003264
48 0.400147 0.815764 0.011130 0.013381
48 0.273625 0.757017 0.034439 0.125653
48 0.326228 0.727317 0.043889 0.019256
48 0.308799 0.738903 0.014070 0.016971
5 0.329903 0.701371 0.003360 0.005222
48 0.330218 0.694027 0.038009 0.025131
48 0.221756 0.609497 0.022260 0.037533
48 0.246220 0.613740 0.021630 0.032311
48 0.219761 0.674282 0.022050 0.036554
5 0.204326 0.617493 0.002940 0.005875
5 0.195716 0.615209 0.003780 0.003916
5 0.200651 0.603133 0.004410 0.003916
5 0.203591 0.596769 0.003990 0.002937
5 0.207896 0.625326 0.002520 0.006527
5 0.210731 0.625653 0.001890 0.005222
5 0.212726 0.625816 0.002520 0.004896
5 0.224906 0.639197 0.002520 0.005548
5 0.212516 0.637565 0.002520 0.005548
5 0.214931 0.637239 0.002310 0.004896
5 0.217241 0.637239 0.001890 0.003590
5 0.219761 0.638055 0.002310 0.004569
5 0.174402 0.632996 0.004410 0.006201
48 0.179021 0.632343 0.008610 0.008812
48 0.139122 0.673140 0.015330 0.018603
48 0.109513 0.654537 0.015330 0.020561
48 0.116443 0.660411 0.014910 0.018603
48 0.124318 0.664817 0.013440 0.018277
48 0.131667 0.668571 0.014280 0.018603
48 0.135027 0.632833 0.014700 0.014360
48 0.143007 0.637565 0.014700 0.017950
48 0.150567 0.642461 0.014280 0.016645
48 0.157917 0.646377 0.015120 0.017298
48 0.145107 0.609334 0.013440 0.015013
48 0.124318 0.603460 0.010920 0.012402
48 0.117703 0.609008 0.016590 0.016971
5 0.139752 0.582409 0.002730 0.006201
5 0.128832 0.546345 0.005250 0.003916
5 0.119278 0.548140 0.005040 0.003590
48 0.109303 0.463936 0.011130 0.015339
5 0.116443 0.460672 0.004410 0.004243
48 0.146997 0.512565 0.006300 0.008159
5 0.020790 0.546834 0.005040 0.003590
5 0.049979 0.538185 0.005460 0.003264
5 0.062159 0.537369 0.004200 0.002285
6 0.071819 0.541612 0.005880 0.003590
5 0.090088 0.542755 0.004200 0.003264
5 0.096388 0.543244 0.004620 0.002937
48 0.011970 0.562500 0.011760 0.015339
48 0.020790 0.561521 0.011340 0.015992
48 0.029084 0.559399 0.011550 0.016319
48 0.038219 0.558094 0.011760 0.015666
48 0.057434 0.555320 0.009870 0.015992
48 0.067094 0.555809 0.009450 0.015666
48 0.076123 0.556299 0.008610 0.014687
48 0.084943 0.556299 0.009450 0.014687
48 0.014280 0.530516 0.011340 0.015992
48 0.022890 0.528557 0.011340 0.015992
48 0.031709 0.527089 0.010920 0.014360
48 0.052079 0.524151 0.009240 0.015013
48 0.061214 0.525294 0.009030 0.015339
48 0.070244 0.524641 0.008610 0.014034
48 0.079063 0.523988 0.008610 0.014687
48 0.087778 0.523988 0.008820 0.014034
48 0.108043 0.527089 0.011970 0.015013
48 0.116128 0.529373 0.011340 0.016319
48 0.125052 0.531658 0.011970 0.015666
48 0.133872 0.534759 0.012390 0.015339
48 0.141852 0.536227 0.011970 0.015666
48 0.105313 0.559073 0.011130 0.015013
48 0.113923 0.561358 0.012390 0.016971
48 0.122323 0.563805 0.011970 0.015992
48 0.130617 0.565927 0.011760 0.016319
5 0.114658 0.547976 0.002940 0.006527
5 0.113398 0.538022 0.002940 0.004243
5 0.167157 0.570333 0.003360 0.005548
48 0.160542 0.544550 0.011970 0.015339
48 0.168837 0.547487 0.013020 0.015992
48 0.177341 0.551240 0.011970 0.015013
48 0.185741 0.554014 0.012390 0.015992
48 0.189521 0.544713 0.008610 0.009138
48 0.180911 0.542102 0.009030 0.009791
48 0.172722 0.539328 0.008190 0.007507
48 0.157707 0.577187 0.013020 0.017298
48 0.166107 0.580777 0.012600 0.019256
48 0.174192 0.583877 0.012390 0.017624
48 0.182906 0.587304 0.012600 0.017298
48 0.190571 0.590568 0.011970 0.016645
48 0.152667 0.591221 0.007560 0.011423
48 0.191516 0.605744 0.005460 0.007833
48 0.244435 0.679014 0.015960 0.017950
5 0.258715 0.661390 0.002940 0.006201
48 0.255460 0.643114 0.014910 0.017298
48 0.266800 0.663185 0.014070 0.016971
48 0.269740 0.647193 0.015750 0.020235
5 0.281814 0.656332 0.002940 0.005222
48 0.210626 0.742983 0.014280 0.015339
51 0.683221 0.830124 0.047249 0.050587
5 0.286329 0.640339 0.003150 0.005875
5 0.291999 0.664654 0.003150 0.005548
5 0.294204 0.665796 0.002940 0.006527
5 0.296199 0.665633 0.003150 0.005548
48 0.254515 0.655352 0.008400 0.011749
48 0.248110 0.665307 0.010710 0.009465
48 0.284229 0.691090 0.017430 0.009465
5 0.316884 0.655842 0.004200 0.004896
5 0.319929 0.660085 0.003570 0.005548
5 0.322869 0.664164 0.003570 0.005222
5 0.326753 0.667918 0.004200 0.006854
5 0.332213 0.673792 0.003780 0.005548
5 0.335678 0.676567 0.004410 0.005875
5 0.342608 0.680320 0.004830 0.004896
48 0.350378 0.671018 0.014070 0.017624
48 0.335573 0.662206 0.010500 0.013708
5 0.302289 0.594648 0.002310 0.005875
5 0.302499 0.600033 0.002730 0.006854
5 0.305019 0.619778 0.004410 0.005875
48 0.312789 0.631854 0.016170 0.022193
48 0.326018 0.645888 0.014070 0.013708
48 0.318249 0.616351 0.012810 0.014034
48 0.328958 0.624837 0.018690 0.017950
48 0.312264 0.600033 0.015960 0.019909
48 0.363188 0.676240 0.017850 0.018930
48 0.373058 0.681136 0.010290 0.014360
48 0.385132 0.716710 0.011760 0.015666
48 0.405712 0.743473 0.012180 0.015013
48 0.412642 0.771214 0.015960 0.027415
5 0.436371 0.791775 0.003360 0.005222
48 0.431226 0.783290 0.040529 0.024804
48 0.440466 0.768440 0.009450 0.010117
5 0.481625 0.765339 0.003990 0.005222
5 0.485300 0.768440 0.004200 0.005548
5 0.489290 0.771867 0.004200 0.005222
48 0.476375 0.773988 0.016590 0.019909
48 0.496010 0.787859 0.026039 0.025457
48 0.509555 0.798466 0.016590 0.014687
48 0.466506 0.783943 0.019530 0.012402
48 0.436056 0.742330 0.014070 0.020561
48 0.414637 0.731560 0.014070 0.015992
48 0.421777 0.737598 0.011970 0.012402
5 0.466086 0.739556 0.004410 0.007180
48 0.477845 0.738414 0.016590 0.019256
5 0.459261 0.722585 0.002940 0.004569
48 0.374842 0.663185 0.021000 0.016319
5 0.389437 0.673466 0.004830 0.004243
5 0.403297 0.668571 0.004410 0.005548
5 0.399517 0.537533 0.002310 0.005875
5 0.402562 0.537533 0.002100 0.005222
5 0.396052 0.536880 0.002100 0.005222
5 0.405502 0.538512 0.002520 0.005875
5 0.376102 0.526926 0.004620 0.003590
5 0.375577 0.530352 0.004830 0.003264
5 0.375577 0.532800 0.004830 0.002937
5 0.375053 0.535574 0.005040 0.003264
5 0.374318 0.538349 0.004410 0.002285
5 0.374003 0.541123 0.004620 0.003264
5 0.374003 0.546834 0.002100 0.005548
5 0.376312 0.546997 0.001680 0.004569
5 0.386917 0.549608 0.002730 0.005222
5 0.378832 0.547813 0.002520 0.005548
5 0.381667 0.548303 0.002310 0.005222
5 0.384187 0.549282 0.001890 0.004569
5 0.389647 0.550098 0.002310 0.005548
5 0.392482 0.550751 0.002940 0.004896
5 0.395527 0.551240 0.002730 0.005222
5 0.399202 0.551240 0.002520 0.005875
5 0.401932 0.551567 0.002520 0.005222
5 0.406447 0.552709 0.001890 0.005548
5 0.408862 0.554830 0.002100 0.005222
5 0.411592 0.554667 0.002100 0.004243
5 0.413797 0.555320 0.002310 0.004896
5 0.416317 0.555646 0.001890 0.004243
5 0.419152 0.555483 0.002100 0.004569
5 0.421882 0.555646 0.002940 0.004896
5 0.424507 0.555646 0.002310 0.005548
5 0.431856 0.557768 0.003570 0.005222
5 0.396262 0.524151 0.002100 0.005875
5 0.388072 0.523172 0.002100 0.005222
5 0.385342 0.522030 0.002100 0.004896
5 0.390697 0.523662 0.002310 0.006201
5 0.393427 0.523499 0.002310 0.005875
5 0.399832 0.525620 0.002100 0.005548
5 0.402457 0.526436 0.002310 0.006527
5 0.406552 0.527578 0.002520 0.005548
5 0.380092 0.521540 0.002940 0.005875
5 0.443406 0.560542 0.002310 0.004896
5 0.445716 0.560542 0.002310 0.004243
5 0.448551 0.561031 0.002100 0.003916
5 0.451071 0.562010 0.002100 0.003916
5 0.453486 0.562174 0.001890 0.004243
5 0.455586 0.562663 0.002310 0.005222
5 0.457896 0.563316 0.002310 0.005222
5 0.460311 0.563642 0.002100 0.005222
5 0.462726 0.564132 0.002310 0.006201
5 0.465351 0.564948 0.002940 0.005875
5 0.467556 0.564621 0.002730 0.005222
5 0.470076 0.565274 0.002310 0.005222
5 0.472386 0.565927 0.002730 0.005875
5 0.474696 0.566416 0.002730 0.005548
5 0.477215 0.567396 0.002730 0.005548
48 0.498740 0.554667 0.036539 0.026436
5 0.446031 0.585183 0.002100 0.005222
48 0.472701 0.576208 0.020160 0.014687
5 0.462201 0.601501 0.004200 0.004569
48 0.466716 0.597911 0.008610 0.011097
5 0.488450 0.613903 0.004620 0.005222
48 0.481415 0.604275 0.017850 0.016645
48 0.513125 0.585509 0.012390 0.014360
9 0.491705 0.570333 0.003570 0.005548
5 0.494855 0.570659 0.002730 0.004243
5 0.496955 0.571638 0.002310 0.005548
5 0.499370 0.572291 0.002100 0.004896
5 0.501890 0.572781 0.002520 0.005222
5 0.504620 0.573107 0.002100 0.005875
5 0.507245 0.573433 0.002310 0.005222
5 0.432486 0.593342 0.005250 0.003916
5 0.442671 0.598564 0.004620 0.005222
5 0.453486 0.597422 0.004410 0.003590
5 0.453171 0.603786 0.005040 0.003264
5 0.499265 0.618962 0.004830 0.004243
5 0.524045 0.606886 0.003570 0.004243
5 0.526564 0.601012 0.003150 0.004896
5 0.532969 0.587957 0.002520 0.004896
5 0.535069 0.583225 0.002520 0.005875
48 0.553444 0.593505 0.017010 0.016645
5 0.572764 0.577513 0.003990 0.004243
5 0.583578 0.579471 0.004200 0.003590
5 0.556069 0.646540 0.005040 0.004569
5 0.569509 0.659106 0.005040 0.004243
5 0.504620 0.657963 0.004200 0.005875
48 0.426711 0.598401 0.017220 0.016645
5 0.406657 0.617167 0.003150 0.006527
48 0.416212 0.619778 0.018060 0.015666
48 0.419047 0.610803 0.017430 0.014687
48 0.436056 0.619289 0.018690 0.021214
48 0.449601 0.624184 0.012600 0.015992
48 0.473016 0.621410 0.019110 0.024804
48 0.500630 0.632507 0.017220 0.015666
4 0.505565 0.643766 0.003990 0.006201
5 0.498740 0.658127 0.003780 0.004896
48 0.498845 0.646214 0.009030 0.011097
48 0.522155 0.642624 0.014490 0.013708
48 0.516590 0.652741 0.014280 0.011097
48 0.511655 0.659432 0.012390 0.014034
48 0.527824 0.627121 0.013650 0.014034
48 0.490340 0.580124 0.014700 0.014034
48 0.487925 0.589752 0.015750 0.011749
48 0.497795 0.601828 0.020370 0.016971
48 0.443511 0.579961 0.032339 0.035248
48 0.409387 0.571312 0.034229 0.029047
5 0.399937 0.608845 0.003990 0.003590
48 0.385867 0.609497 0.024570 0.014687
48 0.394267 0.591057 0.032129 0.020235
48 0.372953 0.620431 0.019320 0.016971
5 0.348278 0.601828 0.004830 0.005222
5 0.443196 0.797650 0.005250 0.005222
5 0.444456 0.801730 0.004830 0.004243
5 0.446346 0.807441 0.005250 0.005222
48 0.568039 0.664654 0.016380 0.016645
4 0.570244 0.643277 0.004830 0.006527
5 0.573709 0.636260 0.004200 0.006854
5 0.577908 0.627611 0.004200 0.006527
4 0.583788 0.615209 0.004200 0.005222
4 0.585783 0.610476 0.003990 0.005548
5 0.635342 0.627448 0.003990 0.006201
5 0.626103 0.645235 0.003990 0.005222
4 0.624003 0.649967 0.003990 0.005548
48 0.590613 0.618309 0.014070 0.015339
48 0.600798 0.602970 0.018900 0.015339
5 0.584103 0.642298 0.004410 0.005222
48 0.585783 0.630059 0.014490 0.015339
48 0.564679 0.629896 0.010500 0.013055
4 0.566779 0.652089 0.005040 0.004569
48 0.576228 0.650131 0.015120 0.015013
48 0.608988 0.664001 0.015960 0.016645
48 0.596913 0.660085 0.012390 0.012076
48 0.605103 0.629569 0.015330 0.012402
48 0.618228 0.646704 0.014280 0.014687
48 0.625997 0.630548 0.015960 0.018930
48 0.623058 0.702350 0.025619 0.023499
48 0.548404 0.655516 0.016170 0.014034
48 0.541054 0.665144 0.013230 0.011097
48 0.559219 0.639034 0.015540 0.016971
4 0.547354 0.572291 0.004410 0.003590
4 0.519005 0.566743 0.004410 0.003590
5 0.524675 0.568701 0.003150 0.002285
5 0.541264 0.571149 0.003570 0.003916
5 0.534544 0.570170 0.002310 0.003264
48 0.384817 0.629080 0.014910 0.016645
48 0.331163 0.556789 0.012180 0.020235
5 0.335573 0.574413 0.004200 0.004569
5 0.328328 0.586815 0.016590 0.018930
5 0.320034 0.571802 0.007980 0.009138
48 0.303864 0.528884 0.014280 0.015992
5 0.265330 0.494615 0.002730 0.005548
5 0.262705 0.505711 0.003780 0.003590
5 0.277089 0.507180 0.003570 0.005875
5 0.274255 0.501958 0.004200 0.005875
5 0.264910 0.500816 0.003570 0.003590
5 0.263230 0.503101 0.003150 0.002937
5 0.271105 0.562010 0.003360 0.004569
48 0.287799 0.581103 0.010710 0.020561
48 0.300504 0.557115 0.010500 0.013708
48 0.309114 0.574249 0.019740 0.017298
48 0.305439 0.583551 0.007350 0.011749
48 0.311844 0.535901 0.014280 0.015666
5 0.221021 0.487435 0.002730 0.006201
48 0.264700 0.523172 0.014490 0.017624
48 0.278559 0.537696 0.010710 0.014034
48 0.277404 0.524151 0.011760 0.018930
5 0.215141 0.493146 0.003570 0.005222
48 0.243910 0.495431 0.035909 0.028068
48 0.245485 0.511260 0.016800 0.019909
48 0.234355 0.506201 0.015960 0.019582
48 0.163377 0.475033 0.014700 0.016645
48 0.176396 0.479602 0.013440 0.015992
48 0.190991 0.484008 0.022470 0.021540
48 0.152037 0.474217 0.011340 0.014360
48 0.129882 0.468995 0.007770 0.011749
5 0.006300 0.444027 0.002520 0.004896
48 0.016380 0.460509 0.015960 0.011749
48 0.029714 0.461651 0.011970 0.014034
48 0.040529 0.452024 0.011760 0.013708
48 0.056384 0.450228 0.010290 0.015992
48 0.072029 0.455614 0.010500 0.011749
48 0.093028 0.458877 0.021420 0.015013
48 0.092608 0.417591 0.012180 0.012728
5 0.208526 0.582735 0.004200 0.004896
5 0.210626 0.576371 0.004200 0.003916
48 0.397837 0.681462 0.017010 0.017624
48 0.383767 0.682278 0.017430 0.024478
48 0.335153 0.593342 0.012600 0.014360
48 0.339563 0.599054 0.013020 0.012076
48 0.322449 0.546345 0.017850 0.016971
48 0.362348 0.574902 0.005670 0.006201
48 0.344393 0.552056 0.013860 0.007507
48 0.339563 0.547161 0.005040 0.006201
48 0.339563 0.612108 0.015540 0.014687
48 0.340088 0.641155 0.016590 0.014687
48 0.351428 0.619941 0.014070 0.015992
48 0.364868 0.636586 0.013650 0.019909
48 0.360878 0.649967 0.016170 0.017950
48 0.375787 0.645235 0.022470 0.020235
5 0.380722 0.641319 0.004200 0.003916
5 0.351218 0.643766 0.010710 0.014687
48 0.389122 0.662206 0.011760 0.021540
48 0.396367 0.665470 0.012810 0.018277
5 0.415687 0.601175 0.003150 0.005222
48 0.464196 0.632343 0.012810 0.012728
48 0.473331 0.639524 0.013860 0.016645
48 0.465141 0.649804 0.017220 0.018277
48 0.463461 0.662043 0.010920 0.010117
48 0.409072 0.646540 0.013860 0.017624
48 0.411382 0.629896 0.018480 0.015666
48 0.424087 0.638544 0.014070 0.017950
4 0.413377 0.668897 0.004830 0.002937
48 0.415267 0.660411 0.013650 0.015992
48 0.444981 0.716384 0.024780 0.023499
48 0.419782 0.687337 0.020160 0.028068
48 0.563314 0.760933 0.030029 0.029700
48 0.521735 0.785574 0.014070 0.015013
48 0.512285 0.772846 0.021210 0.017624
48 0.531814 0.789817 0.020370 0.017624
48 0.541369 0.800914 0.024360 0.026762
48 0.567094 0.788022 0.022470 0.025783
48 0.572029 0.809889 0.018060 0.014687
48 0.587568 0.802546 0.017640 0.023499
48 0.601323 0.783943 0.022470 0.022846
48 0.596703 0.762565 0.026669 0.021214
48 0.612663 0.765829 0.019110 0.025131
48 0.591768 0.729112 0.044519 0.062663
48 0.647837 0.710836 0.028979 0.026762
5 0.594078 0.750653 0.003780 0.003916
9 0.599013 0.750653 0.006930 0.009138
9 0.603213 0.752121 0.005250 0.008159
9 0.593868 0.747715 0.005460 0.002611
9 0.624108 0.747879 0.006300 0.004896
9 0.625472 0.744452 0.004830 0.004569
48 0.872848 0.786064 0.022050 0.029700
9 0.629567 0.736945 0.004200 0.003916
5 0.631352 0.734497 0.003570 0.003590
5 0.632822 0.732702 0.003150 0.003264
5 0.634397 0.730091 0.003360 0.002611
5 0.636182 0.727480 0.003570 0.003264
9 0.635867 0.720463 0.006720 0.008159
48 0.596913 0.678362 0.020370 0.017298
48 0.578538 0.677056 0.014700 0.015992
48 0.435426 0.645398 0.017850 0.025783
48 0.615918 0.620431 0.013020 0.011097
48 0.238660 0.892787 0.072029 0.037533
53 0.263020 0.861456 0.034229 0.024478
53 0.215561 0.856723 0.059849 0.024804
53 0.189626 0.895235 0.016380 0.052872
53 0.319509 0.887402 0.014910 0.043081
53 0.291369 0.882833 0.009030 0.035248
53 0.345023 0.820333 0.010500 0.016645
53 0.347228 0.839589 0.019530 0.018603
53 0.661592 0.896704 0.017010 0.031658
53 0.627782 0.945822 0.012810 0.039164
53 0.311424 0.976991 0.008400 0.038185
53 0.226585 0.955450 0.006720 0.045366
53 0.048509 0.927872 0.018480 0.029373
53 0.068354 0.977154 0.017010 0.043734
53 0.403297 0.539001 0.061109 0.042755
53 0.459891 0.563642 0.034859 0.009791
53 0.498635 0.570333 0.022050 0.009465
53 0.685846 0.459204 0.007140 0.013708
53 0.694876 0.457082 0.008400 0.006854
53 0.601638 0.870757 0.013020 0.005875
53 0.614868 0.873858 0.013020 0.006201
53 0.622218 0.887076 0.013020 0.017624
53 0.754410 0.940927 0.007350 0.007833
53 0.757875 0.934236 0.005040 0.006201
53 0.690886 0.982866 0.017220 0.017950
53 0.168942 0.773172 0.016590 0.009138
53 0.184691 0.781495 0.008190 0.019256
53 0.162012 0.806462 0.014490 0.009138
53 0.205481 0.632343 0.043049 0.015992
53 0.199706 0.614719 0.013020 0.014034
53 0.203486 0.600359 0.011340 0.014034
53 0.208106 0.584040 0.009660 0.019256
19 0.447921 0.499021 0.010920 0.005875
5 0.313314 0.005875 0.004200 0.003264
48 0.585153 0.293244 0.005670 0.004896
47 0.174927 0.357539 0.004620 0.002937
47 0.183746 0.391645 0.004200 0.004569
48 0.062264 0.460183 0.006090 0.008486
48 0.068564 0.447618 0.011130 0.006854
47 0.104893 0.513055 0.008610 0.006527
48 0.174087 0.463446 0.007560 0.009138
48 0.281919 0.499837 0.007770 0.008812
48 0.285804 0.505222 0.008400 0.010444
48 0.288219 0.510933 0.008190 0.007507
48 0.297564 0.506364 0.010500 0.007507
48 0.343343 0.523988 0.021420 0.015339
48 0.329798 0.523172 0.006090 0.008486
48 0.323079 0.522356 0.008610 0.009465
48 0.313104 0.518929 0.012180 0.010444
48 0.347438 0.559889 0.013650 0.007507
48 0.311214 0.561521 0.007980 0.007507
5 0.339143 0.578982 0.004620 0.005222
50 0.360248 0.601664 0.011130 0.011423
48 0.272995 0.565274 0.008820 0.009138
48 0.286749 0.559236 0.006090 0.005548
48 0.278664 0.552219 0.015960 0.016971
48 0.199181 0.558094 0.008190 0.007833
47 0.047984 0.494289 0.004830 0.004243
47 0.040424 0.495104 0.004830 0.005875
47 0.030974 0.472095 0.004410 0.005548
47 0.019215 0.494452 0.004410 0.006527
48 0.021630 0.469648 0.008400 0.005875
47 0.108778 0.476175 0.006300 0.004569
48 0.162957 0.487435 0.007140 0.008159
48 0.214091 0.505222 0.006930 0.009791
48 0.219761 0.509954 0.006510 0.008812
48 0.220811 0.501795 0.011130 0.014687
48 0.571084 0.567396 0.009870 0.009465
48 0.548614 0.568048 0.009030 0.006854
47 0.595443 0.578329 0.005670 0.005875
48 0.668627 0.592689 0.006300 0.007833
5 0.006930 0.470137 0.003780 0.006854
42 0.123583 0.866188 0.009870 0.003916
19 0.388072 0.487272 0.010500 0.005222
19 0.400147 0.489882 0.009870 0.004569
19 0.412222 0.492657 0.009660 0.004243
19 0.424087 0.494778 0.009450 0.003916
19 0.436056 0.497226 0.010290 0.004243
19 0.460101 0.501958 0.009660 0.004569
19 0.471966 0.504243 0.010290 0.004569
19 0.483725 0.506691 0.010290 0.004243
19 0.495800 0.509138 0.010080 0.004569
19 0.507980 0.512076 0.011760 0.005222
19 0.519740 0.514197 0.010080 0.004243
19 0.531814 0.516808 0.010710 0.004243
19 0.543574 0.519256 0.009870 0.004569
19 0.555754 0.522030 0.009870 0.003590
19 0.567514 0.523988 0.009870 0.004243
19 0.579588 0.526436 0.009660 0.003916
19 0.639542 0.538838 0.010290 0.004569
19 0.627467 0.536227 0.010500 0.004569
19 0.591558 0.529210 0.010080 0.004243
19 0.603633 0.531332 0.010710 0.004569
19 0.615498 0.534106 0.009660 0.004896
22 0.775514 0.566253 0.013020 0.006527
22 0.788534 0.569191 0.013440 0.005875
5 0.597123 0.671834 0.003570 0.003590
48 0.343868 0.571638 0.015750 0.017298
5 0.343868 0.585020 0.004830 0.006201
48 0.438471 0.935215 0.015540 0.023172
