48 0.007978 0.077538 0.015956 0.155077
5 0.375079 0.006203 0.003989 0.005224
5 0.395864 0.005713 0.003149 0.005550
48 0.325110 0.051910 0.123662 0.103820
6 0.204178 0.004897 0.006509 0.007835
5 0.217615 0.006693 0.003569 0.004244
5 0.220869 0.008815 0.003779 0.003918
8 0.163447 0.007019 0.004829 0.004897
48 0.523305 0.003918 0.060676 0.007835
53 0.238295 0.007019 0.018896 0.014039
5 0.371300 0.003428 0.003569 0.004897
5 0.365736 0.007183 0.003779 0.004571
5 0.361537 0.004407 0.003359 0.004897
9 0.739660 0.001469 0.006718 0.002938
9 0.742704 0.003754 0.008608 0.007509
9 0.746063 0.005060 0.008188 0.010121
9 0.750787 0.006366 0.007138 0.008815
48 0.753622 0.008162 0.106865 0.016324
9 0.779866 0.003428 0.009868 0.006856
48 0.099307 0.044401 0.184338 0.088802
53 0.401953 0.010447 0.020365 0.012406
53 0.389985 0.003428 0.015746 0.006856
48 0.876653 0.086353 0.210162 0.172706
5 0.402058 0.009958 0.002939 0.003591
5 0.379278 0.008815 0.003149 0.003918
5 0.381272 0.010774 0.002939 0.004571
5 0.383582 0.011753 0.003779 0.005224
5 0.389880 0.015508 0.003359 0.005550
5 0.393450 0.018119 0.003359 0.004897
5 0.387886 0.022853 0.002729 0.004571
5 0.385786 0.021711 0.003149 0.004244
5 0.381692 0.019262 0.003779 0.005224
5 0.380223 0.017793 0.003779 0.004244
5 0.377913 0.016650 0.003779 0.004571
5 0.373399 0.013549 0.003569 0.004897
5 0.369305 0.010774 0.003779 0.005224
5 0.327525 0.119164 0.004619 0.002612
6 0.359332 0.110676 0.006509 0.005224
5 0.340332 0.116879 0.005039 0.003265
5 0.293303 0.096801 0.004619 0.004244
5 0.328574 0.101371 0.004199 0.004244
5 0.326475 0.100065 0.003779 0.004244
5 0.324795 0.098596 0.003359 0.004571
5 0.322591 0.097127 0.003989 0.004897
5 0.320386 0.096148 0.003359 0.004897
5 0.318182 0.094515 0.003569 0.004897
5 0.297921 0.080966 0.002939 0.004571
5 0.281125 0.069213 0.002939 0.003918
5 0.283750 0.070682 0.003149 0.005550
5 0.285534 0.071988 0.003359 0.004244
5 0.287949 0.072968 0.003569 0.004897
5 0.289943 0.074927 0.003359 0.004244
5 0.292253 0.075743 0.003359 0.004571
5 0.293722 0.077538 0.003779 0.004897
5 0.295717 0.078191 0.003149 0.003591
5 0.277766 0.066112 0.003779 0.004244
5 0.275247 0.065295 0.002519 0.003265
5 0.273252 0.063337 0.003149 0.003918
5 0.269578 0.060888 0.004199 0.004897
5 0.271363 0.061541 0.003149 0.004244
5 0.312513 0.090108 0.003569 0.004571
5 0.310309 0.088965 0.002519 0.004244
5 0.308419 0.087986 0.002939 0.004244
5 0.316502 0.090597 0.003989 0.003591
53 0.279131 0.068397 0.030443 0.020568
53 0.315767 0.091903 0.029813 0.023180
5 0.228742 0.046197 0.004829 0.005550
6 0.199664 0.014365 0.006299 0.011100
5 0.223074 0.022200 0.003569 0.003265
5 0.214466 0.010611 0.003569 0.004244
8 0.218140 0.039341 0.006299 0.006203
5 0.217720 0.013549 0.004199 0.004897
5 0.208797 0.026934 0.002729 0.003591
5 0.245119 0.009958 0.004409 0.003591
8 0.237455 0.020895 0.005879 0.005224
5 0.250892 0.012406 0.003779 0.004571
8 0.207012 0.077212 0.004619 0.006203
5 0.184653 0.035096 0.003569 0.004897
5 0.188327 0.038361 0.003359 0.004897
6 0.160193 0.054195 0.007138 0.008488
5 0.178249 0.035913 0.004619 0.003918
5 0.176989 0.038198 0.003779 0.003918
5 0.176254 0.040483 0.004409 0.003918
5 0.174995 0.042605 0.004829 0.004897
5 0.172160 0.046523 0.005039 0.003591
5 0.198719 0.044727 0.003569 0.004571
5 0.202288 0.047829 0.003569 0.004897
5 0.196515 0.043911 0.003359 0.003591
5 0.162083 0.060235 0.004619 0.004244
5 0.169851 0.050767 0.005039 0.004897
5 0.167856 0.052889 0.003989 0.003918
5 0.184128 0.048155 0.004199 0.003591
5 0.188747 0.051420 0.004619 0.003591
5 0.197879 0.057786 0.004829 0.003265
5 0.202183 0.060725 0.005459 0.003918
5 0.195675 0.059582 0.004619 0.003591
5 0.194205 0.061541 0.005039 0.003591
5 0.197775 0.066765 0.005039 0.004897
5 0.191581 0.065295 0.004829 0.004571
5 0.182763 0.051257 0.004409 0.003265
5 0.181398 0.053379 0.004619 0.003591
5 0.179929 0.055338 0.005039 0.004244
5 0.183183 0.060072 0.004829 0.004571
5 0.174575 0.062847 0.004409 0.004244
5 0.180244 0.063663 0.004829 0.003918
5 0.210687 0.052726 0.003569 0.004244
8 0.182658 0.085374 0.005039 0.006856
5 0.192736 0.091250 0.004199 0.004244
5 0.190636 0.090108 0.003779 0.004571
5 0.188432 0.088802 0.003569 0.004571
5 0.186437 0.087496 0.003779 0.003918
5 0.179194 0.082109 0.003989 0.004244
5 0.176779 0.080640 0.003359 0.004571
5 0.174680 0.078681 0.003359 0.004571
5 0.172790 0.077702 0.003359 0.004571
5 0.168906 0.074927 0.003569 0.004897
5 0.166807 0.073294 0.003149 0.004244
5 0.164917 0.072478 0.003569 0.004571
53 0.187907 0.058276 0.057527 0.053869
6 0.227483 0.157036 0.003149 0.007835
6 0.233781 0.160790 0.003569 0.006856
6 0.256876 0.176951 0.003989 0.007183
6 0.270208 0.185276 0.003779 0.006856
5 0.266954 0.183807 0.003569 0.004571
5 0.265484 0.177114 0.003149 0.005550
8 0.220134 0.152302 0.002729 0.005550
5 0.290888 0.195233 0.003569 0.005877
5 0.327630 0.144466 0.003989 0.002938
5 0.326370 0.146588 0.004829 0.003265
5 0.325005 0.148874 0.004619 0.003918
5 0.323746 0.150669 0.005039 0.004244
5 0.322486 0.152791 0.005039 0.003918
5 0.321541 0.154913 0.004829 0.004244
5 0.318707 0.158994 0.004619 0.003918
5 0.314088 0.127653 0.003779 0.004571
5 0.317237 0.160790 0.003779 0.003591
5 0.316292 0.129448 0.003569 0.004244
5 0.318182 0.131081 0.003149 0.004244
5 0.320071 0.131734 0.003989 0.004897
5 0.322486 0.133692 0.003779 0.004897
5 0.324375 0.134835 0.003359 0.004571
5 0.326265 0.136304 0.003779 0.004897
5 0.306425 0.130428 0.005249 0.004244
5 0.310729 0.142834 0.004619 0.004244
5 0.301176 0.165361 0.004409 0.004244
5 0.296977 0.162259 0.004409 0.003265
5 0.298446 0.160790 0.004409 0.003591
5 0.300021 0.158831 0.004199 0.004244
5 0.303590 0.161117 0.004199 0.004244
5 0.301071 0.156546 0.004199 0.003591
5 0.304955 0.158994 0.003989 0.003265
5 0.302226 0.154261 0.004409 0.003591
5 0.305900 0.157362 0.005039 0.003918
5 0.303800 0.152138 0.004619 0.003918
5 0.307474 0.154913 0.004409 0.003591
5 0.291728 0.170584 0.003989 0.003591
5 0.293303 0.168136 0.004199 0.003265
5 0.294982 0.166340 0.003779 0.003591
5 0.295192 0.172870 0.003779 0.003591
5 0.296767 0.170748 0.005249 0.004571
5 0.298341 0.169115 0.005039 0.003918
5 0.304955 0.150669 0.004409 0.003591
5 0.306844 0.148710 0.004409 0.003591
5 0.310414 0.151322 0.005249 0.004244
5 0.307999 0.146752 0.004619 0.004244
5 0.309259 0.144629 0.004619 0.003918
5 0.311778 0.149527 0.004619 0.003265
5 0.313353 0.147731 0.004829 0.003591
5 0.314403 0.145119 0.004829 0.003591
5 0.292778 0.150506 0.004829 0.003918
5 0.294037 0.148221 0.004409 0.003265
5 0.295927 0.146425 0.005249 0.003591
5 0.296977 0.144466 0.005249 0.002938
5 0.298236 0.141528 0.004829 0.003591
5 0.299391 0.139896 0.004199 0.003591
5 0.300861 0.137773 0.004199 0.003918
5 0.301911 0.135488 0.003779 0.003265
5 0.303065 0.133366 0.003989 0.002938
5 0.304535 0.131407 0.004829 0.003591
53 0.304535 0.154261 0.054377 0.062357
5 0.248793 0.164218 0.003359 0.005877
5 0.239870 0.189357 0.005669 0.003918
9 0.162293 0.105452 0.006718 0.009141
8 0.116103 0.116389 0.003779 0.005550
5 0.127546 0.111655 0.003989 0.005224
5 0.129750 0.113288 0.004199 0.005877
48 0.143712 0.088639 0.042620 0.040810
5 0.121037 0.068723 0.003149 0.004244
5 0.118203 0.073131 0.003359 0.004571
5 0.114214 0.079334 0.003359 0.003918
5 0.111379 0.083088 0.003149 0.004244
5 0.105186 0.092556 0.002939 0.003591
8 0.102561 0.096801 0.003989 0.004897
8 0.156099 0.018609 0.004409 0.004571
8 0.151900 0.023996 0.004409 0.004897
8 0.148436 0.028893 0.003359 0.004244
8 0.139828 0.041626 0.003779 0.004244
8 0.140038 0.125857 0.004619 0.005550
2 0.046714 0.339373 0.045140 0.036892
2 0.053748 0.287790 0.034852 0.041463
5 0.331724 0.303297 0.003359 0.004571
5 0.334663 0.304930 0.003779 0.004571
5 0.338337 0.308521 0.003149 0.003918
5 0.340857 0.310153 0.003569 0.004571
5 0.343796 0.311623 0.003149 0.004897
5 0.302750 0.279465 0.004199 0.005224
5 0.307369 0.269670 0.004199 0.005224
5 0.310204 0.270650 0.003569 0.005224
5 0.312408 0.272119 0.002939 0.004244
5 0.314928 0.273751 0.003359 0.004897
48 0.291308 0.270813 0.016166 0.014691
48 0.286374 0.278159 0.021415 0.016977
5 0.319966 0.276690 0.003779 0.004244
5 0.268003 0.203722 0.005249 0.003918
5 0.261285 0.198335 0.003989 0.002938
9 0.267478 0.214496 0.006718 0.005224
5 0.190321 0.149363 0.005249 0.002285
5 0.188012 0.167156 0.003149 0.003918
5 0.193261 0.151322 0.004409 0.002938
5 0.182343 0.150180 0.004409 0.003265
5 0.204703 0.159484 0.004619 0.002938
5 0.215620 0.167646 0.004199 0.002285
5 0.162293 0.147405 0.005459 0.004244
5 0.133844 0.115573 0.004409 0.004571
5 0.137728 0.118675 0.004199 0.004244
5 0.139618 0.120144 0.004619 0.004571
5 0.146756 0.132223 0.004199 0.004571
5 0.150220 0.133692 0.003149 0.004897
5 0.152425 0.134672 0.003359 0.004244
5 0.149486 0.126020 0.003779 0.005224
5 0.151900 0.127489 0.003989 0.004897
5 0.157674 0.131897 0.003779 0.005224
5 0.160298 0.134182 0.003149 0.004571
5 0.143607 0.135651 0.005039 0.004897
5 0.145182 0.121450 0.003149 0.004571
5 0.284275 0.114267 0.004619 0.004571
5 0.276191 0.100555 0.003569 0.005224
5 0.285114 0.106921 0.003779 0.004244
5 0.257506 0.152628 0.004829 0.004244
5 0.259080 0.150506 0.004199 0.003918
5 0.260970 0.148710 0.004619 0.003591
8 0.264224 0.143160 0.006509 0.004244
8 0.266744 0.139243 0.005669 0.004897
5 0.273882 0.129611 0.004829 0.003265
5 0.267374 0.119654 0.004829 0.004244
5 0.282805 0.104962 0.004199 0.004897
5 0.271782 0.097617 0.003569 0.003918
5 0.269683 0.095984 0.002729 0.004571
5 0.267478 0.094515 0.003359 0.004897
5 0.262125 0.091414 0.003149 0.004571
5 0.260025 0.089944 0.003149 0.004897
9 0.262230 0.146915 0.005879 0.004571
5 0.257716 0.088312 0.003149 0.004897
5 0.256141 0.086843 0.002939 0.004571
5 0.254461 0.085374 0.003359 0.004897
5 0.252152 0.084231 0.002939 0.004571
5 0.250052 0.083088 0.003359 0.004897
5 0.241969 0.078028 0.003989 0.004571
5 0.229582 0.089618 0.004829 0.004244
5 0.231367 0.086680 0.004619 0.003591
5 0.233361 0.085374 0.004829 0.004244
5 0.234411 0.082925 0.005249 0.003918
5 0.235776 0.080803 0.005039 0.004244
5 0.237665 0.078844 0.005039 0.004244
5 0.259815 0.102840 0.004829 0.003265
5 0.255406 0.099412 0.004409 0.003591
5 0.254147 0.101861 0.004829 0.003918
5 0.246693 0.080477 0.003779 0.004897
5 0.273252 0.111982 0.004409 0.003918
5 0.268318 0.108554 0.005459 0.004244
5 0.261915 0.118511 0.004829 0.003918
5 0.262650 0.127163 0.005459 0.004244
8 0.236826 0.117858 0.005039 0.006530
5 0.265694 0.093536 0.003989 0.004897
5 0.253937 0.110349 0.005669 0.003918
9 0.263804 0.114267 0.003989 0.004571
5 0.255406 0.128306 0.005249 0.003918
5 0.251522 0.133692 0.005039 0.004244
5 0.250052 0.136304 0.004619 0.004244
5 0.245958 0.141528 0.004409 0.003591
5 0.244489 0.143650 0.005249 0.004571
5 0.249213 0.146915 0.005039 0.004571
5 0.250892 0.144629 0.004199 0.003265
5 0.246588 0.139079 0.004829 0.003265
5 0.249948 0.107248 0.005249 0.002938
5 0.248793 0.109533 0.005039 0.003591
5 0.252047 0.114757 0.005249 0.004244
5 0.250367 0.116716 0.004829 0.003591
9 0.256141 0.125531 0.005879 0.004897
5 0.248478 0.120470 0.005249 0.003918
5 0.232941 0.104309 0.005249 0.004244
5 0.237770 0.107574 0.005249 0.004244
5 0.243649 0.117369 0.004409 0.003591
5 0.241969 0.119001 0.004829 0.003591
5 0.240605 0.120960 0.004619 0.004244
5 0.239765 0.122919 0.005039 0.003591
5 0.238085 0.124714 0.005039 0.003918
5 0.242389 0.128142 0.004409 0.004244
5 0.236721 0.126510 0.005669 0.004244
5 0.235671 0.129122 0.003989 0.002938
5 0.239765 0.103657 0.004199 0.003591
5 0.253202 0.104146 0.003779 0.003918
5 0.240710 0.101045 0.003989 0.003591
5 0.242599 0.099902 0.003989 0.003918
5 0.241235 0.092556 0.005039 0.004897
5 0.245643 0.095495 0.004619 0.004244
5 0.229057 0.119001 0.005039 0.003591
5 0.230632 0.108717 0.004829 0.003918
5 0.227693 0.111982 0.004409 0.003918
5 0.231997 0.114757 0.003779 0.002938
5 0.230632 0.117205 0.003989 0.003265
5 0.233256 0.113288 0.004199 0.003265
5 0.234936 0.111492 0.004199 0.003591
5 0.236616 0.109696 0.004199 0.003918
5 0.239450 0.094678 0.004409 0.004571
5 0.237245 0.098433 0.004619 0.004244
5 0.235461 0.100229 0.004409 0.004571
5 0.224963 0.115573 0.004409 0.004571
53 0.248583 0.110023 0.074323 0.073131
53 0.139828 0.123408 0.041570 0.031995
5 0.195885 0.153281 0.005039 0.002938
5 0.207117 0.161443 0.005249 0.003591
5 0.101932 0.284525 0.003569 0.003591
5 0.065715 0.260039 0.003359 0.003591
5 0.233361 0.027098 0.003149 0.004571
5 0.231262 0.028893 0.003989 0.003591
53 0.231262 0.019099 0.020785 0.010121
53 0.229792 0.027751 0.011967 0.007183
5 0.126181 0.117695 0.004619 0.005550
8 0.367101 0.009794 0.003989 0.005877
5 0.789523 0.019262 0.003569 0.003265
5 0.745329 0.158341 0.003359 0.003918
5 0.799391 0.147241 0.003569 0.004571
5 0.802225 0.147894 0.002939 0.004571
5 0.793093 0.142018 0.003569 0.004571
9 0.819337 0.172870 0.005669 0.006856
5 0.813563 0.155730 0.004199 0.005224
5 0.810414 0.154750 0.003359 0.003918
5 0.808209 0.153118 0.003569 0.005224
5 0.790783 0.139896 0.002729 0.004244
5 0.815138 0.157852 0.003989 0.004897
6 0.818287 0.159974 0.004409 0.005877
5 0.808314 0.139896 0.003779 0.002938
5 0.806530 0.137447 0.003569 0.003918
5 0.809889 0.136794 0.003569 0.004571
48 0.834243 0.183480 0.032123 0.033301
48 0.760340 0.185439 0.079992 0.095331
8 0.803695 0.034280 0.005879 0.005877
9 0.831304 0.009141 0.006089 0.003265
5 0.835713 0.003265 0.003989 0.002612
9 0.780181 0.086516 0.007978 0.007183
6 0.717300 0.296768 0.006089 0.007835
5 0.588390 0.266895 0.004409 0.002285
5 0.613689 0.144629 0.005039 0.003918
5 0.601617 0.159158 0.004409 0.004244
5 0.599202 0.184786 0.003779 0.005224
5 0.596893 0.183643 0.002939 0.004897
5 0.593009 0.180542 0.003989 0.004571
5 0.606655 0.183807 0.004409 0.004571
5 0.608020 0.181848 0.005039 0.004571
5 0.609700 0.180052 0.004199 0.004244
5 0.610645 0.177767 0.003989 0.003591
5 0.612429 0.175971 0.003779 0.002612
5 0.591434 0.179073 0.003779 0.004897
5 0.589020 0.178257 0.002729 0.003918
5 0.587445 0.176951 0.002939 0.003918
5 0.585345 0.175645 0.003779 0.004571
5 0.583561 0.174176 0.003569 0.004897
5 0.580936 0.173033 0.003779 0.004571
5 0.582406 0.160137 0.003359 0.004244
5 0.589754 0.165034 0.003359 0.004244
5 0.592589 0.166340 0.003149 0.003591
5 0.593848 0.167483 0.003569 0.004571
5 0.575688 0.168626 0.004199 0.005550
5 0.573483 0.167973 0.003989 0.004897
5 0.596158 0.169278 0.003989 0.005550
5 0.598047 0.171074 0.003569 0.004571
5 0.603821 0.173359 0.003779 0.004571
5 0.606865 0.169115 0.003149 0.004571
5 0.574638 0.147405 0.003779 0.004897
5 0.598572 0.143160 0.003779 0.005550
5 0.569704 0.165034 0.003569 0.004897
5 0.567919 0.163239 0.003779 0.004571
5 0.565610 0.162422 0.003359 0.004897
5 0.563930 0.160790 0.004199 0.004897
5 0.561306 0.159647 0.003569 0.003918
5 0.546504 0.148547 0.003779 0.005224
5 0.547974 0.150343 0.002939 0.004244
5 0.550178 0.151485 0.003569 0.005224
5 0.553958 0.154424 0.003989 0.005877
5 0.555952 0.155730 0.003779 0.004571
5 0.557737 0.156546 0.003149 0.003591
5 0.560046 0.157199 0.003149 0.004244
5 0.542515 0.145935 0.003779 0.005224
5 0.540311 0.144956 0.002729 0.003918
5 0.578837 0.157852 0.002939 0.004244
5 0.576737 0.156383 0.003359 0.005224
5 0.574848 0.154424 0.003359 0.004571
5 0.572853 0.153444 0.003569 0.004571
5 0.603716 0.167156 0.003569 0.004571
5 0.601722 0.165524 0.003359 0.004571
5 0.600042 0.164381 0.003779 0.004897
5 0.598047 0.162586 0.003569 0.005224
5 0.595843 0.161280 0.003359 0.004571
5 0.591644 0.158668 0.002939 0.003918
5 0.590069 0.157689 0.003149 0.004571
5 0.585975 0.155240 0.002939 0.004244
5 0.583981 0.153771 0.003149 0.003918
5 0.570544 0.151812 0.003149 0.004571
5 0.568549 0.150669 0.002939 0.003591
5 0.566345 0.149527 0.004409 0.005224
5 0.578627 0.149853 0.003779 0.004571
5 0.580411 0.151322 0.002729 0.004244
5 0.582091 0.152138 0.003149 0.004571
5 0.570439 0.144140 0.003779 0.004244
5 0.568654 0.142834 0.003989 0.004244
5 0.556267 0.134998 0.003989 0.004897
5 0.558262 0.135978 0.003359 0.004244
5 0.560151 0.137937 0.003359 0.004244
5 0.562251 0.138753 0.003359 0.004571
5 0.564140 0.140548 0.003359 0.004244
5 0.563195 0.146425 0.002729 0.004244
5 0.560886 0.145119 0.002729 0.003591
5 0.559101 0.143487 0.002939 0.003591
5 0.566135 0.141201 0.003569 0.004244
5 0.557212 0.142181 0.002939 0.003591
5 0.618728 0.166177 0.004619 0.003918
5 0.619882 0.163892 0.004829 0.003918
5 0.617363 0.167973 0.004829 0.003591
5 0.615893 0.169768 0.004409 0.003265
5 0.622717 0.159974 0.003779 0.003265
5 0.624186 0.157852 0.004199 0.003591
5 0.627126 0.154261 0.003779 0.004244
5 0.628281 0.152465 0.004409 0.005224
5 0.632585 0.146752 0.004199 0.004244
5 0.631115 0.149200 0.004619 0.003265
5 0.629960 0.150833 0.003989 0.003918
5 0.634054 0.144303 0.004199 0.003265
5 0.637728 0.139243 0.003569 0.003591
5 0.639303 0.137610 0.003779 0.003591
5 0.640143 0.135162 0.004199 0.003265
5 0.641927 0.133203 0.003989 0.003265
5 0.642662 0.131244 0.005039 0.003265
5 0.644552 0.129611 0.004619 0.003918
5 0.645811 0.127489 0.004199 0.003591
5 0.633424 0.124061 0.004199 0.003265
5 0.634054 0.121613 0.004619 0.003591
5 0.635944 0.119654 0.003779 0.002938
5 0.617153 0.124388 0.004829 0.003265
5 0.619043 0.122429 0.004409 0.003918
5 0.620827 0.120960 0.004619 0.004244
5 0.622087 0.118022 0.004619 0.003591
5 0.623137 0.116226 0.004619 0.003918
5 0.625446 0.112308 0.004199 0.003918
5 0.628281 0.108554 0.004409 0.004244
5 0.631325 0.104799 0.004619 0.004571
5 0.633634 0.100881 0.004619 0.003918
5 0.634999 0.098759 0.004409 0.003591
5 0.653160 0.094025 0.005039 0.003918
5 0.661873 0.103493 0.003989 0.003265
5 0.656519 0.111492 0.005039 0.004897
5 0.653895 0.114920 0.003989 0.003918
5 0.644762 0.105615 0.004199 0.004244
5 0.646231 0.103657 0.005039 0.004897
5 0.637728 0.095005 0.003989 0.004571
5 0.639093 0.092883 0.003779 0.003591
5 0.672265 0.088639 0.004199 0.004244
5 0.668801 0.093699 0.004829 0.005224
5 0.657044 0.087986 0.004409 0.004244
5 0.659563 0.084558 0.003989 0.003265
5 0.660508 0.081946 0.005039 0.003918
5 0.673945 0.086353 0.003779 0.003591
5 0.676884 0.082762 0.003779 0.003591
5 0.679824 0.079334 0.004199 0.004571
5 0.652425 0.073947 0.004409 0.004244
5 0.653685 0.071499 0.004409 0.003918
5 0.656624 0.067907 0.004409 0.004571
5 0.658619 0.066275 0.005039 0.003918
5 0.681818 0.074927 0.004409 0.004244
5 0.666807 0.074437 0.004199 0.003918
5 0.668171 0.072151 0.004829 0.003918
5 0.684967 0.070682 0.004409 0.003591
5 0.646861 0.081619 0.005459 0.003918
5 0.645602 0.083578 0.004619 0.004571
5 0.644342 0.085374 0.005039 0.004897
5 0.641612 0.089128 0.004619 0.004571
5 0.640038 0.091250 0.004409 0.003591
5 0.647386 0.125204 0.003989 0.003591
5 0.648331 0.123408 0.003779 0.003265
5 0.649276 0.121286 0.005249 0.003591
5 0.651165 0.119654 0.003989 0.003591
5 0.683393 0.065459 0.004199 0.005550
5 0.681398 0.063500 0.003569 0.004244
5 0.679509 0.061867 0.003149 0.004244
5 0.677619 0.060235 0.003149 0.004897
5 0.674050 0.057134 0.002729 0.004571
5 0.672160 0.056807 0.002729 0.003918
5 0.670166 0.055175 0.002939 0.003918
5 0.667856 0.054358 0.003359 0.004897
5 0.664707 0.051420 0.003359 0.004244
5 0.662713 0.050114 0.003149 0.004244
5 0.660508 0.048808 0.003359 0.003591
5 0.658199 0.047666 0.003359 0.004571
5 0.656414 0.045870 0.003149 0.004244
5 0.654524 0.044401 0.003149 0.003918
5 0.575058 0.058276 0.002939 0.004244
5 0.584401 0.044891 0.004409 0.004244
5 0.588285 0.041463 0.003779 0.003265
5 0.588915 0.039341 0.003779 0.002938
5 0.592379 0.033464 0.003989 0.003591
5 0.591329 0.035749 0.004409 0.003591
5 0.622717 0.043748 0.002939 0.003918
5 0.620407 0.042442 0.003779 0.004571
5 0.628805 0.042279 0.003359 0.004897
5 0.633109 0.029383 0.002729 0.004571
5 0.630905 0.028567 0.003359 0.005550
5 0.627336 0.025302 0.002939 0.004244
5 0.625131 0.023833 0.003569 0.003918
5 0.621667 0.021384 0.003359 0.004244
5 0.619882 0.019915 0.003149 0.003918
5 0.636784 0.032158 0.003359 0.004244
5 0.638883 0.033790 0.003359 0.003591
5 0.640563 0.035096 0.003779 0.004244
5 0.642977 0.036565 0.002729 0.004571
5 0.644867 0.037382 0.003569 0.004244
5 0.646651 0.038851 0.003359 0.004571
5 0.648331 0.040157 0.002939 0.003918
5 0.650325 0.041299 0.003149 0.004244
5 0.625761 0.038361 0.003989 0.004897
5 0.621562 0.036076 0.003569 0.004244
5 0.619777 0.034443 0.002939 0.004244
5 0.617993 0.033790 0.003569 0.004244
5 0.616208 0.031668 0.002939 0.003918
5 0.613899 0.030689 0.003359 0.004571
5 0.616208 0.039993 0.003359 0.004897
5 0.614214 0.038524 0.003569 0.004571
5 0.612744 0.037055 0.003149 0.004244
5 0.610540 0.036565 0.003779 0.005224
5 0.608755 0.034607 0.003569 0.004571
5 0.623032 0.060398 0.003569 0.004571
5 0.621562 0.059256 0.003569 0.004897
5 0.601512 0.044564 0.002519 0.004244
5 0.603821 0.046197 0.003359 0.004244
5 0.605606 0.047502 0.003149 0.004244
5 0.611589 0.051257 0.003779 0.005224
5 0.615473 0.054358 0.003569 0.003591
5 0.567709 0.069540 0.004619 0.003918
5 0.569914 0.067091 0.004409 0.003591
5 0.596578 0.055175 0.003989 0.005877
48 0.595843 0.096801 0.085240 0.098923
5 0.754881 0.025628 0.003149 0.004244
5 0.752467 0.024323 0.004199 0.004244
9 0.794667 0.009141 0.008398 0.005877
53 0.617468 0.041952 0.043670 0.046033
9 0.777871 0.005877 0.009238 0.006530
9 0.775352 0.009141 0.009658 0.007835
9 0.771363 0.011263 0.007558 0.004897
5 0.764224 0.014855 0.003359 0.004244
5 0.762230 0.013222 0.003569 0.004244
9 0.759920 0.012080 0.004409 0.005224
5 0.757086 0.008325 0.002939 0.003591
5 0.669746 0.009305 0.003359 0.004244
6 0.474491 0.149853 0.008818 0.012406
48 0.480789 0.161606 0.008398 0.010447
6 0.467562 0.147894 0.008398 0.011753
6 0.485198 0.146262 0.005459 0.007835
6 0.480475 0.153771 0.007768 0.010447
6 0.470502 0.136141 0.007558 0.008488
6 0.465568 0.144140 0.009868 0.010774
6 0.442998 0.164218 0.007138 0.007835
6 0.437329 0.172054 0.009238 0.010447
5 0.478795 0.039830 0.003989 0.003918
5 0.489292 0.041136 0.002729 0.004571
5 0.482154 0.037382 0.002309 0.003591
5 0.396809 0.057134 0.003359 0.005224
5 0.386836 0.078518 0.004409 0.005550
5 0.426517 0.035096 0.005249 0.002285
5 0.473231 0.030036 0.002939 0.004571
5 0.468087 0.026118 0.002729 0.004571
5 0.458115 0.020078 0.002100 0.004244
5 0.460529 0.021711 0.002729 0.004244
5 0.488768 0.071662 0.002100 0.003591
5 0.485933 0.076559 0.003569 0.003591
5 0.470607 0.111329 0.004829 0.002612
5 0.466933 0.116552 0.005039 0.002612
5 0.458220 0.128632 0.005249 0.002612
5 0.455700 0.131734 0.005669 0.002938
5 0.450556 0.139406 0.004199 0.002612
5 0.455700 0.120144 0.003569 0.004571
5 0.435440 0.149527 0.003359 0.003918
5 0.426622 0.161933 0.004619 0.003265
5 0.425992 0.147078 0.004199 0.003591
5 0.438589 0.157525 0.004199 0.002285
5 0.449087 0.113777 0.005039 0.002938
5 0.447407 0.116063 0.004199 0.002938
5 0.444468 0.119654 0.004619 0.004244
5 0.441948 0.123735 0.003779 0.003918
5 0.456435 0.103493 0.004199 0.003918
5 0.457275 0.101045 0.004619 0.004244
5 0.467982 0.085537 0.005039 0.004571
5 0.465883 0.088965 0.005039 0.004244
5 0.464413 0.091414 0.004199 0.003265
5 0.463153 0.093209 0.003779 0.003591
5 0.482364 0.080966 0.003149 0.004571
9 0.489083 0.083741 0.006928 0.002938
5 0.487508 0.086843 0.004199 0.002612
5 0.473756 0.077702 0.005249 0.004571
5 0.458849 0.098923 0.003989 0.003265
5 0.460319 0.097453 0.003989 0.002938
5 0.475016 0.075579 0.004829 0.004244
5 0.481629 0.065622 0.004199 0.003265
5 0.480475 0.067418 0.004409 0.004244
5 0.479635 0.070193 0.005249 0.003265
5 0.478690 0.072151 0.004619 0.003918
5 0.493282 0.077538 0.005249 0.002938
48 0.019316 0.363369 0.038631 0.041789
5 0.439324 0.127489 0.003989 0.004244
5 0.437644 0.129122 0.003569 0.002938
5 0.436700 0.131244 0.004199 0.003918
5 0.416019 0.099576 0.003569 0.003265
5 0.408041 0.111492 0.003149 0.003591
5 0.471866 0.044238 0.003569 0.004897
5 0.424312 0.037708 0.004199 0.002285
5 0.422528 0.039830 0.004829 0.001959
5 0.420953 0.042769 0.004199 0.001959
5 0.419379 0.045217 0.004409 0.002285
5 0.417279 0.047829 0.004829 0.002285
5 0.415180 0.050604 0.004409 0.001959
5 0.413605 0.053216 0.004199 0.002612
5 0.411820 0.055991 0.005249 0.002285
5 0.410666 0.058929 0.004619 0.002285
5 0.404052 0.053379 0.004829 0.005550
5 0.425782 0.070029 0.004619 0.004897
9 0.431241 0.058929 0.004619 0.004244
5 0.463048 0.023017 0.002309 0.003591
5 0.465673 0.025139 0.002519 0.003918
5 0.427357 0.049461 0.003569 0.006203
5 0.482784 0.062847 0.004829 0.004244
5 0.455385 0.017956 0.002100 0.003265
5 0.452971 0.016161 0.001890 0.003591
5 0.431346 0.043585 0.002729 0.004897
5 0.429666 0.046686 0.002729 0.005877
5 0.428301 0.039014 0.002939 0.004244
5 0.432710 0.040320 0.002939 0.004897
5 0.435125 0.038851 0.003149 0.004571
9 0.432291 0.055991 0.005039 0.004244
9 0.433970 0.054358 0.005039 0.004897
9 0.437014 0.050441 0.006089 0.005550
5 0.442893 0.043911 0.003989 0.003591
9 0.440059 0.046033 0.005039 0.004571
6 0.404052 0.079987 0.005249 0.007183
5 0.394604 0.082599 0.004829 0.002612
5 0.428931 0.143160 0.004619 0.004244
5 0.389145 0.121450 0.004409 0.003265
5 0.389985 0.118511 0.005249 0.004571
5 0.393240 0.114920 0.004619 0.003265
5 0.399433 0.106758 0.005669 0.003918
5 0.407726 0.096801 0.004619 0.004897
5 0.409406 0.090271 0.003359 0.004244
5 0.410666 0.086843 0.004199 0.004571
5 0.411610 0.085047 0.004829 0.004897
5 0.377913 0.084721 0.004199 0.006203
5 0.395444 0.110839 0.004409 0.003591
5 0.397439 0.109043 0.004619 0.003918
5 0.393764 0.112798 0.004829 0.004897
5 0.382007 0.114920 0.005249 0.006530
5 0.385786 0.109860 0.003569 0.005550
5 0.369305 0.117695 0.005039 0.002938
5 0.389041 0.103330 0.002519 0.004244
5 0.391350 0.101045 0.002519 0.003591
5 0.393345 0.098923 0.002309 0.003918
5 0.395549 0.097127 0.002519 0.003591
5 0.396389 0.093209 0.002939 0.004897
5 0.398173 0.090271 0.002729 0.005550
5 0.400483 0.088475 0.002729 0.004571
5 0.391770 0.086843 0.004619 0.001959
5 0.389460 0.089292 0.004619 0.002285
5 0.387991 0.091740 0.005039 0.002612
5 0.386416 0.094352 0.005249 0.002612
5 0.384527 0.096964 0.004409 0.002612
5 0.375289 0.124551 0.002729 0.004244
48 0.434705 0.099739 0.084611 0.119164
6 0.317972 0.217924 0.004829 0.014691
6 0.304325 0.209598 0.003569 0.009794
6 0.241130 0.163565 0.005669 0.015018
5 0.462104 0.213679 0.004199 0.004897
5 0.420743 0.167320 0.005459 0.002285
5 0.402792 0.195723 0.003149 0.004897
5 0.395339 0.190010 0.003359 0.005224
5 0.393450 0.188214 0.003359 0.005550
5 0.389565 0.186419 0.003569 0.005224
5 0.386941 0.185113 0.003779 0.005877
5 0.383897 0.181685 0.003989 0.004897
5 0.381167 0.180705 0.003569 0.005550
5 0.374134 0.187072 0.003359 0.004571
5 0.372139 0.184786 0.003989 0.005224
5 0.368150 0.183154 0.003989 0.005224
5 0.376024 0.175645 0.003779 0.004571
5 0.372034 0.174502 0.003779 0.004897
5 0.369620 0.172870 0.004409 0.004897
5 0.366156 0.169442 0.004199 0.004571
5 0.364371 0.168462 0.003569 0.004571
5 0.362062 0.167156 0.004409 0.005224
5 0.359542 0.165687 0.003569 0.004244
5 0.357653 0.164871 0.003989 0.005224
5 0.355973 0.163239 0.003989 0.005224
5 0.352404 0.159811 0.003569 0.004244
5 0.358807 0.176298 0.003779 0.005224
5 0.353454 0.225433 0.004829 0.003591
5 0.394919 0.281097 0.005039 0.003265
5 0.374869 0.278322 0.005249 0.002938
5 0.410561 0.023670 0.003149 0.004897
5 0.408671 0.014691 0.003569 0.005224
5 0.406571 0.013059 0.003989 0.004571
5 0.398908 0.022364 0.004619 0.004897
5 0.394919 0.028567 0.004619 0.004897
5 0.393135 0.026771 0.003569 0.004571
5 0.389775 0.023670 0.003149 0.004244
5 0.404157 0.011427 0.002100 0.003918
48 0.118728 0.189357 0.237455 0.252040
53 0.193261 0.151975 0.016586 0.015344
53 0.207642 0.162096 0.014697 0.015344
53 0.220764 0.171074 0.014907 0.014365
53 0.232102 0.179726 0.014907 0.013386
53 0.245014 0.187398 0.014277 0.012406
5 0.204598 0.183970 0.003569 0.004897
53 0.425887 0.147405 0.011127 0.013386
53 0.433655 0.135815 0.011127 0.013712
53 0.441948 0.124061 0.011757 0.013712
53 0.447197 0.115246 0.008398 0.006530
53 0.393554 0.116879 0.011127 0.013712
53 0.397649 0.108227 0.007978 0.006856
53 0.388726 0.090108 0.014067 0.018936
53 0.386626 0.109043 0.013647 0.016977
53 0.397229 0.094352 0.013857 0.017630
53 0.414340 0.081456 0.012807 0.015997
53 0.435650 0.052073 0.015117 0.017956
53 0.413815 0.053379 0.010917 0.014039
53 0.422318 0.041136 0.011967 0.015671
53 0.458849 0.099739 0.008608 0.010774
53 0.465358 0.089128 0.011547 0.015018
53 0.474596 0.076885 0.011967 0.015344
53 0.480370 0.067091 0.008398 0.013386
53 0.438904 0.156709 0.008608 0.009794
53 0.449717 0.139896 0.007978 0.008815
53 0.445098 0.148384 0.008398 0.010121
53 0.457170 0.131570 0.012387 0.011100
53 0.463993 0.119980 0.012177 0.012080
53 0.469347 0.112471 0.011127 0.012080
53 0.475331 0.103004 0.009238 0.010121
53 0.481629 0.095331 0.009658 0.009794
53 0.485618 0.089292 0.005459 0.002938
53 0.487718 0.087006 0.009238 0.011427
53 0.495276 0.075743 0.011757 0.013059
53 0.382427 0.018609 0.039261 0.024812
53 0.460424 0.021058 0.019735 0.014691
53 0.476485 0.031995 0.014487 0.009141
53 0.485303 0.038688 0.011547 0.008815
53 0.563510 0.142834 0.023934 0.020568
53 0.578207 0.152955 0.022675 0.017956
53 0.596683 0.164055 0.023515 0.023180
53 0.545455 0.148221 0.013017 0.012406
53 0.556687 0.155566 0.012387 0.010774
53 0.566450 0.162096 0.013437 0.010774
53 0.578627 0.169442 0.013857 0.012406
53 0.588810 0.176461 0.014487 0.011427
53 0.598257 0.183154 0.009868 0.009141
53 0.608860 0.180215 0.010078 0.010447
5 0.613689 0.174339 0.003359 0.003265
5 0.615158 0.172217 0.003359 0.004244
53 0.614634 0.172217 0.007348 0.008162
53 0.618728 0.165524 0.007138 0.007835
53 0.624081 0.158831 0.005669 0.006856
53 0.628385 0.151812 0.005039 0.009141
53 0.632585 0.147078 0.007138 0.010121
53 0.601932 0.145772 0.009238 0.008162
53 0.611064 0.145609 0.009028 0.008488
53 0.638043 0.138426 0.007978 0.009794
53 0.643607 0.129938 0.009448 0.009794
53 0.649171 0.121939 0.007978 0.010121
53 0.655259 0.113451 0.008818 0.010121
53 0.660613 0.105126 0.006509 0.007183
53 0.667227 0.096474 0.009658 0.010121
53 0.674575 0.086027 0.011337 0.011427
53 0.682028 0.076396 0.009868 0.013712
53 0.628385 0.115573 0.022255 0.020242
53 0.640878 0.098106 0.024144 0.027751
53 0.653055 0.083905 0.019526 0.025465
53 0.661243 0.072315 0.021205 0.017303
53 0.680663 0.062357 0.008818 0.009794
53 0.670796 0.055828 0.011757 0.011100
53 0.659248 0.049135 0.013437 0.010774
53 0.644237 0.038524 0.014487 0.012406
53 0.589125 0.038851 0.013017 0.016977
53 0.571174 0.063826 0.014487 0.017956
53 0.581251 0.049625 0.014487 0.015018
5 0.559626 0.083088 0.003569 0.003591
5 0.558367 0.109207 0.003989 0.004897
5 0.560571 0.104962 0.003779 0.003591
5 0.319546 0.156383 0.005039 0.003265
9 0.267059 0.111329 0.005459 0.004571
5 0.291938 0.152791 0.003989 0.003918
9 0.410036 0.351943 0.006718 0.005224
5 0.579887 0.170911 0.004199 0.005550
5 0.649906 0.078355 0.004829 0.004571
5 0.625131 0.046686 0.004409 0.004571
5 0.403632 0.101861 0.004409 0.005877
5 0.454126 0.225269 0.004199 0.005224
5 0.307684 0.127979 0.005249 0.004571
2 0.987613 0.987431 0.010498 0.019262
