48 0.988248 0.018930 0.023505 0.037859
48 0.860441 0.003916 0.028122 0.007833
48 0.870829 0.451534 0.008604 0.006854
13 0.889192 0.470463 0.005876 0.002937
13 0.888038 0.467037 0.006506 0.003916
48 0.825184 0.468342 0.054145 0.030679
48 0.973347 0.067396 0.030640 0.049935
48 0.959496 0.107050 0.026443 0.042428
48 0.928437 0.121736 0.015110 0.012402
48 0.906401 0.117983 0.003358 0.010117
5 0.906401 0.127448 0.004197 0.002285
48 0.926863 0.106560 0.002308 0.004896
5 0.930325 0.106234 0.002518 0.004896
5 0.894648 0.138381 0.002518 0.006527
5 0.897272 0.138381 0.002728 0.006527
5 0.900105 0.138218 0.002518 0.006201
5 0.902833 0.137728 0.002518 0.005875
5 0.905666 0.138055 0.001889 0.005222
5 0.908499 0.137892 0.002518 0.006201
5 0.911228 0.137728 0.002099 0.005875
5 0.913851 0.137239 0.003148 0.006201
5 0.916684 0.136913 0.002099 0.005548
10 0.913641 0.155679 0.002728 0.006527
5 0.909024 0.154537 0.001889 0.006201
5 0.905666 0.154373 0.003148 0.005875
5 0.902309 0.154863 0.002308 0.005548
5 0.899580 0.155352 0.002728 0.005875
5 0.896222 0.155516 0.002728 0.006201
5 0.892865 0.160901 0.003987 0.002611
5 0.891920 0.169876 0.005037 0.003590
48 0.862329 0.103949 0.020147 0.020561
10 0.847954 0.106886 0.002308 0.006854
47 0.833788 0.128916 0.007135 0.005875
47 0.827282 0.117004 0.007975 0.006201
48 0.869150 0.077023 0.009024 0.013055
10 0.927597 0.088610 0.005037 0.008159
10 0.930115 0.081430 0.004617 0.008159
10 0.946065 0.067396 0.007135 0.005548
10 0.946380 0.070822 0.006925 0.005222
48 0.915005 0.066090 0.015950 0.013381
5 0.937880 0.040307 0.006296 0.006201
10 0.824974 0.233192 0.007135 0.010770
10 0.833683 0.245594 0.008185 0.010117
48 0.837985 0.314295 0.015950 0.020888
5 0.801154 0.314785 0.003148 0.006201
5 0.786464 0.322944 0.003148 0.005548
42 0.786149 0.349054 0.007135 0.010117
10 0.797692 0.345463 0.006296 0.009465
48 0.789717 0.314132 0.015110 0.013381
48 0.715320 0.333225 0.011123 0.014360
48 0.712487 0.320333 0.013012 0.019256
13 0.820252 0.419223 0.006506 0.006854
13 0.838615 0.427219 0.005037 0.007180
13 0.847744 0.433257 0.005666 0.006854
13 0.851836 0.436195 0.005456 0.007507
13 0.853935 0.437663 0.005456 0.007180
13 0.855614 0.439458 0.004617 0.006201
13 0.875236 0.470953 0.007345 0.005222
13 0.862749 0.478133 0.005037 0.007833
13 0.851521 0.466221 0.004407 0.008159
5 0.896957 0.511260 0.003778 0.004896
43 0.841973 0.559726 0.004197 0.010444
47 0.862959 0.548956 0.006296 0.009138
55 0.759496 0.495431 0.010073 0.011097
5 0.766002 0.461325 0.005037 0.003590
48 0.859496 0.459530 0.005247 0.007833
39 0.669045 0.513544 0.006296 0.006854
48 0.320147 0.561521 0.006925 0.010117
48 0.326758 0.571149 0.007975 0.010444
48 0.068940 0.563642 0.011542 0.011749
48 0.088877 0.467526 0.011962 0.011423
55 0.755299 0.288349 0.006296 0.013381
55 0.743757 0.290960 0.006296 0.012076
55 0.758972 0.308094 0.006086 0.012402
55 0.788458 0.304014 0.016789 0.007507
5 0.914166 0.106070 0.002938 0.006527
55 0.706086 0.336815 0.009864 0.011097
55 0.702204 0.344974 0.009234 0.012402
9 0.809339 0.207898 0.005666 0.009138
42 0.789087 0.330450 0.008395 0.008812
38 0.865897 0.468505 0.005037 0.006854
43 0.755404 0.489067 0.006506 0.006854
