48 0.092616 0.586623 0.031676 0.029364
5 0.131844 0.510114 0.004825 0.004241
5 0.115796 0.509951 0.003356 0.003915
5 0.119992 0.505710 0.004615 0.003915
5 0.120936 0.503589 0.004405 0.003589
9 0.181036 0.510440 0.007132 0.004241
9 0.180931 0.504405 0.006923 0.003915
9 0.182505 0.499674 0.007132 0.004241
9 0.184917 0.491680 0.004405 0.003263
48 0.159010 0.484829 0.063352 0.062643
48 0.025383 0.939478 0.013845 0.019250
5 0.038599 0.989886 0.004196 0.003263
9 0.527900 0.893148 0.005664 0.006199
5 0.668555 0.782382 0.005035 0.004568
5 0.672645 0.779608 0.005664 0.004241
5 0.938641 0.642088 0.005664 0.003915
5 0.202538 0.481729 0.003147 0.004241
48 0.193623 0.466232 0.004615 0.003915
48 0.122928 0.565416 0.009650 0.009135
5 0.109083 0.586297 0.002937 0.003915
48 0.106986 0.525285 0.023495 0.022838
48 0.192469 0.473246 0.013635 0.012072
48 0.208936 0.481077 0.003776 0.006199
13 0.203587 0.474715 0.003986 0.006525
5 0.152717 0.521370 0.006293 0.005220
5 0.173065 0.518760 0.002937 0.007178
48 0.126914 0.538336 0.044053 0.045677
48 0.115901 0.569494 0.011538 0.011419
47 0.069121 0.579772 0.007342 0.008483
47 0.065974 0.586134 0.004405 0.005546
