48 0.977788 0.502546 0.008764 0.010185
48 0.970082 0.506047 0.010275 0.009548
48 0.833484 0.632877 0.016319 0.021961
48 0.653370 0.646563 0.015110 0.024507
48 0.642339 0.630172 0.025083 0.051560
48 0.547597 0.646881 0.021759 0.039784
10 0.592626 0.602323 0.009671 0.004137
48 0.735721 0.548695 0.024479 0.026735
10 0.375944 0.493794 0.007857 0.013049
5 0.389695 0.339911 0.005742 0.005092
48 0.329707 0.323679 0.030221 0.017823
5 0.597915 0.596276 0.004533 0.006047
5 0.225899 0.551082 0.004533 0.006047
9 0.733756 0.445417 0.006649 0.004774
5 0.086280 0.067791 0.005742 0.003819
5 0.843004 0.578135 0.006346 0.005411
51 0.090360 0.079090 0.094893 0.158180
50 0.823663 0.663908 0.024479 0.018460
5 0.843911 0.582591 0.004533 0.006047
47 0.792082 0.684437 0.008462 0.009866
5 0.593231 0.608689 0.004835 0.006684
5 0.112874 0.036123 0.003324 0.004774
47 0.224539 0.527212 0.007857 0.007320
47 0.944394 0.526575 0.008462 0.008593
47 0.748111 0.577817 0.009368 0.012412
46 0.828951 0.579408 0.019946 0.024507
5 0.084013 0.128262 0.004231 0.003183
5 0.536718 0.562222 0.002418 0.003501
47 0.669235 0.586887 0.005742 0.007638
5 0.073738 0.077658 0.006044 0.006365
