48 0.041766 0.960298 0.014941 0.007799
48 0.519015 0.983339 0.006452 0.004963
50 0.096944 0.814605 0.022071 0.014179
48 0.010866 0.897377 0.016978 0.007444
48 0.058404 0.898972 0.014941 0.010635
48 0.128183 0.879121 0.012564 0.012761
48 0.134465 0.883552 0.012224 0.012407
48 0.097284 0.916164 0.007131 0.006735
48 0.025806 0.950727 0.014941 0.006381
48 0.010187 0.946473 0.013582 0.013470
48 0.042784 0.949840 0.016978 0.006026
48 0.058065 0.947891 0.013582 0.007799
48 0.111375 0.905353 0.012903 0.014179
5 0.105263 0.900390 0.003396 0.004963
48 0.187436 0.958703 0.014261 0.010989
48 0.202037 0.922900 0.007470 0.010989
48 0.251952 0.908898 0.012224 0.017015
48 0.316129 0.936902 0.012224 0.016306
48 0.334126 0.945232 0.013582 0.016661
48 0.352122 0.953385 0.012903 0.016661
48 0.378268 0.966501 0.013582 0.019497
48 0.387946 0.968096 0.012564 0.016306
48 0.397453 0.972173 0.012564 0.015952
48 0.424278 0.984757 0.014601 0.017015
48 0.525467 0.970932 0.014601 0.018433
48 0.097963 0.780574 0.009847 0.012761
48 0.045501 0.744771 0.007470 0.007799
48 0.063837 0.709500 0.008829 0.004608
48 0.050934 0.728820 0.008829 0.007090
5 0.094228 0.846331 0.004414 0.004608
48 0.095416 0.838355 0.014941 0.010635
48 0.063328 0.827543 0.015280 0.005317
48 0.078268 0.827012 0.016638 0.005672
48 0.079457 0.834633 0.014261 0.006735
48 0.138540 0.835165 0.013582 0.010635
48 0.151613 0.817795 0.012564 0.015597
48 0.154499 0.833392 0.009508 0.014179
48 0.519185 0.060617 0.021053 0.014888
48 0.542275 0.087735 0.010187 0.013825
8 0.336163 0.495037 0.006112 0.002481
48 0.024788 0.009748 0.013582 0.018788
5 0.403735 0.131159 0.005433 0.002127
5 0.356706 0.143389 0.005093 0.002481
48 0.206621 0.841723 0.011205 0.013116
48 0.128014 0.124778 0.018336 0.023396
48 0.125976 0.073024 0.016299 0.022687
48 0.104924 0.073201 0.023090 0.015243
48 0.068591 0.054059 0.021053 0.014534
48 0.114601 0.048919 0.017317 0.018433
48 0.177929 0.157923 0.021732 0.019497
48 0.184720 0.138426 0.023769 0.016661
48 0.193379 0.119816 0.024109 0.017724
48 0.657216 0.758951 0.015959 0.009217
48 0.073175 0.978376 0.009847 0.004963
48 0.287097 0.923077 0.004414 0.007090
48 0.289304 0.951613 0.006112 0.006026
48 0.034465 0.088267 0.020713 0.025523
5 0.046859 0.073024 0.004754 0.003545
10 0.541426 0.189649 0.005093 0.009217
48 0.362479 0.039525 0.024788 0.021624
6 0.360441 0.105814 0.005772 0.002481
5 0.368930 0.149061 0.005093 0.002481
5 0.358234 0.134172 0.004754 0.002481
48 0.332088 0.222262 0.020374 0.008508
48 0.377759 0.025700 0.021392 0.019497
48 0.428014 0.038993 0.022750 0.019142
48 0.526146 0.044665 0.016638 0.013470
48 0.509508 0.031195 0.025467 0.021269
48 0.526146 0.080468 0.024788 0.015597
48 0.498302 0.045728 0.023430 0.018433
48 0.473175 0.011521 0.019355 0.016661
48 0.057895 0.958703 0.015959 0.006026
48 0.114092 0.957994 0.006791 0.004608
48 0.126146 0.932648 0.005772 0.004963
48 0.176570 0.933357 0.008829 0.014179
48 0.167742 0.934598 0.006791 0.009571
48 0.147199 0.936193 0.005772 0.004254
48 0.241256 0.901808 0.020034 0.021978
48 0.228693 0.885324 0.007810 0.007444
48 0.281664 0.891705 0.011205 0.008862
48 0.275212 0.928394 0.010526 0.007799
48 0.291511 0.922368 0.007810 0.008508
48 0.295416 0.910847 0.010866 0.013116
48 0.324788 0.940624 0.014601 0.018788
50 0.344312 0.945055 0.010187 0.012052
48 0.359083 0.953740 0.007810 0.011698
50 0.363328 0.955689 0.008829 0.012052
48 0.320034 0.977490 0.011205 0.009571
48 0.277589 0.974300 0.009847 0.011698
48 0.277589 0.984403 0.009168 0.007799
48 0.406791 0.974654 0.011545 0.013825
48 0.410696 0.963665 0.010526 0.006735
50 0.417148 0.976072 0.009847 0.008153
48 0.484890 0.982985 0.008149 0.006381
48 0.491511 0.986175 0.010526 0.007090
48 0.486418 0.964374 0.008489 0.006735
48 0.501188 0.971287 0.006791 0.005672
48 0.426825 0.906593 0.005433 0.005317
48 0.456367 0.931585 0.006112 0.004963
48 0.419015 0.940624 0.014941 0.008862
48 0.377759 0.918114 0.005772 0.004963
48 0.395416 0.926799 0.005772 0.006026
48 0.386587 0.921127 0.011205 0.006735
48 0.373005 0.930876 0.011205 0.009217
48 0.382683 0.934598 0.009508 0.007444
48 0.391851 0.939029 0.008149 0.006381
50 0.341935 0.901453 0.010187 0.007090
48 0.351273 0.905884 0.008489 0.006735
48 0.358404 0.908898 0.005772 0.004963
50 0.331749 0.896845 0.004754 0.004254
48 0.316299 0.890642 0.005093 0.005317
48 0.323769 0.894009 0.009847 0.007090
48 0.301019 0.870790 0.009847 0.012407
50 0.211205 0.866359 0.013582 0.015597
50 0.187946 0.870259 0.009168 0.007799
48 0.148896 0.857497 0.012564 0.014888
48 0.143803 0.844736 0.005772 0.005672
5 0.050424 0.828784 0.005772 0.003545
5 0.037351 0.828784 0.005433 0.003545
48 0.030730 0.810883 0.004414 0.004608
48 0.198981 0.848635 0.004075 0.004963
48 0.230900 0.840659 0.019694 0.013116
48 0.203226 0.808933 0.008489 0.009217
48 0.135993 0.848990 0.020713 0.017724
48 0.101358 0.905707 0.007131 0.007090
50 0.095246 0.946118 0.008489 0.009926
50 0.144312 0.959943 0.007470 0.008508
48 0.041935 0.889755 0.016638 0.006381
48 0.653990 0.750089 0.016978 0.009926
48 0.549066 0.683800 0.012224 0.005672
13 0.592020 0.669266 0.004414 0.007090
48 0.801019 0.590748 0.008149 0.008862
48 0.909338 0.564339 0.005433 0.007090
48 0.865705 0.555654 0.008489 0.005317
48 0.659083 0.134350 0.004754 0.004254
5 0.512733 0.146934 0.004754 0.001772
5 0.532937 0.165721 0.005093 0.004608
48 0.510866 0.169266 0.022071 0.014534
48 0.494397 0.176001 0.018336 0.008862
48 0.508998 0.114676 0.016299 0.008153
48 0.487946 0.115739 0.016299 0.022333
48 0.460781 0.102446 0.004754 0.007799
48 0.509338 0.107231 0.012903 0.006026
50 0.413582 0.068238 0.023090 0.015243
14 0.427165 0.071960 0.006112 0.013470
50 0.326316 0.211982 0.026486 0.014179
48 0.414601 0.225275 0.006112 0.006026
48 0.418676 0.225806 0.006112 0.006381
48 0.414092 0.236973 0.017317 0.020915
5 0.395416 0.172811 0.006452 0.003899
5 0.389643 0.127792 0.003735 0.002481
5 0.404924 0.129032 0.005772 0.003545
48 0.429202 0.155619 0.005433 0.009217
5 0.431409 0.147997 0.003735 0.002481
5 0.392360 0.111840 0.004414 0.001772
5 0.392020 0.116094 0.002377 0.004608
50 0.355688 0.084544 0.019355 0.010989
48 0.377759 0.049982 0.005772 0.006381
48 0.392360 0.021269 0.007810 0.005672
48 0.465025 0.024814 0.024788 0.021269
50 0.520543 0.018079 0.013582 0.012761
48 0.526146 0.027473 0.007810 0.007444
5 0.203905 0.045728 0.004414 0.003545
5 0.202207 0.038107 0.003735 0.002481
48 0.207640 0.091811 0.007131 0.014888
48 0.205263 0.105105 0.009168 0.015952
5 0.198812 0.098369 0.005093 0.002481
48 0.121902 0.145339 0.012903 0.007090
48 0.113752 0.135413 0.006112 0.007799
48 0.108829 0.140021 0.010526 0.008508
5 0.104754 0.133995 0.003735 0.004254
5 0.107640 0.118929 0.002716 0.004608
48 0.092360 0.135590 0.010866 0.006735
5 0.121902 0.088444 0.006112 0.003190
48 0.060951 0.129032 0.006452 0.005672
48 0.024448 0.107940 0.016299 0.010280
48 0.097623 0.048564 0.010526 0.010635
48 0.030390 0.030663 0.012564 0.007444
48 0.027504 0.020560 0.014261 0.007090
48 0.080306 0.037398 0.009847 0.013116
48 0.152971 0.076923 0.009847 0.013470
48 0.156367 0.059199 0.007131 0.014179
50 0.154160 0.011343 0.019694 0.022687
48 0.164856 0.007090 0.007131 0.014179
48 0.213413 0.003190 0.023430 0.006381
48 0.447708 0.955158 0.007131 0.008153
48 0.368421 0.959057 0.008829 0.015243
48 0.305603 0.929812 0.006791 0.011343
48 0.302037 0.969869 0.011205 0.012761
50 0.305263 0.962425 0.008829 0.008508
48 0.293548 0.964552 0.011885 0.012761
48 0.280475 0.947182 0.008829 0.009217
7 0.353990 0.966501 0.005093 0.003899
5 0.375382 0.145516 0.003056 0.006026
5 0.382003 0.154910 0.004075 0.002836
48 0.073854 0.887628 0.017997 0.011343
48 0.200170 0.075328 0.024788 0.015952
48 0.192869 0.103509 0.021053 0.013470
48 0.066214 0.026232 0.019015 0.013470
48 0.068421 0.040766 0.015280 0.012761
48 0.338879 0.156505 0.027165 0.013116
48 0.392530 0.160759 0.021053 0.015243
48 0.450934 0.004077 0.021732 0.008153
48 0.618336 0.627260 0.016299 0.011698
48 0.057895 0.869904 0.013243 0.007799
48 0.063837 0.010812 0.023769 0.015243
48 0.063667 0.001772 0.026825 0.003545
48 0.097453 0.116803 0.021732 0.024459
58 0.033956 0.170861 0.023769 0.019851
58 0.021053 0.207019 0.023090 0.021978
58 0.311205 0.305211 0.024109 0.024105
58 0.324448 0.267636 0.020713 0.020560
48 0.312733 0.969869 0.011545 0.017015
5 0.357216 0.967919 0.004075 0.003190
48 0.340068 0.982453 0.013922 0.015952
5 0.417148 0.990429 0.002377 0.003545
48 0.014261 0.961538 0.006791 0.010989
48 0.016638 0.820808 0.014261 0.023041
8 0.106621 0.125842 0.002716 0.006381
48 0.204244 0.059553 0.024109 0.014888
48 0.358234 0.070365 0.021053 0.015243
48 0.474873 0.086671 0.015280 0.026586
14 0.607470 0.441333 0.009508 0.004963
48 0.128862 0.862992 0.023430 0.022333
48 0.165025 0.912088 0.008829 0.007799
48 0.100000 0.985643 0.007131 0.008862
48 0.403565 0.114676 0.021392 0.016661
48 0.337861 0.109890 0.006791 0.011343
5 0.147878 0.291032 0.005093 0.003545
48 0.514261 0.670684 0.009168 0.015597
48 0.334465 0.170861 0.023769 0.012761
48 0.332598 0.183977 0.023430 0.014179
48 0.329711 0.197448 0.025127 0.017724
48 0.459762 0.153137 0.021732 0.015597
48 0.543973 0.149770 0.025127 0.023041
48 0.461630 0.174406 0.020713 0.018433
48 0.451273 0.192485 0.019694 0.018433
48 0.479117 0.162886 0.014261 0.009571
48 0.346350 0.129564 0.023769 0.013116
48 0.412564 0.181319 0.024448 0.015243
48 0.472326 0.195498 0.018336 0.016661
48 0.049236 0.807692 0.010187 0.006735
48 0.271477 0.866359 0.008489 0.012052
48 0.102377 0.804325 0.007810 0.002836
5 0.137691 0.098192 0.004414 0.002836
5 0.663837 0.460121 0.006112 0.003545
48 0.448727 0.214108 0.023430 0.020560
48 0.222241 0.028536 0.008489 0.014534
48 0.517997 0.495569 0.008489 0.005672
48 0.626655 0.657214 0.022750 0.013470
5 0.642275 0.436370 0.004414 0.002836
48 0.482513 0.455335 0.006791 0.015243
48 0.512903 0.520560 0.011885 0.011698
5 0.519185 0.158632 0.004075 0.002481
48 0.437182 0.022333 0.020713 0.019142
48 0.039049 0.113789 0.016299 0.017015
48 0.177250 0.909429 0.010866 0.012407
5 0.389813 0.116625 0.003396 0.004963
5 0.080475 0.122829 0.005433 0.003190
48 0.401188 0.942574 0.011885 0.009217
48 0.478778 0.005672 0.025127 0.011343
48 0.064177 0.835165 0.015620 0.007090
48 0.423939 0.134527 0.022750 0.012407
48 0.426316 0.118575 0.020713 0.015243
48 0.130730 0.049096 0.010866 0.013825
48 0.352462 0.096242 0.022411 0.015952
48 0.341766 0.142857 0.031579 0.014888
48 0.410357 0.193903 0.026146 0.014888
5 0.698812 0.738391 0.002716 0.004254
8 0.438200 0.443991 0.003735 0.007444
5 0.057216 0.905884 0.005093 0.002481
48 0.440068 0.068061 0.020374 0.026232
48 0.471647 0.110776 0.022411 0.023041
48 0.443633 0.423963 0.007131 0.015597
48 0.270119 0.917760 0.009847 0.017724
48 0.597114 0.505317 0.024788 0.010280
5 0.173345 0.052641 0.003056 0.004608
48 0.133107 0.010635 0.023090 0.021269
48 0.403905 0.457462 0.010526 0.016661
48 0.260441 0.913151 0.011545 0.016306
48 0.073854 0.949131 0.015959 0.008153
48 0.008319 0.840305 0.005093 0.009571
5 0.413922 0.380184 0.005433 0.003190
5 0.377419 0.219603 0.005093 0.003190
48 0.295586 0.928394 0.009168 0.012052
48 0.042445 0.897022 0.016299 0.005317
48 0.495416 0.095888 0.020374 0.020915
48 0.026995 0.890464 0.017317 0.007799
48 0.012564 0.888515 0.013582 0.007444
48 0.078098 0.925381 0.008149 0.005317
10 0.198472 0.023750 0.006452 0.004963
48 0.213582 0.013116 0.026486 0.014888
48 0.379117 0.226338 0.024109 0.015952
48 0.095076 0.006735 0.024448 0.013470
48 0.142445 0.870259 0.009847 0.014179
48 0.270458 0.894718 0.013243 0.017015
5 0.011545 0.843318 0.003396 0.004963
8 0.656197 0.594293 0.004414 0.006735
48 0.519015 0.003013 0.015959 0.006026
48 0.088795 0.947714 0.006452 0.006026
48 0.433277 0.456398 0.008829 0.018079
48 0.465195 0.425913 0.007470 0.006026
48 0.602886 0.526941 0.019355 0.008862
51 0.420204 0.052464 0.014601 0.015597
5 0.442275 0.186636 0.003735 0.006026
10 0.203056 0.042538 0.004754 0.003545
48 0.194907 0.044133 0.009508 0.015952
48 0.485569 0.154732 0.021732 0.013825
48 0.457895 0.425558 0.008489 0.009571
48 0.286418 0.980858 0.010526 0.014179
5 0.740407 0.377526 0.003056 0.004963
48 0.446689 0.050868 0.024109 0.020206
48 0.532088 0.120525 0.023769 0.014179
48 0.331239 0.479617 0.021392 0.014179
48 0.638031 0.698511 0.023090 0.022333
48 0.521732 0.698334 0.020713 0.019851
48 0.079117 0.127792 0.021732 0.019497
48 0.014601 0.871145 0.007470 0.005317
48 0.461969 0.505849 0.012564 0.016306
5 0.528523 0.522687 0.004414 0.002481
48 0.403565 0.096774 0.020713 0.021269
48 0.394567 0.144630 0.025127 0.012761
48 0.169779 0.958348 0.012224 0.013116
48 0.038031 0.856079 0.008829 0.003545
48 0.166214 0.828252 0.013922 0.008862
48 0.145671 0.053527 0.015620 0.020560
48 0.528693 0.503899 0.008149 0.005317
48 0.029542 0.980503 0.006112 0.006381
48 0.151613 0.806806 0.009847 0.004254
48 0.315620 0.461361 0.011885 0.016661
48 0.062818 0.808047 0.004075 0.004608
5 0.307980 0.345268 0.006112 0.003545
48 0.383362 0.009571 0.026486 0.019142
48 0.461121 0.620702 0.008829 0.015597
48 0.026655 0.959057 0.015959 0.004608
48 0.036672 0.807692 0.009508 0.003190
6 0.517997 0.150479 0.007131 0.005317
5 0.117487 0.028359 0.004754 0.003545
10 0.735314 0.457107 0.005093 0.004608
5 0.548727 0.190181 0.004075 0.004608
48 0.410866 0.080822 0.023090 0.016306
48 0.218336 0.045197 0.012224 0.022333
48 0.026995 0.897200 0.013922 0.004963
48 0.121392 0.940801 0.007131 0.005672
48 0.091511 0.962425 0.011885 0.012052
48 0.022920 0.852357 0.004414 0.010280
48 0.443973 0.011875 0.019355 0.020915
48 0.444312 0.474654 0.008489 0.014888
48 0.473005 0.454272 0.010866 0.016661
48 0.659083 0.770471 0.023090 0.013825
48 0.160441 0.952145 0.012564 0.004254
6 0.530391 0.188054 0.004075 0.006735
5 0.535144 0.090216 0.005433 0.003190
5 0.349576 0.174583 0.005093 0.002481
48 0.116469 0.892237 0.012224 0.012052
48 0.490832 0.454449 0.011885 0.019142
48 0.590662 0.461538 0.018676 0.014888
48 0.126146 0.964374 0.008489 0.009571
48 0.433786 0.088621 0.026146 0.019851
48 0.416129 0.165899 0.024788 0.016306
48 0.205772 0.828075 0.010866 0.012761
48 0.365705 0.478022 0.010187 0.017370
48 0.156706 0.848812 0.014601 0.008862
48 0.008319 0.936902 0.008489 0.005672
48 0.344822 0.082063 0.009847 0.012407
5 0.370119 0.070897 0.005433 0.003545
48 0.417657 0.149770 0.022411 0.015952
48 0.350594 0.055477 0.007131 0.009571
48 0.544991 0.109713 0.012903 0.013825
5 0.833956 0.014357 0.005433 0.003899
5 0.113922 0.116625 0.005093 0.003545
48 0.456537 0.036866 0.023430 0.019142
48 0.383362 0.193194 0.023090 0.018433
48 0.452122 0.424672 0.004414 0.011343
48 0.600000 0.516661 0.023090 0.008862
48 0.098812 0.037398 0.034635 0.019497
48 0.451613 0.621411 0.008829 0.014179
48 0.212224 0.902340 0.006791 0.006735
48 0.125297 0.895959 0.010187 0.015243
48 0.396435 0.005672 0.038370 0.011343
