48 0.158169 0.006918 0.039011 0.013836
48 0.008497 0.050346 0.016995 0.022291
5 0.042874 0.362414 0.004635 0.003843
5 0.091155 0.149500 0.004635 0.004612
10 0.076477 0.072829 0.006180 0.005765
5 0.162225 0.147579 0.005407 0.004612
5 0.095211 0.053420 0.005794 0.006149
53 0.061221 0.109531 0.040556 0.036126
53 0.089417 0.141622 0.049826 0.048809
53 0.127076 0.164873 0.061800 0.033820
5 0.165701 0.143351 0.003090 0.003075
5 0.169564 0.141045 0.003862 0.003843
53 0.162032 0.144696 0.015836 0.017294
53 0.173426 0.131053 0.013132 0.016141
53 0.182696 0.120292 0.016222 0.017679
53 0.079181 0.082629 0.026265 0.026134
53 0.090962 0.065911 0.024334 0.024212
53 0.105446 0.048040 0.026265 0.029977
8 0.173812 0.061491 0.004635 0.003843
5 0.109888 0.068409 0.004249 0.004612
5 0.098687 0.080515 0.005021 0.004228
5 0.020664 0.383743 0.005021 0.005765
5 0.090189 0.088394 0.004249 0.003843
5 0.137891 0.147579 0.006180 0.003843
5 0.063731 0.110684 0.003862 0.003075
48 0.153341 0.115680 0.063345 0.064566
5 0.310351 0.095311 0.005021 0.004612
5 0.057744 0.116257 0.005021 0.004996
5 0.053882 0.111261 0.005021 0.004228
5 0.118772 0.286318 0.005794 0.006149
5 0.102163 0.076864 0.005021 0.004612
5 0.105639 0.241929 0.005794 0.005765
5 0.248358 0.098194 0.006180 0.004996
5 0.089803 0.082629 0.004249 0.003075
5 0.092507 0.086088 0.004249 0.003843
5 0.048861 0.107225 0.005021 0.003843
5 0.055234 0.099923 0.003862 0.003075
6 0.101777 0.048232 0.005794 0.006533
5 0.024913 0.325519 0.005021 0.004612
5 0.063731 0.106457 0.005407 0.004612
5 0.145230 0.164873 0.004635 0.004612
5 0.078409 0.070331 0.005407 0.004612
5 0.195635 0.210799 0.005021 0.007302
5 0.121282 0.056879 0.003862 0.003843
5 0.132290 0.278632 0.005021 0.006149
5 0.107184 0.072060 0.003476 0.003459
5 0.118192 0.058417 0.003862 0.004612
6 0.057551 0.102229 0.005407 0.003843
5 0.103901 0.074750 0.003090 0.003459
5 0.105253 0.073597 0.003476 0.004228
5 0.111819 0.066487 0.003476 0.003843
5 0.201815 0.211568 0.005021 0.004996
5 0.050985 0.109531 0.004635 0.003843
5 0.113750 0.064758 0.003476 0.004228
5 0.150058 0.160838 0.003476 0.004228
5 0.095017 0.082821 0.004635 0.004228
5 0.313828 0.035934 0.006566 0.004996
5 0.189262 0.067832 0.006952 0.005765
48 0.158942 0.018832 0.012746 0.010761
5 0.259367 0.091084 0.007339 0.003843
5 0.294708 0.055150 0.005407 0.005765
48 0.124565 0.082629 0.075319 0.066103
5 0.283893 0.127018 0.005407 0.006533
5 0.056392 0.292275 0.007725 0.004228
48 0.129973 0.017871 0.015064 0.016526
