48 0.996331 0.242506 0.007339 0.059185
48 0.983971 0.095311 0.032059 0.032283
48 0.994013 0.111453 0.011974 0.024596
48 0.994013 0.310338 0.011974 0.029593
48 0.385863 0.943697 0.009270 0.008839
55 0.835844 0.114912 0.033990 0.031514
48 0.949594 0.053805 0.027424 0.027671
48 0.756663 0.790930 0.058710 0.061491
9 0.810158 0.789585 0.004249 0.004228
13 0.766898 0.712529 0.006566 0.003075
13 0.761105 0.713874 0.004249 0.002690
13 0.808034 0.791314 0.006180 0.006918
5 0.877366 0.678324 0.004249 0.005380
13 0.751448 0.452344 0.008111 0.008455
9 0.732908 0.435819 0.005021 0.004612
13 0.735419 0.438317 0.006952 0.005765
13 0.730591 0.433705 0.007339 0.006533
13 0.728080 0.431015 0.006952 0.005765
48 0.731363 0.410261 0.011201 0.009608
5 0.838741 0.438509 0.003476 0.004612
5 0.766319 0.409685 0.006180 0.006149
13 0.971418 0.306495 0.013132 0.011145
13 0.951719 0.300346 0.006952 0.005765
13 0.949788 0.294965 0.010815 0.010377
55 0.927964 0.037663 0.028969 0.024596
13 0.808034 0.457148 0.006180 0.004996
48 0.092700 0.795926 0.023947 0.023059
47 0.316338 0.861645 0.006952 0.006918
51 0.327346 0.893928 0.064504 0.063028
48 0.302820 0.916410 0.010042 0.010377
48 0.295674 0.911222 0.008884 0.009224
48 0.790653 0.752882 0.013905 0.013067
55 0.948629 0.244235 0.010815 0.011145
55 0.960603 0.232898 0.010815 0.010761
55 0.884125 0.115296 0.032445 0.026134
55 0.858633 0.142967 0.027810 0.024596
55 0.913673 0.139124 0.033604 0.023059
55 0.882387 0.168332 0.032059 0.024596
53 0.718424 0.760377 0.049440 0.046503
53 0.684434 0.801307 0.044805 0.049962
5 0.050599 0.384896 0.003862 0.004996
53 0.757822 0.729823 0.039397 0.054573
5 0.668791 0.513835 0.005794 0.005380
48 0.927964 0.207341 0.035921 0.036510
48 0.052530 0.239431 0.006180 0.005380
48 0.744496 0.710992 0.009656 0.012298
48 0.955774 0.173905 0.029741 0.028055
48 0.243723 0.818409 0.045577 0.034973
48 0.781190 0.742121 0.004249 0.005380
48 0.976246 0.318217 0.022016 0.019216
48 0.800309 0.758839 0.009270 0.009608
48 0.073387 0.368563 0.021630 0.020753
48 0.089417 0.357417 0.015836 0.016141
5 0.338741 0.928324 0.003090 0.005765
48 0.967941 0.073982 0.020085 0.017294
48 0.048861 0.833782 0.017381 0.014220
48 0.895906 0.679477 0.019699 0.017679
48 0.882001 0.663144 0.032059 0.031130
48 0.785438 0.740008 0.005794 0.008071
5 0.173619 0.968486 0.006566 0.005380
48 0.795481 0.416410 0.110081 0.109531
48 0.976246 0.210799 0.043646 0.037279
