48 0.622973 0.074750 0.016602 0.009608
48 0.985135 0.031514 0.015830 0.022291
5 0.411390 0.453305 0.002703 0.004228
48 0.865637 0.108762 0.033977 0.041507
48 0.522008 0.036126 0.013127 0.016910
48 0.573552 0.056879 0.011197 0.013067
48 0.994402 0.010377 0.011197 0.020753
48 0.995753 0.027287 0.008494 0.015373
48 0.996139 0.052267 0.007722 0.019216
48 0.524131 0.091660 0.012741 0.022675
48 0.536100 0.096272 0.018919 0.018063
48 0.596525 0.107610 0.024710 0.025365
48 0.672780 0.014604 0.014286 0.009224
48 0.993629 0.728094 0.012741 0.019600
48 0.995560 0.779016 0.008108 0.009224
48 0.994209 0.769600 0.010811 0.008839
5 0.861776 0.061491 0.003861 0.006149
48 0.796332 0.061299 0.012741 0.018063
48 0.758108 0.069178 0.015058 0.019216
48 0.738803 0.059762 0.009653 0.012683
48 0.817375 0.016526 0.024710 0.026134
48 0.796911 0.003459 0.024710 0.006918
48 0.299807 0.128555 0.008108 0.006533
48 0.471429 0.154112 0.024710 0.018447
48 0.642664 0.101845 0.026641 0.015373
48 0.563127 0.005380 0.020463 0.010761
48 0.160811 0.003843 0.057529 0.007686
48 0.192085 0.031130 0.006564 0.005380
48 0.317761 0.028632 0.013900 0.011914
48 0.895174 0.037471 0.015058 0.026518
48 0.458880 0.029400 0.005019 0.011145
48 0.163320 0.009032 0.061776 0.017294
48 0.380888 0.156226 0.014286 0.018832
48 0.972780 0.112414 0.008108 0.008839
48 0.813127 0.037663 0.017761 0.013067
48 0.626255 0.175250 0.020077 0.008455
48 0.494595 0.155073 0.011583 0.028055
48 0.808108 0.634704 0.007722 0.011145
48 0.839768 0.067640 0.011583 0.013836
48 0.955212 0.018063 0.021622 0.024596
48 0.903475 0.093774 0.011583 0.016141
48 0.830502 0.005765 0.017761 0.011530
48 0.958687 0.762298 0.011583 0.007302
48 0.475869 0.032859 0.007336 0.005765
48 0.868726 0.145657 0.130502 0.053036
48 0.766409 0.180822 0.048649 0.019600
48 0.755791 0.142006 0.065251 0.028055
48 0.336293 0.124327 0.006950 0.009608
48 0.953475 0.752114 0.016602 0.013836
48 0.509846 0.101845 0.011969 0.026902
48 0.643436 0.137202 0.006564 0.005380
48 0.953668 0.696195 0.012355 0.015757
48 0.346911 0.133359 0.017375 0.012298
48 0.939768 0.093390 0.033205 0.027671
48 0.559846 0.012106 0.014672 0.008839
48 0.474131 0.037087 0.006178 0.005765
48 0.096139 0.009800 0.010039 0.004228
48 0.019884 0.142006 0.014286 0.010377
48 0.905405 0.107802 0.016216 0.014988
48 0.627606 0.166218 0.017375 0.007302
48 0.460618 0.179862 0.025483 0.018447
48 0.458880 0.171599 0.028185 0.020369
48 0.539575 0.153536 0.011969 0.018063
48 0.500386 0.105496 0.013900 0.038048
48 0.540541 0.015565 0.010811 0.013451
48 0.290734 0.003459 0.014672 0.006918
48 0.025483 0.242506 0.050965 0.059185
48 0.450193 0.017871 0.016216 0.009608
48 0.658687 0.009224 0.014672 0.015373
48 0.904054 0.754228 0.008880 0.009608
48 0.978958 0.756533 0.011197 0.013451
48 0.144402 0.577440 0.023938 0.017294
48 0.531853 0.032475 0.008108 0.011914
48 0.978571 0.915834 0.017375 0.006918
48 0.164865 0.019024 0.061776 0.016526
48 0.806371 0.068985 0.008880 0.008071
48 0.597490 0.018063 0.009653 0.010761
48 0.577220 0.023828 0.012355 0.012298
48 0.494981 0.070331 0.013900 0.013067
48 0.472201 0.015949 0.016216 0.017294
48 0.843822 0.053805 0.011197 0.016141
48 0.814093 0.090699 0.025869 0.039201
48 0.754247 0.161222 0.069112 0.026518
48 0.747683 0.111453 0.035907 0.016910
48 0.548263 0.040161 0.010811 0.015757
48 0.794402 0.109723 0.008880 0.007302
48 0.847490 0.022098 0.018533 0.031130
48 0.122587 0.633359 0.013514 0.013067
48 0.619112 0.201768 0.011197 0.009224
48 0.565444 0.183321 0.015058 0.009992
48 0.574517 0.153728 0.007722 0.028440
48 0.187838 0.073213 0.038996 0.014988
48 0.113900 0.203305 0.008494 0.008455
48 0.986100 0.653344 0.010811 0.011530
48 0.344015 0.142198 0.027799 0.013067
48 0.369884 0.156610 0.012355 0.010377
48 0.522201 0.173328 0.047490 0.013836
48 0.528571 0.151998 0.006178 0.018063
48 0.537259 0.077825 0.024324 0.010377
48 0.180888 0.062452 0.044402 0.018063
47 0.960811 0.143543 0.018919 0.044965
48 0.979923 0.817256 0.016216 0.015757
48 0.760618 0.215027 0.048649 0.006533
48 0.550386 0.148155 0.008108 0.038816
48 0.718340 0.028055 0.007336 0.007686
48 0.660618 0.002114 0.013900 0.004228
48 0.561004 0.039777 0.013127 0.017294
48 0.959073 0.102229 0.022394 0.030746
48 0.960039 0.038240 0.013514 0.019600
48 0.842085 0.010184 0.013900 0.017294
48 0.961197 0.744620 0.011969 0.009608
48 0.471042 0.031130 0.006178 0.009992
48 0.127606 0.013259 0.008880 0.013451
48 0.165058 0.029785 0.058301 0.017294
48 0.169112 0.147387 0.016216 0.013451
48 0.790154 0.634704 0.006564 0.012683
48 0.840541 0.107033 0.010811 0.012683
48 0.482046 0.129324 0.009653 0.013451
48 0.653089 0.086856 0.011969 0.027671
48 0.575483 0.118563 0.011969 0.008839
48 0.775097 0.111453 0.018919 0.027671
48 0.789382 0.125673 0.008108 0.008455
48 0.498649 0.023636 0.008108 0.010377
48 0.635328 0.146426 0.015830 0.010761
48 0.465637 0.186203 0.025483 0.019600
48 0.491506 0.105304 0.013127 0.039969
48 0.613127 0.003267 0.026255 0.006533
48 0.326255 0.077248 0.013900 0.009992
48 0.477413 0.004420 0.018919 0.008839
48 0.000386 0.095311 0.000772 0.032283
48 0.510232 0.139316 0.018147 0.022675
48 0.928958 0.004035 0.016988 0.008071
48 0.841120 0.083974 0.018919 0.011145
48 0.975869 0.831091 0.016602 0.014988
48 0.366023 0.425058 0.027027 0.029977
48 0.483012 0.100115 0.013900 0.038816
48 0.025676 0.118947 0.018919 0.018832
48 0.034749 0.129131 0.027027 0.029977
48 0.514479 0.032091 0.011969 0.014220
48 0.096525 0.649116 0.036293 0.026134
48 0.976641 0.653151 0.008108 0.015757
48 0.618726 0.211184 0.007336 0.008839
48 0.518147 0.011145 0.010811 0.008455
48 0.168340 0.041891 0.060232 0.016910
48 0.353668 0.153920 0.012355 0.010377
48 0.975869 0.771522 0.014286 0.008839
48 0.627220 0.182552 0.016602 0.007686
48 0.640734 0.202344 0.008108 0.014988
48 0.450965 0.156226 0.010811 0.010377
48 0.465251 0.030361 0.006950 0.010761
48 0.283205 0.075327 0.008880 0.009224
48 0.479344 0.000961 0.015058 0.001922
48 0.864286 0.075135 0.015830 0.015757
48 0.186293 0.593005 0.065251 0.065334
48 0.787259 0.044005 0.013127 0.020369
48 0.493822 0.051691 0.007722 0.011145
48 0.172587 0.051691 0.055598 0.015757
48 0.619112 0.010761 0.008880 0.008455
48 0.618340 0.083782 0.024324 0.015373
48 0.899614 0.135857 0.031660 0.033436
48 0.830309 0.110108 0.011969 0.014220
47 0.968147 0.041314 0.014286 0.018832
48 0.203475 0.092045 0.013900 0.023444
48 0.966216 0.817064 0.005019 0.005380
48 0.926448 0.686011 0.009653 0.009992
48 0.559073 0.020177 0.022394 0.011914
48 0.484363 0.024789 0.012741 0.014220
48 0.815251 0.627594 0.008108 0.004612
48 0.641313 0.119716 0.027027 0.009608
48 0.821815 0.645273 0.011197 0.007686
48 0.858108 0.610684 0.006564 0.011530
48 0.996332 0.630284 0.007336 0.008455
48 0.925290 0.072829 0.018919 0.022675
48 0.265637 0.022483 0.013900 0.010377
48 0.875676 0.110492 0.037066 0.046503
48 0.943050 0.693313 0.009653 0.014604
48 0.541506 0.001729 0.014286 0.003459
48 0.330695 0.046503 0.011197 0.009224
48 0.451544 0.008455 0.011969 0.009224
48 0.818919 0.104535 0.016216 0.019216
48 0.831274 0.065142 0.012355 0.014988
48 0.935714 0.016141 0.017375 0.017679
48 0.062162 0.148924 0.030888 0.031899
48 0.118919 0.218294 0.016988 0.016141
48 0.781274 0.124520 0.008880 0.009224
48 0.353861 0.120676 0.021236 0.017679
48 0.987838 0.802652 0.016602 0.014988
48 0.547683 0.072829 0.045946 0.018832
48 0.336680 0.056111 0.008494 0.009224
48 0.934749 0.688317 0.007722 0.009992
48 0.996332 0.645849 0.007336 0.005765
48 0.521622 0.005188 0.012355 0.010377
48 0.978958 0.047079 0.012741 0.013451
48 0.879730 0.683513 0.008880 0.014220
48 0.987645 0.642583 0.011583 0.013067
48 0.449228 0.027287 0.015830 0.013836
48 0.511197 0.153151 0.013900 0.014988
48 0.992664 0.118563 0.010811 0.020369
48 0.851158 0.081284 0.015058 0.012683
48 0.487452 0.047079 0.013514 0.015757
48 0.228958 0.033051 0.016216 0.038432
48 0.011390 0.129708 0.016602 0.013451
48 0.475869 0.045926 0.011197 0.008839
48 0.612741 0.057648 0.025483 0.026134
48 0.977220 0.093005 0.019305 0.023828
48 0.749807 0.102229 0.037066 0.017679
48 0.763514 0.199654 0.048263 0.020369
48 0.904826 0.066295 0.025097 0.026518
48 0.760039 0.124135 0.065251 0.027671
48 0.873745 0.701576 0.015444 0.010377
48 0.870656 0.725019 0.019305 0.014220
48 0.074131 0.472905 0.035521 0.030361
48 0.995367 0.655265 0.007722 0.010761
48 0.475676 0.189470 0.040927 0.026134
48 0.520656 0.144120 0.008880 0.031514
48 0.645367 0.084550 0.011969 0.028440
48 0.622394 0.096272 0.016216 0.012683
48 0.467761 0.040354 0.008108 0.005380
48 0.007143 0.111453 0.014286 0.024596
48 0.531274 0.013259 0.015444 0.015757
48 0.313707 0.125480 0.018147 0.008839
48 0.850965 0.609531 0.004633 0.004612
48 0.113707 0.521714 0.071429 0.067256
48 0.640734 0.181591 0.009653 0.026518
48 0.458494 0.151038 0.005792 0.006149
48 0.814093 0.060146 0.019691 0.010377
48 0.461776 0.030361 0.004633 0.009992
48 0.497876 0.008839 0.011969 0.010761
48 0.009846 0.310338 0.019691 0.029593
48 0.377413 0.171983 0.017375 0.011145
