48 0.368412 0.985915 0.015777 0.006501
48 0.291541 0.969484 0.009735 0.008306
5 0.275428 0.985193 0.004364 0.004334
5 0.293387 0.988985 0.004028 0.005417
5 0.304800 0.994041 0.004700 0.003250
5 0.279456 0.989527 0.004364 0.003611
5 0.185968 0.962441 0.007385 0.006501
57 0.121014 0.983388 0.008392 0.015168
48 0.317892 0.977970 0.008728 0.015890
48 0.327795 0.976345 0.015777 0.011195
10 0.385532 0.993499 0.004364 0.007223
48 0.115811 0.975804 0.014099 0.012279
48 0.142833 0.985013 0.036589 0.029252
11 0.332830 0.988263 0.005707 0.011195
10 0.338033 0.989166 0.005371 0.010112
10 0.377140 0.989888 0.004364 0.007223
48 0.308661 0.978512 0.012420 0.022030
10 0.371937 0.994583 0.004700 0.010112
