48 0.187249 0.502827 0.005079 0.005654
48 0.189254 0.506007 0.004812 0.004240
48 0.181369 0.516078 0.008821 0.008127
48 0.208500 0.512191 0.004277 0.006007
48 0.244721 0.533569 0.006148 0.006360
48 0.216520 0.553004 0.009088 0.010601
48 0.263165 0.578269 0.005613 0.006007
48 0.246325 0.565018 0.004544 0.004947
48 0.278268 0.513251 0.013900 0.013074
48 0.169473 0.651943 0.010692 0.009187
48 0.010158 0.855124 0.015504 0.021908
48 0.041967 0.893640 0.008019 0.007067
48 0.022855 0.893640 0.038760 0.037456
48 0.036889 0.898763 0.009088 0.009541
48 0.062416 0.920671 0.009890 0.008834
48 0.507084 0.983039 0.006950 0.009894
48 0.718792 0.988693 0.014435 0.012014
48 0.721465 0.943463 0.013900 0.014134
48 0.748196 0.881625 0.006950 0.005654
48 0.018845 0.613428 0.020048 0.025442
48 0.009757 0.595406 0.006683 0.009894
48 0.387463 0.662367 0.013633 0.012367
48 0.217723 0.450177 0.014167 0.014841
48 0.215450 0.526502 0.019246 0.018375
48 0.170543 0.632862 0.019246 0.019081
48 0.161454 0.620495 0.018712 0.014134
48 0.301524 0.639929 0.016038 0.016961
48 0.184309 0.477915 0.012563 0.013074
48 0.262096 0.503180 0.013098 0.014134
48 0.265170 0.645583 0.016038 0.012721
48 0.013098 0.869435 0.019246 0.017314
48 0.477813 0.969081 0.022187 0.020848
48 0.168137 0.460071 0.017642 0.012014
48 0.238974 0.553887 0.019781 0.018021
48 0.193130 0.863428 0.020583 0.018021
48 0.197273 0.496996 0.012831 0.015901
48 0.136060 0.484099 0.014969 0.012721
48 0.033414 0.883216 0.017642 0.019435
48 0.022989 0.859541 0.011762 0.012367
48 0.239508 0.499470 0.015504 0.018728
48 0.127773 0.801767 0.036889 0.031802
