48 0.658739 0.016608 0.074826 0.033216
48 0.579369 0.004947 0.228755 0.009894
48 0.092464 0.001767 0.006948 0.003534
48 0.092330 0.001590 0.006146 0.003180
5 0.818546 0.014841 0.004276 0.005654
5 0.813469 0.013428 0.004276 0.005654
5 0.820684 0.015018 0.003207 0.005300
5 0.816275 0.013074 0.003474 0.005654
5 0.804917 0.014488 0.003741 0.004240
5 0.809059 0.010601 0.005077 0.006360
5 0.801710 0.015724 0.004276 0.006714
5 0.811999 0.011661 0.003474 0.005654
5 0.806921 0.015548 0.004009 0.004947
51 0.588322 0.990813 0.010957 0.008481
5 0.115981 0.533039 0.004810 0.004594
5 0.119321 0.535159 0.006681 0.004594
5 0.118386 0.540989 0.006414 0.004240
5 0.123330 0.546290 0.006146 0.002827
5 0.124933 0.549117 0.004543 0.003534
5 0.127472 0.551943 0.004810 0.003534
5 0.134019 0.557597 0.005077 0.004947
48 0.251737 0.506537 0.009086 0.009541
48 0.157402 0.544876 0.010155 0.012014
48 0.172100 0.615371 0.017638 0.018021
48 0.189337 0.598587 0.009353 0.009187
48 0.207108 0.595406 0.009086 0.011307
48 0.211251 0.588163 0.013095 0.012367
48 0.209647 0.604417 0.009888 0.010954
48 0.213255 0.609541 0.009086 0.009187
48 0.233164 0.596643 0.016301 0.018021
48 0.234367 0.633216 0.013896 0.015548
48 0.231694 0.589223 0.012827 0.009541
48 0.224212 0.573498 0.009621 0.010601
48 0.448423 0.827208 0.008552 0.010601
48 0.669963 0.144700 0.005879 0.007420
9 0.226884 0.555124 0.011224 0.012721
9 0.198156 0.541519 0.012026 0.009541
48 0.286611 0.313251 0.009888 0.015194
5 0.270978 0.313781 0.002672 0.003534
48 0.237841 0.235689 0.040620 0.035336
48 0.231026 0.243286 0.040887 0.037102
48 0.224212 0.250883 0.040620 0.040989
48 0.217130 0.257774 0.043025 0.042756
48 0.212186 0.267668 0.043292 0.045583
48 0.299038 0.275265 0.011758 0.013428
48 0.293159 0.288693 0.013896 0.012721
48 0.943212 0.157951 0.077231 0.133569
5 0.953100 0.230565 0.002940 0.005300
59 0.330839 0.685689 0.019241 0.015901
52 0.266836 0.655830 0.108765 0.083392
52 0.236905 0.882509 0.139765 0.162898
48 0.647515 0.063251 0.009621 0.009187
48 0.082843 0.089046 0.023517 0.027562
48 0.123330 0.523852 0.025922 0.021555
48 0.132549 0.536219 0.025120 0.020848
52 0.198022 0.725972 0.110102 0.132509
52 0.322555 0.745583 0.129877 0.097526
52 0.409941 0.895406 0.173704 0.153357
48 0.249866 0.464664 0.018172 0.018375
8 0.197087 0.624735 0.008284 0.004947
5 0.184260 0.524205 0.004543 0.003887
39 0.188402 0.502827 0.011224 0.009894
48 0.284206 0.112898 0.007215 0.007420
48 0.986371 0.044170 0.006414 0.007067
40 0.142972 0.477739 0.006414 0.007067
5 0.963389 0.084806 0.003207 0.005654
48 0.927044 0.087456 0.017103 0.013781
52 0.060796 0.352827 0.095938 0.134629
52 0.167157 0.428445 0.117851 0.136042
10 0.207242 0.520141 0.006681 0.014134
10 0.205906 0.534099 0.007215 0.011661
8 0.200160 0.532155 0.005345 0.004240
48 0.242117 0.732686 0.013362 0.013074
5 0.403260 0.786396 0.005345 0.004594
48 0.770043 0.967491 0.014698 0.015548
48 0.259353 0.521908 0.011491 0.012014
16 0.364110 0.750530 0.012026 0.014134
16 0.388562 0.775265 0.010155 0.011307
5 0.974345 0.086572 0.004276 0.005654
39 0.191208 0.654064 0.009353 0.006360
10 0.241315 0.571555 0.010155 0.011661
10 0.296499 0.638163 0.013629 0.005654
10 0.192277 0.510777 0.010422 0.008834
39 0.208177 0.548940 0.010155 0.009541
39 0.195751 0.502650 0.005612 0.011661
39 0.221005 0.568021 0.010689 0.009541
5 0.960716 0.083922 0.003207 0.004594
5 0.978087 0.085866 0.002138 0.004240
5 0.980492 0.086572 0.002138 0.004947
5 0.984500 0.086219 0.003207 0.004947
10 0.219268 0.546996 0.010422 0.009894
48 0.457376 0.822085 0.012026 0.012367
5 0.948691 0.080212 0.003741 0.004947
10 0.234901 0.613074 0.007483 0.006360
39 0.192811 0.526148 0.008819 0.006360
5 0.818413 0.020848 0.004543 0.005654
48 0.887761 0.143463 0.018707 0.012721
39 0.195885 0.522792 0.010689 0.006714
39 0.198691 0.535159 0.008819 0.006007
48 0.211652 0.568021 0.015500 0.016608
43 0.301844 0.834806 0.004009 0.013781
5 0.809861 0.016608 0.003474 0.005654
10 0.247060 0.600883 0.007215 0.006714
8 0.221406 0.615018 0.007215 0.005300
39 0.200695 0.503004 0.004276 0.011661
39 0.161545 0.556890 0.008819 0.010601
43 0.284073 0.873675 0.011758 0.007420
5 0.968867 0.086042 0.004543 0.006007
43 0.141235 0.578622 0.007215 0.016608
48 0.189872 0.617491 0.021112 0.020848
48 0.217932 0.599117 0.022715 0.028622
5 0.814137 0.018551 0.005077 0.006007
39 0.179583 0.519081 0.008552 0.009187
5 0.956574 0.082686 0.004009 0.005654
39 0.251069 0.578799 0.012026 0.014841
48 0.058391 0.443463 0.018974 0.017668
48 0.230625 0.579682 0.018172 0.018021
10 0.181320 0.502827 0.009888 0.008481
5 0.811999 0.017845 0.003474 0.005300
39 0.189070 0.530565 0.011491 0.007420
