48 0.007473 0.506206 0.014946 0.014539
48 0.003567 0.499645 0.007133 0.014894
48 0.006114 0.479965 0.012228 0.015957
48 0.011379 0.486702 0.012568 0.013121
48 0.010870 0.597518 0.021739 0.019858
48 0.008832 0.421631 0.014946 0.012766
48 0.004076 0.370213 0.008152 0.011348
48 0.006454 0.343617 0.012908 0.012766
48 0.006114 0.606560 0.012228 0.017376
48 0.004076 0.431738 0.008152 0.013121
48 0.004586 0.613830 0.009171 0.023404
47 0.045516 0.893972 0.008832 0.010638
48 0.227582 0.415603 0.019701 0.017021
48 0.215523 0.432092 0.013247 0.010993
48 0.225883 0.440780 0.012908 0.012057
48 0.253397 0.411702 0.018342 0.018440
5 0.183254 0.569504 0.004416 0.004965
6 0.042459 0.676064 0.005435 0.005319
6 0.041101 0.691844 0.004755 0.004255
5 0.065557 0.686170 0.005435 0.003546
6 0.045856 0.685993 0.005435 0.003901
6 0.040251 0.682624 0.005095 0.003546
6 0.046875 0.672695 0.004755 0.004255
6 0.058933 0.641135 0.005095 0.004965
6 0.050272 0.672695 0.004076 0.003546
6 0.043988 0.669504 0.004416 0.004965
6 0.040082 0.673582 0.004755 0.004610
5 0.033288 0.703901 0.004755 0.004255
6 0.022418 0.702128 0.005435 0.004965
6 0.020380 0.700177 0.004755 0.004610
10 0.013247 0.715603 0.008152 0.004965
5 0.013247 0.718617 0.005435 0.002482
5 0.017154 0.721099 0.003736 0.003191
5 0.019192 0.718972 0.005095 0.003901
5 0.010190 0.728901 0.004076 0.003901
5 0.008832 0.731383 0.004076 0.003901
6 0.022079 0.737411 0.006793 0.006738
48 0.059613 0.779078 0.019361 0.016312
5 0.029891 0.701418 0.003397 0.003546
5 0.028023 0.699113 0.003057 0.003191
6 0.037364 0.678191 0.004755 0.003191
6 0.065048 0.642021 0.003736 0.004610
6 0.070143 0.637234 0.004416 0.004255
6 0.063179 0.635816 0.004076 0.004255
6 0.065727 0.637234 0.003736 0.003546
5 0.085768 0.634574 0.003736 0.004610
8 0.083560 0.636170 0.003397 0.004255
5 0.079314 0.636879 0.005095 0.003546
5 0.079823 0.632801 0.004755 0.003191
6 0.096298 0.595922 0.005095 0.005319
6 0.100883 0.593085 0.003397 0.006738
6 0.085598 0.602482 0.005435 0.006383
6 0.088995 0.626418 0.006114 0.005319
6 0.077955 0.621099 0.003736 0.006028
6 0.066406 0.630851 0.004416 0.004255
48 0.093920 0.572872 0.017323 0.015248
5 0.120245 0.588475 0.003397 0.003901
5 0.119395 0.591489 0.005095 0.003546
48 0.162194 0.639007 0.033628 0.029078
48 0.206522 0.669149 0.014266 0.012057
48 0.039912 0.855142 0.022758 0.024468
48 0.349355 0.012589 0.015285 0.015248
48 0.357846 0.019149 0.015285 0.017730
48 0.393173 0.020035 0.013247 0.017376
48 0.383662 0.014894 0.015285 0.015603
48 0.375340 0.009574 0.015625 0.013475
48 0.400645 0.027305 0.015285 0.014894
48 0.408288 0.031738 0.015625 0.014539
48 0.415931 0.037057 0.015285 0.014539
48 0.424253 0.043440 0.016984 0.015248
48 0.432575 0.048759 0.015965 0.013830
48 0.441236 0.054078 0.015625 0.016667
48 0.449049 0.060284 0.014946 0.016312
48 0.457541 0.067021 0.015625 0.017730
48 0.465863 0.071809 0.013927 0.015248
48 0.473336 0.078546 0.015965 0.017376
48 0.366168 0.024113 0.014266 0.012057
48 0.372452 0.029787 0.015965 0.015603
5 0.014776 0.568794 0.005095 0.003546
48 0.023098 0.519149 0.014946 0.015603
48 0.014776 0.512589 0.014606 0.014539
48 0.019871 0.491667 0.015965 0.016667
48 0.028023 0.498582 0.013927 0.015603
48 0.034647 0.505496 0.012908 0.013830
48 0.042120 0.511170 0.014946 0.015248
48 0.050272 0.520567 0.011549 0.011348
48 0.040761 0.532624 0.014946 0.014184
48 0.073539 0.538298 0.014606 0.013475
48 0.054688 0.545745 0.014946 0.015603
48 0.082031 0.543262 0.013927 0.015603
48 0.069973 0.558511 0.014266 0.014894
48 0.145720 0.510106 0.018342 0.015957
48 0.139266 0.517730 0.016984 0.014894
48 0.133662 0.525355 0.015285 0.014539
48 0.127038 0.533156 0.018342 0.015248
48 0.120754 0.540603 0.016644 0.013830
48 0.127378 0.559397 0.013587 0.012411
48 0.135530 0.553014 0.016984 0.014539
48 0.141474 0.545035 0.017323 0.014894
48 0.148947 0.538121 0.015965 0.013830
48 0.154721 0.530142 0.018003 0.014184
48 0.161175 0.522340 0.018682 0.015603
48 0.167459 0.514007 0.016304 0.013830
48 0.174423 0.507447 0.016644 0.013475
48 0.181046 0.500355 0.016304 0.014184
48 0.158118 0.496099 0.017323 0.015603
48 0.166101 0.487589 0.015625 0.015603
48 0.172215 0.480496 0.016984 0.014894
48 0.179518 0.472695 0.015965 0.016312
48 0.191916 0.457447 0.016304 0.014894
48 0.205842 0.469326 0.017663 0.013830
48 0.199898 0.477128 0.015285 0.013121
48 0.207371 0.438298 0.016644 0.013475
48 0.221637 0.449468 0.015965 0.013121
48 0.235224 0.435106 0.016644 0.014184
48 0.219769 0.422518 0.018342 0.015248
48 0.233016 0.407092 0.014946 0.014184
48 0.247283 0.419504 0.016984 0.014184
48 0.246264 0.391135 0.016984 0.016312
5 0.272418 0.404433 0.004076 0.003901
48 0.273268 0.389184 0.016644 0.012411
48 0.266474 0.396631 0.016644 0.013830
48 0.240149 0.399468 0.016304 0.014539
48 0.258492 0.374823 0.014946 0.016312
48 0.267493 0.373227 0.011209 0.010993
48 0.069293 0.295745 0.014946 0.014184
48 0.105469 0.292731 0.016644 0.017376
48 0.138927 0.292908 0.016984 0.014184
48 0.129586 0.451418 0.015285 0.017021
48 0.119226 0.442021 0.015625 0.015957
48 0.099864 0.448404 0.014266 0.014539
48 0.059613 0.525532 0.013247 0.014894
48 0.300951 0.533688 0.012908 0.009220
5 0.297045 0.528546 0.003057 0.003901
48 0.253057 0.570922 0.013587 0.012057
48 0.331352 0.585816 0.017323 0.014894
48 0.355129 0.569858 0.014606 0.008511
48 0.094769 0.709043 0.036005 0.040071
6 0.056895 0.659574 0.004416 0.004255
5 0.009851 0.648936 0.003397 0.003546
8 0.007812 0.647695 0.004076 0.004610
48 0.251868 0.385106 0.014606 0.014184
48 0.254076 0.110816 0.021739 0.018794
48 0.241678 0.100532 0.017323 0.018085
8 0.495924 0.038121 0.004755 0.006028
39 0.464164 0.028191 0.006454 0.008156
5 0.503397 0.046099 0.006793 0.004965
5 0.512568 0.036170 0.005435 0.003546
5 0.400645 0.291844 0.003736 0.004255
48 0.188010 0.492730 0.017323 0.014539
5 0.053668 0.663830 0.003397 0.003546
48 0.039232 0.584752 0.049932 0.050355
48 0.047215 0.373582 0.016984 0.015248
48 0.053838 0.366667 0.016644 0.014184
48 0.059443 0.383511 0.011549 0.010993
48 0.014946 0.413121 0.013587 0.012766
48 0.021399 0.405674 0.015625 0.010638
48 0.027683 0.398050 0.014606 0.012411
5 0.052989 0.414894 0.004755 0.004255
11 0.469769 0.033688 0.008152 0.012766
5 0.314708 0.080496 0.003736 0.002128
5 0.023098 0.731206 0.005435 0.002837
48 0.193954 0.484574 0.015625 0.018085
5 0.012398 0.722163 0.003736 0.003901
5 0.008492 0.720922 0.003397 0.003546
5 0.010020 0.721808 0.003057 0.003191
5 0.112942 0.640248 0.006454 0.005319
9 0.114640 0.595213 0.004416 0.004610
9 0.085428 0.549113 0.005095 0.005319
5 0.074049 0.448936 0.006114 0.005674
48 0.017154 0.454255 0.005774 0.005674
5 0.018512 0.394326 0.005774 0.004255
5 0.153702 0.323936 0.003057 0.003191
48 0.122622 0.312766 0.016984 0.014894
48 0.131793 0.303369 0.016984 0.016667
5 0.139266 0.287411 0.004755 0.004610
48 0.108186 0.332624 0.027514 0.019858
48 0.091372 0.320922 0.021060 0.018440
5 0.185802 0.283333 0.004755 0.004255
5 0.264436 0.280496 0.003736 0.004255
5 0.247622 0.284929 0.002717 0.003901
5 0.249151 0.285993 0.003057 0.003191
48 0.332371 0.339894 0.014606 0.012411
5 0.312840 0.335106 0.004755 0.003546
48 0.239810 0.425177 0.015625 0.013475
5 0.318274 0.177837 0.005435 0.003191
7 0.500340 0.167908 0.004755 0.005319
48 0.526325 0.039362 0.013247 0.009929
48 0.507643 0.058688 0.009851 0.009574
48 0.523268 0.063652 0.009171 0.007447
48 0.524796 0.050887 0.019022 0.013121
48 0.544158 0.038121 0.009511 0.007447
48 0.516814 0.022163 0.011889 0.010284
5 0.580673 0.036348 0.003736 0.004610
5 0.415251 0.072695 0.004416 0.004255
5 0.407269 0.076241 0.004755 0.004965
48 0.231148 0.120390 0.013927 0.012411
48 0.217901 0.135284 0.013927 0.013830
5 0.282609 0.154078 0.004076 0.003901
5 0.329484 0.348582 0.003397 0.004255
5 0.312840 0.351773 0.004076 0.004255
48 0.345958 0.630142 0.009171 0.006383
48 0.527514 0.460638 0.026495 0.017730
48 0.553668 0.481560 0.013587 0.005674
48 0.786515 0.549468 0.015285 0.013830
48 0.796196 0.556206 0.013587 0.013830
48 0.772588 0.546808 0.007812 0.007801
48 0.777344 0.549468 0.007133 0.008156
48 0.602072 0.588830 0.023438 0.013830
48 0.916780 0.371986 0.018342 0.007801
48 0.920516 0.353369 0.027174 0.029433
50 0.948539 0.975355 0.009171 0.006738
5 0.519871 0.077482 0.007133 0.004610
5 0.501868 0.053369 0.004416 0.003901
10 0.453635 0.024113 0.005095 0.005674
5 0.497792 0.050887 0.005095 0.003901
7 0.456182 0.025355 0.003397 0.005319
48 0.271909 0.240071 0.005774 0.006383
5 0.281929 0.299291 0.004076 0.003546
5 0.279212 0.296809 0.003397 0.003546
47 0.028363 0.323050 0.006454 0.004965
47 0.035836 0.328901 0.005774 0.006028
5 0.080163 0.285816 0.004076 0.004255
48 0.381963 0.035284 0.014606 0.015957
48 0.388247 0.040603 0.015625 0.015248
48 0.397928 0.047340 0.013927 0.016667
48 0.405571 0.053014 0.012908 0.014539
48 0.413893 0.059397 0.013927 0.014539
48 0.422554 0.063475 0.014266 0.018440
48 0.430876 0.070213 0.012568 0.014894
48 0.437840 0.076241 0.014946 0.018440
48 0.446332 0.081206 0.014946 0.014184
48 0.455333 0.087234 0.013247 0.016312
48 0.462976 0.092376 0.012908 0.015957
48 0.470109 0.098227 0.016984 0.017730
48 0.482677 0.082270 0.014946 0.017021
48 0.480469 0.104787 0.015965 0.018085
48 0.312840 0.026773 0.016304 0.014539
48 0.302649 0.041844 0.013587 0.015603
48 0.322181 0.033865 0.012568 0.013830
48 0.311481 0.049291 0.013587 0.016312
48 0.328465 0.041312 0.011549 0.013830
48 0.319973 0.054255 0.012908 0.016312
48 0.337636 0.044858 0.012228 0.015248
48 0.329144 0.058156 0.009511 0.012057
48 0.345109 0.050887 0.013587 0.014539
48 0.337466 0.065071 0.014606 0.015957
48 0.353091 0.056560 0.012568 0.016667
48 0.343240 0.071809 0.013927 0.013121
48 0.362602 0.061525 0.014606 0.016667
48 0.351223 0.077660 0.013587 0.016312
48 0.370924 0.068262 0.014266 0.016667
48 0.359885 0.082979 0.018003 0.017730
48 0.379416 0.073404 0.014946 0.017730
48 0.368546 0.088830 0.012908 0.017376
48 0.387228 0.079965 0.012228 0.015248
48 0.376019 0.094858 0.013587 0.015248
48 0.385360 0.101064 0.015285 0.018440
48 0.395380 0.084574 0.013587 0.016667
48 0.393852 0.106206 0.017323 0.017376
48 0.404042 0.091489 0.013927 0.017021
48 0.411855 0.096099 0.012568 0.017730
48 0.401664 0.111525 0.011889 0.015248
48 0.420516 0.103014 0.013587 0.018085
48 0.409817 0.116844 0.013247 0.017376
48 0.428159 0.109929 0.011889 0.017021
48 0.436481 0.114007 0.012908 0.015957
48 0.425272 0.129433 0.013587 0.016312
48 0.434103 0.135461 0.014946 0.017021
48 0.443614 0.119681 0.012908 0.018085
48 0.452615 0.125709 0.012568 0.018085
48 0.442086 0.140248 0.014606 0.015957
48 0.450408 0.146631 0.014266 0.015248
48 0.460088 0.131028 0.012568 0.015957
48 0.468071 0.137057 0.015625 0.017376
48 0.458560 0.152482 0.013587 0.014894
48 0.438859 0.179255 0.014946 0.018085
48 0.419497 0.188121 0.016304 0.020922
48 0.431046 0.173759 0.014946 0.014894
48 0.421875 0.168617 0.014266 0.018085
48 0.412194 0.182092 0.013927 0.015957
48 0.403872 0.176064 0.014946 0.018085
48 0.414232 0.162057 0.013927 0.012766
48 0.405740 0.155674 0.013247 0.018440
48 0.395890 0.171099 0.013927 0.016667
48 0.388077 0.165071 0.015285 0.013830
48 0.398268 0.151241 0.014606 0.018085
48 0.380605 0.158511 0.013247 0.017730
48 0.389266 0.145922 0.014946 0.016667
48 0.371773 0.154433 0.013247 0.016667
48 0.381284 0.138475 0.015285 0.015248
48 0.362432 0.148759 0.015625 0.018085
48 0.373811 0.132447 0.015285 0.016667
48 0.365489 0.128191 0.012908 0.015248
48 0.354450 0.143085 0.013927 0.015957
48 0.357167 0.123404 0.013927 0.015603
48 0.347147 0.137234 0.013587 0.014894
48 0.340014 0.131560 0.014266 0.014894
48 0.349524 0.117199 0.012908 0.013830
48 0.331692 0.125709 0.013927 0.014539
48 0.340523 0.113121 0.011209 0.012766
48 0.325068 0.117021 0.011549 0.010638
48 0.331861 0.106028 0.011549 0.010638
48 0.316067 0.114362 0.009851 0.013830
48 0.323879 0.101596 0.012568 0.010993
48 0.306556 0.108688 0.015285 0.015248
48 0.316916 0.094858 0.012908 0.013121
48 0.298913 0.102660 0.015625 0.015248
48 0.309443 0.088830 0.014266 0.017376
48 0.290761 0.097163 0.012228 0.014894
48 0.300611 0.083333 0.015625 0.017730
48 0.282439 0.091312 0.014606 0.016667
48 0.293478 0.076596 0.014946 0.014894
48 0.273438 0.084574 0.014946 0.018085
48 0.285156 0.071631 0.015965 0.017730
48 0.331861 0.204255 0.016984 0.016312
48 0.342561 0.221809 0.018682 0.014539
48 0.327785 0.212057 0.016984 0.014894
48 0.320652 0.220213 0.016984 0.014184
48 0.335598 0.229610 0.014946 0.013830
48 0.330503 0.238298 0.019701 0.015603
48 0.314029 0.226950 0.018003 0.014894
48 0.324728 0.245745 0.016304 0.014184
48 0.308933 0.235638 0.014606 0.012411
48 0.350034 0.266312 0.018003 0.020567
48 0.366508 0.275887 0.018342 0.017021
48 0.357846 0.257092 0.016644 0.013475
48 0.378227 0.259220 0.016644 0.013475
48 0.372622 0.268085 0.016304 0.014184
48 0.362602 0.248759 0.014606 0.013121
48 0.383662 0.251064 0.015965 0.012057
48 0.369056 0.241135 0.018682 0.013475
48 0.388077 0.243085 0.015965 0.014539
48 0.375000 0.233333 0.016984 0.013475
48 0.394701 0.235106 0.015625 0.013475
48 0.379586 0.224113 0.019361 0.014184
48 0.399626 0.227305 0.015285 0.014184
48 0.384511 0.216667 0.014946 0.012766
48 0.405571 0.219504 0.016984 0.012766
48 0.392663 0.209043 0.015625 0.013830
48 0.357507 0.198050 0.019361 0.015957
48 0.319124 0.155674 0.018682 0.016312
48 0.301121 0.145213 0.021399 0.015957
48 0.311651 0.164894 0.016644 0.016312
48 0.296875 0.155319 0.020380 0.015603
48 0.306386 0.173582 0.017663 0.014539
48 0.291101 0.163475 0.017663 0.016312
48 0.301461 0.181915 0.018003 0.015603
48 0.284307 0.170922 0.015625 0.013475
48 0.293988 0.188830 0.015965 0.013830
48 0.280231 0.178191 0.016304 0.013830
48 0.272928 0.186348 0.019361 0.017376
48 0.290591 0.199291 0.018003 0.016312
48 0.282779 0.206915 0.018003 0.015957
48 0.268512 0.195213 0.014606 0.015957
48 0.220788 0.197695 0.018342 0.015957
48 0.212126 0.205851 0.018682 0.015248
48 0.205333 0.217376 0.020041 0.016312
48 0.195312 0.225532 0.021060 0.016312
48 0.188859 0.234574 0.021060 0.018085
48 0.182405 0.247872 0.021060 0.018440
48 0.173064 0.256560 0.020041 0.016667
48 0.163043 0.265780 0.018342 0.015957
48 0.155401 0.275355 0.020041 0.017376
48 0.148777 0.283156 0.021739 0.018085
48 0.335768 0.303546 0.015965 0.019858
48 0.324898 0.317908 0.010530 0.013121
48 0.326427 0.299823 0.017663 0.017376
48 0.319803 0.292021 0.015965 0.015957
48 0.308084 0.308156 0.014946 0.017730
48 0.299592 0.301418 0.016984 0.017730
48 0.313689 0.285816 0.017323 0.014184
48 0.292459 0.293440 0.016304 0.013830
48 0.304688 0.279610 0.016984 0.015957
48 0.285156 0.287411 0.015285 0.014539
48 0.297554 0.273759 0.013587 0.013475
48 0.279891 0.279078 0.011549 0.011348
48 0.290591 0.267731 0.013247 0.012057
48 0.270890 0.274823 0.014606 0.014184
48 0.281760 0.262411 0.015285 0.016312
48 0.263417 0.268262 0.013927 0.014539
48 0.274457 0.254255 0.015625 0.014894
48 0.256114 0.261170 0.014946 0.014539
48 0.266474 0.248227 0.015285 0.013475
48 0.247283 0.254965 0.015625 0.018440
48 0.259851 0.240780 0.017663 0.015603
48 0.239640 0.249113 0.014606 0.014539
48 0.251189 0.234929 0.015285 0.016667
48 0.232507 0.243794 0.014606 0.016667
48 0.224864 0.237057 0.015625 0.015957
48 0.244226 0.228546 0.014946 0.017376
48 0.236073 0.222163 0.016304 0.016667
48 0.203635 0.264007 0.015965 0.015957
48 0.191916 0.276596 0.012228 0.015603
48 0.199049 0.283333 0.012228 0.013475
48 0.211107 0.269149 0.011209 0.013475
48 0.218240 0.274645 0.016644 0.016667
48 0.206182 0.289539 0.014946 0.017376
48 0.214504 0.295745 0.015285 0.016312
48 0.222486 0.301596 0.014946 0.014539
48 0.226393 0.282447 0.013247 0.013830
48 0.233016 0.289539 0.012228 0.011702
48 0.229280 0.308865 0.014946 0.017021
48 0.242697 0.293972 0.015285 0.017021
48 0.249321 0.301241 0.014946 0.019504
48 0.236753 0.315248 0.014266 0.015603
48 0.257473 0.307447 0.016304 0.018440
48 0.253057 0.327660 0.016304 0.017021
48 0.263927 0.315426 0.012908 0.015248
48 0.270550 0.320922 0.015965 0.016312
48 0.279212 0.325177 0.015625 0.017730
48 0.287194 0.331028 0.014606 0.015248
48 0.261549 0.333156 0.013587 0.015248
48 0.267493 0.339716 0.014606 0.017730
48 0.274966 0.345745 0.013927 0.015603
48 0.248811 0.317553 0.009171 0.008156
48 0.298234 0.341312 0.023098 0.020922
48 0.282269 0.352482 0.012228 0.013475
48 0.216882 0.364539 0.013927 0.017021
48 0.232677 0.353546 0.015625 0.017730
48 0.224864 0.345567 0.014266 0.015957
48 0.208899 0.357624 0.013587 0.015248
48 0.217052 0.339362 0.012908 0.017730
48 0.209409 0.333511 0.013247 0.015248
48 0.196841 0.348227 0.016644 0.017730
48 0.190217 0.340957 0.012908 0.013830
48 0.200577 0.329255 0.011889 0.013830
48 0.192935 0.322163 0.012908 0.015248
48 0.175781 0.331915 0.013927 0.016312
48 0.186141 0.317021 0.012228 0.013475
48 0.167289 0.323404 0.014606 0.016312
48 0.178668 0.309397 0.011549 0.013830
48 0.170856 0.301241 0.013587 0.014539
48 0.158798 0.316844 0.015285 0.011702
5 0.155231 0.368085 0.004755 0.005674
48 0.212806 0.393794 0.021399 0.021631
48 0.195822 0.408511 0.018003 0.018440
48 0.188859 0.399468 0.012908 0.015248
48 0.199219 0.385106 0.014606 0.015603
48 0.178838 0.393794 0.015285 0.016667
48 0.191576 0.378369 0.013587 0.014894
48 0.178838 0.370390 0.014606 0.016667
48 0.167120 0.384220 0.016304 0.015957
48 0.159647 0.377128 0.012908 0.015957
48 0.172045 0.364184 0.012568 0.014184
48 0.160156 0.352837 0.016644 0.021986
48 0.146060 0.367199 0.014266 0.017376
48 0.150136 0.345390 0.014266 0.016312
48 0.137738 0.359397 0.015285 0.015957
48 0.130605 0.351241 0.015285 0.015248
48 0.142323 0.338652 0.013587 0.016312
5 0.121943 0.413121 0.004755 0.003546
48 0.166101 0.443440 0.016984 0.018085
48 0.177140 0.428546 0.016644 0.015957
48 0.156760 0.434043 0.013247 0.015603
48 0.149117 0.428901 0.014266 0.015248
48 0.168478 0.421809 0.012228 0.015957
48 0.161515 0.414716 0.015965 0.015957
48 0.138077 0.419149 0.017323 0.017021
48 0.148947 0.405142 0.011209 0.012411
48 0.129925 0.412943 0.013927 0.016667
48 0.143342 0.396809 0.016984 0.020567
48 0.117527 0.401596 0.016304 0.016667
48 0.128227 0.387766 0.013927 0.017376
48 0.120584 0.381560 0.014266 0.017021
48 0.107167 0.397163 0.013247 0.017730
48 0.112262 0.374113 0.014606 0.016312
48 0.100374 0.388298 0.013927 0.018440
48 0.129755 0.474823 0.016984 0.019858
48 0.147079 0.465957 0.017663 0.017021
48 0.121603 0.468972 0.012908 0.015248
48 0.137738 0.457801 0.013247 0.017730
48 0.113961 0.462943 0.015965 0.017376
48 0.106148 0.456738 0.015965 0.016312
48 0.111073 0.435993 0.014266 0.013830
48 0.090863 0.443085 0.015285 0.016667
48 0.098166 0.423759 0.013587 0.017730
48 0.084409 0.436348 0.011889 0.016667
48 0.089844 0.415957 0.015965 0.015603
48 0.076427 0.431028 0.015625 0.016667
48 0.069293 0.423759 0.014946 0.014184
48 0.081522 0.411348 0.013587 0.014894
48 0.099015 0.516667 0.018003 0.019858
48 0.110734 0.502482 0.016304 0.020567
48 0.090014 0.508511 0.016984 0.017021
48 0.103261 0.493617 0.015625 0.019858
48 0.080842 0.502837 0.016304 0.017021
48 0.093920 0.487234 0.016644 0.015603
48 0.074219 0.494149 0.014606 0.016667
48 0.086447 0.481383 0.013927 0.015957
48 0.066746 0.488652 0.015285 0.014894
48 0.078635 0.475355 0.014606 0.015957
48 0.059952 0.482447 0.013927 0.013121
48 0.070312 0.468794 0.014946 0.016312
48 0.053499 0.476064 0.017323 0.017376
48 0.064368 0.461348 0.013927 0.015603
48 0.045007 0.469858 0.016644 0.017021
48 0.055367 0.455851 0.014266 0.017376
48 0.048913 0.449291 0.016984 0.016312
48 0.037024 0.463121 0.015625 0.016312
48 0.097486 0.286348 0.015625 0.017376
48 0.290761 0.357979 0.014946 0.016667
48 0.246094 0.139184 0.037024 0.033688
5 0.236923 0.355496 0.003736 0.004610
5 0.557745 0.087589 0.004076 0.004255
39 0.506284 0.026418 0.005095 0.006028
5 0.349015 0.246631 0.005774 0.003901
10 0.422554 0.268972 0.004755 0.004610
4 0.332711 0.379965 0.004416 0.005319
10 0.017493 0.654610 0.005774 0.004965
6 0.072860 0.640248 0.003736 0.004610
6 0.353770 0.099291 0.005095 0.004255
5 0.350543 0.102305 0.004076 0.004610
6 0.405231 0.196986 0.004755 0.003901
6 0.068954 0.643262 0.004755 0.005674
48 0.139436 0.518085 0.020041 0.017021
5 0.479620 0.139184 0.003397 0.005319
8 0.489300 0.018794 0.006454 0.006383
10 0.007133 0.821631 0.004755 0.005674
5 0.488451 0.009752 0.004076 0.005319
6 0.023438 0.694504 0.004755 0.006028
8 0.403193 0.072518 0.005435 0.006738
5 0.077106 0.445922 0.004755 0.003901
10 0.300781 0.383688 0.007133 0.005674
6 0.346467 0.093794 0.006114 0.003901
48 0.293818 0.619858 0.015625 0.014894
8 0.593920 0.018972 0.005095 0.005319
5 0.503057 0.022340 0.004076 0.004965
10 0.126189 0.617021 0.008492 0.003546
48 0.059103 0.309574 0.020380 0.018440
48 0.065217 0.303369 0.016984 0.015957
48 0.259001 0.405496 0.016644 0.013830
8 0.491338 0.040780 0.004416 0.005674
48 0.051970 0.319681 0.016304 0.015248
6 0.057914 0.667199 0.005095 0.006028
48 0.143512 0.680496 0.013247 0.014184
5 0.069803 0.581383 0.004416 0.003901
6 0.434613 0.249823 0.005774 0.005319
13 0.498471 0.054787 0.008492 0.007447
48 0.276664 0.125887 0.014606 0.017021
6 0.038553 0.685461 0.005095 0.003546
48 0.061141 0.357092 0.019022 0.021986
48 0.036685 0.417021 0.013587 0.013475
5 0.312500 0.407801 0.004076 0.005674
5 0.142154 0.306560 0.005774 0.003901
6 0.122622 0.636348 0.004755 0.004610
48 0.061990 0.552482 0.011889 0.012766
5 0.129755 0.567908 0.004076 0.004610
48 0.031760 0.422518 0.019361 0.023759
48 0.037364 0.388475 0.020380 0.028014
48 0.084579 0.363652 0.019022 0.023050
11 0.489810 0.024291 0.005435 0.004610
5 0.483526 0.024468 0.005774 0.002837
48 0.365659 0.188652 0.016644 0.014184
6 0.042459 0.681383 0.006114 0.003901
9 0.479789 0.031738 0.009851 0.013121
48 0.417289 0.122340 0.013247 0.014894
48 0.347996 0.177305 0.013927 0.013475
6 0.023268 0.689894 0.004416 0.005319
48 0.069803 0.376596 0.020041 0.020567
5 0.081012 0.623582 0.002378 0.004610
8 0.592561 0.043440 0.005774 0.006028
5 0.493207 0.015248 0.004755 0.004255
6 0.099524 0.603546 0.006114 0.005674
8 0.604110 0.018440 0.005095 0.005674
48 0.113451 0.547695 0.013587 0.013121
48 0.067086 0.346277 0.024796 0.025887
8 0.469260 0.055496 0.007133 0.004610
9 0.115149 0.624645 0.004076 0.004610
48 0.094429 0.344858 0.022418 0.025887
48 0.044497 0.326418 0.013587 0.013830
5 0.013587 0.652305 0.004755 0.003901
5 0.076427 0.631915 0.004076 0.005674
6 0.040591 0.666844 0.004416 0.005319
8 0.095958 0.416489 0.005095 0.005319
5 0.602242 0.016489 0.004755 0.003901
48 0.066406 0.531560 0.010530 0.013475
48 0.023947 0.595035 0.019361 0.017730
48 0.045007 0.409397 0.022079 0.026596
5 0.075238 0.304255 0.004416 0.004255
10 0.189538 0.290957 0.006114 0.006028
48 0.058254 0.392376 0.022079 0.022340
6 0.070992 0.629610 0.010870 0.012411
5 0.265795 0.411702 0.004416 0.004965
5 0.266135 0.232447 0.005095 0.004610
48 0.016304 0.439539 0.018342 0.020922
5 0.251019 0.389184 0.004076 0.003191
5 0.347826 0.361348 0.004076 0.004255
10 0.415591 0.272695 0.005095 0.004965
10 0.100713 0.546986 0.005774 0.006738
6 0.034817 0.681915 0.004416 0.004255
48 0.336617 0.195390 0.013587 0.009929
10 0.182235 0.565957 0.006454 0.006383
48 0.352072 0.206028 0.019361 0.011348
48 0.023777 0.432801 0.011549 0.013830
5 0.512398 0.071631 0.004416 0.004965
6 0.362942 0.214716 0.004416 0.004610
10 0.408288 0.287057 0.005435 0.005319
48 0.343240 0.186170 0.013247 0.013475
6 0.054008 0.656383 0.004755 0.004255
8 0.017493 0.936348 0.005774 0.007447
48 0.679348 0.604433 0.059783 0.022340
5 0.468071 0.012943 0.004755 0.005319
6 0.359205 0.220035 0.003736 0.005319
48 0.348505 0.213652 0.013587 0.012411
48 0.074898 0.342730 0.020720 0.024468
48 0.113281 0.298759 0.021399 0.019504
48 0.220279 0.575532 0.015965 0.008511
5 0.005774 0.661348 0.004076 0.004255
48 0.087296 0.329255 0.016984 0.021631
5 0.407439 0.067199 0.003057 0.003191
6 0.056556 0.690603 0.009171 0.009574
6 0.051630 0.675355 0.004755 0.005319
48 0.106318 0.556560 0.013587 0.013121
48 0.076427 0.289007 0.014946 0.019858
6 0.061651 0.646099 0.004416 0.005674
5 0.116678 0.616844 0.005095 0.004610
5 0.063519 0.576064 0.004076 0.003191
5 0.078125 0.300532 0.004755 0.003901
5 0.775476 0.554965 0.004076 0.004255
6 0.060632 0.654433 0.003736 0.004610
48 0.101053 0.564362 0.013927 0.013121
5 0.362092 0.339184 0.006114 0.004610
5 0.408118 0.230496 0.003736 0.002837
5 0.459069 0.025709 0.003736 0.005319
48 0.028193 0.623759 0.019701 0.021277
13 0.479959 0.042199 0.005435 0.004255
5 0.321162 0.021809 0.004416 0.003191
48 0.735734 0.503901 0.012228 0.020567
5 0.211787 0.425532 0.005774 0.003546
