9 0.684016 0.561936 0.012760 0.004334
9 0.721793 0.294511 0.004365 0.012640
5 0.059436 0.912243 0.003358 0.006501
5 0.773338 0.376309 0.006716 0.002889
5 0.052384 0.912965 0.003358 0.005778
5 0.049698 0.913687 0.002686 0.005778
40 0.742277 0.435536 0.017126 0.012279
9 0.081430 0.932286 0.011081 0.003973
5 0.045500 0.913868 0.002351 0.006139
8 0.682673 0.558505 0.006716 0.003250
8 0.683177 0.565005 0.007052 0.003250
48 0.855272 0.177320 0.020148 0.013723
5 0.886669 0.134525 0.003694 0.006139
5 0.006044 0.286204 0.003358 0.006139
5 0.008059 0.340376 0.003358 0.007584
9 0.006716 0.271759 0.004701 0.011918
40 0.438885 0.750813 0.019476 0.013001
40 0.434688 0.767425 0.017797 0.013001
40 0.731028 0.363850 0.016790 0.011918
40 0.733378 0.392380 0.015447 0.011195
40 0.739087 0.420910 0.015447 0.011195
40 0.735729 0.406826 0.015447 0.011918
40 0.555238 0.934272 0.011081 0.015890
40 0.732203 0.379740 0.016454 0.011195
40 0.690060 0.306789 0.012089 0.015529
45 0.715581 0.318165 0.018133 0.010112
42 0.001007 0.364933 0.002015 0.013362
10 0.498657 0.788552 0.008731 0.003973
10 0.499328 0.804623 0.007388 0.002889
48 0.487911 0.762911 0.027535 0.052365
48 0.611988 0.991333 0.006380 0.010112
5 0.509402 0.758758 0.006044 0.002889
10 0.499160 0.796678 0.007723 0.002889
10 0.498825 0.792705 0.007723 0.002167
10 0.498825 0.800469 0.007723 0.003250
6 0.500504 0.784579 0.009066 0.002528
