48 0.426305 0.302064 0.024614 0.015112
48 0.431940 0.315149 0.026987 0.025065
48 0.443505 0.346296 0.018683 0.028382
48 0.453885 0.340951 0.015718 0.024327
48 0.461447 0.335422 0.018387 0.026539
48 0.471827 0.330630 0.012456 0.026539
48 0.481317 0.323074 0.014235 0.012164
48 0.483837 0.332473 0.013345 0.011795
48 0.450919 0.361224 0.019870 0.016218
48 0.462485 0.353668 0.009786 0.011426
48 0.468416 0.349244 0.009786 0.009215
48 0.491251 0.317545 0.016904 0.011426
48 0.492586 0.324733 0.011862 0.013269
48 0.491993 0.337449 0.018387 0.014375
48 0.478944 0.342978 0.011269 0.012164
48 0.502373 0.325286 0.014235 0.018798
48 0.507414 0.316992 0.008304 0.016218
48 0.513642 0.328787 0.013642 0.016218
48 0.515569 0.314781 0.015125 0.016218
48 0.525208 0.311279 0.008897 0.009215
48 0.521797 0.324180 0.009193 0.011426
48 0.528025 0.321784 0.012752 0.016218
48 0.530694 0.310173 0.006821 0.012901
48 0.537070 0.304460 0.014828 0.010321
48 0.540629 0.313306 0.013049 0.014007
48 0.552491 0.305934 0.021352 0.022116
48 0.456109 0.371544 0.021352 0.022116
48 0.470492 0.363435 0.016311 0.015481
48 0.479093 0.356432 0.015718 0.015481
48 0.489027 0.352562 0.014235 0.019536
48 0.497479 0.351640 0.012752 0.019904
48 0.506228 0.345927 0.017200 0.018798
48 0.519276 0.340582 0.014828 0.018430
48 0.526097 0.335053 0.009490 0.011058
48 0.531139 0.333579 0.007117 0.011795
48 0.535439 0.331183 0.009786 0.009952
48 0.544187 0.326207 0.011862 0.011795
48 0.554122 0.323627 0.012752 0.012532
48 0.565688 0.319941 0.016904 0.014007
48 0.569692 0.326760 0.010083 0.009952
48 0.559905 0.333763 0.017200 0.013638
48 0.545819 0.338739 0.017497 0.021379
48 0.536477 0.346849 0.012456 0.014007
48 0.528173 0.349982 0.012456 0.017324
48 0.518683 0.354405 0.016607 0.016587
48 0.510528 0.359012 0.013938 0.014007
48 0.500297 0.364910 0.014828 0.014007
48 0.485469 0.369333 0.017794 0.015481
48 0.473606 0.376705 0.017794 0.019167
48 0.464709 0.383524 0.015421 0.018061
48 0.453885 0.397715 0.019276 0.032436
48 0.466785 0.400663 0.012456 0.017693
48 0.475089 0.392923 0.017794 0.014007
48 0.483393 0.386104 0.013049 0.017324
48 0.490658 0.382049 0.015125 0.015112
48 0.503707 0.377442 0.018090 0.017693
48 0.515273 0.370992 0.012752 0.014375
48 0.464561 0.415039 0.015125 0.014007
48 0.478944 0.405087 0.022539 0.019167
48 0.471975 0.423701 0.016904 0.014375
48 0.469751 0.435127 0.010083 0.008478
48 0.477610 0.431994 0.017497 0.014744
48 0.492141 0.424622 0.021056 0.017693
48 0.481317 0.416513 0.013049 0.014744
48 0.504152 0.416329 0.011862 0.015112
48 0.494810 0.405087 0.026394 0.020641
48 0.492734 0.394766 0.013938 0.013269
48 0.508304 0.389790 0.016607 0.013638
48 0.511566 0.396609 0.015421 0.012532
48 0.515866 0.413564 0.018683 0.020641
48 0.526246 0.409510 0.014531 0.019167
48 0.533808 0.404902 0.012456 0.015112
48 0.543149 0.401401 0.010380 0.011795
48 0.529953 0.374862 0.014235 0.014007
48 0.521945 0.382971 0.018387 0.019904
48 0.525652 0.396425 0.012752 0.010689
48 0.537367 0.389421 0.018387 0.021010
48 0.538553 0.362514 0.015421 0.015112
48 0.543298 0.370992 0.013049 0.010689
48 0.550563 0.366015 0.014531 0.014007
48 0.547746 0.357169 0.010676 0.014007
48 0.559609 0.361408 0.013642 0.012901
48 0.555160 0.351272 0.010676 0.014007
48 0.568061 0.355879 0.015125 0.015112
48 0.562871 0.344821 0.015421 0.015112
48 0.577550 0.348876 0.013938 0.015850
48 0.571026 0.343900 0.012159 0.013269
48 0.567912 0.337265 0.009490 0.008109
48 0.575178 0.332289 0.011566 0.011426
48 0.580813 0.337081 0.013938 0.013638
48 0.585854 0.345190 0.016904 0.017324
48 0.592378 0.352930 0.018683 0.018061
48 0.597717 0.361224 0.017497 0.018430
48 0.590302 0.369886 0.011566 0.012164
48 0.583630 0.360487 0.011862 0.013269
48 0.579033 0.361592 0.007414 0.008109
48 0.584520 0.374125 0.010676 0.013269
48 0.573399 0.366568 0.014531 0.013638
48 0.575326 0.380759 0.016607 0.017693
48 0.564798 0.371544 0.013345 0.013269
48 0.566281 0.383524 0.012752 0.015112
48 0.559905 0.389237 0.010676 0.013269
48 0.553084 0.395687 0.013642 0.017324
5 0.495848 0.430151 0.004745 0.003686
5 0.516756 0.433100 0.003855 0.004423
5 0.519721 0.442130 0.003855 0.004792
5 0.534549 0.469959 0.003262 0.004423
6 0.532177 0.465168 0.003262 0.004423
9 0.539591 0.478990 0.005635 0.007003
5 0.539146 0.465168 0.003559 0.004423
5 0.554270 0.506635 0.002966 0.004792
9 0.556939 0.511611 0.004152 0.005160
9 0.561091 0.520273 0.006524 0.008478
9 0.555605 0.540546 0.003262 0.007741
48 0.459816 0.477147 0.028173 0.034279
48 0.485765 0.462035 0.030249 0.027645
48 0.546708 0.517693 0.031139 0.043126
48 0.528025 0.539808 0.045967 0.042388
48 0.267349 0.534095 0.013938 0.015481
48 0.279063 0.529672 0.016607 0.017693
48 0.288108 0.525249 0.016904 0.024327
48 0.296412 0.519904 0.018683 0.021747
48 0.305605 0.515297 0.018683 0.023590
48 0.312871 0.511979 0.016607 0.024327
48 0.322361 0.507372 0.016607 0.018798
48 0.338227 0.499447 0.020463 0.023590
48 0.349348 0.491338 0.016607 0.019904
48 0.356762 0.489495 0.016014 0.022116
48 0.368624 0.483045 0.018387 0.018798
48 0.376186 0.479543 0.014531 0.016218
48 0.382414 0.476963 0.012159 0.015481
48 0.389828 0.473830 0.015718 0.018061
48 0.400504 0.467195 0.019276 0.026170
48 0.405991 0.483045 0.020166 0.016587
48 0.415925 0.493550 0.017497 0.016955
48 0.404656 0.499263 0.012159 0.011426
48 0.400652 0.490785 0.015421 0.013638
48 0.392052 0.487099 0.012456 0.011426
48 0.394128 0.497236 0.010083 0.014744
48 0.387307 0.498710 0.010083 0.011058
48 0.382562 0.490232 0.011269 0.011058
48 0.350386 0.006450 0.025208 0.012901
48 0.398873 0.007925 0.021352 0.013638
48 0.348310 0.017877 0.019870 0.015850
48 0.346530 0.032252 0.018090 0.014375
48 0.346827 0.042204 0.018090 0.008478
48 0.345641 0.051235 0.019276 0.018430
48 0.364620 0.050498 0.017497 0.013269
48 0.369958 0.039624 0.019870 0.012901
48 0.381376 0.008846 0.017200 0.010321
48 0.423784 0.003133 0.017200 0.006266
48 0.436091 0.003686 0.015125 0.007372
48 0.458037 0.004423 0.016311 0.008846
48 0.452402 0.011979 0.012752 0.012164
48 0.488582 0.004607 0.026394 0.009215
48 0.378855 0.017324 0.012159 0.011058
48 0.377521 0.024696 0.011862 0.008109
48 0.374852 0.030593 0.013642 0.006635
48 0.367734 0.022669 0.007711 0.006266
48 0.392794 0.020273 0.016311 0.010321
48 0.388345 0.032621 0.017497 0.014375
48 0.366696 0.060634 0.017497 0.011426
48 0.368179 0.069480 0.017497 0.010689
48 0.368921 0.080722 0.018387 0.013269
48 0.404359 0.047733 0.013938 0.011426
48 0.383155 0.045706 0.027284 0.011795
48 0.380931 0.055289 0.016311 0.020641
48 0.400801 0.057317 0.013938 0.011426
48 0.344009 0.066716 0.013049 0.025802
48 0.386269 0.076115 0.030546 0.024696
48 0.343120 0.082565 0.013049 0.008846
48 0.348310 0.091043 0.013345 0.016218
48 0.296263 0.343715 0.018387 0.019536
48 0.308719 0.374493 0.022539 0.022116
48 0.332740 0.363435 0.031435 0.020641
48 0.351572 0.351825 0.012752 0.018061
48 0.290184 0.331183 0.019870 0.019536
48 0.314798 0.320494 0.031732 0.025433
48 0.331406 0.338002 0.022835 0.013269
48 0.288108 0.354958 0.035884 0.066347
48 0.253855 0.319757 0.011269 0.014375
48 0.251483 0.333210 0.011862 0.016218
48 0.249259 0.345558 0.015718 0.010689
48 0.244365 0.361592 0.018980 0.017693
48 0.243772 0.373203 0.023725 0.009215
48 0.238879 0.380206 0.023428 0.009215
48 0.231317 0.389790 0.013642 0.007741
48 0.234875 0.398083 0.026097 0.008846
48 0.239620 0.410800 0.016607 0.017324
48 0.239027 0.421305 0.015421 0.008109
48 0.237841 0.429045 0.016607 0.007372
48 0.234282 0.435864 0.020166 0.007003
48 0.225237 0.412090 0.015718 0.010321
48 0.220344 0.428492 0.015421 0.008478
48 0.229093 0.427940 0.006228 0.005160
48 0.220641 0.435311 0.014235 0.007372
48 0.271056 0.427202 0.014235 0.012532
48 0.273280 0.443421 0.013345 0.020641
48 0.272983 0.457796 0.013938 0.010321
48 0.271945 0.468116 0.014828 0.011058
48 0.271204 0.477884 0.012159 0.009952
48 0.270907 0.488205 0.012752 0.009215
48 0.270463 0.497604 0.013049 0.011058
48 0.289146 0.492812 0.014828 0.017693
48 0.290480 0.479543 0.013345 0.010321
48 0.290777 0.462035 0.013345 0.024696
48 0.291667 0.447659 0.021056 0.017324
48 0.294484 0.437523 0.021352 0.022116
48 0.306791 0.426649 0.014531 0.014375
48 0.314947 0.424806 0.014828 0.015850
48 0.278173 0.416144 0.013049 0.013269
48 0.307533 0.407851 0.013642 0.015112
48 0.311388 0.487099 0.007711 0.010689
48 0.317616 0.481017 0.014828 0.016955
48 0.325771 0.473277 0.015125 0.019904
48 0.334964 0.471618 0.015125 0.023959
48 0.317023 0.454110 0.010676 0.020641
48 0.329923 0.449318 0.025801 0.020641
48 0.324140 0.419093 0.014828 0.020641
48 0.334075 0.417066 0.014531 0.018061
48 0.343416 0.413380 0.013049 0.015850
48 0.345047 0.441209 0.012159 0.016218
48 0.353796 0.438260 0.014235 0.016955
48 0.362989 0.434390 0.014235 0.015112
48 0.372183 0.428677 0.015421 0.023590
48 0.380931 0.425175 0.012159 0.016587
48 0.345196 0.464615 0.014828 0.024696
48 0.316281 0.404534 0.014531 0.014375
48 0.322805 0.401585 0.008007 0.012901
48 0.327402 0.398636 0.010676 0.015112
48 0.334075 0.395135 0.010380 0.016955
48 0.345047 0.392554 0.014531 0.019904
48 0.354389 0.387210 0.015421 0.015112
48 0.362544 0.382049 0.014531 0.015112
48 0.370107 0.400479 0.014828 0.015112
48 0.356465 0.405824 0.023725 0.022853
48 0.352461 0.462588 0.012752 0.021379
48 0.361655 0.458164 0.013938 0.024327
48 0.370996 0.453004 0.013049 0.016955
48 0.380635 0.448950 0.013345 0.016218
48 0.388197 0.444342 0.014828 0.021010
48 0.293743 0.412827 0.021649 0.016955
48 0.213078 0.447659 0.032325 0.016587
48 0.202402 0.467932 0.009193 0.016587
48 0.210706 0.465721 0.008600 0.014375
48 0.215599 0.462403 0.005338 0.009952
48 0.221530 0.461482 0.016014 0.014744
48 0.231762 0.454478 0.009786 0.014007
48 0.238138 0.455953 0.006524 0.011795
48 0.241251 0.449687 0.006821 0.014007
48 0.200178 0.482860 0.013049 0.016955
48 0.209075 0.478437 0.011269 0.012532
48 0.214413 0.476963 0.005931 0.011795
48 0.217527 0.474567 0.006228 0.009952
48 0.223458 0.471802 0.010973 0.012532
48 0.239917 0.467011 0.011862 0.016955
48 0.246886 0.478990 0.005042 0.011426
48 0.194247 0.500921 0.012456 0.013269
48 0.200771 0.497051 0.010676 0.013638
48 0.238582 0.478621 0.015718 0.014375
48 0.230279 0.485993 0.010973 0.012164
48 0.208630 0.499263 0.007414 0.009952
48 0.247479 0.488758 0.002669 0.008109
48 0.238286 0.495761 0.009193 0.007372
48 0.213820 0.489864 0.016014 0.014007
48 0.190540 0.514191 0.012752 0.015481
48 0.199881 0.510505 0.011862 0.016218
6 0.002817 0.794139 0.004448 0.005529
6 0.027284 0.809989 0.005931 0.007003
5 0.017200 0.828234 0.003559 0.003686
5 0.016459 0.832289 0.003855 0.004423
5 0.027728 0.845190 0.004448 0.005898
5 0.065836 0.847033 0.004745 0.003686
5 0.089116 0.843531 0.004448 0.003317
5 0.081406 0.861039 0.004448 0.003686
6 0.101275 0.933284 0.004448 0.006635
5 0.154804 0.945448 0.002966 0.005160
5 0.156880 0.940840 0.002966 0.005529
11 0.172153 0.935680 0.006228 0.012901
5 0.166074 0.924254 0.002372 0.004055
5 0.161773 0.909510 0.002669 0.005529
5 0.148725 0.896609 0.005635 0.004792
5 0.141607 0.888868 0.004448 0.003317
10 0.152284 0.870254 0.003262 0.006635
8 0.154359 0.863988 0.003262 0.005898
5 0.151987 0.848876 0.003262 0.005160
5 0.147094 0.840767 0.002966 0.005160
5 0.131228 0.836528 0.002669 0.005529
5 0.134342 0.835053 0.002966 0.005529
10 0.141607 0.806672 0.003262 0.006266
5 0.144425 0.798562 0.002372 0.004792
5 0.142052 0.779211 0.002966 0.005160
5 0.138049 0.768153 0.003262 0.005898
5 0.136862 0.750276 0.002669 0.005529
5 0.136418 0.732215 0.002372 0.004792
5 0.136269 0.716550 0.002076 0.005898
44 0.140421 0.722079 0.003855 0.008846
5 0.125593 0.712680 0.002669 0.006266
5 0.154804 0.875599 0.002966 0.004792
5 0.174525 0.957427 0.002669 0.005529
5 0.180308 0.959639 0.003559 0.006266
5 0.177343 0.966089 0.002966 0.005898
5 0.181643 0.977884 0.002669 0.004423
5 0.185498 0.978990 0.003262 0.005160
5 0.185053 0.989311 0.002372 0.005160
5 0.171115 0.988758 0.002966 0.005529
5 0.189947 0.991338 0.002669 0.004792
5 0.133897 0.978621 0.003855 0.004423
5 0.146352 0.899558 0.003262 0.004792
5 0.213820 0.965721 0.002966 0.004423
5 0.218713 0.969222 0.003855 0.005529
48 0.029953 0.524512 0.059905 0.096572
48 0.433422 0.010505 0.017497 0.010689
48 0.418149 0.012901 0.015421 0.013269
48 0.431050 0.020088 0.016904 0.012164
48 0.464116 0.016403 0.024318 0.017324
48 0.453885 0.021563 0.010973 0.015112
48 0.444543 0.027645 0.019573 0.018430
48 0.420670 0.025065 0.031139 0.011058
48 0.409549 0.033911 0.021945 0.011058
48 0.424229 0.039624 0.022835 0.018798
48 0.407622 0.063214 0.025801 0.019536
48 0.424081 0.053999 0.013642 0.012164
48 0.432384 0.060081 0.024318 0.016218
48 0.446026 0.050313 0.020759 0.022484
48 0.465451 0.038150 0.022835 0.018798
48 0.467972 0.049760 0.024911 0.013269
48 0.473310 0.058791 0.020166 0.016587
48 0.346085 0.101180 0.018387 0.013638
48 0.334223 0.092886 0.017794 0.018430
48 0.330961 0.103760 0.014828 0.015850
48 0.344306 0.109104 0.020759 0.014744
48 0.326809 0.114080 0.016607 0.015112
48 0.341637 0.120162 0.021945 0.017693
48 0.338078 0.132142 0.020166 0.015850
48 0.334816 0.145595 0.021352 0.019904
48 0.319098 0.136933 0.017200 0.015112
48 0.325771 0.152414 0.015125 0.015112
48 0.315095 0.148544 0.016904 0.014007
48 0.331406 0.164394 0.018090 0.020641
48 0.318357 0.164209 0.016904 0.016587
48 0.307977 0.171213 0.014531 0.013638
48 0.324140 0.181718 0.017200 0.016218
48 0.313909 0.187247 0.019870 0.016955
48 0.309757 0.200147 0.017497 0.016955
48 0.306643 0.211574 0.023725 0.019167
48 0.295522 0.199963 0.021056 0.026907
48 0.301453 0.228345 0.022835 0.026170
48 0.289146 0.216550 0.016607 0.014375
48 0.283660 0.234243 0.021056 0.026907
48 0.339858 0.185772 0.017794 0.016218
48 0.340154 0.200147 0.013049 0.015481
48 0.342082 0.214707 0.014531 0.021010
48 0.330813 0.213970 0.013938 0.012901
48 0.328588 0.225765 0.017794 0.014375
9 0.319692 0.216550 0.004152 0.006266
5 0.324140 0.008478 0.003559 0.004423
9 0.320433 0.008109 0.004448 0.008109
5 0.307384 0.029119 0.002669 0.005160
5 0.314798 0.048655 0.003262 0.005160
5 0.318060 0.055658 0.002076 0.003686
9 0.305753 0.055105 0.004745 0.007003
5 0.312426 0.079432 0.002669 0.005529
5 0.307829 0.083303 0.002966 0.006635
5 0.302491 0.103207 0.002372 0.005898
5 0.303826 0.112606 0.003262 0.005529
5 0.296708 0.123480 0.003262 0.005898
5 0.295522 0.133432 0.003262 0.005898
5 0.287515 0.124217 0.003855 0.005898
5 0.276542 0.147807 0.003855 0.005898
9 0.283215 0.161629 0.002966 0.006266
5 0.269573 0.175452 0.003559 0.005160
9 0.279804 0.183008 0.003855 0.007741
5 0.274170 0.185588 0.002669 0.004792
5 0.269573 0.199595 0.004152 0.006266
5 0.266014 0.217840 0.003559 0.005160
5 0.259193 0.225581 0.002966 0.003686
5 0.252521 0.245300 0.003262 0.004792
5 0.249407 0.230741 0.002966 0.005160
5 0.243179 0.238481 0.002966 0.005160
5 0.251631 0.216734 0.003855 0.005160
5 0.227461 0.279764 0.003559 0.005160
5 0.244958 0.273498 0.003559 0.006635
5 0.238138 0.283634 0.002966 0.005529
5 0.230427 0.302064 0.003559 0.005529
5 0.220937 0.329156 0.003559 0.005898
9 0.219603 0.344084 0.006821 0.011426
5 0.207295 0.340767 0.004152 0.006266
5 0.212189 0.352562 0.003262 0.005529
5 0.207592 0.367674 0.004152 0.006266
5 0.203144 0.385920 0.002372 0.004423
5 0.201068 0.382971 0.002966 0.004423
5 0.187722 0.391633 0.002966 0.004792
5 0.180902 0.412090 0.003559 0.004423
5 0.190540 0.421305 0.003855 0.005898
5 0.179419 0.443605 0.002372 0.004792
5 0.160291 0.473461 0.003855 0.006266
5 0.169484 0.487836 0.002669 0.005529
5 0.152135 0.494287 0.002966 0.006635
9 0.157177 0.490048 0.003559 0.006266
5 0.150652 0.514928 0.002966 0.005160
5 0.147835 0.525065 0.002669 0.004055
5 0.155101 0.536122 0.002966 0.005529
9 0.143387 0.543310 0.004448 0.007372
6 0.145463 0.517508 0.005635 0.015481
5 0.152284 0.573903 0.002669 0.005160
9 0.148428 0.571508 0.003855 0.009952
5 0.146945 0.607630 0.003262 0.005529
5 0.142052 0.616476 0.002966 0.007003
5 0.139976 0.640619 0.002966 0.005160
5 0.138049 0.659602 0.002669 0.007741
5 0.142200 0.661998 0.003262 0.005898
5 0.137307 0.684851 0.002372 0.005898
5 0.122776 0.692407 0.002966 0.004792
48 0.206554 0.508109 0.008600 0.011426
48 0.213227 0.504423 0.010676 0.015112
48 0.220492 0.501843 0.010973 0.012164
48 0.227610 0.496683 0.015125 0.015850
48 0.238286 0.489311 0.016904 0.013638
48 0.237100 0.508109 0.016311 0.015112
48 0.237100 0.522669 0.019870 0.014744
48 0.219751 0.515112 0.024318 0.019536
48 0.226720 0.526908 0.010973 0.011426
48 0.220047 0.528013 0.012456 0.013638
48 0.212040 0.531884 0.010083 0.011058
48 0.203737 0.524143 0.018980 0.016955
48 0.204923 0.535201 0.010676 0.009583
48 0.198399 0.542204 0.011862 0.013269
48 0.191578 0.531515 0.012456 0.016955
48 0.181346 0.533911 0.016311 0.017324
48 0.186388 0.545337 0.025208 0.016587
48 0.279063 0.493181 0.012456 0.020641
48 0.279656 0.478437 0.008304 0.008846
48 0.282028 0.468116 0.006524 0.014744
48 0.296115 0.423148 0.014531 0.010321
48 0.257414 0.300958 0.016014 0.026907
48 0.257711 0.280501 0.011269 0.016218
48 0.261714 0.263914 0.013938 0.019167
48 0.272835 0.309805 0.012456 0.014375
48 0.282770 0.306119 0.015125 0.020273
48 0.276839 0.294139 0.018090 0.015481
48 0.297153 0.293955 0.030842 0.026907
48 0.317171 0.286030 0.019276 0.025065
48 0.285735 0.279211 0.024021 0.017324
48 0.301305 0.265942 0.027877 0.020273
48 0.282770 0.265020 0.024614 0.023590
48 0.309015 0.252304 0.019573 0.014375
48 0.369810 0.235164 0.016607 0.016218
48 0.375890 0.242536 0.014531 0.013269
48 0.364620 0.248802 0.018090 0.014007
48 0.356020 0.247512 0.011566 0.015850
48 0.352313 0.234243 0.017794 0.014375
48 0.344158 0.248249 0.023428 0.029856
48 0.329923 0.250829 0.019870 0.029856
48 0.339413 0.268338 0.015125 0.012532
48 0.342972 0.279948 0.016904 0.015112
48 0.351720 0.278290 0.014828 0.016218
48 0.360024 0.274051 0.013642 0.017324
48 0.373072 0.266126 0.029656 0.024327
48 0.346382 0.337081 0.015421 0.015112
48 0.340154 0.325654 0.017200 0.018798
48 0.334520 0.309805 0.017200 0.018798
5 0.314947 0.302248 0.004745 0.003686
5 0.330071 0.289900 0.003559 0.005529
48 0.405842 0.325101 0.023428 0.022853
48 0.395907 0.331367 0.010083 0.011795
48 0.385528 0.334316 0.014828 0.016218
48 0.378707 0.341688 0.014235 0.022116
48 0.368921 0.342610 0.016014 0.016587
48 0.370848 0.330262 0.024021 0.019167
48 0.399170 0.310726 0.027877 0.026539
48 0.390421 0.288795 0.024614 0.025433
48 0.383155 0.312569 0.011269 0.011058
48 0.360320 0.300037 0.030249 0.028013
5 0.355724 0.328787 0.002076 0.004423
48 0.421708 0.353115 0.023132 0.030962
48 0.408660 0.355695 0.013642 0.016955
48 0.401246 0.359565 0.014235 0.015850
48 0.387011 0.364357 0.024318 0.021747
48 0.385380 0.382602 0.016311 0.019904
48 0.401394 0.376520 0.029359 0.024696
48 0.422153 0.371729 0.027580 0.013638
48 0.425415 0.377442 0.029953 0.014744
48 0.426898 0.386104 0.032918 0.012901
48 0.409104 0.393292 0.013345 0.009583
48 0.399170 0.409878 0.021352 0.024327
48 0.413404 0.403244 0.015421 0.017693
48 0.425860 0.394766 0.023132 0.019904
48 0.439798 0.390896 0.012456 0.016587
48 0.445433 0.403797 0.012456 0.015112
48 0.439205 0.411168 0.016607 0.015850
48 0.424081 0.414302 0.023132 0.023590
48 0.407473 0.423516 0.024318 0.022116
48 0.451661 0.419646 0.014235 0.015112
48 0.443802 0.424254 0.010973 0.012532
48 0.415332 0.436602 0.027580 0.015850
48 0.435202 0.430704 0.023428 0.018061
48 0.454330 0.429783 0.017794 0.013269
48 0.462485 0.436417 0.011566 0.010321
48 0.454478 0.442683 0.012752 0.012532
48 0.446619 0.443789 0.014235 0.014744
48 0.436536 0.447107 0.016014 0.015481
48 0.420077 0.448212 0.018683 0.012532
48 0.408511 0.454110 0.012159 0.010321
48 0.421856 0.460376 0.031139 0.019167
5 0.423339 0.479359 0.003262 0.004055
5 0.424822 0.474567 0.003855 0.004792
9 0.447509 0.458164 0.006524 0.003686
5 0.485320 0.444895 0.002669 0.005160
5 0.478055 0.447844 0.003559 0.004423
5 0.472420 0.450792 0.003559 0.004423
5 0.470047 0.451898 0.002966 0.005160
5 0.465154 0.454663 0.002669 0.003317
6 0.461892 0.455400 0.004448 0.006266
5 0.459075 0.457427 0.003559 0.003686
5 0.454478 0.460007 0.002669 0.004423
5 0.450919 0.460376 0.003855 0.005898
5 0.437722 0.517140 0.003559 0.004423
5 0.435647 0.512717 0.003559 0.004423
9 0.460113 0.510321 0.004448 0.007003
9 0.474792 0.513638 0.004745 0.007741
5 0.471679 0.516771 0.003855 0.005898
6 0.479982 0.517693 0.005635 0.006266
5 0.483689 0.522300 0.004745 0.004423
5 0.491845 0.566532 0.005042 0.005160
48 0.174229 0.569296 0.022835 0.022484
48 0.185202 0.563398 0.013345 0.018061
48 0.192764 0.561003 0.010676 0.016218
48 0.200030 0.557685 0.011566 0.014744
48 0.208630 0.551788 0.013345 0.016955
48 0.221679 0.555105 0.016311 0.011795
48 0.214858 0.568927 0.022835 0.018798
48 0.199140 0.575194 0.019276 0.017324
48 0.202699 0.584408 0.021649 0.012164
48 0.177343 0.585514 0.032028 0.026907
48 0.200919 0.596019 0.022242 0.013269
48 0.185943 0.600074 0.017200 0.011795
48 0.175415 0.601364 0.008007 0.008478
48 0.165777 0.604681 0.014235 0.009952
48 0.200919 0.607261 0.015125 0.014375
48 0.188760 0.607999 0.013345 0.012164
48 0.179715 0.607446 0.010083 0.008846
48 0.169187 0.615002 0.018090 0.012901
48 0.171115 0.630483 0.019573 0.021010
48 0.185350 0.620715 0.013642 0.016955
48 0.194692 0.620162 0.019870 0.019536
48 0.186240 0.636380 0.019573 0.015850
5 0.150208 0.641909 0.004448 0.004792
5 0.158215 0.643384 0.004448 0.003317
5 0.161477 0.647254 0.005042 0.003686
5 0.161180 0.650756 0.003855 0.002580
5 0.211892 0.604313 0.002669 0.004792
5 0.214561 0.603944 0.002669 0.004792
9 0.220789 0.592149 0.005042 0.008478
48 0.184609 0.671766 0.026394 0.023222
48 0.164146 0.668817 0.021056 0.023222
48 0.180457 0.694987 0.026987 0.024696
48 0.162663 0.691117 0.018090 0.023590
48 0.170670 0.708257 0.037070 0.015850
48 0.165777 0.734611 0.030249 0.022116
48 0.165036 0.749171 0.025801 0.016587
48 0.161329 0.759491 0.019573 0.019536
48 0.159846 0.774235 0.016607 0.026170
48 0.110617 0.591780 0.024318 0.029856
48 0.105724 0.615370 0.018090 0.025433
48 0.094454 0.593255 0.012159 0.018798
48 0.086595 0.590306 0.012456 0.016587
48 0.088227 0.611132 0.017497 0.017693
48 0.072212 0.594360 0.024021 0.023222
48 0.068950 0.611685 0.022835 0.017324
48 0.051008 0.606708 0.024318 0.018430
48 0.079626 0.532068 0.037070 0.030593
48 0.072954 0.550498 0.036773 0.024696
48 0.102610 0.660339 0.013049 0.022484
48 0.084371 0.665315 0.025208 0.016218
48 0.088078 0.649834 0.018387 0.019904
48 0.073547 0.645780 0.015421 0.021379
48 0.067912 0.662366 0.014235 0.012532
48 0.047153 0.645042 0.038553 0.034648
48 0.027135 0.638408 0.012159 0.013269
48 0.016311 0.641172 0.015421 0.026907
48 0.008897 0.630667 0.017794 0.015481
48 0.007117 0.643568 0.014235 0.014744
48 0.101275 0.686325 0.012752 0.016955
48 0.097272 0.706414 0.020166 0.016587
48 0.091934 0.689274 0.021945 0.019904
48 0.082295 0.702728 0.011566 0.014375
48 0.079330 0.684666 0.015125 0.023222
48 0.074437 0.701438 0.013642 0.016218
48 0.065243 0.674714 0.016607 0.018798
48 0.061981 0.689827 0.017200 0.014375
48 0.060943 0.696646 0.014531 0.011795
48 0.048784 0.667895 0.014531 0.015481
48 0.037960 0.666052 0.009490 0.011795
48 0.042112 0.678216 0.018980 0.012532
48 0.037367 0.690380 0.022539 0.014744
48 0.025949 0.666237 0.018683 0.017324
48 0.014087 0.662366 0.012752 0.016218
48 0.022094 0.678953 0.016311 0.016218
48 0.012604 0.677479 0.006821 0.015481
48 0.004893 0.675820 0.009786 0.012164
48 0.003707 0.665684 0.007414 0.011795
48 0.004448 0.655732 0.008897 0.009583
48 0.019425 0.693144 0.013938 0.015850
48 0.006524 0.690748 0.013049 0.016218
5 0.109282 0.633616 0.006228 0.004423
5 0.095344 0.629746 0.006821 0.004055
6 0.073992 0.624217 0.004448 0.003317
5 0.047301 0.626797 0.005042 0.002580
5 0.050267 0.625138 0.004448 0.002212
5 0.045374 0.624217 0.005338 0.002580
5 0.051898 0.616476 0.004152 0.002580
5 0.024911 0.616108 0.004152 0.002580
9 0.003855 0.611869 0.007711 0.005898
48 0.018832 0.709731 0.018090 0.012164
48 0.005783 0.706229 0.011566 0.016218
48 0.005783 0.720973 0.011566 0.015481
48 0.015718 0.719683 0.015421 0.014375
48 0.011862 0.734611 0.023725 0.016218
48 0.009342 0.748986 0.018683 0.014007
48 0.015421 0.763362 0.030842 0.026539
5 0.029804 0.760781 0.004448 0.005898
48 0.092527 0.746222 0.017794 0.038703
48 0.090154 0.720052 0.026690 0.016587
48 0.064798 0.715260 0.028766 0.014375
48 0.044187 0.710837 0.023132 0.017324
48 0.036625 0.724106 0.019870 0.022484
48 0.034253 0.741799 0.015718 0.018798
48 0.062574 0.737560 0.048043 0.041283
48 0.078885 0.836712 0.016014 0.015481
48 0.070581 0.827682 0.012456 0.011426
48 0.083333 0.827866 0.014828 0.011058
48 0.084223 0.819941 0.014235 0.010689
48 0.072805 0.816808 0.013938 0.012532
48 0.062722 0.815518 0.012752 0.013638
48 0.055753 0.811095 0.013642 0.014375
48 0.048191 0.804460 0.012159 0.013638
48 0.060943 0.799300 0.011566 0.009952
48 0.071174 0.803354 0.016607 0.012164
48 0.079923 0.807777 0.010973 0.010689
48 0.087782 0.809989 0.016607 0.012164
48 0.091934 0.800037 0.018980 0.018798
48 0.082444 0.790269 0.011269 0.011058
48 0.075326 0.795614 0.015421 0.012901
48 0.042556 0.792665 0.013345 0.015112
48 0.031880 0.794324 0.012159 0.014744
48 0.022983 0.785477 0.012752 0.014007
48 0.035884 0.779027 0.019573 0.021747
48 0.050119 0.780870 0.014235 0.012901
48 0.056495 0.768706 0.018683 0.023222
48 0.039887 0.763362 0.019276 0.016955
48 0.073695 0.775525 0.016904 0.021379
48 0.091637 0.780870 0.026690 0.024696
5 0.248665 0.544784 0.005042 0.003686
5 0.259786 0.559160 0.002966 0.004423
48 0.247924 0.557132 0.012456 0.012901
48 0.247183 0.567084 0.017497 0.013638
48 0.238434 0.578327 0.020166 0.014744
48 0.252966 0.587357 0.012456 0.012901
48 0.236803 0.589200 0.024614 0.012901
48 0.225682 0.604313 0.016607 0.017324
48 0.235913 0.601917 0.014531 0.016955
48 0.247331 0.600258 0.015421 0.014375
48 0.252224 0.609104 0.021056 0.019536
48 0.229834 0.620715 0.030249 0.015481
48 0.253114 0.625875 0.021649 0.021379
48 0.225237 0.631220 0.038256 0.013638
48 0.254893 0.642278 0.016904 0.012164
48 0.251928 0.650756 0.019276 0.011426
48 0.238286 0.645227 0.018090 0.015850
48 0.228944 0.641541 0.009490 0.013638
48 0.219306 0.639329 0.012752 0.009215
48 0.209816 0.640619 0.012752 0.012532
5 0.182829 0.642831 0.005042 0.003686
5 0.187871 0.643937 0.005042 0.004423
5 0.203885 0.653336 0.005042 0.004792
5 0.212189 0.652783 0.004448 0.004423
5 0.212930 0.659049 0.004745 0.002949
5 0.280842 0.666052 0.004745 0.003686
5 0.263049 0.643384 0.003559 0.006266
5 0.238582 0.668448 0.005635 0.003317
9 0.262456 0.670475 0.005931 0.002949
5 0.304715 0.679322 0.005635 0.002949
5 0.313019 0.680059 0.004448 0.003686
5 0.303974 0.673240 0.004745 0.003317
5 0.303084 0.665131 0.006524 0.004055
5 0.299822 0.658865 0.002966 0.005529
5 0.327847 0.678216 0.005042 0.003686
6 0.319098 0.687800 0.002966 0.006635
6 0.323695 0.685404 0.003262 0.006266
5 0.358244 0.683745 0.004152 0.002949
5 0.336299 0.684298 0.004152 0.003317
5 0.357651 0.686694 0.005338 0.002949
48 0.275801 0.652046 0.017200 0.021379
48 0.289739 0.652414 0.011862 0.023590
48 0.278321 0.637302 0.019276 0.008846
48 0.289887 0.632879 0.012159 0.015481
48 0.274911 0.624770 0.018387 0.025065
48 0.285439 0.616108 0.013938 0.019536
48 0.279211 0.604681 0.014531 0.012901
48 0.270314 0.606156 0.012752 0.012164
48 0.273873 0.593808 0.022242 0.018430
48 0.272390 0.578327 0.022242 0.014744
48 0.269425 0.565979 0.016311 0.012164
48 0.266904 0.557317 0.014828 0.011795
48 0.356465 0.138408 0.015421 0.017324
48 0.357058 0.152046 0.016014 0.015112
8 0.348310 0.156100 0.002669 0.006266
48 0.357651 0.164762 0.017794 0.011795
48 0.358986 0.173609 0.015718 0.010321
48 0.361655 0.181165 0.022242 0.012164
48 0.363434 0.188352 0.028173 0.013269
48 0.356613 0.200147 0.016311 0.012532
48 0.359134 0.209547 0.016014 0.010689
48 0.361951 0.215997 0.018090 0.013269
48 0.373665 0.200885 0.019573 0.019904
5 0.393535 0.190564 0.004745 0.004423
48 0.377966 0.175820 0.024614 0.036122
48 0.391607 0.167895 0.024614 0.035754
48 0.409253 0.161813 0.026690 0.036122
48 0.408660 0.125507 0.100237 0.051235
48 0.457147 0.140251 0.028173 0.040914
48 0.479686 0.143015 0.040629 0.025802
48 0.439205 0.157022 0.040332 0.016955
48 0.435498 0.148728 0.040629 0.018798
48 0.431940 0.141541 0.045374 0.016955
48 0.429270 0.135459 0.040629 0.021747
6 0.388493 0.213417 0.008897 0.007372
48 0.404656 0.248802 0.022835 0.022116
48 0.419929 0.241062 0.020759 0.033174
48 0.406584 0.231478 0.010083 0.008846
48 0.431346 0.233690 0.024614 0.034648
48 0.440095 0.228714 0.023725 0.033542
48 0.392052 0.218762 0.027877 0.022484
48 0.401987 0.223553 0.013345 0.013638
48 0.414146 0.219867 0.022242 0.015850
48 0.410884 0.205676 0.016904 0.019167
48 0.422005 0.201253 0.021352 0.031699
48 0.453588 0.210284 0.047746 0.068927
48 0.474644 0.207519 0.027580 0.050129
48 0.491548 0.210652 0.025208 0.040177
48 0.475830 0.179137 0.018683 0.041283
48 0.464116 0.177295 0.023725 0.028013
48 0.508600 0.215076 0.017200 0.015850
48 0.520907 0.212864 0.017497 0.018061
48 0.518832 0.192960 0.017497 0.019536
48 0.511862 0.180059 0.021352 0.021747
48 0.493476 0.183008 0.021945 0.018798
48 0.484282 0.168633 0.010083 0.012164
48 0.489769 0.164209 0.013938 0.022484
48 0.504300 0.160523 0.027580 0.022484
48 0.415184 0.279395 0.023725 0.029488
48 0.424229 0.294324 0.018683 0.011426
48 0.436536 0.285662 0.017200 0.012532
48 0.433422 0.273682 0.014531 0.018061
48 0.445730 0.279764 0.018387 0.014744
48 0.455219 0.277553 0.013642 0.014007
48 0.441429 0.264836 0.033511 0.029856
48 0.463078 0.260413 0.024614 0.031331
48 0.478499 0.257280 0.019870 0.037597
48 0.493031 0.253225 0.024021 0.037597
48 0.507711 0.245669 0.024911 0.031331
48 0.524466 0.241062 0.011566 0.008109
48 0.532325 0.233321 0.013049 0.015481
48 0.523428 0.230557 0.009490 0.011426
48 0.518090 0.233505 0.008897 0.011426
5 0.526246 0.224290 0.005042 0.003317
5 0.481317 0.236638 0.005338 0.002949
48 0.531287 0.250276 0.034698 0.022116
48 0.534698 0.264283 0.026097 0.016218
48 0.538108 0.277553 0.029359 0.021379
48 0.525949 0.284924 0.011566 0.013269
48 0.518387 0.271471 0.020166 0.018061
48 0.518832 0.287505 0.010973 0.018430
48 0.510380 0.287689 0.011862 0.017324
48 0.501928 0.287136 0.011566 0.019167
48 0.502076 0.274051 0.017794 0.017324
48 0.491400 0.277553 0.010083 0.007372
48 0.483244 0.279027 0.013345 0.012532
48 0.485913 0.288610 0.016904 0.013269
48 0.498369 0.293402 0.012752 0.020641
48 0.493624 0.297641 0.007414 0.009952
48 0.487693 0.299300 0.013345 0.014007
48 0.475682 0.291559 0.015421 0.033911
48 0.469009 0.301327 0.015718 0.023222
48 0.463671 0.286399 0.016311 0.014007
48 0.454330 0.292112 0.017200 0.014375
48 0.457740 0.303354 0.021649 0.025065
48 0.446026 0.308515 0.019573 0.020641
48 0.442319 0.296351 0.018683 0.016218
48 0.554270 0.004055 0.027877 0.008109
48 0.576661 0.009768 0.039442 0.019536
48 0.743921 0.004792 0.069692 0.009583
5 0.667853 0.038703 0.003559 0.004423
5 0.675119 0.037597 0.003262 0.004423
5 0.672301 0.027092 0.005338 0.002580
13 0.671263 0.036122 0.006228 0.012532
13 0.665184 0.042204 0.005931 0.009215
13 0.661773 0.041651 0.006821 0.010321
13 0.658808 0.042204 0.004448 0.009952
13 0.632266 0.050313 0.008304 0.012901
13 0.625741 0.051972 0.007117 0.011795
13 0.619958 0.052341 0.008600 0.011058
13 0.594306 0.047917 0.015421 0.007372
13 0.592527 0.043126 0.014828 0.009583
13 0.572954 0.039808 0.013049 0.008109
13 0.578292 0.042573 0.014235 0.008478
13 0.583185 0.029488 0.010380 0.008109
13 0.602610 0.016034 0.011862 0.011426
9 0.528915 0.052341 0.007414 0.008109
48 0.510824 0.048655 0.034104 0.058975
9 0.498665 0.015297 0.005042 0.007003
9 0.520463 0.028935 0.006524 0.011426
48 0.541518 0.089569 0.051008 0.029488
48 0.580516 0.076115 0.029953 0.018798
48 0.549822 0.106524 0.021352 0.014744
48 0.579626 0.091780 0.013345 0.016218
48 0.618624 0.080722 0.019573 0.017693
48 0.641311 0.076484 0.020463 0.014375
48 0.667705 0.057317 0.009786 0.007003
48 0.669781 0.063398 0.008007 0.008109
48 0.672301 0.068927 0.008897 0.008846
48 0.684905 0.061187 0.013938 0.015481
48 0.695136 0.045522 0.015421 0.018061
48 0.704033 0.055289 0.019573 0.017693
48 0.680457 0.010321 0.028173 0.020641
48 0.709668 0.010505 0.013049 0.012164
5 0.672153 0.024512 0.003855 0.002580
5 0.670374 0.022116 0.003262 0.002212
48 0.723606 0.020457 0.011269 0.013638
5 0.748814 0.032621 0.004152 0.004792
9 0.752669 0.056395 0.013049 0.014007
48 0.741993 0.062661 0.025504 0.026539
5 0.732503 0.076299 0.005338 0.005898
5 0.721827 0.070770 0.004745 0.006635
5 0.762752 0.073535 0.004745 0.004055
5 0.774021 0.076668 0.003559 0.005160
11 0.776690 0.074825 0.008897 0.014744
11 0.786773 0.090675 0.011862 0.015481
5 0.788553 0.099337 0.005338 0.006266
5 0.797153 0.110947 0.006524 0.006635
5 0.828885 0.142647 0.004152 0.004423
5 0.845641 0.155732 0.005042 0.005529
9 0.848903 0.154810 0.005042 0.005898
6 0.811833 0.127350 0.005635 0.005529
48 0.778915 0.113159 0.009193 0.011795
48 0.775356 0.126244 0.013345 0.012164
48 0.749259 0.101180 0.031139 0.028382
9 0.752224 0.112606 0.006228 0.006266
5 0.764976 0.061003 0.003855 0.004792
48 0.802343 0.089753 0.024614 0.029856
5 0.821916 0.088279 0.004448 0.005529
5 0.823992 0.086251 0.003855 0.004423
5 0.848754 0.087173 0.003559 0.005529
5 0.846530 0.085883 0.002669 0.003686
5 0.844899 0.084408 0.004152 0.004423
5 0.860024 0.123848 0.003559 0.005160
5 0.862248 0.125323 0.003262 0.005160
5 0.863731 0.127350 0.002669 0.004792
5 0.868031 0.129746 0.002966 0.004423
5 0.869514 0.131773 0.003559 0.005529
5 0.886862 0.130483 0.004448 0.003686
48 0.894128 0.133432 0.014235 0.019904
48 0.905249 0.105787 0.019276 0.016955
48 0.912663 0.093992 0.021056 0.022116
48 0.924377 0.079064 0.016607 0.023959
48 0.885380 0.095098 0.015718 0.011795
48 0.888493 0.088832 0.017200 0.014007
48 0.900801 0.072429 0.019870 0.025433
48 0.886121 0.078879 0.010083 0.011795
48 0.886714 0.063767 0.034401 0.033174
48 0.869810 0.063767 0.028470 0.037597
48 0.834520 0.046996 0.039146 0.030593
48 0.850534 0.030041 0.028470 0.033542
48 0.831406 0.026355 0.016904 0.019536
48 0.810943 0.076115 0.021649 0.029856
48 0.810350 0.058422 0.035291 0.042388
48 0.790332 0.064504 0.027284 0.031699
48 0.755486 0.128271 0.016311 0.019904
55 0.780842 0.048286 0.013642 0.025065
55 0.789739 0.036675 0.018387 0.026170
55 0.799822 0.029672 0.016607 0.022484
55 0.810646 0.016587 0.017497 0.030962
48 0.930753 0.061740 0.020463 0.017324
48 0.770463 0.023037 0.039739 0.046074
5 0.942616 0.051972 0.003855 0.004423
5 0.953440 0.048286 0.004745 0.004423
5 0.944395 0.044047 0.005042 0.004055
9 0.910587 0.030409 0.007414 0.005529
5 0.885528 0.026907 0.005931 0.005160
48 0.863434 0.086436 0.011566 0.013638
48 0.956109 0.082750 0.027877 0.028382
5 0.939798 0.083671 0.003559 0.005160
48 0.927343 0.135275 0.022539 0.031699
48 0.918149 0.155732 0.021945 0.023959
48 0.909846 0.169370 0.018387 0.020273
48 0.904804 0.180059 0.022539 0.021747
48 0.936536 0.161813 0.021352 0.030962
48 0.922301 0.172134 0.014828 0.017693
48 0.910439 0.189642 0.017200 0.026907
48 0.922894 0.194066 0.023725 0.039440
48 0.935943 0.185219 0.011269 0.014375
48 0.951364 0.191854 0.027284 0.023222
48 0.932829 0.209731 0.023428 0.028013
48 0.949288 0.211390 0.034994 0.032805
48 0.952699 0.221157 0.015125 0.016218
48 0.945581 0.228898 0.011566 0.014007
48 0.970492 0.220604 0.021649 0.021747
48 0.957295 0.228529 0.018980 0.016955
48 0.977313 0.232584 0.018090 0.018430
48 0.986210 0.245116 0.019870 0.022853
48 0.973903 0.250645 0.041518 0.042757
5 0.986210 0.271839 0.004448 0.004055
5 0.991400 0.292665 0.003559 0.003686
9 0.992883 0.277737 0.005931 0.007003
5 0.953737 0.242536 0.005338 0.005898
5 0.947064 0.237007 0.004448 0.004423
5 0.919336 0.213970 0.004152 0.005529
5 0.911032 0.206598 0.004745 0.004792
5 0.905842 0.201990 0.003855 0.004423
5 0.895907 0.207151 0.004745 0.004423
5 0.885380 0.197199 0.004448 0.004423
48 0.794484 0.178032 0.018980 0.022853
48 0.787663 0.197383 0.011862 0.011426
48 0.776542 0.198304 0.019276 0.022853
48 0.784401 0.181718 0.011269 0.015481
48 0.776839 0.171950 0.013345 0.015112
48 0.751631 0.176373 0.043001 0.040914
48 0.724644 0.190748 0.012159 0.014375
48 0.731317 0.214707 0.028470 0.032805
48 0.744217 0.200516 0.013345 0.016955
48 0.757414 0.212495 0.031435 0.027645
5 0.747924 0.192038 0.004152 0.003686
5 0.753707 0.193328 0.006228 0.004792
5 0.770018 0.175083 0.004448 0.003686
48 0.981910 0.127903 0.035587 0.025802
48 0.973013 0.119425 0.027284 0.018430
48 0.965747 0.114265 0.025801 0.017693
48 0.961595 0.109657 0.016311 0.013638
48 0.957147 0.103207 0.014531 0.011058
48 0.768535 0.040914 0.010973 0.011058
9 0.882711 0.183376 0.005635 0.012164
48 0.876483 0.212680 0.034104 0.035385
48 0.862841 0.192407 0.009786 0.011795
48 0.856168 0.194987 0.014235 0.015481
5 0.856168 0.230741 0.003559 0.003686
5 0.858541 0.233321 0.004745 0.004423
5 0.860320 0.236086 0.005931 0.004792
48 0.850682 0.201438 0.015125 0.016587
9 0.846530 0.205861 0.011566 0.013638
48 0.814502 0.213970 0.043594 0.040914
48 0.825771 0.232400 0.047153 0.037228
48 0.288404 0.989311 0.033511 0.021379
5 0.356613 0.991891 0.003262 0.002212
48 0.381376 0.988942 0.016014 0.011795
5 0.368031 0.985809 0.004152 0.002580
5 0.367883 0.988389 0.004448 0.002580
5 0.368031 0.991338 0.002372 0.001843
48 0.345641 0.988205 0.022835 0.023590
48 0.309757 0.989126 0.022835 0.021747
48 0.339561 0.966089 0.021352 0.031699
48 0.315836 0.967011 0.035587 0.028382
48 0.296263 0.969407 0.008304 0.009583
48 0.293446 0.980096 0.010973 0.009583
48 0.412811 0.995577 0.021352 0.008846
48 0.836447 0.249539 0.040036 0.031699
5 0.805457 0.243273 0.005338 0.003686
5 0.798636 0.238113 0.004152 0.005160
9 0.789442 0.226686 0.005338 0.007372
5 0.793298 0.222816 0.002966 0.004055
5 0.762456 0.230372 0.004152 0.004423
5 0.764828 0.226502 0.003559 0.004055
5 0.780842 0.219499 0.004152 0.004792
5 0.775949 0.222816 0.005042 0.004792
5 0.769721 0.226318 0.006228 0.005898
5 0.742883 0.234980 0.004745 0.003317
5 0.798339 0.242720 0.004152 0.004792
48 0.815095 0.261519 0.022835 0.024696
48 0.808719 0.270549 0.012456 0.013269
48 0.798043 0.254331 0.021945 0.028750
48 0.784253 0.232584 0.019870 0.022116
48 0.771056 0.247881 0.040925 0.044600
48 0.787663 0.271286 0.042112 0.042757
48 0.798932 0.299853 0.030249 0.029856
48 0.813909 0.319388 0.029359 0.031331
48 0.826216 0.341135 0.032028 0.037965
48 0.834668 0.296535 0.038849 0.049023
48 0.846382 0.263730 0.037960 0.031331
48 0.892052 0.251751 0.055753 0.060450
48 0.961151 0.284740 0.035587 0.031331
9 0.959964 0.303354 0.008897 0.008846
9 0.963523 0.301511 0.008304 0.006635
9 0.955813 0.311648 0.007117 0.006266
9 0.952402 0.314596 0.006821 0.006266
9 0.950919 0.317545 0.007414 0.007741
9 0.941429 0.287873 0.014531 0.014007
48 0.984282 0.298562 0.010083 0.011058
48 0.975979 0.308883 0.020166 0.020641
48 0.986951 0.314596 0.018980 0.018061
48 0.978203 0.328419 0.024614 0.025802
48 0.958778 0.349060 0.032622 0.037597
5 0.983837 0.338371 0.004448 0.004423
5 0.993031 0.346111 0.003855 0.005160
9 0.992141 0.333948 0.009193 0.009583
48 0.948843 0.334685 0.048339 0.047180
48 0.909401 0.318835 0.027580 0.030962
48 0.921856 0.329340 0.025801 0.027645
48 0.917705 0.351272 0.013938 0.019904
48 0.910587 0.343715 0.021649 0.023959
48 0.898428 0.332658 0.021649 0.023959
48 0.886418 0.342978 0.020759 0.019536
48 0.902432 0.355695 0.024911 0.020641
48 0.883897 0.356985 0.025801 0.023959
48 0.941133 0.368411 0.022835 0.018061
48 0.927046 0.362330 0.013049 0.013269
48 0.910884 0.365647 0.034698 0.028750
48 0.982355 0.349613 0.028173 0.027645
5 0.864176 0.328972 0.004152 0.004792
9 0.850237 0.340582 0.005338 0.009583
5 0.850534 0.349613 0.004152 0.004792
5 0.800563 0.409510 0.003262 0.004423
48 0.875593 0.395319 0.029359 0.027645
48 0.870996 0.376520 0.015421 0.015850
48 0.824733 0.407483 0.010676 0.012901
48 0.818357 0.447475 0.024021 0.022116
5 0.770314 0.465168 0.005042 0.005898
5 0.746441 0.497051 0.004152 0.007003
5 0.736951 0.509399 0.004152 0.005898
5 0.726275 0.520641 0.004152 0.005529
5 0.725830 0.524143 0.004448 0.004423
5 0.719603 0.526908 0.003262 0.004055
48 0.762307 0.524327 0.021056 0.020273
48 0.748814 0.523774 0.026097 0.028013
48 0.733837 0.534648 0.020463 0.021010
48 0.744810 0.541651 0.024021 0.020273
5 0.797005 0.517324 0.005635 0.003317
48 0.773428 0.542757 0.032622 0.030593
48 0.753410 0.564320 0.030546 0.024327
48 0.785587 0.560081 0.014828 0.021747
48 0.776542 0.563214 0.015718 0.011795
48 0.764680 0.575009 0.022242 0.018430
48 0.782028 0.572060 0.013049 0.010321
48 0.771501 0.584408 0.018683 0.015112
48 0.786922 0.577036 0.014531 0.011426
5 0.741845 0.238481 0.003262 0.002212
48 0.680753 0.223738 0.027580 0.026539
48 0.741251 0.252672 0.021649 0.018798
48 0.747924 0.262809 0.014235 0.015481
5 0.595047 0.105971 0.004448 0.004055
48 0.605724 0.113527 0.016904 0.015481
48 0.548636 0.133800 0.018387 0.015481
48 0.563464 0.126060 0.018980 0.016955
48 0.583630 0.119609 0.033215 0.021010
5 0.553232 0.150387 0.003855 0.003686
48 0.638938 0.179137 0.012752 0.019167
48 0.662663 0.158496 0.015125 0.011795
48 0.681198 0.166974 0.014235 0.016955
48 0.653173 0.182271 0.007414 0.009952
48 0.646501 0.180980 0.007711 0.011795
48 0.631228 0.183561 0.013345 0.014007
48 0.627521 0.176742 0.011862 0.008478
48 0.621738 0.180612 0.009786 0.013269
48 0.625741 0.189458 0.009490 0.011058
48 0.616251 0.183561 0.014235 0.023590
48 0.603055 0.190195 0.012159 0.018430
5 0.605427 0.201622 0.005042 0.002949
48 0.596530 0.194987 0.011566 0.019167
48 0.597123 0.181349 0.016311 0.013269
48 0.585113 0.189090 0.011862 0.006635
48 0.587633 0.196093 0.009786 0.014007
48 0.580516 0.196830 0.006821 0.014007
48 0.573843 0.195724 0.014828 0.025065
48 0.563612 0.199042 0.013345 0.022853
48 0.556495 0.206966 0.011566 0.015112
48 0.550415 0.197752 0.017794 0.012164
48 0.552788 0.184666 0.009490 0.015481
48 0.540184 0.182086 0.018090 0.021379
9 0.532028 0.181165 0.008897 0.021010
48 0.591489 0.162919 0.025208 0.032436
48 0.572361 0.164578 0.027877 0.036491
48 0.557977 0.165868 0.016311 0.022853
48 0.539442 0.170844 0.012456 0.010689
48 0.531732 0.154994 0.007711 0.011426
48 0.537960 0.139145 0.012456 0.011426
48 0.667112 0.170844 0.017497 0.018798
48 0.564502 0.143199 0.013938 0.013638
9 0.529508 0.172134 0.005635 0.010321
9 0.688909 0.209915 0.005338 0.005529
9 0.690243 0.212495 0.005042 0.004792
9 0.693654 0.217471 0.005338 0.005160
9 0.692319 0.214154 0.006821 0.007372
48 0.638938 0.213601 0.016311 0.017324
48 0.643535 0.226686 0.016607 0.015481
48 0.625593 0.209362 0.012159 0.014007
48 0.628707 0.220973 0.011862 0.014375
48 0.632859 0.230188 0.011862 0.011426
48 0.621293 0.225765 0.014828 0.019536
48 0.616845 0.214891 0.013049 0.015481
48 0.612248 0.230741 0.012159 0.011795
48 0.607058 0.217287 0.012456 0.016587
48 0.599644 0.216366 0.009490 0.016218
48 0.651246 0.245116 0.020166 0.031699
48 0.636269 0.259860 0.025801 0.014744
48 0.635380 0.244563 0.019870 0.019536
48 0.623517 0.246959 0.012752 0.022116
48 0.614324 0.256543 0.023428 0.029488
48 0.607651 0.244010 0.014828 0.011795
48 0.594899 0.221710 0.011862 0.019536
48 0.604686 0.232400 0.007117 0.007741
5 0.677788 0.275894 0.003262 0.005529
5 0.691281 0.251382 0.001779 0.003686
5 0.671560 0.263730 0.002669 0.004055
5 0.653766 0.262440 0.004448 0.003686
5 0.631228 0.270365 0.004448 0.002580
5 0.614027 0.273867 0.003855 0.002949
5 0.588968 0.277553 0.004152 0.002949
5 0.587189 0.280686 0.003559 0.001843
5 0.573399 0.281423 0.006821 0.004055
5 0.559460 0.272392 0.002076 0.004423
5 0.556346 0.260413 0.003559 0.004792
5 0.568505 0.299115 0.004152 0.002580
5 0.567319 0.304091 0.002372 0.003686
5 0.569692 0.308146 0.002372 0.003686
48 0.688909 0.273682 0.018980 0.019536
48 0.663405 0.272945 0.016607 0.018061
48 0.676157 0.291743 0.014235 0.013638
48 0.669929 0.283819 0.017794 0.016955
48 0.651839 0.276447 0.014828 0.016955
48 0.658956 0.287873 0.014235 0.014007
48 0.665480 0.298562 0.013049 0.014744
48 0.655694 0.306119 0.015421 0.017324
48 0.650356 0.293955 0.016607 0.015850
48 0.642349 0.277368 0.016014 0.015850
48 0.649021 0.316624 0.009786 0.008846
48 0.645907 0.305013 0.016014 0.018061
48 0.636862 0.291191 0.013345 0.014007
48 0.627817 0.282160 0.008304 0.009952
48 0.634935 0.281423 0.006524 0.007003
48 0.615658 0.299668 0.011862 0.011795
48 0.609134 0.286952 0.015421 0.018798
48 0.622776 0.288610 0.019573 0.027276
48 0.623369 0.308146 0.017200 0.017693
48 0.632562 0.304644 0.016607 0.016587
48 0.597272 0.287689 0.017200 0.019536
48 0.604241 0.302433 0.016904 0.016587
48 0.582444 0.289163 0.011862 0.009952
48 0.581702 0.297641 0.023428 0.015850
48 0.590154 0.303907 0.016607 0.014375
48 0.576661 0.311095 0.015125 0.014007
48 0.591637 0.312938 0.017200 0.014744
48 0.610765 0.315886 0.013345 0.015481
48 0.599348 0.317729 0.012456 0.013269
48 0.586002 0.323443 0.021352 0.014375
48 0.594751 0.337265 0.013345 0.010321
48 0.601720 0.330630 0.016014 0.017693
48 0.602610 0.343715 0.014235 0.014375
48 0.611062 0.338002 0.014531 0.011058
48 0.607948 0.330815 0.010083 0.009952
48 0.620107 0.319941 0.015421 0.011058
48 0.621441 0.327682 0.021649 0.014007
48 0.636566 0.314228 0.015718 0.012164
48 0.633749 0.322153 0.016014 0.011795
48 0.607651 0.353852 0.010676 0.010321
48 0.613138 0.357906 0.012752 0.013269
48 0.619662 0.351825 0.008007 0.007741
48 0.623517 0.345190 0.012159 0.012164
48 0.629300 0.343163 0.008304 0.008846
48 0.634045 0.338002 0.010083 0.008846
48 0.637159 0.330262 0.009193 0.008846
48 0.642200 0.325839 0.010973 0.010321
48 0.654953 0.326944 0.012159 0.012532
48 0.651097 0.336528 0.015718 0.018430
48 0.661180 0.335238 0.011566 0.012164
48 0.643980 0.342241 0.012752 0.012901
48 0.637604 0.347401 0.013642 0.013638
48 0.632562 0.353852 0.010676 0.011058
48 0.618476 0.363067 0.013345 0.012532
48 0.607058 0.374309 0.023132 0.019536
48 0.604686 0.391264 0.011862 0.012901
48 0.610024 0.386104 0.007117 0.007003
48 0.616845 0.383892 0.014828 0.017324
48 0.626038 0.378916 0.009490 0.010321
48 0.621886 0.373203 0.010083 0.009215
48 0.635824 0.366015 0.023132 0.018430
48 0.640421 0.360118 0.006821 0.006635
48 0.644425 0.357169 0.007117 0.008846
48 0.648725 0.353115 0.010973 0.012532
48 0.659104 0.349429 0.011566 0.014007
48 0.668298 0.346664 0.012159 0.014375
48 0.674822 0.353299 0.012752 0.013638
48 0.666667 0.356985 0.013642 0.009952
48 0.659253 0.359196 0.013642 0.012901
48 0.653915 0.366200 0.015421 0.015112
48 0.651246 0.370992 0.010676 0.009952
48 0.646501 0.375599 0.009490 0.008846
48 0.639976 0.379838 0.016607 0.015112
48 0.631376 0.389053 0.017200 0.016587
48 0.619810 0.394029 0.011269 0.015481
48 0.626928 0.398452 0.008897 0.010321
48 0.612544 0.399189 0.007414 0.005898
48 0.613286 0.402875 0.009490 0.008846
48 0.623072 0.418172 0.011269 0.013638
48 0.630783 0.410984 0.023725 0.024327
48 0.638197 0.408957 0.009490 0.010689
48 0.639828 0.403428 0.015718 0.017324
48 0.645463 0.403797 0.008007 0.010689
48 0.650504 0.400295 0.010973 0.012532
48 0.643683 0.393107 0.009193 0.009215
48 0.656287 0.391264 0.020166 0.020273
48 0.664887 0.384630 0.017200 0.018061
48 0.668594 0.379654 0.006821 0.007372
48 0.674970 0.381312 0.014235 0.013638
48 0.663405 0.368411 0.013049 0.011426
48 0.669781 0.372466 0.008600 0.009215
48 0.681791 0.377995 0.017200 0.018798
48 0.687871 0.374309 0.012752 0.012164
48 0.683571 0.367121 0.009490 0.010321
48 0.676601 0.363435 0.008600 0.009583
48 0.590896 0.385367 0.012159 0.012901
48 0.584223 0.389974 0.011269 0.012532
48 0.591192 0.394766 0.017497 0.013269
48 0.581109 0.402322 0.006228 0.005529
48 0.578440 0.398268 0.009786 0.008478
48 0.576068 0.392554 0.010973 0.010321
48 0.568505 0.395687 0.009490 0.007741
48 0.570285 0.399926 0.010676 0.006635
48 0.563019 0.400663 0.009786 0.011795
48 0.557681 0.406377 0.013345 0.016587
48 0.564650 0.415776 0.011862 0.010321
48 0.573992 0.408404 0.013938 0.013269
48 0.590302 0.406377 0.028173 0.018798
48 0.605724 0.408588 0.006228 0.007003
48 0.604686 0.414302 0.018387 0.014007
48 0.593120 0.420383 0.014828 0.016587
48 0.584223 0.425544 0.013642 0.015850
48 0.568654 0.421489 0.012159 0.008478
48 0.572064 0.426281 0.014828 0.010689
48 0.575030 0.433468 0.015421 0.011058
48 0.611358 0.424806 0.019870 0.015850
48 0.613879 0.436417 0.012456 0.008846
48 0.618327 0.441578 0.014235 0.012532
48 0.606910 0.443973 0.010380 0.008478
48 0.601424 0.434390 0.010676 0.013638
48 0.598754 0.446554 0.010083 0.012901
48 0.590451 0.437892 0.016014 0.013269
48 0.591785 0.447659 0.009193 0.011426
48 0.585706 0.453557 0.012456 0.011426
48 0.583185 0.443789 0.009786 0.012532
48 0.576957 0.446922 0.008007 0.009215
48 0.552491 0.412090 0.008897 0.013269
48 0.544632 0.415776 0.018683 0.018430
48 0.534549 0.420568 0.016311 0.016218
48 0.524466 0.428492 0.015718 0.017324
48 0.555012 0.425359 0.015125 0.014744
48 0.541963 0.427755 0.011566 0.010689
48 0.527432 0.436049 0.010380 0.008846
48 0.533363 0.437707 0.014531 0.014375
48 0.549081 0.435680 0.012159 0.014744
48 0.561240 0.437523 0.017497 0.017693
48 0.555160 0.446185 0.012456 0.010689
48 0.544187 0.449871 0.020759 0.021010
48 0.568654 0.449318 0.015125 0.013269
48 0.572212 0.458717 0.014531 0.012901
48 0.561684 0.458533 0.015421 0.017693
48 0.549822 0.466089 0.022539 0.023959
5 0.634935 0.436602 0.003559 0.006266
5 0.629152 0.452820 0.004448 0.006266
5 0.634342 0.456506 0.004745 0.006266
48 0.553826 0.480649 0.018090 0.014744
48 0.569247 0.473461 0.015125 0.015850
48 0.578588 0.468669 0.014235 0.014375
48 0.589858 0.463509 0.014235 0.014375
48 0.601424 0.457059 0.020166 0.019904
48 0.615510 0.453188 0.017497 0.015112
48 0.622627 0.461666 0.017497 0.020273
48 0.608837 0.468301 0.020759 0.015112
48 0.634193 0.479727 0.016311 0.013638
48 0.599348 0.485809 0.014235 0.014744
48 0.562278 0.497236 0.017794 0.018430
48 0.578737 0.484519 0.027580 0.021747
48 0.569247 0.506266 0.016311 0.013638
48 0.579478 0.497420 0.011269 0.011426
48 0.587633 0.492260 0.012752 0.013638
48 0.624110 0.474936 0.026987 0.023959
48 0.606020 0.479359 0.009786 0.010689
48 0.595344 0.473645 0.013938 0.014007
48 0.612841 0.493365 0.015125 0.016587
48 0.600089 0.501290 0.017497 0.017693
48 0.590896 0.508293 0.019276 0.017693
48 0.575623 0.530593 0.010676 0.010689
48 0.585854 0.520826 0.022835 0.016218
48 0.638493 0.490969 0.021945 0.017693
48 0.622776 0.504976 0.013049 0.016218
48 0.614324 0.508478 0.015718 0.014375
48 0.608096 0.514560 0.012159 0.012532
48 0.601127 0.520826 0.014235 0.014007
48 0.595196 0.530041 0.010676 0.011058
48 0.590154 0.532436 0.011862 0.009952
48 0.589413 0.547180 0.016904 0.018798
48 0.600534 0.535754 0.010083 0.012164
48 0.573695 0.545706 0.017497 0.018061
48 0.563167 0.556764 0.017794 0.019536
48 0.657918 0.484888 0.016904 0.016587
48 0.670522 0.473461 0.018980 0.015850
48 0.674822 0.478806 0.019276 0.016218
48 0.680457 0.485625 0.020463 0.015850
48 0.696916 0.496683 0.021352 0.019536
48 0.708482 0.508662 0.017794 0.016955
48 0.714265 0.517140 0.018683 0.019167
48 0.696768 0.534464 0.018683 0.016218
48 0.688167 0.525065 0.018090 0.017324
48 0.686684 0.541651 0.016904 0.015850
9 0.705664 0.539808 0.005042 0.005529
5 0.688464 0.553999 0.005042 0.005160
48 0.663108 0.501659 0.018387 0.016218
48 0.498814 0.548655 0.027284 0.030593
48 0.485320 0.532621 0.014531 0.010321
48 0.489027 0.535754 0.016607 0.012164
48 0.496738 0.530778 0.007117 0.006635
48 0.600089 0.555105 0.018090 0.016218
48 0.600534 0.544969 0.008304 0.009952
48 0.605427 0.542388 0.009786 0.009215
48 0.609134 0.533911 0.017794 0.017324
48 0.612989 0.527645 0.012456 0.012901
48 0.618476 0.520641 0.014531 0.015850
48 0.632562 0.507556 0.011862 0.011795
48 0.640273 0.500921 0.018980 0.009583
48 0.639680 0.509031 0.009490 0.014007
48 0.647242 0.507003 0.014531 0.012901
48 0.613286 0.552156 0.016607 0.021379
48 0.621590 0.541283 0.018980 0.021010
48 0.629004 0.523037 0.007117 0.006635
48 0.625445 0.528013 0.006524 0.006266
48 0.631673 0.529856 0.014235 0.015112
48 0.640718 0.519904 0.015125 0.014375
48 0.649318 0.514928 0.007414 0.006635
48 0.658808 0.512164 0.013938 0.014375
48 0.670225 0.508109 0.014235 0.014375
48 0.663849 0.521931 0.013345 0.011795
48 0.651690 0.528382 0.024614 0.018798
48 0.640569 0.537228 0.010676 0.009952
48 0.634935 0.545337 0.013049 0.014375
48 0.629448 0.554552 0.013938 0.012901
48 0.624555 0.561003 0.014235 0.011795
48 0.620996 0.565979 0.008897 0.009952
48 0.678084 0.549208 0.013345 0.016955
48 0.669929 0.540177 0.014235 0.015850
48 0.670077 0.554552 0.013345 0.012901
48 0.663998 0.548470 0.012456 0.015481
48 0.655694 0.541467 0.016607 0.016955
48 0.646352 0.545706 0.013345 0.010689
48 0.658363 0.560265 0.023725 0.017693
48 0.643683 0.553631 0.012159 0.013269
48 0.655842 0.571139 0.019276 0.016587
48 0.649911 0.581275 0.027580 0.022116
48 0.638493 0.564320 0.020166 0.017693
48 0.645314 0.595651 0.011269 0.014007
48 0.637752 0.588463 0.014531 0.015112
48 0.630635 0.583856 0.013938 0.012532
48 0.619514 0.576668 0.024318 0.021747
48 0.633749 0.614080 0.012456 0.011795
48 0.630931 0.603575 0.013345 0.016587
48 0.623221 0.597125 0.013938 0.014007
48 0.626928 0.615002 0.017200 0.015112
48 0.624407 0.621637 0.014531 0.015112
48 0.618031 0.626613 0.018387 0.017693
48 0.618031 0.605234 0.012456 0.012532
48 0.608244 0.614633 0.018387 0.015850
48 0.612100 0.596019 0.014828 0.014744
48 0.603944 0.604865 0.021056 0.017693
48 0.593416 0.600442 0.014235 0.014007
48 0.602017 0.592149 0.016014 0.013638
48 0.608244 0.584593 0.015421 0.015481
48 0.598903 0.576668 0.019276 0.018798
48 0.586892 0.586251 0.020759 0.017324
48 0.589561 0.566532 0.017200 0.015481
48 0.582444 0.557869 0.016014 0.015112
48 0.576216 0.569480 0.021945 0.022853
48 0.551898 0.566532 0.014828 0.014007
48 0.543891 0.573166 0.013049 0.014007
48 0.560202 0.574088 0.014828 0.015112
48 0.556791 0.581460 0.008600 0.009952
48 0.552936 0.576484 0.006228 0.008846
48 0.535291 0.575746 0.014235 0.016218
48 0.544187 0.584961 0.020759 0.019167
48 0.545819 0.599337 0.015718 0.017693
48 0.555457 0.591043 0.017200 0.017324
48 0.568357 0.588094 0.016904 0.015112
48 0.575178 0.595835 0.019276 0.016587
48 0.563612 0.603760 0.019276 0.019167
48 0.553529 0.612053 0.017497 0.019536
48 0.583482 0.607077 0.018683 0.019167
48 0.571026 0.615370 0.017497 0.016587
48 0.561684 0.624770 0.023132 0.019904
48 0.590451 0.615739 0.017794 0.015112
48 0.596382 0.623480 0.016607 0.013638
48 0.608541 0.637855 0.027284 0.028382
48 0.602165 0.650018 0.012752 0.016587
48 0.591934 0.642094 0.013642 0.014744
48 0.594306 0.655179 0.016607 0.015112
48 0.587633 0.661998 0.016311 0.014744
48 0.578144 0.647438 0.019276 0.021010
48 0.584816 0.632879 0.016014 0.015481
48 0.578440 0.625875 0.017497 0.011795
48 0.571619 0.635090 0.016904 0.017693
5 0.594010 0.676373 0.002966 0.003686
5 0.581702 0.683008 0.003855 0.005160
5 0.585261 0.678585 0.003855 0.003686
5 0.587930 0.676004 0.003855 0.003686
5 0.575771 0.693328 0.003855 0.004423
48 0.580368 0.673793 0.013049 0.013269
48 0.570878 0.681718 0.018387 0.017324
48 0.574733 0.666605 0.014828 0.013638
48 0.568209 0.659418 0.016607 0.018430
48 0.561981 0.668080 0.017794 0.017324
48 0.554419 0.673056 0.017497 0.014744
48 0.561981 0.691854 0.016607 0.016955
48 0.549525 0.679322 0.014235 0.012532
48 0.542556 0.683008 0.015125 0.012532
48 0.555753 0.695356 0.013642 0.015112
48 0.552788 0.702543 0.019573 0.015481
48 0.546263 0.705861 0.017200 0.013269
48 0.537811 0.688537 0.014531 0.011795
48 0.541518 0.712311 0.016014 0.013638
48 0.526987 0.703096 0.013049 0.013638
48 0.534401 0.695356 0.019573 0.015112
48 0.522687 0.711205 0.017497 0.015112
48 0.514531 0.717656 0.021945 0.018430
48 0.536477 0.717656 0.020759 0.021379
48 0.529656 0.726502 0.020759 0.019167
48 0.560350 0.645411 0.016311 0.017693
48 0.549377 0.653520 0.020463 0.020641
48 0.541370 0.659602 0.018683 0.020273
48 0.535142 0.667527 0.021056 0.019167
48 0.524021 0.671028 0.023725 0.023222
48 0.521649 0.681718 0.016607 0.015112
48 0.514828 0.689642 0.017200 0.017693
48 0.506228 0.702543 0.021945 0.019167
48 0.483541 0.704939 0.021649 0.019536
5 0.474792 0.700700 0.004152 0.004423
5 0.552195 0.718024 0.003559 0.004423
5 0.550119 0.723922 0.003559 0.005160
5 0.545967 0.736823 0.004152 0.005160
6 0.541518 0.732031 0.005338 0.006635
5 0.520018 0.736086 0.005635 0.003686
5 0.515718 0.728345 0.004745 0.003686
5 0.506228 0.728529 0.004745 0.004055
5 0.475386 0.714338 0.005338 0.003686
5 0.480130 0.719683 0.004745 0.003317
5 0.494069 0.726133 0.003559 0.002949
5 0.497924 0.728161 0.004152 0.003317
5 0.501631 0.730925 0.004448 0.003686
5 0.508304 0.733321 0.004152 0.003317
5 0.461002 0.702912 0.005042 0.003686
5 0.456999 0.704571 0.002966 0.002580
5 0.470047 0.715076 0.002966 0.002949
5 0.441281 0.699779 0.004152 0.003317
5 0.436833 0.701622 0.004152 0.003317
5 0.410291 0.696461 0.005042 0.003317
5 0.417408 0.700332 0.003855 0.002949
9 0.418594 0.697567 0.005635 0.004055
5 0.424822 0.698120 0.005635 0.003686
5 0.428974 0.694250 0.005042 0.003317
5 0.398428 0.691117 0.005042 0.003686
5 0.383600 0.688352 0.004448 0.002580
5 0.344603 0.678400 0.004152 0.003317
48 0.489027 0.697199 0.013049 0.013638
48 0.497034 0.687800 0.018980 0.017693
48 0.506821 0.678953 0.018387 0.016218
48 0.511269 0.669923 0.017200 0.016587
48 0.474051 0.687800 0.019276 0.014744
48 0.482948 0.685956 0.011566 0.008109
48 0.525208 0.660339 0.014828 0.015850
48 0.531287 0.650387 0.016311 0.016587
48 0.537960 0.642831 0.011862 0.013269
48 0.549081 0.632694 0.021056 0.019536
48 0.545077 0.618504 0.011269 0.011795
48 0.538256 0.622927 0.014235 0.014744
48 0.529211 0.631773 0.019276 0.018430
48 0.521945 0.638776 0.018387 0.019167
48 0.514235 0.647991 0.019573 0.021379
48 0.501038 0.658865 0.021056 0.021010
48 0.493327 0.666237 0.018683 0.018798
48 0.489769 0.677294 0.013345 0.012164
48 0.485469 0.669554 0.011862 0.010689
48 0.479982 0.675267 0.015125 0.017693
48 0.450919 0.693513 0.016311 0.012164
48 0.454923 0.684666 0.015421 0.015112
48 0.460706 0.675452 0.017497 0.014375
48 0.468861 0.672134 0.015421 0.014375
48 0.472716 0.665131 0.016014 0.014375
48 0.476868 0.658312 0.018387 0.014007
48 0.485024 0.651861 0.016311 0.018061
48 0.492883 0.643568 0.021945 0.017693
48 0.500890 0.636196 0.014235 0.015481
48 0.508155 0.631036 0.014531 0.013269
48 0.515866 0.625507 0.016904 0.016955
48 0.524170 0.619056 0.016311 0.017324
48 0.529508 0.613896 0.013938 0.014375
48 0.537070 0.608736 0.018387 0.015850
48 0.529211 0.595466 0.018090 0.016587
48 0.521797 0.601179 0.012752 0.013269
48 0.517645 0.603944 0.011566 0.014375
48 0.513049 0.607077 0.008897 0.008846
48 0.506969 0.610394 0.013345 0.014744
48 0.499259 0.615555 0.014531 0.016955
48 0.491993 0.621268 0.017200 0.017324
48 0.485617 0.628824 0.015125 0.016218
48 0.479686 0.633616 0.014531 0.013269
48 0.475979 0.639145 0.014235 0.014007
48 0.472123 0.643752 0.010676 0.009215
48 0.466934 0.639145 0.006821 0.007372
48 0.463820 0.647438 0.014235 0.015112
48 0.453885 0.657390 0.019870 0.017324
48 0.446916 0.666237 0.019573 0.017324
48 0.437871 0.677294 0.016904 0.015850
48 0.430605 0.686694 0.018387 0.016218
48 0.414887 0.686509 0.015421 0.014375
48 0.420225 0.676742 0.018387 0.018430
48 0.430902 0.663472 0.017794 0.016955
48 0.440391 0.655732 0.017200 0.017693
48 0.448547 0.642278 0.018090 0.018061
48 0.458185 0.635827 0.012456 0.014744
48 0.466785 0.625875 0.022539 0.022853
48 0.477461 0.615739 0.014828 0.019536
48 0.485469 0.610210 0.016607 0.017324
48 0.490214 0.602654 0.010083 0.008109
48 0.498517 0.597678 0.016014 0.015850
48 0.511121 0.590490 0.018683 0.018430
48 0.518387 0.584593 0.010083 0.011795
48 0.526542 0.584593 0.011566 0.011058
48 0.521204 0.576852 0.009786 0.009583
5 0.533215 0.555474 0.004745 0.004423
48 0.490955 0.582565 0.019276 0.018798
48 0.483837 0.592333 0.007414 0.009583
48 0.480427 0.595466 0.008304 0.008478
48 0.476275 0.598599 0.012456 0.009583
48 0.473310 0.588279 0.011862 0.013269
48 0.482948 0.575194 0.025208 0.018798
48 0.464709 0.591412 0.012456 0.012901
48 0.470047 0.599705 0.012456 0.014744
48 0.463078 0.609657 0.011566 0.014007
48 0.459371 0.600995 0.009490 0.008478
48 0.457295 0.607077 0.010083 0.009583
48 0.458037 0.619609 0.009193 0.008846
48 0.451216 0.612606 0.014531 0.013269
48 0.442171 0.614080 0.012456 0.014744
48 0.451512 0.626060 0.010973 0.013638
48 0.437574 0.623480 0.013938 0.014375
48 0.443209 0.631589 0.012752 0.012901
48 0.435795 0.639698 0.010973 0.012164
48 0.431495 0.629193 0.014235 0.013269
48 0.424229 0.635090 0.018090 0.015481
48 0.428677 0.647807 0.010973 0.011426
48 0.424081 0.654626 0.010676 0.011795
48 0.415332 0.644121 0.012752 0.012901
48 0.417705 0.659971 0.014531 0.015112
48 0.409846 0.652046 0.012456 0.012532
48 0.408215 0.659602 0.022242 0.021010
48 0.408363 0.668080 0.014235 0.013638
48 0.396797 0.664394 0.017794 0.018798
48 0.390421 0.671028 0.013345 0.010689
48 0.400949 0.676189 0.020166 0.016587
48 0.384342 0.674899 0.018387 0.015481
48 0.362841 0.675636 0.021649 0.021379
48 0.339265 0.664025 0.032028 0.025433
48 0.350386 0.657943 0.013938 0.016218
48 0.350682 0.650756 0.009786 0.009215
48 0.358244 0.659418 0.010083 0.010321
48 0.359875 0.651677 0.021056 0.022853
48 0.373665 0.661813 0.016607 0.017324
48 0.368772 0.644674 0.022242 0.023590
48 0.386566 0.650571 0.019276 0.020641
48 0.376631 0.636749 0.021945 0.018798
48 0.395314 0.642462 0.016607 0.016218
48 0.386418 0.631036 0.020166 0.019167
48 0.400949 0.637670 0.014828 0.012532
48 0.392349 0.622927 0.015421 0.014007
48 0.407177 0.632326 0.017200 0.020273
48 0.399466 0.617766 0.013642 0.012532
48 0.414739 0.622189 0.019870 0.019167
48 0.425563 0.612790 0.021352 0.019536
48 0.406139 0.607446 0.021056 0.022116
48 0.415629 0.594176 0.016904 0.016955
48 0.422598 0.601917 0.018980 0.009583
48 0.436240 0.603391 0.014828 0.014007
48 0.439947 0.597494 0.015125 0.016218
48 0.445581 0.593623 0.016311 0.016587
48 0.424970 0.587541 0.013642 0.015481
48 0.431791 0.583303 0.009490 0.010689
48 0.438167 0.580722 0.011566 0.011426
48 0.444543 0.574456 0.016607 0.015112
48 0.451957 0.586251 0.017200 0.015850
48 0.462189 0.577221 0.016311 0.016955
48 0.455516 0.566347 0.017200 0.015112
48 0.465599 0.559712 0.017794 0.014375
48 0.470937 0.567453 0.016607 0.015850
48 0.478055 0.557132 0.021352 0.022484
48 0.467675 0.539440 0.017200 0.017324
48 0.461447 0.528198 0.013642 0.016218
48 0.456109 0.531699 0.011269 0.015112
48 0.449881 0.535201 0.016014 0.017693
48 0.455813 0.546996 0.019573 0.019904
48 0.439353 0.535017 0.011566 0.010689
48 0.446174 0.554184 0.015718 0.018798
48 0.438909 0.556395 0.016014 0.021010
48 0.433422 0.543494 0.018683 0.015850
48 0.434164 0.564320 0.009490 0.010321
48 0.429419 0.558607 0.009490 0.009215
48 0.422746 0.547365 0.010973 0.019167
48 0.427343 0.567453 0.011862 0.017324
48 0.415925 0.553446 0.013345 0.020273
48 0.420670 0.570402 0.012159 0.018061
48 0.415036 0.576299 0.014531 0.016587
48 0.407622 0.553815 0.012159 0.013638
48 0.399614 0.556395 0.014531 0.015850
48 0.407770 0.569665 0.014828 0.017324
48 0.408363 0.582197 0.010676 0.011426
48 0.401097 0.588279 0.017497 0.020641
48 0.397094 0.575009 0.017200 0.015481
48 0.389531 0.564504 0.018683 0.019536
48 0.389383 0.548102 0.014235 0.013269
5 0.384638 0.574456 0.003559 0.006266
48 0.387604 0.603575 0.023725 0.023222
48 0.385824 0.591412 0.011862 0.012901
48 0.376779 0.590675 0.018090 0.018798
48 0.375000 0.580538 0.020463 0.014007
48 0.371590 0.572982 0.019573 0.014375
48 0.370255 0.556948 0.018683 0.018430
48 0.360913 0.560450 0.014828 0.016587
48 0.371886 0.617766 0.018980 0.019904
48 0.362693 0.617766 0.014828 0.012532
48 0.362100 0.627903 0.016014 0.012164
48 0.353944 0.621821 0.009786 0.012532
48 0.347568 0.624217 0.014828 0.016587
48 0.351275 0.634722 0.015718 0.014007
48 0.339265 0.641725 0.021352 0.017693
48 0.334816 0.629561 0.018980 0.015481
48 0.321619 0.635275 0.018090 0.012901
48 0.325771 0.647807 0.023428 0.018061
48 0.311981 0.655179 0.017200 0.015112
48 0.309312 0.642831 0.018980 0.016955
48 0.303529 0.625507 0.018090 0.020641
48 0.315243 0.619794 0.018387 0.018061
48 0.325919 0.616845 0.014235 0.016587
48 0.336892 0.613712 0.015421 0.015481
48 0.345789 0.610763 0.010676 0.013269
48 0.351572 0.607446 0.011566 0.013269
48 0.359727 0.604681 0.013049 0.013638
48 0.366993 0.599889 0.011566 0.012901
48 0.356020 0.589016 0.026987 0.025802
48 0.342378 0.601364 0.014531 0.013638
48 0.336151 0.589937 0.017497 0.016587
48 0.328440 0.606708 0.012752 0.011058
48 0.327106 0.599152 0.018980 0.018061
48 0.315688 0.603022 0.013345 0.019904
48 0.305605 0.606708 0.015125 0.016955
48 0.295522 0.609657 0.012752 0.017693
48 0.294336 0.597309 0.020463 0.015850
48 0.288553 0.584408 0.013049 0.014375
48 0.300267 0.578142 0.017497 0.016587
48 0.306643 0.587726 0.011862 0.011426
48 0.317467 0.582013 0.021056 0.018430
48 0.313760 0.569112 0.016014 0.013269
48 0.335409 0.579432 0.014828 0.012532
48 0.333185 0.571876 0.014531 0.010689
48 0.355279 0.568743 0.012456 0.013269
48 0.343565 0.568927 0.016311 0.021747
48 0.308274 0.557869 0.019870 0.020273
48 0.297894 0.568559 0.018683 0.012164
48 0.285142 0.569112 0.012159 0.013269
48 0.293001 0.562661 0.011862 0.010689
48 0.297598 0.554921 0.009193 0.014375
48 0.287515 0.556027 0.016904 0.010689
48 0.272390 0.545706 0.024021 0.022484
48 0.284698 0.540546 0.010083 0.015112
48 0.290777 0.544231 0.011566 0.010689
48 0.296560 0.541098 0.011269 0.011795
48 0.302936 0.539440 0.011566 0.015112
48 0.310647 0.532621 0.021649 0.019167
48 0.326068 0.557685 0.018090 0.016955
48 0.317764 0.541467 0.016311 0.015481
48 0.340302 0.552156 0.014531 0.011795
48 0.348754 0.546996 0.014235 0.015481
48 0.355872 0.540177 0.016014 0.021010
48 0.333926 0.544784 0.010676 0.010321
48 0.338968 0.540546 0.008304 0.011426
48 0.329626 0.539255 0.010380 0.009583
48 0.344603 0.531884 0.013049 0.013269
48 0.327699 0.526539 0.018980 0.020273
48 0.339858 0.523774 0.013642 0.013269
48 0.335854 0.516402 0.014531 0.014007
48 0.346975 0.511979 0.016014 0.013269
48 0.354537 0.523222 0.013345 0.014375
48 0.372924 0.514007 0.012752 0.010689
48 0.379152 0.497973 0.011566 0.012532
48 0.371293 0.499447 0.010083 0.010321
48 0.368179 0.507925 0.008600 0.008846
48 0.364176 0.514007 0.010083 0.011426
48 0.357503 0.512532 0.016904 0.027645
48 0.391163 0.505345 0.012456 0.011795
48 0.382266 0.509031 0.016607 0.016218
48 0.372479 0.527460 0.021945 0.018430
48 0.380338 0.535754 0.017497 0.015850
48 0.395166 0.538334 0.015718 0.018798
48 0.402877 0.535017 0.013345 0.018798
48 0.411922 0.532989 0.011862 0.017693
48 0.420819 0.528382 0.018387 0.018061
48 0.391163 0.523590 0.016014 0.015112
48 0.406139 0.523037 0.010973 0.010321
48 0.397983 0.517140 0.008897 0.007372
48 0.395759 0.511426 0.009193 0.007741
48 0.401246 0.508846 0.006524 0.010689
48 0.409253 0.510505 0.013049 0.014007
48 0.419336 0.506635 0.015421 0.011426
48 0.425712 0.515665 0.020463 0.018430
48 0.432088 0.524143 0.013049 0.008109
48 0.221382 0.676742 0.010380 0.015481
48 0.232948 0.676742 0.019870 0.013269
48 0.228499 0.691854 0.019870 0.019904
48 0.252966 0.691117 0.030249 0.034648
48 0.204330 0.693881 0.014235 0.009215
48 0.203292 0.699042 0.015718 0.008478
48 0.202847 0.706045 0.020166 0.012901
48 0.202106 0.715813 0.021649 0.009583
48 0.217823 0.708994 0.010973 0.015112
48 0.227610 0.710468 0.015718 0.019536
48 0.240955 0.714338 0.013345 0.016955
48 0.236507 0.724106 0.011566 0.011426
48 0.216192 0.729819 0.014235 0.011795
48 0.204181 0.725765 0.011566 0.009583
48 0.204923 0.733505 0.033215 0.014007
48 0.208482 0.743642 0.018387 0.013638
48 0.191874 0.738481 0.015421 0.013638
48 0.202402 0.749908 0.013938 0.009215
48 0.188019 0.749539 0.016014 0.016587
48 0.197064 0.757095 0.016904 0.017693
48 0.258897 0.713417 0.023725 0.013638
48 0.256228 0.722079 0.011862 0.010321
48 0.248814 0.726318 0.019573 0.017324
48 0.238731 0.734427 0.021945 0.012901
48 0.234727 0.745485 0.015718 0.015850
48 0.228499 0.739587 0.015125 0.015112
48 0.223458 0.750645 0.019870 0.017324
48 0.214858 0.759307 0.019870 0.018430
48 0.206406 0.767232 0.016014 0.014375
48 0.177936 0.765757 0.017794 0.019536
48 0.187574 0.770733 0.012159 0.011795
48 0.194840 0.774051 0.011862 0.014744
48 0.195878 0.783450 0.023428 0.017324
48 0.183571 0.796535 0.018387 0.016218
48 0.172450 0.788610 0.022242 0.021747
48 0.165629 0.799853 0.006821 0.008109
48 0.174377 0.802617 0.023132 0.016587
48 0.167705 0.812938 0.022835 0.019536
48 0.175119 0.827313 0.012752 0.010689
48 0.182977 0.820678 0.011862 0.013638
48 0.191578 0.830077 0.013049 0.013269
48 0.199140 0.833395 0.011566 0.011058
48 0.191726 0.842610 0.013938 0.012532
48 0.202550 0.850350 0.020759 0.018430
48 0.206406 0.843347 0.007117 0.008109
48 0.212782 0.858275 0.013345 0.012164
48 0.215747 0.851272 0.006821 0.005529
48 0.220047 0.847586 0.011269 0.009215
48 0.218416 0.863251 0.013345 0.013269
48 0.221085 0.854958 0.008600 0.007003
48 0.225830 0.859012 0.006821 0.005529
48 0.224941 0.868964 0.010973 0.012901
48 0.232058 0.871544 0.011566 0.011426
48 0.238138 0.863067 0.013642 0.011426
48 0.230575 0.859381 0.012159 0.012164
48 0.237989 0.876705 0.010973 0.012164
48 0.242734 0.882787 0.010973 0.012532
48 0.249703 0.887210 0.011862 0.011795
48 0.249852 0.875968 0.011566 0.012901
48 0.257117 0.879469 0.010083 0.013269
48 0.262900 0.883155 0.010973 0.011058
48 0.255931 0.891817 0.012456 0.014375
48 0.268980 0.888500 0.013642 0.014375
48 0.263345 0.897530 0.013049 0.012532
48 0.268238 0.901585 0.012752 0.015481
48 0.275356 0.892739 0.010973 0.012532
48 0.275059 0.908588 0.014531 0.016955
48 0.282622 0.899189 0.015421 0.018061
48 0.289591 0.904902 0.015718 0.015481
48 0.282325 0.913196 0.013049 0.019536
48 0.289739 0.917619 0.013642 0.017324
48 0.298339 0.923332 0.016607 0.014744
48 0.305605 0.917250 0.016904 0.017324
48 0.314057 0.906561 0.012456 0.012901
5 0.329775 0.906008 0.004152 0.005160
48 0.322361 0.897346 0.016607 0.018798
48 0.305012 0.899558 0.012752 0.015112
48 0.312426 0.890527 0.015125 0.017693
48 0.298339 0.893844 0.013642 0.016218
48 0.305902 0.886104 0.016311 0.016955
48 0.297746 0.879285 0.014828 0.015112
48 0.292556 0.874677 0.015718 0.015481
48 0.284104 0.883892 0.016014 0.016218
48 0.286032 0.869149 0.012752 0.015481
48 0.278915 0.877073 0.011566 0.012901
48 0.272539 0.873572 0.014235 0.014744
48 0.280101 0.864725 0.017497 0.016955
48 0.273132 0.860671 0.013642 0.013269
48 0.265125 0.870992 0.012456 0.011795
48 0.266163 0.855695 0.013938 0.015112
48 0.260083 0.850903 0.015421 0.015112
48 0.258304 0.864910 0.015421 0.015112
48 0.252372 0.860302 0.013642 0.010321
48 0.247479 0.855326 0.015125 0.014375
48 0.254448 0.844084 0.011862 0.014007
48 0.246738 0.840214 0.016014 0.015850
48 0.241103 0.835238 0.017794 0.015481
48 0.236803 0.848139 0.019870 0.017693
5 0.313612 0.876336 0.003262 0.001843
48 0.220344 0.822337 0.015421 0.014007
48 0.211151 0.827682 0.020166 0.019536
48 0.199140 0.817729 0.014531 0.015112
48 0.209371 0.812385 0.020759 0.019167
48 0.197361 0.802986 0.017497 0.015850
48 0.190095 0.812016 0.016014 0.014007
48 0.210558 0.792296 0.023132 0.023222
48 0.219158 0.800221 0.013049 0.012532
48 0.229241 0.798747 0.013642 0.013269
48 0.226127 0.807962 0.009786 0.011058
48 0.232800 0.813122 0.010083 0.012532
5 0.228499 0.816992 0.002669 0.002580
48 0.237100 0.805013 0.010973 0.011058
48 0.245996 0.814781 0.020463 0.022484
5 0.259045 0.812200 0.005042 0.004792
5 0.285142 0.810726 0.004448 0.005529
48 0.267942 0.807593 0.013938 0.014007
48 0.258600 0.802248 0.011269 0.012901
48 0.246590 0.795429 0.021649 0.017693
48 0.277284 0.799484 0.024911 0.024327
48 0.264235 0.791559 0.017794 0.017324
48 0.257859 0.781976 0.013938 0.014375
48 0.246590 0.777737 0.014531 0.013269
48 0.241993 0.784187 0.015421 0.011426
48 0.234727 0.778843 0.009786 0.009583
48 0.234579 0.789532 0.008897 0.008846
48 0.227906 0.784740 0.015125 0.013269
48 0.219454 0.778105 0.014235 0.014744
48 0.227461 0.769259 0.015421 0.014744
48 0.247183 0.768338 0.008600 0.009215
48 0.237989 0.764652 0.022835 0.020273
48 0.288553 0.792481 0.016607 0.015481
48 0.295670 0.785846 0.016607 0.016955
48 0.304270 0.776447 0.019573 0.018798
48 0.277877 0.782897 0.016607 0.014744
48 0.285587 0.775157 0.018387 0.015481
48 0.295374 0.767048 0.020166 0.017693
48 0.294187 0.754147 0.013049 0.012532
48 0.285291 0.754515 0.008897 0.012532
48 0.277580 0.758017 0.013642 0.018061
48 0.266014 0.755621 0.013642 0.014007
48 0.265421 0.765205 0.013049 0.008846
48 0.267794 0.772577 0.011862 0.009583
48 0.260973 0.772945 0.013642 0.012532
48 0.255635 0.761334 0.011269 0.010689
48 0.251038 0.758201 0.008600 0.008109
48 0.247479 0.752857 0.022242 0.017324
48 0.256673 0.747328 0.013938 0.012164
48 0.267942 0.744563 0.010380 0.010321
48 0.260973 0.739403 0.014828 0.012532
48 0.267942 0.730004 0.015718 0.018061
48 0.278915 0.730188 0.016311 0.012532
48 0.278618 0.740140 0.019276 0.016218
48 0.287367 0.731662 0.008897 0.020641
48 0.296115 0.740693 0.015718 0.011426
48 0.296412 0.729082 0.012752 0.014007
48 0.283215 0.718577 0.030842 0.010689
48 0.323399 0.764099 0.017497 0.016218
48 0.305605 0.729267 0.012752 0.011426
48 0.308571 0.740877 0.019870 0.016218
48 0.330664 0.753778 0.013049 0.013269
48 0.323547 0.744563 0.014828 0.014744
48 0.329775 0.738297 0.011862 0.012532
48 0.337337 0.746959 0.015125 0.016587
48 0.310498 0.756543 0.024318 0.018798
5 0.330071 0.711390 0.003559 0.005160
5 0.340302 0.725949 0.003262 0.004792
48 0.312278 0.723738 0.012456 0.015850
48 0.327254 0.726133 0.018683 0.016218
48 0.321174 0.716366 0.019573 0.018061
48 0.311240 0.706966 0.019870 0.016955
48 0.309609 0.693144 0.025504 0.013638
48 0.295967 0.706229 0.016607 0.015481
48 0.277877 0.707151 0.021352 0.011426
48 0.287515 0.691854 0.010380 0.017693
48 0.278173 0.688721 0.008897 0.012901
48 0.208630 0.673793 0.024614 0.022853
48 0.293594 0.694803 0.009490 0.022853
48 0.266756 0.685588 0.009786 0.010321
48 0.332888 0.699226 0.018090 0.025802
48 0.338078 0.710468 0.006524 0.007003
48 0.342972 0.713970 0.007414 0.008109
48 0.346827 0.709362 0.008007 0.007741
48 0.347568 0.700516 0.011269 0.013638
48 0.356168 0.702543 0.012456 0.013269
48 0.366993 0.704386 0.015125 0.016955
48 0.362693 0.715260 0.014235 0.015112
48 0.353944 0.724106 0.016904 0.020273
48 0.350386 0.714891 0.015125 0.016587
48 0.384193 0.708257 0.016311 0.018798
48 0.397687 0.712495 0.023725 0.025065
48 0.413256 0.719130 0.026394 0.037597
48 0.375741 0.719499 0.016607 0.014744
48 0.367883 0.729451 0.016311 0.015481
48 0.387307 0.728898 0.019573 0.015850
48 0.399021 0.736086 0.014531 0.014744
48 0.405101 0.744932 0.013642 0.020641
48 0.393980 0.743273 0.013938 0.011426
48 0.380635 0.735348 0.016904 0.013269
48 0.396649 0.756911 0.013345 0.011426
48 0.387011 0.751382 0.016014 0.016587
48 0.373221 0.746222 0.018683 0.017324
48 0.392645 0.763914 0.014235 0.012164
48 0.387307 0.772945 0.014235 0.014744
48 0.379745 0.767232 0.011566 0.012901
48 0.357948 0.742905 0.014235 0.015112
48 0.370996 0.767416 0.013642 0.014744
48 0.374852 0.774419 0.010676 0.009583
48 0.380931 0.784372 0.019276 0.025065
48 0.430457 0.722816 0.018090 0.032436
48 0.442319 0.719314 0.012752 0.013638
48 0.440391 0.729082 0.010676 0.009583
48 0.435943 0.733874 0.008304 0.007372
48 0.427788 0.737560 0.010973 0.008846
48 0.421708 0.739034 0.010083 0.008846
48 0.428084 0.749724 0.012752 0.013269
48 0.419039 0.745485 0.015421 0.014375
48 0.421856 0.758938 0.015718 0.016218
48 0.412515 0.754331 0.013049 0.012901
48 0.408215 0.762624 0.016311 0.019167
48 0.418891 0.766863 0.011566 0.012164
48 0.413404 0.777737 0.014828 0.014744
48 0.399318 0.781238 0.015718 0.012901
48 0.409104 0.786767 0.012752 0.013638
48 0.403618 0.795061 0.014235 0.012532
48 0.393980 0.790269 0.016311 0.014007
48 0.399466 0.803907 0.013049 0.012532
48 0.396649 0.811648 0.013345 0.012532
48 0.391607 0.819204 0.013938 0.015112
48 0.388642 0.802433 0.016904 0.019904
48 0.395314 0.848507 0.010676 0.014744
48 0.404656 0.847954 0.012159 0.013638
48 0.399170 0.833210 0.017200 0.016587
48 0.411032 0.833948 0.014828 0.018798
48 0.405546 0.824364 0.010380 0.007741
48 0.416074 0.822890 0.012456 0.013638
48 0.407028 0.816255 0.013938 0.010689
48 0.419929 0.815334 0.012456 0.013269
48 0.411032 0.809252 0.012456 0.012164
48 0.425860 0.808699 0.013049 0.009583
48 0.415036 0.802064 0.010973 0.008109
48 0.428381 0.796904 0.013938 0.014744
48 0.417260 0.797088 0.010083 0.007003
48 0.420522 0.791375 0.009490 0.010321
48 0.424377 0.782160 0.011862 0.012532
48 0.432829 0.786952 0.011566 0.013269
48 0.429122 0.773498 0.012456 0.012164
48 0.439947 0.777921 0.013345 0.017324
48 0.432829 0.765942 0.015718 0.014007
48 0.443950 0.767416 0.010083 0.008846
48 0.446619 0.762993 0.009490 0.007372
48 0.448547 0.759307 0.009786 0.008109
48 0.438760 0.756543 0.014531 0.014375
48 0.451364 0.751567 0.012456 0.011058
48 0.443654 0.746038 0.011862 0.011795
48 0.457444 0.743273 0.015125 0.015112
48 0.448102 0.738481 0.014235 0.012901
48 0.452847 0.730372 0.014235 0.014375
48 0.460261 0.736270 0.011862 0.008478
48 0.464561 0.730004 0.010973 0.010689
48 0.468120 0.722079 0.012752 0.010321
48 0.476720 0.735717 0.017497 0.021379
48 0.469899 0.748802 0.013938 0.010689
48 0.464561 0.757464 0.017497 0.015481
48 0.460558 0.767416 0.013642 0.011795
48 0.455219 0.775341 0.015421 0.013638
48 0.450326 0.784924 0.013938 0.013638
48 0.446323 0.793955 0.012456 0.010321
48 0.441726 0.803170 0.012752 0.012532
48 0.437871 0.812938 0.015125 0.012164
48 0.432681 0.822337 0.014235 0.013269
5 0.446174 0.823996 0.005635 0.004792
5 0.377966 0.809989 0.003262 0.004792
48 0.427788 0.829893 0.012752 0.011426
48 0.423636 0.838187 0.018090 0.013269
48 0.417260 0.847770 0.016607 0.016218
48 0.411922 0.859565 0.016607 0.014744
48 0.407028 0.869333 0.018090 0.015850
48 0.427639 0.869149 0.026690 0.034648
48 0.439947 0.840582 0.028173 0.035754
48 0.451957 0.819388 0.024911 0.017693
5 0.505190 0.851087 0.003855 0.003686
5 0.509638 0.853115 0.005635 0.004792
5 0.535142 0.866753 0.006228 0.005529
5 0.553381 0.889237 0.002966 0.004055
48 0.583333 0.900295 0.023132 0.021010
5 0.596085 0.880022 0.003559 0.006266
5 0.593565 0.879101 0.002669 0.005898
5 0.590747 0.880759 0.002966 0.004055
48 0.577995 0.870070 0.034401 0.022484
48 0.562871 0.893292 0.019573 0.026170
48 0.542705 0.884630 0.036180 0.030962
48 0.526394 0.869701 0.021945 0.017324
48 0.506821 0.870623 0.027284 0.019904
48 0.694395 0.996867 0.013345 0.006266
48 0.705961 0.997420 0.013345 0.005160
48 0.721679 0.997420 0.012159 0.005160
48 0.643980 0.432916 0.021649 0.028382
48 0.656880 0.449134 0.020166 0.024696
5 0.848310 0.990601 0.002076 0.005529
5 0.850534 0.987283 0.002372 0.004055
48 0.940985 0.997604 0.016014 0.004792
48 0.955219 0.999447 0.011269 0.001106
53 0.008452 0.827497 0.016904 0.058238
55 0.239472 0.144858 0.009193 0.013269
48 0.240658 0.004976 0.029953 0.009952
5 0.364917 0.009583 0.002669 0.004423
5 0.366845 0.010505 0.002372 0.003317
5 0.357355 0.023774 0.002372 0.004792
5 0.354093 0.064320 0.002966 0.004792
48 0.370255 0.101548 0.016904 0.029856
48 0.365807 0.124954 0.010973 0.011795
48 0.474792 0.103207 0.042112 0.044231
11 0.548191 0.236454 0.007414 0.015112
13 0.552195 0.237560 0.007117 0.011426
5 0.547301 0.250829 0.002669 0.004792
5 0.492883 0.147623 0.005338 0.004792
5 0.345344 0.168264 0.002076 0.006266
5 0.361803 0.012348 0.003559 0.005529
48 0.696026 0.035201 0.037960 0.028382
11 0.768238 0.060265 0.010973 0.014375
11 0.797005 0.105787 0.010973 0.012532
48 0.861507 0.142647 0.057533 0.053078
48 0.805012 0.162182 0.048339 0.047917
11 0.776542 0.153520 0.011566 0.016587
5 0.969158 0.273682 0.005931 0.005529
48 0.797598 0.528566 0.019276 0.013269
48 0.831851 0.516402 0.025504 0.021379
48 0.811536 0.528935 0.015718 0.020641
48 0.801453 0.541283 0.020463 0.017324
48 0.849496 0.536675 0.018683 0.021379
48 0.836595 0.543679 0.015421 0.015481
48 0.838078 0.578879 0.024318 0.025433
48 0.805160 0.577221 0.016607 0.022116
48 0.833333 0.606524 0.018387 0.013638
48 0.812574 0.600811 0.021945 0.019167
48 0.817764 0.588094 0.016904 0.012901
48 0.865807 0.565979 0.010973 0.012901
48 0.782770 0.603391 0.018683 0.017693
48 0.716340 0.561555 0.028766 0.028382
48 0.695730 0.573535 0.021352 0.019167
48 0.707444 0.585146 0.020463 0.021010
48 0.702550 0.595098 0.013642 0.016587
48 0.693209 0.605234 0.022835 0.025802
48 0.662070 0.612790 0.018683 0.023959
5 0.663108 0.588279 0.004745 0.006635
5 0.665480 0.593255 0.004745 0.005529
7 0.640866 0.606156 0.003559 0.005529
5 0.641756 0.614449 0.004152 0.004423
10 0.637604 0.626613 0.005931 0.008109
5 0.670670 0.597309 0.003855 0.004792
48 0.689057 0.619056 0.020463 0.021747
48 0.710558 0.612975 0.021945 0.025065
48 0.683571 0.649281 0.028470 0.021747
48 0.673784 0.628640 0.014828 0.014375
48 0.680605 0.637486 0.020166 0.015850
48 0.666518 0.668264 0.032325 0.033911
48 0.636714 0.647991 0.020166 0.022853
48 0.649318 0.631036 0.025801 0.028750
48 0.650059 0.643015 0.011862 0.012901
48 0.653321 0.651493 0.008897 0.008478
48 0.643980 0.658865 0.017497 0.014375
48 0.649170 0.668080 0.023132 0.019536
48 0.659401 0.685772 0.025801 0.023222
5 0.630931 0.661076 0.003855 0.004055
48 0.622924 0.662919 0.015718 0.018061
48 0.631079 0.671028 0.011862 0.012901
48 0.616103 0.673056 0.013938 0.015481
48 0.624852 0.678769 0.011269 0.012901
48 0.614472 0.679690 0.014828 0.011058
48 0.607206 0.681902 0.014531 0.014744
48 0.616993 0.688537 0.015718 0.015481
48 0.596085 0.691301 0.021352 0.021010
48 0.589561 0.699042 0.013642 0.012901
48 0.583778 0.701806 0.015718 0.014007
48 0.579626 0.707335 0.015125 0.013269
48 0.573843 0.714891 0.017200 0.018061
48 0.566726 0.722079 0.017200 0.016955
48 0.554567 0.730741 0.021945 0.018061
48 0.564947 0.743089 0.024318 0.024327
48 0.576068 0.730741 0.013938 0.014375
48 0.582888 0.723738 0.014531 0.013638
48 0.589709 0.716181 0.014531 0.015481
48 0.595641 0.708809 0.015125 0.014007
48 0.603499 0.701622 0.014828 0.015850
48 0.610469 0.694987 0.012159 0.012901
48 0.638642 0.685404 0.021056 0.022484
48 0.634490 0.677847 0.004448 0.004423
48 0.645314 0.692960 0.017200 0.015481
48 0.628410 0.693697 0.013642 0.014007
48 0.637307 0.703649 0.014235 0.014007
48 0.619810 0.703465 0.018387 0.016587
48 0.630635 0.711942 0.013938 0.014375
48 0.614769 0.711942 0.013642 0.012164
48 0.622034 0.717287 0.010973 0.011058
48 0.608244 0.718393 0.014828 0.018430
48 0.617141 0.724290 0.011862 0.012532
48 0.586595 0.758386 0.016607 0.015850
5 0.577550 0.769812 0.005042 0.004055
5 0.606020 0.784003 0.004448 0.004423
5 0.629745 0.787320 0.005635 0.004423
5 0.635528 0.792296 0.004152 0.003317
5 0.638493 0.796535 0.004152 0.003686
5 0.651542 0.802433 0.005338 0.003686
5 0.666815 0.805013 0.005042 0.004423
5 0.656584 0.807962 0.004152 0.002949
5 0.549970 0.804460 0.003262 0.004055
5 0.553232 0.805750 0.003855 0.005160
5 0.555308 0.807224 0.003855 0.004423
5 0.556346 0.810173 0.004152 0.005160
5 0.559015 0.810173 0.004152 0.005160
5 0.562129 0.812385 0.003262 0.005160
5 0.565540 0.813491 0.002966 0.004423
5 0.567912 0.814412 0.002372 0.003317
5 0.571619 0.817545 0.003262 0.005160
5 0.574437 0.818651 0.002966 0.005160
48 0.576512 0.790269 0.016014 0.016218
6 0.588227 0.796351 0.003855 0.005529
48 0.617883 0.812569 0.010380 0.008478
48 0.643090 0.824733 0.009193 0.007741
5 0.712337 0.827129 0.005338 0.003686
5 0.701809 0.818098 0.003855 0.003317
5 0.672746 0.748986 0.003855 0.003686
48 0.530249 0.785846 0.049822 0.040546
48 0.485024 0.759307 0.022835 0.022853
48 0.499110 0.747143 0.021945 0.016955
6 0.352758 0.753410 0.004448 0.007372
48 0.387307 0.858459 0.015421 0.018430
48 0.380635 0.866753 0.012752 0.011426
48 0.375890 0.874862 0.018683 0.016587
48 0.353499 0.902506 0.016014 0.014375
5 0.362841 0.956321 0.004448 0.006266
48 0.363879 0.753410 0.014828 0.016218
50 0.339116 0.918725 0.016904 0.018798
50 0.373221 0.920752 0.016904 0.019167
50 0.380635 0.894397 0.021056 0.020273
50 0.392497 0.902875 0.018683 0.022484
50 0.403915 0.907114 0.013049 0.014007
50 0.399170 0.914302 0.012456 0.010689
50 0.411032 0.913011 0.011862 0.014744
50 0.378559 0.942315 0.017497 0.015112
50 0.417112 0.947475 0.020463 0.021747
50 0.435943 0.939735 0.016014 0.016587
50 0.443060 0.932178 0.016014 0.016955
50 0.452550 0.940840 0.014235 0.013638
50 0.423339 0.920199 0.017497 0.017324
50 0.417260 0.928492 0.010083 0.011058
50 0.432829 0.926281 0.015125 0.016218
50 0.426750 0.933653 0.014828 0.014007
5 0.370107 0.896425 0.003559 0.005160
50 0.366400 0.910247 0.013938 0.014375
50 0.382117 0.906377 0.015125 0.012532
5 0.416667 0.901585 0.004152 0.003686
48 0.407177 0.921489 0.018387 0.014744
48 0.408956 0.963878 0.017200 0.019904
50 0.420670 0.970328 0.023428 0.023959
50 0.441874 0.984703 0.021352 0.021747
50 0.438316 0.964615 0.021352 0.022116
50 0.461596 0.947107 0.015718 0.015850
50 0.453292 0.954847 0.012752 0.011426
48 0.445581 0.949134 0.013938 0.014744
50 0.460261 0.962035 0.014235 0.014007
50 0.469751 0.968669 0.014235 0.016218
50 0.470344 0.953373 0.017794 0.015850
5 0.477165 0.947659 0.004152 0.004423
50 0.478055 0.975488 0.014828 0.015112
50 0.478648 0.958902 0.016607 0.015850
50 0.487693 0.982123 0.015718 0.013638
50 0.504004 0.974198 0.019276 0.017693
50 0.501483 0.988942 0.022539 0.019904
48 0.513642 0.979359 0.014828 0.013269
50 0.457740 0.922595 0.013938 0.017693
50 0.449881 0.917066 0.017794 0.016218
48 0.424674 0.900111 0.015421 0.014007
48 0.401542 0.936786 0.015421 0.018061
50 0.380042 0.925728 0.013938 0.016587
50 0.427788 0.951345 0.013938 0.015481
48 0.487396 0.939735 0.018090 0.018061
48 0.496441 0.945632 0.016607 0.018798
48 0.504300 0.949134 0.018090 0.017693
48 0.535884 0.973092 0.013049 0.017693
48 0.514087 0.954478 0.016904 0.016587
48 0.519721 0.966642 0.010380 0.009952
48 0.524318 0.968854 0.008304 0.009215
48 0.582147 0.941946 0.052195 0.051235
48 0.570433 0.983229 0.028173 0.032068
55 0.667112 0.904718 0.019870 0.024696
55 0.697805 0.888868 0.014235 0.018798
48 0.715747 0.875968 0.020463 0.013638
48 0.670967 0.856248 0.029359 0.039808
50 0.549081 0.986546 0.015718 0.012901
48 0.648576 0.876520 0.013642 0.021379
48 0.620552 0.876705 0.010973 0.011426
48 0.739324 0.864541 0.016607 0.018798
47 0.619514 0.864357 0.007711 0.006635
48 0.632859 0.945632 0.019573 0.025433
5 0.617438 0.971802 0.004745 0.003317
6 0.587485 0.964799 0.008897 0.010689
48 0.593416 0.982860 0.008897 0.007741
6 0.594899 0.989311 0.005931 0.005898
6 0.586299 0.995393 0.007117 0.006266
6 0.626483 0.967379 0.010973 0.008478
6 0.638790 0.958533 0.011269 0.009952
6 0.670077 0.934390 0.006821 0.007372
48 0.646501 0.948765 0.008304 0.009583
5 0.771352 0.851825 0.004152 0.004423
48 0.765718 0.830630 0.041518 0.034279
48 0.674377 0.888315 0.011269 0.011795
48 0.497776 0.922779 0.111803 0.067453
48 0.480427 0.884814 0.058719 0.032068
48 0.514087 0.897346 0.012159 0.015112
48 0.527135 0.896425 0.019276 0.022116
48 0.366993 0.968669 0.013345 0.011795
48 0.200919 0.882602 0.009193 0.009215
48 0.206851 0.889790 0.009193 0.008846
48 0.212782 0.894766 0.012752 0.012901
48 0.211447 0.887210 0.005931 0.005898
50 0.240362 0.920199 0.018090 0.018061
48 0.262752 0.925728 0.007711 0.007003
48 0.238582 0.943789 0.006228 0.006266
48 0.250593 0.933837 0.004745 0.004792
48 0.256228 0.928861 0.005338 0.004423
48 0.229686 0.928861 0.005042 0.005160
50 0.321174 0.927018 0.013049 0.011795
48 0.601868 0.965352 0.026987 0.034648
48 0.650949 0.901032 0.011269 0.010689
48 0.713523 0.937892 0.016607 0.015850
48 0.707147 0.949318 0.017497 0.017324
48 0.696174 0.968485 0.018090 0.017324
48 0.728203 0.958717 0.018090 0.012532
48 0.746738 0.955031 0.023132 0.025065
5 0.747924 0.965536 0.004152 0.001843
5 0.753262 0.965905 0.004745 0.003317
5 0.749555 0.975488 0.004448 0.002580
5 0.761418 0.975857 0.005042 0.002580
48 0.704923 0.987652 0.014828 0.015850
48 0.696471 0.988205 0.006821 0.013269
48 0.691429 0.986731 0.006228 0.013269
48 0.721234 0.983782 0.008897 0.010321
48 0.727461 0.992260 0.024318 0.008109
48 0.732948 0.983966 0.015718 0.010689
48 0.747034 0.985440 0.007117 0.009215
48 0.745848 0.993550 0.008304 0.007003
48 0.752669 0.988942 0.005338 0.005160
48 0.751928 0.995208 0.006228 0.008109
48 0.758897 0.984519 0.014235 0.010321
48 0.760380 0.994840 0.011269 0.010321
5 0.787663 0.981386 0.003559 0.002580
48 0.803529 0.988574 0.011566 0.009583
48 0.804122 0.996683 0.010973 0.006635
48 0.809757 0.978990 0.019870 0.012532
48 0.814354 0.992812 0.010676 0.013638
48 0.835706 0.979543 0.020759 0.014375
48 0.842082 0.986731 0.009786 0.012532
48 0.831109 0.991707 0.010973 0.012164
48 0.842230 0.996130 0.010676 0.007741
48 0.790925 0.950055 0.018387 0.012901
48 0.787515 0.960007 0.009193 0.009952
5 0.849644 0.944158 0.002372 0.004055
48 0.802639 0.962588 0.023428 0.012164
48 0.811833 0.950424 0.023428 0.012901
48 0.825623 0.948765 0.008304 0.011795
48 0.833482 0.950608 0.008600 0.013269
48 0.826512 0.962403 0.008304 0.013269
48 0.818357 0.962956 0.008600 0.012901
48 0.834075 0.963509 0.008600 0.011058
48 0.841934 0.952083 0.008304 0.014007
48 0.837485 0.927387 0.013642 0.028750
48 0.824140 0.920383 0.008897 0.008846
48 0.824288 0.927755 0.008600 0.006635
48 0.824140 0.937339 0.008304 0.014744
48 0.805160 0.932547 0.014235 0.016218
48 0.816281 0.932916 0.009193 0.014007
5 0.845789 0.914486 0.004152 0.002212
5 0.845492 0.917066 0.004152 0.002212
5 0.845937 0.920015 0.004448 0.003686
48 0.760824 0.941946 0.019870 0.015112
48 0.776542 0.938076 0.019276 0.014007
48 0.776839 0.930704 0.010973 0.010321
48 0.787960 0.926465 0.016014 0.015850
48 0.757562 0.912459 0.009193 0.007741
48 0.760528 0.919462 0.012752 0.015112
48 0.763938 0.927940 0.013642 0.014375
48 0.769721 0.919278 0.014531 0.019904
48 0.773576 0.913933 0.015718 0.017324
48 0.817467 0.908773 0.016311 0.015850
48 0.811684 0.915960 0.011269 0.013269
48 0.807384 0.920015 0.008600 0.008846
48 0.794929 0.922411 0.008007 0.011426
48 0.800267 0.919646 0.012752 0.010321
48 0.803232 0.909141 0.016311 0.014375
48 0.792112 0.913380 0.011269 0.008109
48 0.791370 0.888315 0.007414 0.007372
48 0.788553 0.900479 0.036773 0.028013
48 0.811833 0.891449 0.026394 0.018798
48 0.814502 0.881312 0.019276 0.009583
5 0.845492 0.877073 0.004152 0.002580
5 0.850089 0.896609 0.002076 0.004792
14 0.854389 0.876889 0.004745 0.005898
5 0.787663 0.872466 0.004745 0.003686
5 0.819543 0.875783 0.003855 0.002212
5 0.811388 0.861039 0.005931 0.003686
5 0.839116 0.913564 0.005635 0.002580
48 0.837633 0.888500 0.019870 0.014375
48 0.837930 0.902138 0.021649 0.018061
5 0.831406 0.910800 0.004448 0.002949
48 0.884786 0.904349 0.055457 0.017324
48 0.862100 0.922964 0.014828 0.022853
48 0.884490 0.944711 0.035884 0.013269
48 0.904656 0.953741 0.012159 0.010689
5 0.878707 0.951530 0.003559 0.001843
5 0.892052 0.933653 0.004152 0.002212
5 0.897094 0.954478 0.003559 0.001843
5 0.896945 0.957612 0.003855 0.002949
48 0.883304 0.968116 0.054864 0.013638
48 0.861803 0.988389 0.012456 0.012164
48 0.873962 0.983045 0.011269 0.013269
48 0.862544 0.981570 0.012159 0.009583
48 0.872627 0.992997 0.012159 0.008109
48 0.884638 0.981755 0.011269 0.012164
48 0.883749 0.992812 0.011862 0.009952
48 0.895314 0.982676 0.010676 0.012532
48 0.894721 0.992812 0.011269 0.009952
48 0.911329 0.993365 0.023132 0.012532
48 0.915480 0.984150 0.012456 0.008109
48 0.958333 0.980096 0.034698 0.036860
48 0.933571 0.970144 0.007711 0.006635
48 0.932384 0.992628 0.013642 0.011795
48 0.939947 0.983413 0.013345 0.013269
48 0.947657 0.992260 0.018683 0.015481
48 0.941133 0.930520 0.014531 0.025433
48 0.963375 0.920383 0.024614 0.015481
48 0.957295 0.929598 0.016607 0.016218
48 0.964116 0.899558 0.048636 0.028382
5 0.883155 0.872097 0.004745 0.002949
5 0.896649 0.873203 0.005042 0.002949
5 0.911180 0.876705 0.005042 0.002580
5 0.948102 0.908404 0.004745 0.003317
48 0.886714 0.800958 0.022539 0.016218
48 0.901097 0.807409 0.008600 0.013638
48 0.900652 0.822706 0.012456 0.016955
48 0.871293 0.808699 0.012456 0.016955
48 0.872479 0.839845 0.016607 0.047549
48 0.903025 0.845927 0.012456 0.019904
48 0.900504 0.858828 0.010380 0.012532
5 0.897983 0.844453 0.002966 0.005160
48 0.837189 0.850719 0.016607 0.021379
48 0.802788 0.842241 0.020759 0.016955
48 0.792260 0.812016 0.018090 0.022853
48 0.804270 0.819204 0.018387 0.023222
48 0.848310 0.794877 0.026987 0.033542
48 0.872776 0.778843 0.025504 0.033911
48 0.889828 0.777921 0.006821 0.007741
48 0.960409 0.785846 0.053677 0.066347
5 0.975089 0.734795 0.003559 0.003317
5 0.983689 0.745853 0.004152 0.001843
5 0.983986 0.747696 0.004745 0.003317
48 0.805902 0.711758 0.025801 0.035385
48 0.782473 0.742905 0.027580 0.034279
48 0.784253 0.688721 0.037663 0.041651
48 0.761566 0.693144 0.010676 0.012901
48 0.752817 0.699963 0.021056 0.022853
48 0.735913 0.686509 0.026987 0.028382
48 0.757117 0.727976 0.015421 0.023590
48 0.713968 0.735533 0.025801 0.024696
48 0.724496 0.746406 0.023725 0.022853
48 0.751928 0.758386 0.017497 0.019536
48 0.657028 0.707335 0.020463 0.020641
48 0.646945 0.713048 0.019870 0.018061
48 0.655694 0.721895 0.016014 0.018061
48 0.636121 0.725396 0.021945 0.016218
48 0.626186 0.735164 0.016311 0.015112
48 0.620403 0.741983 0.014828 0.014007
48 0.614324 0.750461 0.015125 0.016218
48 0.606613 0.757280 0.017497 0.015850
48 0.599199 0.763362 0.013938 0.016218
48 0.647687 0.730188 0.013049 0.014007
48 0.641607 0.735717 0.012752 0.013269
48 0.635973 0.742720 0.012752 0.012532
48 0.629597 0.749171 0.013049 0.013638
48 0.617883 0.763362 0.025801 0.029488
48 0.666518 0.730557 0.018683 0.019904
48 0.658660 0.739219 0.014828 0.015112
48 0.666963 0.746590 0.012456 0.012164
48 0.712782 0.780501 0.080368 0.076299
48 0.771945 0.792296 0.019573 0.037965
48 0.728351 0.714338 0.018387 0.018430
48 0.688316 0.706414 0.026097 0.020273
48 0.704923 0.721157 0.008304 0.010689
48 0.769573 0.763362 0.005931 0.008109
48 0.856762 0.616661 0.013642 0.008109
48 0.859134 0.624217 0.020759 0.009215
48 0.791370 0.592517 0.016904 0.030593
48 0.776097 0.591412 0.016014 0.017324
48 0.796560 0.614818 0.016607 0.016218
6 0.786625 0.623295 0.006228 0.008109
48 0.806346 0.624585 0.023132 0.021747
48 0.825326 0.620531 0.024911 0.016587
48 0.826957 0.630851 0.019870 0.020273
48 0.814057 0.638776 0.020759 0.020641
48 0.908215 0.625875 0.015125 0.016955
48 0.882117 0.624217 0.018683 0.013638
48 0.902135 0.612422 0.014235 0.014375
48 0.865510 0.590306 0.013938 0.009215
48 0.856317 0.558422 0.013345 0.014744
48 0.842378 0.557132 0.013345 0.009215
48 0.840599 0.550682 0.012752 0.007372
48 0.853351 0.545890 0.013345 0.011795
48 0.707147 0.372282 0.038256 0.049392
48 0.688464 0.462588 0.019870 0.019167
48 0.700326 0.474567 0.021649 0.022484
48 0.707444 0.465352 0.015125 0.016587
48 0.715302 0.479543 0.026097 0.029488
48 0.726275 0.489495 0.020166 0.026539
5 0.492586 0.490785 0.003559 0.004792
48 0.349644 0.872097 0.012456 0.015481
48 0.260528 0.823443 0.019276 0.019904
48 0.222420 0.831736 0.016607 0.019536
5 0.170670 0.838924 0.003855 0.005160
48 0.165629 0.843347 0.011566 0.011058
48 0.017645 0.591965 0.031139 0.021379
48 0.216785 0.542204 0.017200 0.014744
5 0.259193 0.479912 0.001779 0.004423
5 0.260380 0.460929 0.002372 0.005529
5 0.259638 0.420752 0.002669 0.004792
48 0.271204 0.415592 0.013938 0.014375
10 0.277877 0.400848 0.008897 0.007741
48 0.242141 0.389606 0.013938 0.010321
5 0.259490 0.364357 0.002372 0.007003
10 0.259638 0.370254 0.003262 0.005529
5 0.262307 0.375046 0.002076 0.003317
5 0.345492 0.231109 0.004152 0.002949
5 0.355130 0.086989 0.001483 0.003686
55 0.555012 0.026907 0.021649 0.031699
55 0.570730 0.019351 0.019870 0.026907
55 0.600089 0.006819 0.020463 0.013638
55 0.586892 0.014744 0.019573 0.019904
5 0.513493 0.017693 0.006821 0.008109
48 0.531435 0.014744 0.030842 0.029488
55 0.791074 0.005529 0.008600 0.011058
55 0.786180 0.010689 0.008304 0.010321
55 0.781880 0.016955 0.008007 0.008846
55 0.821471 0.051235 0.008304 0.007372
55 0.828292 0.054736 0.006524 0.007003
55 0.856910 0.077958 0.007414 0.012164
55 0.853944 0.085146 0.006821 0.009583
5 0.889235 0.142462 0.004448 0.004055
55 0.942912 0.169738 0.017497 0.017324
55 0.945581 0.178400 0.020463 0.016218
5 0.906435 0.782529 0.003262 0.004423
5 0.968416 0.755252 0.003262 0.002949
5 0.960854 0.761150 0.003559 0.002949
5 0.954181 0.768706 0.003262 0.003317
5 0.952402 0.770918 0.003855 0.003317
5 0.947954 0.775157 0.003855 0.004423
5 0.946768 0.776447 0.003855 0.004055
5 0.940243 0.782713 0.003855 0.003317
5 0.938909 0.784740 0.004745 0.004423
5 0.936833 0.786030 0.003559 0.003317
48 0.939205 0.754147 0.072361 0.081091
5 0.801898 0.633616 0.003559 0.004423
46 0.732503 0.591412 0.021945 0.023222
48 0.671856 0.704571 0.008007 0.009952
55 0.856465 0.284924 0.006524 0.011058
55 0.861655 0.292112 0.006821 0.011426
55 0.866103 0.298562 0.006821 0.012532
55 0.855575 0.297825 0.006524 0.010321
55 0.859579 0.303723 0.006228 0.011058
55 0.839116 0.282529 0.005042 0.007003
55 0.842823 0.279764 0.003559 0.006635
55 0.846085 0.277553 0.004152 0.005898
55 0.849051 0.275525 0.003559 0.006266
55 0.842230 0.286767 0.005338 0.005898
55 0.845047 0.283819 0.004448 0.005160
55 0.848458 0.281607 0.004745 0.005160
55 0.851720 0.279395 0.003559 0.005898
55 0.854982 0.277184 0.004152 0.005898
53 0.919929 0.280133 0.036773 0.042020
48 0.705516 0.528198 0.012456 0.014744
5 0.648725 0.604313 0.003262 0.004792
48 0.646352 0.602285 0.003855 0.002212
5 0.642645 0.624585 0.002966 0.004055
5 0.975979 0.724843 0.004745 0.004055
5 0.974348 0.699595 0.005042 0.005160
48 0.771945 0.489311 0.016014 0.012901
10 0.846382 0.386473 0.004152 0.004792
9 0.410587 0.186509 0.011566 0.008109
48 0.477017 0.069296 0.016311 0.014744
48 0.182236 0.029856 0.024021 0.011795
48 0.181939 0.039440 0.023428 0.009583
48 0.176008 0.060265 0.013938 0.007741
5 0.192912 0.677294 0.002076 0.004792
5 0.196026 0.690748 0.002372 0.004423
48 0.217675 0.901032 0.008304 0.008478
48 0.465006 0.931994 0.014828 0.014375
48 0.659401 0.930335 0.024614 0.022116
48 0.630783 0.880944 0.014235 0.010321
48 0.633304 0.841504 0.010380 0.012532
9 0.733244 0.020088 0.009786 0.012901
9 0.934015 0.299484 0.014531 0.012901
47 0.622183 0.858091 0.008897 0.007372
