48 0.546508 0.024188 0.014439 0.048375
48 0.557757 0.021841 0.012089 0.043682
58 0.170416 0.000722 0.019140 0.001444
55 0.378106 0.729242 0.016790 0.017329
55 0.364171 0.784296 0.010410 0.009025
5 0.320013 0.771661 0.004030 0.006137
5 0.321189 0.757762 0.003694 0.006498
5 0.091840 0.047292 0.006380 0.002888
5 0.083949 0.288087 0.005373 0.005054
15 0.154802 0.056137 0.016790 0.004693
39 0.178643 0.406318 0.008059 0.007581
39 0.175789 0.403069 0.007723 0.006859
5 0.115514 0.376173 0.005373 0.004332
39 0.181498 0.409025 0.007723 0.007220
39 0.171927 0.398375 0.007388 0.006859
48 0.530054 0.037365 0.003694 0.013357
48 0.527871 0.040253 0.003358 0.006859
48 0.533244 0.037184 0.003358 0.012996
48 0.524849 0.046931 0.007388 0.002888
48 0.524681 0.044043 0.007723 0.002888
5 0.521659 0.037365 0.007052 0.003971
48 0.539624 0.039350 0.003358 0.005776
48 0.536266 0.041516 0.003358 0.003610
48 0.535594 0.038087 0.002686 0.004693
48 0.555742 0.043141 0.018805 0.002527
48 0.557085 0.046029 0.016790 0.003249
48 0.559268 0.048556 0.013096 0.003249
48 0.555742 0.050903 0.006716 0.003610
48 0.639859 0.012996 0.007052 0.007220
8 0.276528 0.823105 0.003694 0.005776
8 0.273506 0.823827 0.003694 0.005776
8 0.267797 0.826173 0.003694 0.006137
8 0.159503 0.749097 0.004701 0.005054
48 0.123405 0.764440 0.003694 0.006137
48 0.122565 0.759567 0.002686 0.004332
48 0.122230 0.756679 0.003358 0.003610
48 0.120887 0.753430 0.003358 0.003610
48 0.106615 0.764260 0.005709 0.006498
48 0.110309 0.753249 0.005709 0.003971
48 0.046172 0.768773 0.005037 0.004693
48 0.050705 0.768051 0.005373 0.003971
48 0.041639 0.769314 0.004030 0.003610
48 0.039792 0.761552 0.003694 0.006137
6 0.236736 0.712455 0.006716 0.005415
10 0.047683 0.783574 0.010074 0.005415
43 0.020316 0.733935 0.009738 0.005054
16 0.015950 0.032852 0.017797 0.005776
42 0.059436 0.676354 0.007388 0.009025
42 0.085124 0.594585 0.011081 0.006498
42 0.087307 0.634116 0.010745 0.008303
48 0.289792 0.782491 0.027535 0.019134
47 0.134654 0.357401 0.020819 0.015162
48 0.273338 0.787545 0.009402 0.015523
48 0.281397 0.744224 0.022163 0.015523
48 0.265950 0.805776 0.019476 0.018051
10 0.550705 0.056859 0.005373 0.009025
47 0.796676 0.958123 0.018469 0.017329
48 0.302048 0.811011 0.019140 0.015523
48 0.298355 0.799097 0.018469 0.014079
48 0.113163 0.944585 0.036266 0.022022
