48 0.693061 0.045354 0.014828 0.017699
48 0.865214 0.202065 0.031139 0.027286
48 0.857651 0.170354 0.018980 0.025811
48 0.826512 0.237279 0.024318 0.020280
48 0.798191 0.259956 0.020463 0.016224
48 0.805457 0.305125 0.023725 0.028392
48 0.648132 0.278761 0.024021 0.016962
48 0.860913 0.358591 0.025504 0.028392
48 0.795077 0.370022 0.030249 0.031342
48 0.681346 0.391409 0.019276 0.020280
48 0.756821 0.427913 0.020166 0.021018
48 0.763197 0.412795 0.017497 0.015118
48 0.805605 0.405052 0.018090 0.020280
48 0.764680 0.346792 0.022835 0.024705
48 0.842823 0.407817 0.020759 0.017699
48 0.844751 0.436947 0.019276 0.019912
48 0.738138 0.392883 0.029656 0.029130
48 0.834223 0.351954 0.020166 0.018805
48 0.657918 0.428466 0.021649 0.021386
48 0.616251 0.400442 0.022539 0.018437
48 0.669039 0.409108 0.023725 0.026180
48 0.584223 0.404499 0.021352 0.018437
48 0.592823 0.427729 0.012456 0.014749
48 0.577106 0.420907 0.017200 0.015118
48 0.603499 0.362832 0.018387 0.019174
48 0.628410 0.461283 0.020166 0.020649
48 0.423636 0.419063 0.022242 0.021018
48 0.550712 0.405973 0.013642 0.012537
48 0.482948 0.424779 0.029953 0.025074
48 0.533511 0.438237 0.029656 0.028392
48 0.483837 0.484145 0.024614 0.028024
48 0.497776 0.472161 0.021649 0.021755
48 0.508600 0.462021 0.023725 0.020649
48 0.603648 0.417589 0.019870 0.020280
48 0.566281 0.379425 0.016311 0.014012
48 0.596530 0.442662 0.021056 0.020280
48 0.571471 0.438606 0.013642 0.012906
48 0.572954 0.479904 0.017794 0.019543
48 0.597123 0.474926 0.018090 0.019912
48 0.584223 0.293510 0.021352 0.031711
48 0.546412 0.341999 0.024021 0.023968
48 0.555753 0.308813 0.027284 0.023230
48 0.591785 0.325037 0.030546 0.029867
48 0.441874 0.431416 0.017794 0.016224
48 0.377076 0.454830 0.019870 0.016593
48 0.399170 0.432522 0.021945 0.016962
48 0.396352 0.474558 0.022242 0.019912
48 0.441578 0.480089 0.017200 0.017699
48 0.662515 0.305678 0.036773 0.030236
48 0.690985 0.281895 0.016014 0.019543
48 0.674822 0.270649 0.014531 0.025074
48 0.708185 0.249078 0.019573 0.020280
48 0.724348 0.258296 0.019870 0.021755
48 0.742141 0.242441 0.022242 0.016593
48 0.636566 0.244653 0.022242 0.020280
48 0.707147 0.289270 0.017497 0.021018
48 0.638049 0.297013 0.011566 0.012168
48 0.634786 0.304941 0.013938 0.016224
48 0.622924 0.327249 0.016904 0.016593
48 0.617141 0.337389 0.016014 0.019174
48 0.611210 0.351032 0.017200 0.017699
48 0.595492 0.382559 0.024911 0.022493
48 0.518980 0.318400 0.023725 0.018805
48 0.512752 0.333518 0.024318 0.021018
48 0.538553 0.364860 0.022539 0.020280
48 0.604834 0.300148 0.024614 0.025811
48 0.494069 0.356195 0.032622 0.022124
48 0.530397 0.395833 0.018683 0.017330
48 0.508304 0.391962 0.021352 0.023599
48 0.447064 0.384587 0.035291 0.039086
48 0.481762 0.383112 0.025208 0.022861
48 0.568950 0.346055 0.013938 0.015118
48 0.578440 0.358038 0.018683 0.019174
48 0.564205 0.360066 0.019870 0.019543
48 0.642942 0.400811 0.021945 0.027286
48 0.709075 0.427544 0.028470 0.030605
48 0.724051 0.409108 0.026987 0.022493
48 0.782325 0.483960 0.017200 0.015118
48 0.573399 0.529867 0.022835 0.019174
48 0.732651 0.491704 0.023428 0.023230
48 0.649170 0.503134 0.022539 0.020280
48 0.686091 0.446165 0.019870 0.019174
48 0.634045 0.517330 0.023132 0.018437
48 0.711299 0.542035 0.020463 0.019912
48 0.625890 0.536689 0.037070 0.032817
48 0.846382 0.682153 0.033808 0.031711
48 0.825919 0.702802 0.036773 0.033186
48 0.776394 0.753687 0.023132 0.019174
48 0.794632 0.736357 0.028766 0.033186
48 0.809905 0.721608 0.021945 0.024336
48 0.760973 0.724926 0.020166 0.022861
48 0.798191 0.679204 0.015718 0.016962
48 0.769573 0.626844 0.021945 0.022124
48 0.761418 0.675332 0.021649 0.021018
48 0.706851 0.709808 0.018090 0.018437
48 0.842378 0.640855 0.016311 0.017699
48 0.783660 0.696534 0.015125 0.014749
48 0.738286 0.750369 0.021056 0.022124
48 0.749259 0.787058 0.022835 0.024705
48 0.628410 0.711468 0.021352 0.019543
48 0.683126 0.699115 0.021056 0.018437
48 0.633749 0.684181 0.020759 0.020280
48 0.722272 0.692478 0.015125 0.018437
48 0.773132 0.706490 0.020759 0.019912
48 0.614620 0.673488 0.019870 0.019543
48 0.702847 0.751844 0.020166 0.019174
48 0.668298 0.713864 0.025208 0.020649
48 0.750297 0.691187 0.017794 0.016593
48 0.608244 0.694322 0.033808 0.033186
48 0.724199 0.721055 0.018387 0.022493
48 0.694988 0.683628 0.023428 0.026549
48 0.495996 0.739676 0.017497 0.021386
48 0.549377 0.786504 0.018090 0.017699
48 0.595492 0.771386 0.021352 0.024336
48 0.570285 0.809919 0.025504 0.023230
48 0.478648 0.796276 0.021945 0.021755
48 0.534104 0.774889 0.017200 0.017330
48 0.575178 0.761615 0.018683 0.023230
48 0.498369 0.704462 0.024021 0.026917
48 0.514680 0.719211 0.022835 0.026180
48 0.544781 0.677360 0.016607 0.019174
48 0.450326 0.680125 0.032325 0.036504
48 0.590154 0.648046 0.023132 0.027655
48 0.550267 0.653392 0.025801 0.025811
48 0.541963 0.735988 0.019870 0.023599
48 0.425563 0.778024 0.020759 0.022861
48 0.386418 0.784845 0.022539 0.021018
48 0.402135 0.765302 0.023132 0.019543
48 0.498814 0.780052 0.018387 0.023230
48 0.366251 0.765671 0.020759 0.018068
48 0.418743 0.801254 0.025504 0.029499
48 0.439205 0.793326 0.019573 0.021018
48 0.450771 0.810472 0.018387 0.021386
48 0.369810 0.735251 0.023725 0.019912
48 0.390273 0.745944 0.020759 0.020649
48 0.294632 0.849742 0.021056 0.018805
48 0.327254 0.849004 0.024021 0.019543
48 0.312871 0.868178 0.023132 0.021018
48 0.404508 0.835730 0.023132 0.026917
48 0.432681 0.875000 0.020759 0.016962
48 0.389235 0.864676 0.022835 0.022124
48 0.428232 0.820612 0.017794 0.018805
48 0.337633 0.811947 0.026987 0.030236
48 0.357206 0.832780 0.029953 0.029867
48 0.370848 0.815634 0.025801 0.030236
48 0.417853 0.853429 0.021945 0.023230
48 0.402580 0.884771 0.024021 0.024705
48 0.494514 0.811209 0.018090 0.023599
48 0.509342 0.828540 0.019870 0.020649
48 0.478351 0.837205 0.016014 0.018068
48 0.529063 0.847345 0.025504 0.023599
48 0.443060 0.835177 0.024911 0.019174
48 0.312871 0.830199 0.023132 0.021755
48 0.371145 0.905605 0.025208 0.024336
48 0.390866 0.928466 0.026097 0.024336
48 0.414887 0.911504 0.021352 0.022861
48 0.443505 0.889749 0.019870 0.018437
48 0.430605 0.903761 0.019573 0.018437
48 0.451809 0.853798 0.019276 0.016593
48 0.278173 0.832412 0.023132 0.019543
48 0.488434 0.854535 0.017794 0.020280
48 0.353648 0.796276 0.030546 0.026917
48 0.268832 0.916298 0.019276 0.019174
48 0.332444 0.772124 0.032028 0.028761
48 0.312278 0.754056 0.021945 0.022124
48 0.275356 0.750369 0.023428 0.022124
48 0.296708 0.762168 0.018090 0.020649
48 0.278321 0.715155 0.024614 0.019543
48 0.224941 0.769912 0.018683 0.018437
48 0.238434 0.751106 0.024318 0.022124
48 0.294781 0.732117 0.022539 0.022493
48 0.254597 0.763827 0.017497 0.016593
48 0.354093 0.713311 0.020759 0.022493
48 0.333482 0.719948 0.019870 0.017330
48 0.342527 0.736357 0.021352 0.022124
48 0.333037 0.695243 0.023725 0.023230
48 0.314353 0.670907 0.020759 0.021755
48 0.239620 0.676438 0.016607 0.016593
48 0.350386 0.672566 0.019870 0.022124
48 0.235617 0.783739 0.016311 0.015855
48 0.356020 0.753687 0.018683 0.017699
48 0.298636 0.693400 0.020759 0.015855
48 0.311240 0.707965 0.019276 0.016962
48 0.223310 0.694690 0.018387 0.017699
48 0.266311 0.701512 0.017200 0.021018
48 0.317912 0.795538 0.027877 0.029130
48 0.238731 0.710361 0.017200 0.016593
48 0.224348 0.733960 0.019870 0.017330
48 0.133897 0.727139 0.024021 0.022861
48 0.163553 0.704277 0.023428 0.022861
48 0.173784 0.775811 0.035587 0.033923
48 0.202402 0.790560 0.024021 0.022861
48 0.187871 0.803835 0.024614 0.025811
48 0.210706 0.809735 0.022835 0.022861
48 0.260676 0.779499 0.020759 0.019174
48 0.243921 0.794985 0.022835 0.022861
48 0.180902 0.727876 0.028470 0.022861
48 0.205813 0.716445 0.024911 0.028024
48 0.167705 0.752212 0.018683 0.020649
48 0.135676 0.644912 0.021056 0.025074
48 0.107800 0.656342 0.022242 0.017699
48 0.080516 0.620760 0.032325 0.030605
48 0.059460 0.647308 0.028173 0.024705
48 0.099644 0.602323 0.028470 0.029867
48 0.187574 0.655236 0.019276 0.019174
48 0.134638 0.682706 0.023132 0.021755
48 0.126779 0.626291 0.022835 0.029130
48 0.126038 0.663717 0.024318 0.025074
48 0.098161 0.637168 0.015421 0.014749
48 0.108244 0.620575 0.015421 0.017699
48 0.211002 0.636799 0.018090 0.018437
48 0.120996 0.585546 0.025504 0.017699
48 0.183571 0.609698 0.018387 0.018068
48 0.148428 0.608407 0.022242 0.017699
48 0.176157 0.638827 0.026097 0.023230
48 0.180902 0.563422 0.021945 0.025811
48 0.255190 0.610435 0.020463 0.018068
48 0.225534 0.663901 0.021649 0.023968
48 0.217675 0.568584 0.017200 0.018437
48 0.189353 0.539270 0.019276 0.019543
48 0.162811 0.623341 0.023132 0.023968
48 0.166370 0.596792 0.025504 0.027655
48 0.265421 0.527286 0.058719 0.049410
48 0.344899 0.472714 0.024911 0.023599
48 0.322657 0.487463 0.027877 0.030973
48 0.356613 0.524521 0.022242 0.019543
48 0.397242 0.559550 0.016904 0.017330
48 0.405694 0.533555 0.023132 0.019912
48 0.368476 0.498894 0.024614 0.019174
48 0.358096 0.484145 0.027580 0.020649
48 0.201068 0.496681 0.016607 0.015487
48 0.420225 0.496866 0.021352 0.023968
48 0.163849 0.551622 0.019276 0.016962
48 0.233393 0.624078 0.025504 0.024705
48 0.354241 0.584993 0.019870 0.021755
48 0.417408 0.601401 0.029953 0.027286
48 0.417112 0.545538 0.024021 0.022493
48 0.281732 0.636062 0.023132 0.021386
48 0.386566 0.629609 0.024614 0.021755
48 0.259935 0.652102 0.023428 0.022493
48 0.296263 0.650442 0.023132 0.022861
48 0.111655 0.695981 0.021056 0.019543
48 0.018832 0.695243 0.018090 0.021018
48 0.190540 0.738016 0.016904 0.018068
48 0.274318 0.667220 0.019573 0.023968
48 0.072657 0.656158 0.017794 0.018805
48 0.251186 0.688237 0.013642 0.015118
48 0.247479 0.718658 0.016904 0.022861
48 0.255931 0.728614 0.018980 0.018437
48 0.202847 0.672751 0.019573 0.017330
48 0.265421 0.735435 0.017200 0.020280
48 0.276246 0.875553 0.019870 0.018805
48 0.240955 0.867441 0.029359 0.032080
48 0.253855 0.892883 0.020166 0.021018
48 0.282770 0.926991 0.021056 0.025811
48 0.300860 0.948746 0.031139 0.027286
48 0.356168 0.948193 0.021352 0.023230
48 0.336002 0.963864 0.025504 0.025074
48 0.314650 0.926991 0.016607 0.016224
48 0.371145 0.935656 0.025208 0.021018
48 0.308571 0.898414 0.019276 0.020280
48 0.466192 0.869469 0.026690 0.024336
48 0.551601 0.874631 0.023725 0.020649
48 0.370107 0.978245 0.027284 0.021386
48 0.388642 0.967736 0.020463 0.019543
48 0.452847 0.976401 0.023725 0.018437
48 0.477017 0.983776 0.021056 0.020649
48 0.558571 0.908739 0.024021 0.022493
48 0.469454 0.960361 0.017794 0.020280
48 0.454330 0.992994 0.020759 0.014012
48 0.381228 0.994469 0.018683 0.011062
48 0.398725 0.990413 0.023428 0.019174
48 0.097272 0.991335 0.023725 0.017330
48 0.032770 0.975479 0.028766 0.022493
48 0.042705 0.990229 0.026097 0.019543
48 0.084075 0.982301 0.015125 0.015487
48 0.058126 0.994285 0.017200 0.011431
48 0.165184 0.982301 0.029063 0.028024
48 0.598310 0.917588 0.020463 0.020280
48 0.578885 0.892330 0.018980 0.016224
48 0.601572 0.885693 0.019870 0.019912
48 0.666074 0.888090 0.022539 0.020280
48 0.619514 0.910398 0.021945 0.026549
48 0.614620 0.868363 0.026987 0.025074
48 0.616251 0.816740 0.023725 0.022124
48 0.695878 0.804941 0.018090 0.017699
48 0.626483 0.852139 0.014531 0.012537
48 0.571026 0.860619 0.015718 0.014749
48 0.668446 0.792773 0.018387 0.021386
48 0.525208 0.810103 0.026097 0.022124
48 0.594603 0.802544 0.017794 0.018068
48 0.641163 0.860066 0.022539 0.023968
48 0.557977 0.825590 0.021649 0.017699
48 0.599941 0.833518 0.016607 0.015118
48 0.630635 0.805310 0.022242 0.022124
48 0.607355 0.787426 0.018387 0.018805
48 0.583185 0.844395 0.028173 0.026549
48 0.545225 0.837205 0.021056 0.019543
48 0.626335 0.762721 0.026097 0.023968
48 0.598310 0.740229 0.020463 0.017330
48 0.556198 0.751659 0.021649 0.026917
48 0.507711 0.750922 0.020759 0.018068
48 0.521797 0.761246 0.025208 0.021755
48 0.639235 0.772308 0.020463 0.018805
48 0.553974 0.710730 0.016014 0.014381
48 0.672005 0.671829 0.024318 0.025811
48 0.513938 0.680494 0.029063 0.023230
48 0.531435 0.693215 0.018387 0.021386
48 0.607651 0.616519 0.021352 0.019174
48 0.582147 0.674226 0.031435 0.026917
48 0.602313 0.661136 0.020166 0.025811
48 0.619514 0.628687 0.000593 0.008112
48 0.683126 0.641962 0.017497 0.015487
48 0.645907 0.651549 0.021352 0.022861
48 0.659104 0.659661 0.026394 0.023599
48 0.617438 0.629425 0.018980 0.016962
48 0.597865 0.571350 0.039739 0.053466
48 0.638493 0.558997 0.020166 0.020649
48 0.577995 0.598636 0.030842 0.026180
48 0.653470 0.578540 0.020463 0.020649
48 0.620700 0.594580 0.017200 0.018068
48 0.555457 0.619653 0.019573 0.016593
48 0.555457 0.561025 0.022539 0.023230
48 0.635380 0.606563 0.019276 0.022861
48 0.565540 0.515302 0.019573 0.020280
48 0.662218 0.544063 0.020759 0.020280
48 0.772539 0.513827 0.020759 0.023230
48 0.771204 0.555494 0.015125 0.016593
48 0.727017 0.569137 0.021056 0.020280
48 0.785142 0.543879 0.020463 0.022861
48 0.686684 0.527102 0.021056 0.019543
48 0.699881 0.548119 0.018980 0.017330
48 0.825771 0.422013 0.016311 0.020280
48 0.816578 0.386984 0.020463 0.018805
48 0.807384 0.343105 0.022242 0.021018
48 0.789442 0.330383 0.027877 0.028024
48 0.830368 0.325406 0.014828 0.021755
48 0.695730 0.190819 0.020166 0.021755
48 0.729241 0.228429 0.020759 0.018068
48 0.718713 0.204646 0.017497 0.016224
48 0.835854 0.132928 0.018090 0.020280
48 0.703737 0.172751 0.020759 0.018068
48 0.690836 0.238754 0.024021 0.034292
48 0.690243 0.206858 0.029359 0.023599
48 0.841340 0.152655 0.023132 0.025074
48 0.747034 0.164454 0.018387 0.019912
48 0.723013 0.152655 0.020759 0.016962
48 0.740955 0.189528 0.022242 0.025074
48 0.799377 0.185103 0.024021 0.017699
48 0.924525 0.158555 0.038256 0.030973
48 0.708333 0.027839 0.018683 0.023230
48 0.759193 0.023046 0.020166 0.018805
48 0.792112 0.027471 0.030842 0.021018
48 0.692023 0.084624 0.023428 0.016593
48 0.942171 0.321903 0.115658 0.083333
48 0.723606 0.631084 0.027284 0.028392
48 0.515421 0.611357 0.017200 0.018437
48 0.538701 0.630715 0.009193 0.009218
48 0.514531 0.612094 0.017200 0.019174
48 0.467972 0.504056 0.015421 0.018437
48 0.474644 0.597898 0.019276 0.019543
48 0.441874 0.525811 0.021352 0.020649
48 0.538256 0.541667 0.020166 0.018437
48 0.525949 0.556969 0.015718 0.017330
48 0.515273 0.567109 0.018090 0.020649
48 0.768832 0.662611 0.018090 0.017699
48 0.749852 0.449668 0.016311 0.015118
48 0.431791 0.513274 0.016014 0.016962
48 0.384935 0.575590 0.021352 0.029499
48 0.461002 0.558075 0.015718 0.017330
48 0.440095 0.579646 0.019573 0.022124
48 0.307977 0.622972 0.017497 0.018068
48 0.326957 0.635693 0.018683 0.020649
48 0.564354 0.722898 0.011862 0.012168
48 0.566726 0.716630 0.009490 0.009218
48 0.342527 0.648414 0.024318 0.026180
48 0.432829 0.661320 0.022242 0.029130
48 0.820581 0.478614 0.017200 0.021386
48 0.876335 0.479720 0.020759 0.022861
48 0.777580 0.444690 0.011862 0.014749
48 0.870848 0.379425 0.017497 0.018437
48 0.880486 0.392330 0.018980 0.022124
48 0.913405 0.449484 0.015421 0.022861
48 0.895018 0.470870 0.021945 0.027286
48 0.788405 0.639749 0.016311 0.017699
48 0.476720 0.725479 0.020463 0.020280
48 0.651394 0.731379 0.015125 0.020280
48 0.659549 0.740044 0.014828 0.016962
48 0.666815 0.730642 0.014531 0.013643
48 0.692764 0.766040 0.012456 0.016593
48 0.684164 0.774521 0.020759 0.018805
48 0.708926 0.733407 0.030546 0.030973
48 0.670967 0.748341 0.015718 0.018805
48 0.679567 0.753872 0.015718 0.018805
48 0.579330 0.721792 0.018090 0.018805
48 0.563167 0.696718 0.029063 0.021018
48 0.575326 0.707043 0.013642 0.012906
48 0.585261 0.788717 0.016904 0.018437
48 0.538701 0.747050 0.013938 0.012537
48 0.586595 0.732854 0.017200 0.021018
48 0.701957 0.792773 0.012456 0.014749
48 0.855130 0.515855 0.023428 0.026549
48 0.819247 0.352876 0.015125 0.017699
48 0.751186 0.507559 0.030842 0.033555
48 0.739176 0.524521 0.015718 0.015855
48 0.766311 0.524889 0.014828 0.015855
48 0.763642 0.463311 0.013049 0.017330
48 0.758749 0.469948 0.016311 0.015855
48 0.799674 0.437131 0.012159 0.015118
48 0.677491 0.562684 0.019870 0.022124
48 0.777580 0.599189 0.020166 0.025811
48 0.761121 0.579646 0.014531 0.019174
48 0.722420 0.608960 0.019573 0.018805
48 0.784698 0.571718 0.016014 0.015855
48 0.708926 0.602507 0.028173 0.033923
48 0.723013 0.584993 0.011862 0.012906
48 0.746886 0.579277 0.016311 0.016962
48 0.652580 0.622603 0.021056 0.026917
48 0.638345 0.627028 0.016311 0.012168
48 0.751483 0.648599 0.022539 0.021386
48 0.742586 0.658370 0.020759 0.020280
48 0.750148 0.531527 0.013938 0.015118
48 0.452106 0.491335 0.020463 0.023230
48 0.408363 0.483591 0.023132 0.024705
48 0.417408 0.456858 0.021056 0.027286
48 0.406435 0.444137 0.018090 0.019543
48 0.430012 0.468289 0.021945 0.025074
48 0.380338 0.512168 0.023428 0.030236
48 0.367438 0.537979 0.020759 0.018437
48 0.375148 0.552913 0.017794 0.019543
48 0.106020 0.496866 0.021056 0.021018
48 0.390421 0.518437 0.017497 0.017699
48 0.526246 0.497603 0.018683 0.023230
48 0.524763 0.660214 0.021056 0.021755
48 0.546856 0.578540 0.016014 0.021386
48 0.508897 0.514012 0.018980 0.022124
48 0.495996 0.525074 0.018683 0.017699
48 0.522539 0.600479 0.019573 0.023230
48 0.630486 0.642699 0.014828 0.016962
48 0.538553 0.966077 0.026097 0.026549
48 0.753559 0.370022 0.024318 0.018805
48 0.030101 0.385693 0.046560 0.057522
48 0.055753 0.410767 0.024911 0.026549
48 0.037663 0.422013 0.021352 0.015855
48 0.036477 0.430863 0.010676 0.021755
48 0.088078 0.415929 0.017794 0.019174
48 0.012604 0.445981 0.012752 0.019543
48 0.070581 0.428097 0.021945 0.025811
48 0.100089 0.422566 0.017497 0.025074
48 0.112989 0.430494 0.016607 0.023230
48 0.047746 0.462205 0.029063 0.029867
48 0.022687 0.424963 0.031139 0.023968
48 0.022390 0.459071 0.017497 0.019912
48 0.029063 0.451881 0.016014 0.018068
48 0.052195 0.427360 0.018387 0.019912
48 0.042260 0.485066 0.016311 0.017330
48 0.033660 0.472530 0.023428 0.029867
48 0.019276 0.493363 0.017794 0.019174
48 0.016163 0.480457 0.019276 0.031711
48 0.058274 0.444690 0.021056 0.025074
48 0.075771 0.447271 0.016311 0.015487
48 0.071619 0.462205 0.022242 0.026917
48 0.141459 0.434919 0.017200 0.020280
48 0.125593 0.432891 0.018683 0.020649
48 0.098606 0.438975 0.019870 0.019543
48 0.085706 0.438422 0.010083 0.033186
48 0.089858 0.458518 0.010083 0.015118
48 0.120700 0.445981 0.012456 0.015118
48 0.104686 0.457596 0.014235 0.021386
48 0.082147 0.477876 0.017794 0.018437
48 0.150059 0.453909 0.014235 0.014749
48 0.113286 0.463127 0.021352 0.023599
48 0.152135 0.441372 0.015421 0.016224
48 0.137752 0.460177 0.037070 0.028024
48 0.130190 0.469948 0.022539 0.017330
48 0.102313 0.477507 0.020166 0.019174
48 0.093268 0.485619 0.024614 0.022861
48 0.120552 0.511246 0.019870 0.025442
48 0.037218 0.498709 0.019870 0.022493
48 0.029656 0.507375 0.022539 0.025074
48 0.026987 0.532633 0.013049 0.018068
48 0.037960 0.524705 0.023132 0.022861
48 0.018238 0.523783 0.018683 0.016593
48 0.009342 0.532817 0.008600 0.017699
48 0.058571 0.489491 0.018090 0.021755
48 0.058719 0.503319 0.016014 0.015487
48 0.071619 0.492441 0.016904 0.020280
48 0.075919 0.507006 0.019573 0.015487
48 0.083630 0.499816 0.021945 0.018805
48 0.095047 0.509218 0.010380 0.009587
48 0.099199 0.515302 0.013938 0.011431
48 0.107800 0.523230 0.013938 0.017699
48 0.118179 0.533001 0.020463 0.015118
48 0.065243 0.514381 0.017200 0.016962
48 0.131376 0.481010 0.014235 0.012168
48 0.117586 0.485435 0.035291 0.027655
48 0.089265 0.529314 0.018387 0.019543
48 0.113434 0.539454 0.018090 0.013274
48 0.050267 0.530973 0.016904 0.014749
48 0.063464 0.544248 0.011862 0.011799
48 0.022390 0.548673 0.016904 0.016962
48 0.056940 0.550332 0.018387 0.022493
48 0.079626 0.555863 0.014531 0.017330
48 0.093565 0.565081 0.016904 0.020280
48 0.082740 0.582227 0.015421 0.018437
48 0.074140 0.573378 0.014235 0.016224
48 0.040036 0.552729 0.017200 0.016224
48 0.161922 0.452987 0.008304 0.009956
48 0.017349 0.558813 0.024021 0.032817
48 0.026097 0.576881 0.023725 0.024705
48 0.037070 0.569322 0.015421 0.019174
48 0.061388 0.563237 0.023725 0.026180
48 0.056940 0.584808 0.018387 0.019174
48 0.043298 0.580937 0.020759 0.020280
48 0.033956 0.588680 0.021056 0.021755
48 0.050860 0.604720 0.026987 0.028024
48 0.065243 0.596055 0.013642 0.015118
48 0.068950 0.589602 0.017497 0.017699
48 0.101868 0.559181 0.016311 0.019543
48 0.090302 0.546829 0.018683 0.016962
48 0.109134 0.549226 0.017794 0.018805
48 0.161773 0.443215 0.009193 0.013274
48 0.168594 0.450406 0.012752 0.013643
48 0.175119 0.449115 0.014531 0.011799
48 0.198250 0.465708 0.017497 0.011062
48 0.187574 0.481748 0.018683 0.019543
48 0.164146 0.485988 0.015718 0.014012
48 0.156732 0.475664 0.015125 0.016224
48 0.148428 0.484698 0.029359 0.023968
48 0.166667 0.466630 0.014828 0.015855
48 0.174229 0.475664 0.016904 0.014749
48 0.170819 0.496497 0.020166 0.017330
48 0.133749 0.522493 0.014235 0.015487
48 0.160439 0.528761 0.021352 0.018437
48 0.183867 0.505531 0.018980 0.021386
48 0.165184 0.509771 0.016607 0.018068
48 0.146797 0.504794 0.032622 0.020649
48 0.209520 0.480642 0.016904 0.026180
48 0.210113 0.504056 0.024614 0.026549
48 0.177343 0.458333 0.021945 0.018437
48 0.184015 0.465524 0.019870 0.014381
48 0.138493 0.566372 0.032028 0.037611
48 0.155546 0.579462 0.028173 0.029130
48 0.208482 0.545907 0.017794 0.023968
48 0.198102 0.532817 0.019573 0.019912
48 0.198992 0.572640 0.029656 0.030973
48 0.234875 0.568215 0.017794 0.021386
48 0.227610 0.581490 0.026987 0.019912
48 0.216044 0.604351 0.030546 0.033186
48 0.221085 0.485435 0.016311 0.025442
48 0.279359 0.554757 0.040332 0.043142
48 0.132414 0.597898 0.026987 0.021755
48 0.231613 0.500737 0.015421 0.014012
48 0.231317 0.490413 0.018387 0.009587
48 0.326661 0.589786 0.016311 0.018068
48 0.229241 0.418879 0.016607 0.015487
48 0.209520 0.460914 0.013345 0.014012
48 0.228796 0.451881 0.019276 0.024705
48 0.240214 0.453171 0.017200 0.021386
48 0.237544 0.431785 0.020166 0.015487
48 0.243031 0.423673 0.017497 0.013274
48 0.250741 0.433628 0.012159 0.011062
48 0.256079 0.423119 0.015125 0.011431
48 0.265718 0.403577 0.016607 0.011431
48 0.291667 0.402839 0.017497 0.011431
48 0.278173 0.410030 0.020166 0.016962
48 0.269276 0.415007 0.023132 0.015855
48 0.275059 0.426991 0.014531 0.017699
48 0.265273 0.430494 0.014531 0.012168
48 0.230872 0.469395 0.035884 0.012537
48 0.288849 0.438422 0.014828 0.016962
48 0.298191 0.413164 0.022835 0.019543
48 0.332295 0.398783 0.037663 0.020280
48 0.309609 0.424041 0.024318 0.022124
48 0.290036 0.422382 0.015421 0.018068
48 0.309164 0.433813 0.031732 0.016593
48 0.302491 0.449668 0.013049 0.009956
48 0.295225 0.453540 0.012159 0.011062
48 0.338375 0.443953 0.021352 0.023599
48 0.327254 0.410951 0.013938 0.015118
48 0.332740 0.417773 0.016014 0.018437
48 0.344751 0.419063 0.015125 0.015855
48 0.363138 0.412242 0.015125 0.016224
48 0.275801 0.457596 0.020166 0.020649
48 0.274466 0.444690 0.010973 0.008850
48 0.257117 0.471423 0.013642 0.012168
48 0.255338 0.457411 0.014828 0.013643
48 0.272687 0.492441 0.016904 0.019543
48 0.284104 0.483776 0.014828 0.024336
48 0.274614 0.476032 0.013642 0.011799
48 0.263345 0.475479 0.011862 0.009218
48 0.310795 0.454277 0.022539 0.019912
48 0.323102 0.456674 0.011566 0.015118
48 0.327995 0.452434 0.014235 0.013274
48 0.286032 0.462021 0.015125 0.010324
48 0.264828 0.465708 0.013049 0.014749
48 0.293891 0.476217 0.021945 0.026917
48 0.250148 0.489860 0.043001 0.036504
48 0.335558 0.499447 0.024614 0.018068
48 0.343713 0.512168 0.023132 0.016224
48 0.478796 0.544432 0.038849 0.043879
48 0.450771 0.569690 0.030842 0.032448
48 0.487989 0.587021 0.022242 0.021386
48 0.501335 0.577618 0.034104 0.026917
48 0.476275 0.459624 0.040332 0.026180
48 0.454478 0.439528 0.026394 0.030236
48 0.383304 0.460361 0.021056 0.021018
48 0.566281 0.456674 0.022242 0.030605
48 0.535735 0.507006 0.016311 0.015487
48 0.550119 0.529683 0.025504 0.029130
48 0.533660 0.590892 0.026394 0.026917
48 0.564947 0.631822 0.018387 0.022493
48 0.495403 0.644174 0.016904 0.019912
48 0.385231 0.685472 0.041518 0.050147
48 0.420374 0.646018 0.029359 0.037611
48 0.469158 0.631637 0.016607 0.015487
48 0.463227 0.685288 0.014828 0.015118
48 0.483837 0.710546 0.021056 0.022124
48 0.426008 0.722161 0.022242 0.017330
48 0.408956 0.705937 0.064650 0.055678
48 0.466044 0.764012 0.027580 0.025074
48 0.465599 0.742441 0.016014 0.021755
48 0.463968 0.785214 0.014531 0.021018
48 0.463078 0.822456 0.027580 0.032080
48 0.513493 0.795723 0.024021 0.029499
48 0.650059 0.843658 0.021945 0.020649
48 0.656435 0.779130 0.026394 0.036873
48 0.721975 0.770096 0.021056 0.022493
48 0.657473 0.396940 0.021352 0.024705
48 0.614027 0.484145 0.016311 0.018437
48 0.862100 0.268068 0.040925 0.049410
48 0.880783 0.339417 0.029063 0.030605
48 0.848903 0.374816 0.027580 0.023230
48 0.828292 0.396940 0.018387 0.017330
48 0.859579 0.448931 0.035884 0.029867
48 0.807681 0.468473 0.021649 0.023230
48 0.925563 0.509034 0.040332 0.035029
48 0.917408 0.468473 0.028766 0.023230
48 0.893980 0.245944 0.028766 0.028761
48 0.196916 0.196718 0.071174 0.079277
48 0.273725 0.323931 0.033808 0.027655
48 0.328292 0.366888 0.013049 0.016224
48 0.364324 0.304388 0.018683 0.023968
48 0.348161 0.336283 0.045670 0.025074
48 0.447064 0.268068 0.021649 0.020649
48 0.382562 0.424041 0.019573 0.024336
48 0.535735 0.332780 0.025208 0.029130
48 0.525356 0.362463 0.014531 0.019174
48 0.475979 0.366335 0.014235 0.017330
48 0.517052 0.425885 0.016311 0.024336
48 0.554122 0.372603 0.008600 0.015118
48 0.495996 0.390671 0.013938 0.019543
48 0.642942 0.365229 0.034994 0.025442
48 0.587337 0.462942 0.018683 0.021755
48 0.618031 0.473820 0.020759 0.019174
48 0.677936 0.457965 0.018387 0.023599
48 0.789442 0.429204 0.017794 0.019912
48 0.835854 0.466445 0.025801 0.028024
48 0.709223 0.362832 0.038256 0.032448
48 0.799822 0.490597 0.028470 0.023230
48 0.864472 0.497419 0.023132 0.025811
48 0.839265 0.422566 0.017794 0.015487
48 0.727758 0.443031 0.020166 0.022493
48 0.737989 0.426438 0.034698 0.022493
48 0.888197 0.499078 0.020759 0.018805
48 0.739917 0.454646 0.018387 0.021386
48 0.719603 0.481563 0.035291 0.039823
48 0.784994 0.391224 0.030249 0.032448
48 0.700919 0.462021 0.038256 0.035398
48 0.492586 0.928097 0.015421 0.018437
48 0.458630 0.915929 0.013938 0.014012
48 0.520166 0.928466 0.014235 0.014012
48 0.526839 0.938606 0.020463 0.013643
48 0.498369 0.945059 0.016904 0.015487
48 0.501631 0.956490 0.019870 0.012537
48 0.530249 0.950590 0.021945 0.014012
48 0.505783 0.970317 0.016904 0.016593
48 0.566874 0.924594 0.021649 0.015855
48 0.572064 0.933075 0.021945 0.015855
5 0.543743 0.918326 0.003855 0.004794
5 0.541815 0.926254 0.003559 0.005162
5 0.548784 0.941187 0.003262 0.005531
5 0.544484 0.935288 0.002966 0.004794
5 0.545374 0.940450 0.003559 0.006268
48 0.552788 0.925885 0.014828 0.016962
48 0.555605 0.937684 0.013345 0.013274
48 0.523428 0.968289 0.011269 0.018437
5 0.478499 0.939344 0.003262 0.007006
5 0.475979 0.929572 0.002966 0.005162
48 0.466489 0.942478 0.015421 0.016224
48 0.442912 0.954462 0.024614 0.029867
48 0.454626 0.950221 0.013049 0.030236
48 0.435795 0.933075 0.016904 0.020280
5 0.428529 0.954646 0.003559 0.005900
48 0.405546 0.952065 0.022242 0.020649
48 0.419632 0.971976 0.016607 0.014749
48 0.410291 0.976954 0.010380 0.011431
48 0.422746 0.989860 0.018683 0.019543
48 0.364027 0.993732 0.013938 0.012537
48 0.520907 0.994653 0.009786 0.010693
48 0.528173 0.995760 0.010676 0.008481
48 0.578885 0.994653 0.013642 0.010693
48 0.585409 0.993178 0.008304 0.013643
48 0.605279 0.989676 0.014828 0.020649
48 0.594899 0.989860 0.011862 0.013643
5 0.350682 0.985804 0.003855 0.005531
5 0.346975 0.986173 0.002966 0.006268
5 0.352165 0.992441 0.002076 0.004794
5 0.330368 0.982301 0.004745 0.003687
5 0.309015 0.978798 0.003559 0.004056
5 0.310202 0.981379 0.004745 0.004794
5 0.287070 0.981748 0.003559 0.004056
5 0.283215 0.982117 0.003559 0.004056
6 0.253114 0.967920 0.008007 0.010324
5 0.261269 0.967367 0.003559 0.004056
10 0.267497 0.957043 0.004152 0.004794
10 0.269425 0.967920 0.003855 0.004425
5 0.272835 0.964417 0.003559 0.004056
5 0.278321 0.977507 0.003855 0.003687
10 0.280694 0.974004 0.004448 0.004794
5 0.255783 0.948009 0.004448 0.003687
5 0.254893 0.940634 0.003855 0.004425
5 0.251928 0.942662 0.003855 0.004056
5 0.245848 0.930494 0.003559 0.004056
6 0.247331 0.904683 0.004745 0.006268
5 0.235765 0.915560 0.003559 0.004425
5 0.241400 0.929941 0.004152 0.005900
5 0.255042 0.909476 0.003559 0.004794
5 0.224348 0.900258 0.003855 0.004794
5 0.215451 0.902286 0.003855 0.004425
5 0.212633 0.907080 0.004152 0.005900
5 0.215599 0.889565 0.004152 0.004794
5 0.203144 0.873709 0.004152 0.004056
5 0.198250 0.872419 0.003855 0.004425
5 0.193209 0.860988 0.003855 0.003687
5 0.169632 0.835914 0.003559 0.003687
5 0.236507 0.884034 0.004448 0.005531
5 0.232355 0.878687 0.003855 0.005162
5 0.226127 0.870575 0.003262 0.004425
48 0.258600 0.879056 0.013642 0.011799
48 0.264383 0.872972 0.013345 0.015118
48 0.225534 0.816003 0.018683 0.017699
5 0.252224 0.826512 0.004448 0.004056
5 0.237544 0.809366 0.003559 0.004425
10 0.222123 0.789086 0.004745 0.004425
48 0.298043 0.811578 0.029063 0.025811
48 0.326068 0.832412 0.013345 0.012168
5 0.330516 0.823193 0.004448 0.005531
5 0.343861 0.833518 0.004448 0.004056
5 0.349348 0.846976 0.004152 0.004425
5 0.357355 0.848451 0.004152 0.005162
5 0.357503 0.855826 0.003855 0.004425
48 0.346827 0.865597 0.017497 0.016593
5 0.370403 0.858407 0.003559 0.005162
5 0.377817 0.848636 0.002966 0.004794
5 0.369958 0.844395 0.002669 0.005162
5 0.378707 0.832596 0.002966 0.003687
10 0.378559 0.838496 0.003855 0.004425
5 0.408808 0.819875 0.003855 0.005531
5 0.406880 0.811947 0.004152 0.005162
5 0.403173 0.915007 0.003262 0.004794
5 0.347123 0.889934 0.003855 0.004794
5 0.304122 0.878872 0.005042 0.004794
5 0.353648 0.884403 0.003262 0.004794
5 0.361210 0.884218 0.003559 0.004425
5 0.357355 0.889749 0.002966 0.004425
5 0.354093 0.895833 0.003559 0.004794
5 0.348903 0.900258 0.003262 0.004794
5 0.339709 0.914823 0.002669 0.005162
8 0.332888 0.924041 0.003855 0.005162
5 0.337040 0.926254 0.003262 0.005162
5 0.321471 0.942847 0.003559 0.004425
5 0.327847 0.945981 0.003262 0.004794
5 0.337040 0.931600 0.003262 0.004794
5 0.319692 0.957780 0.004152 0.004794
5 0.286329 0.954462 0.003262 0.004056
5 0.292556 0.954646 0.003855 0.005900
5 0.301008 0.988754 0.004152 0.004794
5 0.226127 0.959624 0.003262 0.004056
48 0.202254 0.957596 0.064057 0.057522
10 0.226720 0.878503 0.006228 0.006268
48 0.234431 0.824115 0.013345 0.014012
48 0.239620 0.833333 0.013049 0.013274
48 0.244514 0.839602 0.012752 0.013274
48 0.249259 0.841630 0.009193 0.010693
48 0.252076 0.843105 0.008897 0.009218
48 0.254893 0.846976 0.010380 0.008850
5 0.262011 0.837021 0.005042 0.005900
5 0.267052 0.843473 0.005042 0.004056
5 0.273725 0.850111 0.004152 0.004056
48 0.271501 0.853982 0.007414 0.007375
48 0.256524 0.837205 0.009490 0.009956
5 0.202550 0.834808 0.003559 0.004425
5 0.185647 0.815819 0.004152 0.004794
5 0.189205 0.819690 0.002372 0.004425
5 0.173191 0.803466 0.004745 0.005162
48 0.213078 0.836099 0.011566 0.011431
5 0.177788 0.816925 0.004448 0.004794
5 0.126038 0.750369 0.004152 0.004425
10 0.102758 0.752765 0.006228 0.007006
5 0.137307 0.759771 0.005338 0.005531
5 0.143535 0.765487 0.004152 0.005900
5 0.148725 0.772493 0.003855 0.005162
5 0.152877 0.777655 0.003855 0.005162
5 0.185795 0.757928 0.003855 0.004056
5 0.205219 0.768990 0.004152 0.003319
48 0.145907 0.736173 0.023725 0.023230
5 0.128707 0.704646 0.005931 0.004425
5 0.123221 0.707965 0.004448 0.003687
5 0.142497 0.705937 0.004448 0.005531
5 0.169484 0.735251 0.004448 0.004425
5 0.094009 0.707780 0.004152 0.004794
5 0.071174 0.683997 0.005931 0.005900
48 0.092823 0.691372 0.013049 0.013274
48 0.087040 0.663717 0.015125 0.016224
5 0.214265 0.704277 0.004448 0.004425
5 0.166518 0.653945 0.003262 0.004056
5 0.172450 0.661320 0.003855 0.004794
48 0.158956 0.670170 0.024318 0.028392
48 0.145611 0.679388 0.014828 0.015855
8 0.043298 0.696165 0.006524 0.007375
5 0.017794 0.674410 0.004745 0.003687
5 0.020611 0.656895 0.004448 0.004056
5 0.052343 0.667404 0.003262 0.003687
5 0.036625 0.637906 0.003855 0.005900
5 0.035142 0.628134 0.002669 0.005531
5 0.030991 0.621866 0.002669 0.006268
5 0.029359 0.614491 0.004152 0.005531
5 0.030101 0.600295 0.004448 0.004425
5 0.026542 0.601401 0.003855 0.004425
5 0.023132 0.602507 0.004152 0.005900
5 0.018980 0.601770 0.003559 0.004425
5 0.040925 0.610066 0.004152 0.003319
10 0.012752 0.601770 0.005931 0.004425
5 0.009045 0.595870 0.003855 0.002950
5 0.007117 0.590892 0.004152 0.003319
5 0.009935 0.662611 0.004448 0.002950
5 0.014235 0.698931 0.002966 0.003319
48 0.147835 0.756453 0.013938 0.015118
5 0.168891 0.740597 0.003855 0.004056
5 0.172598 0.744285 0.002966 0.003319
48 0.272242 0.867625 0.013049 0.010324
48 0.301453 0.860804 0.012752 0.012168
48 0.303084 0.907448 0.016607 0.014749
48 0.302491 0.917035 0.017794 0.013274
48 0.353055 0.926254 0.024021 0.025811
5 0.339858 0.927360 0.002966 0.004425
5 0.319543 0.947271 0.002669 0.003687
48 0.455071 0.158370 0.009193 0.009218
48 0.577847 0.180494 0.010973 0.011431
48 0.488434 0.183260 0.010676 0.008112
48 0.565540 0.195796 0.010083 0.008850
48 0.570433 0.186947 0.009786 0.009587
48 0.561684 0.182338 0.010676 0.011431
48 0.552639 0.178466 0.008600 0.008850
48 0.553232 0.240413 0.010380 0.014749
48 0.586151 0.231748 0.012159 0.009956
48 0.563167 0.244285 0.010676 0.012168
48 0.571916 0.252212 0.013938 0.011799
48 0.584816 0.254609 0.011862 0.016593
48 0.520166 0.247788 0.017794 0.010324
48 0.567616 0.281158 0.016014 0.019543
48 0.614769 0.268990 0.010676 0.012168
48 0.610320 0.258481 0.008897 0.013274
48 0.600682 0.257190 0.012159 0.020280
48 0.559609 0.271202 0.012456 0.014381
48 0.519425 0.273046 0.010380 0.009956
48 0.553974 0.281527 0.010676 0.008481
48 0.570878 0.301438 0.015421 0.012906
48 0.502373 0.255715 0.004152 0.006268
5 0.506376 0.261984 0.003855 0.005531
5 0.593268 0.268068 0.003855 0.002950
5 0.597717 0.276733 0.004448 0.003319
5 0.603648 0.279499 0.004448 0.002950
5 0.613434 0.284661 0.005635 0.003687
5 0.618476 0.286873 0.005635 0.003687
5 0.634935 0.269174 0.002372 0.004425
5 0.579923 0.334440 0.005042 0.002950
5 0.573695 0.330199 0.005042 0.004056
5 0.567616 0.327434 0.004745 0.002950
5 0.561536 0.330199 0.003262 0.002581
9 0.551453 0.324299 0.005635 0.003319
9 0.545670 0.321903 0.005338 0.004425
5 0.537070 0.316556 0.004152 0.003319
48 0.544187 0.272677 0.014235 0.021755
48 0.529656 0.259771 0.015421 0.019543
48 0.523725 0.279867 0.011269 0.009587
48 0.531435 0.284108 0.008304 0.008481
48 0.549081 0.287058 0.007414 0.009218
48 0.508452 0.242441 0.010973 0.009218
48 0.540777 0.241150 0.013938 0.014749
48 0.526839 0.237463 0.013938 0.011062
48 0.498369 0.239491 0.009786 0.011431
48 0.504745 0.224558 0.008304 0.006637
48 0.530694 0.219027 0.013345 0.011062
48 0.500297 0.228245 0.008897 0.008850
48 0.513049 0.234513 0.010083 0.010324
48 0.498072 0.218289 0.006821 0.010324
48 0.512011 0.216261 0.012159 0.011431
48 0.518387 0.207043 0.008897 0.004794
48 0.506524 0.210361 0.011862 0.010693
48 0.461744 0.206490 0.006524 0.006637
48 0.470196 0.204646 0.013345 0.012537
48 0.498962 0.202434 0.006228 0.006637
48 0.505931 0.196350 0.008897 0.009218
48 0.483393 0.188975 0.011862 0.008481
48 0.474348 0.194690 0.010380 0.009587
48 0.461447 0.197640 0.005338 0.005900
48 0.453885 0.183075 0.006228 0.007006
48 0.459668 0.187131 0.006524 0.007006
48 0.467378 0.179757 0.012456 0.010693
48 0.498369 0.188606 0.008600 0.008481
48 0.504745 0.185103 0.006524 0.008850
48 0.491993 0.194137 0.010676 0.007743
48 0.478944 0.181969 0.005931 0.006268
48 0.451512 0.209993 0.006821 0.008481
48 0.445878 0.205568 0.005635 0.007006
48 0.436684 0.204462 0.011566 0.010693
48 0.442467 0.200590 0.004152 0.004425
48 0.456554 0.196350 0.006821 0.006268
48 0.454923 0.200221 0.004745 0.005162
48 0.439947 0.180494 0.006821 0.008481
48 0.435498 0.183813 0.005635 0.013643
48 0.466785 0.189528 0.008304 0.009587
48 0.446471 0.187869 0.004448 0.005531
48 0.442171 0.191187 0.006524 0.005531
48 0.445433 0.196165 0.005931 0.006637
48 0.453885 0.173304 0.007414 0.008850
48 0.445433 0.176622 0.004152 0.005162
48 0.447509 0.173673 0.003559 0.004425
48 0.443060 0.174041 0.003559 0.002950
48 0.445730 0.166298 0.010083 0.008850
48 0.461299 0.171829 0.005635 0.008112
48 0.454478 0.166298 0.008600 0.006637
48 0.457740 0.216077 0.008007 0.007375
48 0.462337 0.227876 0.009490 0.006637
48 0.458630 0.233776 0.010973 0.008112
48 0.470492 0.248156 0.015125 0.013274
48 0.467527 0.259771 0.013345 0.009956
48 0.458926 0.251844 0.009193 0.009587
48 0.473606 0.270465 0.011862 0.012168
48 0.447064 0.304388 0.017497 0.018068
48 0.449881 0.288717 0.021352 0.013274
48 0.393387 0.403577 0.026394 0.022493
48 0.743772 0.318584 0.030249 0.036873
48 0.646056 0.321903 0.034698 0.046460
48 0.597717 0.237094 0.015125 0.015487
48 0.742141 0.269174 0.023428 0.024336
48 0.776394 0.281895 0.014828 0.018805
48 0.766311 0.269358 0.016607 0.016593
48 0.752076 0.219580 0.012456 0.014381
48 0.673636 0.229535 0.009193 0.009956
48 0.657473 0.204646 0.016607 0.015487
48 0.776690 0.239307 0.021352 0.020649
48 0.774911 0.206305 0.021945 0.015855
48 0.747924 0.207965 0.013049 0.011799
48 0.813612 0.252581 0.011566 0.011799
48 0.804122 0.241519 0.019870 0.019174
48 0.791667 0.224373 0.026394 0.023968
48 0.816578 0.218473 0.025801 0.026917
48 0.807384 0.202618 0.029953 0.020280
48 0.971679 0.209808 0.030546 0.031711
48 0.906435 0.181969 0.021649 0.012168
9 0.892497 0.202434 0.005042 0.003687
5 0.906287 0.192294 0.004152 0.003319
5 0.917260 0.209624 0.002966 0.004056
5 0.912960 0.218473 0.003262 0.004056
5 0.908511 0.216445 0.002669 0.003687
5 0.924377 0.219580 0.003559 0.004056
9 0.926750 0.183444 0.004745 0.004056
5 0.926008 0.180863 0.004448 0.003319
5 0.977906 0.277470 0.004448 0.004794
5 0.919632 0.226217 0.004745 0.004056
48 0.935202 0.203355 0.014531 0.017330
48 0.889383 0.225295 0.028470 0.020649
48 0.910142 0.234882 0.016014 0.016224
48 0.987396 0.244653 0.018090 0.019543
48 0.989324 0.269174 0.014235 0.019912
48 0.970492 0.242441 0.013938 0.029867
48 0.957444 0.234145 0.009786 0.014012
48 0.948250 0.238016 0.011566 0.012168
9 0.973754 0.272308 0.005042 0.004056
5 0.932977 0.230089 0.002966 0.002950
48 0.943654 0.225848 0.009490 0.010693
48 0.933867 0.219211 0.010083 0.010693
48 0.988286 0.197087 0.018683 0.021755
48 0.945730 0.204462 0.012456 0.012906
48 0.950623 0.218842 0.010380 0.014381
48 0.928084 0.193584 0.007414 0.007375
48 0.922301 0.201327 0.008897 0.011062
48 0.940985 0.194690 0.008304 0.008850
48 0.934757 0.188606 0.008304 0.009218
48 0.973013 0.185656 0.008897 0.009956
48 0.985469 0.173488 0.007117 0.009956
48 0.948250 0.192294 0.022242 0.030605
48 0.958926 0.183628 0.022242 0.030973
48 0.965154 0.174041 0.013345 0.015487
5 0.958482 0.160951 0.004152 0.002581
5 0.959964 0.153761 0.004152 0.003687
5 0.966934 0.155420 0.003855 0.002581
48 0.986062 0.155789 0.008897 0.010693
48 0.992883 0.151549 0.010083 0.012537
5 0.944543 0.171460 0.003559 0.002950
48 0.900059 0.162242 0.019573 0.030236
48 0.876928 0.156527 0.023132 0.018805
48 0.892645 0.184366 0.010083 0.011799
48 0.991400 0.164454 0.011269 0.011799
48 0.945285 0.146571 0.016311 0.018068
48 0.952550 0.138274 0.014235 0.019174
48 0.970196 0.131268 0.015125 0.021386
48 0.982206 0.114676 0.020166 0.022861
48 0.916074 0.114860 0.020166 0.022493
48 0.940985 0.103060 0.033808 0.034292
48 0.967972 0.098636 0.023132 0.026180
48 0.947805 0.084808 0.023132 0.026549
48 0.908363 0.133481 0.011862 0.012537
48 0.896945 0.140118 0.012752 0.014012
5 0.986358 0.090524 0.007117 0.005531
5 0.970344 0.072087 0.007117 0.005531
5 0.941281 0.051069 0.004152 0.004056
5 0.954923 0.045907 0.007711 0.007006
5 0.941133 0.045723 0.005042 0.004425
48 0.928084 0.055125 0.021056 0.021755
48 0.920967 0.071165 0.019870 0.016962
48 0.890273 0.062131 0.013642 0.015118
48 0.865362 0.058260 0.013642 0.017699
48 0.853055 0.066740 0.018683 0.018437
48 0.887604 0.072271 0.019573 0.013274
48 0.907473 0.079277 0.012456 0.013274
48 0.900504 0.087205 0.011566 0.009956
48 0.892794 0.100295 0.013345 0.016224
48 0.880042 0.078355 0.014531 0.015855
48 0.872627 0.087205 0.018090 0.013643
48 0.864472 0.100295 0.015421 0.014749
48 0.876335 0.110251 0.011862 0.011062
5 0.987693 0.304572 0.005635 0.005162
5 0.980575 0.294985 0.003855 0.005162
5 0.975237 0.285030 0.003262 0.004425
5 0.950030 0.254794 0.005042 0.004425
5 0.957147 0.252581 0.003855 0.003687
5 0.941281 0.252765 0.003559 0.002581
48 0.956109 0.274336 0.014235 0.014012
48 0.926453 0.282448 0.035587 0.030973
5 0.904953 0.207411 0.003262 0.003319
48 0.539739 0.200590 0.007711 0.008850
48 0.631821 0.203355 0.043594 0.043142
48 0.588968 0.207596 0.010676 0.011062
48 0.575326 0.201512 0.008304 0.009218
48 0.550415 0.225111 0.010676 0.005531
48 0.544781 0.188791 0.012456 0.014012
48 0.496738 0.181600 0.005931 0.006268
48 0.529656 0.205752 0.008897 0.009587
48 0.588820 0.198378 0.009786 0.009587
48 0.582740 0.192662 0.007711 0.008481
48 0.590896 0.185841 0.014531 0.011062
48 0.598458 0.194506 0.011862 0.012168
48 0.605427 0.211468 0.007414 0.007006
48 0.597717 0.209071 0.007414 0.010324
48 0.522242 0.183444 0.012456 0.010693
48 0.550563 0.210914 0.012159 0.009587
48 0.549970 0.217367 0.009786 0.007743
48 0.541222 0.215524 0.009490 0.011431
48 0.520463 0.196350 0.007711 0.009218
48 0.599199 0.181416 0.024021 0.015487
48 0.529953 0.192294 0.014235 0.011431
48 0.492141 0.230826 0.010380 0.011062
48 0.616103 0.233960 0.006821 0.005531
48 0.558422 0.201512 0.009490 0.009956
48 0.555457 0.190450 0.008897 0.007743
48 0.565540 0.203724 0.005931 0.008481
48 0.575771 0.211468 0.006821 0.009218
48 0.623517 0.215339 0.008600 0.010324
48 0.616696 0.208518 0.009193 0.010693
48 0.611062 0.204277 0.008600 0.010324
48 0.651839 0.226954 0.008897 0.008481
48 0.561536 0.211652 0.009786 0.011062
48 0.606613 0.227692 0.007414 0.006268
48 0.664294 0.182891 0.018387 0.020649
48 0.676601 0.170354 0.010973 0.011799
48 0.682977 0.157633 0.012456 0.011431
5 0.683867 0.172382 0.002966 0.005531
5 0.649911 0.157080 0.003855 0.004425
5 0.729537 0.188422 0.003559 0.005900
5 0.676305 0.183444 0.003262 0.006268
5 0.709520 0.148230 0.002669 0.004425
48 0.690540 0.146755 0.008007 0.008112
48 0.657177 0.259771 0.013049 0.013643
5 0.748221 0.339970 0.003559 0.003687
5 0.726572 0.367072 0.003559 0.003319
48 0.770759 0.368732 0.008897 0.008850
48 0.711892 0.304572 0.019870 0.024336
48 0.728944 0.303282 0.024318 0.023968
9 0.755635 0.297566 0.006524 0.002950
5 0.753855 0.293695 0.004745 0.002581
5 0.742141 0.288717 0.004448 0.002950
5 0.724644 0.278945 0.005635 0.003319
48 0.688909 0.297382 0.010083 0.012906
48 0.700919 0.300885 0.009786 0.013274
48 0.631524 0.255347 0.013345 0.009956
48 0.642794 0.233776 0.017497 0.014012
5 0.712040 0.273414 0.004152 0.002581
48 0.682829 0.063606 0.012159 0.012168
48 0.590599 0.011431 0.011566 0.008112
48 0.716785 0.082227 0.020166 0.019912
9 0.732651 0.086283 0.002669 0.005162
5 0.757562 0.130162 0.003855 0.005900
48 0.702847 0.062131 0.015421 0.015855
48 0.689947 0.057891 0.009786 0.011062
5 0.724199 0.072640 0.004152 0.006637
48 0.788405 0.070243 0.028766 0.047566
48 0.790925 0.107854 0.040332 0.020280
5 0.717378 0.062869 0.004152 0.006268
5 0.707147 0.046460 0.003262 0.005162
48 0.700030 0.093473 0.014531 0.011431
48 0.735469 0.053650 0.013642 0.014381
48 0.723903 0.049779 0.014235 0.013274
48 0.748814 0.039086 0.017200 0.017699
48 0.733244 0.022677 0.024021 0.023230
48 0.720196 0.039823 0.023428 0.015487
48 0.772390 0.051069 0.012159 0.010693
48 0.764828 0.084808 0.018980 0.011799
48 0.755190 0.075037 0.018683 0.022493
48 0.768980 0.066372 0.020166 0.025074
5 0.728796 0.094211 0.003855 0.005531
48 0.781732 0.040745 0.014828 0.015118
48 0.730130 0.064159 0.013049 0.020649
48 0.686981 0.071350 0.010973 0.009956
5 0.692467 0.026180 0.004152 0.005900
5 0.685498 0.014749 0.002669 0.005900
5 0.682829 0.010509 0.002669 0.004056
5 0.698992 0.016409 0.008897 0.009218
48 0.709668 0.109698 0.013642 0.019543
48 0.732206 0.121128 0.033808 0.039454
48 0.761418 0.105826 0.031732 0.031711
48 0.771056 0.145833 0.011269 0.007743
48 0.767497 0.139565 0.010083 0.008481
48 0.773428 0.151364 0.009490 0.006268
48 0.776394 0.159292 0.011269 0.009587
48 0.732651 0.170538 0.019870 0.023968
48 0.753410 0.148968 0.011566 0.010324
48 0.740362 0.147861 0.011566 0.013274
48 0.782622 0.173119 0.009490 0.016593
48 0.815688 0.155052 0.022242 0.019543
48 0.809757 0.177544 0.009193 0.011431
48 0.813464 0.189712 0.007711 0.008481
48 0.805753 0.198931 0.008897 0.008481
48 0.797153 0.165929 0.020166 0.015487
48 0.774021 0.190265 0.011269 0.010324
48 0.762604 0.196534 0.006821 0.008112
48 0.761862 0.187316 0.012456 0.008850
48 0.762604 0.177544 0.022835 0.015855
48 0.807977 0.132375 0.010973 0.011799
48 0.813612 0.126475 0.008600 0.012537
5 0.862248 0.152470 0.002076 0.004056
5 0.857800 0.149889 0.003262 0.004056
5 0.876186 0.143805 0.002669 0.002950
5 0.852313 0.136431 0.002966 0.004425
5 0.856020 0.143990 0.002669 0.004056
5 0.863138 0.146386 0.002669 0.004425
48 0.888493 0.144911 0.008897 0.009587
48 0.865955 0.128319 0.011269 0.011062
48 0.872776 0.120022 0.012456 0.012168
48 0.893683 0.127581 0.010973 0.008850
48 0.898280 0.122235 0.010083 0.009956
48 0.886566 0.132743 0.008600 0.010324
48 0.857651 0.124631 0.009490 0.009587
5 0.847123 0.124447 0.002669 0.004794
48 0.801750 0.120022 0.012159 0.011431
5 0.843416 0.107117 0.002372 0.004794
48 0.854093 0.113016 0.011862 0.014381
48 0.792260 0.151733 0.009786 0.007006
48 0.779359 0.141777 0.013049 0.025442
48 0.821174 0.111910 0.021945 0.021755
5 0.843416 0.089233 0.002372 0.004425
5 0.836299 0.086468 0.002372 0.004794
5 0.838820 0.079277 0.002076 0.003687
5 0.835409 0.078724 0.001779 0.004056
48 0.820285 0.077249 0.037367 0.049779
48 0.818505 0.046645 0.030249 0.017330
48 0.851572 0.045907 0.010380 0.009956
48 0.873221 0.053835 0.010380 0.010324
48 0.886566 0.029499 0.024021 0.028761
5 0.915480 0.022308 0.004745 0.003319
5 0.939205 0.035951 0.004152 0.003319
48 0.825326 0.030420 0.013049 0.014381
48 0.811388 0.029130 0.013049 0.019912
48 0.823547 0.016409 0.012456 0.012168
48 0.873369 0.018437 0.016014 0.014749
48 0.848903 0.024889 0.028766 0.026917
48 0.811833 0.585177 0.021056 0.019174
48 0.681791 0.597714 0.034401 0.038348
48 0.816429 0.658001 0.024911 0.021755
5 0.457444 0.626291 0.003855 0.007743
5 0.597865 0.706305 0.005338 0.004794
5 0.567912 0.673857 0.004152 0.004056
48 0.456257 0.610435 0.041222 0.040929
48 0.438760 0.629056 0.028766 0.035398
5 0.517349 0.642699 0.002669 0.005162
9 0.532622 0.625369 0.003559 0.006637
5 0.529953 0.630531 0.004152 0.003687
5 0.521352 0.645280 0.003559 0.003687
5 0.508897 0.660398 0.003559 0.002212
5 0.520463 0.701696 0.004152 0.002950
48 0.550415 0.632559 0.013642 0.015855
48 0.536477 0.639749 0.014235 0.013274
5 0.471234 0.707043 0.002966 0.004056
5 0.401542 0.652102 0.004745 0.004794
5 0.399763 0.786689 0.004745 0.004794
5 0.460113 0.727323 0.003855 0.002581
5 0.465154 0.730273 0.003855 0.004056
5 0.446174 0.723083 0.003262 0.003687
5 0.449733 0.720501 0.002669 0.003687
5 0.441133 0.731932 0.003262 0.004425
5 0.479982 0.736541 0.005042 0.004056
5 0.466785 0.724742 0.004745 0.003319
5 0.543891 0.703171 0.002372 0.004425
5 0.491103 0.747603 0.004152 0.003319
5 0.578885 0.744838 0.004745 0.002950
48 0.640569 0.752028 0.013642 0.010693
5 0.584964 0.693768 0.004448 0.004794
5 0.784549 0.657080 0.004448 0.002950
5 0.788701 0.668879 0.002669 0.002950
5 0.748072 0.710730 0.001483 0.001844
5 0.743921 0.766409 0.003262 0.005531
48 0.655990 0.901364 0.032622 0.026180
5 0.615955 0.844580 0.004745 0.002581
48 0.586299 0.879794 0.013049 0.011799
5 0.486803 0.828355 0.002669 0.003319
48 0.459371 0.841814 0.012456 0.010324
5 0.407177 0.737279 0.003559 0.003319
5 0.381673 0.721976 0.004152 0.003687
5 0.400059 0.730457 0.004152 0.004425
5 0.346382 0.683628 0.004152 0.004425
5 0.275208 0.689712 0.003559 0.004794
5 0.160291 0.781711 0.003262 0.004425
48 0.818209 0.669801 0.007117 0.007006
5 0.168001 0.789639 0.003262 0.005531
5 0.226572 0.512168 0.005338 0.003687
5 0.196174 0.521018 0.004448 0.002950
5 0.188019 0.524521 0.004152 0.003319
5 0.320136 0.604351 0.005042 0.002212
5 0.332888 0.603245 0.004448 0.002950
5 0.373369 0.577987 0.002966 0.004056
5 0.343268 0.532633 0.002669 0.003319
5 0.369365 0.572087 0.003262 0.004794
5 0.411625 0.573746 0.004152 0.003687
5 0.353055 0.555863 0.002669 0.005531
5 0.423191 0.590155 0.003559 0.003319
5 0.350534 0.542957 0.002966 0.003319
5 0.443060 0.543142 0.003559 0.002950
5 0.467230 0.516224 0.005042 0.004425
5 0.466340 0.524889 0.002669 0.003319
9 0.504448 0.542957 0.004152 0.005531
5 0.530546 0.521755 0.001779 0.002950
48 0.547005 0.500737 0.010380 0.010324
5 0.592230 0.527471 0.004152 0.004056
5 0.585854 0.518252 0.003262 0.004794
5 0.577402 0.510140 0.002966 0.004794
5 0.610024 0.542588 0.003559 0.004794
5 0.591489 0.534292 0.003262 0.002950
5 0.567912 0.568400 0.003559 0.003319
5 0.563909 0.571718 0.003262 0.004056
5 0.549229 0.603245 0.002372 0.004425
5 0.556495 0.594948 0.003262 0.004056
5 0.560053 0.590892 0.002076 0.004056
5 0.572805 0.564528 0.002669 0.003687
5 0.591489 0.541851 0.002669 0.003319
5 0.625000 0.557338 0.002076 0.003319
5 0.557977 0.584071 0.002669 0.004425
5 0.625890 0.569322 0.003262 0.004425
5 0.512456 0.638274 0.002966 0.004425
5 0.528470 0.635140 0.002966 0.003319
5 0.525949 0.631268 0.002669 0.004425
5 0.521204 0.636615 0.003855 0.003319
5 0.484875 0.687316 0.002372 0.004425
5 0.482058 0.684366 0.002669 0.005162
5 0.563019 0.657633 0.002669 0.003319
5 0.330664 0.658370 0.002966 0.004056
48 0.361803 0.661504 0.016607 0.016224
48 0.470344 0.666851 0.029656 0.029867
48 0.547153 0.718473 0.004745 0.004056
5 0.514531 0.653577 0.003559 0.004056
5 0.629004 0.491888 0.002372 0.002950
5 0.663256 0.461652 0.002669 0.004425
5 0.647983 0.473451 0.003559 0.004425
5 0.647835 0.467183 0.002669 0.004425
5 0.643980 0.481563 0.003262 0.003687
48 0.627669 0.472530 0.012752 0.014381
5 0.685795 0.417773 0.003855 0.005162
5 0.785439 0.416482 0.003855 0.004794
5 0.752224 0.389012 0.002669 0.003687
9 0.751186 0.382559 0.004745 0.003319
5 0.718565 0.372419 0.003559 0.004425
5 0.744958 0.376844 0.003559 0.002212
5 0.744365 0.372419 0.002966 0.002950
5 0.718416 0.376844 0.003855 0.002950
5 0.851868 0.231379 0.003855 0.003319
5 0.995552 0.083886 0.004152 0.004794
5 0.552936 0.503503 0.003855 0.005531
48 0.613582 0.987647 0.014235 0.024705
48 0.624259 0.986726 0.013049 0.014012
48 0.627817 0.995575 0.019573 0.008850
48 0.610469 0.940450 0.021649 0.017330
48 0.616251 0.953724 0.023725 0.021755
48 0.580813 0.960730 0.023428 0.031342
48 0.596234 0.954462 0.024614 0.040929
48 0.566133 0.959993 0.022539 0.030605
48 0.572212 0.943584 0.010973 0.011799
48 0.581406 0.940450 0.009193 0.008481
5 0.653173 0.145649 0.002669 0.005162
48 0.617883 0.027102 0.028766 0.034292
48 0.637604 0.028945 0.013642 0.015855
48 0.644128 0.044432 0.026097 0.023968
48 0.655990 0.056047 0.014828 0.016962
48 0.645018 0.063237 0.024318 0.021018
48 0.627669 0.053097 0.025208 0.023599
48 0.630486 0.085177 0.020166 0.015487
48 0.622331 0.068400 0.048932 0.031342
48 0.617883 0.091999 0.037070 0.030605
48 0.590451 0.094764 0.023132 0.021386
48 0.608244 0.106932 0.037960 0.027286
48 0.597865 0.118916 0.033808 0.025442
48 0.573843 0.120391 0.028470 0.036504
48 0.592082 0.137721 0.021649 0.023968
48 0.585409 0.168326 0.015421 0.019543
48 0.574733 0.154683 0.035587 0.033555
48 0.564205 0.172566 0.027580 0.022124
48 0.547894 0.129978 0.023428 0.021018
48 0.554567 0.113569 0.024911 0.025811
48 0.568209 0.098083 0.014828 0.014749
48 0.557088 0.095501 0.012752 0.015487
48 0.561091 0.086468 0.017794 0.016593
48 0.573547 0.090524 0.014828 0.015855
48 0.580219 0.082412 0.015718 0.018068
48 0.565836 0.075774 0.018980 0.018805
48 0.585261 0.072456 0.016904 0.016593
48 0.571471 0.063791 0.018980 0.019174
48 0.590451 0.061578 0.023725 0.021386
48 0.574437 0.051991 0.018387 0.016962
48 0.605575 0.050332 0.018980 0.019543
48 0.590747 0.033001 0.039146 0.037242
48 0.603055 0.014196 0.021056 0.015855
48 0.567319 0.013643 0.018387 0.012537
48 0.563167 0.024152 0.019573 0.018805
48 0.550267 0.012537 0.017497 0.011799
48 0.545670 0.022493 0.020759 0.018437
48 0.535884 0.015302 0.010083 0.018068
48 0.524614 0.012721 0.016607 0.011431
48 0.508897 0.012168 0.016607 0.012537
48 0.557681 0.042957 0.021056 0.016593
48 0.540925 0.039086 0.022539 0.019912
48 0.526839 0.035398 0.018683 0.019912
48 0.521649 0.025258 0.016607 0.013643
48 0.511714 0.024152 0.009193 0.010693
48 0.505635 0.021202 0.007117 0.008481
48 0.500000 0.018437 0.008897 0.010324
48 0.501038 0.029130 0.019276 0.014749
48 0.490807 0.037426 0.008897 0.009956
48 0.499259 0.037979 0.012752 0.013274
48 0.494217 0.047935 0.014531 0.012537
48 0.513493 0.039270 0.012159 0.015855
48 0.506673 0.055310 0.015718 0.023599
48 0.520759 0.050701 0.016014 0.021755
48 0.514828 0.066003 0.009490 0.010324
48 0.525652 0.066372 0.015718 0.016224
48 0.538553 0.061578 0.017794 0.014749
48 0.549229 0.067294 0.016014 0.015855
48 0.536180 0.072456 0.011862 0.013643
48 0.545522 0.075959 0.013938 0.011799
48 0.555753 0.054388 0.013642 0.010693
48 0.537515 0.048673 0.012752 0.010324
48 0.548488 0.055863 0.018090 0.012168
48 0.489472 0.055310 0.016904 0.013274
48 0.477165 0.055310 0.006524 0.005900
48 0.477017 0.061578 0.013345 0.011062
48 0.472123 0.069137 0.013049 0.010693
48 0.481317 0.074853 0.011862 0.009587
48 0.484727 0.067662 0.011566 0.012168
48 0.467972 0.076696 0.013049 0.011799
48 0.477017 0.080383 0.012159 0.011062
48 0.486655 0.087021 0.014235 0.014749
48 0.484431 0.095317 0.011566 0.011431
48 0.473903 0.089602 0.013049 0.011062
48 0.462782 0.085730 0.012159 0.011431
48 0.479982 0.104720 0.016904 0.016224
48 0.467378 0.095686 0.017200 0.012168
48 0.464413 0.101954 0.017794 0.010693
48 0.464413 0.109513 0.018980 0.011799
48 0.462782 0.117072 0.022242 0.011431
48 0.463968 0.123894 0.015125 0.008112
48 0.483096 0.117441 0.011862 0.012906
48 0.495255 0.122235 0.019573 0.017330
48 0.481020 0.128687 0.016607 0.016224
48 0.504152 0.128872 0.007711 0.017330
48 0.513197 0.130715 0.018090 0.016593
48 0.523428 0.135140 0.011862 0.012906
48 0.528766 0.138643 0.009490 0.014012
48 0.537663 0.144358 0.014235 0.012906
48 0.542408 0.153024 0.028470 0.022124
48 0.541815 0.170538 0.018387 0.023230
48 0.529804 0.164823 0.015125 0.019174
48 0.534846 0.184735 0.020463 0.017699
48 0.517052 0.173673 0.014531 0.016224
48 0.520166 0.147677 0.019573 0.018805
48 0.518832 0.159292 0.016311 0.012537
48 0.509045 0.152655 0.009193 0.014012
48 0.510380 0.164454 0.008897 0.009587
48 0.504300 0.148414 0.008600 0.012906
48 0.502966 0.162611 0.008897 0.010324
48 0.498962 0.159292 0.008600 0.009587
48 0.499259 0.147677 0.013345 0.016593
48 0.493772 0.144174 0.014235 0.014012
48 0.489324 0.138827 0.014828 0.014381
48 0.492883 0.157817 0.010083 0.011062
48 0.486951 0.154499 0.010676 0.011799
48 0.479389 0.149521 0.009193 0.012168
48 0.473458 0.143068 0.012159 0.013274
48 0.466637 0.139934 0.011566 0.014381
48 0.462633 0.148783 0.013642 0.018068
48 0.463227 0.157080 0.006524 0.006637
48 0.472272 0.154867 0.010973 0.008850
48 0.476572 0.159845 0.008304 0.008481
48 0.469158 0.160398 0.005338 0.005162
48 0.487841 0.162795 0.013049 0.009218
48 0.462189 0.162242 0.010973 0.007375
48 0.464561 0.167773 0.006228 0.004425
48 0.472568 0.173304 0.016904 0.012537
48 0.483096 0.174779 0.007117 0.006637
48 0.487100 0.171645 0.012752 0.010693
48 0.499852 0.175332 0.019276 0.013643
48 0.474496 0.186394 0.007711 0.007743
48 0.491400 0.202987 0.011862 0.011431
48 0.485469 0.195612 0.011862 0.008481
48 0.482355 0.205383 0.012752 0.009587
48 0.463375 0.195059 0.010973 0.008112
48 0.454033 0.191003 0.010083 0.006637
48 0.449733 0.186763 0.005635 0.007006
48 0.446619 0.181969 0.010083 0.009956
48 0.435202 0.195428 0.010380 0.009587
48 0.486951 0.218473 0.030249 0.018068
48 0.472420 0.225848 0.013642 0.015118
48 0.463820 0.269358 0.014828 0.015855
48 0.375741 0.303650 0.010676 0.011431
48 0.386566 0.298119 0.016904 0.014381
55 0.343416 0.354167 0.013642 0.013643
55 0.346975 0.365597 0.013049 0.013643
48 0.505190 0.381268 0.019276 0.019174
48 0.490658 0.373341 0.018683 0.016593
48 0.521501 0.384587 0.012159 0.009587
5 0.532622 0.382743 0.005338 0.005162
48 0.454478 0.409476 0.014531 0.011431
48 0.501335 0.339786 0.014531 0.013643
48 0.505635 0.083702 0.011862 0.014012
48 0.503114 0.096055 0.016904 0.015855
48 0.495552 0.102139 0.010676 0.006637
48 0.494217 0.106195 0.009193 0.006637
48 0.502817 0.106932 0.009786 0.011799
48 0.512604 0.103060 0.010973 0.009218
48 0.522390 0.103060 0.013938 0.013643
48 0.511269 0.112647 0.013049 0.014381
48 0.519128 0.115597 0.010380 0.012906
48 0.517349 0.086836 0.018683 0.022493
48 0.507562 0.075590 0.009193 0.008112
48 0.529211 0.087758 0.011566 0.015487
48 0.540036 0.101401 0.008897 0.007375
48 0.542705 0.094580 0.012456 0.014381
48 0.534994 0.093842 0.013642 0.019543
48 0.534104 0.108591 0.018980 0.018068
48 0.532473 0.122050 0.008600 0.013274
48 0.527728 0.118732 0.008007 0.010324
48 0.722420 0.095133 0.010676 0.014012
48 0.656732 0.086099 0.014531 0.016593
48 0.671115 0.085361 0.022539 0.031342
48 0.676008 0.104720 0.015125 0.013274
48 0.652728 0.097898 0.016014 0.015855
48 0.665036 0.105642 0.009786 0.009956
48 0.668743 0.114307 0.016607 0.016224
48 0.678084 0.116888 0.015718 0.021386
48 0.688612 0.123156 0.019573 0.026549
48 0.650949 0.109145 0.028470 0.025074
48 0.638790 0.112279 0.020166 0.019543
48 0.650949 0.122235 0.016607 0.018068
48 0.662811 0.128503 0.018387 0.018068
48 0.674377 0.129609 0.017200 0.013643
48 0.676898 0.139381 0.017497 0.010324
48 0.643683 0.131268 0.017497 0.016224
48 0.630635 0.123156 0.017497 0.015487
48 0.638345 0.138459 0.009786 0.012168
48 0.633897 0.134587 0.008007 0.008850
48 0.626928 0.131822 0.019573 0.018805
48 0.615362 0.140671 0.018387 0.018068
48 0.627817 0.147861 0.018980 0.019174
48 0.613138 0.153945 0.021649 0.020280
48 0.608096 0.161136 0.014531 0.010324
48 0.606762 0.167773 0.021945 0.017699
48 0.602313 0.173488 0.018387 0.015118
48 0.673488 0.176438 0.011862 0.007743
48 0.663108 0.171276 0.014235 0.009956
48 0.706554 0.191925 0.014531 0.018805
48 0.715154 0.178650 0.015125 0.015118
48 0.712189 0.232670 0.018090 0.011062
48 0.767200 0.289086 0.008897 0.008850
5 0.829181 0.124447 0.004152 0.004794
48 0.924970 0.103982 0.029063 0.027286
48 0.885380 0.092552 0.019276 0.018437
48 0.899614 0.067478 0.016311 0.014749
48 0.880042 0.174410 0.016311 0.022861
5 0.917853 0.189712 0.004745 0.004794
48 0.986507 0.224373 0.016904 0.018068
5 0.937574 0.234882 0.004448 0.005162
5 0.931198 0.238754 0.004745 0.004794
5 0.883007 0.241519 0.004448 0.005162
5 0.874259 0.230273 0.005338 0.006268
48 0.871145 0.242994 0.029359 0.031711
5 0.660291 0.368732 0.003855 0.005900
5 0.670967 0.381637 0.003262 0.004425
5 0.629448 0.420907 0.002669 0.004794
5 0.731020 0.598451 0.004745 0.005162
48 0.737544 0.587205 0.013642 0.009218
48 0.753114 0.588311 0.016311 0.017330
48 0.735765 0.593658 0.010676 0.010324
48 0.749259 0.596608 0.017497 0.013274
48 0.751779 0.603429 0.006524 0.007743
48 0.742438 0.600479 0.013938 0.012906
5 0.704775 0.617810 0.003855 0.004794
5 0.672005 0.614860 0.005338 0.006268
5 0.665777 0.609698 0.005338 0.004056
48 0.798488 0.645833 0.014531 0.018805
48 0.830368 0.658923 0.015421 0.019174
5 0.665480 0.697824 0.004152 0.003319
5 0.667705 0.695612 0.006228 0.005531
5 0.673043 0.688791 0.005635 0.005162
48 0.595492 0.720133 0.017200 0.020649
5 0.629597 0.827434 0.003559 0.004425
5 0.051305 0.961836 0.003559 0.004794
48 0.097420 0.898230 0.019870 0.019174
48 0.089561 0.911689 0.024911 0.025442
5 0.046115 0.858960 0.004448 0.004794
5 0.041815 0.863385 0.003559 0.003319
5 0.013197 0.840339 0.003262 0.004425
5 0.024614 0.819875 0.003559 0.004056
5 0.033808 0.830199 0.002372 0.005531
5 0.016904 0.833333 0.003559 0.005162
48 0.048043 0.843658 0.024911 0.023599
48 0.055308 0.829830 0.024614 0.029867
48 0.053084 0.791298 0.061091 0.055310
48 0.029656 0.784292 0.034994 0.033923
48 0.190836 0.628319 0.013345 0.018437
5 0.372924 0.471976 0.005042 0.005162
5 0.380190 0.479720 0.005338 0.004425
5 0.384786 0.483960 0.004448 0.004794
5 0.392497 0.494285 0.004448 0.004794
5 0.409698 0.504794 0.005042 0.006637
5 0.406880 0.509587 0.005338 0.005900
5 0.436684 0.451143 0.003262 0.004056
5 0.423339 0.434735 0.005635 0.005900
5 0.418446 0.423857 0.002966 0.004056
5 0.522390 0.482301 0.004448 0.005162
48 0.361655 0.225664 0.025801 0.032448
48 0.284401 0.137721 0.021945 0.020280
5 0.134935 0.123525 0.004152 0.004425
48 0.940095 0.124263 0.007711 0.011799
48 0.937278 0.128134 0.007414 0.007743
48 0.932236 0.129794 0.008600 0.008850
48 0.935498 0.135878 0.010380 0.010693
48 0.799822 0.017699 0.016014 0.014012
5 0.701364 0.038348 0.002966 0.005162
48 0.676008 0.039454 0.010380 0.013274
48 0.666815 0.040745 0.012752 0.016593
48 0.682681 0.028024 0.018980 0.022861
48 0.670819 0.016593 0.020166 0.017699
48 0.650356 0.018437 0.021945 0.021386
48 0.661180 0.027471 0.022835 0.017330
5 0.635676 0.011246 0.005042 0.004056
48 0.511862 0.187869 0.014235 0.028392
48 0.550415 0.198931 0.016607 0.015118
48 0.580961 0.206490 0.007117 0.019912
48 0.570433 0.209993 0.006821 0.013643
48 0.557829 0.222714 0.005338 0.008850
48 0.602313 0.216814 0.020166 0.011799
48 0.623962 0.226032 0.012456 0.009587
48 0.622479 0.236357 0.013049 0.015487
5 0.588375 0.266224 0.004152 0.002950
48 0.553232 0.259771 0.005635 0.004794
5 0.659994 0.233223 0.003262 0.005531
48 0.211447 0.237279 0.051008 0.056416
5 0.719306 0.107854 0.003262 0.004794
5 0.716934 0.113016 0.002669 0.004056
5 0.694840 0.115782 0.001779 0.003687
5 0.700326 0.114307 0.002669 0.004425
5 0.778915 0.183628 0.003855 0.005162
5 0.787960 0.202802 0.004152 0.006637
5 0.812129 0.230089 0.004448 0.005900
5 0.784698 0.253134 0.002966 0.004056
5 0.843861 0.248525 0.005042 0.002950
5 0.762752 0.239676 0.002966 0.002950
48 0.785291 0.247419 0.014828 0.017699
48 0.830071 0.512353 0.016607 0.016593
48 0.814354 0.522677 0.017794 0.015855
48 0.818654 0.532080 0.012159 0.012537
48 0.828440 0.537426 0.020463 0.015855
48 0.799970 0.533001 0.014531 0.015855
5 0.566281 0.983591 0.002669 0.004056
48 0.355427 0.425148 0.023428 0.022861
48 0.053529 0.739307 0.026987 0.028024
48 0.025801 0.756822 0.048636 0.047566
5 0.062574 0.972898 0.002966 0.004794
48 0.065243 0.954277 0.024911 0.022861
48 0.083333 0.957043 0.019573 0.021018
48 0.072212 0.968842 0.019276 0.020280
48 0.110469 0.980088 0.016904 0.017699
48 0.271649 0.895465 0.010676 0.009956
48 0.280101 0.903024 0.013345 0.015487
48 0.293149 0.903945 0.009786 0.014381
48 0.291667 0.917588 0.019870 0.023968
48 0.100830 0.683628 0.020759 0.015487
48 0.115214 0.640118 0.016904 0.016962
48 0.140866 0.661689 0.017200 0.019543
48 0.151097 0.651364 0.018090 0.021755
5 0.011269 0.404499 0.005338 0.004425
5 0.080961 0.488385 0.004152 0.004794
5 0.086151 0.492810 0.003855 0.004056
5 0.045819 0.445981 0.004448 0.004056
48 0.994662 0.269727 0.010676 0.079277
48 0.996145 0.253687 0.007711 0.029499
48 0.997776 0.214233 0.004448 0.042035
48 0.997183 0.173119 0.005635 0.020280
48 0.991845 0.186394 0.016311 0.026180
48 0.975830 0.178466 0.015718 0.015487
48 0.995700 0.147308 0.008600 0.033555
48 0.979241 0.128687 0.013049 0.013274
48 0.966934 0.164454 0.015718 0.014012
48 0.977313 0.161689 0.018683 0.021018
48 0.907177 0.047751 0.032028 0.040192
5 0.894573 0.044985 0.006821 0.006637
5 0.888938 0.049779 0.005042 0.004425
48 0.266014 0.993363 0.013642 0.013274
48 0.260973 0.856195 0.017794 0.016962
41 0.213968 0.974558 0.008007 0.010324
42 0.240955 0.981379 0.009786 0.007006
