48 0.995774 0.012572 0.008452 0.025143
9 0.732871 0.155156 0.003018 0.007320
9 0.725324 0.150064 0.009055 0.004137
9 0.714005 0.149109 0.006339 0.002864
9 0.656807 0.195258 0.003622 0.006047
5 0.662542 0.204010 0.003622 0.005092
5 0.728192 0.208625 0.002717 0.004774
9 0.738304 0.238861 0.005433 0.002864
9 0.680350 0.259866 0.004829 0.006047
9 0.685481 0.250796 0.005433 0.003183
9 0.671748 0.290738 0.003320 0.008593
9 0.674917 0.291852 0.006037 0.007638
9 0.633565 0.289624 0.013885 0.005092
9 0.680803 0.291852 0.003320 0.005729
9 0.684123 0.291852 0.003924 0.007002
9 0.690009 0.302992 0.008452 0.003819
5 0.597193 0.284214 0.002717 0.005092
5 0.629339 0.285169 0.007244 0.003183
5 0.605946 0.285646 0.004528 0.007957
5 0.578026 0.311744 0.004226 0.005411
5 0.592967 0.294239 0.005131 0.002864
5 0.571687 0.298218 0.006037 0.007638
5 0.555086 0.278803 0.005433 0.005729
5 0.558859 0.287556 0.006942 0.002864
5 0.479928 0.217537 0.003018 0.006684
5 0.481890 0.204647 0.002717 0.005729
5 0.575158 0.214195 0.004528 0.007638
9 0.571687 0.188733 0.004829 0.011458
9 0.573800 0.172342 0.007244 0.018141
5 0.595986 0.150700 0.009961 0.005411
9 0.605041 0.144017 0.009357 0.004137
9 0.550407 0.141948 0.008753 0.003183
5 0.529128 0.140675 0.006641 0.003183
9 0.547842 0.147677 0.009055 0.004456
6 0.535466 0.147677 0.005433 0.003183
6 0.528675 0.147040 0.006339 0.003819
9 0.491096 0.145767 0.007848 0.003183
9 0.499849 0.145608 0.006641 0.004137
5 0.507244 0.139561 0.008753 0.004137
6 0.565047 0.103756 0.006037 0.003183
6 0.572744 0.096913 0.003924 0.006047
9 0.567461 0.117123 0.005433 0.007638
9 0.674464 0.082591 0.010564 0.005411
6 0.675219 0.089274 0.006037 0.003501
6 0.644431 0.081158 0.006641 0.003819
6 0.635527 0.080681 0.005735 0.002864
6 0.650468 0.087842 0.008452 0.005729
6 0.609719 0.079567 0.007244 0.003183
6 0.564443 0.059039 0.004829 0.008593
5 0.623604 0.023711 0.002415 0.005411
9 0.634168 0.023711 0.010866 0.004137
6 0.638847 0.017027 0.005735 0.003501
5 0.649110 0.017505 0.005735 0.002546
6 0.620586 0.023870 0.003622 0.005729
9 0.611379 0.023074 0.010564 0.004137
48 0.938575 0.013845 0.069122 0.027689
48 0.984153 0.014163 0.029279 0.028326
48 0.916843 0.048854 0.018412 0.032782
48 0.930577 0.049013 0.017507 0.032463
48 0.941443 0.049650 0.018714 0.031827
48 0.959251 0.052514 0.025355 0.033100
48 0.993058 0.077498 0.013885 0.032145
48 0.979022 0.081158 0.020827 0.028008
48 0.965439 0.079885 0.015998 0.027371
48 0.991548 0.049968 0.013281 0.024825
48 0.977815 0.053151 0.026260 0.034373
48 0.935557 0.078771 0.020223 0.024507
48 0.918654 0.077658 0.017809 0.025461
48 0.950649 0.080522 0.021431 0.026735
48 0.895563 0.042330 0.013885 0.017823
48 0.893148 0.011617 0.019318 0.023234
48 0.880169 0.011139 0.015092 0.021642
48 0.848627 0.011776 0.023845 0.023552
48 0.865379 0.011299 0.018110 0.022597
48 0.889828 0.079567 0.026562 0.020369
48 0.893450 0.060948 0.017507 0.021961
48 0.859040 0.078931 0.020525 0.020369
48 0.842590 0.073361 0.023242 0.030872
48 0.811953 0.011776 0.028373 0.023552
48 0.849079 0.045194 0.030184 0.029917
48 0.872321 0.064131 0.036221 0.025143
48 0.876698 0.041693 0.029882 0.024825
48 0.785391 0.010185 0.024751 0.019733
48 0.769846 0.009071 0.014790 0.017505
48 0.755961 0.009071 0.015998 0.017505
48 0.720193 0.010344 0.026562 0.019414
48 0.698461 0.009548 0.019318 0.019096
48 0.683067 0.008275 0.018110 0.016550
48 0.653335 0.009707 0.015394 0.016868
48 0.639149 0.007320 0.012979 0.014640
48 0.629339 0.007798 0.012677 0.015595
48 0.609870 0.007798 0.013583 0.015595
48 0.619378 0.007479 0.010263 0.014959
48 0.596438 0.006843 0.013885 0.013049
48 0.581497 0.006684 0.017809 0.013367
48 0.578781 0.070019 0.015394 0.013367
48 0.922880 0.173775 0.029279 0.019733
48 0.917296 0.190166 0.015092 0.016868
48 0.943405 0.173934 0.015394 0.014959
48 0.989134 0.118237 0.021733 0.032145
48 0.918352 0.109803 0.021431 0.022279
48 0.935104 0.110439 0.017507 0.024825
48 0.889979 0.141789 0.019620 0.025143
48 0.843495 0.105824 0.022034 0.021324
48 0.814519 0.139243 0.022638 0.028962
48 0.845608 0.144335 0.025053 0.020687
48 0.864171 0.106938 0.021129 0.019733
48 0.879264 0.109007 0.016903 0.021324
48 0.892695 0.111235 0.015394 0.021324
48 0.844552 0.126194 0.026562 0.020051
48 0.876698 0.145767 0.017205 0.021006
48 0.863266 0.145130 0.018110 0.022279
48 0.869906 0.127626 0.031995 0.022915
48 0.952007 0.149905 0.013885 0.017187
48 0.919861 0.147677 0.019620 0.017187
48 0.937670 0.149745 0.017205 0.018141
48 0.923030 0.135423 0.024751 0.015595
48 0.921823 0.124602 0.027166 0.011776
48 0.963326 0.141152 0.018412 0.028326
48 0.944159 0.133991 0.020525 0.017823
48 0.980531 0.143539 0.023242 0.026735
48 0.944461 0.116964 0.012074 0.020051
48 0.958195 0.122852 0.016601 0.014640
48 0.972532 0.118237 0.016903 0.023870
48 0.891941 0.128103 0.018110 0.013686
48 0.838666 0.176480 0.016601 0.027053
48 0.850287 0.177435 0.016299 0.025780
48 0.862511 0.171388 0.012979 0.014959
48 0.871265 0.175048 0.011772 0.020369
48 0.884999 0.173138 0.024147 0.020369
48 0.799728 0.171547 0.016601 0.021006
48 0.814066 0.174889 0.016903 0.025780
48 0.841081 0.192871 0.019016 0.015913
48 0.892846 0.193666 0.016299 0.020687
48 0.874283 0.191120 0.020827 0.015595
48 0.879264 0.204169 0.013885 0.013049
48 0.838666 0.222152 0.018412 0.012731
48 0.856022 0.222152 0.017507 0.014640
48 0.809538 0.235201 0.024751 0.018460
48 0.837308 0.239338 0.019922 0.015277
48 0.843043 0.209739 0.021129 0.012731
48 0.860398 0.208148 0.017205 0.019096
48 0.813009 0.193826 0.018412 0.017823
48 0.746906 0.167728 0.013583 0.016550
48 0.785542 0.175048 0.017809 0.024188
48 0.773015 0.169160 0.012677 0.014322
48 0.763507 0.169001 0.012375 0.016550
48 0.755810 0.169796 0.011470 0.019414
48 0.755810 0.137492 0.022940 0.025461
48 0.798521 0.137174 0.017205 0.029281
48 0.783278 0.134946 0.019318 0.027371
48 0.769242 0.135105 0.015394 0.026416
48 0.755056 0.119510 0.025053 0.020687
48 0.754754 0.104392 0.020827 0.018460
48 0.813160 0.105347 0.020525 0.019096
48 0.811953 0.118714 0.021129 0.015913
48 0.773770 0.110917 0.022638 0.025780
48 0.793239 0.109962 0.023544 0.027689
48 0.816631 0.073838 0.019016 0.022915
48 0.754603 0.052992 0.025958 0.019414
48 0.751283 0.072565 0.015696 0.019733
48 0.762300 0.074952 0.015394 0.023234
48 0.771506 0.074634 0.015696 0.023870
48 0.753245 0.037237 0.014790 0.015913
48 0.767884 0.041693 0.019318 0.022915
48 0.777845 0.057607 0.025355 0.015277
48 0.787353 0.076066 0.019620 0.022279
48 0.801087 0.073361 0.015696 0.025143
48 0.812104 0.056334 0.024449 0.017823
48 0.796861 0.056174 0.014488 0.018778
48 0.786447 0.039784 0.020827 0.022279
48 0.810444 0.038988 0.028977 0.020051
48 0.720042 0.036760 0.022638 0.018778
48 0.725324 0.050605 0.014488 0.017823
48 0.718533 0.074793 0.028071 0.020369
48 0.682916 0.034055 0.025053 0.017823
48 0.678841 0.066041 0.022336 0.030872
48 0.697253 0.074157 0.018110 0.017187
48 0.725324 0.063017 0.015092 0.013367
48 0.702686 0.037397 0.014488 0.018141
48 0.702234 0.056811 0.032297 0.022597
48 0.650015 0.067791 0.023242 0.022279
48 0.650015 0.037078 0.022034 0.021961
48 0.650317 0.052833 0.020827 0.016550
48 0.622698 0.048377 0.047087 0.019733
48 0.634319 0.032463 0.013583 0.012731
48 0.554482 0.066996 0.018110 0.018778
48 0.744944 0.285328 0.015696 0.020051
48 0.756112 0.289306 0.016903 0.015913
48 0.749321 0.272756 0.024449 0.014640
48 0.769393 0.277053 0.015696 0.016232
48 0.765168 0.265913 0.023544 0.014322
48 0.759131 0.245067 0.033806 0.018460
48 0.751283 0.258275 0.020525 0.018141
48 0.786146 0.271642 0.024449 0.016232
48 0.793239 0.251591 0.050106 0.027053
48 0.762753 0.231540 0.039239 0.018141
48 0.762904 0.216264 0.040145 0.021324
48 0.761847 0.201623 0.037428 0.018778
48 0.764564 0.184914 0.041654 0.021006
48 0.794748 0.189529 0.024147 0.020687
48 0.813462 0.212763 0.017507 0.016868
48 0.713553 0.196849 0.025958 0.021324
48 0.681407 0.201464 0.038938 0.019096
48 0.708270 0.218332 0.029882 0.021642
48 0.677332 0.215627 0.033806 0.014322
48 0.706007 0.233927 0.031391 0.019096
48 0.677030 0.233609 0.033203 0.020369
48 0.708270 0.257638 0.028675 0.016868
48 0.708572 0.246181 0.026864 0.011776
48 0.667824 0.277530 0.017809 0.019096
48 0.682765 0.278962 0.018110 0.019414
48 0.704648 0.282623 0.032297 0.022279
48 0.707063 0.270369 0.028675 0.013049
48 0.587534 0.243475 0.016601 0.013367
48 0.528524 0.157861 0.018714 0.015277
48 0.546936 0.166773 0.033806 0.031827
48 0.552219 0.195417 0.026260 0.015913
48 0.581950 0.131922 0.016903 0.022597
48 0.598853 0.131127 0.020525 0.021006
48 0.583610 0.099141 0.019016 0.025780
48 0.584817 0.116486 0.021431 0.017823
48 0.642771 0.130649 0.040145 0.030236
48 0.615303 0.127626 0.017205 0.026735
48 0.649562 0.103119 0.019922 0.027371
48 0.631150 0.108052 0.021129 0.018778
48 0.605795 0.103437 0.033203 0.030554
48 0.494265 0.092775 0.019016 0.020051
48 0.494416 0.126353 0.021129 0.022279
48 0.492605 0.108211 0.024751 0.017187
48 0.556595 0.131286 0.016299 0.018141
48 0.536221 0.130172 0.024449 0.021006
48 0.514941 0.123488 0.020525 0.028008
48 0.514187 0.096595 0.023242 0.027053
48 0.552671 0.113144 0.021733 0.019414
48 0.533806 0.109962 0.017809 0.020687
48 0.551464 0.095162 0.023544 0.018460
48 0.531542 0.094048 0.013281 0.014322
48 0.489888 0.175525 0.013281 0.011139
48 0.666013 0.258912 0.016601 0.021324
48 0.582101 0.044876 0.019620 0.014004
48 0.581799 0.055538 0.019016 0.014959
48 0.615001 0.065882 0.012979 0.028008
48 0.597193 0.064768 0.024449 0.028326
48 0.629641 0.065722 0.019318 0.026416
48 0.605795 0.033577 0.045880 0.016868
48 0.581346 0.033100 0.019922 0.017823
48 0.552219 0.030395 0.022638 0.014959
48 0.550106 0.010980 0.023242 0.017505
48 0.529580 0.027530 0.018412 0.018778
48 0.531392 0.012731 0.015394 0.013367
48 0.549804 0.051241 0.019016 0.014004
48 0.548295 0.040738 0.015998 0.011458
48 0.539088 0.066041 0.014488 0.016232
48 0.530788 0.038033 0.020223 0.013049
48 0.467099 0.038351 0.014187 0.013686
48 0.519922 0.062540 0.017205 0.016868
48 0.507999 0.066359 0.015696 0.014322
48 0.398430 0.050923 0.013281 0.015913
48 0.427105 0.057607 0.014488 0.019733
48 0.436462 0.058402 0.012074 0.018778
48 0.454875 0.064131 0.024751 0.018141
48 0.454271 0.053310 0.019318 0.011139
48 0.470269 0.060153 0.017507 0.021006
48 0.498944 0.058084 0.018110 0.014322
48 0.517658 0.029917 0.015696 0.016550
48 0.496076 0.024984 0.020827 0.021324
48 0.514187 0.014322 0.023242 0.024825
48 0.503018 0.042648 0.025657 0.016550
48 0.522034 0.048536 0.019016 0.018141
48 0.481588 0.038670 0.015394 0.016232
48 0.318442 0.036283 0.019318 0.020369
48 0.247359 0.009389 0.022638 0.016868
48 0.331724 0.056970 0.015696 0.019096
48 0.343344 0.053469 0.017809 0.024188
48 0.356173 0.056015 0.013885 0.017823
48 0.359493 0.041375 0.020525 0.014640
48 0.371265 0.057925 0.019922 0.019733
48 0.389224 0.056015 0.011168 0.012731
48 0.339571 0.079090 0.021733 0.012412
48 0.250830 0.105983 0.016299 0.012094
48 0.256565 0.078771 0.013885 0.011776
48 0.397978 0.091661 0.018412 0.012731
48 0.395865 0.083068 0.019016 0.013367
48 0.468307 0.090070 0.018412 0.016550
48 0.469816 0.127307 0.019016 0.026098
48 0.467099 0.105824 0.020223 0.020687
48 0.424992 0.093253 0.013885 0.019733
48 0.436462 0.087365 0.016299 0.018778
48 0.448234 0.087683 0.013281 0.014959
48 0.425143 0.109644 0.015998 0.013686
48 0.440386 0.105347 0.017507 0.017823
48 0.429520 0.124920 0.021733 0.021324
48 0.446574 0.125398 0.017809 0.022279
48 0.457440 0.126512 0.011168 0.021961
48 0.335497 0.088638 0.015998 0.011776
48 0.372321 0.085455 0.017809 0.018778
48 0.381678 0.087206 0.014187 0.019096
48 0.356625 0.084500 0.015998 0.020687
48 0.340175 0.100732 0.021733 0.017505
48 0.352551 0.102164 0.015092 0.021006
48 0.373227 0.108848 0.015998 0.016550
48 0.385149 0.106461 0.015092 0.021961
48 0.399487 0.106779 0.017809 0.018141
48 0.396468 0.124443 0.024449 0.019733
48 0.337006 0.114895 0.019016 0.014004
48 0.353456 0.121738 0.016299 0.018778
48 0.370812 0.125875 0.019016 0.021324
48 0.991247 0.235996 0.017507 0.032145
49 0.945669 0.330045 0.108663 0.184596
5 0.736040 0.080681 0.003320 0.007320
5 0.802898 0.028326 0.006641 0.003183
5 0.705252 0.026894 0.005131 0.005411
9 0.670088 0.042171 0.006037 0.007957
9 0.577120 0.078453 0.014488 0.006047
5 0.531392 0.060630 0.002113 0.006047
5 0.529128 0.060471 0.003622 0.005729
5 0.529429 0.065722 0.003018 0.004774
5 0.531241 0.065086 0.003018 0.006047
5 0.488228 0.055060 0.005131 0.005092
5 0.488681 0.058084 0.004226 0.004137
5 0.488379 0.062222 0.004226 0.004137
5 0.488228 0.065404 0.005131 0.004774
5 0.371868 0.067314 0.005433 0.002228
5 0.383187 0.068109 0.004528 0.002546
5 0.424540 0.073361 0.004528 0.002864
5 0.334138 0.066041 0.006037 0.003501
9 0.294295 0.089593 0.006641 0.009230
9 0.290975 0.088001 0.007848 0.010503
9 0.284787 0.086887 0.005735 0.007002
9 0.278901 0.088001 0.005433 0.008593
5 0.278449 0.104551 0.006942 0.004774
5 0.267582 0.128262 0.005131 0.003183
9 0.211893 0.177435 0.007848 0.009230
5 0.009810 0.007638 0.004528 0.004456
9 0.029279 0.098504 0.006641 0.009230
5 0.039994 0.066041 0.004528 0.004774
5 0.038334 0.070178 0.004829 0.004774
5 0.154090 0.098027 0.003924 0.007002
5 0.143224 0.137810 0.005131 0.008275
5 0.122548 0.126989 0.005433 0.007638
5 0.139300 0.173297 0.005735 0.007320
5 0.129188 0.170751 0.004829 0.006047
5 0.138243 0.189529 0.003622 0.005411
5 0.121944 0.199236 0.005433 0.006365
5 0.121642 0.210057 0.004829 0.006365
5 0.028222 0.230904 0.006339 0.004774
9 0.003471 0.226289 0.006942 0.008912
5 0.006641 0.547263 0.005433 0.006047
5 0.003018 0.580204 0.005433 0.005092
9 0.005282 0.533896 0.010564 0.006047
5 0.037277 0.507161 0.004528 0.006684
5 0.041352 0.508593 0.004226 0.005092
5 0.002566 0.601846 0.005131 0.005729
5 0.022487 0.719446 0.006942 0.004137
5 0.032448 0.786601 0.009357 0.006684
5 0.037730 0.782623 0.006641 0.005092
5 0.043767 0.781349 0.006641 0.003183
9 0.037428 0.797263 0.009055 0.005729
5 0.051766 0.806015 0.006942 0.006047
9 0.060066 0.805379 0.010866 0.004774
5 0.083761 0.890356 0.003320 0.007320
5 0.123302 0.897836 0.005735 0.004456
5 0.129943 0.900382 0.009357 0.005729
5 0.128584 0.892107 0.005433 0.007638
48 0.075158 0.206556 0.024751 0.016550
48 0.058255 0.205283 0.016903 0.016550
48 0.038334 0.191916 0.043465 0.042648
48 0.086176 0.185869 0.011772 0.014640
9 0.044974 0.093571 0.011470 0.008912
5 0.081346 0.115054 0.004528 0.004137
5 0.086025 0.125080 0.005433 0.003819
5 0.321008 0.116645 0.003320 0.004774
9 0.403109 0.135582 0.009357 0.003819
9 0.391186 0.134309 0.006641 0.003183
9 0.426653 0.135742 0.008150 0.003501
5 0.485813 0.129694 0.002717 0.005411
9 0.478418 0.072884 0.007848 0.003183
5 0.571838 0.043762 0.003320 0.002228
5 0.707063 0.088320 0.005735 0.003501
9 0.728041 0.087524 0.008452 0.003819
5 0.884093 0.023552 0.006037 0.004456
48 0.092514 0.006684 0.019620 0.013367
48 0.085572 0.059675 0.038938 0.025780
48 0.067763 0.049332 0.009961 0.008912
48 0.066556 0.057288 0.025657 0.017823
48 0.112889 0.079408 0.033806 0.014959
48 0.113040 0.101528 0.012979 0.011458
48 0.111681 0.109962 0.009055 0.009866
48 0.107003 0.117282 0.011772 0.016868
48 0.415183 0.049491 0.022638 0.037874
48 0.452158 0.429185 0.016903 0.014959
48 0.437972 0.430936 0.016299 0.014004
48 0.439028 0.442712 0.016601 0.013367
48 0.443858 0.465945 0.037730 0.023552
48 0.423181 0.455283 0.015092 0.026416
48 0.425294 0.439529 0.013885 0.015277
48 0.408240 0.458784 0.019016 0.017505
48 0.415032 0.446372 0.006641 0.009230
48 0.621944 0.158657 0.012979 0.009230
48 0.629943 0.164067 0.014488 0.020051
48 0.638998 0.162794 0.012677 0.020051
48 0.640205 0.175207 0.025355 0.009230
48 0.650921 0.170910 0.007546 0.009548
48 0.647751 0.163272 0.013281 0.016550
48 0.672502 0.166136 0.015092 0.022915
48 0.682765 0.169160 0.016299 0.023870
48 0.695593 0.161203 0.017809 0.007320
48 0.693178 0.169796 0.011168 0.014322
48 0.004829 0.505888 0.009659 0.024507
48 0.014187 0.511139 0.020525 0.014640
48 0.008753 0.517982 0.010263 0.012412
48 0.025958 0.489020 0.009659 0.009866
48 0.025355 0.482336 0.011470 0.007957
48 0.028373 0.477721 0.010866 0.006365
48 0.014337 0.479153 0.023242 0.026416
48 0.028071 0.470401 0.013885 0.011458
48 0.002113 0.484087 0.004226 0.012094
48 0.002867 0.476766 0.005735 0.010821
48 0.004226 0.470083 0.008452 0.012094
48 0.008150 0.462126 0.007848 0.006365
48 0.017809 0.460535 0.015092 0.015277
48 0.004679 0.455124 0.009357 0.010821
48 0.001358 0.454169 0.002717 0.015277
48 0.031090 0.454169 0.016903 0.008912
48 0.027618 0.442871 0.024449 0.018141
48 0.006188 0.442234 0.012375 0.018778
48 0.033353 0.430458 0.017809 0.013686
48 0.014488 0.427753 0.028977 0.021006
48 0.000453 0.423456 0.000906 0.015595
48 0.003622 0.402928 0.007244 0.012731
48 0.004075 0.410248 0.008150 0.015277
48 0.011168 0.415977 0.010866 0.013367
48 0.010263 0.406111 0.013281 0.017823
48 0.020827 0.418842 0.012074 0.012731
48 0.019318 0.407225 0.014488 0.017505
48 0.035165 0.413590 0.025053 0.024507
48 0.043163 0.387810 0.018714 0.014959
48 0.032146 0.384309 0.017809 0.013686
48 0.047087 0.375239 0.007848 0.019096
48 0.041201 0.372852 0.008753 0.016868
48 0.022789 0.381922 0.011772 0.012731
48 0.024751 0.373488 0.011470 0.009866
48 0.025958 0.365054 0.009055 0.011458
48 0.017205 0.378899 0.012074 0.017505
48 0.011772 0.377307 0.017507 0.023234
48 0.006641 0.375080 0.013281 0.020687
48 0.007244 0.367123 0.014488 0.011776
48 0.017507 0.362190 0.013281 0.009548
48 0.008150 0.358370 0.015696 0.013367
48 0.041956 0.351687 0.024751 0.027371
48 0.027166 0.343889 0.011470 0.013049
48 0.025657 0.351846 0.015696 0.013686
48 0.019167 0.353119 0.011772 0.014959
48 0.019771 0.343253 0.009961 0.014959
48 0.009508 0.341343 0.018412 0.014959
48 0.013583 0.349618 0.007244 0.008593
48 0.004075 0.348822 0.008150 0.008275
48 0.067462 0.252546 0.022638 0.018778
48 0.063990 0.260344 0.021129 0.016550
48 0.062934 0.266550 0.027468 0.016232
48 0.059010 0.284373 0.015394 0.007320
48 0.055690 0.275143 0.028071 0.013049
48 0.043918 0.249204 0.035919 0.020369
48 0.025958 0.263686 0.022940 0.028326
48 0.000906 0.291057 0.001811 0.011139
48 0.075460 0.177116 0.039843 0.020051
48 0.084666 0.168523 0.025657 0.014322
48 0.068669 0.164067 0.020223 0.016868
48 0.077724 0.157066 0.037126 0.020687
48 0.092665 0.143221 0.025355 0.022279
48 0.044673 0.164704 0.031995 0.016868
48 0.049502 0.154201 0.036825 0.020051
48 0.050106 0.146563 0.028373 0.013049
48 0.055086 0.140197 0.039541 0.016232
48 0.056746 0.131127 0.025355 0.017187
48 0.064745 0.125398 0.035919 0.015913
48 0.011168 0.194940 0.018110 0.016232
48 0.002717 0.191598 0.005433 0.015277
48 0.014639 0.176957 0.027468 0.031190
48 0.007244 0.169319 0.014488 0.027371
48 0.019469 0.160885 0.022638 0.024507
48 0.010564 0.153246 0.010866 0.014322
48 0.020978 0.148313 0.029279 0.024825
48 0.027618 0.133514 0.029279 0.021324
48 0.041956 0.127944 0.012074 0.013367
48 0.028373 0.120306 0.021733 0.017187
48 0.042711 0.120465 0.012979 0.011776
48 0.046634 0.112826 0.019016 0.016868
48 0.034410 0.106302 0.018110 0.019096
48 0.002415 0.005411 0.004829 0.010821
48 0.053577 0.014163 0.023845 0.022597
48 0.044974 0.011139 0.019318 0.017823
48 0.033353 0.008912 0.026260 0.017823
48 0.052671 0.026416 0.014187 0.011458
48 0.039692 0.020528 0.011772 0.015595
48 0.047389 0.031827 0.022336 0.014640
48 0.029882 0.022756 0.013885 0.011776
48 0.023091 0.015754 0.018412 0.013686
48 0.016601 0.023234 0.017507 0.017187
48 0.023091 0.030554 0.013583 0.014004
48 0.032599 0.035964 0.016903 0.014640
48 0.043012 0.040261 0.014790 0.011139
48 0.038636 0.046308 0.019922 0.016232
48 0.028524 0.042966 0.012375 0.010821
48 0.017809 0.039784 0.018110 0.012731
48 0.011017 0.033896 0.011168 0.009866
48 0.007244 0.041534 0.014488 0.013686
48 0.015394 0.046945 0.013281 0.013686
48 0.023996 0.049650 0.013583 0.012731
48 0.033504 0.052833 0.018110 0.015913
48 0.031542 0.062699 0.014790 0.015913
48 0.017809 0.058721 0.018110 0.016868
48 0.005282 0.051400 0.010564 0.013686
48 0.007848 0.062699 0.009659 0.009548
48 0.014337 0.068587 0.011772 0.010503
48 0.024449 0.073679 0.016903 0.013049
48 0.013130 0.092775 0.026260 0.026416
48 0.009206 0.109007 0.018412 0.035328
48 0.100966 0.012890 0.012375 0.013049
48 0.109116 0.016550 0.016601 0.017823
48 0.118775 0.020528 0.014187 0.013049
48 0.113643 0.030713 0.019620 0.018778
48 0.105192 0.024029 0.011772 0.012412
48 0.101871 0.031986 0.013583 0.009230
48 0.098098 0.035964 0.016299 0.014004
48 0.091760 0.026735 0.012074 0.009548
48 0.097042 0.019733 0.009357 0.008912
48 0.087534 0.015913 0.022336 0.014640
48 0.081195 0.021801 0.011470 0.009230
48 0.082101 0.029281 0.020525 0.015277
48 0.086779 0.040420 0.015998 0.011458
48 0.073800 0.036283 0.020827 0.013367
48 0.204648 0.073043 0.023544 0.020051
48 0.228041 0.076544 0.031693 0.021961
48 0.187292 0.086569 0.029279 0.026735
48 0.205554 0.093412 0.021129 0.018778
48 0.227890 0.105506 0.042258 0.042330
48 0.266073 0.079885 0.013583 0.017187
48 0.097947 0.115054 0.017205 0.016868
48 0.081950 0.097549 0.013583 0.028326
48 0.073951 0.092457 0.017507 0.033418
48 0.068820 0.088320 0.018110 0.031509
48 0.059614 0.085296 0.015998 0.026735
48 0.048144 0.087683 0.016601 0.016232
48 0.051313 0.083068 0.015696 0.014640
48 0.051917 0.076225 0.016299 0.017505
48 0.092665 0.102005 0.027769 0.027689
48 0.106701 0.088320 0.040749 0.020687
48 0.089194 0.074157 0.018412 0.013367
48 0.075309 0.070656 0.019016 0.012731
48 0.063990 0.068587 0.013281 0.013686
48 0.057803 0.067155 0.015998 0.016550
48 0.117416 0.585933 0.015696 0.016550
48 0.102173 0.582909 0.029279 0.022597
48 0.083157 0.574952 0.034712 0.021961
48 0.064745 0.556970 0.019620 0.023552
48 0.302445 0.114577 0.036221 0.030554
48 0.273619 0.118396 0.029882 0.015277
48 0.195895 0.114895 0.035617 0.026735
48 0.182916 0.136696 0.031391 0.038511
48 0.200724 0.144971 0.025958 0.026416
48 0.182312 0.156111 0.018110 0.015595
48 0.197706 0.158020 0.025355 0.021961
48 0.193027 0.167568 0.014187 0.011776
48 0.181558 0.171069 0.018412 0.013049
48 0.159825 0.178867 0.032297 0.023552
48 0.190764 0.183641 0.033806 0.015913
48 0.177935 0.194940 0.018412 0.016868
48 0.192575 0.194303 0.019318 0.018141
48 0.187896 0.209898 0.022638 0.011776
48 0.174615 0.214672 0.011168 0.020051
48 0.187594 0.221356 0.014187 0.011139
48 0.185783 0.230108 0.012375 0.018460
48 0.175219 0.228994 0.019016 0.014959
48 0.162542 0.210694 0.015998 0.052833
48 0.145940 0.222788 0.020223 0.028008
48 0.142016 0.205442 0.013583 0.018778
48 0.150166 0.196531 0.014187 0.031509
48 0.221853 0.196690 0.022940 0.076384
48 0.278599 0.236633 0.025958 0.026416
48 0.255056 0.218332 0.024147 0.017187
48 0.254603 0.203215 0.021431 0.018778
48 0.273770 0.204169 0.028373 0.020687
48 0.294748 0.203374 0.022034 0.016550
48 0.305312 0.194621 0.020223 0.015595
48 0.299879 0.237906 0.015998 0.011139
48 0.302596 0.245067 0.009961 0.010185
48 0.248717 0.177276 0.020525 0.025461
48 0.295653 0.156588 0.015394 0.011458
48 0.269393 0.155792 0.043163 0.021324
48 0.300483 0.144494 0.012979 0.010185
48 0.310595 0.143380 0.015092 0.007320
48 0.314820 0.148472 0.005433 0.006684
48 0.145638 0.352801 0.026260 0.029599
48 0.137640 0.397677 0.038636 0.028962
48 0.173861 0.411203 0.021733 0.025461
48 0.185029 0.411521 0.017507 0.021642
48 0.199668 0.409293 0.026260 0.036919
48 0.182161 0.393221 0.034108 0.026416
48 0.185783 0.370783 0.020827 0.029917
48 0.202083 0.391789 0.022034 0.010185
48 0.204196 0.386696 0.014790 0.009548
48 0.205252 0.381922 0.026562 0.014640
48 0.216420 0.403087 0.022336 0.051241
48 0.234832 0.407702 0.035617 0.053469
48 0.232116 0.377944 0.028977 0.030872
48 0.232267 0.358848 0.025053 0.016868
48 0.246906 0.362031 0.019922 0.029599
48 0.245548 0.385582 0.017205 0.030236
48 0.259131 0.362190 0.011772 0.021006
48 0.256565 0.392107 0.022940 0.054742
48 0.262149 0.424729 0.013583 0.018778
48 0.282825 0.433641 0.009055 0.014322
48 0.280863 0.417568 0.011168 0.019733
48 0.281618 0.402292 0.007848 0.012731
48 0.268941 0.400700 0.021129 0.015277
48 0.267733 0.373170 0.014488 0.041057
48 0.280712 0.383355 0.010866 0.037237
48 0.276487 0.371260 0.016299 0.051241
48 0.287806 0.359325 0.011168 0.014004
48 0.289164 0.380490 0.013281 0.045512
48 0.290975 0.421865 0.013281 0.042966
48 0.297012 0.438733 0.013281 0.013049
48 0.297615 0.427276 0.009659 0.016232
48 0.298068 0.410407 0.014187 0.025780
48 0.297766 0.387174 0.014187 0.030236
48 0.306973 0.361394 0.010866 0.018141
48 0.316933 0.362349 0.018110 0.013686
48 0.306218 0.376353 0.009357 0.010503
48 0.312104 0.373488 0.005433 0.019414
48 0.318593 0.375557 0.013583 0.014640
48 0.304709 0.384787 0.013583 0.010185
48 0.315877 0.385105 0.017205 0.008912
48 0.305011 0.390197 0.007546 0.009548
48 0.311047 0.390675 0.011772 0.009866
48 0.319348 0.392107 0.010866 0.008912
48 0.321159 0.399109 0.019318 0.007638
48 0.306671 0.400064 0.013885 0.012094
48 0.307425 0.404201 0.014187 0.008275
48 0.320857 0.404838 0.018714 0.010185
48 0.306671 0.411362 0.010263 0.013686
48 0.319650 0.410726 0.010263 0.009230
48 0.317235 0.418046 0.018714 0.009866
48 0.324932 0.412476 0.004528 0.008275
48 0.318442 0.424889 0.011470 0.008275
48 0.310595 0.432209 0.018714 0.012731
48 0.314066 0.442393 0.023845 0.014004
48 0.340930 0.367919 0.012979 0.021006
48 0.349381 0.362508 0.011772 0.009548
48 0.348627 0.371260 0.010866 0.018141
48 0.355267 0.362508 0.007848 0.010185
48 0.357078 0.371101 0.011470 0.010185
48 0.369454 0.368714 0.017507 0.016232
48 0.384093 0.364577 0.023242 0.013686
48 0.384848 0.374443 0.020525 0.014322
48 0.390432 0.384787 0.008150 0.014640
48 0.382131 0.384946 0.010866 0.011776
48 0.372321 0.381922 0.013583 0.012731
48 0.383942 0.394176 0.022336 0.014322
48 0.369001 0.393539 0.013583 0.015595
48 0.359342 0.382877 0.011168 0.007638
48 0.357682 0.386856 0.015092 0.004774
48 0.348325 0.386219 0.009659 0.006047
48 0.340628 0.383355 0.008753 0.010503
48 0.359191 0.396881 0.013281 0.007002
48 0.352400 0.396563 0.007546 0.009548
48 0.346967 0.394494 0.005131 0.010503
48 0.340477 0.394812 0.008452 0.007320
48 0.385300 0.403246 0.012375 0.007002
48 0.384848 0.409134 0.013281 0.007320
48 0.373830 0.405156 0.014187 0.013367
48 0.364624 0.402928 0.013885 0.007002
48 0.365379 0.408816 0.012979 0.008593
48 0.357078 0.401655 0.008452 0.004456
48 0.354965 0.408020 0.011470 0.008912
48 0.386508 0.414545 0.014187 0.011776
48 0.380320 0.418046 0.006641 0.007957
48 0.373830 0.415341 0.013583 0.010821
48 0.362813 0.413749 0.015696 0.012094
48 0.351343 0.414863 0.013885 0.011139
48 0.340326 0.410248 0.012375 0.014004
48 0.348174 0.401337 0.012375 0.007638
48 0.340024 0.402132 0.012979 0.009866
48 0.349532 0.408020 0.010866 0.007638
48 0.341232 0.422183 0.012979 0.008593
48 0.350740 0.422024 0.014488 0.007638
48 0.361002 0.422183 0.014488 0.011139
48 0.372019 0.424252 0.014187 0.010821
48 0.384244 0.424570 0.015696 0.010821
48 0.384848 0.434596 0.010866 0.010503
48 0.375189 0.433164 0.013885 0.010821
48 0.359795 0.434437 0.013281 0.018460
48 0.350589 0.427276 0.011168 0.005411
48 0.346816 0.432209 0.019922 0.015277
48 0.340930 0.439688 0.019016 0.007957
48 0.343797 0.445417 0.013885 0.007957
48 0.341232 0.450509 0.016601 0.011776
48 0.351947 0.446531 0.013281 0.019733
48 0.382433 0.451146 0.021129 0.025780
48 0.410353 0.366645 0.008753 0.012731
48 0.418956 0.367600 0.014488 0.014640
48 0.430878 0.367919 0.012979 0.010821
48 0.431029 0.376193 0.013281 0.014640
48 0.439783 0.372852 0.009659 0.025780
48 0.447329 0.369351 0.010866 0.014322
48 0.457591 0.369510 0.017507 0.011458
48 0.458346 0.376034 0.017205 0.016232
48 0.446574 0.378421 0.012375 0.010185
48 0.455026 0.384787 0.018412 0.007638
48 0.449743 0.386856 0.028373 0.009866
48 0.457440 0.394971 0.011772 0.013367
48 0.449140 0.392107 0.010263 0.007002
48 0.447027 0.398631 0.010866 0.013686
48 0.438123 0.394176 0.015394 0.020687
48 0.450498 0.403246 0.019016 0.005729
48 0.441443 0.413272 0.024449 0.020687
48 0.407486 0.445099 0.011470 0.009866
48 0.415032 0.440802 0.007848 0.007638
48 0.408542 0.437301 0.013583 0.012094
48 0.425445 0.428390 0.010564 0.014004
48 0.413372 0.428390 0.020223 0.015913
48 0.424540 0.418046 0.012979 0.010503
48 0.420163 0.408657 0.020525 0.012731
48 0.409900 0.408339 0.009659 0.012094
48 0.413673 0.400700 0.012979 0.005092
48 0.410353 0.395608 0.016601 0.008912
48 0.428313 0.397518 0.021129 0.012731
48 0.422729 0.391152 0.032901 0.005729
48 0.430124 0.386537 0.011470 0.008593
48 0.416843 0.385901 0.017507 0.007957
48 0.420616 0.377467 0.009961 0.007002
48 0.412013 0.378262 0.012677 0.009230
48 0.231965 0.152928 0.035315 0.038511
48 0.105041 0.442393 0.028977 0.047740
48 0.123453 0.435551 0.023544 0.037237
48 0.140507 0.436665 0.028675 0.028008
48 0.136583 0.452419 0.021431 0.013686
48 0.131150 0.461489 0.037730 0.022915
48 0.130094 0.476289 0.023544 0.013686
48 0.116209 0.471674 0.015092 0.018460
48 0.126321 0.503819 0.023845 0.015913
48 0.128433 0.492998 0.016601 0.011458
48 0.129641 0.485678 0.019620 0.010821
48 0.117265 0.492521 0.015998 0.021324
48 0.116662 0.480108 0.016601 0.013686
48 0.108512 0.495544 0.012375 0.021006
48 0.100815 0.491407 0.015696 0.026098
48 0.170993 0.436505 0.023845 0.014959
48 0.186538 0.440006 0.019318 0.014959
48 0.209327 0.442712 0.046785 0.026098
48 0.174162 0.449554 0.013281 0.007320
48 0.209025 0.455761 0.044371 0.021642
48 0.181708 0.449236 0.013885 0.026416
48 0.188953 0.452260 0.017507 0.025461
48 0.168729 0.455602 0.022336 0.014322
48 0.175521 0.466900 0.034712 0.014640
48 0.207214 0.467377 0.044371 0.021324
48 0.206912 0.478517 0.042560 0.020687
48 0.204497 0.490293 0.041956 0.023870
48 0.199064 0.503819 0.054030 0.038192
48 0.169031 0.480108 0.032599 0.016868
48 0.162089 0.485996 0.014488 0.007638
48 0.170993 0.490611 0.020827 0.013049
48 0.158467 0.496499 0.015092 0.019096
48 0.169484 0.501114 0.020827 0.021324
48 0.230758 0.487588 0.023845 0.019096
48 0.232267 0.469446 0.012375 0.019096
48 0.235285 0.454488 0.018412 0.020369
48 0.247510 0.461808 0.026562 0.047104
48 0.242982 0.496181 0.015092 0.015913
48 0.238605 0.512890 0.020827 0.032782
48 0.258376 0.463399 0.016903 0.030554
48 0.255056 0.479631 0.013885 0.017187
48 0.265168 0.479631 0.015998 0.021642
48 0.266375 0.463081 0.015394 0.016550
48 0.269242 0.453692 0.011470 0.009866
48 0.279505 0.456556 0.013885 0.009866
48 0.275430 0.462285 0.014187 0.013049
48 0.274223 0.470878 0.009961 0.012412
48 0.273921 0.483291 0.018412 0.020051
48 0.262602 0.496499 0.033203 0.029281
48 0.268790 0.525143 0.015394 0.014004
48 0.269997 0.515277 0.011168 0.010185
48 0.252037 0.517187 0.029580 0.021642
48 0.288711 0.514322 0.032901 0.054106
48 0.312255 0.517187 0.038334 0.054106
48 0.303350 0.485996 0.033806 0.030554
48 0.292937 0.478199 0.008150 0.016232
48 0.314669 0.469764 0.026864 0.023552
48 0.303200 0.466582 0.015998 0.020369
48 0.295955 0.466423 0.012375 0.012412
48 0.297917 0.459739 0.010866 0.007320
48 0.376698 0.503342 0.010866 0.022597
48 0.381829 0.502387 0.013281 0.018778
48 0.376547 0.486792 0.015394 0.016868
48 0.383640 0.487110 0.012074 0.020051
48 0.517054 0.397518 0.137036 0.125398
48 0.581497 0.382718 0.048596 0.048059
48 0.370661 0.551241 0.049502 0.047104
48 0.092363 0.524507 0.017507 0.013367
48 0.080441 0.522279 0.019016 0.020369
48 0.102324 0.527053 0.015696 0.021642
48 0.113341 0.528167 0.014187 0.015595
48 0.125566 0.531509 0.019318 0.025461
48 0.112134 0.536919 0.019016 0.014640
48 0.121793 0.548854 0.018412 0.020687
48 0.106550 0.546785 0.036221 0.033100
48 0.089043 0.538033 0.021129 0.014322
48 0.085270 0.550605 0.022034 0.016550
48 0.072744 0.538829 0.025958 0.032463
48 0.108814 0.567632 0.041352 0.027689
48 0.159976 0.538192 0.053728 0.033100
48 0.157561 0.580840 0.063387 0.035646
48 0.204648 0.568110 0.089345 0.068109
48 0.270752 0.567155 0.067009 0.059834
48 0.194235 0.303469 0.022638 0.032145
48 0.205403 0.303947 0.023845 0.031190
48 0.218231 0.306015 0.015696 0.030236
48 0.227136 0.282145 0.021431 0.028326
48 0.237398 0.278008 0.011772 0.023234
48 0.235436 0.291216 0.012074 0.014004
48 0.241624 0.309039 0.027468 0.028008
48 0.245548 0.290738 0.011772 0.014959
48 0.246453 0.280395 0.010564 0.017187
48 0.254150 0.280554 0.009659 0.014959
48 0.250981 0.290738 0.012979 0.016232
48 0.249774 0.306811 0.011168 0.029917
48 0.258074 0.306174 0.015092 0.028644
48 0.260791 0.284691 0.014488 0.020051
48 0.267733 0.285010 0.011470 0.023234
48 0.265620 0.309357 0.016903 0.028008
48 0.276788 0.314290 0.010263 0.015595
48 0.276487 0.303787 0.011470 0.018141
48 0.276939 0.287078 0.012979 0.022915
48 0.286447 0.291216 0.018714 0.028008
48 0.289617 0.307766 0.018412 0.020369
48 0.304407 0.298218 0.035315 0.043921
48 0.338666 0.319223 0.010866 0.017823
48 0.347117 0.325111 0.013281 0.015595
48 0.346061 0.314449 0.014187 0.014640
48 0.342288 0.303947 0.021733 0.012094
48 0.339270 0.292807 0.015696 0.015913
48 0.351947 0.293285 0.012074 0.016868
48 0.351645 0.282463 0.015696 0.020687
48 0.338968 0.281190 0.018714 0.018141
48 0.358889 0.320178 0.021129 0.023552
48 0.359795 0.306811 0.015696 0.015913
48 0.359946 0.295990 0.015998 0.018460
48 0.360700 0.282463 0.020525 0.023234
48 0.373529 0.315404 0.017809 0.012731
48 0.388017 0.319860 0.015998 0.022279
48 0.389979 0.303151 0.015092 0.013049
48 0.373830 0.307447 0.026864 0.014640
48 0.370208 0.296467 0.012375 0.007957
48 0.379565 0.298218 0.014187 0.010821
48 0.370812 0.291375 0.013583 0.011139
48 0.372321 0.282941 0.010564 0.007638
48 0.384848 0.279122 0.031995 0.008912
48 0.392846 0.283736 0.016601 0.016232
48 0.381678 0.284850 0.014790 0.008912
48 0.394808 0.295353 0.016903 0.017823
48 0.444310 0.321929 0.048295 0.027689
48 0.414730 0.325271 0.013885 0.015277
48 0.416994 0.313495 0.019620 0.020369
48 0.431029 0.305060 0.020525 0.013686
48 0.418201 0.292489 0.015998 0.032463
48 0.431180 0.289465 0.022638 0.022597
48 0.444763 0.295990 0.015998 0.029917
48 0.457440 0.294398 0.029882 0.035010
48 0.486115 0.331636 0.028071 0.018460
48 0.487474 0.319383 0.018110 0.013049
48 0.482493 0.311585 0.015998 0.015277
48 0.485361 0.298377 0.016299 0.025780
48 0.497133 0.290261 0.016903 0.015277
48 0.496529 0.300764 0.019318 0.015913
48 0.498038 0.312540 0.014488 0.012731
48 0.503471 0.325748 0.021733 0.029599
48 0.517205 0.327976 0.026260 0.026416
48 0.516299 0.310312 0.020223 0.016550
48 0.514790 0.295035 0.019620 0.019096
48 0.528071 0.296467 0.013583 0.011139
48 0.529279 0.306334 0.014790 0.009866
48 0.529429 0.312222 0.015696 0.015913
48 0.529731 0.322724 0.023544 0.017187
48 0.530184 0.332113 0.025657 0.017505
48 0.541654 0.299332 0.023845 0.021961
48 0.543616 0.311108 0.022336 0.018141
48 0.548446 0.327021 0.027166 0.030236
48 0.566103 0.335137 0.015394 0.018460
48 0.562632 0.324634 0.019318 0.017823
48 0.562934 0.316677 0.023544 0.015277
48 0.562028 0.303787 0.027769 0.027689
48 0.584968 0.333705 0.018714 0.030236
48 0.597646 0.337046 0.015696 0.017187
48 0.607908 0.331158 0.022336 0.025780
48 0.621189 0.335137 0.022940 0.024188
48 0.641714 0.335933 0.024147 0.025780
48 0.642771 0.310948 0.020827 0.029281
48 0.631150 0.312062 0.011470 0.022597
48 0.621642 0.305379 0.019016 0.014322
48 0.618624 0.316359 0.019620 0.015277
48 0.605795 0.304424 0.021129 0.015595
48 0.602928 0.317632 0.021431 0.015277
48 0.669484 0.336887 0.029580 0.020687
48 0.667522 0.325907 0.035919 0.015913
48 0.672955 0.311585 0.031090 0.023552
48 0.697857 0.312381 0.032599 0.014959
48 0.695895 0.320815 0.018412 0.018460
48 0.693631 0.328294 0.027769 0.022597
48 0.307123 0.173138 0.020827 0.037556
48 0.309085 0.210216 0.023544 0.051878
48 0.422427 0.259389 0.016601 0.014004
48 0.419559 0.250318 0.011470 0.014322
48 0.420616 0.242839 0.014187 0.007002
48 0.439632 0.248568 0.033504 0.038192
48 0.465137 0.250318 0.010866 0.009866
48 0.458950 0.258752 0.022638 0.017823
48 0.418654 0.233450 0.010263 0.010503
48 0.423634 0.225493 0.010564 0.012412
48 0.417145 0.225175 0.009659 0.008593
48 0.420012 0.218810 0.010564 0.005411
48 0.418956 0.216264 0.010263 0.006047
48 0.431331 0.217377 0.025958 0.008275
48 0.417748 0.207352 0.007244 0.006684
48 0.426049 0.209580 0.015998 0.010503
48 0.439934 0.211171 0.012375 0.012412
48 0.463779 0.225016 0.018412 0.014640
48 0.462874 0.214672 0.014187 0.011139
48 0.450649 0.206556 0.012074 0.009548
48 0.442952 0.200668 0.016601 0.016232
48 0.430426 0.203533 0.012074 0.009230
48 0.422729 0.201623 0.011772 0.007957
48 0.426049 0.196053 0.019016 0.010185
48 0.464835 0.196849 0.027166 0.017505
48 0.462270 0.187778 0.023242 0.009548
48 0.471325 0.180458 0.012375 0.010185
48 0.465137 0.173138 0.012677 0.012094
48 0.456988 0.177912 0.015092 0.011458
48 0.450196 0.173616 0.022034 0.016868
48 0.446121 0.185869 0.010866 0.017823
48 0.437821 0.184437 0.014790 0.018778
48 0.426653 0.179026 0.014187 0.009230
48 0.426200 0.173456 0.013281 0.007638
48 0.422125 0.166295 0.011168 0.009230
48 0.431029 0.169637 0.007848 0.005092
48 0.436613 0.165818 0.011772 0.024188
48 0.430124 0.161999 0.011470 0.021006
48 0.422729 0.160248 0.008150 0.005411
48 0.421219 0.154838 0.010564 0.008593
48 0.425898 0.148631 0.019318 0.012094
48 0.438575 0.150223 0.011470 0.009548
48 0.447027 0.156588 0.012074 0.021642
48 0.456837 0.163113 0.016601 0.011139
48 0.462874 0.154201 0.024449 0.014959
48 0.494869 0.155792 0.017809 0.021324
48 0.489285 0.168364 0.009659 0.008275
48 0.497283 0.169319 0.013583 0.010185
48 0.504980 0.168364 0.010866 0.019096
48 0.514337 0.157702 0.012677 0.032145
48 0.513432 0.175525 0.009659 0.015595
48 0.488077 0.186505 0.016903 0.013367
48 0.500453 0.186824 0.021129 0.015913
48 0.513885 0.188892 0.011772 0.012412
48 0.488832 0.196372 0.015998 0.013367
48 0.507244 0.198122 0.023845 0.013686
48 0.488681 0.205283 0.013281 0.010185
48 0.499396 0.206238 0.012979 0.010821
48 0.509810 0.206397 0.016299 0.011776
48 0.519620 0.205761 0.011168 0.009230
48 0.526562 0.191598 0.025053 0.026735
48 0.493963 0.215786 0.029882 0.014640
48 0.509357 0.217696 0.009357 0.016550
48 0.502113 0.221674 0.008753 0.007957
48 0.489737 0.223425 0.019620 0.014004
48 0.490341 0.232018 0.018412 0.007638
48 0.504829 0.229949 0.014790 0.012412
48 0.486870 0.235519 0.015696 0.009548
48 0.497887 0.235678 0.024449 0.008593
48 0.489436 0.242839 0.012979 0.012731
48 0.485059 0.259707 0.010263 0.016550
48 0.509357 0.243635 0.014187 0.023870
48 0.507093 0.258434 0.016903 0.024825
48 0.517809 0.214831 0.012979 0.010185
48 0.519771 0.223743 0.022940 0.012094
48 0.516752 0.230904 0.011470 0.012412
48 0.521883 0.237428 0.012677 0.011458
48 0.520978 0.244908 0.012677 0.013686
48 0.522034 0.255251 0.010564 0.013367
48 0.519469 0.265277 0.018110 0.018141
48 0.529279 0.259866 0.017809 0.029599
48 0.537277 0.243794 0.021129 0.018460
48 0.531392 0.235201 0.009961 0.005729
48 0.544371 0.226926 0.047993 0.016550
48 0.555690 0.216264 0.020525 0.013686
48 0.531392 0.217377 0.035315 0.007002
48 0.557048 0.241088 0.020223 0.016232
48 0.554784 0.253501 0.023544 0.009866
48 0.552219 0.259866 0.014790 0.011139
48 0.559614 0.268300 0.015696 0.015913
48 0.549351 0.266709 0.015696 0.016550
48 0.539239 0.264163 0.015998 0.019096
48 0.585119 0.262572 0.015998 0.029281
48 0.592212 0.275143 0.009659 0.006684
48 0.599909 0.274029 0.009961 0.010821
48 0.594325 0.260025 0.006641 0.019733
48 0.599759 0.257798 0.009055 0.021642
48 0.603079 0.263367 0.011470 0.024507
48 0.611681 0.262094 0.012375 0.038511
48 0.621642 0.266550 0.015394 0.030872
48 0.632810 0.273870 0.024449 0.020687
48 0.646846 0.272915 0.014488 0.020051
48 0.636734 0.261617 0.029882 0.012731
48 0.632659 0.254137 0.015092 0.010503
48 0.643978 0.255251 0.017205 0.012731
48 0.622849 0.246499 0.016601 0.009866
48 0.636885 0.247454 0.011470 0.010503
48 0.646393 0.241088 0.012979 0.012412
48 0.632961 0.238383 0.013281 0.007002
48 0.622548 0.238701 0.011168 0.010821
48 0.616813 0.238065 0.006339 0.008912
48 0.610474 0.241725 0.010564 0.004774
48 0.608059 0.237428 0.007546 0.005092
48 0.641262 0.228994 0.022638 0.013049
48 0.607154 0.229313 0.022638 0.012412
48 0.587232 0.229153 0.027468 0.015913
48 0.597193 0.207511 0.044974 0.032463
48 0.623604 0.224857 0.015696 0.020051
48 0.634621 0.219446 0.014187 0.010503
48 0.645789 0.220719 0.013583 0.008593
48 0.645186 0.213240 0.015394 0.008275
48 0.645487 0.205761 0.014187 0.009866
48 0.628735 0.212922 0.019922 0.007638
48 0.628886 0.205761 0.025657 0.011139
48 0.627830 0.197008 0.028373 0.009548
48 0.636734 0.187619 0.034712 0.018141
48 0.616209 0.186505 0.006942 0.010821
48 0.606248 0.183004 0.012375 0.005092
48 0.615152 0.175048 0.008452 0.016550
48 0.621642 0.170910 0.011772 0.024188
48 0.626471 0.178071 0.014790 0.008593
48 0.609568 0.175843 0.009357 0.010503
48 0.605795 0.176321 0.006641 0.008912
48 0.598249 0.174729 0.010866 0.014004
48 0.599909 0.166136 0.008753 0.009548
48 0.605644 0.169160 0.006339 0.009230
48 0.595684 0.165022 0.008150 0.009866
48 0.596589 0.159293 0.005735 0.004774
48 0.595080 0.156747 0.015998 0.008593
48 0.608059 0.158816 0.009357 0.008912
48 0.609116 0.154838 0.006641 0.006047
48 0.614247 0.158816 0.007848 0.013367
48 0.702234 0.172820 0.020827 0.014004
48 0.708270 0.165977 0.012375 0.013049
48 0.719439 0.162317 0.015998 0.007638
48 0.722306 0.172024 0.010263 0.024507
48 0.715062 0.173616 0.010263 0.030872
48 0.700875 0.180299 0.025355 0.011776
48 0.677935 0.181572 0.022336 0.009230
48 0.670540 0.191757 0.017205 0.007320
48 0.680350 0.190643 0.008452 0.008275
48 0.686991 0.190802 0.022336 0.012412
48 0.704196 0.186505 0.015092 0.007638
48 0.720495 0.187778 0.008452 0.008275
5 0.186538 0.042807 0.004226 0.007320
48 0.257320 0.119510 0.014187 0.008593
9 0.911711 0.018937 0.003320 0.007957
5 0.905222 0.011458 0.004226 0.005729
5 0.928313 0.092298 0.005131 0.002546
5 0.105644 0.003819 0.004829 0.004456
5 0.110625 0.006843 0.005735 0.004137
5 0.117567 0.007638 0.005131 0.004456
5 0.993058 0.207989 0.007848 0.003501
5 0.946272 0.193189 0.008452 0.006365
5 0.929369 0.209580 0.006641 0.004774
5 0.893601 0.229313 0.006339 0.004774
11 0.896770 0.024507 0.012074 0.003819
5 0.905071 0.038988 0.002717 0.004774
5 0.868548 0.028803 0.005131 0.002228
5 0.860851 0.022438 0.003018 0.001591
5 0.841835 0.029281 0.005433 0.001910
5 0.785391 0.021006 0.004226 0.002546
6 0.756414 0.019733 0.003018 0.005092
5 0.734229 0.059516 0.002717 0.006365
5 0.730758 0.126671 0.003018 0.005729
48 0.699366 0.118714 0.012677 0.012731
9 0.452913 0.212922 0.003924 0.007002
11 0.447178 0.217696 0.007546 0.003819
11 0.411410 0.212126 0.003622 0.006684
5 0.405524 0.235678 0.002717 0.005411
5 0.405222 0.241566 0.002113 0.005092
5 0.411862 0.248409 0.002717 0.004774
5 0.405976 0.222311 0.002415 0.004137
5 0.326290 0.287237 0.003018 0.004774
11 0.174917 0.262731 0.006339 0.002864
5 0.148959 0.007798 0.003320 0.004137
5 0.033504 0.079249 0.007244 0.009548
5 0.054482 0.040738 0.003924 0.004456
5 0.062783 0.040898 0.004226 0.006047
5 0.069876 0.352164 0.002717 0.005411
6 0.039390 0.401814 0.006942 0.003501
5 0.098400 0.506843 0.006037 0.002864
5 0.106097 0.508116 0.006339 0.003501
5 0.091005 0.493475 0.002717 0.004774
5 0.089798 0.505570 0.005131 0.002864
5 0.085119 0.512094 0.004829 0.003183
5 0.103984 0.516391 0.005131 0.002864
6 0.071385 0.478358 0.003320 0.006365
6 0.178841 0.072724 0.006339 0.009866
6 0.122849 0.010821 0.005433 0.003819
5 0.131754 0.520369 0.002717 0.004456
5 0.952158 0.347708 0.005131 0.003501
9 0.952762 0.334978 0.005131 0.004774
5 0.972683 0.382081 0.003924 0.004774
6 0.811349 0.439211 0.005433 0.003819
6 0.816782 0.435710 0.006641 0.004456
6 0.817537 0.442234 0.005735 0.004137
9 0.490492 0.657543 0.004829 0.007002
5 0.493510 0.656111 0.002415 0.004137
5 0.503622 0.649905 0.002717 0.005092
5 0.508602 0.645926 0.003018 0.006047
5 0.511772 0.644494 0.003320 0.006365
6 0.561576 0.644494 0.005131 0.003819
6 0.488379 0.680458 0.006641 0.003819
6 0.484908 0.671069 0.004528 0.006684
4 0.496982 0.668523 0.003320 0.005411
6 0.500000 0.667409 0.003320 0.005729
9 0.503018 0.666773 0.004528 0.007638
9 0.504829 0.663908 0.004528 0.006365
9 0.507697 0.661999 0.004226 0.005729
5 0.613492 0.673775 0.005131 0.004456
5 0.631603 0.663749 0.005735 0.003501
5 0.569122 0.705761 0.005131 0.004137
9 0.466194 0.721038 0.006942 0.009230
6 0.445669 0.691757 0.005735 0.004137
5 0.437217 0.773870 0.005131 0.003501
48 0.207818 0.279917 0.021431 0.021324
9 0.027468 0.548377 0.006037 0.007002
2 0.640507 0.606779 0.056142 0.073520
5 0.978871 0.026416 0.005433 0.002546
5 0.990794 0.062381 0.002717 0.004456
5 0.836402 0.003024 0.003018 0.004774
5 0.872623 0.023074 0.005433 0.002864
5 0.958044 0.092775 0.005433 0.002228
5 0.813311 0.152610 0.004528 0.002228
5 0.818443 0.092298 0.005131 0.002546
5 0.825989 0.101050 0.002717 0.004137
5 0.738304 0.026735 0.002415 0.005092
5 0.797615 0.021165 0.005735 0.002864
5 0.693631 0.018778 0.004829 0.002546
5 0.711440 0.026416 0.006037 0.002546
5 0.604286 0.015118 0.004226 0.002864
5 0.644582 0.017027 0.004528 0.002864
5 0.668126 0.077658 0.002113 0.003819
5 0.699366 0.091343 0.004226 0.004456
5 0.664503 0.082272 0.003924 0.004137
5 0.681105 0.090229 0.003924 0.004774
5 0.850287 0.252228 0.004226 0.003501
5 0.883640 0.231540 0.004528 0.003501
5 0.935859 0.233450 0.004528 0.004774
5 0.872774 0.286919 0.005131 0.003501
5 0.852098 0.297581 0.004226 0.003183
5 0.845155 0.304106 0.004829 0.003501
5 0.839270 0.309994 0.004528 0.003819
5 0.818895 0.314768 0.004829 0.003819
5 0.795503 0.324316 0.005131 0.003819
5 0.823121 0.215150 0.003018 0.007002
5 0.787202 0.152610 0.005433 0.002864
5 0.741171 0.130490 0.005735 0.004456
5 0.745246 0.150064 0.004829 0.002864
5 0.729097 0.160089 0.002717 0.005092
5 0.730003 0.139083 0.003320 0.005092
5 0.730607 0.116327 0.002113 0.004774
5 0.728947 0.171388 0.002415 0.005411
5 0.729248 0.164704 0.002415 0.004774
5 0.751434 0.310471 0.003924 0.003501
5 0.781920 0.339115 0.005131 0.003501
5 0.573649 0.112508 0.002717 0.002228
5 0.657410 0.176480 0.002415 0.004774
5 0.540598 0.184914 0.004829 0.002546
5 0.575762 0.202419 0.002717 0.005729
5 0.566103 0.186665 0.003320 0.006047
5 0.634319 0.295512 0.003924 0.002228
5 0.716873 0.366645 0.004829 0.003819
5 0.466194 0.269574 0.005131 0.002546
5 0.386206 0.273074 0.005131 0.003183
5 0.325083 0.245863 0.002415 0.005411
5 0.322668 0.181095 0.002415 0.005092
5 0.322366 0.164227 0.002415 0.005729
5 0.322065 0.145767 0.002415 0.005729
5 0.269997 0.134787 0.005131 0.002864
5 0.147600 0.240134 0.004829 0.002864
5 0.135678 0.236474 0.005131 0.003183
5 0.116209 0.235996 0.003018 0.004774
5 0.212043 0.266868 0.004528 0.002864
5 0.222155 0.339115 0.004829 0.002228
5 0.236644 0.348027 0.004226 0.002228
5 0.256565 0.330204 0.004829 0.003501
5 0.300785 0.349618 0.005131 0.002864
5 0.297465 0.328453 0.003924 0.002546
5 0.286598 0.350891 0.004528 0.002864
5 0.402354 0.352005 0.005433 0.002546
5 0.475551 0.332432 0.002717 0.005411
5 0.462572 0.339433 0.005735 0.002864
5 0.417145 0.473265 0.004829 0.002546
5 0.329611 0.478039 0.002415 0.004456
5 0.403713 0.547899 0.004528 0.003501
5 0.365077 0.447804 0.003924 0.002546
5 0.373981 0.441757 0.004226 0.002546
5 0.373981 0.439211 0.004226 0.002546
5 0.068971 0.504138 0.003320 0.005092
5 0.173710 0.605824 0.005131 0.002864
5 0.216722 0.629217 0.004829 0.004456
5 0.208874 0.624284 0.004829 0.003501
5 0.234380 0.622056 0.005735 0.002864
5 0.245246 0.621101 0.004528 0.002864
5 0.269544 0.608848 0.004829 0.003819
5 0.256716 0.616486 0.005131 0.003819
5 0.317084 0.605347 0.005131 0.003819
5 0.340930 0.590388 0.004528 0.003819
5 0.037730 0.724061 0.005433 0.003183
5 0.063839 0.728676 0.005131 0.003501
5 0.036221 0.748886 0.006037 0.002546
5 0.070782 0.738224 0.005131 0.002864
5 0.097797 0.734246 0.004829 0.003819
5 0.004829 0.491566 0.005433 0.003501
5 0.043465 0.531509 0.003622 0.004456
5 0.107908 0.181095 0.003320 0.005092
5 0.130848 0.188733 0.002717 0.003819
5 0.133263 0.157543 0.002717 0.004456
5 0.217326 0.151178 0.002415 0.004456
5 0.213402 0.170910 0.002415 0.005092
5 0.210685 0.185232 0.003018 0.006365
5 0.207365 0.202101 0.003018 0.005092
5 0.210082 0.126034 0.004226 0.002546
5 0.161334 0.080204 0.002717 0.003819
5 0.169031 0.066359 0.003018 0.004774
5 0.175219 0.058880 0.002113 0.004456
5 0.152128 0.043125 0.002415 0.004137
5 0.183369 0.027371 0.002717 0.003819
5 0.182916 0.015277 0.003018 0.005092
5 0.271355 0.094526 0.003018 0.005092
5 0.474494 0.217537 0.002415 0.004137
5 0.100664 0.359484 0.002717 0.004774
5 0.092816 0.372374 0.002717 0.005092
5 0.076819 0.347231 0.002113 0.005092
5 0.062330 0.410089 0.002717 0.005411
5 0.055841 0.448281 0.003018 0.005411
5 0.075913 0.433004 0.002717 0.005411
5 0.074102 0.589911 0.004528 0.003501
5 0.023996 0.311426 0.004528 0.002864
5 0.097042 0.316996 0.002717 0.004456
5 0.092816 0.246976 0.002717 0.005092
5 0.110323 0.248886 0.002113 0.004456
5 0.091609 0.212922 0.003320 0.005092
5 0.088892 0.222629 0.003320 0.004774
10 0.149411 0.129535 0.004829 0.007638
5 0.122397 0.136219 0.003320 0.005092
5 0.055086 0.234246 0.005735 0.003183
5 0.004528 0.069701 0.005433 0.003819
10 0.449894 0.212763 0.003320 0.006684
10 0.452611 0.219924 0.003924 0.006365
10 0.446876 0.221515 0.006942 0.003183
10 0.446272 0.226289 0.007546 0.003183
10 0.169333 0.262253 0.006037 0.002546
10 0.162391 0.261776 0.006641 0.003501
6 0.049351 0.433959 0.006942 0.014959
5 0.836251 0.417250 0.006339 0.003819
5 0.023393 0.398154 0.005735 0.003183
8 0.333082 0.734087 0.004528 0.007320
5 0.246302 0.327498 0.005433 0.005729
5 0.570178 0.363781 0.004829 0.004456
5 0.370963 0.502387 0.003622 0.002864
5 0.020525 0.303947 0.003018 0.004456
5 0.226834 0.312381 0.004528 0.002228
5 0.514488 0.364736 0.004528 0.002546
5 0.688953 0.262890 0.003320 0.006365
5 0.671597 0.010821 0.003622 0.005729
8 0.207818 0.243475 0.008150 0.005092
5 0.736794 0.257957 0.005433 0.004774
5 0.726079 0.306334 0.005735 0.002228
5 0.702988 0.343253 0.006037 0.004774
5 0.423181 0.350573 0.006641 0.005411
5 0.088741 0.362190 0.004226 0.007638
5 0.124811 0.580045 0.005735 0.006684
5 0.408995 0.152610 0.004226 0.006047
5 0.967099 0.031986 0.006037 0.005411
5 0.717477 0.026416 0.006641 0.006365
5 0.664654 0.067314 0.003018 0.008593
5 0.603230 0.022915 0.004528 0.006365
5 0.575158 0.187460 0.003320 0.008275
5 0.480078 0.226766 0.003924 0.006047
5 0.459855 0.238224 0.003320 0.006047
5 0.337609 0.493794 0.004528 0.002864
5 0.360851 0.488224 0.005131 0.003819
5 0.319801 0.562222 0.005131 0.004137
5 0.022336 0.287874 0.002415 0.006684
5 0.018865 0.310789 0.003924 0.002864
5 0.264866 0.341184 0.004528 0.004456
5 0.134923 0.560471 0.002415 0.005729
5 0.471778 0.376671 0.003018 0.004774
5 0.494416 0.364736 0.003622 0.004456
5 0.528071 0.365532 0.004528 0.002228
5 0.534259 0.361871 0.004226 0.002546
5 0.973740 0.032941 0.005433 0.002864
2 0.692575 0.557288 0.038938 0.046467
8 0.718533 0.300286 0.010564 0.007320
5 0.946121 0.100255 0.007546 0.004456
5 0.838062 0.153724 0.006942 0.004456
5 0.751736 0.149586 0.005735 0.006365
5 0.475551 0.287874 0.004528 0.006684
5 0.324932 0.233291 0.004528 0.006365
5 0.323725 0.197645 0.003924 0.005729
5 0.241020 0.342775 0.006339 0.004456
5 0.482191 0.464513 0.005131 0.005411
5 0.344552 0.514163 0.006942 0.004774
5 0.342892 0.481859 0.005433 0.003183
5 0.361455 0.473743 0.003924 0.006047
5 0.272412 0.424093 0.003924 0.006047
5 0.205705 0.364736 0.006339 0.003819
5 0.168276 0.365691 0.003924 0.005092
5 0.050860 0.486792 0.005735 0.006047
10 0.378509 0.342298 0.009055 0.004774
8 0.189104 0.424411 0.005735 0.004137
5 0.397072 0.134468 0.006339 0.004137
5 0.738907 0.037556 0.004226 0.005729
5 0.698913 0.018300 0.006942 0.004774
5 0.726834 0.246658 0.005433 0.007002
5 0.483550 0.271483 0.006641 0.003819
5 0.323423 0.155952 0.005131 0.005729
5 0.444914 0.343253 0.005433 0.006047
5 0.149713 0.602164 0.005433 0.005092
5 0.227437 0.650223 0.004528 0.005092
6 0.071536 0.314131 0.004226 0.012731
5 0.250528 0.270847 0.002415 0.005729
5 0.145638 0.478358 0.003924 0.005092
5 0.281618 0.546626 0.005433 0.002864
5 0.009055 0.788988 0.004829 0.005092
5 0.395865 0.441439 0.003924 0.007002
5 0.605795 0.368237 0.003018 0.006365
53 0.286145 0.094685 0.051917 0.028962
5 0.780712 0.020847 0.006339 0.005411
5 0.735889 0.170751 0.004829 0.006684
5 0.759583 0.354710 0.005131 0.007320
5 0.560670 0.290738 0.005735 0.004774
5 0.404920 0.356143 0.006942 0.005729
5 0.417899 0.335933 0.006942 0.004774
5 0.363266 0.459898 0.004528 0.006365
5 0.333535 0.524348 0.003018 0.006047
5 0.329460 0.442234 0.003320 0.005411
5 0.132206 0.413272 0.007244 0.004774
5 0.027468 0.696531 0.006037 0.006047
5 0.413824 0.214831 0.004829 0.005729
5 0.727890 0.019892 0.006339 0.004774
5 0.587987 0.149745 0.005433 0.004137
5 0.655146 0.240452 0.005131 0.006047
5 0.567914 0.347708 0.006339 0.003501
5 0.478720 0.131763 0.005433 0.006365
5 0.468910 0.358530 0.005735 0.006684
5 0.595080 0.364099 0.006942 0.004456
5 0.600664 0.367919 0.003622 0.006365
5 0.397827 0.376034 0.004829 0.004774
5 0.338062 0.498250 0.004226 0.002864
5 0.179445 0.602642 0.005131 0.006684
5 0.042409 0.295512 0.003924 0.004774
5 0.042560 0.327658 0.004829 0.002864
5 0.231059 0.534850 0.004528 0.002228
5 0.486568 0.362349 0.005433 0.003501
5 0.691971 0.291852 0.002717 0.005729
5 0.757169 0.157861 0.005131 0.003183
5 0.903713 0.080522 0.003018 0.004456
8 0.047540 0.557288 0.007546 0.007638
5 0.598702 0.015595 0.005735 0.004456
5 0.861153 0.245067 0.006037 0.007002
5 0.774525 0.297263 0.004829 0.004456
5 0.281618 0.341821 0.006641 0.005092
5 0.368095 0.475016 0.003924 0.006684
5 0.268186 0.422024 0.005131 0.005092
5 0.263809 0.534850 0.006037 0.002864
10 0.153034 0.445417 0.004829 0.009230
5 0.740417 0.202578 0.004829 0.004137
5 0.539390 0.209102 0.004226 0.003819
5 0.461968 0.354870 0.006339 0.005092
5 0.361153 0.510980 0.004528 0.004137
5 0.133716 0.614418 0.006037 0.005411
5 0.046634 0.324634 0.005735 0.002546
5 0.238605 0.540261 0.002113 0.004774
5 0.278599 0.635423 0.004829 0.003501
5 0.408995 0.469446 0.004226 0.003819
5 0.484304 0.343889 0.006942 0.002864
8 0.243888 0.537397 0.006037 0.004137
8 0.255810 0.258116 0.006339 0.004456
5 0.882584 0.090547 0.006641 0.004137
5 0.716118 0.083864 0.008753 0.007320
5 0.781920 0.345481 0.003924 0.003501
5 0.342892 0.476130 0.004829 0.003819
5 0.065047 0.383355 0.005735 0.006047
5 0.043465 0.468014 0.005433 0.006047
5 0.021582 0.287715 0.003924 0.007002
5 0.102022 0.202737 0.005433 0.006365
5 0.019620 0.303151 0.004829 0.004774
5 0.097042 0.190643 0.003924 0.007002
5 0.208421 0.132241 0.006339 0.005411
8 0.075008 0.487588 0.004528 0.007638
5 0.395865 0.422661 0.005131 0.005729
5 0.427558 0.477085 0.005131 0.004456
5 0.162542 0.622693 0.006942 0.006047
5 0.028826 0.399905 0.005735 0.004137
5 0.194688 0.336887 0.004829 0.002864
5 0.469363 0.332432 0.002415 0.005411
5 0.517054 0.342775 0.003018 0.006365
5 0.543012 0.486951 0.006037 0.003183
8 0.941896 0.244430 0.007546 0.007638
8 0.298521 0.252864 0.004226 0.004774
5 0.879414 0.023234 0.005735 0.005729
5 0.892092 0.097231 0.005735 0.004137
5 0.634621 0.298059 0.006339 0.004137
5 0.701781 0.375239 0.004226 0.007002
5 0.517356 0.280872 0.006037 0.004774
5 0.411410 0.261617 0.004226 0.007002
5 0.324027 0.215150 0.003924 0.008275
5 0.205101 0.322565 0.005735 0.003501
5 0.186387 0.345321 0.005735 0.003819
5 0.295955 0.337683 0.006339 0.005092
5 0.274525 0.348663 0.007546 0.004137
5 0.077271 0.422183 0.005433 0.006047
5 0.143224 0.170751 0.004528 0.007957
5 0.060670 0.028644 0.006037 0.006365
5 0.746001 0.005411 0.005131 0.007638
5 0.750679 0.092775 0.003622 0.002864
5 0.556293 0.186505 0.006037 0.003819
5 0.533806 0.204169 0.003320 0.004774
5 0.490643 0.138765 0.006339 0.004456
5 0.264413 0.328612 0.006037 0.004774
5 0.122849 0.510503 0.005433 0.005729
5 0.056595 0.591820 0.005735 0.004774
5 0.046484 0.312858 0.005433 0.002546
5 0.058255 0.313654 0.004829 0.002864
5 0.253245 0.271801 0.003018 0.004456
5 0.146997 0.510980 0.002415 0.004137
5 0.207063 0.534850 0.003018 0.006047
5 0.196348 0.532782 0.002717 0.006365
5 0.425747 0.502546 0.005131 0.003819
5 0.397525 0.499682 0.005433 0.002546
5 0.626773 0.370465 0.002113 0.005092
5 0.688651 0.292489 0.003320 0.005092
5 0.841382 0.201305 0.003320 0.006047
5 0.962270 0.032941 0.003622 0.005411
2 0.385602 0.747136 0.031090 0.034055
2 0.945970 0.371101 0.049502 0.036283
8 0.805161 0.275302 0.006339 0.006365
5 0.737549 0.287874 0.005735 0.003501
5 0.493510 0.282304 0.004226 0.005092
5 0.402203 0.306811 0.003924 0.006365
5 0.068065 0.366645 0.004528 0.007638
5 0.061274 0.436028 0.005433 0.006365
5 0.068820 0.474857 0.004226 0.005729
5 0.175521 0.623329 0.006339 0.004774
5 0.185180 0.622056 0.005735 0.005411
5 0.056142 0.395767 0.004226 0.006047
5 0.352400 0.066518 0.006339 0.005092
5 0.713251 0.020051 0.007244 0.004456
5 0.739662 0.185710 0.005735 0.003501
5 0.689556 0.257798 0.003924 0.005092
5 0.727437 0.200509 0.003018 0.003819
5 0.664353 0.177594 0.006641 0.007638
5 0.456686 0.236474 0.003622 0.005729
5 0.164654 0.238065 0.005735 0.004456
5 0.355267 0.500796 0.004829 0.003501
5 0.212194 0.363144 0.007244 0.005092
5 0.151524 0.615054 0.005433 0.004137
5 0.040296 0.312222 0.005131 0.003819
5 0.028071 0.288511 0.003018 0.006047
5 0.444612 0.477244 0.004829 0.002864
5 0.447329 0.359803 0.003622 0.005411
5 0.579837 0.367919 0.003018 0.005729
5 0.826290 0.120306 0.002717 0.005729
5 0.867341 0.291693 0.005735 0.004137
8 0.824178 0.182050 0.004528 0.007638
5 0.993510 0.027530 0.006942 0.005411
5 0.651977 0.301719 0.001811 0.007638
5 0.613643 0.286760 0.004226 0.007002
5 0.381225 0.266709 0.006037 0.005729
5 0.216420 0.340229 0.007244 0.005729
5 0.384244 0.352005 0.005433 0.004456
5 0.455328 0.408179 0.003320 0.006047
5 0.358889 0.459262 0.006641 0.003819
5 0.164353 0.386219 0.003924 0.006684
5 0.079384 0.446213 0.004226 0.005092
5 0.015998 0.302514 0.003622 0.006047
5 0.106097 0.267505 0.006339 0.005411
5 0.216118 0.125080 0.005433 0.003819
5 0.229098 0.131763 0.007244 0.004456
5 0.052068 0.044558 0.004528 0.004456
8 0.107154 0.172502 0.004829 0.005729
5 0.649864 0.080840 0.007244 0.005092
5 0.728494 0.190643 0.004528 0.005729
5 0.739511 0.192871 0.005433 0.005092
5 0.589043 0.188892 0.002717 0.005411
5 0.322517 0.171069 0.003320 0.005411
5 0.574404 0.354551 0.004829 0.005092
5 0.572442 0.339911 0.003924 0.005092
5 0.328554 0.492680 0.005735 0.004456
5 0.195744 0.674889 0.006339 0.006047
5 0.024751 0.303469 0.002415 0.005411
5 0.025807 0.288351 0.002717 0.005729
5 0.277392 0.545194 0.002415 0.005092
5 0.309991 0.551560 0.004829 0.003819
5 0.518865 0.343094 0.001811 0.005729
5 0.471627 0.294080 0.002717 0.004456
5 0.577724 0.368396 0.002415 0.006047
5 0.548747 0.352960 0.005433 0.003183
5 0.730154 0.133195 0.004226 0.006684
5 0.956686 0.032463 0.005131 0.002546
5 0.999094 0.047581 0.001811 0.006047
5 0.964836 0.025780 0.005735 0.005092
5 0.737700 0.297422 0.004829 0.005411
5 0.740266 0.300923 0.005131 0.003501
5 0.773921 0.332591 0.006037 0.007002
5 0.762300 0.357097 0.003924 0.005092
5 0.465892 0.281509 0.004528 0.004774
5 0.473438 0.306334 0.003320 0.006047
5 0.397827 0.262412 0.006037 0.005411
5 0.362360 0.264800 0.006339 0.004456
5 0.418503 0.350891 0.006339 0.004774
5 0.014488 0.493635 0.005433 0.005092
5 0.073800 0.329567 0.005735 0.006684
5 0.027468 0.303947 0.004226 0.005092
5 0.033203 0.304106 0.003622 0.004774
5 0.035315 0.393380 0.006037 0.004456
8 0.108361 0.275939 0.003622 0.007002
5 0.937217 0.031827 0.006037 0.004456
5 0.738304 0.003183 0.004829 0.005729
5 0.739209 0.211649 0.004829 0.003183
5 0.246755 0.248250 0.004528 0.005092
5 0.396770 0.456238 0.003924 0.007320
5 0.128433 0.512094 0.005131 0.004456
5 0.173106 0.601846 0.006339 0.005729
5 0.185180 0.601687 0.004528 0.004774
5 0.004075 0.299332 0.003320 0.004137
5 0.018261 0.304106 0.002717 0.005411
5 0.052219 0.312858 0.004829 0.002546
5 0.137338 0.562381 0.002415 0.005092
5 0.134621 0.533736 0.004226 0.004456
5 0.209176 0.535487 0.003018 0.005411
5 0.387262 0.356938 0.006037 0.002864
5 0.570329 0.368078 0.002717 0.004137
5 0.546936 0.366805 0.004829 0.001591
5 0.540749 0.468651 0.003924 0.003501
5 0.821612 0.256684 0.003018 0.005411
5 0.659070 0.308721 0.002717 0.007638
8 0.770903 0.492839 0.006037 0.007320
8 0.741322 0.079090 0.005433 0.009866
8 0.354362 0.347868 0.007848 0.003819
5 0.560972 0.141470 0.007546 0.004137
5 0.568367 0.173138 0.003018 0.003819
5 0.567914 0.202737 0.004528 0.004456
5 0.591760 0.281986 0.005131 0.004456
5 0.447480 0.355029 0.006942 0.004774
5 0.579535 0.339433 0.003622 0.002864
5 0.287957 0.447327 0.005433 0.004137
5 0.134621 0.417250 0.006037 0.003819
5 0.245397 0.582432 0.004226 0.006365
5 0.063990 0.023074 0.004829 0.005411
8 0.454422 0.338956 0.006942 0.003183
5 0.480531 0.070496 0.006037 0.003501
51 0.412919 0.417250 0.013885 0.009548
5 0.741775 0.156270 0.004528 0.004456
5 0.526411 0.208943 0.004226 0.004137
5 0.581950 0.287397 0.007244 0.004456
5 0.550709 0.345003 0.003924 0.006365
5 0.329309 0.469924 0.004829 0.005411
5 0.041503 0.516709 0.005131 0.006684
5 0.020374 0.523074 0.005735 0.006684
5 0.084214 0.594526 0.007244 0.005092
5 0.167522 0.602323 0.005433 0.005411
5 0.073951 0.328771 0.004226 0.005092
5 0.019922 0.304265 0.003018 0.006365
5 0.693027 0.414863 0.003018 0.006047
6 0.696650 0.342616 0.010263 0.007320
5 0.781769 0.151496 0.002415 0.006365
2 0.477664 0.698600 0.036523 0.045831
5 0.901751 0.140516 0.004528 0.006684
5 0.942650 0.157543 0.005433 0.005092
5 0.909900 0.265595 0.008150 0.006684
5 0.767733 0.301241 0.006339 0.004774
5 0.418654 0.275143 0.007244 0.004774
5 0.275430 0.342616 0.006942 0.005411
5 0.371265 0.338160 0.007244 0.004137
5 0.459251 0.408498 0.005131 0.007320
5 0.312858 0.544398 0.005131 0.003501
5 0.269695 0.409612 0.004528 0.006365
5 0.062179 0.395130 0.003622 0.004774
5 0.044220 0.486474 0.003320 0.006684
5 0.243737 0.530713 0.005735 0.005411
5 0.042560 0.327658 0.005433 0.004774
5 0.164805 0.165022 0.004829 0.006684
5 0.479324 0.266709 0.003622 0.005729
5 0.206308 0.265595 0.006942 0.006684
5 0.328705 0.506365 0.006037 0.003183
5 0.118925 0.604392 0.005433 0.003819
5 0.227437 0.310630 0.004528 0.001273
5 0.263658 0.543444 0.002113 0.005411
5 0.314820 0.552196 0.006641 0.003183
8 0.322668 0.741248 0.007848 0.007638
8 0.905675 0.003501 0.006339 0.007002
5 0.971476 0.093412 0.006942 0.004137
5 0.902053 0.123011 0.005131 0.006047
5 0.861153 0.296467 0.005433 0.006684
5 0.814971 0.310789 0.005433 0.005411
5 0.741473 0.297581 0.004528 0.005729
5 0.574857 0.194303 0.003320 0.004774
5 0.550860 0.284532 0.006037 0.003183
5 0.554935 0.290261 0.004528 0.004456
5 0.227588 0.302196 0.005433 0.003501
5 0.185180 0.315882 0.004528 0.006047
5 0.239511 0.332591 0.006339 0.004456
5 0.272110 0.419478 0.003924 0.003819
5 0.327951 0.390675 0.005131 0.006047
5 0.206308 0.373647 0.005131 0.003819
5 0.012828 0.245067 0.004528 0.005092
10 0.077271 0.113304 0.006641 0.006365
5 0.407788 0.177753 0.005433 0.006684
5 0.647751 0.146085 0.004829 0.003819
5 0.612134 0.350255 0.003018 0.006047
5 0.475249 0.198440 0.005131 0.006684
5 0.322819 0.151814 0.005131 0.005092
5 0.396468 0.395449 0.006942 0.004137
5 0.394657 0.461967 0.002717 0.006684
5 0.400543 0.462603 0.004226 0.005411
5 0.353607 0.471674 0.003320 0.004456
5 0.062783 0.502228 0.004226 0.006365
5 0.027769 0.565563 0.004226 0.003819
5 0.015998 0.303787 0.003018 0.005411
5 0.073800 0.329249 0.003320 0.006684
5 0.135979 0.527848 0.003924 0.005411
5 0.207063 0.531190 0.005433 0.003183
5 0.014790 0.794239 0.007244 0.003501
5 0.503320 0.496658 0.005131 0.004774
5 0.468608 0.373011 0.003320 0.003819
5 0.542409 0.366327 0.004226 0.001910
5 0.943254 0.164386 0.005433 0.002864
5 0.827800 0.065882 0.002717 0.005092
5 0.985361 0.206715 0.005735 0.005411
2 0.433142 0.724857 0.035617 0.049332
8 0.915937 0.098822 0.006942 0.006047
5 0.901298 0.271961 0.004226 0.004774
5 0.727286 0.251750 0.004528 0.004456
5 0.737398 0.285487 0.004226 0.003183
5 0.713251 0.332909 0.004829 0.005729
5 0.467703 0.378262 0.004528 0.006047
5 0.371416 0.488224 0.003320 0.003183
5 0.331573 0.438415 0.003924 0.004774
5 0.099759 0.300286 0.003924 0.006047
5 0.187896 0.013367 0.005131 0.006365
11 0.008602 0.604233 0.017205 0.020051
11 0.283580 0.252705 0.013583 0.005729
5 0.259885 0.101050 0.005433 0.006684
5 0.648355 0.083068 0.004226 0.004456
5 0.591760 0.150382 0.005131 0.003501
5 0.661485 0.240134 0.003320 0.004774
5 0.608965 0.350095 0.003320 0.005092
5 0.496378 0.139083 0.005735 0.004456
5 0.474042 0.244430 0.004528 0.006365
5 0.472985 0.259707 0.003622 0.005092
5 0.246906 0.270847 0.006037 0.005729
5 0.294597 0.346913 0.006037 0.005092
5 0.290824 0.344844 0.005131 0.004774
5 0.395714 0.447804 0.006037 0.005729
5 0.329007 0.509071 0.005433 0.003501
5 0.396167 0.520210 0.005131 0.005411
5 0.361455 0.483609 0.005131 0.004137
5 0.027920 0.288192 0.002113 0.005411
5 0.045276 0.320496 0.005433 0.002546
5 0.090401 0.273552 0.002113 0.004137
5 0.018261 0.304424 0.002717 0.005411
5 0.166315 0.411840 0.003018 0.005092
5 0.236342 0.470560 0.005433 0.002228
5 0.190462 0.528644 0.006037 0.002546
5 0.526260 0.351687 0.005131 0.003183
5 0.737851 0.253501 0.005131 0.002864
5 0.796710 0.211330 0.002717 0.006365
8 0.429520 0.676798 0.005433 0.006047
5 0.656656 0.308880 0.003320 0.006047
5 0.194084 0.235996 0.004829 0.005411
5 0.270299 0.340866 0.006339 0.004456
5 0.276788 0.327658 0.006641 0.004137
5 0.329309 0.322247 0.005433 0.007957
5 0.467552 0.388606 0.004829 0.005092
5 0.328252 0.427594 0.004528 0.005411
5 0.408089 0.170274 0.005433 0.004456
5 0.581799 0.021324 0.005131 0.005092
5 0.338062 0.492043 0.004226 0.003183
5 0.361757 0.480108 0.005735 0.003501
5 0.210836 0.368714 0.006339 0.004137
5 0.049653 0.533736 0.005131 0.006365
5 0.170842 0.612349 0.004226 0.004456
5 0.033504 0.400700 0.004829 0.003183
5 0.188651 0.337046 0.005433 0.003183
5 0.159070 0.413272 0.002415 0.004774
5 0.203139 0.533896 0.002415 0.004774
5 0.229248 0.538351 0.002717 0.006047
5 0.533655 0.435232 0.004829 0.003501
5 0.567914 0.368078 0.002717 0.004774
5 0.855267 0.161521 0.002717 0.006047
2 0.039390 0.950827 0.034712 0.039147
8 0.138243 0.890834 0.006037 0.005729
8 0.492001 0.650064 0.005433 0.005411
8 0.462119 0.453533 0.007244 0.005729
8 0.273468 0.251114 0.004829 0.005092
5 0.582403 0.014640 0.008150 0.003819
5 0.920465 0.258434 0.005131 0.007002
5 0.751736 0.335455 0.005131 0.005729
5 0.574404 0.363463 0.005433 0.004456
5 0.773770 0.350095 0.003924 0.005092
5 0.198461 0.345958 0.005735 0.003819
5 0.246755 0.349141 0.004528 0.003183
5 0.246152 0.339752 0.006942 0.005411
5 0.246152 0.331954 0.007546 0.003819
5 0.298219 0.343094 0.006037 0.003819
5 0.642771 0.295990 0.004528 0.004456
5 0.268941 0.448122 0.006037 0.003183
5 0.252641 0.439211 0.006037 0.004456
5 0.334138 0.378421 0.004226 0.005092
5 0.335195 0.386537 0.002717 0.006684
5 0.118775 0.418046 0.006942 0.004137
5 0.661636 0.062062 0.004226 0.007638
5 0.792635 0.286760 0.007244 0.006365
5 0.453366 0.346754 0.006641 0.005411
5 0.422729 0.476289 0.004528 0.003501
5 0.327951 0.457989 0.006339 0.004456
5 0.211138 0.373647 0.003924 0.003183
5 0.162692 0.601846 0.005433 0.005729
5 0.025657 0.326225 0.004226 0.003183
5 0.012828 0.287715 0.003320 0.005729
5 0.004226 0.299172 0.004226 0.004456
5 0.299125 0.270847 0.004226 0.004456
5 0.157863 0.527371 0.002415 0.005092
5 0.397072 0.399905 0.002717 0.004137
5 0.704347 0.304901 0.004528 0.003183
5 0.742379 0.124602 0.002113 0.005411
5 0.900392 0.205920 0.001811 0.004456
8 0.555539 0.633514 0.005735 0.007320
8 0.571989 0.266232 0.004226 0.006684
8 0.339270 0.346595 0.006037 0.002546
5 0.945518 0.032304 0.005735 0.006047
5 0.854513 0.153565 0.005433 0.002864
5 0.323423 0.202737 0.005735 0.007002
5 0.659070 0.314290 0.005131 0.007320
5 0.343948 0.519096 0.004528 0.003819
5 0.246755 0.437142 0.005735 0.004774
5 0.404920 0.475175 0.004528 0.003183
5 0.072140 0.359166 0.003018 0.007320
5 0.074706 0.453851 0.006339 0.007002
5 0.090552 0.274188 0.005433 0.006047
5 0.093118 0.400700 0.003924 0.005729
5 0.158467 0.092934 0.004226 0.004456
5 0.176426 0.068746 0.005131 0.005092
5 0.657712 0.087046 0.007848 0.006047
5 0.660429 0.122533 0.004226 0.007638
5 0.569423 0.249523 0.003924 0.007002
5 0.054181 0.516391 0.003924 0.004774
5 0.036221 0.565563 0.005433 0.006365
5 0.095080 0.598186 0.006641 0.004774
5 0.052219 0.313017 0.004226 0.002228
5 0.265620 0.543921 0.003018 0.004456
5 0.489285 0.464672 0.005433 0.003183
5 0.516903 0.357575 0.005131 0.002228
2 0.816028 0.493635 0.038334 0.044558
8 0.346967 0.347708 0.006339 0.006684
5 0.985059 0.027212 0.005735 0.004137
5 0.903109 0.116168 0.004226 0.005729
5 0.946272 0.092775 0.006641 0.004774
5 0.911410 0.079090 0.005735 0.006684
5 0.828101 0.047899 0.003924 0.006047
5 0.569273 0.211808 0.006037 0.006684
5 0.470420 0.307607 0.003320 0.004137
5 0.190915 0.321770 0.005131 0.005092
5 0.356474 0.337842 0.007244 0.004137
5 0.086176 0.390516 0.005131 0.005092
5 0.029279 0.288670 0.003622 0.006365
5 0.739511 0.163908 0.005433 0.003819
5 0.728192 0.195894 0.004528 0.005411
5 0.573649 0.122374 0.005735 0.006047
5 0.567009 0.123329 0.003924 0.005411
5 0.531542 0.205442 0.002415 0.004137
5 0.479475 0.179981 0.002717 0.007320
5 0.506037 0.274348 0.003924 0.004456
5 0.395865 0.426798 0.005131 0.005729
5 0.356173 0.483450 0.004829 0.003183
5 0.360248 0.500955 0.006339 0.003183
5 0.360248 0.507161 0.005131 0.002864
5 0.410655 0.536601 0.004528 0.007002
5 0.129188 0.610121 0.006641 0.005092
5 0.012677 0.288192 0.003018 0.005411
5 0.028524 0.311744 0.004528 0.002864
5 0.018412 0.325748 0.004829 0.002864
5 0.153184 0.516391 0.006339 0.003501
5 0.152128 0.526098 0.002415 0.005729
5 0.448083 0.477721 0.003924 0.003183
5 0.397374 0.497772 0.004528 0.001910
2 0.969363 0.408498 0.036523 0.034055
8 0.543767 0.626512 0.008150 0.005411
8 0.238002 0.247454 0.006942 0.005411
8 0.151675 0.455124 0.006942 0.008275
5 0.730003 0.146085 0.005735 0.006365
5 0.728796 0.177435 0.003320 0.004137
5 0.739511 0.183482 0.006037 0.002228
5 0.332176 0.241088 0.005131 0.006684
5 0.227437 0.305060 0.006339 0.004774
5 0.112889 0.267505 0.005433 0.006047
5 0.232267 0.344685 0.007546 0.003819
5 0.501358 0.449554 0.005433 0.005411
5 0.177332 0.357734 0.004528 0.006365
5 0.087232 0.742998 0.006037 0.006047
5 0.012375 0.288351 0.006037 0.007638
5 0.009206 0.238542 0.005131 0.006684
5 0.112134 0.509389 0.005735 0.007957
5 0.086327 0.118237 0.006037 0.006047
5 0.015243 0.084023 0.005735 0.005092
5 0.627075 0.145449 0.006339 0.004456
5 0.306822 0.336251 0.003924 0.004774
5 0.398732 0.489656 0.005433 0.004774
5 0.392545 0.490611 0.005131 0.006047
5 0.438575 0.475016 0.006037 0.004137
5 0.330063 0.499204 0.002717 0.006047
5 0.359946 0.504138 0.005131 0.003819
5 0.057048 0.546149 0.003622 0.004456
5 0.018110 0.397518 0.005433 0.003183
5 0.147449 0.505888 0.003924 0.005411
5 0.160580 0.526894 0.003018 0.006047
5 0.208572 0.524029 0.002415 0.006047
5 0.677483 0.260185 0.003320 0.005411
5 0.922427 0.226448 0.003018 0.006047
8 0.187292 0.245385 0.006339 0.003819
8 0.305614 0.255092 0.006942 0.007320
5 0.997283 0.211330 0.005433 0.003819
5 0.857833 0.090070 0.006641 0.005092
5 0.733625 0.284214 0.005131 0.007002
5 0.745397 0.297740 0.002717 0.002864
5 0.700423 0.354551 0.006339 0.005729
5 0.181256 0.333068 0.003924 0.006047
5 0.139149 0.258434 0.006641 0.004456
5 0.234682 0.339274 0.005735 0.004456
5 0.337458 0.504933 0.004829 0.002864
5 0.332478 0.536124 0.004528 0.006047
5 0.045729 0.319860 0.006339 0.004456
5 0.690764 0.091184 0.006942 0.007320
5 0.329912 0.464195 0.003622 0.005411
5 0.355569 0.503660 0.004226 0.002864
5 0.039994 0.320337 0.005131 0.003501
5 0.356474 0.547263 0.004226 0.004774
5 0.397676 0.495226 0.005131 0.002546
5 0.500755 0.363622 0.004829 0.002228
5 0.755056 0.347868 0.005131 0.005092
5 0.650468 0.338160 0.004226 0.004137
5 0.699064 0.381763 0.003622 0.004137
5 0.789013 0.342139 0.004829 0.004456
5 0.252641 0.340866 0.006037 0.004456
5 0.227437 0.329408 0.005735 0.004456
5 0.269544 0.335137 0.007244 0.004456
5 0.465590 0.409293 0.005735 0.005092
5 0.346967 0.457193 0.006942 0.004137
5 0.342590 0.523870 0.003622 0.005729
5 0.364926 0.450828 0.006037 0.006047
5 0.205856 0.367759 0.004829 0.003501
5 0.080290 0.247772 0.006037 0.007957
5 0.023695 0.303469 0.004528 0.005411
5 0.020676 0.276894 0.003924 0.003819
5 0.209176 0.149905 0.004829 0.006365
5 0.095684 0.128103 0.006037 0.005411
5 0.125566 0.103756 0.002415 0.004456
8 0.203139 0.427594 0.006641 0.003501
5 0.033806 0.400859 0.006037 0.005411
5 0.739511 0.205124 0.004829 0.002864
5 0.739813 0.207670 0.006037 0.004774
5 0.726230 0.229313 0.004829 0.003501
5 0.543465 0.206238 0.003924 0.004456
5 0.213553 0.248727 0.006942 0.005411
5 0.170238 0.357893 0.003622 0.006684
5 0.052068 0.512253 0.003924 0.005411
5 0.221551 0.622215 0.006641 0.007002
5 0.216873 0.535805 0.002717 0.004774
5 0.210232 0.524825 0.001509 0.004456
5 0.585119 0.368078 0.002717 0.006047
5 0.889979 0.277371 0.004528 0.003501
8 0.367492 0.436665 0.004528 0.006365
5 0.955328 0.026416 0.007244 0.006365
5 0.967854 0.109007 0.005131 0.006047
5 0.822366 0.235837 0.003924 0.005092
5 0.734229 0.264481 0.003924 0.005729
5 0.735134 0.355506 0.004528 0.005729
5 0.496982 0.271961 0.005131 0.005411
5 0.405071 0.295672 0.005433 0.007002
5 0.272864 0.410407 0.002415 0.005411
5 0.300936 0.366009 0.004829 0.003183
5 0.264866 0.440006 0.006942 0.004137
5 0.205705 0.360280 0.006339 0.003819
5 0.087383 0.437142 0.005131 0.006684
5 0.127377 0.573679 0.004226 0.007320
5 0.101720 0.134468 0.006037 0.004774
5 0.529279 0.204647 0.003320 0.005729
5 0.622095 0.348982 0.004226 0.006047
5 0.394205 0.554106 0.006037 0.005729
5 0.144733 0.610598 0.008150 0.003501
5 0.029128 0.576862 0.005735 0.006047
5 0.027015 0.303628 0.002113 0.005092
5 0.305463 0.550923 0.005433 0.003183
5 0.572744 0.367759 0.002717 0.006047
2 0.345155 0.769733 0.035919 0.042966
53 0.215364 0.369510 0.027468 0.040102
53 0.357833 0.498568 0.050407 0.072247
8 0.793692 0.499363 0.006942 0.003819
8 0.314971 0.347231 0.005131 0.003819
5 0.966496 0.093094 0.004226 0.006684
5 0.574404 0.155633 0.004226 0.005092
5 0.567461 0.200509 0.006037 0.003819
5 0.651072 0.312222 0.005433 0.002546
5 0.245095 0.346117 0.006037 0.004137
5 0.638998 0.295990 0.003622 0.003819
5 0.307878 0.542807 0.006037 0.003501
5 0.333384 0.413749 0.003924 0.006365
5 0.334289 0.372533 0.004528 0.005411
5 0.087685 0.276257 0.005735 0.009548
8 0.075309 0.285328 0.003924 0.008593
5 0.529128 0.054583 0.004829 0.007320
5 0.740115 0.028167 0.004226 0.007957
5 0.663598 0.010025 0.005735 0.008593
5 0.739964 0.198600 0.004528 0.005092
5 0.476004 0.180777 0.004226 0.006365
5 0.397676 0.379376 0.005131 0.003819
5 0.404920 0.467855 0.006942 0.005092
5 0.354814 0.506365 0.003924 0.003183
5 0.330214 0.518778 0.004226 0.005729
5 0.231965 0.296785 0.002113 0.004137
5 0.150468 0.490134 0.003924 0.004456
5 0.184878 0.531668 0.003320 0.004774
5 0.851192 0.161362 0.005433 0.003183
8 0.902505 0.129535 0.006037 0.007002
8 0.154845 0.605824 0.007244 0.004774
5 0.931784 0.025461 0.006037 0.004456
5 0.901751 0.187938 0.004528 0.007320
5 0.824479 0.189211 0.004528 0.007320
5 0.735587 0.297263 0.003018 0.006365
5 0.567914 0.176957 0.003924 0.006365
5 0.682010 0.367919 0.005735 0.005729
5 0.401449 0.290898 0.004226 0.005092
5 0.402958 0.286760 0.003622 0.005092
5 0.227286 0.307925 0.004226 0.002864
5 0.070329 0.387015 0.003622 0.005092
5 0.660278 0.115850 0.004528 0.007002
5 0.579535 0.142425 0.005433 0.004774
5 0.474344 0.204169 0.005131 0.005411
5 0.170842 0.243316 0.007244 0.004137
5 0.507244 0.342616 0.005735 0.006684
5 0.009810 0.270687 0.002717 0.004774
5 0.077422 0.326066 0.002717 0.004774
5 0.149864 0.521165 0.005131 0.002864
5 0.256263 0.541693 0.003018 0.005092
5 0.516450 0.351050 0.004226 0.002546
5 0.523845 0.361076 0.004528 0.002228
5 0.603381 0.368873 0.003018 0.005729
2 0.140356 0.931572 0.035014 0.043921
8 0.343495 0.748886 0.006641 0.006365
8 0.452007 0.765595 0.005735 0.006684
8 0.464383 0.445735 0.004528 0.007957
5 0.982191 0.094208 0.005433 0.004456
5 0.593420 0.014640 0.005433 0.005092
5 0.724117 0.277053 0.007848 0.005411
5 0.659674 0.295035 0.004528 0.003819
5 0.348325 0.265754 0.005433 0.005092
5 0.156807 0.260503 0.006339 0.006047
5 0.466647 0.383991 0.002415 0.004774
5 0.343043 0.506047 0.005131 0.004456
5 0.382584 0.529599 0.005131 0.005092
5 0.267733 0.417728 0.003018 0.003501
5 0.261093 0.444462 0.006641 0.004774
5 0.206610 0.354551 0.005735 0.003819
5 0.163145 0.392743 0.005131 0.008275
5 0.059463 0.430458 0.005433 0.006684
5 0.285844 0.546467 0.005433 0.007002
5 0.051917 0.313017 0.004829 0.002228
5 0.049955 0.049491 0.004528 0.004774
5 0.377905 0.066518 0.004226 0.004456
6 0.613794 0.144812 0.006942 0.005092
5 0.592665 0.143698 0.005131 0.004774
5 0.566405 0.131604 0.005735 0.003501
5 0.573196 0.110439 0.003018 0.003183
5 0.733927 0.063495 0.003924 0.007957
5 0.547993 0.345003 0.003320 0.005729
5 0.330365 0.484405 0.004528 0.005729
5 0.356474 0.479790 0.004829 0.004774
5 0.255810 0.608848 0.004528 0.005092
5 0.020223 0.304583 0.002415 0.005729
5 0.009508 0.271006 0.002113 0.005411
5 0.523242 0.343571 0.002717 0.005411
5 0.482040 0.358689 0.005433 0.002546
5 0.542560 0.352642 0.005131 0.003183
5 0.608210 0.369351 0.002415 0.007320
5 0.673559 0.412635 0.006942 0.005411
5 0.833233 0.306652 0.005131 0.003501
5 0.951705 0.032304 0.005433 0.002864
51 0.365379 0.211171 0.076366 0.128262
8 0.411561 0.721992 0.005131 0.006684
5 0.996227 0.217537 0.006339 0.004137
5 0.726230 0.289784 0.004226 0.007320
5 0.653335 0.274507 0.005131 0.006684
5 0.324177 0.239497 0.004829 0.006684
5 0.484153 0.340707 0.006037 0.004137
5 0.326592 0.372533 0.004829 0.003501
5 0.173559 0.362190 0.004829 0.005092
5 0.057501 0.421069 0.006942 0.006365
5 0.066103 0.389561 0.004226 0.005092
5 0.121642 0.105824 0.004829 0.006684
5 0.164805 0.085773 0.005433 0.005411
5 0.144129 0.065245 0.004528 0.005092
5 0.161334 0.023234 0.004528 0.005092
5 0.381075 0.132559 0.005131 0.006047
5 0.687292 0.083546 0.007848 0.004137
5 0.355720 0.511139 0.003924 0.004456
5 0.022185 0.303310 0.002717 0.006365
5 0.404316 0.389083 0.002717 0.004774
5 0.469665 0.420910 0.003018 0.004774
5 0.587685 0.368396 0.001811 0.005411
5 0.751585 0.020369 0.005433 0.003819
5 0.795653 0.086728 0.006641 0.005411
5 0.725777 0.233291 0.004528 0.003819
5 0.657259 0.330363 0.003320 0.005729
5 0.638696 0.350732 0.003018 0.006365
5 0.322970 0.187460 0.005433 0.006365
5 0.416390 0.355824 0.004528 0.002546
5 0.469665 0.368078 0.003018 0.006047
5 0.400241 0.523870 0.005433 0.005729
5 0.365228 0.473425 0.003622 0.005411
5 0.069423 0.376830 0.004829 0.006365
8 0.213100 0.138288 0.003622 0.007320
5 0.487323 0.072088 0.003924 0.004137
5 0.773317 0.150541 0.007244 0.005092
5 0.565500 0.134150 0.006339 0.002864
5 0.565650 0.128899 0.008452 0.003183
5 0.569876 0.225016 0.004226 0.006365
5 0.636130 0.349300 0.002717 0.005411
5 0.604588 0.349459 0.004829 0.005092
5 0.580893 0.346595 0.005735 0.004456
5 0.156505 0.601687 0.006339 0.004774
5 0.071838 0.299650 0.001811 0.005411
5 0.230758 0.529440 0.004528 0.002228
5 0.397827 0.385105 0.003018 0.005729
5 0.559915 0.348027 0.006037 0.002864
8 0.065500 0.348822 0.006037 0.010185
5 0.724419 0.325589 0.006641 0.005092
5 0.226381 0.344685 0.006037 0.004456
5 0.343495 0.495544 0.004829 0.003819
5 0.342590 0.492043 0.005433 0.003819
5 0.202988 0.370306 0.005131 0.003501
5 0.084666 0.404679 0.004528 0.006684
5 0.150770 0.055220 0.005131 0.005411
11 0.180652 0.307766 0.008150 0.025461
11 0.424691 0.345003 0.012677 0.004456
5 0.514488 0.074316 0.005131 0.003501
5 0.739360 0.214036 0.005735 0.004774
5 0.571084 0.046467 0.004226 0.003183
5 0.662089 0.183482 0.003320 0.005411
5 0.322366 0.457034 0.006037 0.005092
5 0.329158 0.503819 0.006339 0.003183
5 0.034259 0.311744 0.005131 0.002228
5 0.199668 0.337365 0.005735 0.003183
5 0.398280 0.486951 0.005131 0.001910
5 0.496227 0.349936 0.006037 0.002864
5 0.500906 0.360280 0.005131 0.002546
5 0.834893 0.260980 0.005433 0.003183
5 0.698612 0.304424 0.003320 0.006047
8 0.581044 0.591820 0.008452 0.004774
8 0.909146 0.025461 0.012074 0.005092
5 0.998793 0.027689 0.002415 0.003819
5 0.701328 0.293762 0.003320 0.005092
5 0.324479 0.208943 0.005433 0.006047
5 0.466496 0.397358 0.003924 0.006684
5 0.088439 0.395926 0.004829 0.007638
5 0.079686 0.470242 0.006037 0.005411
5 0.304256 0.575748 0.005433 0.005729
5 0.042409 0.295353 0.004528 0.005729
5 0.134923 0.202101 0.006037 0.008275
8 0.125113 0.198918 0.005131 0.008912
5 0.419107 0.070019 0.006339 0.004456
5 0.533504 0.212763 0.006339 0.002864
5 0.222155 0.268300 0.006641 0.006365
5 0.022487 0.304583 0.002717 0.005092
5 0.129490 0.558880 0.002415 0.005729
5 0.199819 0.530395 0.005433 0.002228
5 0.166918 0.527530 0.002415 0.006047
5 0.254452 0.541534 0.002415 0.005411
5 0.578781 0.306652 0.003320 0.004137
5 0.540296 0.478517 0.004829 0.004137
5 0.733625 0.270210 0.003924 0.005729
5 0.827347 0.080522 0.004226 0.007002
5 0.900543 0.193189 0.003320 0.005092
5 0.873529 0.090229 0.006037 0.003501
8 0.856927 0.094208 0.007244 0.003819
5 0.821612 0.240770 0.004226 0.006047
5 0.568216 0.153883 0.005735 0.006684
5 0.632508 0.292489 0.005735 0.004456
5 0.569122 0.350255 0.005735 0.004137
5 0.578932 0.336887 0.004829 0.003501
5 0.343948 0.499523 0.005735 0.003501
5 0.342892 0.488065 0.004829 0.004774
5 0.146393 0.416454 0.007244 0.004774
5 0.017960 0.585614 0.007546 0.007002
5 0.145487 0.121260 0.003622 0.004456
5 0.182614 0.033259 0.004226 0.004774
5 0.739360 0.218014 0.006942 0.005092
5 0.566405 0.127467 0.005131 0.004137
5 0.570027 0.235678 0.003924 0.006047
5 0.511621 0.273074 0.006037 0.006365
5 0.355569 0.472470 0.004226 0.006684
5 0.057350 0.500477 0.006037 0.006047
5 0.058708 0.578771 0.005735 0.006047
5 0.058557 0.313972 0.005433 0.003501
5 0.035466 0.394017 0.005131 0.003183
5 0.181256 0.530554 0.002717 0.003819
5 0.011621 0.784373 0.003924 0.004774
5 0.521129 0.351528 0.004528 0.002864
5 0.575611 0.367600 0.002415 0.005729
5 0.505886 0.363940 0.004829 0.002228
5 0.519016 0.365213 0.005131 0.002228
5 0.633414 0.367919 0.004528 0.002546
5 0.741775 0.370624 0.005131 0.003501
5 0.728796 0.295194 0.005131 0.004774
5 0.730305 0.305697 0.002717 0.005411
5 0.953516 0.164704 0.004829 0.002864
8 0.367341 0.713399 0.003622 0.006684
8 0.316028 0.255570 0.008452 0.005729
5 0.998793 0.041693 0.002415 0.006365
5 0.977211 0.094048 0.005131 0.003501
5 0.588892 0.014481 0.005433 0.006047
5 0.684727 0.363304 0.006339 0.004137
5 0.455780 0.274666 0.006641 0.005092
5 0.401902 0.312222 0.004528 0.006365
5 0.354663 0.266709 0.006641 0.005729
5 0.319801 0.337683 0.005131 0.003183
5 0.343646 0.484405 0.005131 0.003819
5 0.343193 0.479313 0.004226 0.004456
5 0.132810 0.420751 0.004829 0.001910
5 0.080290 0.406906 0.004226 0.006684
5 0.054633 0.436187 0.004829 0.007320
5 0.008452 0.588797 0.005433 0.005729
5 0.009055 0.269892 0.006037 0.007002
5 0.201328 0.123329 0.004829 0.006047
8 0.447027 0.338797 0.007244 0.004137
5 0.410655 0.107416 0.005735 0.008593
5 0.038334 0.289943 0.003018 0.005729
5 0.211742 0.531827 0.004528 0.002546
5 0.232569 0.538670 0.002717 0.004774
5 0.563839 0.346117 0.005433 0.003501
5 0.563387 0.363304 0.005131 0.002228
5 0.882282 0.284055 0.005433 0.004137
5 0.727136 0.255570 0.003622 0.005092
5 0.725928 0.236314 0.005433 0.002864
5 0.196046 0.321770 0.005735 0.005092
5 0.560217 0.353596 0.004829 0.004456
5 0.329309 0.448918 0.005433 0.006047
5 0.048144 0.483450 0.005131 0.006365
5 0.056746 0.035964 0.004226 0.005092
10 0.092212 0.121897 0.007546 0.007002
5 0.738907 0.011776 0.004226 0.005729
5 0.728041 0.096435 0.006037 0.005092
5 0.616662 0.349777 0.004226 0.007638
5 0.462421 0.239020 0.003018 0.005092
5 0.361002 0.490452 0.005433 0.003819
5 0.015545 0.303310 0.003320 0.004456
5 0.269846 0.544080 0.002415 0.006047
5 0.001509 0.792011 0.003018 0.002864
5 0.476758 0.317950 0.003320 0.005092
5 0.584365 0.347868 0.002415 0.004456
5 0.557501 0.479472 0.006037 0.002864
5 0.961817 0.217855 0.003320 0.006047
5 0.990039 0.218651 0.006037 0.006365
5 0.671899 0.006047 0.004226 0.006365
5 0.332176 0.266550 0.004528 0.004137
5 0.324479 0.228039 0.004226 0.004774
5 0.324479 0.222629 0.003018 0.006047
5 0.284938 0.332909 0.006037 0.005092
5 0.334289 0.513208 0.003320 0.005411
5 0.343948 0.510980 0.005131 0.004774
5 0.429671 0.480267 0.004528 0.003819
5 0.326290 0.368237 0.005433 0.005092
5 0.230003 0.431095 0.006037 0.003501
5 0.084214 0.425048 0.004829 0.008593
5 0.284334 0.537874 0.006641 0.005092
5 0.098098 0.123647 0.005433 0.004774
8 0.221702 0.126194 0.005735 0.004137
8 0.331422 0.389561 0.003622 0.006365
5 0.544974 0.141311 0.006339 0.005092
5 0.727286 0.092139 0.005735 0.003501
5 0.478720 0.126353 0.002415 0.003819
