5 0.987743 0.942620 0.006380 0.005774
5 0.997314 0.901480 0.005373 0.005774
5 0.998657 0.900217 0.002686 0.005413
5 0.970114 0.941176 0.006044 0.004331
14 0.998825 0.579755 0.002351 0.006857
14 0.996474 0.579033 0.007052 0.004691
10 0.455843 0.505413 0.009066 0.012631
46 0.948455 0.911584 0.009066 0.005052
46 0.950134 0.914110 0.008395 0.006496
46 0.951142 0.917900 0.008395 0.005413
46 0.952653 0.920967 0.008059 0.005052
46 0.955003 0.923493 0.005373 0.005774
13 0.252015 0.951462 0.005037 0.006857
48 0.967092 0.896247 0.021491 0.026344
48 0.986064 0.856730 0.012424 0.009383
