53 0.959691 0.005237 0.049043 0.010473
53 0.744374 0.032503 0.044340 0.065005
48 0.806685 0.007223 0.039301 0.014446
48 0.846322 0.000542 0.021162 0.001083
48 0.886127 0.002889 0.026873 0.005778
48 0.632348 0.000722 0.018475 0.001445
48 0.935338 0.016974 0.019147 0.033947
58 0.519315 0.613759 0.018139 0.014085
58 0.482869 0.628566 0.017803 0.013362
58 0.545516 0.667389 0.022170 0.015890
58 0.420054 0.697725 0.023850 0.019502
48 0.851025 0.151860 0.077595 0.060311
5 0.733289 0.016071 0.004031 0.002528
48 0.776957 0.030878 0.016124 0.037198
48 0.856903 0.010473 0.022842 0.015168
48 0.660228 0.031961 0.015116 0.014807
48 0.728922 0.035211 0.013436 0.035753
48 0.882432 0.034489 0.016124 0.038642
48 0.913336 0.046948 0.044340 0.014446
48 0.678535 0.084868 0.034263 0.013001
48 0.784011 0.081076 0.018139 0.037198
48 0.886799 0.080715 0.037622 0.019140
48 0.651831 0.066269 0.017803 0.035753
48 0.684582 0.023294 0.016124 0.015529
5 0.753611 0.017154 0.007054 0.003973
5 0.751092 0.006320 0.004703 0.003250
48 0.816930 0.096244 0.038294 0.021307
5 0.623782 0.042254 0.004031 0.002889
5 0.735136 0.019140 0.004367 0.002167
48 0.633524 0.040448 0.035606 0.028169
48 0.722539 0.075659 0.034263 0.015529
5 0.754283 0.027627 0.008398 0.003250
53 0.945247 0.093716 0.085321 0.035753
5 0.755794 0.029975 0.005375 0.003611
48 0.815922 0.039003 0.047699 0.021668
5 0.735136 0.022210 0.003695 0.002528
48 0.692980 0.053268 0.012093 0.029975
5 0.713638 0.084507 0.003695 0.003611
5 0.736984 0.024196 0.004031 0.002167
48 0.867316 0.050199 0.018811 0.018779
5 0.751931 0.012821 0.006382 0.003250
