48 0.809140 0.691766 0.048387 0.043698
48 0.548555 0.370531 0.056116 0.045504
48 0.909106 0.574395 0.054099 0.045143
48 0.666835 0.510112 0.062164 0.060311
48 0.724630 0.588660 0.052755 0.043337
48 0.843414 0.492777 0.050403 0.044420
48 0.920027 0.484652 0.051075 0.041170
48 0.579469 0.403936 0.060148 0.056699
48 0.830981 0.583243 0.045699 0.043337
48 0.897345 0.560672 0.052755 0.048754
48 0.695565 0.548754 0.061156 0.063922
48 0.855343 0.508306 0.047379 0.050921
48 0.824429 0.706392 0.056788 0.043337
48 0.670699 0.819249 0.044355 0.011195
48 0.608703 0.441315 0.062836 0.054893
48 0.668011 0.801192 0.046371 0.010473
48 0.803427 0.550740 0.051075 0.048393
48 0.751176 0.622427 0.047379 0.041531
48 0.532258 0.345612 0.061828 0.053449
48 0.637097 0.476165 0.059812 0.057421
48 0.502352 0.308595 0.060484 0.061033
48 0.884577 0.540990 0.051411 0.049837
48 0.892977 0.452691 0.052083 0.045143
48 0.818380 0.569520 0.050739 0.052727
48 0.788810 0.535934 0.058132 0.047671
48 0.782258 0.654027 0.051075 0.043337
48 0.794187 0.670459 0.050067 0.042254
48 0.856183 0.620441 0.047715 0.050560
48 0.946069 0.520224 0.052755 0.045143
48 0.843078 0.604912 0.053763 0.052727
48 0.871640 0.525822 0.046371 0.046948
48 0.836862 0.725352 0.050067 0.038642
12 0.672715 0.763272 0.010081 0.003973
12 0.674395 0.768328 0.009409 0.004695
12 0.675235 0.772481 0.009745 0.004334
11 0.667171 0.755146 0.021169 0.004334
10 0.650706 0.757674 0.007728 0.004334
10 0.650706 0.762369 0.009073 0.003611
13 0.664315 0.773745 0.005376 0.008306
53 0.663306 0.766522 0.039651 0.029975
53 0.709677 0.740520 0.034274 0.010473
53 0.763945 0.738714 0.029234 0.009751
48 0.752016 0.855905 0.006048 0.003611
10 0.764449 0.864753 0.008065 0.002528
48 0.711021 0.888949 0.018145 0.021307
48 0.724966 0.888046 0.015793 0.019502
48 0.740927 0.886060 0.020161 0.019863
48 0.757392 0.886602 0.018145 0.020946
48 0.775874 0.882810 0.018145 0.017696
48 0.791499 0.883171 0.016465 0.018418
48 0.680780 0.892199 0.016801 0.024196
48 0.696573 0.891477 0.016801 0.021307
7 0.906754 0.877934 0.005712 0.007223
53 0.960349 0.975984 0.049059 0.048032
53 0.744960 0.999278 0.044355 0.001445
48 0.719422 0.951607 0.030242 0.052727
48 0.843750 0.881907 0.030914 0.024558
48 0.813172 0.881365 0.030914 0.020585
7 0.995464 0.934995 0.005040 0.008667
5 0.965894 0.934272 0.003696 0.007223
48 0.990423 0.734922 0.019153 0.027447
48 0.977823 0.746298 0.024194 0.024919
48 0.962030 0.759299 0.026882 0.024919
48 0.988575 0.698989 0.022849 0.021307
48 0.973118 0.710726 0.026882 0.020224
48 0.959845 0.723908 0.029234 0.023474
48 0.943548 0.737450 0.028898 0.025280
48 0.936156 0.688877 0.028226 0.026363
48 0.920363 0.702961 0.026882 0.027086
48 0.893145 0.712170 0.018145 0.023835
48 0.962702 0.842904 0.022849 0.031058
48 0.958669 0.876309 0.004032 0.009029
48 0.968750 0.873781 0.012769 0.011195
48 0.965726 0.880823 0.015457 0.007223
48 0.827957 0.847960 0.050403 0.032503
48 0.722950 0.852293 0.046035 0.035392
48 0.617271 0.813832 0.064516 0.054532
48 0.378360 0.912243 0.014113 0.021668
47 0.458333 0.850668 0.011425 0.009029
46 0.126008 0.578909 0.009409 0.007945
47 0.204469 0.501806 0.009745 0.009751
48 0.724798 0.067895 0.032930 0.020946
48 0.691868 0.080715 0.012769 0.012640
48 0.669691 0.085771 0.034274 0.035031
48 0.690692 0.099494 0.012433 0.011918
48 0.981687 0.000000 0.036626 0.000000
48 0.950101 0.004875 0.046707 0.009751
48 0.946573 0.038462 0.026882 0.019863
48 0.914483 0.004875 0.013105 0.009751
48 0.939516 0.026724 0.028226 0.022391
48 0.875000 0.028350 0.070565 0.056699
48 0.920027 0.059227 0.034946 0.030336
48 0.007056 0.634525 0.014113 0.036114
48 0.058636 0.556519 0.047379 0.036836
48 0.071909 0.572409 0.047715 0.039003
48 0.019321 0.584326 0.038642 0.036114
48 0.033434 0.602745 0.042675 0.041892
48 0.091902 0.598953 0.043347 0.036475
48 0.104503 0.616107 0.048387 0.042615
48 0.126848 0.643373 0.042675 0.037920
48 0.068212 0.651679 0.040995 0.034308
48 0.085853 0.673528 0.045363 0.031780
48 0.160618 0.688877 0.053091 0.034308
48 0.176915 0.709281 0.046707 0.041892
48 0.119624 0.720116 0.050403 0.036114
48 0.134409 0.738895 0.046371 0.038281
48 0.049899 0.702420 0.050739 0.038281
48 0.063004 0.725894 0.044691 0.041170
48 0.082829 0.750993 0.042675 0.040087
48 0.098622 0.768508 0.048723 0.041170
48 0.017977 0.658902 0.035954 0.042254
48 0.027554 0.678043 0.044355 0.043698
48 0.108703 0.801553 0.031922 0.024919
48 0.122816 0.820513 0.032594 0.027447
48 0.039987 0.781510 0.027554 0.020224
48 0.014449 0.796858 0.023522 0.020585
48 0.035114 0.803178 0.015793 0.015168
48 0.054940 0.802997 0.026546 0.022030
48 0.072245 0.826472 0.024866 0.020585
48 0.263273 0.830986 0.066196 0.025280
48 0.265961 0.808595 0.064852 0.023113
48 0.262433 0.785663 0.065188 0.023474
48 0.262937 0.761647 0.064180 0.024558
48 0.264785 0.734020 0.067204 0.022030
48 0.263609 0.711809 0.069556 0.023835
48 0.261425 0.689057 0.065860 0.020946
48 0.259409 0.666125 0.068548 0.021307
48 0.405578 0.683640 0.065188 0.020946
48 0.400370 0.492777 0.066868 0.024919
48 0.392137 0.423799 0.077285 0.026363
48 0.519153 0.427411 0.020833 0.024196
48 0.536458 0.454857 0.026546 0.025641
48 0.557796 0.472914 0.027554 0.026363
48 0.544355 0.490069 0.016801 0.013723
48 0.530242 0.476345 0.014113 0.022391
48 0.629872 0.585410 0.072917 0.075117
48 0.690020 0.639581 0.021841 0.022391
48 0.612399 0.858252 0.048723 0.034308
48 0.742944 0.944384 0.033602 0.074395
48 0.772009 0.942037 0.033938 0.068256
48 0.798387 0.938245 0.034946 0.067172
48 0.878360 0.911701 0.018817 0.019140
48 0.890289 0.936800 0.035282 0.039726
48 0.913810 0.920188 0.044019 0.049115
48 0.972950 0.890574 0.017137 0.018057
48 0.929435 0.851571 0.016801 0.015168
48 0.932796 0.806609 0.025538 0.025641
48 0.925571 0.824847 0.016465 0.015168
48 0.861055 0.748285 0.050067 0.036114
48 0.868280 0.772842 0.035618 0.033947
48 0.893985 0.786566 0.052755 0.052727
48 0.801915 0.812207 0.023185 0.021668
48 0.926747 0.597869 0.057796 0.054532
48 0.863911 0.379198 0.056452 0.055616
48 0.803259 0.313290 0.062836 0.068978
48 0.760081 0.259299 0.053091 0.059227
48 0.721102 0.211448 0.051075 0.055255
48 0.681788 0.221921 0.028226 0.029975
48 0.702789 0.244854 0.029906 0.030336
48 0.679099 0.161250 0.051075 0.048754
48 0.639449 0.172445 0.028226 0.024919
48 0.656250 0.201156 0.018145 0.018779
48 0.613407 0.077826 0.028562 0.024919
48 0.627184 0.096244 0.032594 0.027808
48 0.646001 0.115023 0.043347 0.048754
48 0.584845 0.060311 0.056788 0.055616
48 0.527050 0.105453 0.054099 0.046948
48 0.544523 0.123871 0.060148 0.052727
48 0.566532 0.150596 0.061828 0.054893
48 0.586190 0.174431 0.064180 0.054893
48 0.476647 0.144818 0.060148 0.042615
48 0.493448 0.165944 0.059476 0.054532
48 0.512769 0.190321 0.070565 0.055616
48 0.537130 0.213976 0.066196 0.054532
48 0.567708 0.255869 0.074261 0.063922
48 0.596438 0.289094 0.069220 0.058144
48 0.615423 0.316901 0.055444 0.048754
48 0.648858 0.287830 0.021505 0.027447
48 0.685148 0.260563 0.021505 0.024196
48 0.639785 0.343265 0.063844 0.049476
48 0.723454 0.272842 0.026210 0.028530
48 0.452453 0.353738 0.044019 0.053810
48 0.386761 0.311123 0.008737 0.008306
48 0.359543 0.312748 0.008737 0.012279
48 0.300739 0.308053 0.060484 0.026724
48 0.288978 0.274287 0.057796 0.057421
48 0.323757 0.281871 0.041331 0.035753
48 0.356687 0.281148 0.028562 0.027808
48 0.369792 0.271578 0.016465 0.021668
48 0.153898 0.265078 0.038978 0.044782
48 0.189348 0.284218 0.016465 0.020224
48 0.193548 0.243048 0.028898 0.028169
48 0.204133 0.226797 0.018481 0.018057
48 0.162130 0.245757 0.023185 0.023474
48 0.432292 0.125677 0.024530 0.020224
48 0.460685 0.120441 0.033602 0.027086
48 0.506048 0.087216 0.028898 0.024919
48 0.806116 0.005778 0.016129 0.011557
48 0.739415 0.039545 0.026546 0.018418
48 0.949429 0.133983 0.035282 0.031780
48 0.974798 0.168472 0.018145 0.022030
48 0.994456 0.184001 0.011089 0.011918
48 0.993112 0.210365 0.013777 0.016974
48 0.986727 0.217768 0.013777 0.020224
48 0.971774 0.223546 0.036962 0.037559
48 0.950605 0.241242 0.025538 0.023835
48 0.922379 0.263633 0.022177 0.026002
48 0.858199 0.227700 0.019489 0.025641
48 0.846102 0.239437 0.017473 0.022391
47 0.916163 0.384977 0.017137 0.021668
5 0.759409 0.692308 0.006720 0.004334
5 0.761425 0.695377 0.005376 0.005417
10 0.728831 0.674612 0.002688 0.006501
14 0.728999 0.797219 0.011089 0.003973
13 0.730679 0.793608 0.008401 0.003250
12 0.672715 0.758758 0.010081 0.004334
48 0.999160 0.393463 0.001680 0.024196
48 0.991095 0.405200 0.017809 0.026002
48 0.978495 0.417660 0.028898 0.021307
48 0.963374 0.431203 0.029570 0.023113
48 0.999496 0.425244 0.001008 0.024196
48 0.991431 0.438245 0.017137 0.023474
48 0.981351 0.449621 0.028562 0.028169
50 0.704637 0.428133 0.061828 0.045143
48 0.805780 0.460816 0.086694 0.067895
48 0.995800 0.842181 0.008401 0.021668
48 0.478327 0.705850 0.062164 0.014807
48 0.408938 0.826472 0.060484 0.016251
48 0.402554 0.586132 0.057124 0.016612
48 0.005880 0.735103 0.011761 0.015529
48 0.947917 0.166125 0.029570 0.031058
48 0.870632 0.878476 0.034946 0.022752
48 0.626008 0.893644 0.028898 0.019863
48 0.807292 0.999639 0.039315 0.000722
48 0.938004 0.080354 0.033938 0.029252
48 0.752184 0.453413 0.015793 0.016974
48 0.394825 0.447454 0.068548 0.018779
48 0.400370 0.565547 0.057460 0.015890
48 0.552083 0.605995 0.069220 0.015890
48 0.574093 0.904117 0.015793 0.017696
48 0.993784 0.078368 0.012433 0.034670
48 0.774530 0.338570 0.045699 0.051643
48 0.709005 0.455760 0.024194 0.020946
48 0.334005 0.447273 0.028898 0.017696
48 0.475638 0.538642 0.063508 0.017696
48 0.668515 0.855543 0.040659 0.032503
48 0.574429 0.956121 0.027218 0.069700
48 0.743616 0.053449 0.022849 0.010112
48 0.683300 0.105814 0.015121 0.010112
48 0.954301 0.673167 0.018145 0.024558
48 0.796203 0.400506 0.013777 0.014446
48 0.609375 0.137053 0.038642 0.053810
48 0.331149 0.427591 0.031922 0.016612
48 0.473622 0.517154 0.063508 0.024558
48 0.481855 0.823763 0.055108 0.017335
48 0.689516 0.949440 0.029570 0.069339
48 0.004872 0.534670 0.009745 0.026363
48 0.721942 0.382087 0.017809 0.020946
48 0.472110 0.274828 0.060484 0.036114
48 0.335853 0.829180 0.055444 0.015890
48 0.233703 0.363669 0.028562 0.014446
48 0.256552 0.523835 0.057460 0.019863
48 0.474798 0.631455 0.056452 0.019863
48 0.478327 0.657096 0.058804 0.020585
48 0.406082 0.801553 0.060820 0.019863
48 0.328965 0.638498 0.059140 0.017335
48 0.755544 0.504875 0.046035 0.041892
48 0.234207 0.386782 0.026882 0.020224
48 0.302419 0.383351 0.028226 0.018418
48 0.693044 0.725533 0.058804 0.016612
48 0.603831 0.966233 0.021505 0.054532
48 0.078125 0.490610 0.017137 0.025641
48 0.329469 0.566811 0.054772 0.017696
48 0.479839 0.680932 0.058468 0.017696
48 0.764449 0.414410 0.046371 0.032864
48 0.554604 0.537378 0.073589 0.013001
48 0.475470 0.586132 0.065860 0.019502
48 0.674059 0.673528 0.017473 0.033947
48 0.767809 0.816721 0.045699 0.016251
48 0.770497 0.798122 0.047715 0.013001
48 0.334005 0.687793 0.051747 0.017696
48 0.259073 0.595522 0.054435 0.020946
48 0.972278 0.023474 0.035954 0.032503
48 0.825437 0.401047 0.033266 0.035753
48 0.754536 0.370711 0.042003 0.022752
48 0.404570 0.659805 0.059140 0.015168
48 0.595430 0.897255 0.028226 0.017696
48 0.027218 0.539003 0.025538 0.022752
48 0.239415 0.431203 0.027890 0.015168
48 0.334341 0.468581 0.026882 0.015529
48 0.554435 0.513543 0.061828 0.017335
48 0.992104 0.158541 0.015793 0.028891
48 0.973454 0.659624 0.017473 0.022030
48 0.722950 0.447093 0.013777 0.015168
48 0.235383 0.406464 0.029234 0.019863
48 0.402890 0.610870 0.063172 0.019140
48 0.706653 0.309679 0.039651 0.024919
48 0.672715 0.315818 0.018817 0.019140
48 0.328629 0.520766 0.059140 0.018779
48 0.553931 0.654930 0.068212 0.016251
48 0.917507 0.987541 0.025202 0.017696
48 0.953629 0.052365 0.008737 0.008667
48 0.550739 0.559588 0.067876 0.013362
48 0.611727 0.700795 0.023185 0.017696
48 0.336862 0.734922 0.056116 0.020224
48 0.338542 0.805887 0.058132 0.019140
48 0.856687 0.932647 0.023858 0.045865
48 0.405578 0.706934 0.065860 0.021307
48 0.258737 0.617913 0.053763 0.018057
48 0.707157 0.085590 0.020497 0.016612
48 0.696909 0.040087 0.026882 0.031058
48 0.640793 0.037920 0.018145 0.013723
48 0.728159 0.319610 0.018145 0.020224
48 0.260249 0.362044 0.027218 0.016974
48 0.554099 0.700975 0.063844 0.018057
48 0.626680 0.675695 0.015457 0.013723
48 0.715894 0.690141 0.058132 0.014446
48 0.333669 0.758397 0.059140 0.021668
48 0.975974 0.142109 0.031250 0.018418
48 0.110719 0.532864 0.025202 0.017696
48 0.984375 0.060672 0.031250 0.030336
48 0.860887 0.443843 0.016801 0.018779
48 0.265961 0.471470 0.025202 0.016251
48 0.403394 0.543337 0.060148 0.019140
48 0.253360 0.547129 0.060484 0.015168
48 0.405074 0.731492 0.059476 0.018418
48 0.745464 0.300650 0.023185 0.019140
48 0.738239 0.462983 0.020161 0.015890
48 0.475302 0.563019 0.057460 0.021668
48 0.768985 0.762911 0.043347 0.035031
48 0.019993 0.758035 0.017137 0.018057
5 0.772513 0.849765 0.041667 0.028891
48 0.847614 0.424521 0.025874 0.028530
48 0.748824 0.339112 0.021841 0.020224
48 0.683972 0.335861 0.015793 0.015890
48 0.261929 0.384796 0.029234 0.015529
48 0.329805 0.382629 0.027890 0.022030
48 0.238575 0.451788 0.024866 0.014446
48 0.649026 0.727158 0.020497 0.030697
48 0.260081 0.640665 0.056452 0.020224
48 0.846942 0.995847 0.021169 0.008306
48 0.921539 0.013723 0.007728 0.010112
48 0.633401 0.025099 0.022177 0.018418
48 0.888441 0.409715 0.030242 0.029252
48 0.712030 0.425244 0.036962 0.022752
48 0.255376 0.570061 0.057124 0.018418
48 0.482527 0.778259 0.056452 0.019502
48 0.830309 0.937342 0.022177 0.063200
48 0.305108 0.361863 0.028898 0.022391
48 0.396673 0.470567 0.070901 0.016612
48 0.886761 0.994402 0.026882 0.011195
48 0.721270 0.474178 0.018481 0.012279
48 0.329973 0.546407 0.057124 0.018057
48 0.481183 0.728422 0.053763 0.020224
48 0.662466 0.697905 0.016465 0.027808
48 0.481015 0.799747 0.056788 0.019140
48 0.659610 0.949440 0.024194 0.080896
48 0.305948 0.446912 0.025874 0.019140
48 0.554099 0.751535 0.059812 0.018779
48 0.409106 0.755507 0.053427 0.018779
48 0.329301 0.614121 0.054435 0.014807
48 0.334173 0.780968 0.055444 0.014807
48 0.033098 0.512821 0.019825 0.018779
48 0.330813 0.404117 0.030578 0.021668
48 0.263777 0.450704 0.025538 0.013723
48 0.554940 0.774648 0.054772 0.014446
48 0.329133 0.589021 0.054772 0.015890
48 0.455477 0.246118 0.055444 0.036475
48 0.329133 0.360419 0.029906 0.020946
48 0.252688 0.497472 0.061156 0.017696
48 0.991431 0.643554 0.016465 0.021668
48 0.783266 0.382268 0.015457 0.016974
48 0.654738 0.257855 0.017137 0.018057
48 0.335349 0.711268 0.061156 0.017696
48 0.735719 0.400144 0.013777 0.015890
48 0.734543 0.435536 0.014785 0.015890
50 0.657258 0.365836 0.055108 0.044782
48 0.401042 0.517515 0.060820 0.026002
48 0.481519 0.754966 0.055780 0.016974
48 0.404570 0.633983 0.057796 0.016251
48 0.004872 0.775190 0.009745 0.014807
48 0.548051 0.955218 0.034946 0.083785
48 0.974966 0.925244 0.023185 0.027447
48 0.551075 0.583062 0.071237 0.019140
48 0.552419 0.628747 0.067204 0.018057
48 0.744456 0.719935 0.018481 0.041531
48 0.972782 0.113037 0.016129 0.023113
48 0.632896 0.955760 0.018481 0.088480
48 0.848286 0.281510 0.042003 0.045143
48 0.712030 0.350668 0.045699 0.028891
48 0.995128 0.205128 0.009745 0.008667
48 0.089382 0.516071 0.016129 0.023835
48 0.734039 0.286024 0.023185 0.019502
48 0.554435 0.678945 0.063172 0.015890
48 0.556788 0.725713 0.062500 0.019863
48 0.718750 0.764536 0.043011 0.029614
48 0.428763 0.219393 0.059140 0.031419
48 0.237567 0.472553 0.024194 0.015529
48 0.332661 0.665222 0.052419 0.018779
48 0.935988 0.997291 0.019153 0.005417
48 0.308468 0.471289 0.024866 0.016612
48 0.326613 0.494583 0.055780 0.019140
48 0.476478 0.608162 0.061828 0.017335
48 0.405410 0.780065 0.059476 0.018779
48 0.655746 0.888407 0.029906 0.015168
