48 0.002184 0.735283 0.004368 0.027447
48 0.003696 0.699350 0.007392 0.021307
48 0.010081 0.000181 0.020161 0.000361
48 0.002688 0.184363 0.005376 0.011918
48 0.002184 0.210726 0.004368 0.016974
48 0.012937 0.393824 0.025874 0.024196
48 0.006048 0.405562 0.012097 0.026002
48 0.011761 0.425605 0.023522 0.024196
48 0.005208 0.438606 0.010417 0.023474
48 0.008233 0.842542 0.016465 0.021668
48 0.014785 0.078729 0.029570 0.034670
48 0.007392 0.158902 0.014785 0.028891
48 0.005712 0.061033 0.011425 0.030336
48 0.000000 0.643915 0.000000 0.021668
48 0.007392 0.205489 0.014785 0.008667
48 0.154402 0.619538 0.024530 0.022030
48 0.169355 0.636150 0.025538 0.019140
48 0.126848 0.585771 0.026546 0.024558
48 0.105679 0.603828 0.019153 0.021668
48 0.143985 0.656374 0.021841 0.022030
48 0.132897 0.638137 0.022513 0.023835
48 0.140289 0.603286 0.022513 0.024196
48 0.115087 0.567895 0.029234 0.023474
48 0.118448 0.622246 0.022513 0.024558
48 0.091734 0.587396 0.023522 0.022030
58 0.255544 0.098953 0.017137 0.012279
58 0.239919 0.128386 0.016801 0.011195
58 0.314180 0.238173 0.023522 0.016974
58 0.297379 0.304261 0.017473 0.012640
58 0.278394 0.314915 0.017809 0.010834
58 0.324597 0.439148 0.016129 0.012279
58 0.307292 0.454677 0.017137 0.011557
58 0.356855 0.453774 0.019489 0.014085
58 0.378360 0.687071 0.017473 0.012640
58 0.404738 0.685807 0.025202 0.014446
58 0.363407 0.719213 0.018481 0.012640
58 0.458669 0.948718 0.025538 0.016612
58 0.431788 0.950885 0.019489 0.014446
58 0.409610 0.951246 0.018817 0.013723
46 0.068212 0.264717 0.017473 0.019502
48 0.168011 0.232394 0.034946 0.026363
48 0.199429 0.217226 0.027218 0.023474
48 0.182628 0.236367 0.032594 0.027808
48 0.237567 0.288010 0.040323 0.028530
47 0.396505 0.313832 0.011425 0.010112
48 0.090222 0.703684 0.027890 0.026363
48 0.106687 0.704406 0.011761 0.011918
48 0.048051 0.751535 0.034274 0.043337
48 0.400370 0.349585 0.044691 0.039726
5 0.356015 0.001083 0.003024 0.002167
5 0.364415 0.000542 0.003024 0.001083
5 0.362903 0.001445 0.004032 0.002889
5 0.388441 0.000181 0.004704 0.000361
5 0.384745 0.000722 0.004032 0.001445
5 0.382897 0.001806 0.004368 0.003611
53 0.453125 0.028711 0.043347 0.057421
48 0.419187 0.329902 0.024530 0.022030
5 0.409610 0.332250 0.006048 0.004334
10 0.388273 0.353016 0.008401 0.006139
10 0.390457 0.357169 0.007392 0.006501
48 0.231855 0.362586 0.035618 0.026002
48 0.231855 0.348862 0.036962 0.026724
5 0.333669 0.001264 0.004032 0.002528
48 0.321237 0.118454 0.026882 0.031058
48 0.339550 0.128386 0.029906 0.021307
48 0.371472 0.125677 0.032594 0.025280
48 0.333165 0.155291 0.035282 0.039003
48 0.366767 0.142831 0.031250 0.024196
11 0.545699 0.014626 0.007392 0.011195
5 0.341566 0.009751 0.006384 0.007223
5 0.345766 0.015168 0.004704 0.005056
5 0.349294 0.019140 0.005040 0.005778
5 0.351142 0.003070 0.004704 0.004695
5 0.353663 0.001445 0.003024 0.002889
5 0.360719 0.002347 0.003696 0.003973
5 0.359207 0.003973 0.004032 0.003611
5 0.357023 0.005778 0.003696 0.002889
5 0.355343 0.006862 0.003024 0.003611
5 0.381048 0.002709 0.004704 0.003973
5 0.379032 0.004334 0.005376 0.005056
5 0.376848 0.005598 0.003696 0.004695
5 0.374496 0.007042 0.004368 0.004695
5 0.372816 0.009570 0.004368 0.004695
5 0.370800 0.010473 0.003696 0.003611
5 0.368952 0.011557 0.004032 0.002889
5 0.366935 0.013723 0.004704 0.004334
5 0.365423 0.015349 0.004368 0.003973
5 0.364919 0.015529 0.004704 0.003611
5 0.363071 0.016612 0.005040 0.002889
5 0.380544 0.021488 0.005040 0.003973
5 0.385081 0.017876 0.005376 0.004695
5 0.389281 0.014626 0.005712 0.003973
5 0.398353 0.008667 0.005712 0.005778
5 0.399362 0.013543 0.005040 0.005417
48 0.311156 0.847779 0.041667 0.029252
48 0.289987 0.863669 0.013441 0.014807
48 0.027050 0.412423 0.025202 0.027447
48 0.120968 0.304984 0.031586 0.027808
48 0.105343 0.316901 0.031250 0.025641
48 0.089382 0.329722 0.030914 0.024558
48 0.106519 0.347779 0.028226 0.026724
48 0.122816 0.336042 0.025202 0.026363
48 0.140457 0.323583 0.029570 0.026724
48 0.144825 0.866197 0.029570 0.025641
48 0.159946 0.883171 0.029570 0.029252
48 0.191700 0.858072 0.026546 0.022391
48 0.138105 0.904839 0.027554 0.026363
48 0.106015 0.930480 0.024530 0.023474
48 0.087534 0.944745 0.026546 0.024558
48 0.136257 0.737812 0.029234 0.028169
48 0.110719 0.757494 0.026546 0.024196
48 0.081821 0.781510 0.026546 0.028169
48 0.074261 0.799747 0.015457 0.019863
48 0.053091 0.801192 0.020833 0.025641
48 0.024530 0.826110 0.027554 0.020585
10 0.163138 0.979415 0.010417 0.012279
48 0.233703 0.950163 0.013105 0.013723
5 0.195397 0.947815 0.005040 0.008306
48 0.290155 0.780065 0.027218 0.020224
48 0.056452 0.683279 0.020161 0.026002
48 0.031418 0.035392 0.019825 0.015168
48 0.031922 0.368003 0.020833 0.017335
48 0.105679 0.469122 0.023858 0.015890
48 0.174395 0.577465 0.020161 0.020224
48 0.041331 0.698808 0.012769 0.018779
48 0.124328 0.888046 0.017473 0.018057
48 0.142809 0.368725 0.024866 0.020946
48 0.064012 0.366378 0.018481 0.018418
48 0.115591 0.425605 0.018817 0.019863
48 0.088542 0.485554 0.017137 0.014807
48 0.160954 0.561033 0.022849 0.019863
48 0.216398 0.629650 0.017473 0.016974
48 0.220934 0.697544 0.026546 0.016974
48 0.197581 0.714879 0.022177 0.019140
48 0.052083 0.649151 0.023522 0.016974
48 0.024026 0.676779 0.017809 0.021668
48 0.011761 0.722282 0.014785 0.019502
48 0.079637 0.895088 0.018145 0.016251
5 0.395329 0.054713 0.005712 0.004695
48 0.249328 0.319791 0.020833 0.018418
48 0.139449 0.405200 0.020161 0.018779
48 0.149530 0.812026 0.018145 0.019140
5 0.367272 0.050199 0.006720 0.005056
48 0.053259 0.443843 0.018481 0.019502
48 0.200101 0.824485 0.020497 0.014446
48 0.085013 0.734742 0.017473 0.016974
48 0.044187 0.604009 0.017809 0.019863
48 0.067036 0.877934 0.019825 0.019502
6 0.483703 0.014085 0.004368 0.007945
5 0.364247 0.054713 0.005376 0.004695
48 0.146841 0.545323 0.021505 0.018779
48 0.017305 0.861502 0.019825 0.021307
5 0.392137 0.049657 0.005376 0.003973
5 0.430780 0.137053 0.002688 0.005417
48 0.077621 0.381907 0.018145 0.010473
48 0.212366 0.732936 0.019489 0.018418
5 0.393145 0.021488 0.006048 0.005417
48 0.052755 0.349765 0.019489 0.014807
48 0.100470 0.501986 0.014785 0.019502
48 0.203629 0.611773 0.017473 0.017335
48 0.313340 0.721741 0.016465 0.020585
48 0.081821 0.833514 0.017137 0.017335
48 0.045027 0.121163 0.041667 0.029252
48 0.206989 0.678223 0.021505 0.015890
48 0.190356 0.431925 0.021841 0.020224
48 0.085013 0.450524 0.020833 0.023474
48 0.077453 0.524377 0.023185 0.019502
48 0.157762 0.674431 0.015121 0.019140
48 0.283770 0.687613 0.016465 0.020946
48 0.031250 0.879379 0.019489 0.019502
5 0.407930 0.051643 0.006720 0.004334
5 0.384577 0.028530 0.005040 0.004334
48 0.073589 0.161972 0.048387 0.026363
48 0.327117 0.739798 0.022513 0.026363
48 0.151882 0.754424 0.022849 0.018779
48 0.071909 0.715421 0.016129 0.015890
48 0.026714 0.618093 0.019153 0.025641
48 0.070733 0.931383 0.020497 0.020946
5 0.360383 0.033225 0.006384 0.005778
48 0.012433 0.473456 0.015457 0.015168
48 0.251680 0.808956 0.018817 0.021668
48 0.138609 0.789996 0.014449 0.018418
5 0.410114 0.055255 0.005712 0.003611
5 0.402050 0.041531 0.005040 0.004334
5 0.384577 0.037559 0.005040 0.004334
48 0.058636 0.027447 0.025202 0.024558
48 0.171203 0.445287 0.017809 0.022391
48 0.184308 0.652402 0.023185 0.015529
48 0.109543 0.685627 0.016129 0.016974
48 0.147177 0.462622 0.016129 0.024558
48 0.227823 0.765258 0.023522 0.023113
48 0.161794 0.828097 0.020497 0.020224
48 0.089214 0.661069 0.027218 0.025641
48 0.040491 0.845251 0.016465 0.014807
48 0.108535 0.230047 0.016801 0.017335
48 0.177755 0.371975 0.015457 0.020224
48 0.160450 0.391297 0.017809 0.019140
48 0.132056 0.477068 0.014785 0.019502
48 0.052755 0.494041 0.018145 0.020946
48 0.183972 0.699350 0.023858 0.019140
5 0.395833 0.038462 0.004032 0.005417
48 0.111223 0.872337 0.018145 0.016974
48 0.058132 0.912243 0.020161 0.020224
5 0.390793 0.037198 0.004032 0.005056
5 0.420363 0.379198 0.006048 0.002889
48 0.100134 0.407367 0.020161 0.018779
48 0.099798 0.549657 0.022177 0.016612
48 0.059308 0.686529 0.017137 0.020224
48 0.043011 0.895991 0.014785 0.018057
5 0.376008 0.025641 0.005376 0.004334
48 0.210013 0.414771 0.021505 0.020585
48 0.271505 0.670820 0.015457 0.018418
48 0.027386 0.710004 0.015793 0.021668
48 0.095094 0.852654 0.016801 0.018057
48 0.132728 0.849585 0.019489 0.019140
48 0.052587 0.861683 0.017137 0.015168
48 0.093246 0.910979 0.019825 0.017696
5 0.395161 0.026544 0.004704 0.003973
48 0.219086 0.317082 0.028898 0.027447
48 0.025706 0.458649 0.019153 0.017335
53 0.365255 0.011195 0.071237 0.022391
48 0.089046 0.178584 0.049731 0.027086
48 0.213710 0.255146 0.023522 0.027086
48 0.255880 0.339112 0.018481 0.020224
48 0.085013 0.420368 0.018145 0.015890
48 0.116599 0.489527 0.016129 0.021307
48 0.124664 0.776995 0.015457 0.019863
48 0.176411 0.842904 0.017473 0.021668
48 0.104503 0.814915 0.021505 0.014085
48 0.031586 0.096786 0.037634 0.027447
48 0.065860 0.509029 0.026882 0.018418
48 0.186996 0.596786 0.018481 0.016974
48 0.175571 0.789094 0.020497 0.015890
5 0.310148 0.824124 0.005376 0.005056
48 0.101983 0.201156 0.050067 0.021668
48 0.029570 0.511918 0.020161 0.013362
48 0.210181 0.840737 0.024530 0.015890
48 0.105511 0.721921 0.018817 0.017335
48 0.218918 0.230047 0.021169 0.021668
48 0.159778 0.354280 0.023858 0.023113
48 0.126512 0.454496 0.019153 0.016251
48 0.234207 0.714157 0.021505 0.017696
48 0.007728 0.631094 0.015457 0.021307
55 0.239751 0.991874 0.031250 0.016251
6 0.480679 0.001083 0.005040 0.002167
5 0.390121 0.047129 0.004704 0.003973
48 0.039147 0.477068 0.021169 0.015890
48 0.044523 0.527808 0.021841 0.015529
48 0.297883 0.704225 0.018481 0.022391
48 0.248656 0.740339 0.020161 0.017335
5 0.404234 0.043337 0.006048 0.004334
48 0.044691 0.383713 0.022177 0.016251
48 0.132728 0.526002 0.019489 0.018418
48 0.163642 0.771578 0.018817 0.017696
6 0.459341 0.005598 0.016129 0.010473
5 0.380376 0.031600 0.004704 0.003973
48 0.059476 0.138859 0.050403 0.026363
48 0.100974 0.437703 0.019825 0.023113
48 0.068716 0.430841 0.020497 0.020224
48 0.056452 0.544059 0.025538 0.016974
48 0.066532 0.818707 0.017473 0.017335
5 0.392305 0.042073 0.003696 0.004695
5 0.422715 0.368003 0.006048 0.004334
48 0.189684 0.806789 0.021169 0.015168
6 0.458669 0.001445 0.016129 0.002889
5 0.402050 0.023113 0.005040 0.003611
6 0.262433 0.872517 0.015457 0.013001
48 0.067036 0.464247 0.017809 0.019140
48 0.240087 0.791622 0.019153 0.022391
48 0.119960 0.832069 0.020833 0.016612
6 0.417843 0.468581 0.005712 0.016251
5 0.409610 0.323944 0.005376 0.005056
48 0.057124 0.400144 0.020161 0.015890
48 0.123320 0.706753 0.014785 0.017335
48 0.095934 0.796497 0.019153 0.018418
48 0.274362 0.762550 0.023185 0.018418
48 0.037634 0.660527 0.016129 0.024558
10 0.443884 0.339473 0.007392 0.012279
5 0.410282 0.034850 0.003360 0.005417
5 0.393313 0.033767 0.004368 0.004695
5 0.389113 0.025099 0.005376 0.003973
48 0.018481 0.352654 0.024194 0.016974
48 0.017137 0.495486 0.023522 0.015168
48 0.076949 0.569881 0.015457 0.018057
48 0.256888 0.653666 0.021169 0.018057
48 0.073253 0.636331 0.018817 0.020224
48 0.073925 0.673890 0.020161 0.020946
5 0.404570 0.046948 0.005376 0.003611
5 0.410786 0.041712 0.003024 0.005417
5 0.407594 0.026363 0.002688 0.004334
48 0.123656 0.385518 0.022849 0.021307
48 0.040491 0.335320 0.021169 0.019863
48 0.288306 0.780787 0.023522 0.016612
5 0.356015 0.027808 0.005040 0.005056
6 0.351983 0.784760 0.006384 0.007945
