48 0.006904 0.622740 0.013808 0.016992
48 0.001453 0.649855 0.002907 0.014100
48 0.979833 0.001808 0.006904 0.003615
48 0.957304 0.097252 0.012718 0.018800
48 0.943859 0.079537 0.023619 0.025307
48 0.022892 0.556399 0.028343 0.018077
48 0.174419 0.943601 0.006541 0.010123
48 0.007631 0.403832 0.007267 0.005785
48 0.028343 0.635033 0.019622 0.021330
48 0.056504 0.567245 0.025073 0.016631
48 0.044695 0.591106 0.023983 0.024584
48 0.975836 0.129248 0.046148 0.036515
5 0.906250 0.097433 0.002907 0.005423
5 0.975654 0.103579 0.005814 0.004700
7 0.979833 0.104302 0.005451 0.006869
48 0.026344 0.798626 0.017078 0.013738
5 0.009266 0.660340 0.003997 0.004700
48 0.019440 0.662871 0.019259 0.016992
48 0.078670 0.649132 0.039608 0.022777
48 0.068314 0.681128 0.041424 0.026753
48 0.065225 0.604121 0.011991 0.011569
48 0.037064 0.534888 0.037791 0.022777
48 0.008176 0.502531 0.007631 0.007954
