9 0.612567 0.565704 0.011425 0.009386
9 0.596774 0.575632 0.013441 0.009747
5 0.889449 0.475271 0.006720 0.005415
5 0.933636 0.437545 0.005712 0.005054
42 0.935820 0.526895 0.012769 0.015523
40 0.233703 0.813177 0.019153 0.019134
33 0.756720 0.581588 0.024194 0.038989
40 0.730847 0.581408 0.018145 0.019856
42 0.905242 0.487004 0.007392 0.007220
43 0.915995 0.456859 0.014113 0.009747
39 0.983871 0.331047 0.013441 0.010830
33 0.308132 0.018773 0.019489 0.022383
40 0.910114 0.360469 0.018481 0.019134
