48 0.346274 0.197031 0.007312 0.015029
48 0.900418 0.778409 0.005571 0.005499
48 0.892584 0.797654 0.005919 0.003666
48 0.898155 0.802053 0.005223 0.004399
48 0.877611 0.811034 0.004526 0.003299
48 0.881267 0.812133 0.004178 0.003299
48 0.829735 0.839443 0.007660 0.007331
48 0.359157 0.203446 0.008008 0.010264
48 0.357242 0.195565 0.004178 0.005499
48 0.372563 0.209494 0.004875 0.005499
48 0.371692 0.215543 0.005223 0.008065
48 0.375348 0.215543 0.005571 0.009531
48 0.346100 0.221957 0.003482 0.002566
48 0.346623 0.228006 0.008008 0.008798
48 0.376393 0.226906 0.009053 0.006598
48 0.376045 0.233871 0.009053 0.006598
48 0.276811 0.249633 0.009749 0.008065
48 0.344011 0.255865 0.009053 0.006598
48 0.376915 0.271811 0.009401 0.017962
48 0.326776 0.274743 0.008008 0.012830
48 0.211873 0.454912 0.028900 0.033724
48 0.174965 0.465359 0.024721 0.018695
48 0.195857 0.429985 0.013579 0.014663
48 0.549443 0.457845 0.017409 0.019795
48 0.511838 0.496884 0.016017 0.026026
48 0.470056 0.486070 0.014624 0.013196
48 0.393106 0.460044 0.015320 0.014663
48 0.437500 0.394062 0.013579 0.013930
48 0.456999 0.398460 0.006616 0.008065
48 0.461351 0.402309 0.011142 0.010630
48 0.410341 0.405609 0.010097 0.016496
48 0.415216 0.412757 0.005919 0.005132
48 0.568593 0.402309 0.007660 0.009164
48 0.634227 0.464809 0.012187 0.011730
48 0.629004 0.479655 0.013579 0.015762
48 0.646414 0.471774 0.013579 0.013930
48 0.644499 0.503116 0.024373 0.039956
48 0.662082 0.464993 0.012883 0.015762
48 0.872389 0.851173 0.006616 0.006598
48 0.560585 0.763930 0.019499 0.016862
48 0.533252 0.739003 0.014972 0.011730
48 0.524721 0.751283 0.012535 0.013563
48 0.531685 0.771078 0.007660 0.010630
48 0.505397 0.707661 0.020543 0.013563
48 0.508879 0.697581 0.018454 0.013930
48 0.488684 0.635814 0.011490 0.015762
48 0.415564 0.645345 0.008008 0.007698
48 0.358461 0.671004 0.010097 0.009897
48 0.322423 0.640213 0.008357 0.009897
48 0.243210 0.609787 0.010097 0.012097
48 0.234157 0.614003 0.006616 0.005865
48 0.219708 0.585411 0.016713 0.016862
48 0.090877 0.568548 0.012535 0.010264
48 0.059366 0.553336 0.014276 0.012830
48 0.455432 0.518512 0.011838 0.011364
48 0.402507 0.551136 0.016713 0.017962
48 0.508357 0.540872 0.013928 0.012830
48 0.323468 0.855572 0.022284 0.014663
48 0.352019 0.833944 0.012535 0.020528
48 0.677228 0.471408 0.032033 0.032258
48 0.624652 0.437500 0.006964 0.006965
48 0.652333 0.448497 0.013579 0.015762
48 0.654944 0.457845 0.015320 0.020528
48 0.683496 0.439516 0.022981 0.035924
48 0.692201 0.449230 0.020195 0.024560
48 0.705606 0.407258 0.016365 0.017595
48 0.708914 0.393512 0.015320 0.015762
48 0.657904 0.385997 0.008705 0.008798
48 0.656859 0.395161 0.013579 0.014663
48 0.696901 0.361987 0.031685 0.045088
48 0.674443 0.326613 0.013231 0.015396
48 0.618210 0.333211 0.012187 0.014663
48 0.621170 0.380315 0.037604 0.023094
48 0.822598 0.374267 0.015669 0.015396
48 0.778552 0.405792 0.014624 0.019795
48 0.746344 0.385630 0.011490 0.012463
48 0.741121 0.395894 0.012883 0.013196
48 0.755223 0.403043 0.006964 0.009897
48 0.719708 0.446114 0.018106 0.014663
48 0.713440 0.458761 0.016713 0.013563
48 0.735724 0.475806 0.013231 0.013930
48 0.743733 0.477639 0.008357 0.006598
48 0.741818 0.483504 0.007312 0.005865
48 0.703865 0.479289 0.014972 0.010630
48 0.692375 0.507881 0.010794 0.007698
48 0.709784 0.490103 0.010097 0.007331
48 0.707173 0.549853 0.013231 0.010264
48 0.762187 0.540506 0.010446 0.013563
48 0.769325 0.521444 0.012883 0.021628
48 0.807451 0.558834 0.013231 0.008431
48 0.828865 0.538123 0.010097 0.008798
48 0.865947 0.513563 0.009749 0.010264
48 0.872911 0.497617 0.005571 0.006232
48 0.785689 0.495235 0.009401 0.008065
48 0.797006 0.497984 0.013231 0.008431
48 0.805536 0.470125 0.008008 0.009897
48 0.846971 0.499267 0.014276 0.009531
48 0.846100 0.479839 0.010446 0.012463
48 0.826776 0.474340 0.008705 0.008798
48 0.863162 0.465909 0.013231 0.011730
48 0.862813 0.458211 0.006964 0.007331
48 0.911386 0.459311 0.010097 0.015396
48 0.892409 0.454179 0.013231 0.010264
48 0.908600 0.455645 0.010097 0.013196
48 0.906685 0.484054 0.008357 0.017962
48 0.888928 0.471408 0.012535 0.013196
48 0.902855 0.464626 0.011838 0.013563
48 0.840529 0.414040 0.005571 0.006232
48 0.842096 0.422654 0.011490 0.010997
48 0.841052 0.431818 0.008008 0.010264
48 0.837396 0.440249 0.010446 0.009531
48 0.849234 0.430169 0.010446 0.019428
48 0.861595 0.429252 0.012883 0.010264
48 0.869951 0.434201 0.012187 0.012097
48 0.875174 0.441166 0.011490 0.017229
48 0.839659 0.385081 0.006616 0.006232
48 0.884923 0.403959 0.007312 0.006598
48 0.879526 0.407808 0.006267 0.006232
48 0.881093 0.417889 0.005919 0.007331
48 0.830780 0.389663 0.006964 0.007331
48 0.839833 0.390946 0.013231 0.010630
48 0.798224 0.447764 0.008008 0.006232
48 0.793350 0.456012 0.006616 0.008065
48 0.791086 0.465726 0.012535 0.014296
48 0.850279 0.451979 0.025070 0.020528
48 0.857939 0.480572 0.013928 0.017595
48 0.835306 0.512830 0.022981 0.014663
47 0.931581 0.534091 0.006616 0.007331
48 0.957695 0.502933 0.008008 0.009531
48 0.948642 0.502566 0.014276 0.012463
48 0.939067 0.502016 0.009053 0.007698
48 0.942549 0.460411 0.010446 0.008798
48 0.958217 0.463893 0.013231 0.011364
48 0.957347 0.484971 0.008008 0.010997
48 0.950035 0.484054 0.009401 0.010630
48 0.934366 0.479839 0.012883 0.010997
48 0.964311 0.486804 0.007312 0.008065
48 0.971100 0.478189 0.008357 0.009164
48 0.967618 0.465359 0.006964 0.012830
48 0.973886 0.466459 0.005571 0.004765
48 0.958217 0.433834 0.009053 0.007698
48 0.954213 0.449047 0.027507 0.024927
48 0.799965 0.611070 0.017758 0.014663
48 0.782904 0.686767 0.019847 0.015762
48 0.774547 0.638380 0.015669 0.015762
48 0.751915 0.651393 0.018454 0.019062
48 0.758182 0.577529 0.011490 0.015029
48 0.762535 0.661474 0.007660 0.008431
48 0.764798 0.672471 0.006616 0.006965
48 0.767235 0.665323 0.010097 0.008798
48 0.735202 0.689333 0.021936 0.019428
48 0.725104 0.662207 0.010794 0.008431
48 0.718315 0.666422 0.015320 0.010997
48 0.716574 0.675220 0.025070 0.019795
48 0.707173 0.682368 0.026462 0.023094
48 0.727194 0.699780 0.019150 0.013930
48 0.691852 0.684751 0.004178 0.004399
48 0.691678 0.688783 0.003830 0.004399
48 0.680536 0.694465 0.008008 0.007698
48 0.690460 0.701979 0.012535 0.012463
48 0.675313 0.705279 0.008008 0.007331
48 0.683148 0.711144 0.016713 0.013196
48 0.721100 0.736070 0.019499 0.015396
48 0.700383 0.713160 0.016365 0.009164
48 0.715181 0.719392 0.019499 0.015762
48 0.691504 0.717925 0.005571 0.006232
48 0.683844 0.734971 0.009749 0.009531
48 0.705606 0.736987 0.013579 0.012830
48 0.699861 0.725073 0.035515 0.020528
48 0.663997 0.721224 0.008357 0.006232
48 0.659297 0.724707 0.005919 0.006598
48 0.665564 0.730389 0.011490 0.010630
48 0.737639 0.757515 0.008705 0.008431
48 0.727368 0.775293 0.009053 0.008065
48 0.706302 0.782441 0.014276 0.012830
48 0.672876 0.759531 0.014276 0.010264
48 0.661038 0.748900 0.008008 0.008798
48 0.650766 0.755315 0.006267 0.006232
48 0.653726 0.758065 0.005223 0.005132
48 0.656685 0.761180 0.006267 0.005499
48 0.676184 0.776026 0.007660 0.008798
48 0.702298 0.804985 0.013928 0.008798
48 0.651985 0.770711 0.008008 0.007698
48 0.678099 0.765762 0.006616 0.006598
48 0.683670 0.763563 0.012187 0.010264
48 0.640494 0.774927 0.014972 0.014663
48 0.648329 0.780242 0.010446 0.009897
48 0.663127 0.767229 0.011490 0.010264
48 0.643106 0.787207 0.010446 0.009164
48 0.749826 0.769795 0.009401 0.010997
48 0.737465 0.781342 0.012535 0.009897
48 0.733461 0.791789 0.010794 0.007331
48 0.723015 0.802969 0.010097 0.011364
48 0.700035 0.777493 0.006616 0.008065
48 0.697075 0.774377 0.004875 0.005499
48 0.754352 0.837427 0.007312 0.009897
48 0.715703 0.834311 0.069290 0.038856
48 0.676706 0.825147 0.012187 0.013930
48 0.620299 0.834311 0.016365 0.010997
48 0.665912 0.862537 0.115947 0.048387
48 0.642932 0.818548 0.054666 0.040323
48 0.726497 0.888196 0.019150 0.016862
48 0.775940 0.902126 0.028900 0.020528
48 0.778203 0.887097 0.027855 0.016862
48 0.748433 0.878482 0.035167 0.020161
48 0.697598 0.901943 0.005223 0.006965
48 0.705258 0.921371 0.008705 0.012097
48 0.702124 0.914406 0.002437 0.001833
48 0.694116 0.920455 0.008008 0.006598
48 0.679840 0.917339 0.005919 0.006232
48 0.646065 0.905059 0.009401 0.011730
48 0.612291 0.893328 0.038649 0.021994
48 0.698120 0.958211 0.023677 0.029326
48 0.717096 0.961510 0.018454 0.026393
48 0.727019 0.965909 0.017409 0.025660
48 0.746692 0.979655 0.008705 0.009164
48 0.538823 0.978006 0.012187 0.011730
48 0.592967 0.992119 0.010446 0.009164
48 0.573990 0.990836 0.005919 0.006598
48 0.582869 0.953079 0.013231 0.011730
48 0.575035 0.946114 0.006616 0.005132
48 0.580258 0.961327 0.005919 0.009164
48 0.558322 0.915506 0.012187 0.012097
48 0.575557 0.893145 0.006267 0.009164
48 0.562152 0.877749 0.005919 0.006965
48 0.631790 0.988453 0.023329 0.014296
48 0.540564 0.950147 0.017061 0.021994
48 0.508879 0.888196 0.010794 0.010997
48 0.524199 0.879765 0.010794 0.019062
48 0.440808 0.882881 0.009749 0.013563
48 0.444986 0.871884 0.007660 0.012097
48 0.532556 0.261730 0.010794 0.017595
48 0.570160 0.262647 0.016365 0.018695
48 0.549443 0.252016 0.027855 0.020894
48 0.473364 0.308651 0.034471 0.030059
48 0.506790 0.317632 0.024025 0.030425
48 0.491121 0.229655 0.010097 0.009164
48 0.436455 0.225257 0.009401 0.017229
48 0.427751 0.221041 0.007312 0.014663
48 0.425662 0.245784 0.014276 0.015762
48 0.402333 0.221408 0.033078 0.036657
48 0.420439 0.270711 0.015669 0.014296
48 0.399199 0.263196 0.019150 0.015396
48 0.399373 0.272911 0.015320 0.009897
48 0.413301 0.291972 0.010446 0.007698
48 0.443767 0.276393 0.005919 0.008798
48 0.406337 0.381598 0.011838 0.011730
48 0.442549 0.405425 0.032033 0.030059
48 0.368558 0.431085 0.010097 0.009531
48 0.362465 0.418622 0.016017 0.013930
48 0.246866 0.878666 0.011838 0.008798
48 0.242340 0.881965 0.018106 0.012463
48 0.016713 0.211694 0.007660 0.005499
48 0.085829 0.125550 0.014276 0.009164
48 0.353935 0.420821 0.015669 0.021994
48 0.360202 0.450330 0.049095 0.045821
48 0.349930 0.546554 0.025766 0.031525
48 0.287430 0.578812 0.017758 0.012463
48 0.279422 0.606488 0.027507 0.037757
48 0.271762 0.593658 0.018454 0.027493
48 0.287256 0.554435 0.020891 0.023827
48 0.294742 0.539589 0.014972 0.013930
48 0.258705 0.557368 0.013231 0.011364
48 0.203169 0.569465 0.010097 0.013563
48 0.213962 0.566716 0.014276 0.012463
48 0.206650 0.574963 0.010097 0.013563
48 0.230501 0.562500 0.010446 0.008431
48 0.109331 0.611437 0.016713 0.023460
5 0.656685 0.542339 0.006964 0.005499
48 0.166435 0.290689 0.010446 0.005865
48 0.191330 0.376100 0.021240 0.013930
48 0.096971 0.354106 0.009401 0.005865
48 0.148155 0.344941 0.009401 0.010264
48 0.487987 0.990103 0.014972 0.016862
48 0.481546 0.973974 0.014624 0.012463
48 0.474234 0.985154 0.011142 0.007698
48 0.474060 0.989919 0.012187 0.008431
48 0.503830 0.949780 0.023677 0.018328
48 0.501741 0.961877 0.016713 0.010997
48 0.424791 0.975073 0.011142 0.011730
48 0.430188 0.977823 0.011490 0.013563
48 0.447946 0.984604 0.012187 0.010997
48 0.453343 0.958761 0.010446 0.010630
48 0.389276 0.950880 0.018802 0.016129
48 0.401114 0.953079 0.012535 0.011730
48 0.337918 0.926503 0.014276 0.012097
48 0.365599 0.927236 0.011142 0.009164
48 0.356198 0.924487 0.011838 0.010997
48 0.411038 0.930352 0.014972 0.011730
48 0.410864 0.922471 0.022284 0.011364
48 0.414694 0.917705 0.016017 0.009897
48 0.399025 0.913123 0.011142 0.011730
48 0.361943 0.949597 0.031685 0.028959
48 0.381964 0.960777 0.009749 0.008798
48 0.282382 0.956562 0.027159 0.022361
48 0.293872 0.988820 0.016017 0.015762
48 0.195682 0.955645 0.016017 0.011730
48 0.145891 0.950696 0.012535 0.011364
48 0.148677 0.933651 0.009749 0.006598
48 0.164694 0.962243 0.005571 0.005865
48 0.028203 0.330462 0.006267 0.007698
48 0.117514 0.362903 0.012187 0.008798
48 0.146588 0.391129 0.013231 0.015396
48 0.174617 0.369501 0.018454 0.017595
48 0.240599 0.314883 0.009053 0.007331
48 0.255223 0.313050 0.013231 0.010264
48 0.291435 0.415689 0.009053 0.010997
48 0.300487 0.416239 0.008357 0.007698
48 0.239206 0.505682 0.013928 0.017229
48 0.197075 0.510997 0.013928 0.012463
48 0.137013 0.550220 0.015669 0.013196
48 0.129701 0.569465 0.010794 0.007698
48 0.026811 0.637280 0.019499 0.015762
48 0.020543 0.648094 0.010446 0.013196
48 0.005745 0.639296 0.010794 0.010997
48 0.045613 0.350623 0.014624 0.019428
48 0.049095 0.360887 0.008357 0.011364
48 0.035864 0.383981 0.009053 0.006232
48 0.074338 0.390029 0.009401 0.010264
48 0.324164 0.493585 0.014624 0.017229
48 0.329735 0.523277 0.009053 0.009164
48 0.158948 0.507881 0.011490 0.012830
48 0.148329 0.531525 0.007660 0.006598
48 0.059540 0.487903 0.009053 0.010264
48 0.052228 0.506232 0.007660 0.007331
48 0.065808 0.577529 0.005571 0.004765
48 0.072772 0.579912 0.005571 0.005132
48 0.024373 0.664589 0.014624 0.013930
48 0.015320 0.664040 0.011142 0.012097
48 0.014102 0.637463 0.009401 0.010997
48 0.017758 0.686217 0.010446 0.010997
48 0.008705 0.682368 0.007660 0.008431
48 0.036386 0.707295 0.008705 0.008431
48 0.017584 0.721958 0.011490 0.015762
48 0.023503 0.721591 0.010097 0.012097
48 0.016887 0.741935 0.009401 0.008798
48 0.018976 0.763930 0.012883 0.009531
48 0.040390 0.764846 0.015320 0.017229
48 0.084088 0.763563 0.014276 0.009531
48 0.073816 0.789773 0.009749 0.007698
48 0.084784 0.789406 0.007312 0.008431
48 0.064763 0.796554 0.008357 0.008065
48 0.030118 0.822947 0.014276 0.013196
48 0.060759 0.832478 0.016365 0.011730
48 0.078169 0.868952 0.024721 0.022361
48 0.090529 0.825330 0.019499 0.009897
48 0.070508 0.812500 0.012883 0.009897
48 0.079213 0.800770 0.012883 0.008431
48 0.089485 0.805169 0.006267 0.005499
48 0.113162 0.792339 0.018106 0.015762
48 0.096100 0.792155 0.015320 0.010997
48 0.104631 0.766496 0.013579 0.011730
48 0.020543 0.793255 0.014624 0.013196
48 0.027855 0.735704 0.021588 0.012463
48 0.130745 0.775110 0.016365 0.011364
48 0.142758 0.745418 0.006267 0.006965
48 0.174965 0.781342 0.010097 0.006965
48 0.180884 0.731488 0.008705 0.009164
48 0.174791 0.708761 0.011838 0.008431
48 0.212047 0.694098 0.010446 0.012830
48 0.186107 0.697397 0.008705 0.006232
48 0.212047 0.706928 0.008357 0.009164
48 0.205258 0.714993 0.013579 0.009897
48 0.219185 0.719025 0.012883 0.011364
48 0.244777 0.712793 0.018802 0.016496
48 0.281685 0.717925 0.014624 0.014296
48 0.118036 0.711877 0.011838 0.017595
48 0.071901 0.702163 0.009401 0.007698
48 0.063545 0.710044 0.008705 0.009531
48 0.073642 0.690799 0.014276 0.009897
48 0.119603 0.878849 0.008705 0.012830
48 0.127263 0.865469 0.012187 0.012463
48 0.108461 0.862720 0.010794 0.014296
48 0.067723 0.943365 0.012883 0.014296
48 0.081825 0.918438 0.011838 0.011364
48 0.122737 0.956745 0.020543 0.015396
48 0.053447 0.962427 0.017758 0.022361
48 0.063719 0.958944 0.011838 0.014663
48 0.069116 0.981122 0.013579 0.013563
48 0.103238 0.981305 0.010097 0.013930
48 0.045091 0.952896 0.008705 0.010630
48 0.024199 0.972324 0.018454 0.013563
48 0.020021 0.984238 0.010097 0.007331
48 0.054666 0.986070 0.011142 0.007331
48 0.056581 0.978006 0.009401 0.010264
48 0.008182 0.992852 0.010097 0.011364
48 0.008531 0.926686 0.011490 0.010997
48 0.026636 0.921921 0.014276 0.010997
48 0.026811 0.912940 0.007660 0.008431
48 0.070160 0.898094 0.010097 0.008065
48 0.092096 0.948864 0.010794 0.012830
48 0.108113 0.945015 0.010097 0.007331
48 0.137361 0.921738 0.016365 0.009897
48 0.127263 0.940066 0.025418 0.014296
48 0.165912 0.919172 0.008705 0.009164
48 0.210306 0.931452 0.012535 0.017595
48 0.196727 0.924853 0.011838 0.010997
48 0.169568 0.809567 0.016713 0.012097
48 0.182625 0.793072 0.010794 0.011364
48 0.191852 0.755315 0.016713 0.016496
48 0.128482 0.741935 0.006964 0.008065
48 0.059714 0.697031 0.013579 0.012830
48 0.050139 0.694831 0.011142 0.010630
48 0.078169 0.649743 0.014276 0.015029
48 0.135446 0.668072 0.016017 0.018695
48 0.951776 0.530608 0.012187 0.009897
48 0.715181 0.586144 0.006964 0.012463
48 0.706650 0.593292 0.008008 0.005499
48 0.310237 0.423021 0.006964 0.006598
48 0.137187 0.475806 0.014624 0.013196
48 0.119951 0.442082 0.009401 0.008798
48 0.074164 0.485154 0.013231 0.011364
48 0.083740 0.487720 0.014276 0.012097
48 0.063893 0.458761 0.010794 0.012097
48 0.016017 0.483504 0.020195 0.014663
48 0.062326 0.474707 0.016017 0.016129
5 0.557451 0.970858 0.003482 0.003299
6 0.549095 0.993585 0.004875 0.005499
5 0.573294 0.958944 0.003830 0.005865
5 0.575557 0.963343 0.003482 0.005132
5 0.575557 0.974890 0.004875 0.005499
5 0.578343 0.979839 0.005571 0.003666
5 0.578691 0.983138 0.004875 0.002933
5 0.583217 0.984604 0.004875 0.003666
5 0.591574 0.978739 0.004875 0.002933
5 0.586177 0.978189 0.005223 0.003299
5 0.597667 0.979839 0.004526 0.003666
5 0.599582 0.975990 0.003482 0.004765
5 0.559192 0.944648 0.004875 0.003666
5 0.570857 0.932918 0.003134 0.005132
5 0.550662 0.952713 0.005223 0.003666
5 0.553447 0.945381 0.004526 0.002933
6 0.551706 0.964076 0.003830 0.005132
5 0.607242 0.979289 0.003482 0.005499
6 0.604631 0.978006 0.003830 0.006598
5 0.596623 0.975623 0.003134 0.004765
6 0.587221 0.972324 0.003830 0.005499
5 0.512883 0.961694 0.003482 0.005499
11 0.607416 0.987170 0.009401 0.005865
5 0.594011 0.986804 0.005571 0.002933
5 0.599234 0.987903 0.004875 0.002933
11 0.606546 0.990103 0.009749 0.004399
5 0.615251 0.980938 0.003482 0.005865
5 0.618384 0.967375 0.003482 0.007331
5 0.598189 0.949963 0.004875 0.003299
5 0.603760 0.944465 0.004178 0.002566
5 0.603412 0.951430 0.004875 0.004032
5 0.564415 0.938416 0.004178 0.002199
5 0.519325 0.927603 0.005223 0.003299
5 0.558148 0.951979 0.002089 0.004399
5 0.579909 0.905242 0.003134 0.004032
5 0.575905 0.917522 0.004178 0.005865
5 0.586699 0.882881 0.003482 0.005499
5 0.575731 0.864553 0.003830 0.004765
5 0.602019 0.849890 0.003482 0.004765
5 0.610898 0.831928 0.004526 0.005499
5 0.607591 0.844575 0.003482 0.005132
5 0.629178 0.792522 0.004875 0.002933
5 0.639102 0.800220 0.005919 0.002933
5 0.665216 0.804435 0.005223 0.002566
5 0.626045 0.777309 0.003482 0.004032
5 0.641365 0.741019 0.004178 0.005499
5 0.634053 0.752566 0.003482 0.004399
5 0.664868 0.703079 0.003830 0.004399
5 0.654248 0.702896 0.005571 0.004032
5 0.671657 0.680535 0.004178 0.004765
5 0.669220 0.685117 0.004875 0.005132
5 0.676880 0.670271 0.004178 0.005499
5 0.677577 0.661107 0.004178 0.004765
5 0.685411 0.658908 0.003134 0.004032
5 0.674791 0.669355 0.004178 0.004399
5 0.688196 0.675037 0.004526 0.004032
5 0.683322 0.686767 0.004526 0.004765
5 0.671309 0.695381 0.004875 0.005132
5 0.719011 0.648644 0.005571 0.005499
5 0.739032 0.635997 0.004526 0.004399
5 0.728760 0.640029 0.004875 0.004399
5 0.670613 0.631782 0.004178 0.003299
5 0.584436 0.668255 0.005919 0.003666
5 0.584784 0.671738 0.005223 0.002566
5 0.477716 0.620601 0.004875 0.003666
5 0.415390 0.623900 0.003482 0.004399
5 0.413649 0.628666 0.003482 0.004399
5 0.422702 0.594392 0.003482 0.004765
5 0.349408 0.603556 0.004526 0.005499
5 0.274373 0.634897 0.004875 0.003666
5 0.270543 0.637647 0.006267 0.004765
5 0.314589 0.648094 0.003134 0.004399
5 0.302054 0.661290 0.005223 0.003666
5 0.248781 0.617302 0.003830 0.004399
5 0.245996 0.614736 0.003830 0.004399
5 0.200557 0.664956 0.004178 0.002933
5 0.213266 0.670088 0.004526 0.004399
5 0.213266 0.661290 0.004526 0.002199
5 0.209088 0.643878 0.003134 0.004765
5 0.206476 0.644245 0.003482 0.005499
5 0.233635 0.644245 0.004178 0.006232
5 0.129178 0.655059 0.003482 0.005132
5 0.126045 0.664956 0.003482 0.005132
5 0.094882 0.663306 0.005223 0.004032
5 0.009749 0.596774 0.004178 0.004399
5 0.044916 0.619318 0.004875 0.006232
5 0.060585 0.588343 0.003482 0.005132
5 0.008705 0.538306 0.006267 0.004765
5 0.044220 0.554252 0.004178 0.002199
5 0.082869 0.510997 0.004178 0.005132
5 0.106894 0.453812 0.004875 0.005132
5 0.037430 0.442999 0.003134 0.005499
5 0.011316 0.450880 0.006616 0.002199
5 0.118210 0.424853 0.003830 0.005132
5 0.015494 0.382881 0.004526 0.006965
5 0.043698 0.362353 0.002437 0.004765
5 0.022806 0.360521 0.002437 0.004765
5 0.064589 0.381232 0.007312 0.003666
5 0.079213 0.347874 0.005919 0.003666
5 0.025940 0.301870 0.004526 0.006965
5 0.030815 0.283358 0.003134 0.005132
5 0.031685 0.277676 0.004178 0.005499
5 0.117862 0.270345 0.004526 0.006965
5 0.033078 0.269978 0.003482 0.004765
6 0.037082 0.241752 0.003830 0.006232
6 0.037604 0.233138 0.004178 0.005132
5 0.036560 0.250733 0.004178 0.006598
5 0.041086 0.243035 0.004178 0.005132
5 0.042131 0.227823 0.004178 0.004765
5 0.034297 0.266312 0.004526 0.006232
5 0.034645 0.260814 0.003830 0.004765
5 0.129352 0.183468 0.003830 0.006232
48 0.018976 0.444282 0.006616 0.004399
48 0.071379 0.421738 0.008357 0.012097
48 0.105327 0.433284 0.019847 0.014663
48 0.115077 0.416056 0.008705 0.006598
48 0.138928 0.406525 0.019499 0.011730
48 0.064937 0.388196 0.008705 0.011730
48 0.077472 0.399927 0.008008 0.006598
48 0.105675 0.416789 0.010097 0.012463
48 0.051706 0.435301 0.012187 0.012097
48 0.226845 0.519978 0.016365 0.017229
48 0.321553 0.620051 0.014276 0.015029
48 0.346100 0.634164 0.011838 0.010997
48 0.320508 0.674853 0.007312 0.007331
48 0.316156 0.673387 0.006964 0.007331
48 0.287779 0.665139 0.008008 0.008431
48 0.273503 0.645161 0.008008 0.008065
48 0.912430 0.905608 0.010794 0.009897
48 0.965877 0.920455 0.013231 0.012463
48 0.950035 0.870051 0.024721 0.015762
48 0.928621 0.885814 0.009749 0.013563
48 0.918872 0.882698 0.011142 0.012463
48 0.958914 0.905242 0.016017 0.014296
48 0.811107 0.854839 0.021936 0.016129
48 0.706128 0.584677 0.014624 0.013930
48 0.701776 0.566532 0.009401 0.017229
48 0.631616 0.573130 0.005571 0.004765
48 0.640494 0.577163 0.006616 0.007698
48 0.645021 0.579545 0.007312 0.008798
48 0.614902 0.613270 0.009053 0.008798
48 0.625174 0.631598 0.008008 0.008065
48 0.600453 0.655975 0.013579 0.008431
48 0.629526 0.655425 0.011838 0.011730
48 0.233113 0.311950 0.011490 0.008798
48 0.116121 0.453629 0.010097 0.008431
48 0.085829 0.526943 0.015669 0.011364
48 0.059889 0.534091 0.016017 0.010264
48 0.061455 0.539589 0.018454 0.009531
48 0.053969 0.543438 0.011142 0.008431
48 0.040390 0.556452 0.011142 0.009531
48 0.044568 0.573680 0.013928 0.008065
48 0.049617 0.580828 0.014276 0.008431
48 0.070508 0.621518 0.008705 0.007698
48 0.084610 0.619135 0.008357 0.009531
48 0.091052 0.622801 0.008008 0.008065
48 0.091052 0.658908 0.008008 0.007698
48 0.099408 0.660924 0.012883 0.010264
48 0.126567 0.637280 0.007312 0.005499
48 0.128134 0.629765 0.010446 0.006598
6 0.175487 0.898827 0.003482 0.005865
5 0.197597 0.913856 0.004526 0.002199
5 0.250870 0.932368 0.005223 0.002566
5 0.206999 0.916239 0.003830 0.002566
5 0.312152 0.874267 0.005223 0.002933
5 0.320857 0.865836 0.004526 0.002933
5 0.320334 0.876283 0.005571 0.003299
5 0.332173 0.884714 0.003482 0.004765
5 0.329213 0.894428 0.005223 0.005865
5 0.413997 0.946114 0.004178 0.005865
5 0.459088 0.911840 0.004526 0.002566
6 0.420961 0.900110 0.006267 0.003299
5 0.395195 0.897544 0.004875 0.003299
5 0.441156 0.832295 0.005571 0.002566
5 0.467967 0.842009 0.004178 0.002199
5 0.427228 0.828446 0.004875 0.002199
5 0.379004 0.840176 0.003134 0.004399
5 0.308670 0.798937 0.005223 0.002566
5 0.292131 0.782258 0.002786 0.003666
5 0.283078 0.800770 0.003482 0.004765
5 0.217618 0.768878 0.005571 0.003299
5 0.218315 0.771444 0.005571 0.003299
5 0.247911 0.780242 0.004178 0.002566
5 0.161734 0.757331 0.005223 0.002933
5 0.195334 0.746518 0.004178 0.003299
5 0.196379 0.742302 0.004875 0.003666
5 0.210829 0.732038 0.003830 0.005865
5 0.162082 0.682918 0.004526 0.002199
5 0.131267 0.576613 0.004178 0.002933
5 0.023503 0.346957 0.002437 0.004032
48 0.121866 0.631598 0.005571 0.005865
48 0.120648 0.635814 0.008705 0.007698
48 0.060411 0.615469 0.011490 0.008065
48 0.065286 0.618035 0.007312 0.005865
48 0.059714 0.771444 0.007312 0.006232
48 0.105327 0.775293 0.008705 0.010264
48 0.098189 0.780608 0.006267 0.006965
48 0.099756 0.774560 0.007312 0.008798
48 0.158774 0.839076 0.013231 0.015396
48 0.153203 0.853189 0.005571 0.004765
48 0.155641 0.854839 0.024373 0.019795
48 0.133357 0.889113 0.014624 0.012097
48 0.051184 0.952896 0.008357 0.007698
48 0.134227 0.979839 0.010097 0.013930
48 0.198990 0.983321 0.008705 0.007698
48 0.216574 0.987170 0.009749 0.009531
48 0.217967 0.977089 0.012535 0.012097
48 0.250696 0.969758 0.007660 0.006965
48 0.242166 0.969025 0.011490 0.011364
48 0.343663 0.870784 0.019499 0.021628
48 0.355850 0.880315 0.014624 0.009897
48 0.335306 0.834861 0.014624 0.010630
48 0.391713 0.868585 0.015320 0.012830
48 0.379875 0.847691 0.016017 0.010630
48 0.358113 0.870051 0.012883 0.015762
48 0.370474 0.821664 0.008357 0.011364
48 0.329213 0.787023 0.012883 0.011730
48 0.334784 0.770894 0.013579 0.016129
48 0.348015 0.799120 0.013579 0.013930
48 0.360028 0.802786 0.014624 0.015396
48 0.375000 0.778226 0.016017 0.013930
48 0.397110 0.799120 0.012187 0.013196
48 0.404596 0.815433 0.013928 0.012097
48 0.311630 0.774927 0.006964 0.007331
48 0.327124 0.746151 0.009401 0.006965
48 0.321727 0.736620 0.009749 0.012097
48 0.301706 0.721041 0.014276 0.010264
48 0.295961 0.728739 0.009749 0.013196
48 0.262361 0.728372 0.012883 0.011730
48 0.259401 0.733871 0.014624 0.010264
48 0.257312 0.739919 0.013928 0.011364
48 0.272284 0.698497 0.007660 0.007698
48 0.131093 0.705279 0.016365 0.008798
48 0.204909 0.802053 0.010794 0.008798
48 0.215007 0.797104 0.006616 0.006232
48 0.270021 0.778226 0.012187 0.013196
48 0.297006 0.801503 0.012535 0.011364
48 0.344882 0.811584 0.012187 0.007331
48 0.357939 0.773644 0.010446 0.010630
48 0.368907 0.728556 0.014276 0.011364
48 0.391887 0.712243 0.013579 0.013930
48 0.430362 0.711510 0.011142 0.009531
48 0.607068 0.688050 0.013579 0.015396
48 0.599408 0.699230 0.008008 0.009164
48 0.524373 0.655975 0.015320 0.015029
48 0.540912 0.638746 0.012187 0.013563
48 0.548921 0.643145 0.012883 0.013563
48 0.564241 0.596958 0.017061 0.013563
48 0.555710 0.547287 0.011142 0.010997
48 0.561804 0.543072 0.010794 0.009164
48 0.556929 0.530059 0.013579 0.012463
48 0.565111 0.523644 0.008357 0.007698
48 0.582695 0.524194 0.011490 0.008798
48 0.588788 0.515029 0.006267 0.008065
48 0.591748 0.517779 0.008008 0.011364
48 0.576428 0.511730 0.013579 0.013930
48 0.626567 0.511547 0.006616 0.008431
48 0.547180 0.491935 0.010097 0.008798
48 0.518976 0.478739 0.007312 0.007331
48 0.526636 0.481488 0.006616 0.007698
48 0.607242 0.475990 0.040390 0.067815
48 0.522981 0.376466 0.016017 0.012463
48 0.501741 0.350806 0.006267 0.008065
48 0.505397 0.370418 0.014972 0.010630
48 0.491643 0.441716 0.018802 0.016862
48 0.013579 0.462610 0.011142 0.019062
48 0.036734 0.467742 0.012883 0.010997
48 0.107068 0.491202 0.020543 0.016862
48 0.116643 0.500550 0.020891 0.023827
48 0.106372 0.523827 0.014276 0.013196
48 0.107068 0.534458 0.010097 0.010264
48 0.148677 0.546738 0.013231 0.012097
48 0.108287 0.684934 0.016713 0.015762
48 0.139624 0.652493 0.013231 0.009531
48 0.145369 0.646994 0.016365 0.014663
48 0.155118 0.645345 0.010097 0.012830
48 0.163301 0.655425 0.014624 0.011730
48 0.202298 0.625550 0.007660 0.010630
48 0.210132 0.629032 0.013579 0.015396
48 0.202994 0.676320 0.014624 0.016129
48 0.187152 0.819282 0.008008 0.008798
48 0.220926 0.890213 0.012883 0.014296
48 0.232765 0.896628 0.008008 0.007331
48 0.221623 0.861804 0.007312 0.007331
48 0.260098 0.925770 0.032033 0.017962
48 0.281337 0.844025 0.007660 0.006965
48 0.278203 0.855572 0.011142 0.008798
48 0.309018 0.858321 0.008008 0.011364
48 0.322249 0.824597 0.008705 0.009164
48 0.283948 0.826063 0.016365 0.011364
48 0.295265 0.815249 0.008357 0.008798
48 0.268280 0.803702 0.008705 0.012830
48 0.238684 0.793805 0.012187 0.014296
48 0.172528 0.798021 0.014276 0.008798
48 0.090877 0.922654 0.011838 0.011730
48 0.099060 0.896811 0.011490 0.012830
48 0.168350 0.889113 0.017061 0.014296
48 0.365599 0.896078 0.013231 0.012830
48 0.436107 0.925220 0.016365 0.010264
48 0.338962 0.898644 0.024025 0.032625
48 0.014624 0.776210 0.018802 0.015762
48 0.503308 0.845125 0.012883 0.009164
48 0.510620 0.848424 0.007312 0.006965
48 0.525940 0.823680 0.011490 0.006598
48 0.537082 0.831195 0.010794 0.016496
48 0.538997 0.812317 0.009053 0.007331
48 0.541260 0.801136 0.006616 0.006232
48 0.523329 0.785191 0.009053 0.008065
48 0.476671 0.775477 0.008357 0.009164
48 0.451950 0.773094 0.009053 0.008798
48 0.420265 0.770345 0.007660 0.006965
48 0.416957 0.778776 0.009401 0.008431
48 0.398155 0.750733 0.007312 0.006598
48 0.292653 0.634531 0.015669 0.016862
48 0.296657 0.683834 0.009749 0.010630
5 0.141713 0.582111 0.004178 0.003666
5 0.128830 0.577896 0.005571 0.002566
5 0.185063 0.560117 0.003134 0.004399
5 0.177054 0.563783 0.004526 0.002933
5 0.270021 0.566349 0.003830 0.003666
5 0.266365 0.573497 0.002786 0.004032
6 0.264972 0.579545 0.004178 0.004399
5 0.295613 0.526210 0.003482 0.004765
5 0.287779 0.529875 0.003830 0.004765
5 0.299965 0.517962 0.003830 0.004399
5 0.279770 0.544355 0.003134 0.003666
5 0.144150 0.560117 0.004875 0.003666
10 0.986421 0.103556 0.002786 0.005499
5 0.980153 0.126833 0.002786 0.005132
5 0.943071 0.288123 0.005223 0.007331
5 0.935759 0.312133 0.003134 0.004765
5 0.913301 0.384347 0.004178 0.006232
5 0.884401 0.454729 0.002786 0.004032
5 0.877089 0.471591 0.002786 0.004032
5 0.874304 0.478922 0.003482 0.004765
5 0.864902 0.483504 0.002786 0.004399
5 0.868733 0.492119 0.003482 0.004765
5 0.859331 0.495601 0.003482 0.004399
5 0.848189 0.519245 0.002786 0.004032
5 0.842792 0.528959 0.003830 0.005132
5 0.815460 0.571114 0.004178 0.004399
5 0.803447 0.576796 0.004526 0.004765
5 0.805362 0.580095 0.003482 0.003299
5 0.793698 0.585960 0.004526 0.004765
5 0.784471 0.587793 0.004178 0.004032
10 0.790564 0.582845 0.006616 0.007331
5 0.784123 0.597324 0.004178 0.004032
5 0.776811 0.607588 0.004875 0.004032
5 0.764798 0.609421 0.005223 0.004765
5 0.750870 0.617669 0.004526 0.004399
5 0.752089 0.624633 0.004178 0.004399
5 0.746692 0.620601 0.003830 0.003666
5 0.714485 0.652126 0.004875 0.004399
5 0.938893 0.888746 0.003830 0.004032
10 0.656163 0.975440 0.008705 0.003666
5 0.231546 0.926503 0.004875 0.002566
39 0.106024 0.886547 0.005919 0.003299
5 0.078865 0.882515 0.005223 0.003299
5 0.168001 0.839809 0.004526 0.004399
5 0.058670 0.872801 0.004526 0.003666
5 0.043524 0.959677 0.002786 0.004399
5 0.045787 0.960777 0.003134 0.004399
5 0.038301 0.792522 0.004875 0.003666
5 0.048572 0.796371 0.004526 0.003299
5 0.058322 0.799304 0.003830 0.003299
5 0.015669 0.714260 0.002786 0.004765
5 0.003830 0.710960 0.005571 0.004032
5 0.274025 0.473790 0.004178 0.003299
5 0.269499 0.470858 0.003482 0.003299
5 0.252437 0.412207 0.003482 0.004765
5 0.245474 0.425037 0.003482 0.004032
5 0.247214 0.428153 0.002786 0.003666
5 0.244429 0.432735 0.003482 0.004765
5 0.232591 0.385630 0.004875 0.003666
5 0.226497 0.389113 0.005223 0.004032
5 0.293001 0.321298 0.003830 0.003299
5 0.282382 0.317632 0.004875 0.003299
48 0.301532 0.685667 0.009749 0.010630
48 0.411908 0.738087 0.009053 0.008431
48 0.415564 0.729289 0.008705 0.007698
48 0.344882 0.721224 0.014276 0.013563
48 0.324513 0.686584 0.010446 0.011730
48 0.360376 0.699963 0.013231 0.017962
48 0.401462 0.683284 0.016017 0.019062
48 0.421135 0.682368 0.008705 0.010630
48 0.426532 0.683284 0.006964 0.007331
48 0.423572 0.691899 0.008008 0.007698
48 0.458740 0.673021 0.007312 0.006598
48 0.479979 0.664040 0.014276 0.013563
48 0.503308 0.667705 0.012187 0.008431
48 0.452646 0.690066 0.006964 0.006965
48 0.456128 0.682918 0.005571 0.005132
48 0.440286 0.683651 0.006616 0.005132
48 0.386490 0.730938 0.022284 0.019062
48 0.887361 0.743402 0.008705 0.008798
48 0.879875 0.746518 0.006964 0.006965
48 0.908078 0.770528 0.004178 0.003666
48 0.907208 0.774377 0.003830 0.002566
48 0.904596 0.784641 0.005571 0.004032
48 0.040216 0.084311 0.026811 0.023460
48 0.032208 0.109787 0.030989 0.026760
48 0.138231 0.149010 0.021588 0.020161
48 0.156511 0.147911 0.015669 0.013563
48 0.126045 0.148277 0.011838 0.015762
48 0.160864 0.117302 0.018802 0.022727
48 0.108461 0.109787 0.024025 0.021628
48 0.138928 0.119868 0.015320 0.013930
48 0.118907 0.129582 0.021240 0.019428
48 0.149199 0.134348 0.016365 0.010630
48 0.115599 0.144611 0.011838 0.014296
48 0.057799 0.158358 0.016713 0.021261
48 0.092618 0.151943 0.018802 0.011364
48 0.079039 0.148644 0.007660 0.012097
48 0.120648 0.192082 0.016365 0.010997
48 0.121518 0.177419 0.017409 0.014663
48 0.114728 0.158358 0.028203 0.019795
48 0.093315 0.161290 0.019499 0.010997
48 0.067026 0.174487 0.021240 0.012463
48 0.102368 0.194648 0.016017 0.013930
48 0.081825 0.190249 0.009749 0.005865
48 0.102019 0.141312 0.018106 0.012830
48 0.121170 0.206928 0.015320 0.012830
48 0.153203 0.214260 0.009053 0.013563
48 0.161734 0.222141 0.013579 0.018328
48 0.025940 0.179435 0.012883 0.011364
48 0.052228 0.186584 0.019499 0.009531
48 0.063893 0.195381 0.020543 0.012463
48 0.048398 0.195198 0.013231 0.011364
48 0.030292 0.196114 0.016017 0.010264
48 0.039519 0.216092 0.011490 0.023827
48 0.051532 0.209861 0.011142 0.006965
48 0.053621 0.226540 0.016017 0.011730
48 0.050662 0.241202 0.021936 0.009531
48 0.069638 0.226906 0.011838 0.008798
48 0.066504 0.242852 0.008357 0.008431
48 0.068593 0.211144 0.018802 0.013930
48 0.015669 0.129399 0.017409 0.011730
48 0.116818 0.234787 0.013579 0.008431
48 0.028726 0.219208 0.018454 0.011730
48 0.024721 0.258431 0.014624 0.012463
48 0.027681 0.234421 0.016365 0.015762
48 0.089659 0.217375 0.014972 0.015396
48 0.072597 0.294538 0.016365 0.015029
5 0.031685 0.289956 0.004178 0.002933
48 0.126045 0.295271 0.018802 0.017962
48 0.091400 0.313416 0.012883 0.014663
48 0.052925 0.298021 0.017409 0.026393
48 0.037430 0.300403 0.007312 0.008431
48 0.044742 0.321847 0.014972 0.016862
48 0.084610 0.328446 0.020195 0.017595
48 0.064415 0.321481 0.020195 0.013930
48 0.151462 0.284824 0.010446 0.010997
48 0.087570 0.266862 0.015669 0.017595
48 0.161386 0.306085 0.013579 0.016129
48 0.208740 0.224340 0.024025 0.026393
48 0.199513 0.235887 0.025070 0.017962
50 0.235202 0.232771 0.028900 0.028592
48 0.288475 0.278226 0.018454 0.018328
48 0.180362 0.276943 0.024373 0.021628
48 0.279248 0.296004 0.037604 0.030425
48 0.213440 0.347324 0.032033 0.029692
48 0.281163 0.339443 0.023329 0.021261
48 0.260098 0.392962 0.013928 0.016862
48 0.231024 0.406158 0.037256 0.028592
48 0.227020 0.426870 0.029248 0.028226
48 0.188196 0.330279 0.010097 0.008798
48 0.176532 0.313416 0.011838 0.010264
48 0.240251 0.269795 0.027159 0.019062
5 0.439241 0.345308 0.005223 0.005865
5 0.441504 0.339626 0.003482 0.005499
5 0.444116 0.332295 0.002437 0.005499
5 0.445682 0.327529 0.003482 0.004765
5 0.447423 0.322764 0.003482 0.004765
5 0.371692 0.354839 0.004526 0.006598
48 0.375348 0.369501 0.018802 0.024194
48 0.426010 0.386547 0.010794 0.009897
48 0.425836 0.357955 0.012535 0.018695
48 0.489554 0.359971 0.007660 0.008798
48 0.485550 0.373167 0.013579 0.014663
48 0.431407 0.338343 0.012535 0.016129
5 0.495648 0.421738 0.003830 0.006232
5 0.508182 0.410007 0.004526 0.004032
5 0.529944 0.428886 0.003482 0.003666
5 0.507312 0.418438 0.003482 0.004032
48 0.493036 0.431268 0.020195 0.017962
48 0.525766 0.366386 0.018106 0.018695
48 0.538475 0.422837 0.018454 0.017229
48 0.456999 0.427969 0.014972 0.012830
48 0.565460 0.335960 0.015320 0.015029
48 0.531337 0.351356 0.018106 0.016496
48 0.497040 0.322397 0.014276 0.015762
48 0.517584 0.329179 0.012883 0.014663
48 0.489728 0.278043 0.016365 0.015029
48 0.484854 0.257148 0.012883 0.018695
5 0.451253 0.301136 0.003482 0.004032
10 0.468315 0.456928 0.004178 0.006965
5 0.569986 0.498900 0.004178 0.003666
48 0.104979 0.572581 0.008705 0.009531
48 0.160689 0.701246 0.007312 0.009531
48 0.158774 0.708394 0.006964 0.007698
48 0.130049 0.725623 0.010794 0.013563
48 0.167131 0.727273 0.006964 0.008065
48 0.059540 0.824230 0.009053 0.010630
48 0.577994 0.483504 0.038997 0.041789
48 0.475453 0.420271 0.025418 0.031158
48 0.505223 0.425587 0.016713 0.016862
5 0.480327 0.442999 0.002437 0.003299
48 0.481720 0.449047 0.012187 0.012463
48 0.495822 0.458944 0.019499 0.021994
48 0.518628 0.433651 0.014276 0.016862
48 0.543524 0.477089 0.016017 0.017229
48 0.392061 0.411107 0.016017 0.020161
48 0.362813 0.399743 0.016713 0.019428
48 0.377960 0.406525 0.016365 0.021261
48 0.614554 0.406158 0.025766 0.028592
48 0.420961 0.453629 0.035515 0.037023
5 0.465703 0.495784 0.005223 0.003299
5 0.337744 0.436400 0.003482 0.005499
5 0.344882 0.424120 0.003830 0.004399
48 0.345752 0.358871 0.026462 0.029326
48 0.294394 0.434384 0.017061 0.014663
48 0.292131 0.392779 0.014624 0.012830
48 0.280815 0.401210 0.011490 0.013563
5 0.368384 0.475257 0.004875 0.004765
48 0.454561 0.471774 0.027507 0.028592
48 0.359331 0.497984 0.014624 0.015029
48 0.397110 0.497984 0.014972 0.009164
48 0.381442 0.477273 0.010794 0.010264
5 0.553795 0.536840 0.005919 0.006232
10 0.386664 0.500367 0.005223 0.007331
5 0.352716 0.473607 0.002786 0.003666
48 0.363336 0.528042 0.017061 0.021628
48 0.538823 0.586144 0.032382 0.023460
48 0.520369 0.623534 0.018454 0.020528
48 0.567549 0.645528 0.016713 0.017595
48 0.578517 0.623350 0.016365 0.016496
48 0.589659 0.587060 0.019847 0.022361
48 0.585655 0.680169 0.015320 0.015029
48 0.498781 0.652676 0.023329 0.024560
48 0.493210 0.688600 0.016365 0.017962
48 0.678969 0.630499 0.016713 0.017595
48 0.210306 0.833578 0.008357 0.008065
48 0.199164 0.829362 0.006267 0.006232
48 0.217792 0.855755 0.005919 0.006965
48 0.154596 0.986437 0.014624 0.014663
48 0.221797 0.965909 0.013928 0.013930
48 0.095404 0.914406 0.009053 0.010630
48 0.104457 0.912940 0.006964 0.009897
48 0.358983 0.905792 0.006267 0.010264
48 0.414694 0.853556 0.009749 0.011364
48 0.408426 0.847141 0.016713 0.016862
48 0.215181 0.775293 0.012535 0.009531
48 0.225453 0.781158 0.011490 0.013930
48 0.228760 0.835960 0.016713 0.020894
48 0.200383 0.836327 0.008705 0.007698
48 0.414519 0.817815 0.013579 0.014663
48 0.436107 0.807185 0.010794 0.007331
48 0.473189 0.810117 0.016713 0.013196
48 0.572598 0.794355 0.019150 0.011730
48 0.548921 0.795455 0.020543 0.016129
48 0.498085 0.927786 0.008008 0.007331
48 0.490425 0.926136 0.009401 0.007698
48 0.050487 0.789773 0.011838 0.011364
48 0.029770 0.755682 0.014276 0.012830
48 0.154248 0.688966 0.006964 0.007698
48 0.037953 0.803153 0.011142 0.013196
48 0.247737 0.766312 0.015669 0.016496
48 0.262883 0.688416 0.020891 0.020528
48 0.325905 0.608321 0.016017 0.012097
48 0.400766 0.630315 0.015320 0.015762
48 0.366818 0.651943 0.014972 0.012830
48 0.395195 0.654325 0.011838 0.014663
48 0.377089 0.655975 0.009749 0.009164
48 0.495125 0.676686 0.009053 0.010264
48 0.427577 0.664956 0.009053 0.010997
48 0.434018 0.744135 0.006616 0.007331
48 0.458217 0.736437 0.008357 0.005132
48 0.274721 0.812500 0.009053 0.008431
48 0.236247 0.805169 0.010097 0.008431
48 0.043524 0.607771 0.011142 0.014663
48 0.090703 0.558651 0.012187 0.011730
48 0.181058 0.350990 0.017409 0.010630
48 0.086699 0.630132 0.013928 0.015396
48 0.092096 0.645894 0.008008 0.008798
48 0.220056 0.645161 0.022284 0.010997
48 0.268628 0.664589 0.017758 0.019795
48 0.302054 0.671188 0.008705 0.011730
48 0.451602 0.720308 0.009053 0.010264
48 0.472667 0.736070 0.010097 0.007331
48 0.491121 0.737353 0.010794 0.014296
48 0.490599 0.752566 0.017409 0.010264
48 0.503308 0.771078 0.012883 0.008431
48 0.523503 0.766679 0.017061 0.015029
48 0.546831 0.768512 0.010097 0.009897
48 0.476671 0.938233 0.014624 0.008431
48 0.481720 0.925403 0.005919 0.006232
48 0.226323 0.906892 0.018106 0.012463
48 0.190634 0.923937 0.007312 0.009164
48 0.170091 0.935850 0.010794 0.007331
48 0.429318 0.943915 0.028552 0.024194
48 0.380223 0.979472 0.045265 0.037390
48 0.411908 0.987720 0.014624 0.013563
48 0.312326 0.902676 0.022981 0.014296
48 0.228586 0.990103 0.014972 0.011730
48 0.234680 0.979839 0.020891 0.015396
48 0.246170 0.990469 0.020195 0.019062
48 0.243558 0.961510 0.017758 0.009531
48 0.240599 0.944465 0.009749 0.009897
48 0.238336 0.953079 0.008008 0.007331
48 0.244081 0.937133 0.011838 0.008431
48 0.277333 0.980755 0.026811 0.022361
48 0.252089 0.940799 0.007660 0.014296
48 0.259923 0.944465 0.014972 0.013563
48 0.254004 0.954912 0.017758 0.013196
48 0.264276 0.912757 0.033426 0.016862
48 0.215703 0.945198 0.014276 0.013563
48 0.229631 0.934384 0.014276 0.013930
48 0.227368 0.946481 0.012535 0.012463
48 0.144325 0.963893 0.017758 0.016496
48 0.153726 0.940616 0.019150 0.013196
48 0.159471 0.969575 0.014624 0.013196
48 0.201428 0.974157 0.008008 0.007698
48 0.209262 0.972141 0.008357 0.005132
48 0.123085 0.971591 0.014972 0.007698
48 0.109331 0.971041 0.012535 0.010997
48 0.115773 0.987170 0.018454 0.021261
48 0.167305 0.990286 0.017061 0.015762
48 0.008879 0.974523 0.014276 0.011364
48 0.009923 0.944465 0.012883 0.016496
48 0.028552 0.963343 0.014624 0.005132
48 0.032556 0.950330 0.015669 0.020894
48 0.037779 0.980572 0.014276 0.012463
48 0.040042 0.994685 0.019499 0.008431
48 0.077298 0.929619 0.015320 0.012463
48 0.063370 0.920088 0.013928 0.012463
48 0.154596 0.924853 0.016713 0.015396
48 0.157033 0.912207 0.012535 0.011364
48 0.178795 0.918988 0.014972 0.016129
48 0.178447 0.932185 0.017061 0.011730
48 0.190808 0.936584 0.014624 0.016862
48 0.186107 0.899377 0.020543 0.023094
48 0.200557 0.903226 0.011142 0.019795
48 0.212396 0.903226 0.013231 0.017595
48 0.173050 0.871701 0.012535 0.010997
48 0.188022 0.875367 0.018802 0.012463
48 0.186107 0.885264 0.017758 0.010997
48 0.149896 0.883614 0.020543 0.030425
48 0.014276 0.919172 0.013231 0.010630
48 0.059714 0.858321 0.021240 0.024560
48 0.010968 0.831012 0.019150 0.018328
48 0.131790 0.834128 0.023329 0.026760
48 0.091922 0.837793 0.028552 0.015762
48 0.093663 0.815616 0.020195 0.009531
48 0.110550 0.826979 0.021240 0.021994
48 0.124652 0.856305 0.020891 0.008065
48 0.148677 0.831562 0.013928 0.007698
48 0.069116 0.820748 0.013579 0.008065
48 0.015146 0.820015 0.012883 0.006598
48 0.025940 0.805535 0.013579 0.014296
48 0.060933 0.787207 0.011142 0.012097
48 0.048398 0.731672 0.016017 0.013930
48 0.043175 0.786107 0.010446 0.011364
48 0.053447 0.762830 0.010794 0.013196
48 0.064589 0.763196 0.013579 0.012463
48 0.075905 0.769428 0.013231 0.011730
48 0.099408 0.804069 0.013579 0.012830
48 0.110376 0.806452 0.010446 0.013196
48 0.118558 0.808101 0.009401 0.014296
48 0.168175 0.824963 0.022981 0.009897
48 0.149199 0.813416 0.015669 0.019062
48 0.161212 0.817449 0.013231 0.005865
48 0.155641 0.796554 0.017409 0.014663
48 0.069290 0.752749 0.018106 0.007698
48 0.070682 0.719025 0.017409 0.020894
48 0.099582 0.715909 0.025070 0.021261
48 0.040738 0.667705 0.018802 0.015762
48 0.059366 0.623717 0.014972 0.013563
48 0.046309 0.390029 0.014624 0.007331
48 0.053447 0.384347 0.018454 0.012097
48 0.084958 0.393145 0.017409 0.010630
48 0.076776 0.410374 0.013579 0.014296
48 0.086699 0.414589 0.018802 0.008798
48 0.090529 0.403959 0.016017 0.013196
48 0.108983 0.401576 0.028552 0.018695
48 0.121518 0.379216 0.026462 0.026026
48 0.375174 0.763380 0.014972 0.012097
48 0.017758 0.094575 0.006267 0.008065
48 0.008357 0.231488 0.009749 0.009897
48 0.010620 0.217742 0.017061 0.008798
48 0.012013 0.198131 0.019847 0.006232
48 0.030989 0.204362 0.011838 0.005499
48 0.009575 0.186950 0.008705 0.005865
48 0.024199 0.187867 0.010794 0.004765
48 0.016887 0.182368 0.010794 0.004032
48 0.018280 0.247617 0.030292 0.009164
9 0.026985 0.324413 0.003830 0.005132
48 0.029770 0.337977 0.012883 0.007331
9 0.022806 0.353372 0.003830 0.005865
9 0.026288 0.359054 0.005223 0.006232
9 0.032556 0.359238 0.004526 0.005865
9 0.032382 0.350806 0.003482 0.005132
9 0.051706 0.351173 0.003830 0.005132
48 0.055188 0.369318 0.010097 0.010630
48 0.059192 0.349890 0.006964 0.007698
48 0.080780 0.340543 0.018802 0.013930
48 0.062674 0.303702 0.009053 0.013563
48 0.083740 0.315066 0.005223 0.005499
48 0.078517 0.309384 0.006616 0.009531
48 0.072249 0.372251 0.021240 0.011364
48 0.075731 0.358138 0.024025 0.018328
48 0.096274 0.373167 0.023329 0.021261
48 0.090529 0.360521 0.007660 0.006965
48 0.129352 0.356122 0.015669 0.017229
48 0.060759 0.409274 0.009401 0.007698
48 0.037779 0.400843 0.017061 0.009897
48 0.070508 0.499267 0.032382 0.019795
48 0.156511 0.522544 0.005223 0.004032
48 0.137361 0.525110 0.008008 0.010630
48 0.106720 0.540139 0.044220 0.029692
48 0.092967 0.518328 0.019499 0.012463
48 0.134749 0.565982 0.016017 0.015396
48 0.172528 0.546554 0.019847 0.019795
48 0.194290 0.557185 0.008357 0.012463
48 0.126741 0.589809 0.033426 0.030059
5 0.107939 0.656342 0.002786 0.005499
5 0.032033 0.612353 0.005571 0.003299
5 0.063370 0.603372 0.003482 0.003666
5 0.049791 0.606855 0.002786 0.004765
5 0.033078 0.564699 0.004178 0.006965
48 0.015320 0.514846 0.020891 0.030425
48 0.049965 0.565249 0.027507 0.015396
48 0.034297 0.590542 0.036560 0.041056
5 0.045265 0.642229 0.005571 0.004399
5 0.059714 0.648827 0.005223 0.005132
5 0.100279 0.672104 0.004178 0.003299
48 0.876915 0.413673 0.008008 0.009897
5 0.864032 0.411840 0.003134 0.004765
5 0.851497 0.396444 0.003134 0.004765
12 0.845926 0.393878 0.003830 0.005499
5 0.881790 0.445748 0.002437 0.005132
5 0.870474 0.455462 0.002089 0.004765
5 0.860550 0.449597 0.003830 0.004765
9 0.856546 0.445931 0.005571 0.004032
48 0.854979 0.434567 0.006616 0.007698
48 0.795613 0.451430 0.007660 0.004765
48 0.801184 0.452529 0.006267 0.007698
48 0.798224 0.468842 0.006616 0.007331
48 0.823120 0.464993 0.011142 0.007698
9 0.799269 0.477273 0.005919 0.002933
48 0.794568 0.481855 0.021588 0.014296
48 0.809366 0.502383 0.012187 0.009164
48 0.845578 0.489370 0.024025 0.012463
9 0.794046 0.572581 0.006616 0.004399
48 0.711525 0.607221 0.031685 0.020161
48 0.701079 0.595858 0.008008 0.008431
48 0.723886 0.588893 0.013231 0.011364
48 0.704561 0.641129 0.032382 0.031525
5 0.740599 0.639296 0.003482 0.002933
48 0.670091 0.646078 0.023329 0.028226
48 0.656163 0.631232 0.019847 0.015396
5 0.654770 0.643878 0.003134 0.004765
9 0.674443 0.540689 0.002786 0.006598
6 0.518106 0.423937 0.004875 0.002566
5 0.510446 0.421738 0.002786 0.002566
48 0.484157 0.393145 0.032382 0.025293
48 0.494255 0.384347 0.023329 0.012097
48 0.504526 0.377566 0.009749 0.007331
48 0.514972 0.347691 0.012535 0.016496
9 0.521762 0.348240 0.003830 0.005865
5 0.519325 0.355755 0.002437 0.004765
48 0.543001 0.391496 0.005919 0.009531
48 0.538823 0.402493 0.007312 0.008798
48 0.573120 0.390396 0.005571 0.009531
48 0.584262 0.365103 0.008357 0.006598
48 0.518454 0.403226 0.034123 0.032991
48 0.597493 0.432001 0.013231 0.015762
48 0.627611 0.432185 0.008705 0.008798
48 0.671135 0.507515 0.024025 0.044355
48 0.700905 0.494868 0.018106 0.015396
5 0.709436 0.464443 0.004526 0.002933
48 0.731546 0.453629 0.014624 0.018695
48 0.731372 0.464443 0.007312 0.006598
48 0.719533 0.469025 0.010097 0.005499
48 0.766365 0.394245 0.010446 0.013563
48 0.860202 0.386364 0.009401 0.009531
5 0.882486 0.438233 0.002437 0.004765
48 0.793175 0.415323 0.018106 0.016862
48 0.792653 0.363820 0.017061 0.017229
9 0.811107 0.369685 0.007312 0.003299
48 0.756616 0.343658 0.017409 0.023827
5 0.733461 0.378666 0.002437 0.005865
5 0.727368 0.385814 0.004875 0.005499
48 0.735376 0.422837 0.035515 0.041422
48 0.719708 0.519795 0.007660 0.014663
48 0.701950 0.433834 0.016713 0.016496
48 0.714659 0.535557 0.014972 0.027859
9 0.720230 0.528226 0.003830 0.005865
9 0.685411 0.569282 0.004526 0.005132
9 0.680536 0.555902 0.005919 0.004032
48 0.823990 0.484787 0.007312 0.009897
5 0.868036 0.504765 0.004875 0.002933
9 0.868733 0.508248 0.004875 0.002566
5 0.863510 0.494318 0.002786 0.004032
5 0.868210 0.476540 0.002437 0.004399
5 0.897806 0.476356 0.003134 0.004765
5 0.900418 0.479472 0.002786 0.004399
5 0.902333 0.480389 0.002437 0.005499
5 0.907382 0.440982 0.004178 0.005132
9 0.938370 0.457478 0.003482 0.005865
5 0.941504 0.452529 0.002786 0.004765
5 0.946901 0.441899 0.002437 0.004765
5 0.948468 0.437317 0.003482 0.004399
9 0.951253 0.433101 0.003482 0.005499
48 0.966226 0.432918 0.025766 0.018328
9 0.977542 0.475257 0.005919 0.003299
5 0.974408 0.489736 0.005223 0.004399
5 0.930536 0.522727 0.005919 0.002199
48 0.929840 0.496701 0.013579 0.009531
48 0.944986 0.514113 0.016713 0.016496
48 0.947249 0.524927 0.005223 0.003666
5 0.977890 0.465543 0.015669 0.008798
48 0.994255 0.488453 0.010794 0.020161
48 0.992862 0.547654 0.012883 0.014663
5 0.986943 0.546554 0.003830 0.002933
5 0.785864 0.546921 0.003482 0.003666
5 0.767409 0.551136 0.003482 0.001833
13 0.780118 0.540139 0.003134 0.004032
9 0.785689 0.520528 0.005223 0.002933
48 0.869429 0.462977 0.002786 0.003666
48 0.788301 0.508981 0.009749 0.020894
48 0.819986 0.504399 0.015320 0.004399
48 0.772806 0.533175 0.005919 0.004032
48 0.799443 0.552786 0.013928 0.032991
48 0.767235 0.557735 0.029596 0.010630
48 0.787256 0.558101 0.010446 0.008431
48 0.783426 0.565433 0.018802 0.006232
9 0.784297 0.677236 0.005223 0.004032
48 0.770891 0.649560 0.011838 0.013196
48 0.749478 0.637830 0.021936 0.020528
48 0.762013 0.632698 0.011490 0.012463
5 0.728238 0.727456 0.001741 0.004032
5 0.699338 0.768328 0.003830 0.002933
5 0.694290 0.764113 0.004178 0.002566
5 0.738336 0.768328 0.003830 0.004399
48 0.713440 0.756598 0.029944 0.025660
48 0.646240 0.752383 0.009749 0.007698
48 0.642758 0.758798 0.008357 0.009531
48 0.657904 0.740653 0.021240 0.013563
48 0.672876 0.711510 0.012883 0.009531
48 0.694464 0.691716 0.010794 0.014663
48 0.689415 0.691899 0.005571 0.004765
48 0.778203 0.795455 0.008357 0.011730
5 0.655467 0.768695 0.003134 0.002199
12 0.677402 0.781525 0.003830 0.002933
5 0.671831 0.768145 0.003830 0.003299
48 0.671309 0.771811 0.006964 0.005499
48 0.682799 0.779692 0.006267 0.005865
48 0.685237 0.782258 0.004178 0.004399
48 0.686804 0.784458 0.004526 0.004399
48 0.689937 0.786107 0.005919 0.004765
48 0.696901 0.789956 0.010097 0.008065
9 0.665912 0.779692 0.005919 0.005132
48 0.656337 0.785374 0.008357 0.006965
48 0.658426 0.778776 0.008357 0.005499
48 0.673747 0.790506 0.026462 0.015029
5 0.811281 0.845675 0.005571 0.002933
9 0.816852 0.847324 0.005571 0.003299
9 0.824513 0.849340 0.005571 0.003666
5 0.955432 0.896261 0.002786 0.005132
5 0.962570 0.900843 0.002437 0.004032
5 0.975975 0.909274 0.004875 0.001833
5 0.973364 0.897911 0.001741 0.004032
5 0.919916 0.905242 0.003482 0.001833
48 0.767758 0.984054 0.020195 0.014296
48 0.662256 0.947031 0.057799 0.038490
48 0.607068 0.931268 0.060933 0.043622
5 0.601671 0.977639 0.003482 0.005132
5 0.610550 0.979289 0.003134 0.004765
5 0.612987 0.979839 0.003134 0.005132
5 0.589659 0.972507 0.002437 0.005132
5 0.591226 0.973607 0.002786 0.005132
9 0.593315 0.974890 0.004178 0.006232
48 0.625000 0.994501 0.014624 0.010264
48 0.635794 0.996518 0.010446 0.006232
9 0.615425 0.992302 0.005223 0.003666
48 0.581825 0.991935 0.011838 0.009531
48 0.600279 0.992852 0.005571 0.004765
48 0.581128 0.997434 0.009749 0.003666
48 0.589659 0.997251 0.009401 0.004032
5 0.597841 0.997801 0.003482 0.003666
48 0.627960 0.978189 0.008705 0.004765
9 0.654074 0.978006 0.006616 0.003666
12 0.662430 0.982221 0.003830 0.004765
9 0.666957 0.980205 0.006616 0.004399
9 0.552751 0.948680 0.006616 0.002933
5 0.553969 0.956928 0.003482 0.002566
12 0.555188 0.960960 0.003134 0.004032
12 0.526811 0.951063 0.004178 0.005499
4 0.525418 0.941532 0.003482 0.001833
48 0.528029 0.962060 0.023329 0.016496
48 0.522806 0.971591 0.013579 0.008431
48 0.520717 0.978739 0.014972 0.008798
48 0.533948 0.986254 0.010097 0.005499
48 0.508357 0.996151 0.009053 0.006232
48 0.497911 0.989370 0.013231 0.019062
48 0.498781 0.973974 0.019847 0.017595
48 0.443767 0.954545 0.008705 0.010264
48 0.448294 0.957478 0.005223 0.008065
48 0.478760 0.931818 0.013928 0.008798
48 0.504701 0.935667 0.028203 0.019428
48 0.487117 0.940249 0.011838 0.024927
48 0.479979 0.942449 0.006616 0.011730
5 0.486595 0.950513 0.002437 0.003666
48 0.467792 0.961510 0.014972 0.016862
48 0.442897 0.921188 0.027855 0.012463
5 0.447423 0.894795 0.002786 0.005132
48 0.519325 0.890396 0.012187 0.010997
48 0.527507 0.890946 0.011142 0.012097
48 0.529770 0.883431 0.005919 0.004399
48 0.531337 0.879949 0.006267 0.004032
48 0.473712 0.868402 0.036560 0.022727
5 0.459784 0.849707 0.003830 0.005132
48 0.467967 0.851906 0.011142 0.010997
5 0.487813 0.857955 0.002786 0.004032
48 0.475627 0.848974 0.009053 0.008798
48 0.482765 0.851356 0.005919 0.006965
48 0.491992 0.853739 0.006964 0.007331
5 0.498955 0.883065 0.002786 0.004399
5 0.504004 0.857221 0.003134 0.004032
48 0.452124 0.850990 0.010097 0.023094
48 0.506267 0.868585 0.031337 0.026760
48 0.530989 0.868218 0.016017 0.011364
48 0.494081 0.900660 0.027855 0.030792
48 0.474930 0.896078 0.013231 0.020161
48 0.516539 0.909458 0.009401 0.013196
48 0.517932 0.899560 0.006616 0.010997
48 0.525244 0.906525 0.007312 0.007331
48 0.462744 0.830095 0.013231 0.012097
48 0.500696 0.828446 0.005571 0.005865
48 0.487117 0.815433 0.014624 0.015762
48 0.506093 0.832295 0.008008 0.012830
48 0.502263 0.823680 0.008008 0.005132
48 0.489032 0.839443 0.010097 0.013196
5 0.475453 0.843842 0.005919 0.002933
48 0.516539 0.848607 0.005223 0.010264
5 0.513405 0.838526 0.002437 0.003299
48 0.483113 0.832111 0.014276 0.017595
48 0.469359 0.819465 0.016713 0.010630
48 0.498259 0.813966 0.009749 0.006965
48 0.517758 0.824047 0.007660 0.015396
48 0.510620 0.816899 0.004526 0.003299
48 0.518280 0.839076 0.014972 0.016129
48 0.552054 0.810117 0.013579 0.014663
48 0.546657 0.822764 0.016713 0.015029
9 0.557103 0.819465 0.002786 0.004032
48 0.538127 0.849707 0.024025 0.021261
5 0.447075 0.993952 0.005571 0.003299
48 0.461699 0.990103 0.013231 0.008798
48 0.471623 0.977089 0.007312 0.007698
5 0.420265 0.973607 0.004178 0.002933
48 0.437674 0.980205 0.015320 0.013930
48 0.433496 0.970125 0.005571 0.004765
48 0.440286 0.972874 0.007312 0.005865
48 0.449338 0.977089 0.004526 0.004032
48 0.445857 0.975440 0.003830 0.003666
48 0.418001 0.967925 0.017758 0.019428
48 0.431929 0.958578 0.022632 0.008065
48 0.418350 0.993035 0.007312 0.012463
48 0.423572 0.991569 0.005919 0.007331
48 0.428273 0.994318 0.006964 0.007698
48 0.434018 0.994685 0.006616 0.006232
48 0.440634 0.995968 0.007312 0.005132
9 0.401462 0.946298 0.006267 0.003299
9 0.387535 0.942449 0.004178 0.002199
9 0.393454 0.944648 0.006267 0.003666
5 0.394325 0.939883 0.004526 0.002199
5 0.403900 0.942082 0.004875 0.002199
5 0.406685 0.936950 0.003482 0.002933
5 0.391017 0.932551 0.002786 0.003666
48 0.331999 0.989919 0.056058 0.020161
48 0.340877 0.918805 0.025766 0.012097
48 0.399025 0.930902 0.013928 0.014296
5 0.402855 0.905425 0.002786 0.003666
48 0.415216 0.907625 0.024025 0.015396
48 0.384227 0.929252 0.015669 0.014663
48 0.373955 0.923204 0.015320 0.021628
48 0.363336 0.915506 0.015669 0.015029
48 0.385098 0.906892 0.034819 0.021261
48 0.354979 0.896261 0.013579 0.016129
48 0.453169 0.901026 0.011490 0.009531
48 0.459784 0.901026 0.003830 0.005865
48 0.470578 0.907075 0.023329 0.011364
48 0.451950 0.881965 0.015320 0.015396
48 0.462570 0.889846 0.013579 0.016496
48 0.463614 0.880315 0.007312 0.005499
48 0.441156 0.896811 0.014624 0.015762
48 0.516017 0.916972 0.022284 0.012097
48 0.510968 0.902676 0.006616 0.008431
48 0.568245 0.891679 0.011142 0.012097
48 0.570334 0.881782 0.014624 0.012830
48 0.551358 0.876100 0.017758 0.012463
48 0.545439 0.890946 0.017061 0.023094
48 0.543001 0.909458 0.019847 0.015396
48 0.567897 0.913490 0.006964 0.013930
48 0.536560 0.923021 0.005571 0.004399
48 0.554318 0.927419 0.010446 0.013930
48 0.543175 0.923204 0.009749 0.013563
48 0.206476 0.926320 0.004875 0.006598
48 0.204735 0.931452 0.005571 0.005865
48 0.220578 0.923204 0.011490 0.008431
48 0.219533 0.915872 0.040042 0.012830
48 0.221797 0.912757 0.006964 0.005865
5 0.250348 0.928886 0.004875 0.002199
48 0.235028 0.889663 0.017409 0.007331
5 0.226845 0.882515 0.003134 0.001833
48 0.201079 0.886730 0.014276 0.015396
5 0.214659 0.921188 0.002437 0.002933
6 0.231894 0.924120 0.006267 0.002933
48 0.222493 0.881782 0.009749 0.007698
48 0.209784 0.890396 0.005919 0.004399
48 0.211003 0.885447 0.006964 0.006232
48 0.214485 0.867485 0.009749 0.019428
48 0.207347 0.865469 0.008008 0.018328
5 0.228412 0.849890 0.004178 0.002566
48 0.241469 0.865653 0.033078 0.026026
12 0.257834 0.877933 0.003134 0.003666
5 0.266887 0.880682 0.004526 0.002566
5 0.268106 0.872067 0.002786 0.005132
48 0.268106 0.899377 0.027159 0.013563
5 0.261316 0.880132 0.004526 0.002199
48 0.261664 0.886180 0.015669 0.010630
48 0.276985 0.883431 0.014276 0.014663
5 0.287953 0.879765 0.003482 0.005132
5 0.169394 0.880315 0.002437 0.003299
9 0.137535 0.899560 0.004875 0.002933
9 0.099060 0.875367 0.003134 0.004399
9 0.111595 0.891312 0.004526 0.002566
5 0.200209 0.903409 0.004178 0.005499
5 0.085655 0.934018 0.005571 0.003666
48 0.073120 0.935484 0.010446 0.007331
48 0.076776 0.892412 0.030292 0.020161
48 0.068245 0.905608 0.024373 0.017229
48 0.088962 0.903959 0.014972 0.024194
5 0.189415 0.974890 0.003482 0.005499
5 0.192723 0.975806 0.002437 0.004399
5 0.194638 0.977823 0.002786 0.004765
5 0.031511 0.981855 0.002437 0.003299
48 0.016017 0.995601 0.011142 0.007331
5 0.033948 0.915689 0.005223 0.002933
48 0.003308 0.916239 0.006616 0.010630
48 0.001741 0.926503 0.003482 0.006232
48 0.045091 0.910374 0.014276 0.010630
48 0.044916 0.918622 0.009053 0.008798
5 0.034993 0.911840 0.003830 0.002566
48 0.034645 0.908724 0.009401 0.006598
48 0.005745 0.908908 0.005223 0.004032
48 0.005223 0.901210 0.010446 0.006965
48 0.002960 0.895345 0.005919 0.005499
5 0.014798 0.881965 0.003830 0.005132
9 0.040042 0.893328 0.004875 0.003666
5 0.045613 0.890579 0.004178 0.004032
5 0.053447 0.888563 0.002437 0.004399
48 0.004004 0.866935 0.008008 0.010997
5 0.070334 0.837427 0.004178 0.004765
5 0.054492 0.795455 0.005223 0.002199
5 0.035689 0.789223 0.003830 0.002199
48 0.023851 0.847874 0.008008 0.009531
48 0.047006 0.881598 0.029248 0.017595
48 0.029074 0.876466 0.017758 0.019062
48 0.018628 0.868218 0.006616 0.004765
48 0.004004 0.849890 0.008008 0.008431
48 0.003308 0.843292 0.005919 0.006232
48 0.006616 0.789406 0.013231 0.012830
48 0.005223 0.797837 0.009053 0.005499
48 0.004004 0.804985 0.007312 0.008798
5 0.012883 0.792522 0.004178 0.006598
48 0.009575 0.801503 0.003830 0.004032
48 0.043350 0.799120 0.014276 0.009531
48 0.032556 0.796738 0.008008 0.008431
48 0.028377 0.793988 0.004526 0.004399
48 0.046831 0.807918 0.011490 0.015396
48 0.036386 0.811400 0.008705 0.008431
48 0.058148 0.811584 0.018106 0.023460
48 0.046483 0.817815 0.006616 0.010997
5 0.007834 0.764113 0.003134 0.004032
5 0.013928 0.736987 0.004875 0.003299
5 0.011142 0.759714 0.004178 0.002566
9 0.007312 0.754765 0.006267 0.011730
48 0.039694 0.742485 0.010446 0.007698
48 0.047702 0.741386 0.010446 0.008431
48 0.059540 0.733504 0.011838 0.010997
48 0.067375 0.736804 0.008008 0.008065
5 0.090877 0.739736 0.005571 0.002933
48 0.078169 0.743952 0.017758 0.017962
48 0.088092 0.751100 0.013928 0.008065
48 0.094359 0.744868 0.014624 0.009531
48 0.068245 0.743768 0.020891 0.016129
48 0.093837 0.730938 0.021936 0.013930
48 0.071205 0.777493 0.049791 0.016129
48 0.130919 0.813600 0.023677 0.015762
5 0.113162 0.817265 0.006267 0.003299
5 0.162256 0.803153 0.004875 0.002933
5 0.169394 0.805535 0.004526 0.002566
5 0.174965 0.806818 0.004526 0.002933
48 0.146588 0.791422 0.006267 0.009531
48 0.158078 0.810850 0.004178 0.004399
48 0.234331 0.784091 0.012535 0.011730
48 0.175487 0.770528 0.036908 0.021994
48 0.186455 0.782808 0.007312 0.007698
5 0.172876 0.789406 0.003134 0.004765
48 0.179666 0.805535 0.006267 0.006232
48 0.172702 0.817082 0.010446 0.007331
48 0.200905 0.810850 0.028552 0.010997
48 0.191852 0.799670 0.007660 0.013563
48 0.201776 0.779692 0.012883 0.024194
48 0.219359 0.837977 0.004875 0.008065
48 0.212047 0.805169 0.005571 0.006965
5 0.230850 0.774743 0.006267 0.003299
48 0.213962 0.785007 0.006616 0.006232
48 0.212221 0.790506 0.007312 0.007698
48 0.201253 0.821847 0.002786 0.005132
48 0.212918 0.825880 0.006616 0.007331
48 0.200905 0.795455 0.006267 0.008065
48 0.198294 0.802786 0.005223 0.005132
48 0.195857 0.835044 0.004526 0.007331
48 0.191156 0.831012 0.006267 0.005865
48 0.239380 0.837610 0.010794 0.017595
48 0.266887 0.799304 0.011490 0.020894
48 0.257312 0.787940 0.004178 0.004032
48 0.255745 0.792155 0.005919 0.005865
48 0.254352 0.797654 0.005223 0.005865
48 0.252437 0.802969 0.004178 0.004765
48 0.251045 0.807918 0.003482 0.005865
48 0.260446 0.818182 0.026462 0.011730
48 0.243907 0.827529 0.008705 0.004765
48 0.264624 0.830095 0.010446 0.009897
48 0.268106 0.823680 0.008357 0.007331
48 0.251219 0.840726 0.014276 0.020161
9 0.261664 0.841276 0.004526 0.005132
48 0.258357 0.851906 0.005571 0.005132
5 0.275418 0.829362 0.004178 0.006232
48 0.233461 0.716642 0.005919 0.005865
48 0.234506 0.734604 0.006616 0.010997
48 0.270021 0.712243 0.010097 0.011730
48 0.265320 0.720858 0.006267 0.009897
48 0.247214 0.732405 0.016713 0.016862
48 0.262013 0.713526 0.014276 0.019428
48 0.255745 0.706378 0.008008 0.009531
48 0.248781 0.702713 0.010794 0.010997
48 0.198642 0.694648 0.016365 0.015396
48 0.320160 0.657258 0.016365 0.017595
48 0.326079 0.644611 0.007312 0.009164
5 0.336177 0.647361 0.001741 0.004399
5 0.332173 0.627016 0.002786 0.004032
48 0.311804 0.633798 0.011490 0.007331
48 0.303447 0.648094 0.017061 0.019795
48 0.290564 0.650843 0.008705 0.006965
5 0.404596 0.698130 0.004178 0.002566
5 0.469533 0.717559 0.004526 0.003299
5 0.438719 0.717559 0.002089 0.004032
48 0.405641 0.707661 0.037604 0.023094
48 0.400940 0.728189 0.033774 0.024560
48 0.411386 0.719208 0.021240 0.008798
5 0.401636 0.760997 0.004526 0.002199
5 0.406163 0.749817 0.004526 0.003299
5 0.411734 0.747067 0.005223 0.002199
5 0.428795 0.756782 0.004526 0.002566
5 0.436978 0.754032 0.005571 0.002933
5 0.462396 0.765946 0.004178 0.002566
5 0.482068 0.771628 0.005223 0.002933
48 0.082347 0.848057 0.007312 0.009164
5 0.070857 0.833394 0.004526 0.002566
48 0.066504 0.841642 0.009749 0.005865
5 0.149025 0.754582 0.004178 0.001833
5 0.142061 0.753116 0.004178 0.001833
48 0.134053 0.745235 0.009053 0.005865
48 0.120125 0.765946 0.011838 0.021628
48 0.109854 0.754399 0.021240 0.017595
48 0.124652 0.785191 0.003482 0.002933
48 0.185063 0.849157 0.014276 0.007698
48 0.195160 0.844025 0.012187 0.008431
48 0.182974 0.839260 0.013579 0.006965
48 0.224060 0.853922 0.006616 0.010630
48 0.208740 0.851356 0.014276 0.011364
48 0.218663 0.850623 0.005571 0.005499
48 0.422876 0.886730 0.021240 0.021261
48 0.434366 0.871518 0.009401 0.012097
48 0.425487 0.852456 0.016017 0.016496
48 0.421135 0.837427 0.008705 0.014296
48 0.258879 0.244685 0.021240 0.015029
48 0.187674 0.251466 0.032033 0.021994
48 0.209088 0.281891 0.034471 0.032991
48 0.233287 0.295271 0.018106 0.017229
48 0.189067 0.321481 0.028552 0.009531
48 0.194986 0.333761 0.008357 0.007698
48 0.193767 0.341276 0.008008 0.008065
48 0.180536 0.337793 0.019150 0.009164
48 0.140843 0.308834 0.015669 0.007698
48 0.145543 0.301136 0.010446 0.012097
48 0.194986 0.304435 0.044568 0.023094
48 0.168350 0.314333 0.005919 0.005499
48 0.169568 0.296554 0.018106 0.011730
48 0.158078 0.270711 0.007660 0.009164
5 0.041609 0.254216 0.003134 0.004765
5 0.102542 0.312683 0.007312 0.003666
5 0.085306 0.449963 0.004178 0.006232
5 0.079039 0.462427 0.004178 0.004765
5 0.113510 0.436034 0.002089 0.004032
5 0.120822 0.456012 0.004178 0.002199
5 0.122389 0.454179 0.001741 0.002199
5 0.038997 0.438050 0.002089 0.003666
5 0.012361 0.433834 0.003134 0.005499
48 0.066852 0.450513 0.008357 0.008065
48 0.098538 0.417889 0.008357 0.009531
5 0.116295 0.407625 0.002089 0.002933
5 0.117166 0.409091 0.002437 0.002199
48 0.112813 0.421738 0.007660 0.006965
48 0.117688 0.411474 0.005571 0.004032
48 0.087570 0.426870 0.014276 0.014296
48 0.070682 0.430535 0.009053 0.005499
48 0.099408 0.451063 0.013579 0.009164
48 0.101845 0.442265 0.010097 0.010630
48 0.046831 0.445015 0.005919 0.006598
48 0.042479 0.451246 0.011142 0.008065
5 0.074338 0.437683 0.003830 0.002199
48 0.114032 0.470125 0.023329 0.020894
48 0.144673 0.451063 0.047006 0.017962
5 0.182799 0.391496 0.004178 0.002933
48 0.194290 0.397544 0.032730 0.031158
4 0.042827 0.522727 0.002089 0.002933
48 0.055362 0.576613 0.006964 0.005132
48 0.126567 0.616019 0.020543 0.013563
48 0.114380 0.626466 0.018454 0.011730
48 0.158078 0.632698 0.040390 0.019795
48 0.164345 0.614736 0.041086 0.022727
48 0.170265 0.573497 0.035515 0.027493
48 0.164694 0.591642 0.038997 0.021261
5 0.155292 0.584494 0.002786 0.003299
5 0.182103 0.600806 0.003482 0.005132
48 0.220230 0.573680 0.009401 0.010997
48 0.187674 0.586327 0.010446 0.040689
5 0.186455 0.571847 0.003830 0.002199
5 0.196901 0.571114 0.002437 0.003666
5 0.184192 0.575147 0.001393 0.003666
48 0.168698 0.642229 0.008705 0.008798
48 0.162082 0.642229 0.003830 0.003666
48 0.070160 0.515579 0.020543 0.016496
48 0.049965 0.513380 0.020543 0.009164
9 0.093663 0.547654 0.005571 0.002199
48 0.079387 0.550587 0.015320 0.019062
48 0.076950 0.565982 0.016017 0.018328
48 0.111247 0.571114 0.005223 0.006598
9 0.185063 0.471591 0.003134 0.006232
5 0.307277 0.503299 0.003134 0.006598
5 0.304143 0.508431 0.003134 0.005132
9 0.282033 0.544172 0.003482 0.006232
48 0.202994 0.611804 0.012535 0.012463
48 0.196727 0.586877 0.007660 0.010997
48 0.213962 0.616019 0.022632 0.022361
48 0.739728 0.965726 0.014972 0.028226
48 0.761838 0.972324 0.038997 0.028959
5 0.724060 0.986437 0.004526 0.002933
5 0.714311 0.983504 0.003830 0.002933
5 0.715877 0.991386 0.002786 0.004765
5 0.718489 0.993952 0.003134 0.004765
9 0.465529 0.789956 0.002786 0.005865
5 0.468489 0.788856 0.002437 0.004399
48 0.022284 0.285374 0.011142 0.014296
48 0.052577 0.265396 0.031337 0.030059
48 0.102019 0.337793 0.020195 0.027493
48 0.154944 0.361620 0.036212 0.040689
9 0.243384 0.400660 0.007660 0.006598
5 0.159297 0.316532 0.003830 0.004032
5 0.274199 0.420088 0.003830 0.004399
5 0.224060 0.242852 0.003830 0.003299
48 0.348886 0.322581 0.027855 0.029326
48 0.295613 0.311767 0.012535 0.010630
48 0.306058 0.297471 0.018802 0.015762
48 0.327646 0.320565 0.009053 0.012830
48 0.412082 0.311400 0.027507 0.026026
5 0.214311 0.385447 0.002437 0.004032
5 0.216052 0.380315 0.002437 0.004032
48 0.225975 0.322397 0.027855 0.023094
48 0.283948 0.325696 0.021936 0.013563
48 0.262709 0.324963 0.030989 0.028959
48 0.245648 0.340909 0.022632 0.019795
48 0.251045 0.355938 0.036212 0.021261
48 0.261490 0.344391 0.006267 0.005499
48 0.240251 0.377199 0.035515 0.024927
5 0.240077 0.434018 0.002437 0.003666
5 0.260968 0.410191 0.001741 0.002933
48 0.262535 0.426136 0.018802 0.015762
48 0.267235 0.417339 0.018454 0.014296
48 0.253656 0.439516 0.021936 0.024927
48 0.268628 0.455645 0.011490 0.013930
5 0.275592 0.469025 0.004526 0.002566
48 0.260272 0.451430 0.007312 0.009897
48 0.264450 0.445931 0.008008 0.006965
48 0.267061 0.441349 0.006267 0.005132
48 0.269673 0.437500 0.004526 0.004765
48 0.283426 0.432918 0.007660 0.007331
48 0.276985 0.423570 0.008705 0.011364
48 0.287256 0.427969 0.008357 0.006232
48 0.278900 0.429435 0.005571 0.005499
48 0.286734 0.444465 0.011490 0.011364
48 0.270717 0.400660 0.011490 0.014663
48 0.280641 0.387280 0.016713 0.015762
48 0.293175 0.380499 0.029248 0.019062
48 0.276985 0.409274 0.005919 0.006232
48 0.339833 0.375000 0.013231 0.009531
48 0.334610 0.382698 0.008357 0.012463
48 0.351497 0.378849 0.008705 0.008431
48 0.337396 0.388013 0.008357 0.007698
48 0.341052 0.391312 0.004526 0.004765
48 0.344359 0.392045 0.003482 0.004032
48 0.348886 0.392779 0.008357 0.009897
48 0.301010 0.342925 0.014972 0.013563
48 0.467270 0.451063 0.006964 0.007698
48 0.464311 0.449413 0.006616 0.008798
48 0.459958 0.445015 0.008357 0.010264
48 0.437326 0.437683 0.012535 0.008065
48 0.421483 0.430718 0.005919 0.005865
48 0.536386 0.484604 0.008705 0.012463
48 0.540564 0.486987 0.007312 0.009164
48 0.530292 0.483688 0.006267 0.007698
48 0.539519 0.449780 0.022632 0.027126
48 0.483113 0.476906 0.009401 0.015396
48 0.488336 0.487170 0.012187 0.010997
48 0.475453 0.497067 0.006616 0.009531
48 0.482416 0.502016 0.009401 0.010630
48 0.475453 0.467375 0.005919 0.005865
5 0.447075 0.507148 0.002786 0.004032
5 0.444290 0.506598 0.002786 0.003666
5 0.463266 0.520894 0.002437 0.005132
5 0.317375 0.474890 0.002437 0.004032
48 0.335481 0.482771 0.025418 0.020528
48 0.346971 0.492669 0.011490 0.013196
48 0.381267 0.495784 0.013231 0.015762
48 0.376915 0.505499 0.014276 0.010264
48 0.372389 0.509714 0.016365 0.011364
48 0.372040 0.515213 0.014276 0.012830
48 0.366469 0.502199 0.012187 0.013930
48 0.354979 0.492119 0.006616 0.007698
48 0.374304 0.491202 0.010446 0.012463
48 0.321553 0.485521 0.010097 0.009897
48 0.334610 0.465726 0.013231 0.017229
48 0.364728 0.484604 0.019847 0.016862
48 0.351149 0.479106 0.012883 0.017595
48 0.358461 0.475623 0.006616 0.005499
48 0.387013 0.482955 0.006616 0.006232
48 0.388057 0.469208 0.015669 0.018328
48 0.400070 0.486804 0.011838 0.011730
48 0.428447 0.485521 0.009401 0.011364
48 0.440286 0.507331 0.024025 0.019062
5 0.395021 0.558468 0.004526 0.003299
5 0.393976 0.541422 0.003134 0.003666
5 0.361943 0.578996 0.003134 0.006232
48 0.308148 0.610887 0.027855 0.032625
48 0.331302 0.598424 0.012187 0.012830
48 0.342967 0.603739 0.011838 0.016129
5 0.331128 0.611804 0.003482 0.003666
48 0.394847 0.638380 0.010446 0.005499
48 0.391365 0.643695 0.023677 0.013930
48 0.401811 0.642962 0.006267 0.005132
48 0.388579 0.625183 0.011142 0.015762
5 0.037604 0.227639 0.002786 0.004399
48 0.087744 0.184018 0.004178 0.004399
48 0.072075 0.159824 0.017409 0.018328
48 0.196205 0.193548 0.008008 0.017595
48 0.185585 0.190066 0.006964 0.012097
48 0.163997 0.207478 0.006267 0.010264
48 0.126393 0.250550 0.013231 0.022361
48 0.145891 0.254216 0.013231 0.025293
48 0.049269 0.234238 0.007312 0.008065
48 0.063196 0.233138 0.010097 0.007331
48 0.136664 0.220674 0.011490 0.008065
48 0.084610 0.207845 0.017409 0.006598
48 0.242340 0.482588 0.017409 0.021628
48 0.249304 0.467375 0.011838 0.013930
48 0.239554 0.462610 0.017409 0.019795
5 0.304840 0.744135 0.003134 0.004399
5 0.295613 0.761730 0.003482 0.003666
5 0.292131 0.772361 0.002786 0.004399
5 0.314241 0.759164 0.002437 0.002199
5 0.299443 0.762647 0.002089 0.001833
5 0.318071 0.763930 0.002437 0.002199
5 0.349408 0.745968 0.002437 0.004399
48 0.377089 0.750367 0.013928 0.018328
5 0.279422 0.671004 0.003134 0.004765
5 0.530467 0.687500 0.005223 0.002566
9 0.591226 0.707295 0.004875 0.012097
9 0.568767 0.710411 0.005223 0.002933
5 0.628482 0.697764 0.002089 0.004032
5 0.627437 0.703079 0.004178 0.003666
5 0.628656 0.707111 0.002437 0.003666
9 0.638057 0.711510 0.005223 0.003666
9 0.637361 0.713710 0.005223 0.003666
5 0.620648 0.772911 0.003134 0.002566
5 0.627960 0.768145 0.001741 0.003299
5 0.615773 0.782075 0.003134 0.004032
9 0.613510 0.793988 0.004178 0.005132
5 0.586873 0.870784 0.003134 0.004032
5 0.596797 0.881415 0.004875 0.003299
5 0.581825 0.924120 0.004875 0.003666
5 0.587570 0.940249 0.004526 0.002199
9 0.583565 0.945931 0.005571 0.003299
9 0.589485 0.947947 0.005571 0.002933
9 0.637013 0.902126 0.003830 0.006598
11 0.667479 0.986987 0.007660 0.004765
11 0.668350 0.985154 0.008008 0.003299
11 0.666086 0.989370 0.007660 0.004399
5 0.108983 0.674853 0.006964 0.003666
12 0.659123 0.772177 0.002786 0.003299
9 0.405989 0.969575 0.002786 0.005132
9 0.267235 0.876650 0.003134 0.003299
48 0.110724 0.777126 0.006964 0.008798
5 0.124826 0.454545 0.002437 0.002199
5 0.185759 0.643512 0.003830 0.001833
5 0.598886 0.869501 0.002089 0.001466
5 0.126219 0.892595 0.005919 0.003666
