5 0.131862 0.798643 0.005861 0.007611
6 0.009963 0.889146 0.003126 0.006618
5 0.013675 0.887492 0.003516 0.004633
5 0.036531 0.867141 0.002735 0.004964
5 0.029986 0.891959 0.003321 0.006949
5 0.033991 0.890470 0.003907 0.005295
5 0.039265 0.882859 0.003516 0.006618
5 0.072768 0.985275 0.004884 0.004964
5 0.103243 0.972700 0.006056 0.004302
5 0.101875 0.969722 0.005274 0.004302
5 0.147490 0.944077 0.003907 0.005956
5 0.144266 0.945400 0.003321 0.005295
5 0.158332 0.948379 0.004884 0.003971
5 0.137527 0.945566 0.003516 0.005625
5 0.131862 0.937790 0.007814 0.004633
6 0.165853 0.941099 0.005861 0.007280
6 0.156769 0.938451 0.004884 0.006618
6 0.160871 0.935308 0.004884 0.006949
6 0.159797 0.939113 0.005079 0.007942
6 0.164290 0.936300 0.003907 0.006287
5 0.153839 0.939775 0.003712 0.005956
5 0.166829 0.901555 0.004298 0.004964
5 0.169564 0.901721 0.003907 0.005295
5 0.174741 0.901721 0.004493 0.005295
6 0.177574 0.901721 0.004298 0.005956
5 0.180602 0.901224 0.003321 0.004964
6 0.266068 0.833058 0.007033 0.004964
5 0.173374 0.828094 0.004884 0.003640
5 0.148271 0.825281 0.005079 0.003971
5 0.147783 0.822138 0.005274 0.003640
5 0.146904 0.816016 0.004688 0.004633
5 0.121996 0.785076 0.004884 0.003640
5 0.142899 0.796161 0.005274 0.004633
5 0.119945 0.746029 0.004298 0.004302
5 0.118773 0.740404 0.005079 0.004302
5 0.113401 0.717075 0.004102 0.005295
5 0.061828 0.687624 0.005274 0.004633
5 0.067787 0.687624 0.004688 0.003971
6 0.077066 0.681502 0.006056 0.007611
6 0.083219 0.681006 0.003907 0.006618
39 0.182555 0.693580 0.008009 0.003971
5 0.267337 0.761747 0.003712 0.005295
5 0.274565 0.756122 0.003321 0.005956
5 0.018558 0.015056 0.003907 0.004964
5 0.031158 0.001655 0.005274 0.003309
5 0.032038 0.004964 0.004688 0.003971
5 0.161164 0.085539 0.004688 0.002978
5 0.260402 0.074950 0.005079 0.003640
5 0.666634 0.031105 0.004102 0.002647
5 0.706681 0.026969 0.004884 0.003640
5 0.745653 0.052945 0.005861 0.003971
5 0.728658 0.065850 0.003907 0.005956
5 0.731588 0.066016 0.003907 0.005625
5 0.734030 0.065850 0.003712 0.005956
5 0.741453 0.048643 0.005665 0.005956
10 0.727095 0.049636 0.002735 0.006618
10 0.729635 0.049636 0.003126 0.006618
10 0.731979 0.048809 0.003516 0.006949
10 0.734518 0.048809 0.003907 0.007611
10 0.738035 0.048312 0.002735 0.006618
6 0.737156 0.056916 0.006447 0.003971
5 0.711467 0.064527 0.002735 0.005295
5 0.852999 0.130377 0.003321 0.006618
5 0.898613 0.064527 0.002344 0.005956
5 0.901153 0.064030 0.003516 0.006287
5 0.079801 0.494375 0.004884 0.003309
5 0.095722 0.489080 0.005470 0.003971
5 0.119848 0.496029 0.004493 0.005956
5 0.132057 0.438948 0.005079 0.004302
5 0.238328 0.367306 0.006251 0.003971
5 0.246630 0.371939 0.006837 0.003309
9 0.253663 0.368630 0.008009 0.003971
5 0.162434 0.539047 0.004884 0.005295
48 0.086736 0.585208 0.005079 0.008273
48 0.010451 0.657677 0.016996 0.014229
48 0.058801 0.662144 0.012112 0.014560
48 0.036140 0.694242 0.010940 0.010589
5 0.203848 0.671410 0.004884 0.003309
5 0.200527 0.658339 0.002930 0.004302
5 0.206095 0.660655 0.004298 0.002978
5 0.267044 0.727002 0.003516 0.005956
5 0.119164 0.886499 0.002344 0.004633
5 0.173960 0.968398 0.004884 0.004302
5 0.177476 0.988087 0.003712 0.005295
5 0.179625 0.978822 0.004493 0.005295
5 0.027935 0.864990 0.003126 0.004633
5 0.058312 0.783753 0.003321 0.004964
5 0.060461 0.784083 0.003712 0.004964
5 0.016996 0.783422 0.002735 0.006287
5 0.013479 0.789543 0.002735 0.006618
48 0.195644 0.813038 0.018949 0.014560
48 0.262649 0.506784 0.015823 0.009596
15 0.773003 0.032098 0.008595 0.005295
9 0.905646 0.075943 0.007033 0.003640
5 0.845478 0.122766 0.003516 0.005956
48 0.260109 0.722369 0.010354 0.012574
48 0.256788 0.731138 0.015042 0.012905
48 0.199941 0.714758 0.012307 0.010589
48 0.214495 0.720218 0.014456 0.018862
48 0.199844 0.724851 0.011721 0.011582
48 0.112034 0.921410 0.015823 0.014891
48 0.171225 0.958140 0.037703 0.020185
48 0.140945 0.913468 0.024028 0.018862
48 0.174546 0.878888 0.012698 0.024487
48 0.061242 0.943580 0.013479 0.016214
48 0.086345 0.894937 0.020707 0.022171
48 0.057042 0.899735 0.012112 0.011913
48 0.101973 0.882363 0.011721 0.009596
48 0.091815 0.883025 0.010158 0.006287
48 0.054894 0.923230 0.008986 0.009265
48 0.053331 0.871774 0.014065 0.016214
48 0.029107 0.946559 0.016800 0.016214
48 0.026958 0.934150 0.016409 0.011913
48 0.024614 0.910159 0.010158 0.011582
48 0.021977 0.886830 0.015433 0.017207
48 0.080973 0.827267 0.009963 0.019854
48 0.131080 0.842985 0.010940 0.011582
48 0.042879 0.830741 0.019340 0.014891
48 0.046396 0.848776 0.010354 0.009265
48 0.042684 0.808736 0.024419 0.021840
48 0.043661 0.789047 0.012698 0.012244
48 0.031647 0.787227 0.011721 0.013236
48 0.029791 0.769358 0.015042 0.015884
48 0.025591 0.748180 0.016019 0.016545
48 0.047861 0.755460 0.009768 0.013236
48 0.103731 0.746195 0.027740 0.017207
48 0.097285 0.760589 0.016409 0.010258
48 0.112229 0.767704 0.012698 0.013236
48 0.092792 0.793018 0.014065 0.008273
48 0.071791 0.784249 0.008009 0.008604
48 0.076870 0.805427 0.006447 0.006618
48 0.104024 0.811714 0.012698 0.009265
48 0.126294 0.822799 0.012698 0.012244
48 0.118676 0.833554 0.010354 0.005295
48 0.118089 0.838848 0.011526 0.003971
48 0.076675 0.799967 0.006837 0.004302
48 0.055968 0.832396 0.009572 0.004302
48 0.083024 0.810887 0.004298 0.008273
48 0.152667 0.784083 0.011526 0.011582
48 0.148955 0.759927 0.013870 0.012905
48 0.161067 0.759431 0.011526 0.015222
48 0.169467 0.781932 0.020512 0.019193
48 0.154132 0.800629 0.010158 0.015553
48 0.162434 0.816016 0.014651 0.011251
48 0.183337 0.812707 0.013088 0.011251
48 0.197988 0.822469 0.014261 0.008934
48 0.204727 0.831072 0.009768 0.006287
48 0.208732 0.838683 0.006447 0.011582
48 0.176890 0.835705 0.013088 0.008934
48 0.165950 0.835870 0.011135 0.012574
48 0.161360 0.847287 0.008595 0.007611
48 0.169467 0.855228 0.011135 0.010258
48 0.180797 0.845136 0.008009 0.005956
48 0.177378 0.855228 0.006251 0.010258
48 0.184997 0.849934 0.008595 0.006949
48 0.172690 0.849272 0.010158 0.005625
48 0.208146 0.849603 0.009181 0.011582
48 0.232956 0.791198 0.018168 0.007280
48 0.231979 0.798147 0.016605 0.005956
48 0.250342 0.798147 0.015042 0.007942
48 0.233053 0.817174 0.008986 0.005625
48 0.243993 0.835374 0.012502 0.012905
48 0.256398 0.836201 0.009963 0.011251
48 0.223090 0.827929 0.008986 0.003971
48 0.224751 0.832230 0.008009 0.004633
48 0.250537 0.816678 0.012698 0.013898
48 0.252393 0.848279 0.013675 0.007611
48 0.262844 0.848114 0.008400 0.007942
48 0.268607 0.863832 0.009768 0.006949
48 0.259816 0.874255 0.012112 0.010589
48 0.266849 0.871277 0.005079 0.005956
48 0.270658 0.869457 0.005665 0.004302
48 0.272612 0.877565 0.004102 0.007942
48 0.253565 0.879219 0.007423 0.009265
48 0.139090 0.871774 0.010158 0.005625
48 0.146708 0.957313 0.027740 0.019193
48 0.008791 0.821145 0.011721 0.008934
48 0.250147 0.771013 0.014651 0.011913
48 0.251319 0.782098 0.015433 0.011582
48 0.238718 0.755791 0.016409 0.011913
48 0.260305 0.747353 0.008791 0.009596
48 0.238132 0.730807 0.018754 0.026803
48 0.143192 0.741231 0.014065 0.013236
48 0.133424 0.727333 0.013675 0.012574
48 0.048056 0.704004 0.016019 0.009596
48 0.009084 0.707478 0.011135 0.010589
48 0.013382 0.725678 0.008009 0.012574
48 0.136745 0.700860 0.021098 0.009265
48 0.152178 0.702680 0.008595 0.018200
48 0.154718 0.719060 0.006642 0.012574
48 0.067591 0.702680 0.011721 0.015553
48 0.184899 0.676373 0.017777 0.024487
48 0.067396 0.716909 0.010940 0.007611
48 0.079312 0.697717 0.007033 0.012244
48 0.008205 0.697055 0.014065 0.012244
48 0.192616 0.740569 0.014456 0.020516
48 0.102559 0.671906 0.016409 0.015553
48 0.128248 0.668432 0.016605 0.019193
48 0.027642 0.625248 0.019340 0.013567
48 0.044345 0.662806 0.017972 0.019193
48 0.178453 0.628061 0.019730 0.018531
48 0.081657 0.638650 0.011721 0.011251
48 0.047373 0.641463 0.008400 0.008934
48 0.020609 0.600596 0.008009 0.007280
48 0.162532 0.676042 0.016409 0.015884
48 0.164388 0.660986 0.017386 0.016876
48 0.145341 0.678193 0.009377 0.012244
48 0.062903 0.651059 0.007423 0.012244
48 0.064661 0.614163 0.005861 0.007942
48 0.063977 0.622932 0.006447 0.010258
48 0.062805 0.634844 0.006447 0.015553
48 0.078629 0.601423 0.007619 0.006287
48 0.087029 0.596128 0.005274 0.008934
48 0.124829 0.643944 0.007814 0.016545
48 0.107443 0.638484 0.008595 0.011582
48 0.068373 0.667935 0.011330 0.012244
48 0.079605 0.575447 0.013479 0.019854
48 0.218011 0.688782 0.010940 0.010920
48 0.243602 0.688120 0.020316 0.020185
48 0.259816 0.698048 0.007033 0.010920
48 0.230514 0.675877 0.006251 0.008273
48 0.184216 0.651721 0.008986 0.004964
48 0.238816 0.617968 0.013870 0.014891
48 0.247216 0.640470 0.011526 0.009596
48 0.251123 0.616314 0.010744 0.008273
48 0.258937 0.642786 0.004884 0.008934
48 0.216155 0.639643 0.006837 0.006618
48 0.254640 0.596625 0.010354 0.007280
48 0.215374 0.582230 0.017386 0.005625
48 0.167904 0.559232 0.035358 0.015884
48 0.111057 0.574289 0.015433 0.018862
48 0.247607 0.556089 0.019340 0.012905
48 0.156476 0.521840 0.021098 0.009265
48 0.046396 0.547154 0.010354 0.011582
48 0.024614 0.542687 0.008986 0.010589
48 0.061535 0.541529 0.014456 0.012244
48 0.082145 0.538716 0.012307 0.017869
48 0.109006 0.536896 0.013675 0.017538
48 0.079117 0.525149 0.022661 0.007280
48 0.044345 0.524322 0.014847 0.012244
48 0.200137 0.557743 0.010354 0.018862
48 0.227193 0.544838 0.016409 0.012905
48 0.260500 0.560556 0.010744 0.011913
48 0.262649 0.577432 0.010354 0.012574
48 0.252588 0.519524 0.023051 0.015222
48 0.154034 0.494705 0.015433 0.011251
48 0.134108 0.506122 0.010744 0.007611
48 0.055870 0.508273 0.010940 0.009265
48 0.105196 0.501985 0.015433 0.015884
48 0.074917 0.483124 0.019730 0.017207
48 0.102559 0.481304 0.014065 0.012244
48 0.092206 0.480807 0.009377 0.015222
48 0.052061 0.493382 0.009963 0.007942
48 0.040340 0.465917 0.011135 0.009265
48 0.058214 0.459133 0.016409 0.012244
48 0.044149 0.479980 0.007033 0.008934
48 0.151299 0.460622 0.024419 0.010589
48 0.108322 0.466909 0.008400 0.006618
48 0.248681 0.544176 0.017972 0.011582
48 0.256007 0.490569 0.013088 0.012244
48 0.231686 0.484613 0.015237 0.014229
48 0.221235 0.490404 0.008009 0.018531
48 0.197500 0.487426 0.008595 0.017207
48 0.184216 0.492224 0.013675 0.013567
48 0.274858 0.511582 0.010549 0.012574
48 0.181676 0.456982 0.011721 0.012574
48 0.249560 0.452680 0.008400 0.013898
48 0.194569 0.430510 0.005861 0.016545
48 0.203360 0.436797 0.010549 0.007280
48 0.169467 0.438782 0.012307 0.007942
48 0.173569 0.446393 0.005274 0.007942
48 0.161848 0.441760 0.004884 0.006618
48 0.147880 0.418266 0.011721 0.017869
48 0.129615 0.410159 0.008400 0.008934
48 0.062805 0.436631 0.014651 0.010920
48 0.205118 0.409497 0.011330 0.010920
48 0.217425 0.436466 0.004688 0.005295
48 0.242235 0.420582 0.009377 0.014560
48 0.246239 0.433819 0.008400 0.007280
48 0.277984 0.430179 0.010549 0.007280
48 0.258547 0.422402 0.012307 0.015553
48 0.255812 0.401390 0.007619 0.010589
48 0.268705 0.389643 0.011916 0.015553
48 0.229537 0.412641 0.005079 0.005295
48 0.241160 0.383355 0.012698 0.016876
48 0.273491 0.380874 0.015237 0.011251
48 0.255714 0.377399 0.009377 0.009596
48 0.293319 0.402217 0.009181 0.015553
48 0.966888 0.110357 0.049814 0.026803
48 0.968646 0.053607 0.052549 0.031767
48 0.953995 0.072634 0.017777 0.016214
48 0.814124 0.255129 0.013870 0.019193
48 0.812073 0.237260 0.024223 0.021178
48 0.867357 0.243878 0.008595 0.006618
48 0.995214 0.870781 0.009572 0.021509
57 0.055870 0.030609 0.003126 0.008934
57 0.060070 0.030940 0.002930 0.008934
5 0.391385 0.062376 0.004884 0.003640
57 0.065247 0.030278 0.003516 0.007611
48 0.156378 0.013402 0.025982 0.018200
5 0.173764 0.079914 0.004493 0.002316
5 0.713421 0.060390 0.002344 0.004964
5 0.725630 0.028954 0.004884 0.002978
48 0.821254 0.135837 0.061731 0.024818
48 0.794882 0.100927 0.104317 0.103905
48 0.911506 0.090503 0.042977 0.094308
48 0.010256 0.945069 0.009963 0.010589
5 0.007033 0.894441 0.004688 0.004633
9 0.046200 0.929682 0.003712 0.007611
48 0.111057 0.881204 0.004493 0.002647
48 0.017582 0.863832 0.016800 0.008934
48 0.013675 0.859365 0.021489 0.010589
48 0.044638 0.776803 0.005665 0.003640
48 0.042586 0.715089 0.013284 0.005956
48 0.294979 0.379550 0.016409 0.019193
5 0.288045 0.366479 0.004884 0.002978
48 0.274272 0.419921 0.008595 0.008604
48 0.280035 0.399570 0.008791 0.018200
48 0.267533 0.404203 0.006447 0.004964
48 0.248974 0.530940 0.006056 0.004302
48 0.226314 0.575943 0.004493 0.007611
5 0.231393 0.704004 0.004102 0.002316
5 0.243212 0.705328 0.003907 0.002316
5 0.265189 0.685142 0.002540 0.004302
5 0.265970 0.732627 0.002540 0.004633
48 0.984177 0.869623 0.013284 0.023825
48 0.594745 0.136168 0.009181 0.010258
48 0.975093 0.079418 0.009572 0.011251
5 0.013772 0.831734 0.004884 0.002978
48 0.081852 0.802118 0.003907 0.009927
48 0.030475 0.474189 0.013284 0.009265
9 0.198965 0.428193 0.003712 0.007280
48 0.111741 0.819656 0.009768 0.007280
48 0.093475 0.834878 0.009963 0.005956
48 0.040633 0.764064 0.008986 0.006618
48 0.157160 0.745367 0.004102 0.008934
48 0.155499 0.736598 0.008205 0.007942
48 0.239500 0.765718 0.010158 0.003971
48 0.234030 0.769854 0.010940 0.004964
48 0.219672 0.764560 0.012307 0.008273
48 0.175816 0.712111 0.020707 0.017207
48 0.011428 0.472369 0.010744 0.004964
48 0.049228 0.446062 0.018363 0.005295
48 0.086345 0.497518 0.015628 0.008273
48 0.140066 0.533422 0.009768 0.010589
48 0.099336 0.704004 0.018168 0.014229
48 0.139773 0.886334 0.014261 0.019523
48 0.263723 0.806254 0.008986 0.006949
48 0.227486 0.879219 0.011916 0.021178
48 0.188709 0.891628 0.009768 0.012244
48 0.216449 0.406188 0.005079 0.008273
48 0.230904 0.436466 0.013675 0.019193
48 0.259914 0.760093 0.010744 0.009265
48 0.125904 0.882363 0.005274 0.006949
48 0.180992 0.480476 0.007228 0.005295
58 0.050010 0.312045 0.008595 0.012574
48 0.220746 0.508107 0.007814 0.006287
48 0.202383 0.644441 0.016019 0.007611
48 0.258449 0.670251 0.008595 0.013567
48 0.170248 0.755460 0.007228 0.007942
48 0.112131 0.782760 0.015628 0.014229
48 0.117796 0.801952 0.019535 0.013567
48 0.209709 0.452515 0.011526 0.017538
48 0.094647 0.458471 0.019340 0.027465
56 0.088787 0.028954 0.034577 0.009596
56 0.085954 0.051125 0.038679 0.008934
48 0.895194 0.086367 0.005274 0.008604
22 0.686755 0.285242 0.022465 0.009265
18 0.667904 0.287889 0.017191 0.008604
18 0.651983 0.288882 0.019340 0.007942
18 0.634597 0.291032 0.019730 0.008934
18 0.616136 0.292687 0.020316 0.008273
9 0.545126 0.048809 0.006837 0.002978
5 0.689685 0.028789 0.004884 0.003971
5 0.739305 0.064692 0.002149 0.005625
5 0.994042 0.016049 0.004493 0.002978
11 0.001465 0.979649 0.002930 0.009596
5 0.004200 0.988749 0.004102 0.005295
5 0.175718 0.982131 0.002930 0.006618
5 0.130592 0.948379 0.002930 0.004633
5 0.123462 0.957809 0.003516 0.003640
5 0.067982 0.977829 0.004298 0.003309
5 0.066810 0.968729 0.005079 0.003640
5 0.075405 0.961615 0.003516 0.003971
5 0.086247 0.971046 0.004493 0.003640
5 0.087908 0.973197 0.004688 0.003971
5 0.096503 0.961284 0.004298 0.003971
5 0.098359 0.964428 0.004493 0.003640
5 0.094061 0.951688 0.003712 0.003309
5 0.106075 0.947882 0.004688 0.004302
5 0.110080 0.953673 0.004493 0.003971
5 0.112815 0.959298 0.004884 0.005956
5 0.115159 0.957478 0.003712 0.004302
5 0.132838 0.947055 0.003516 0.005295
5 0.134987 0.945731 0.003516 0.005295
5 0.142118 0.945897 0.002930 0.005625
5 0.166829 0.935639 0.003516 0.004302
5 0.162727 0.939940 0.003126 0.004964
5 0.170346 0.939113 0.003516 0.005295
5 0.171713 0.934150 0.003516 0.005295
5 0.173667 0.939279 0.003907 0.004964
5 0.157746 0.942422 0.004493 0.003309
5 0.176597 0.893283 0.003907 0.002978
5 0.172397 0.901721 0.002540 0.005295
5 0.181285 0.820318 0.004688 0.003971
5 0.016019 0.539874 0.004298 0.002978
5 0.081364 0.435473 0.003712 0.003971
