5 0.782731 0.007188 0.005036 0.004792
5 0.990966 0.012717 0.004443 0.002580
53 0.946831 0.020273 0.106339 0.040546
58 0.893217 0.015665 0.012145 0.014375
8 0.002518 0.591596 0.005036 0.005898
53 0.003258 0.574272 0.006517 0.033174
5 0.004739 0.665499 0.005332 0.003317
5 0.005184 0.546996 0.002073 0.004423
53 0.006961 0.617766 0.013922 0.010321
51 0.005184 0.679875 0.010367 0.029119
5 0.013477 0.290822 0.004443 0.003686
5 0.012293 0.266310 0.004443 0.004055
5 0.018513 0.260966 0.004443 0.003686
5 0.021031 0.281607 0.004147 0.002949
5 0.018809 0.285293 0.006220 0.003686
5 0.028880 0.275525 0.006813 0.003317
5 0.037322 0.280870 0.007109 0.002949
5 0.041469 0.256727 0.004147 0.002580
5 0.039988 0.262993 0.005332 0.003317
5 0.065610 0.268706 0.005036 0.002949
5 0.057761 0.251382 0.005924 0.005160
5 0.071090 0.245116 0.004147 0.002949
5 0.063241 0.254884 0.005628 0.004792
5 0.077607 0.259860 0.004147 0.002949
5 0.082198 0.240140 0.005036 0.003317
5 0.080273 0.248065 0.004739 0.003686
5 0.093750 0.243457 0.005628 0.002580
5 0.090492 0.258017 0.003851 0.003686
5 0.104414 0.254884 0.003851 0.004792
5 0.084271 0.235348 0.004443 0.004055
5 0.120261 0.241614 0.004739 0.003317
5 0.107820 0.227792 0.004147 0.002949
5 0.119076 0.233137 0.004147 0.002580
5 0.129443 0.222447 0.005332 0.004055
5 0.123815 0.254147 0.004147 0.003317
5 0.131517 0.248986 0.004147 0.003317
5 0.143513 0.232400 0.004443 0.003317
5 0.144698 0.243273 0.004443 0.002949
5 0.157139 0.231294 0.004443 0.002580
5 0.173134 0.222263 0.003851 0.002212
5 0.170172 0.226318 0.004443 0.003686
5 0.172541 0.229082 0.005628 0.003317
5 0.170468 0.233874 0.004443 0.003317
5 0.156546 0.219867 0.005036 0.003317
5 0.154621 0.216550 0.004147 0.004055
5 0.159064 0.211942 0.005332 0.003686
5 0.165284 0.206045 0.004147 0.003686
5 0.192832 0.221895 0.003555 0.002949
5 0.195498 0.199595 0.004147 0.003317
5 0.207642 0.197567 0.004739 0.002949
5 0.218602 0.210284 0.005332 0.003317
5 0.232672 0.207888 0.005628 0.003686
5 0.208679 0.211390 0.004443 0.003317
5 0.224082 0.217656 0.005628 0.004055
5 0.238744 0.199410 0.003555 0.003686
5 0.234893 0.179690 0.003555 0.003317
5 0.253258 0.175820 0.004147 0.003686
5 0.251481 0.181349 0.004739 0.003686
5 0.248815 0.186694 0.005332 0.003317
5 0.265847 0.192223 0.004443 0.002580
5 0.262441 0.177295 0.004739 0.003686
5 0.267624 0.180243 0.003851 0.002949
5 0.279473 0.172871 0.004443 0.002949
5 0.297393 0.158680 0.004147 0.002580
5 0.300355 0.168817 0.003555 0.002949
5 0.308353 0.177847 0.003555 0.003317
5 0.313833 0.179137 0.003851 0.002949
5 0.325089 0.177479 0.003851 0.004055
9 0.297541 0.166052 0.005036 0.003317
5 0.347156 0.151493 0.004147 0.002949
5 0.351155 0.161813 0.003851 0.003686
5 0.361078 0.155547 0.004147 0.002949
5 0.347156 0.143384 0.004147 0.002949
5 0.353821 0.137855 0.003851 0.003686
5 0.352488 0.145411 0.003555 0.003317
5 0.375000 0.157759 0.004147 0.002949
5 0.374111 0.140988 0.004147 0.003317
5 0.372630 0.130851 0.004147 0.003686
5 0.396179 0.151861 0.004443 0.003686
5 0.366558 0.192407 0.003851 0.004423
5 0.394698 0.189827 0.002666 0.005898
5 0.402992 0.165868 0.003851 0.005160
5 0.393365 0.128087 0.003555 0.003317
5 0.391291 0.133247 0.005332 0.004055
5 0.401511 0.120899 0.004443 0.003686
5 0.411137 0.121084 0.004739 0.004055
5 0.419876 0.114265 0.003851 0.002949
5 0.420172 0.124770 0.005036 0.003317
5 0.425355 0.119609 0.005332 0.004055
5 0.433797 0.112606 0.004443 0.003317
5 0.415284 0.138408 0.005332 0.004055
5 0.421653 0.133063 0.005036 0.003686
5 0.438833 0.133800 0.004443 0.003686
5 0.454976 0.113712 0.004147 0.003317
5 0.461049 0.107999 0.005036 0.003686
5 0.471120 0.107446 0.005036 0.004055
5 0.467269 0.124770 0.005036 0.002580
5 0.491854 0.088647 0.005036 0.004055
5 0.490077 0.092886 0.004443 0.003686
5 0.489929 0.097678 0.004739 0.003686
5 0.498815 0.097309 0.002370 0.004423
5 0.502962 0.107630 0.004739 0.002949
5 0.506961 0.110579 0.005036 0.003686
5 0.509034 0.084593 0.004443 0.004055
5 0.511996 0.087357 0.004443 0.003686
5 0.519550 0.078142 0.004147 0.002949
5 0.519254 0.089569 0.005332 0.002949
5 0.523252 0.083856 0.004443 0.004055
5 0.535101 0.072429 0.003851 0.003317
5 0.534953 0.076299 0.004147 0.002949
5 0.531694 0.085146 0.004147 0.002949
5 0.517328 0.099152 0.005036 0.003686
5 0.535101 0.091043 0.003851 0.002949
5 0.534508 0.099337 0.003851 0.003317
5 0.550504 0.089937 0.004443 0.003686
5 0.561463 0.092333 0.005036 0.004792
5 0.546209 0.073719 0.005332 0.003686
5 0.555243 0.066163 0.005036 0.003317
5 0.545468 0.079064 0.006813 0.003317
5 0.558501 0.071876 0.003851 0.002949
5 0.567239 0.071323 0.004739 0.003317
5 0.576422 0.064873 0.005924 0.003686
5 0.578051 0.082013 0.005036 0.004055
5 0.580569 0.058607 0.004147 0.003686
5 0.595379 0.059712 0.005332 0.003686
5 0.594194 0.073719 0.004739 0.003686
5 0.613744 0.053446 0.004147 0.003686
5 0.610041 0.044600 0.005036 0.002949
5 0.610190 0.048102 0.004739 0.002580
5 0.648845 0.060818 0.004443 0.003686
5 0.640403 0.036122 0.004739 0.003686
5 0.640551 0.044416 0.004443 0.004055
5 0.659805 0.034464 0.003851 0.004055
5 0.662915 0.025617 0.004147 0.003317
5 0.669431 0.027276 0.004739 0.002949
5 0.668543 0.032068 0.004147 0.002949
5 0.665729 0.035938 0.004443 0.004055
5 0.680243 0.030778 0.003258 0.003317
5 0.688981 0.023037 0.004147 0.003317
5 0.707494 0.031146 0.003851 0.003317
5 0.707642 0.036675 0.004147 0.004055
5 0.739929 0.024327 0.004739 0.004423
5 0.801540 0.063214 0.005332 0.003317
5 0.803910 0.064689 0.005332 0.002580
5 0.805687 0.072245 0.004739 0.003686
5 0.820201 0.055474 0.004147 0.004055
5 0.821238 0.059160 0.004443 0.004055
5 0.823015 0.063767 0.004443 0.003686
5 0.824496 0.067084 0.004443 0.002949
5 0.925948 0.049392 0.003555 0.003686
5 0.931280 0.047733 0.003555 0.004055
5 0.984005 0.151124 0.004147 0.003686
5 0.971416 0.154810 0.005036 0.003686
5 0.015699 0.670844 0.005332 0.004423
5 0.020883 0.673424 0.005628 0.003686
5 0.045764 0.681902 0.004443 0.003686
5 0.062352 0.676373 0.006220 0.005160
5 0.075533 0.699410 0.004739 0.002580
5 0.087678 0.704202 0.005332 0.003317
48 0.041914 0.724659 0.023993 0.016218
5 0.096860 0.708072 0.005332 0.002949
5 0.101896 0.710284 0.005332 0.002949
5 0.107968 0.711205 0.005036 0.003317
5 0.113300 0.711390 0.005036 0.002949
5 0.122038 0.709915 0.003555 0.002212
5 0.128110 0.707888 0.003851 0.003317
5 0.132998 0.706414 0.004147 0.003317
5 0.139959 0.704202 0.005036 0.003317
5 0.144846 0.703096 0.004739 0.002580
5 0.152103 0.701438 0.005628 0.002949
5 0.156546 0.693881 0.004443 0.003317
5 0.154177 0.685956 0.006220 0.002949
7 0.150326 0.682823 0.005628 0.003317
5 0.163655 0.698120 0.005036 0.003686
5 0.167802 0.690933 0.006220 0.003317
5 0.174023 0.694987 0.005036 0.004055
5 0.189573 0.688721 0.004739 0.003317
5 0.184686 0.671581 0.006220 0.002949
5 0.196831 0.683192 0.006813 0.003317
5 0.198904 0.686325 0.005628 0.003686
5 0.203940 0.685035 0.005628 0.003317
5 0.227784 0.664025 0.004739 0.002580
5 0.240669 0.673977 0.005036 0.004055
48 0.193424 0.649097 0.025474 0.028013
5 0.093898 0.575378 0.002962 0.002212
5 0.090788 0.576299 0.003258 0.002580
5 0.086641 0.577221 0.003258 0.002212
10 0.116410 0.578879 0.003555 0.007741
10 0.113300 0.579801 0.003258 0.007372
10 0.110041 0.580170 0.003258 0.007372
5 0.114929 0.568006 0.004147 0.004423
5 0.083827 0.593255 0.003555 0.002580
5 0.084864 0.584777 0.003851 0.003317
5 0.084864 0.587357 0.003258 0.002580
5 0.080124 0.594176 0.003851 0.002212
5 0.076718 0.596019 0.004147 0.002949
5 0.065314 0.599152 0.002073 0.003317
5 0.067091 0.598046 0.002073 0.003317
5 0.071090 0.597309 0.002962 0.004055
5 0.076126 0.593070 0.004147 0.002949
5 0.080569 0.588647 0.002962 0.005160
5 0.059242 0.601179 0.004739 0.002949
5 0.055391 0.603022 0.003555 0.002212
5 0.051836 0.603760 0.002962 0.002212
5 0.047986 0.604865 0.004147 0.002212
5 0.046505 0.602470 0.003555 0.002580
5 0.050355 0.601548 0.004147 0.002212
5 0.053614 0.599889 0.004147 0.002580
5 0.057909 0.598968 0.004443 0.002212
5 0.066055 0.593808 0.004147 0.002212
5 0.038359 0.599152 0.002073 0.003317
5 0.037915 0.595466 0.001777 0.003317
5 0.037915 0.591227 0.002370 0.004423
5 0.037767 0.587541 0.002073 0.003686
5 0.037767 0.583856 0.002073 0.003686
5 0.039988 0.589200 0.001777 0.004055
5 0.040136 0.585146 0.002073 0.004055
5 0.040136 0.580170 0.002073 0.005160
5 0.040136 0.593623 0.002073 0.004055
5 0.040877 0.597494 0.002370 0.005160
5 0.042950 0.595098 0.001777 0.003317
5 0.073460 0.586989 0.002962 0.001843
5 0.073608 0.584593 0.003851 0.002212
5 0.069905 0.588463 0.002962 0.003317
5 0.047541 0.598415 0.003258 0.002580
5 0.047393 0.595651 0.003555 0.002212
5 0.050948 0.594913 0.004147 0.002212
5 0.054799 0.594545 0.004147 0.002212
5 0.059390 0.594545 0.003258 0.001474
5 0.060130 0.596941 0.004739 0.001843
5 0.046209 0.593070 0.004147 0.002212
5 0.043246 0.590490 0.002370 0.003686
5 0.042950 0.587173 0.002370 0.002949
5 0.042654 0.580354 0.002370 0.004055
5 0.046357 0.590306 0.003851 0.002580
5 0.050355 0.589753 0.004147 0.002212
5 0.053910 0.588832 0.003555 0.001843
5 0.044876 0.582197 0.002073 0.003317
5 0.047838 0.581644 0.002073 0.003686
5 0.046505 0.587726 0.003555 0.002580
5 0.058945 0.588279 0.003555 0.002212
5 0.061167 0.591227 0.003258 0.002212
5 0.057761 0.591965 0.002962 0.002212
5 0.054206 0.592517 0.003555 0.001843
5 0.050504 0.592702 0.003851 0.002212
5 0.046357 0.585330 0.003851 0.002212
5 0.057168 0.586251 0.003555 0.001843
5 0.051096 0.575194 0.003258 0.004055
5 0.051688 0.579064 0.002666 0.004423
5 0.068424 0.590675 0.003555 0.004792
5 0.063092 0.585330 0.004147 0.004423
5 0.065906 0.587357 0.003851 0.004055
5 0.057020 0.579432 0.003851 0.003686
5 0.060575 0.581644 0.003851 0.004423
5 0.054058 0.582013 0.003851 0.004423
5 0.054206 0.585514 0.003555 0.004792
5 0.050652 0.585514 0.003555 0.005529
9 0.077310 0.571508 0.002370 0.005529
9 0.083383 0.571508 0.002073 0.006266
5 0.079680 0.572613 0.002370 0.004055
9 0.077014 0.581275 0.002370 0.005160
9 0.075237 0.570955 0.002370 0.006635
5 0.080717 0.579801 0.003258 0.004423
48 0.027992 0.570770 0.016291 0.012901
48 0.033027 0.558422 0.013329 0.015481
48 0.030658 0.544784 0.026955 0.021379
48 0.014070 0.550498 0.016291 0.026170
5 0.039544 0.573351 0.005036 0.003317
5 0.042950 0.568743 0.003555 0.002212
5 0.042802 0.574088 0.002666 0.001843
5 0.043987 0.571508 0.003258 0.001843
5 0.065018 0.581091 0.004443 0.001843
5 0.010219 0.531515 0.006220 0.003686
5 0.029621 0.509215 0.004739 0.003317
5 0.017921 0.527645 0.006220 0.003317
5 0.022660 0.526539 0.004443 0.003317
6 0.043987 0.507556 0.011552 0.007372
5 0.041173 0.518798 0.003555 0.004792
5 0.044431 0.518614 0.003555 0.005160
5 0.047245 0.518430 0.002666 0.005529
5 0.049911 0.518614 0.002666 0.005160
5 0.053318 0.518430 0.003555 0.005529
5 0.058057 0.517877 0.003555 0.005160
5 0.063537 0.516955 0.003258 0.005529
5 0.073312 0.511426 0.002073 0.005529
5 0.076274 0.509215 0.002666 0.005529
5 0.078347 0.507372 0.002073 0.004792
5 0.081457 0.508478 0.002962 0.004792
5 0.084716 0.509583 0.002962 0.004792
8 0.100711 0.525065 0.004739 0.003317
5 0.101451 0.528013 0.005036 0.002580
5 0.102488 0.530778 0.004739 0.002949
5 0.103377 0.533542 0.005332 0.002580
5 0.025030 0.480649 0.005628 0.002949
5 0.082938 0.480649 0.005332 0.003686
5 0.093454 0.477516 0.005036 0.003317
5 0.104265 0.470328 0.004739 0.003686
5 0.108412 0.472540 0.004739 0.004423
53 0.147512 0.524143 0.094787 0.108367
53 0.202014 0.481755 0.122630 0.084040
48 0.159508 0.616108 0.016884 0.015850
51 0.259479 0.552893 0.054502 0.054552
48 0.277844 0.427387 0.035545 0.022484
5 0.118632 0.431994 0.004443 0.002949
5 0.160989 0.456137 0.005036 0.004055
5 0.161286 0.449502 0.005036 0.004055
5 0.161137 0.445264 0.004739 0.003686
5 0.173726 0.444711 0.005628 0.004055
5 0.173282 0.450792 0.006517 0.004423
5 0.185575 0.445079 0.004443 0.004055
5 0.191795 0.442130 0.005036 0.004055
5 0.197275 0.429045 0.005332 0.004423
5 0.212974 0.431626 0.004739 0.004423
5 0.133442 0.429045 0.005036 0.002949
5 0.146327 0.426649 0.005332 0.003317
5 0.132998 0.424991 0.005332 0.003686
5 0.198312 0.405087 0.006220 0.003686
5 0.202459 0.436970 0.005036 0.003317
5 0.233116 0.441578 0.002962 0.005898
5 0.235338 0.447475 0.002666 0.004423
5 0.229414 0.462956 0.002073 0.003686
5 0.231783 0.462219 0.002073 0.004423
5 0.240818 0.460745 0.002370 0.004423
5 0.242002 0.465352 0.003555 0.004792
5 0.238596 0.469222 0.003258 0.005160
5 0.238744 0.479543 0.002370 0.004423
5 0.247927 0.493734 0.002370 0.005529
5 0.246445 0.476778 0.002962 0.004792
5 0.248667 0.481939 0.003258 0.005529
5 0.257405 0.479543 0.004147 0.002212
5 0.257109 0.476594 0.004147 0.002949
5 0.255332 0.471434 0.005332 0.003686
5 0.253851 0.465352 0.004739 0.003317
5 0.252370 0.460376 0.004739 0.002949
5 0.249852 0.452267 0.004443 0.002949
5 0.246594 0.448765 0.004443 0.003317
5 0.246594 0.443789 0.005036 0.002949
5 0.245113 0.440656 0.005628 0.003317
5 0.255184 0.412459 0.005628 0.003686
5 0.246297 0.412643 0.004443 0.003317
5 0.243335 0.407667 0.004443 0.002949
5 0.246001 0.416697 0.005036 0.002580
5 0.271327 0.403244 0.004147 0.002949
5 0.271771 0.405824 0.005628 0.002212
5 0.280065 0.399926 0.005036 0.003686
5 0.295024 0.418172 0.002962 0.006266
5 0.299319 0.420936 0.002666 0.005898
5 0.302133 0.420015 0.002370 0.005529
5 0.304058 0.417435 0.003851 0.003317
5 0.302873 0.413749 0.003851 0.003317
5 0.302133 0.411537 0.005332 0.002580
5 0.301540 0.408773 0.004739 0.002212
5 0.284064 0.403428 0.004147 0.003317
5 0.207642 0.396793 0.004739 0.004055
5 0.219787 0.394397 0.004739 0.002949
5 0.244668 0.382971 0.005332 0.004423
5 0.301836 0.392001 0.004739 0.003317
5 0.308501 0.383524 0.004443 0.003317
5 0.320350 0.383892 0.005628 0.004055
5 0.301096 0.361777 0.005628 0.003317
5 0.287915 0.363435 0.005332 0.004423
5 0.320942 0.373203 0.005036 0.004055
5 0.348045 0.365094 0.005332 0.004055
5 0.344935 0.372466 0.003851 0.003317
5 0.357524 0.357169 0.004739 0.003686
5 0.374259 0.358828 0.005036 0.004055
5 0.311315 0.349797 0.004739 0.003686
5 0.341084 0.343715 0.004443 0.003317
53 0.271031 0.285109 0.180095 0.159602
53 0.392180 0.260966 0.117891 0.112053
5 0.257850 0.370439 0.003851 0.002949
48 0.215788 0.368043 0.016291 0.011426
48 0.385960 0.196830 0.031991 0.040546
5 0.371742 0.217840 0.007701 0.005160
5 0.476896 0.208994 0.002962 0.005160
5 0.478081 0.214338 0.002962 0.004055
5 0.480154 0.219683 0.003555 0.005160
5 0.482524 0.225396 0.003555 0.004792
5 0.485190 0.234611 0.002962 0.006266
5 0.486819 0.208257 0.005036 0.003686
5 0.488448 0.213233 0.004739 0.003317
5 0.489485 0.217287 0.005628 0.003317
5 0.490225 0.221342 0.005332 0.003317
5 0.487855 0.243826 0.002962 0.004792
5 0.490373 0.248802 0.003851 0.005160
5 0.493780 0.270734 0.005924 0.003317
5 0.456902 0.280870 0.003258 0.001474
5 0.491262 0.298747 0.004443 0.003317
5 0.474526 0.307224 0.004739 0.003317
5 0.475415 0.273498 0.003555 0.002212
5 0.468306 0.275525 0.003555 0.002580
5 0.492299 0.265573 0.002370 0.003317
5 0.513329 0.257648 0.004147 0.002212
5 0.520883 0.252119 0.005036 0.003686
5 0.534805 0.255068 0.004443 0.002949
5 0.527695 0.254884 0.003851 0.002580
5 0.527547 0.249171 0.005332 0.003686
5 0.558057 0.243642 0.004739 0.003686
48 0.487263 0.169738 0.033175 0.026170
48 0.500592 0.189642 0.043246 0.030593
5 0.535693 0.197199 0.003851 0.002949
5 0.531546 0.288610 0.005628 0.003686
5 0.521475 0.292849 0.005628 0.004055
5 0.393809 0.317729 0.005628 0.003686
5 0.395586 0.313306 0.004443 0.002949
5 0.419876 0.302248 0.003258 0.002949
5 0.423134 0.305382 0.005628 0.004055
5 0.422393 0.327497 0.005332 0.004055
5 0.431724 0.328050 0.005036 0.003686
5 0.438981 0.320863 0.005332 0.003317
5 0.417210 0.379101 0.003258 0.004055
48 0.455569 0.389237 0.033175 0.039808
51 0.612411 0.350534 0.041173 0.046443
51 0.635812 0.415592 0.020438 0.022484
51 0.631517 0.384445 0.021327 0.014744
10 0.740966 0.421121 0.005036 0.007741
5 0.742150 0.426097 0.003851 0.005898
5 0.869520 0.336896 0.002666 0.006635
5 0.863152 0.319388 0.004147 0.007003
5 0.860190 0.311095 0.003555 0.006635
6 0.851451 0.289532 0.003851 0.007741
6 0.845823 0.273682 0.007998 0.013638
6 0.838863 0.252857 0.006517 0.012532
5 0.814722 0.205123 0.005036 0.003317
51 0.608116 0.509952 0.234597 0.161076
48 0.434242 0.363988 0.045616 0.044600
5 0.829976 0.212864 0.002962 0.007003
5 0.824793 0.227055 0.002666 0.004423
5 0.822571 0.226502 0.002370 0.004792
5 0.819905 0.225212 0.002962 0.003686
5 0.817239 0.223738 0.003555 0.004423
5 0.808649 0.229082 0.003555 0.005529
5 0.809686 0.216366 0.006220 0.003686
5 0.809834 0.213048 0.004739 0.002949
5 0.811759 0.211021 0.005036 0.003317
5 0.838122 0.202359 0.003258 0.005160
5 0.796209 0.177479 0.005332 0.002580
5 0.789396 0.593623 0.003555 0.005529
5 0.802873 0.569296 0.005628 0.003317
5 0.798282 0.595282 0.003555 0.005160
5 0.799911 0.597678 0.003851 0.004792
5 0.799911 0.601179 0.003851 0.003686
5 0.805687 0.603944 0.002370 0.004055
5 0.808057 0.603391 0.002962 0.005160
5 0.810427 0.602654 0.002370 0.005160
5 0.813092 0.601917 0.002370 0.005898
5 0.815906 0.600074 0.002073 0.005898
5 0.818276 0.599152 0.002666 0.005529
5 0.836197 0.592886 0.004147 0.003317
5 0.836345 0.596388 0.005036 0.002949
5 0.837530 0.599705 0.005036 0.003686
5 0.765107 0.587357 0.002962 0.002580
5 0.781102 0.622558 0.004147 0.005898
5 0.819757 0.638039 0.005036 0.002212
5 0.824348 0.631957 0.002962 0.004792
5 0.821831 0.632694 0.002666 0.005529
53 0.799171 0.588094 0.098934 0.057870
48 0.706457 0.600074 0.013033 0.010321
5 0.777695 0.629561 0.003258 0.005160
5 0.815166 0.633800 0.002962 0.004792
5 0.811315 0.634906 0.002370 0.004792
5 0.808205 0.635275 0.002666 0.005529
5 0.805095 0.636565 0.002370 0.004423
5 0.802281 0.636749 0.002073 0.004792
5 0.799171 0.636565 0.002370 0.005160
5 0.713714 0.628087 0.003851 0.002949
5 0.783768 0.652230 0.004147 0.005529
5 0.779621 0.656653 0.005332 0.005529
5 0.808353 0.665499 0.005924 0.004055
5 0.846268 0.674714 0.005332 0.003317
5 0.764810 0.656285 0.005924 0.002580
5 0.762441 0.663472 0.005924 0.003686
5 0.755480 0.663104 0.004443 0.003686
5 0.750000 0.661076 0.005332 0.004055
5 0.744076 0.656653 0.004739 0.003317
5 0.741854 0.652230 0.003258 0.004055
5 0.738744 0.647623 0.004147 0.004423
5 0.736522 0.642094 0.003258 0.005160
5 0.707938 0.626981 0.005332 0.002949
5 0.704088 0.624770 0.004147 0.003686
5 0.697127 0.622189 0.004443 0.002212
5 0.700533 0.608551 0.004739 0.003686
5 0.691203 0.620899 0.006220 0.002580
5 0.685723 0.619794 0.004739 0.002580
5 0.680687 0.618504 0.005332 0.002949
5 0.674763 0.617213 0.006517 0.003317
5 0.667358 0.616845 0.004739 0.002580
5 0.661582 0.615923 0.005036 0.002949
5 0.655213 0.615186 0.004147 0.002949
5 0.649437 0.614633 0.006813 0.002580
48 0.994224 0.274051 0.011552 0.020273
48 0.996742 0.299668 0.006517 0.027276
48 0.989929 0.401769 0.020142 0.027276
48 0.993928 0.187799 0.012145 0.022484
48 0.991706 0.552709 0.016588 0.027645
48 0.995261 0.604865 0.009479 0.025802
48 0.991706 0.345927 0.016588 0.018798
48 0.993483 0.106708 0.013033 0.063767
5 0.991706 0.023959 0.004147 0.001474
5 0.997630 0.023222 0.004739 0.002949
48 0.984745 0.052709 0.030509 0.066347
5 0.961937 0.159602 0.004443 0.002949
48 0.990521 0.168448 0.018957 0.022116
48 0.966232 0.172318 0.017773 0.018061
6 0.214899 0.199779 0.006220 0.003686
5 0.299467 0.192038 0.005924 0.004423
6 0.284360 0.174346 0.005924 0.004423
5 0.476451 0.189458 0.004443 0.007372
48 0.500148 0.230741 0.039396 0.056764
5 0.474674 0.181165 0.003258 0.006266
53 0.664100 0.136565 0.107820 0.080722
53 0.581605 0.167342 0.118187 0.090675
5 0.732079 0.163104 0.006813 0.004792
4 0.737559 0.165868 0.006517 0.005160
5 0.787767 0.149281 0.006813 0.005160
5 0.725267 0.169554 0.006220 0.003686
10 0.585012 0.229266 0.011848 0.006635
5 0.596120 0.227976 0.005628 0.004792
5 0.589307 0.252857 0.007405 0.005898
5 0.617595 0.240693 0.005332 0.005160
5 0.295172 0.404165 0.003258 0.004792
5 0.292950 0.406008 0.003555 0.005529
5 0.077903 0.590122 0.003555 0.005160
5 0.047097 0.576484 0.002962 0.004423
5 0.045024 0.576668 0.002370 0.004792
5 0.039100 0.569112 0.003555 0.003686
5 0.046801 0.569112 0.004147 0.004423
5 0.079236 0.492075 0.005628 0.003686
5 0.345083 0.567453 0.003555 0.005529
5 0.345231 0.574272 0.002666 0.005160
5 0.353525 0.574641 0.002666 0.005160
5 0.355302 0.562846 0.003851 0.005898
5 0.353229 0.558607 0.003851 0.005529
5 0.349970 0.557685 0.003851 0.006635
5 0.353673 0.583118 0.005924 0.003686
5 0.343602 0.589016 0.002962 0.004423
5 0.344194 0.598046 0.002962 0.004792
5 0.345231 0.603391 0.003851 0.005160
5 0.359597 0.551235 0.004147 0.004792
5 0.350711 0.553262 0.004739 0.002949
5 0.350859 0.551050 0.005628 0.002949
5 0.355598 0.544600 0.004443 0.006266
5 0.357968 0.539808 0.004443 0.004792
5 0.320646 0.633432 0.003851 0.003317
5 0.305391 0.599337 0.004147 0.004423
5 0.299763 0.643199 0.004147 0.003686
5 0.282139 0.642278 0.006220 0.003317
5 0.255776 0.649834 0.005036 0.002949
5 0.275326 0.600258 0.006220 0.004792
5 0.273104 0.604313 0.004739 0.003317
5 0.267328 0.628087 0.005628 0.003686
5 0.265699 0.622927 0.004739 0.003686
5 0.261552 0.611685 0.005332 0.004055
5 0.259627 0.582381 0.003851 0.006635
5 0.268957 0.586804 0.004147 0.004423
5 0.253851 0.592149 0.005332 0.004055
5 0.255480 0.594360 0.005628 0.004055
5 0.256813 0.598599 0.005332 0.003686
5 0.261996 0.608551 0.004443 0.003686
5 0.268809 0.600811 0.003258 0.005160
5 0.267476 0.597678 0.004739 0.004055
5 0.280806 0.609473 0.005332 0.003317
5 0.344194 0.593992 0.003555 0.006266
5 0.348489 0.516402 0.005628 0.003686
5 0.350415 0.514191 0.005332 0.004423
5 0.356783 0.512717 0.003258 0.005160
5 0.357968 0.514744 0.003851 0.005529
5 0.359449 0.516034 0.003851 0.004423
5 0.352636 0.521194 0.004443 0.004423
5 0.353229 0.530962 0.003851 0.006266
5 0.353673 0.511611 0.002962 0.003686
5 0.361226 0.518614 0.003851 0.004423
5 0.363004 0.519351 0.004443 0.004423
5 0.364633 0.522669 0.004739 0.006635
5 0.369964 0.526908 0.004739 0.006266
5 0.376333 0.522116 0.005036 0.005529
5 0.385812 0.515481 0.005628 0.004792
5 0.390699 0.512164 0.004739 0.004055
5 0.402251 0.507740 0.004739 0.004792
5 0.408472 0.506266 0.005332 0.004792
5 0.414100 0.505160 0.005332 0.004055
5 0.418987 0.503870 0.005036 0.002949
5 0.438981 0.503686 0.004147 0.004055
5 0.443868 0.504055 0.005036 0.003317
5 0.417654 0.509399 0.005332 0.002949
5 0.426096 0.509399 0.005036 0.002949
5 0.446090 0.497051 0.003555 0.006266
5 0.450385 0.497973 0.002666 0.005160
5 0.463714 0.497604 0.006220 0.004423
5 0.473786 0.478253 0.005628 0.004792
5 0.480302 0.462772 0.005628 0.004055
5 0.481783 0.459823 0.005036 0.004055
5 0.484005 0.456137 0.006517 0.004055
5 0.484153 0.452820 0.005036 0.004055
5 0.364781 0.531331 0.005036 0.003317
8 0.361671 0.530225 0.005332 0.004792
6 0.398400 0.517324 0.007701 0.004792
6 0.390995 0.521747 0.008886 0.007003
5 0.480450 0.518061 0.005332 0.004792
5 0.485634 0.521931 0.003851 0.004423
5 0.489485 0.525617 0.005036 0.004423
5 0.498075 0.534648 0.004443 0.003317
5 0.497186 0.543679 0.003851 0.004423
5 0.492595 0.537597 0.004147 0.004792
5 0.511700 0.560450 0.003851 0.005529
5 0.506813 0.561924 0.004147 0.005529
5 0.513626 0.565979 0.004147 0.005529
5 0.515847 0.574272 0.003258 0.004423
5 0.516736 0.579801 0.003258 0.004423
5 0.511700 0.584777 0.003258 0.004792
5 0.512145 0.590306 0.003555 0.006266
5 0.517624 0.584224 0.003851 0.005160
5 0.704680 0.536491 0.003555 0.004055
5 0.705569 0.540177 0.004739 0.005529
5 0.693424 0.533542 0.004147 0.005529
5 0.740077 0.192038 0.005036 0.003686
5 0.712974 0.200332 0.004147 0.004792
5 0.690906 0.210100 0.003851 0.002949
5 0.690462 0.205676 0.005332 0.003686
5 0.984745 0.241430 0.006220 0.005160
5 0.991706 0.236823 0.005332 0.005529
8 0.977488 0.228529 0.007109 0.005160
5 0.964751 0.188352 0.004739 0.003686
5 0.958827 0.186325 0.004739 0.004055
5 0.917062 0.199410 0.005332 0.004423
5 0.919579 0.176926 0.004443 0.003686
5 0.897956 0.165868 0.005628 0.003686
5 0.892032 0.160708 0.005628 0.004423
5 0.876185 0.161261 0.005924 0.004055
5 0.865077 0.153151 0.005628 0.003317
5 0.887441 0.187431 0.004739 0.003317
5 0.884034 0.189642 0.004443 0.003317
5 0.813092 0.206966 0.005332 0.003317
5 0.826718 0.147070 0.005332 0.003686
5 0.946534 0.156469 0.005628 0.004792
8 0.940018 0.148728 0.004443 0.006266
5 0.940018 0.142831 0.003851 0.004792
5 0.928318 0.131957 0.004147 0.005160
5 0.933501 0.122742 0.003851 0.005160
5 0.924763 0.122742 0.003555 0.005898
5 0.923430 0.118688 0.003258 0.005160
5 0.822571 0.033542 0.003555 0.003686
5 0.819905 0.034279 0.003555 0.005160
5 0.834123 0.062477 0.006517 0.002580
48 0.823756 0.109657 0.040877 0.053446
48 0.918987 0.150387 0.026363 0.027276
48 0.899289 0.100442 0.025474 0.025433
48 0.859153 0.121268 0.028732 0.034648
48 0.867447 0.087173 0.028140 0.023959
48 0.891291 0.078142 0.026066 0.025065
48 0.845379 0.068559 0.008294 0.012532
5 0.934242 0.042941 0.002962 0.004792
5 0.936463 0.044969 0.005628 0.003686
5 0.969935 0.102285 0.005628 0.004792
48 0.958235 0.123848 0.060427 0.051603
48 0.942536 0.075562 0.054502 0.053815
5 0.927873 0.287320 0.004443 0.006266
5 0.944165 0.344453 0.003851 0.004792
5 0.945794 0.349244 0.003555 0.004055
5 0.965047 0.378732 0.004147 0.007003
5 0.968009 0.409325 0.004739 0.007003
5 0.975415 0.430335 0.004147 0.004055
5 0.981487 0.446922 0.003851 0.004055
5 0.978081 0.436970 0.003555 0.004055
5 0.988892 0.466458 0.003258 0.004055
5 0.940314 0.646517 0.006220 0.004423
51 0.769402 0.364910 0.233709 0.320678
48 0.932464 0.238297 0.031991 0.030593
51 0.892921 0.283634 0.054206 0.035017
48 0.923726 0.365831 0.051244 0.036491
48 0.937056 0.391633 0.034656 0.029119
48 0.949793 0.416882 0.031694 0.032436
48 0.948015 0.446738 0.035249 0.032436
48 0.954236 0.476410 0.034656 0.031331
48 0.971860 0.499079 0.042654 0.033911
48 0.974230 0.528935 0.042062 0.030962
5 0.643513 0.614633 0.006220 0.003317
5 0.636848 0.613896 0.005332 0.003317
5 0.631072 0.613527 0.004443 0.004055
5 0.623371 0.613712 0.006220 0.003686
5 0.618187 0.614080 0.005332 0.003686
5 0.612263 0.614265 0.005332 0.002580
5 0.608116 0.614265 0.004739 0.002580
5 0.601748 0.614818 0.005628 0.004423
5 0.591084 0.615002 0.005036 0.003317
5 0.586197 0.614818 0.004147 0.003686
5 0.580421 0.615002 0.005036 0.003317
5 0.566647 0.612422 0.004739 0.002580
5 0.572719 0.616108 0.005036 0.003317
5 0.567387 0.616476 0.004443 0.002580
5 0.562204 0.617029 0.004739 0.002949
5 0.557613 0.617213 0.003851 0.003317
5 0.550207 0.617951 0.005628 0.003317
5 0.545172 0.618688 0.003851 0.003317
5 0.539988 0.615923 0.004739 0.002949
48 0.835308 0.653889 0.042062 0.033174
5 0.540877 0.619241 0.004739 0.002949
5 0.536582 0.619241 0.005036 0.002949
5 0.531842 0.619794 0.005036 0.002580
5 0.527103 0.620162 0.005036 0.002580
5 0.521623 0.620715 0.004739 0.002949
5 0.517624 0.620715 0.005036 0.003686
5 0.517921 0.615370 0.004443 0.004055
5 0.511996 0.621268 0.004443 0.003317
5 0.492743 0.609842 0.005036 0.004055
5 0.495409 0.603391 0.004443 0.003686
5 0.489188 0.603944 0.004443 0.003317
5 0.506665 0.622005 0.005628 0.003317
5 0.484301 0.604497 0.004739 0.003686
5 0.478081 0.604681 0.005332 0.003317
5 0.472304 0.605787 0.004443 0.002580
8 0.463714 0.607077 0.006220 0.003686
5 0.493039 0.622927 0.004443 0.004423
5 0.489040 0.623848 0.005332 0.004055
5 0.434094 0.626797 0.005628 0.003317
5 0.479562 0.619978 0.005332 0.003686
5 0.484597 0.624032 0.004739 0.002949
5 0.477044 0.624954 0.005628 0.003317
5 0.466380 0.625875 0.006813 0.003686
5 0.460012 0.627534 0.005332 0.004055
5 0.453791 0.628087 0.005332 0.003686
5 0.448608 0.628640 0.005628 0.003317
5 0.443276 0.630299 0.004443 0.003686
5 0.437944 0.631036 0.005628 0.002949
5 0.432168 0.631404 0.005924 0.003686
5 0.426985 0.632879 0.005036 0.003686
5 0.420912 0.633247 0.005332 0.002949
5 0.416025 0.633616 0.005036 0.003686
5 0.408620 0.635827 0.004443 0.002949
5 0.401363 0.636933 0.005332 0.003686
5 0.390255 0.639145 0.004443 0.003686
5 0.384182 0.639513 0.005332 0.003686
5 0.379739 0.640804 0.004739 0.004055
5 0.371149 0.642278 0.005332 0.004055
5 0.365966 0.643384 0.005628 0.005529
5 0.350859 0.645595 0.004443 0.003317
5 0.344194 0.646701 0.005924 0.004055
5 0.338714 0.647807 0.006220 0.004055
5 0.331309 0.650018 0.005628 0.004792
5 0.324941 0.651309 0.005332 0.003686
5 0.320201 0.652230 0.005924 0.003317
5 0.315018 0.653889 0.003851 0.003686
5 0.310130 0.654994 0.005924 0.004423
5 0.302725 0.656653 0.005924 0.003317
5 0.296209 0.659233 0.005924 0.004792
8 0.288211 0.661998 0.006517 0.004423
5 0.280658 0.663656 0.005628 0.003317
5 0.275326 0.664947 0.005036 0.002949
5 0.263477 0.667342 0.006813 0.004055
5 0.182613 0.691854 0.005628 0.003686
5 0.659360 0.596756 0.005924 0.003686
5 0.653732 0.595835 0.004739 0.004055
5 0.649141 0.594913 0.005036 0.003686
5 0.643661 0.595466 0.004739 0.003317
5 0.638181 0.594729 0.005628 0.004055
5 0.633590 0.594176 0.003555 0.002949
5 0.627073 0.595098 0.005332 0.003317
5 0.606339 0.595282 0.004739 0.002949
5 0.601155 0.594913 0.005036 0.002949
5 0.595083 0.595282 0.006517 0.002949
5 0.584123 0.598415 0.004739 0.003317
5 0.536878 0.599889 0.004443 0.002580
5 0.542506 0.599337 0.004443 0.003686
5 0.547541 0.598968 0.005036 0.002949
5 0.555539 0.598415 0.005036 0.003317
5 0.560871 0.598231 0.005628 0.003686
5 0.567684 0.597678 0.005628 0.003317
5 0.572571 0.596756 0.004739 0.002949
5 0.585308 0.596019 0.005924 0.002949
5 0.580421 0.596203 0.005036 0.002580
8 0.575829 0.599152 0.004739 0.002580
5 0.457494 0.607446 0.005036 0.002949
5 0.452607 0.607999 0.004739 0.003317
5 0.446534 0.609289 0.005036 0.003686
5 0.441647 0.610394 0.004739 0.003686
5 0.435723 0.610947 0.004739 0.003317
5 0.430687 0.612237 0.004739 0.003686
5 0.425652 0.612975 0.004739 0.003686
8 0.419579 0.613712 0.005036 0.003686
5 0.412767 0.615186 0.005628 0.003686
5 0.408323 0.616108 0.005036 0.004792
5 0.401807 0.617213 0.004443 0.004055
5 0.394994 0.617951 0.005036 0.002580
5 0.389366 0.619056 0.004443 0.003317
5 0.385367 0.619794 0.004739 0.003317
5 0.378999 0.619978 0.005628 0.003686
5 0.374556 0.620531 0.005628 0.004055
48 0.297097 0.561371 0.051540 0.051603
48 0.347008 0.526908 0.013329 0.008478
48 0.343454 0.531515 0.013922 0.010321
48 0.340344 0.535385 0.013626 0.009952
48 0.338566 0.540914 0.013033 0.008478
48 0.975267 0.553078 0.022808 0.028382
48 0.966380 0.256543 0.035841 0.035385
48 0.939277 0.269812 0.029621 0.029488
48 0.947867 0.294877 0.029028 0.033911
48 0.976451 0.295429 0.027547 0.030593
48 0.957642 0.320863 0.027251 0.023222
48 0.967861 0.348876 0.025770 0.025433
48 0.983116 0.374493 0.033768 0.025802
48 0.366410 0.584777 0.052725 0.065979
48 0.409953 0.533911 0.095379 0.052709
48 0.478673 0.554736 0.060427 0.084040
53 0.813833 0.054552 0.056576 0.056027
48 0.916025 0.621452 0.128851 0.094360
48 0.179058 0.625138 0.025770 0.036122
5 0.065166 0.583303 0.004147 0.002580
5 0.068720 0.582934 0.004147 0.002580
5 0.068720 0.580538 0.004147 0.002212
5 0.073015 0.582381 0.004443 0.002212
48 0.063981 0.572429 0.013626 0.010321
5 0.071831 0.575746 0.002666 0.003686
5 0.072719 0.569665 0.002666 0.004792
5 0.073312 0.573351 0.002073 0.003317
5 0.073904 0.576668 0.002073 0.004055
48 0.071682 0.544784 0.042654 0.043494
51 0.299023 0.469407 0.051244 0.035754
51 0.290877 0.443052 0.049171 0.033911
51 0.293691 0.493918 0.026363 0.017693
51 0.333827 0.497973 0.041469 0.034648
51 0.318128 0.514375 0.039100 0.037965
48 0.606635 0.311279 0.023697 0.031331
5 0.219935 0.421489 0.003851 0.004792
58 0.086345 0.324548 0.009775 0.018798
5 0.745409 0.159233 0.005036 0.003686
5 0.396327 0.509583 0.004147 0.003317
48 0.328051 0.579248 0.024585 0.032805
