48 0.397815 0.049476 0.018487 0.012279
48 0.482521 0.102564 0.009076 0.006501
48 0.501008 0.127122 0.009076 0.005778
5 0.644370 0.207295 0.006723 0.003611
5 0.643866 0.210004 0.006387 0.003250
5 0.660336 0.211990 0.006387 0.003611
5 0.659496 0.214698 0.006050 0.002528
5 0.611933 0.195197 0.003025 0.006139
10 0.576134 0.183821 0.007395 0.014446
9 0.558655 0.211268 0.006050 0.016612
48 0.637647 0.223005 0.017479 0.012640
48 0.636975 0.241603 0.012101 0.025280
48 0.634286 0.258758 0.008739 0.009751
48 0.572269 0.211448 0.021176 0.014807
9 0.580504 0.225533 0.004706 0.018418
9 0.707899 0.313109 0.006050 0.013001
9 0.625714 0.260925 0.006387 0.011918
10 0.543025 0.279343 0.007731 0.014807
10 0.549580 0.277176 0.008739 0.014807
48 0.372101 0.190863 0.016134 0.013362
8 0.614622 0.295052 0.003697 0.008667
