48 0.995289 0.027355 0.009422 0.021759
48 0.454103 0.031551 0.003647 0.004663
48 0.497872 0.097296 0.006687 0.006217
48 0.488906 0.087193 0.024012 0.031396
7 0.470517 0.112683 0.006079 0.003419
48 0.464590 0.125894 0.008815 0.011191
48 0.452584 0.119366 0.024924 0.019894
48 0.406687 0.201585 0.020061 0.017097
48 0.495745 0.167081 0.010942 0.010258
48 0.413678 0.215729 0.005471 0.004974
48 0.389514 0.251632 0.015502 0.015232
48 0.380851 0.315201 0.017629 0.022381
48 0.336930 0.390426 0.019149 0.022381
48 0.321125 0.420112 0.006991 0.007771
48 0.327812 0.420112 0.006383 0.005906
48 0.336930 0.423065 0.016109 0.015542
48 0.344985 0.465962 0.013374 0.015542
48 0.333283 0.460833 0.013678 0.014610
48 0.324924 0.488188 0.008511 0.008393
48 0.341793 0.507305 0.008815 0.011191
48 0.337234 0.504352 0.004559 0.005284
48 0.322948 0.509015 0.022188 0.022692
48 0.305927 0.516786 0.005775 0.006528
48 0.316565 0.538390 0.025836 0.025490
48 0.301976 0.548803 0.003951 0.003419
48 0.446809 0.612216 0.012766 0.010258
48 0.444073 0.606621 0.009119 0.005284
48 0.432523 0.625583 0.015198 0.015853
48 0.421733 0.625894 0.006991 0.006528
48 0.280243 0.669723 0.017629 0.017718
48 0.267477 0.670345 0.012766 0.013988
48 0.349696 0.694591 0.010030 0.009015
48 0.345593 0.704694 0.014590 0.016164
48 0.344529 0.722568 0.020365 0.016475
48 0.386018 0.737177 0.016413 0.012745
48 0.387842 0.705937 0.012766 0.019273
48 0.373100 0.726919 0.027052 0.027666
48 0.459119 0.736867 0.011246 0.015232
48 0.462310 0.752720 0.026748 0.020827
48 0.463526 0.764843 0.014590 0.010880
48 0.625988 0.783805 0.011854 0.015232
48 0.627052 0.772925 0.010942 0.008393
48 0.585106 0.760957 0.017629 0.016786
48 0.370517 0.819552 0.011550 0.015853
48 0.335410 0.788001 0.011854 0.014921
48 0.329787 0.783649 0.010334 0.014921
48 0.273252 0.743861 0.018845 0.019273
48 0.253799 0.733758 0.030395 0.024557
48 0.276444 0.766553 0.015502 0.019894
48 0.239514 0.761113 0.038298 0.027666
48 0.253040 0.786447 0.019149 0.020516
48 0.231155 0.777122 0.038602 0.026111
48 0.256687 0.843799 0.008207 0.006528
48 0.195137 0.838048 0.016413 0.018651
48 0.217629 0.866957 0.020061 0.021138
48 0.205927 0.888405 0.013678 0.016786
48 0.215350 0.891514 0.014286 0.018029
48 0.189362 0.879391 0.006687 0.009325
48 0.198328 0.860118 0.006383 0.008082
48 0.228723 0.899907 0.011854 0.011812
48 0.188754 0.909388 0.018237 0.012745
48 0.211398 0.900995 0.014894 0.010880
48 0.213070 0.913118 0.036474 0.030152
48 0.185410 0.937519 0.020061 0.023003
5 0.187234 0.972801 0.003040 0.003419
48 0.177052 0.988032 0.005167 0.005284
48 0.180395 0.980261 0.014894 0.015232
5 0.734802 0.886074 0.003343 0.005906
48 0.861550 0.920267 0.016109 0.026422
48 0.871125 0.922754 0.003040 0.005284
48 0.848784 0.926173 0.010030 0.009015
48 0.849240 0.918558 0.006687 0.006839
48 0.837842 0.923220 0.014286 0.013677
5 0.556383 0.594964 0.005167 0.003108
48 0.845745 0.613771 0.011854 0.010880
48 0.843161 0.626826 0.012158 0.007771
48 0.842857 0.617501 0.013374 0.012123
48 0.793617 0.579888 0.006079 0.005906
48 0.801520 0.574604 0.006079 0.006528
48 0.806079 0.573516 0.004255 0.004974
48 0.810638 0.587348 0.005471 0.005284
48 0.866261 0.560149 0.023708 0.014299
48 0.873404 0.546472 0.011854 0.007460
48 0.899088 0.549736 0.011550 0.010258
48 0.956079 0.520050 0.012462 0.013677
48 0.936626 0.512589 0.016717 0.016164
48 0.928115 0.529064 0.005167 0.006839
48 0.938450 0.500933 0.010638 0.007771
48 0.930851 0.503109 0.004559 0.004041
48 0.974012 0.486634 0.004559 0.005906
48 0.917629 0.499845 0.005471 0.014921
48 0.914286 0.489587 0.004255 0.004974
48 0.902888 0.487877 0.011246 0.012745
48 0.899848 0.498446 0.005167 0.009636
48 0.905167 0.495493 0.005471 0.003730
48 0.907599 0.505906 0.013982 0.013988
48 0.899088 0.507927 0.003647 0.009325
48 0.888450 0.515698 0.005471 0.008082
48 0.884346 0.506372 0.013070 0.010569
48 0.883435 0.500311 0.008815 0.002798
48 0.883435 0.497202 0.008815 0.003419
48 0.876900 0.495337 0.003647 0.006528
48 0.832827 0.499689 0.007903 0.009636
48 0.867477 0.507771 0.004863 0.007150
48 0.868237 0.521293 0.005775 0.010569
48 0.832523 0.505751 0.006687 0.004352
48 0.848480 0.511968 0.013678 0.006217
48 0.831459 0.513833 0.008207 0.008704
48 0.830547 0.521759 0.006383 0.007771
48 0.849240 0.521604 0.010942 0.008082
48 0.844073 0.516941 0.020669 0.014921
48 0.809422 0.521604 0.009726 0.005595
48 0.807903 0.530463 0.014590 0.009636
48 0.803647 0.524091 0.004255 0.002487
48 0.786474 0.527666 0.019757 0.022692
48 0.772796 0.512278 0.019149 0.017408
48 0.770669 0.499067 0.027660 0.012745
48 0.713526 0.524402 0.010638 0.010569
48 0.728419 0.527976 0.016109 0.015853
48 0.726596 0.516320 0.012462 0.008704
48 0.726900 0.504507 0.004559 0.004352
9 0.648024 0.487100 0.007295 0.003730
4 0.645137 0.490985 0.003951 0.002798
48 0.681003 0.506372 0.010638 0.009947
48 0.680547 0.512745 0.009726 0.006528
48 0.674012 0.510413 0.005167 0.004352
48 0.674316 0.503730 0.005775 0.009015
48 0.652584 0.497669 0.012158 0.010569
48 0.660182 0.510880 0.013982 0.029531
48 0.649848 0.511812 0.015198 0.017097
48 0.640274 0.497824 0.013070 0.017718
48 0.627964 0.498135 0.013374 0.012745
48 0.635410 0.511657 0.010638 0.009325
48 0.625228 0.509170 0.012766 0.009325
48 0.625532 0.515076 0.009119 0.005595
48 0.619301 0.496114 0.006383 0.008704
48 0.607447 0.505284 0.017325 0.016475
48 0.587386 0.499378 0.009422 0.011501
48 0.559422 0.495182 0.008815 0.009325
4 0.578571 0.470625 0.007599 0.004352
48 0.560942 0.488032 0.007599 0.006217
48 0.522188 0.465030 0.008511 0.009947
48 0.537690 0.478551 0.006687 0.005284
48 0.531611 0.470003 0.017629 0.013056
48 0.530699 0.484458 0.019453 0.013988
48 0.526444 0.493161 0.014590 0.009636
5 0.433283 0.430214 0.005775 0.003108
48 0.834195 0.385763 0.012462 0.008082
48 0.841489 0.386229 0.003951 0.005284
48 0.814894 0.367734 0.011550 0.010569
48 0.813982 0.359030 0.012766 0.007460
48 0.809574 0.348150 0.018541 0.010569
48 0.807751 0.354834 0.010030 0.005284
48 0.811094 0.376749 0.016717 0.010569
48 0.805471 0.385452 0.030395 0.011812
48 0.779635 0.291110 0.018845 0.013988
48 0.788602 0.302767 0.004559 0.006839
48 0.824012 0.276966 0.005471 0.005595
48 0.836930 0.228629 0.010030 0.010880
48 0.724012 0.245726 0.007295 0.005284
48 0.717173 0.241529 0.009422 0.007460
48 0.749088 0.197700 0.011246 0.018029
48 0.886018 0.157911 0.012766 0.009325
5 0.984650 0.163973 0.004559 0.004663
5 0.981459 0.164439 0.004863 0.006217
5 0.889210 0.008704 0.003951 0.003730
48 0.883891 0.012434 0.006687 0.006839
48 0.738146 0.014921 0.010030 0.013056
48 0.752584 0.022847 0.009726 0.010880
48 0.759574 0.024712 0.006687 0.007771
48 0.728723 0.018185 0.002128 0.005284
4 0.727660 0.011191 0.003040 0.004974
48 0.722340 0.014610 0.007599 0.009325
4 0.709119 0.016630 0.006079 0.003419
48 0.706231 0.010413 0.010030 0.007771
48 0.389362 0.441405 0.007295 0.008082
48 0.405471 0.446379 0.010942 0.016786
48 0.433435 0.455082 0.044985 0.036680
48 0.458055 0.466895 0.011550 0.014299
48 0.466717 0.469381 0.015502 0.015542
48 0.470517 0.456015 0.014590 0.015542
48 0.486170 0.478396 0.020973 0.021759
48 0.478115 0.467983 0.015198 0.032017
48 0.693465 0.512745 0.003343 0.003419
48 0.699848 0.558750 0.021581 0.015853
9 0.723404 0.422754 0.007903 0.003730
48 0.865198 0.004663 0.021581 0.009325
48 0.509878 0.481971 0.011246 0.010880
48 0.502736 0.477930 0.009119 0.013366
