48 0.971277 0.185830 0.006991 0.008701
48 0.978875 0.182411 0.013678 0.021131
48 0.982067 0.252952 0.016413 0.018024
48 0.961094 0.269111 0.010942 0.009944
48 0.964438 0.254972 0.020669 0.017713
48 0.938906 0.211622 0.023100 0.030454
48 0.841185 0.325668 0.020973 0.014916
48 0.862462 0.313704 0.022796 0.017713
48 0.879179 0.292418 0.019149 0.014295
48 0.879027 0.302206 0.013374 0.009633
48 0.891033 0.297856 0.008207 0.010876
48 0.885714 0.306712 0.013374 0.014295
48 0.900152 0.295525 0.014894 0.011187
48 0.898480 0.307334 0.016413 0.013673
48 0.907751 0.296147 0.011854 0.012430
48 0.909878 0.305314 0.011246 0.010255
48 0.846657 0.340118 0.016109 0.013362
48 0.847720 0.350839 0.017021 0.013052
48 0.861854 0.345712 0.013678 0.014605
48 0.874012 0.339186 0.016109 0.014605
48 0.870517 0.351927 0.027356 0.013362
48 0.855471 0.375544 0.014894 0.011498
48 0.867933 0.372747 0.012462 0.009012
48 0.872796 0.361560 0.024012 0.015848
48 0.877812 0.369329 0.018845 0.010876
48 0.876444 0.378185 0.028267 0.011187
48 0.880547 0.385022 0.021277 0.009944
48 0.875532 0.393878 0.011854 0.009633
48 0.877052 0.402113 0.011246 0.009944
48 0.871885 0.451212 0.014286 0.016781
48 0.870821 0.470323 0.005471 0.009012
48 0.872796 0.479957 0.005167 0.005904
48 0.878723 0.478247 0.005471 0.004972
48 0.877812 0.466283 0.004863 0.004661
48 0.881915 0.470168 0.005775 0.004972
48 0.884498 0.521442 0.013982 0.023617
48 0.893009 0.523151 0.013982 0.018334
48 0.893769 0.541019 0.008207 0.008080
48 0.949848 0.434276 0.009726 0.009633
48 0.824772 0.625699 0.018541 0.023306
48 0.809119 0.578776 0.017021 0.020820
48 0.741793 0.397141 0.017933 0.019267
48 0.750000 0.415786 0.015502 0.019267
48 0.757599 0.360317 0.021581 0.018334
48 0.787538 0.348664 0.021277 0.028589
48 0.806079 0.346955 0.012158 0.013984
48 0.816869 0.345556 0.012462 0.014295
48 0.608967 0.474363 0.020973 0.023306
5 0.613982 0.540087 0.003040 0.004972
48 0.600000 0.547700 0.015805 0.012119
48 0.523252 0.528745 0.016109 0.012119
48 0.529939 0.534649 0.022796 0.012119
48 0.436018 0.568832 0.016717 0.013362
48 0.578571 0.774394 0.025836 0.023617
48 0.586322 0.723275 0.020669 0.012741
48 0.633283 0.710535 0.016717 0.019577
5 0.843769 0.896364 0.004255 0.004040
48 0.059271 0.552362 0.010334 0.008390
48 0.183739 0.594158 0.009422 0.006215
48 0.297872 0.587787 0.027964 0.018956
48 0.335714 0.575823 0.019757 0.018024
48 0.393769 0.569608 0.010030 0.006837
48 0.075228 0.442200 0.007599 0.006837
48 0.086018 0.466750 0.009119 0.022996
48 0.093921 0.471100 0.010942 0.015538
48 0.075988 0.494562 0.010942 0.016470
48 0.090122 0.495960 0.021581 0.019888
48 0.110334 0.495960 0.023100 0.016159
48 0.186778 0.510721 0.011854 0.007147
48 0.184043 0.524394 0.010030 0.010255
48 0.171733 0.536358 0.013982 0.014295
48 0.182067 0.538844 0.017021 0.011187
48 0.206991 0.535426 0.011550 0.006837
48 0.208359 0.545214 0.008207 0.013984
48 0.218997 0.547079 0.017325 0.010876
48 0.394529 0.529677 0.018237 0.011498
48 0.676444 0.347421 0.013678 0.014295
48 0.624468 0.394810 0.007599 0.007769
48 0.640122 0.391392 0.024924 0.020820
48 0.656079 0.381603 0.022796 0.024239
48 0.742097 0.303915 0.016717 0.022996
48 0.752432 0.306091 0.011246 0.019888
48 0.754407 0.282318 0.009119 0.007147
48 0.761550 0.287290 0.011854 0.009012
48 0.762006 0.301896 0.013982 0.012741
48 0.771885 0.298167 0.007599 0.010876
48 0.974924 0.614512 0.006991 0.006526
48 0.970213 0.605190 0.012158 0.009633
48 0.980699 0.599130 0.014894 0.011187
48 0.982979 0.604723 0.014590 0.009944
48 0.985866 0.608919 0.012462 0.007769
48 0.941337 0.538999 0.004863 0.004661
48 0.886778 0.663766 0.014286 0.009323
48 0.598176 0.490056 0.005471 0.004351
48 0.592249 0.479335 0.007599 0.009012
48 0.855471 0.904444 0.022796 0.022685
48 0.377964 0.516004 0.008207 0.007769
48 0.016869 0.020199 0.033739 0.021753
48 0.186474 0.549720 0.004559 0.004972
48 0.116261 0.570541 0.029483 0.020510
48 0.368997 0.589030 0.012766 0.016470
48 0.191945 0.585923 0.025836 0.019577
48 0.217477 0.592915 0.019149 0.020510
48 0.457751 0.558577 0.023100 0.023306
48 0.579787 0.505438 0.014894 0.014605
48 0.864134 0.256370 0.018237 0.014916
48 0.036626 0.029832 0.011246 0.009944
48 0.804863 0.940025 0.010334 0.009323
