48 0.990274 0.995182 0.011550 0.009636
48 0.991033 0.714952 0.011246 0.013677
48 0.989818 0.740597 0.010638 0.020827
48 0.991337 0.791265 0.013070 0.011501
48 0.995441 0.776344 0.009119 0.012745
48 0.995897 0.745260 0.008207 0.014610
48 0.986778 0.974200 0.012462 0.010569
48 0.993465 0.966739 0.010638 0.008704
48 0.996049 0.574293 0.007903 0.013988
48 0.990578 0.537768 0.010942 0.013677
48 0.991945 0.414206 0.010638 0.014610
48 0.989210 0.474044 0.021581 0.020516
5 0.995593 0.454305 0.006383 0.004041
48 0.977964 0.614703 0.044073 0.069319
48 0.965350 0.671899 0.069301 0.079888
48 0.980395 0.048648 0.039210 0.045073
5 0.999240 0.034193 0.001520 0.004974
48 0.998176 0.013677 0.003647 0.027355
48 0.123252 0.183712 0.012462 0.012434
48 0.132979 0.188219 0.012462 0.012123
48 0.144833 0.192882 0.013678 0.012745
48 0.154711 0.196923 0.012158 0.012123
48 0.165805 0.201274 0.013070 0.012745
48 0.175076 0.205471 0.013374 0.012434
48 0.186170 0.210134 0.012462 0.011812
48 0.195745 0.214175 0.013374 0.012434
48 0.206687 0.218993 0.013374 0.013366
48 0.215957 0.222723 0.012462 0.012745
48 0.227508 0.227541 0.012462 0.013056
50 0.237386 0.231893 0.011550 0.011812
50 0.247720 0.236400 0.012158 0.012123
50 0.257751 0.240752 0.011550 0.011501
50 0.179635 0.237022 0.012158 0.012123
50 0.168997 0.233603 0.012766 0.012123
50 0.154103 0.228785 0.015198 0.011191
9 0.138602 0.233914 0.003040 0.004663
5 0.107599 0.233758 0.005471 0.003730
5 0.115653 0.237022 0.005167 0.002798
5 0.124012 0.239509 0.004863 0.002798
48 0.122492 0.229717 0.010942 0.011812
48 0.112766 0.226298 0.011550 0.011812
48 0.126444 0.218837 0.012766 0.011812
48 0.116261 0.215574 0.011854 0.010880
48 0.115350 0.250699 0.014286 0.013366
48 0.112918 0.262512 0.015502 0.011501
48 0.100152 0.257538 0.012462 0.012123
48 0.089970 0.254119 0.012158 0.012123
48 0.102280 0.246037 0.012462 0.011501
48 0.092097 0.242617 0.012158 0.011501
48 0.076444 0.249456 0.011854 0.011501
48 0.080547 0.238110 0.010942 0.011191
48 0.070061 0.234846 0.011246 0.011501
48 0.066565 0.246037 0.012158 0.011501
48 0.059119 0.231271 0.011854 0.011812
48 0.049544 0.227697 0.012158 0.011501
48 0.053040 0.241374 0.012462 0.012123
48 0.043313 0.238265 0.011854 0.012123
48 0.034347 0.222878 0.011550 0.011191
48 0.024164 0.218837 0.011854 0.012434
8 0.076140 0.222878 0.004559 0.003108
8 0.083739 0.225521 0.004559 0.002798
48 0.084195 0.203917 0.017629 0.017408
48 0.065957 0.198321 0.015805 0.016786
48 0.046809 0.190861 0.018845 0.017408
5 0.027204 0.201119 0.005775 0.003108
5 0.020061 0.199565 0.003647 0.003108
48 0.026596 0.183712 0.017933 0.015542
48 0.055927 0.173609 0.021884 0.021449
48 0.077964 0.181069 0.019149 0.021449
48 0.034802 0.167081 0.019757 0.021449
48 0.015957 0.162574 0.017325 0.016786
48 0.010182 0.177650 0.009422 0.013366
48 0.011550 0.211222 0.011550 0.015232
48 0.009726 0.229095 0.008511 0.014921
48 0.042249 0.275878 0.019453 0.017097
48 0.022188 0.270594 0.018237 0.017097
48 0.036930 0.294840 0.020365 0.020827
48 0.016717 0.289711 0.020061 0.020516
48 0.068389 0.287535 0.010942 0.011812
48 0.064894 0.299036 0.011854 0.013056
48 0.078419 0.290488 0.012158 0.012745
48 0.074772 0.302456 0.010942 0.011812
48 0.089058 0.294374 0.012766 0.012434
48 0.086018 0.306808 0.012158 0.013056
48 0.095289 0.309605 0.011246 0.011812
48 0.099544 0.297638 0.011854 0.012745
48 0.086626 0.336183 0.011550 0.011501
48 0.076748 0.332297 0.011854 0.013056
48 0.066109 0.328567 0.011854 0.012434
48 0.055623 0.325769 0.012766 0.012434
48 0.052280 0.337115 0.011550 0.012123
48 0.062158 0.340690 0.011854 0.011812
48 0.073708 0.344109 0.011854 0.012434
48 0.083283 0.347218 0.011550 0.011812
48 0.124620 0.313025 0.015198 0.013677
48 0.138298 0.317376 0.015198 0.011812
48 0.153040 0.322505 0.016109 0.012745
48 0.167021 0.327634 0.016717 0.013056
48 0.181763 0.333696 0.015805 0.013988
48 0.196505 0.336649 0.015502 0.013056
48 0.112766 0.345197 0.016413 0.011501
48 0.126444 0.348772 0.012158 0.011812
48 0.136778 0.352036 0.010942 0.010880
48 0.107751 0.355611 0.011854 0.011191
48 0.117477 0.358564 0.011854 0.012123
48 0.129179 0.362605 0.012766 0.013366
48 0.139818 0.364315 0.011550 0.013677
48 0.150456 0.354834 0.012158 0.011501
48 0.160942 0.358253 0.011854 0.012123
48 0.174164 0.362760 0.012158 0.011812
48 0.197568 0.370842 0.014590 0.013056
48 0.186018 0.366024 0.015805 0.015853
48 0.132067 0.386385 0.012462 0.012434
48 0.121884 0.383121 0.011550 0.012123
48 0.110334 0.379391 0.012158 0.012123
48 0.100304 0.376282 0.012766 0.012745
48 0.096657 0.387939 0.012158 0.012434
48 0.107143 0.390737 0.011246 0.011812
48 0.118237 0.394622 0.012158 0.012123
48 0.127964 0.397420 0.011550 0.012123
48 0.075836 0.367889 0.011854 0.012123
48 0.065957 0.364625 0.012766 0.012434
48 0.055471 0.360895 0.013070 0.014921
48 0.044529 0.357165 0.012462 0.011812
48 0.041033 0.368511 0.012158 0.012123
48 0.051064 0.372552 0.013374 0.013366
48 0.062614 0.376749 0.013374 0.014299
48 0.072796 0.379391 0.012462 0.012745
48 0.034043 0.389027 0.012766 0.012745
48 0.044225 0.392291 0.012462 0.013056
48 0.056231 0.396332 0.012766 0.014299
48 0.066261 0.399907 0.012158 0.012745
48 0.062766 0.411564 0.011854 0.012434
48 0.052584 0.408455 0.012158 0.011191
48 0.040426 0.404725 0.012158 0.012434
48 0.030851 0.400995 0.011246 0.011812
48 0.023556 0.421511 0.011854 0.011191
48 0.033891 0.424464 0.011854 0.012745
48 0.045441 0.428505 0.013070 0.012745
48 0.055927 0.432235 0.012158 0.012123
48 0.052432 0.444047 0.011854 0.011501
48 0.042553 0.440472 0.012766 0.012434
48 0.029787 0.436121 0.011550 0.011191
48 0.019605 0.433012 0.012462 0.011812
48 0.012918 0.453684 0.011854 0.012123
48 0.022796 0.456792 0.010942 0.011501
48 0.035106 0.461144 0.011854 0.011501
48 0.009422 0.465185 0.011550 0.010880
48 0.019149 0.468138 0.012158 0.011191
48 0.031763 0.472334 0.011854 0.012123
48 0.041793 0.475598 0.011854 0.012434
48 0.045441 0.464097 0.011246 0.011191
48 0.088754 0.407523 0.011550 0.011191
48 0.098632 0.410320 0.013678 0.014299
48 0.110790 0.415294 0.011854 0.011812
48 0.121277 0.418091 0.012158 0.013056
48 0.085258 0.419335 0.013070 0.013056
48 0.095593 0.422443 0.011854 0.011191
48 0.107295 0.426640 0.011550 0.011501
48 0.117021 0.429748 0.010942 0.011501
48 0.078116 0.439851 0.012766 0.013056
48 0.088146 0.443426 0.010942 0.010880
48 0.100152 0.447467 0.012462 0.011501
48 0.110334 0.450264 0.010942 0.011501
48 0.074468 0.451352 0.013374 0.011812
48 0.084195 0.454461 0.010942 0.011191
48 0.096657 0.458657 0.011550 0.011501
48 0.106687 0.462232 0.010942 0.011812
48 0.067173 0.472179 0.012158 0.011812
48 0.077964 0.474977 0.011854 0.012434
48 0.064286 0.484458 0.013070 0.013366
48 0.074468 0.487100 0.011550 0.011191
48 0.086322 0.491296 0.011550 0.012123
48 0.089818 0.479484 0.011246 0.010880
48 0.100000 0.482748 0.010334 0.010569
48 0.096505 0.493938 0.012462 0.012434
48 0.088906 0.514765 0.010638 0.011812
48 0.079483 0.511191 0.011854 0.011501
48 0.066717 0.507460 0.011854 0.012123
48 0.056535 0.504041 0.011550 0.010880
48 0.063678 0.518806 0.011854 0.011812
48 0.053343 0.515232 0.011246 0.011501
48 0.075380 0.522692 0.011550 0.011501
48 0.085258 0.526111 0.011246 0.011501
48 0.078419 0.546783 0.011550 0.011812
48 0.068237 0.543830 0.011854 0.012123
48 0.065046 0.555642 0.012158 0.012745
48 0.074924 0.558129 0.010638 0.010880
48 0.052736 0.550979 0.011246 0.012123
48 0.042401 0.548492 0.014286 0.015232
48 0.046505 0.536369 0.012766 0.012123
48 0.056231 0.539478 0.011550 0.011501
48 0.035562 0.496581 0.013374 0.012745
48 0.024772 0.492850 0.012462 0.012745
48 0.012310 0.488809 0.011854 0.011501
48 0.009119 0.501088 0.010942 0.012434
48 0.020973 0.504352 0.012766 0.012123
48 0.031307 0.508704 0.012158 0.013988
48 0.013982 0.525023 0.012766 0.013056
48 0.024164 0.528132 0.011854 0.012434
48 0.010030 0.536525 0.011550 0.011812
48 0.020365 0.540566 0.013982 0.014921
48 0.067933 0.578489 0.012462 0.012434
48 0.057751 0.575381 0.010942 0.011812
48 0.045745 0.571806 0.011854 0.011501
48 0.034347 0.567765 0.012766 0.012123
48 0.013830 0.559994 0.012462 0.012123
48 0.055775 0.588436 0.028267 0.019273
48 0.086322 0.582997 0.025532 0.018340
48 0.082371 0.595275 0.024924 0.017408
48 0.377052 0.348928 0.013070 0.011501
48 0.367173 0.345508 0.011550 0.011501
48 0.356383 0.341778 0.011246 0.011501
48 0.347112 0.338359 0.012158 0.011501
48 0.336322 0.334007 0.011246 0.012123
48 0.326596 0.331986 0.013678 0.016786
48 0.315198 0.326391 0.014590 0.015542
48 0.305167 0.324371 0.013374 0.015853
48 0.292553 0.317843 0.011246 0.011501
48 0.282827 0.314113 0.011854 0.012123
48 0.268693 0.308517 0.013374 0.012745
48 0.246505 0.297638 0.011550 0.011501
48 0.243009 0.308517 0.011854 0.010880
48 0.229483 0.303233 0.015805 0.013366
48 0.110030 0.605378 0.025532 0.017718
48 0.114286 0.592322 0.024924 0.017718
48 0.237690 0.405813 0.026140 0.016475
48 0.229331 0.417781 0.038602 0.022381
48 0.154711 0.378147 0.025532 0.018962
48 0.150608 0.392136 0.025228 0.016475
48 0.184195 0.388872 0.029787 0.017408
48 0.180547 0.402549 0.032219 0.021759
48 0.142249 0.413429 0.026748 0.019273
48 0.138754 0.426795 0.025228 0.015542
48 0.172644 0.423998 0.029179 0.018029
48 0.169453 0.436742 0.030699 0.016786
48 0.131611 0.446379 0.025532 0.015542
48 0.127812 0.460678 0.026444 0.018651
48 0.160030 0.456170 0.031307 0.016475
48 0.156839 0.468604 0.030395 0.018962
48 0.121277 0.481660 0.026140 0.017097
48 0.115957 0.494249 0.025836 0.017408
48 0.148632 0.491607 0.031003 0.018962
48 0.144985 0.504663 0.032219 0.018340
48 0.108815 0.517718 0.026140 0.018340
48 0.137386 0.526733 0.029787 0.018340
48 0.133891 0.540410 0.031307 0.020205
48 0.104711 0.529997 0.025228 0.016164
48 0.122340 0.571184 0.026444 0.017097
48 0.126596 0.560305 0.031307 0.018340
48 0.097720 0.549736 0.027052 0.013988
48 0.094529 0.561703 0.026748 0.015542
48 0.025532 0.577401 0.037082 0.020205
48 0.049240 0.653404 0.045593 0.036058
48 0.016413 0.641436 0.028571 0.032017
48 0.061094 0.619832 0.045593 0.033572
48 0.022492 0.606466 0.038906 0.032950
48 0.072340 0.693503 0.021277 0.018029
48 0.038754 0.684489 0.044073 0.025490
48 0.029635 0.703295 0.027052 0.029531
48 0.061550 0.716040 0.028875 0.035126
48 0.086626 0.726764 0.020669 0.037302
48 0.011094 0.673454 0.016717 0.015853
48 0.156079 0.739509 0.019149 0.013677
48 0.152584 0.751321 0.018845 0.014299
48 0.198936 0.723034 0.017933 0.013677
48 0.204103 0.731893 0.010030 0.009015
48 0.218997 0.664750 0.018541 0.011501
48 0.221581 0.657134 0.019453 0.011812
48 0.024924 0.324837 0.019453 0.017408
48 0.022492 0.343332 0.024924 0.017718
5 0.531307 0.956170 0.003647 0.004974
8 0.527812 0.963475 0.003343 0.004663
5 0.538298 0.952596 0.004255 0.005284
5 0.540122 0.938918 0.003647 0.004663
5 0.540122 0.932701 0.003647 0.004663
5 0.542553 0.927572 0.003040 0.004352
5 0.575380 0.919957 0.003040 0.004663
5 0.584043 0.920578 0.003343 0.004663
5 0.589058 0.912341 0.003040 0.004352
5 0.555927 0.951041 0.003647 0.004663
5 0.547112 0.967672 0.003647 0.004974
5 0.537538 0.986323 0.003343 0.004352
5 0.514438 0.980727 0.003343 0.004352
5 0.526748 0.989431 0.003647 0.004974
9 0.527660 0.979639 0.003647 0.005906
5 0.569757 0.950575 0.003343 0.004352
5 0.571581 0.945601 0.003343 0.004974
5 0.567629 0.935033 0.003951 0.005595
9 0.581763 0.900218 0.006687 0.009947
5 0.591641 0.889027 0.003343 0.004974
5 0.574468 0.875505 0.004255 0.005284
5 0.567173 0.887007 0.004255 0.004663
5 0.609271 0.863071 0.003343 0.004041
5 0.602736 0.859807 0.003647 0.004974
5 0.606231 0.859807 0.003343 0.004974
5 0.612310 0.856543 0.003343 0.004663
5 0.615198 0.860118 0.003647 0.004974
5 0.611550 0.845197 0.003647 0.004352
5 0.602736 0.876593 0.004255 0.004352
5 0.591641 0.881256 0.003951 0.005595
5 0.597872 0.875661 0.004255 0.005595
5 0.605471 0.869910 0.003647 0.005284
9 0.596353 0.887473 0.009726 0.015542
5 0.565046 0.893379 0.003647 0.004974
5 0.561398 0.900528 0.003647 0.004352
5 0.556231 0.924930 0.003647 0.004663
5 0.655775 0.803544 0.004559 0.003108
5 0.656839 0.801057 0.003647 0.002487
5 0.658055 0.798726 0.004255 0.003419
5 0.660790 0.792819 0.004255 0.003419
5 0.662766 0.789400 0.003343 0.002798
5 0.663374 0.786602 0.004559 0.002798
48 0.988146 0.698632 0.012766 0.012123
48 0.970821 0.690706 0.015805 0.012434
48 0.947872 0.691172 0.014286 0.011501
48 0.945289 0.701119 0.012766 0.013988
48 0.924012 0.698321 0.010334 0.009636
48 0.927052 0.690084 0.013374 0.011812
48 0.959271 0.695679 0.008511 0.011812
48 0.955015 0.705316 0.008511 0.009325
48 0.962158 0.707958 0.010030 0.011501
48 0.970669 0.702673 0.012462 0.012123
48 0.964590 0.698477 0.008207 0.009947
48 0.982371 0.712620 0.012158 0.013988
48 0.975076 0.710911 0.009119 0.014921
48 0.969149 0.709667 0.007599 0.006217
48 0.919301 0.684489 0.016717 0.030463
48 0.914134 0.672366 0.011854 0.010569
48 0.903799 0.668635 0.008815 0.007460
48 0.866109 0.666926 0.014286 0.014610
48 0.868845 0.679826 0.010030 0.008704
48 0.859726 0.676562 0.010638 0.010880
48 0.850000 0.674075 0.011246 0.010880
48 0.837994 0.670811 0.012766 0.011191
48 0.842401 0.663817 0.013070 0.009015
48 0.844073 0.655891 0.014590 0.011191
48 0.845441 0.648430 0.013678 0.009325
48 0.856687 0.657289 0.011246 0.009015
48 0.859423 0.651694 0.010638 0.007771
5 0.858207 0.668791 0.003343 0.003419
48 0.880547 0.676562 0.007903 0.010258
48 0.886170 0.667392 0.018541 0.014299
48 0.885866 0.681225 0.010638 0.015853
48 0.903495 0.682002 0.010638 0.009947
48 0.912310 0.682313 0.007599 0.008704
48 0.955927 0.724433 0.011550 0.012745
48 0.964742 0.726453 0.010334 0.011812
48 0.972188 0.732049 0.012462 0.017408
48 0.952888 0.735312 0.010334 0.012123
48 0.961550 0.737333 0.009422 0.011191
48 0.950912 0.746037 0.012462 0.011191
48 0.963374 0.748213 0.012462 0.010569
48 0.971884 0.754119 0.011854 0.017408
48 0.982067 0.739509 0.012766 0.018029
48 0.986170 0.762978 0.011854 0.013988
48 0.959574 0.757538 0.014590 0.011191
5 0.959726 0.717905 0.003951 0.002798
6 0.970821 0.721013 0.005471 0.003419
5 0.987386 0.724277 0.005775 0.003108
5 0.988298 0.727541 0.005775 0.002798
48 0.940881 0.721946 0.014286 0.016475
48 0.933435 0.739043 0.018237 0.013366
48 0.914742 0.707958 0.017933 0.010258
48 0.912006 0.714641 0.011854 0.009947
48 0.927508 0.716972 0.010030 0.012123
5 0.918845 0.720236 0.003647 0.005595
48 0.918085 0.727541 0.019149 0.010258
48 0.927204 0.747125 0.013070 0.010258
48 0.936018 0.748834 0.006383 0.007460
48 0.925076 0.753963 0.011854 0.007771
48 0.905927 0.751787 0.012462 0.011501
48 0.910486 0.738265 0.014894 0.018029
48 0.919757 0.758471 0.009726 0.007460
48 0.917325 0.745570 0.012766 0.027044
48 0.899848 0.734535 0.014894 0.019894
48 0.876292 0.744793 0.019453 0.016786
48 0.863678 0.738887 0.011854 0.011191
48 0.877204 0.732049 0.017021 0.012434
48 0.837994 0.732826 0.008511 0.013366
48 0.854863 0.738576 0.008815 0.013056
48 0.847416 0.733292 0.012766 0.014299
48 0.852888 0.713087 0.013982 0.009947
48 0.842857 0.712620 0.008511 0.013988
48 0.833435 0.697389 0.013374 0.012745
48 0.828116 0.708424 0.011246 0.013056
48 0.836322 0.710911 0.008207 0.012434
48 0.842097 0.699565 0.008815 0.012123
48 0.837082 0.688219 0.013374 0.009325
48 0.846960 0.688374 0.006991 0.011501
5 0.871581 0.689929 0.005167 0.003419
9 0.864134 0.687597 0.009119 0.004352
48 0.829179 0.684955 0.009119 0.012745
48 0.849544 0.722257 0.010942 0.007771
48 0.858207 0.726919 0.008207 0.010258
5 0.854863 0.745881 0.005167 0.002798
5 0.836930 0.744172 0.003951 0.002487
5 0.832067 0.743084 0.004559 0.002798
5 0.826900 0.741685 0.005167 0.003108
5 0.818389 0.739043 0.004559 0.002798
48 0.852280 0.702362 0.015198 0.013366
48 0.857447 0.692726 0.019453 0.013366
48 0.898936 0.716351 0.011854 0.015853
48 0.902280 0.705160 0.008207 0.007771
48 0.871277 0.706870 0.019149 0.015542
48 0.873100 0.696612 0.015502 0.011191
48 0.883131 0.706403 0.012462 0.019583
48 0.889058 0.713398 0.016413 0.016786
48 0.896960 0.702984 0.006079 0.007771
48 0.948480 0.752409 0.010030 0.006528
48 0.946049 0.757227 0.009422 0.007460
48 0.944225 0.764377 0.010638 0.009325
48 0.953799 0.766397 0.010942 0.010258
48 0.967477 0.767951 0.008511 0.012123
48 0.960942 0.768573 0.005775 0.010258
48 0.978875 0.772925 0.008815 0.008393
48 0.973100 0.771060 0.005167 0.011501
48 0.988298 0.774946 0.008815 0.013056
48 0.979179 0.788157 0.014894 0.011501
48 0.964894 0.784893 0.016109 0.012434
48 0.350152 0.968760 0.228571 0.062481
48 0.950000 0.781473 0.016717 0.012434
48 0.935714 0.778987 0.016109 0.014299
48 0.929939 0.788934 0.017933 0.013677
48 0.921581 0.775723 0.014590 0.013988
48 0.909574 0.771682 0.016717 0.013988
48 0.896809 0.769039 0.011854 0.014921
48 0.886778 0.765620 0.013678 0.015542
48 0.879331 0.762978 0.009119 0.013366
48 0.865805 0.757849 0.008207 0.009947
48 0.854103 0.755051 0.012158 0.011191
48 0.824772 0.716506 0.008815 0.006839
48 0.819605 0.686198 0.011854 0.009015
48 0.822492 0.679515 0.010334 0.008082
48 0.815046 0.709512 0.010030 0.013988
48 0.819757 0.701430 0.010942 0.007150
48 0.815046 0.693970 0.025228 0.009636
48 0.807143 0.681380 0.012462 0.011191
48 0.795897 0.684333 0.009422 0.012745
48 0.785714 0.682934 0.012766 0.009947
48 0.786474 0.675008 0.011854 0.009636
48 0.755471 0.681225 0.011246 0.010880
48 0.752888 0.668169 0.020061 0.015232
48 0.755623 0.658377 0.018845 0.009947
48 0.764438 0.707336 0.012158 0.010880
5 0.776292 0.711532 0.005471 0.003108
5 0.779787 0.699565 0.003951 0.003419
5 0.780851 0.697233 0.004255 0.003730
5 0.782067 0.694591 0.003647 0.003419
48 0.761398 0.714486 0.012158 0.009015
48 0.792401 0.700186 0.013982 0.015853
48 0.802432 0.713398 0.014590 0.010569
48 0.798784 0.722257 0.015805 0.013988
48 0.751976 0.707181 0.011550 0.013677
48 0.768693 0.700186 0.010942 0.007771
48 0.801824 0.654958 0.016413 0.016164
48 0.772644 0.641902 0.012766 0.013056
48 0.782219 0.645943 0.010638 0.009325
48 0.760486 0.640659 0.013374 0.008704
48 0.763222 0.634442 0.012158 0.008082
48 0.733739 0.633199 0.010334 0.016164
48 0.741489 0.634908 0.012462 0.016475
48 0.752584 0.619988 0.010942 0.010880
48 0.743313 0.617345 0.010030 0.008704
48 0.751672 0.639571 0.012158 0.016475
48 0.753951 0.628380 0.009422 0.006528
48 0.760182 0.647031 0.010942 0.006528
48 0.768693 0.649829 0.008511 0.006528
48 0.781763 0.652782 0.007903 0.005595
48 0.790578 0.647498 0.007903 0.008704
48 0.828875 0.659310 0.015198 0.018029
48 0.816565 0.664594 0.009422 0.008704
48 0.819605 0.654025 0.011246 0.013056
48 0.824468 0.644078 0.010030 0.008704
48 0.833435 0.647187 0.010334 0.008704
48 0.887994 0.747902 0.008815 0.010569
48 0.769149 0.672987 0.016717 0.018029
48 0.766261 0.622164 0.012766 0.012123
48 0.772036 0.627448 0.005471 0.007771
48 0.778268 0.629779 0.010030 0.009325
48 0.786626 0.629779 0.007295 0.011812
48 0.791033 0.632266 0.007599 0.011812
48 0.771885 0.600715 0.048936 0.040721
48 0.737386 0.656201 0.019453 0.015542
48 0.723252 0.654336 0.012462 0.020516
48 0.730091 0.664439 0.012766 0.009636
48 0.805471 0.672987 0.006687 0.006217
48 0.734650 0.679360 0.023100 0.018962
48 0.729027 0.699876 0.024620 0.023314
48 0.747872 0.686354 0.008207 0.008082
48 0.743313 0.698477 0.010030 0.018651
48 0.754863 0.694280 0.017325 0.015853
48 0.768389 0.685266 0.010942 0.009015
48 0.776140 0.690239 0.010030 0.011501
48 0.770973 0.692104 0.005775 0.005906
48 0.770973 0.696456 0.008207 0.005906
48 0.772948 0.718060 0.009119 0.008704
48 0.713222 0.684333 0.026444 0.041965
48 0.830547 0.731893 0.006383 0.010258
48 0.840729 0.723189 0.007295 0.007150
48 0.834650 0.720703 0.006079 0.007771
48 0.810790 0.638949 0.021581 0.013988
48 0.798176 0.635685 0.010334 0.010569
48 0.806991 0.646876 0.021884 0.009947
48 0.793921 0.642680 0.007903 0.005906
48 0.851216 0.785514 0.045289 0.034193
48 0.687082 0.804632 0.030091 0.028287
5 0.670669 0.800746 0.003343 0.003108
5 0.671733 0.798259 0.002432 0.002487
5 0.713222 0.787535 0.005167 0.003419
5 0.700456 0.820174 0.003951 0.004041
5 0.701672 0.817376 0.003343 0.004663
5 0.703343 0.813957 0.004255 0.004663
5 0.705167 0.809916 0.003040 0.003419
5 0.706687 0.806497 0.003647 0.003419
5 0.714438 0.784271 0.005775 0.003108
5 0.715046 0.781318 0.003951 0.002798
5 0.716869 0.778365 0.004559 0.003108
5 0.717173 0.775101 0.003951 0.002798
5 0.719149 0.772148 0.003647 0.002487
5 0.724012 0.759403 0.003647 0.002487
5 0.724924 0.756606 0.004255 0.002487
5 0.725988 0.753808 0.005167 0.002487
5 0.727052 0.750855 0.004863 0.002798
8 0.728267 0.747746 0.004863 0.002798
48 0.729331 0.744949 0.003951 0.002176
48 0.730851 0.741685 0.003951 0.002487
8 0.731915 0.739043 0.004255 0.002798
5 0.725684 0.728940 0.003951 0.002487
7 0.720669 0.726919 0.005471 0.003419
5 0.714286 0.724744 0.004863 0.003419
5 0.687842 0.740752 0.003647 0.003108
7 0.689058 0.737955 0.003647 0.004352
5 0.690122 0.735002 0.003951 0.004041
5 0.690881 0.731893 0.003040 0.003419
5 0.692553 0.729562 0.003951 0.004352
5 0.684498 0.751010 0.004255 0.004974
48 0.767021 0.795928 0.124316 0.128380
48 0.819605 0.861517 0.038602 0.027666
48 0.880395 0.841933 0.083587 0.107864
48 0.846353 0.752875 0.008207 0.008704
48 0.831611 0.748213 0.023708 0.011191
48 0.816413 0.742928 0.012766 0.008082
48 0.806383 0.739975 0.008511 0.006528
48 0.784954 0.737799 0.012462 0.007771
5 0.795289 0.728785 0.004559 0.003419
5 0.758511 0.723811 0.005167 0.003419
5 0.783283 0.730183 0.004863 0.003108
5 0.805319 0.736711 0.005775 0.002487
5 0.800152 0.735002 0.004559 0.002798
5 0.795137 0.733758 0.004863 0.003419
5 0.932675 0.771371 0.004559 0.002798
5 0.951216 0.772459 0.004559 0.003108
5 0.944529 0.770438 0.004559 0.002798
48 0.893161 0.778831 0.019757 0.010258
48 0.893465 0.785981 0.019149 0.010880
48 0.962918 0.949176 0.013374 0.012745
48 0.953647 0.946223 0.010030 0.011191
48 0.946657 0.943892 0.008815 0.010258
48 0.934346 0.939695 0.009726 0.009325
48 0.941033 0.939540 0.006079 0.005906
48 0.925228 0.935965 0.012158 0.011191
48 0.921733 0.945601 0.012462 0.011812
48 0.930851 0.948555 0.011854 0.012123
48 0.940274 0.953373 0.012462 0.012434
48 0.949848 0.956947 0.010942 0.012745
48 0.959119 0.960678 0.012462 0.012745
48 0.981155 0.962698 0.011550 0.009947
48 0.981155 0.953217 0.009119 0.007771
48 0.913222 0.940006 0.013678 0.016164
48 0.904103 0.935033 0.013678 0.015542
48 0.895137 0.930214 0.012158 0.015232
48 0.885562 0.927417 0.015502 0.019583
48 0.877964 0.921977 0.013070 0.017408
48 0.868237 0.918091 0.015502 0.016475
48 0.958359 0.979950 0.016413 0.015232
48 0.967781 0.986167 0.009119 0.009636
48 0.980243 0.988809 0.017021 0.016164
48 0.977052 0.996891 0.014894 0.006217
48 0.965502 0.994405 0.011854 0.011191
48 0.955775 0.992229 0.013678 0.013677
48 0.945593 0.974044 0.015198 0.015232
48 0.945289 0.987566 0.009119 0.013056
48 0.937386 0.983059 0.011550 0.012123
48 0.934043 0.968760 0.013374 0.013988
48 0.929483 0.979795 0.010334 0.011812
48 0.923860 0.965185 0.011854 0.012434
48 0.920061 0.975909 0.011550 0.012745
48 0.911246 0.970159 0.011550 0.011812
48 0.915502 0.959590 0.012158 0.013056
48 0.906535 0.956015 0.011854 0.013988
48 0.893617 0.958657 0.016413 0.023003
48 0.882523 0.959901 0.012462 0.012434
48 0.887538 0.948088 0.012766 0.014299
48 0.878723 0.944513 0.012158 0.012123
48 0.874924 0.956170 0.011246 0.013677
48 0.865198 0.952596 0.013678 0.013366
48 0.855471 0.948555 0.012462 0.013366
48 0.870365 0.940472 0.011854 0.012745
48 0.860486 0.935965 0.011550 0.013677
48 0.851672 0.932235 0.012766 0.016164
48 0.846201 0.944669 0.014590 0.015542
48 0.837538 0.940162 0.013678 0.014610
48 0.842553 0.928660 0.013374 0.013988
48 0.833131 0.925552 0.015198 0.013366
48 0.826292 0.937209 0.016109 0.016786
48 0.896809 0.910165 0.022188 0.020516
48 0.884802 0.910786 0.013982 0.010569
48 0.859271 0.901927 0.041945 0.021449
48 0.854559 0.921511 0.013070 0.008393
48 0.832827 0.904103 0.011550 0.015853
48 0.824164 0.901150 0.013678 0.016164
48 0.816261 0.897575 0.012462 0.015232
48 0.807447 0.893690 0.014286 0.015542
48 0.798024 0.889493 0.013678 0.014610
48 0.789210 0.885763 0.012462 0.014610
48 0.779635 0.881722 0.014590 0.017097
48 0.788146 0.873018 0.009119 0.009015
48 0.780091 0.870065 0.011246 0.009947
48 0.769453 0.866646 0.010030 0.008082
48 0.770973 0.875505 0.013070 0.011501
48 0.761398 0.871153 0.010334 0.010258
48 0.752584 0.868822 0.012766 0.013056
48 0.743465 0.865713 0.012766 0.015542
48 0.734195 0.861828 0.013070 0.015853
48 0.727812 0.858408 0.010030 0.013988
48 0.717021 0.853901 0.013374 0.014921
48 0.706535 0.851881 0.016109 0.020827
48 0.698936 0.845042 0.012462 0.014610
48 0.690426 0.842866 0.012462 0.016475
48 0.679483 0.838514 0.011246 0.012123
48 0.671884 0.834784 0.011854 0.016475
48 0.665957 0.830432 0.011550 0.013366
48 0.672948 0.855611 0.013982 0.014610
48 0.661246 0.848928 0.012462 0.012434
48 0.682523 0.859652 0.011854 0.013366
48 0.691793 0.863227 0.013374 0.014299
48 0.700456 0.867423 0.011246 0.011501
48 0.709878 0.871309 0.013070 0.013677
48 0.720669 0.876127 0.009726 0.013988
48 0.727660 0.879546 0.010334 0.012123
48 0.736474 0.883587 0.013374 0.015853
48 0.695593 0.879391 0.012462 0.013677
48 0.705471 0.880012 0.012766 0.009947
48 0.703495 0.886229 0.010030 0.007460
48 0.722492 0.891048 0.012158 0.012123
48 0.732675 0.895399 0.011246 0.012123
48 0.750304 0.902394 0.013070 0.013677
48 0.763982 0.895089 0.013070 0.013366
48 0.758359 0.905813 0.011550 0.014299
48 0.772948 0.899285 0.013374 0.012434
48 0.768389 0.910786 0.012158 0.012434
48 0.779179 0.915294 0.014286 0.014610
48 0.782219 0.903015 0.011246 0.012434
48 0.791033 0.906435 0.011854 0.013056
48 0.800608 0.911097 0.013374 0.013056
48 0.795289 0.921666 0.014286 0.014921
48 0.810486 0.915294 0.011854 0.013366
48 0.805319 0.926484 0.013678 0.013988
48 0.814590 0.931302 0.012766 0.014921
48 0.821277 0.919179 0.013982 0.014299
48 0.669149 0.868045 0.013678 0.011501
48 0.687842 0.871775 0.010942 0.009015
48 0.679939 0.868822 0.008511 0.007460
48 0.682827 0.876749 0.013070 0.008393
48 0.654103 0.863693 0.019453 0.013366
48 0.659726 0.857787 0.014286 0.009636
48 0.752584 0.857942 0.008511 0.007460
48 0.648024 0.829344 0.029787 0.032950
48 0.639514 0.846441 0.018237 0.014921
48 0.635562 0.855766 0.017629 0.014299
48 0.630699 0.863227 0.016413 0.013056
48 0.626596 0.871464 0.016717 0.013366
48 0.622188 0.879546 0.016413 0.013988
48 0.617629 0.887939 0.016413 0.013366
48 0.613526 0.897265 0.016109 0.013366
48 0.609423 0.904880 0.017629 0.013677
48 0.605775 0.912807 0.017021 0.014610
48 0.600456 0.921044 0.015502 0.013677
48 0.596505 0.929593 0.016109 0.013988
48 0.628723 0.986167 0.019757 0.018962
48 0.577508 0.957258 0.026140 0.025800
5 0.591033 0.961766 0.003343 0.004352
5 0.591033 0.968915 0.003343 0.004352
5 0.588754 0.948399 0.002432 0.003730
5 0.586018 0.947622 0.002432 0.002798
5 0.603647 0.961455 0.003040 0.004352
5 0.626444 0.974977 0.003647 0.004663
5 0.513222 0.990519 0.003951 0.004663
9 0.541489 0.995182 0.004559 0.006528
48 0.568997 0.975132 0.020669 0.022381
48 0.491793 0.980572 0.037082 0.038856
48 0.511550 0.951197 0.043161 0.044141
48 0.519757 0.928971 0.020061 0.015232
48 0.530091 0.909388 0.033435 0.036369
48 0.546505 0.880479 0.028571 0.033261
48 0.593921 0.799503 0.029787 0.027355
48 0.560942 0.853901 0.024620 0.022381
48 0.569909 0.836183 0.020669 0.019894
48 0.579179 0.817687 0.022796 0.025179
5 0.575228 0.870065 0.003343 0.004352
5 0.583131 0.855145 0.004559 0.004974
5 0.585258 0.851103 0.003343 0.003730
5 0.604863 0.829810 0.003647 0.004663
5 0.609271 0.828878 0.003951 0.005284
5 0.623404 0.825303 0.003647 0.004974
5 0.624012 0.817843 0.003647 0.004352
5 0.625836 0.830277 0.003040 0.004974
9 0.618845 0.852036 0.004863 0.006217
9 0.619301 0.841778 0.010030 0.016164
5 0.622036 0.845508 0.003343 0.004974
7 0.625228 0.839447 0.003647 0.005284
5 0.627508 0.833696 0.003343 0.004974
9 0.633435 0.815201 0.010942 0.015232
5 0.642401 0.805564 0.002736 0.004041
9 0.634043 0.804165 0.006687 0.009947
5 0.639058 0.803855 0.003343 0.004352
5 0.642705 0.797482 0.003343 0.004663
5 0.645289 0.801057 0.003040 0.004352
48 0.636474 0.793597 0.003040 0.003730
5 0.621733 0.795772 0.003343 0.004974
9 0.609119 0.793597 0.005471 0.003730
5 0.617477 0.786292 0.003343 0.004663
5 0.632979 0.782561 0.003343 0.004663
5 0.621581 0.779142 0.003647 0.004663
5 0.624316 0.773236 0.004255 0.005284
5 0.641641 0.783183 0.003040 0.004663
5 0.645137 0.782406 0.003951 0.005595
5 0.653799 0.776500 0.004255 0.004352
5 0.657751 0.776811 0.003647 0.004352
5 0.657599 0.772459 0.005167 0.003730
5 0.653647 0.768884 0.003343 0.004663
9 0.658967 0.764998 0.005471 0.008704
5 0.663678 0.762823 0.003343 0.004352
5 0.663374 0.757227 0.003951 0.004352
5 0.667781 0.756295 0.003040 0.004974
5 0.646353 0.755207 0.003951 0.004663
9 0.654407 0.758626 0.006687 0.009636
5 0.663070 0.742151 0.003951 0.005284
9 0.668389 0.746348 0.009119 0.015542
5 0.668997 0.736556 0.003647 0.004663
5 0.645897 0.747746 0.004255 0.005284
9 0.676748 0.729873 0.010030 0.016786
5 0.675684 0.722568 0.004255 0.005284
5 0.669301 0.728163 0.004255 0.005284
5 0.650456 0.722723 0.003647 0.004352
5 0.677204 0.712620 0.003647 0.004663
5 0.670973 0.697389 0.003343 0.004663
5 0.687234 0.698943 0.003647 0.004663
5 0.687842 0.689462 0.003040 0.004352
8 0.692553 0.687442 0.003343 0.005284
9 0.685106 0.712154 0.009119 0.016786
9 0.691945 0.699099 0.005775 0.008082
9 0.695441 0.691172 0.004863 0.007150
9 0.701064 0.679204 0.009422 0.016786
5 0.706991 0.676562 0.004255 0.006528
5 0.701976 0.667547 0.003951 0.005284
5 0.696809 0.670034 0.003343 0.004663
5 0.689362 0.668169 0.003647 0.004663
5 0.686626 0.659776 0.003647 0.004041
9 0.708359 0.662418 0.008815 0.014921
5 0.714286 0.652005 0.003647 0.004663
7 0.728875 0.642369 0.004863 0.003419
9 0.711398 0.646099 0.010030 0.017097
9 0.717173 0.642990 0.006991 0.010258
8 0.700912 0.632577 0.003647 0.005595
8 0.713374 0.633354 0.003647 0.005284
5 0.724316 0.634442 0.003040 0.004352
8 0.724316 0.626049 0.003647 0.004974
5 0.709574 0.615480 0.003343 0.004352
5 0.701672 0.614081 0.003951 0.005284
5 0.706231 0.608952 0.003343 0.004352
9 0.722796 0.617967 0.008511 0.014921
5 0.732219 0.615169 0.003647 0.004974
6 0.729635 0.612372 0.004559 0.008082
5 0.715805 0.597140 0.003647 0.004352
9 0.725532 0.602425 0.007295 0.010569
9 0.736322 0.597451 0.008207 0.016786
5 0.739362 0.599627 0.003951 0.005595
7 0.733283 0.593876 0.003951 0.005284
5 0.714894 0.588592 0.004255 0.005906
5 0.721581 0.582530 0.003647 0.004974
5 0.734195 0.582219 0.003951 0.005595
5 0.738906 0.580199 0.003040 0.004663
5 0.754103 0.569941 0.003647 0.004663
5 0.753799 0.565123 0.003040 0.004352
9 0.741033 0.565589 0.006079 0.010258
5 0.728419 0.565744 0.005167 0.006839
5 0.745745 0.553311 0.003343 0.004352
5 0.760942 0.547249 0.003343 0.004663
5 0.749392 0.543519 0.003951 0.004663
9 0.749544 0.554088 0.005471 0.008393
9 0.752280 0.555953 0.008511 0.015853
5 0.753191 0.542275 0.004255 0.005284
5 0.760030 0.539789 0.003951 0.005284
5 0.767173 0.532484 0.003040 0.004352
5 0.784347 0.537924 0.002736 0.004041
5 0.786322 0.533882 0.003040 0.004041
48 0.776444 0.533416 0.017325 0.016164
48 0.780547 0.525956 0.013982 0.009947
48 0.786170 0.517097 0.014286 0.015232
5 0.811094 0.523469 0.004559 0.003108
48 0.596808 0.987100 0.023404 0.020205
48 0.586930 0.993317 0.027356 0.013366
48 0.557447 0.990053 0.016413 0.016786
9 0.547416 0.983059 0.010942 0.015853
9 0.556231 0.965962 0.010334 0.016475
9 0.558511 0.953062 0.010030 0.015542
9 0.565198 0.948865 0.008815 0.015853
5 0.565654 0.932080 0.003647 0.004663
13 0.674772 0.966428 0.007903 0.013056
13 0.684346 0.968138 0.005167 0.006528
13 0.657751 0.957569 0.007903 0.012123
13 0.661854 0.956947 0.004559 0.005906
13 0.637386 0.948088 0.007903 0.012434
13 0.642097 0.946068 0.004559 0.006528
13 0.645441 0.951352 0.007599 0.012745
48 0.615654 0.939385 0.010638 0.011191
48 0.625988 0.944669 0.011854 0.009325
48 0.626596 0.936742 0.019757 0.012745
48 0.672188 0.588436 0.054407 0.049114
5 0.666413 0.548026 0.004559 0.003730
48 0.677204 0.535903 0.057751 0.042897
9 0.740122 0.535592 0.007295 0.009947
9 0.736778 0.544451 0.006079 0.007771
5 0.726748 0.536836 0.004255 0.004352
5 0.746960 0.528132 0.003343 0.004974
5 0.731003 0.520827 0.004863 0.002798
5 0.720821 0.509015 0.003951 0.002176
5 0.757447 0.523780 0.003647 0.005595
9 0.763070 0.518496 0.005775 0.006839
9 0.761246 0.524868 0.004559 0.005284
9 0.771581 0.507616 0.009422 0.016786
5 0.777812 0.504507 0.003040 0.004352
9 0.765046 0.503109 0.008511 0.016475
9 0.773252 0.493628 0.008511 0.016786
5 0.772796 0.485701 0.003343 0.004663
9 0.780699 0.484458 0.005167 0.008393
5 0.756383 0.483525 0.003343 0.005284
5 0.763526 0.485856 0.003647 0.004974
5 0.750760 0.488809 0.003647 0.005284
5 0.746960 0.499223 0.003343 0.004974
48 0.825836 0.514921 0.015805 0.016475
48 0.837690 0.520050 0.015805 0.016786
48 0.850000 0.523935 0.014894 0.015232
48 0.862006 0.527666 0.015198 0.015853
48 0.874924 0.531551 0.015502 0.016164
48 0.886170 0.536058 0.013070 0.014610
48 0.899392 0.540721 0.015805 0.016475
48 0.910182 0.544451 0.011854 0.013366
48 0.918693 0.548648 0.012462 0.014299
48 0.929483 0.550513 0.011550 0.014921
48 0.938146 0.553932 0.010638 0.014299
48 0.946353 0.556885 0.010638 0.013366
48 0.954559 0.559528 0.011246 0.014921
48 0.963678 0.562481 0.010638 0.014610
48 0.972036 0.565278 0.010334 0.013988
48 0.980395 0.568076 0.011246 0.013366
48 0.988906 0.571184 0.011246 0.014610
48 0.982219 0.534970 0.011246 0.013056
48 0.973860 0.531862 0.011550 0.014921
5 0.989058 0.552844 0.005471 0.003419
5 0.977052 0.552533 0.004559 0.003419
5 0.971884 0.550824 0.004559 0.003108
7 0.973556 0.547871 0.005471 0.003419
5 0.968085 0.546006 0.004255 0.002798
5 0.966717 0.548803 0.004559 0.002798
5 0.963070 0.543830 0.004559 0.002798
5 0.951976 0.540410 0.004863 0.002798
6 0.950912 0.543830 0.006383 0.003419
5 0.937538 0.539011 0.005775 0.003730
5 0.938906 0.535748 0.004255 0.002798
5 0.931611 0.533572 0.004255 0.003419
5 0.926292 0.531707 0.004559 0.002798
5 0.918237 0.532795 0.004863 0.003108
5 0.924620 0.535126 0.005471 0.003419
5 0.914438 0.527976 0.004559 0.003419
5 0.913222 0.531396 0.005167 0.003419
5 0.898024 0.522537 0.004559 0.003108
5 0.896505 0.525645 0.004559 0.003108
5 0.907903 0.529375 0.004863 0.003108
5 0.902280 0.527355 0.004559 0.002798
5 0.863070 0.510724 0.005167 0.003108
5 0.835106 0.504974 0.004559 0.002798
48 0.964894 0.529064 0.011246 0.013056
48 0.956535 0.526733 0.012158 0.013366
48 0.948176 0.523469 0.010638 0.013677
48 0.939818 0.520516 0.012158 0.014610
48 0.927812 0.516786 0.011854 0.013988
48 0.918845 0.513833 0.011550 0.013677
48 0.907599 0.510103 0.015198 0.016786
48 0.896353 0.506528 0.014590 0.014610
48 0.882827 0.501710 0.015502 0.016786
48 0.871581 0.497669 0.014286 0.014921
48 0.859726 0.494560 0.014894 0.016164
48 0.846808 0.489742 0.013982 0.015853
48 0.835410 0.486167 0.014286 0.016164
48 0.816869 0.483991 0.025228 0.016786
5 0.824316 0.458502 0.003040 0.004352
5 0.835258 0.462232 0.003647 0.002487
9 0.853799 0.475909 0.007903 0.004974
5 0.840426 0.436898 0.003647 0.005284
48 0.866109 0.452129 0.061702 0.060615
48 0.903040 0.469381 0.045593 0.064035
48 0.941033 0.481038 0.066261 0.065589
5 0.778419 0.469692 0.004255 0.005595
7 0.792401 0.467983 0.003647 0.005906
9 0.783435 0.468138 0.007599 0.014921
9 0.788906 0.464097 0.008815 0.016164
5 0.790881 0.449487 0.004255 0.005595
5 0.794833 0.447777 0.004255 0.005284
9 0.796808 0.452129 0.007599 0.015853
5 0.802280 0.432857 0.003951 0.004663
5 0.801976 0.438141 0.003343 0.004663
5 0.808359 0.427728 0.003343 0.004352
5 0.813982 0.415294 0.004255 0.005595
5 0.814438 0.406124 0.003951 0.004663
5 0.810790 0.404414 0.003343 0.004974
5 0.808815 0.397731 0.003647 0.005284
9 0.808207 0.419179 0.009119 0.015232
9 0.798024 0.431924 0.009422 0.015853
5 0.797720 0.423687 0.003951 0.004352
8 0.806383 0.412496 0.003647 0.005595
6 0.818693 0.402238 0.003951 0.006217
5 0.822492 0.392602 0.004255 0.005595
5 0.815046 0.393845 0.003951 0.004974
9 0.819757 0.390270 0.005471 0.009015
5 0.827508 0.383898 0.003951 0.005595
5 0.818693 0.376593 0.003951 0.005284
7 0.829939 0.376593 0.003951 0.005284
5 0.823100 0.373485 0.003647 0.004663
5 0.823860 0.362605 0.003951 0.005284
9 0.828875 0.368822 0.008511 0.016475
9 0.828116 0.360740 0.008207 0.015853
4 0.833435 0.358875 0.004255 0.004663
5 0.811246 0.364315 0.003647 0.004974
9 0.807751 0.361051 0.009422 0.017718
5 0.796353 0.387939 0.004255 0.005595
5 0.981763 0.415138 0.003040 0.004041
48 0.905167 0.384675 0.026140 0.041343
48 0.913374 0.400218 0.012766 0.016475
48 0.970669 0.397886 0.028267 0.024868
48 0.964894 0.414672 0.028267 0.023003
48 0.986322 0.403792 0.013374 0.020516
48 0.981459 0.419179 0.010334 0.012123
48 0.988298 0.425085 0.010030 0.010880
48 0.868541 0.365247 0.052584 0.036058
48 0.861246 0.387784 0.054407 0.036369
48 0.898784 0.357631 0.017021 0.012123
48 0.887842 0.345353 0.015805 0.022381
48 0.870365 0.339758 0.029483 0.023003
48 0.855319 0.332919 0.008511 0.011191
5 0.864286 0.325303 0.002736 0.004663
5 0.920821 0.366646 0.002736 0.004041
9 0.898480 0.344887 0.005471 0.009015
5 0.932979 0.342866 0.004559 0.003108
5 0.938146 0.337271 0.005167 0.003730
5 0.822644 0.333541 0.003343 0.004352
5 0.832675 0.316444 0.003343 0.004974
5 0.832827 0.306808 0.003647 0.004974
8 0.839818 0.322039 0.003647 0.005595
7 0.845289 0.307585 0.003647 0.004663
7 0.842097 0.335406 0.003343 0.004974
9 0.837842 0.347373 0.008207 0.016475
9 0.847872 0.331365 0.007599 0.016786
9 0.846201 0.324371 0.006687 0.013988
9 0.842553 0.324060 0.006687 0.015853
5 0.825988 0.303544 0.004559 0.005284
5 0.828267 0.297638 0.003647 0.005284
5 0.839666 0.290488 0.003343 0.005284
5 0.841641 0.294374 0.003040 0.004974
5 0.850304 0.292664 0.003343 0.005284
9 0.854407 0.312714 0.006079 0.010569
9 0.853495 0.303699 0.008511 0.017408
9 0.852280 0.297482 0.007295 0.016164
5 0.859574 0.281940 0.003040 0.004974
9 0.862766 0.285204 0.006383 0.017097
5 0.869453 0.274946 0.003343 0.005906
5 0.859271 0.271060 0.003647 0.005595
9 0.862766 0.271060 0.003951 0.005595
5 0.868389 0.267019 0.003040 0.004974
5 0.871429 0.267641 0.003647 0.004974
5 0.865957 0.263289 0.003647 0.005595
5 0.863982 0.258315 0.003343 0.004974
5 0.874924 0.255828 0.003951 0.004974
5 0.869149 0.255673 0.003343 0.005284
5 0.868845 0.246192 0.003343 0.004974
5 0.753951 0.235468 0.003951 0.003419
7 0.757903 0.236090 0.003343 0.004663
5 0.761550 0.237644 0.003343 0.004663
5 0.770517 0.240597 0.003647 0.004974
5 0.773252 0.241685 0.003040 0.004663
5 0.767325 0.239353 0.002736 0.003730
5 0.776140 0.243084 0.003343 0.005595
5 0.779179 0.244327 0.002736 0.004352
5 0.781915 0.245260 0.002736 0.004352
5 0.784954 0.247125 0.003343 0.004974
5 0.787690 0.247746 0.003343 0.004974
5 0.790426 0.248990 0.003343 0.004352
5 0.793313 0.250078 0.003040 0.004663
7 0.796657 0.251787 0.003040 0.004974
5 0.800000 0.252720 0.003040 0.004974
5 0.803647 0.254430 0.003647 0.004663
5 0.806535 0.256606 0.003343 0.004663
5 0.809422 0.256761 0.003040 0.004974
5 0.774620 0.250233 0.005167 0.003108
5 0.780395 0.252875 0.003343 0.002798
5 0.784498 0.254740 0.004255 0.002798
5 0.783891 0.221013 0.004255 0.003108
5 0.778571 0.219304 0.004559 0.003419
5 0.799696 0.218060 0.004863 0.003419
5 0.759119 0.217594 0.005167 0.003108
5 0.763526 0.224433 0.003647 0.005595
5 0.769757 0.215107 0.005775 0.004352
48 0.782371 0.336183 0.041337 0.027044
5 0.782827 0.305720 0.003343 0.004663
5 0.784954 0.301057 0.003343 0.004041
5 0.822644 0.275412 0.003343 0.004352
9 0.814742 0.263289 0.006383 0.003730
5 0.809878 0.294218 0.003343 0.004663
5 0.812158 0.289555 0.003040 0.004663
5 0.807903 0.298881 0.003647 0.004041
5 0.806383 0.303388 0.003040 0.004352
5 0.804407 0.309294 0.003343 0.004352
5 0.791033 0.326391 0.005167 0.003730
5 0.786170 0.323749 0.005167 0.003419
8 0.781155 0.322039 0.004863 0.003730
8 0.773100 0.313957 0.003343 0.004352
5 0.775532 0.308362 0.003343 0.003730
5 0.782827 0.318931 0.003343 0.003730
5 0.786018 0.321107 0.004863 0.003108
5 0.780547 0.311470 0.004255 0.004974
5 0.779331 0.298726 0.002432 0.003730
8 0.795745 0.318620 0.004863 0.003730
8 0.796960 0.316444 0.005471 0.003730
5 0.801976 0.314890 0.003343 0.004974
5 0.798024 0.314579 0.004559 0.003108
5 0.798480 0.312247 0.004863 0.002798
5 0.800456 0.310538 0.004559 0.003108
5 0.800912 0.308206 0.004255 0.002798
8 0.817629 0.274790 0.003040 0.004974
5 0.812462 0.271060 0.003647 0.004974
5 0.810182 0.270438 0.002736 0.004352
7 0.820213 0.275256 0.002736 0.005284
7 0.808207 0.269039 0.003040 0.004663
5 0.805927 0.268418 0.003343 0.004663
7 0.803647 0.267796 0.003040 0.004663
5 0.793921 0.262823 0.003040 0.004041
5 0.787386 0.278831 0.003343 0.004352
5 0.816261 0.279453 0.003343 0.004352
5 0.812766 0.276966 0.004863 0.003108
8 0.811702 0.279142 0.005167 0.003108
5 0.811398 0.281007 0.005167 0.003108
5 0.810638 0.283028 0.004255 0.002798
5 0.809574 0.285204 0.004559 0.002798
5 0.809271 0.287690 0.003951 0.002798
5 0.814134 0.284582 0.003343 0.005284
5 0.803951 0.326080 0.003647 0.003108
5 0.804711 0.323904 0.003343 0.002487
5 0.805471 0.321728 0.003647 0.002487
5 0.806383 0.319863 0.003647 0.003108
5 0.811550 0.307740 0.004255 0.003108
5 0.811854 0.305253 0.003040 0.002487
5 0.810486 0.310071 0.003951 0.002798
5 0.809271 0.312092 0.003343 0.002487
5 0.808815 0.313802 0.003647 0.002176
5 0.806839 0.317532 0.003343 0.002798
5 0.842249 0.260957 0.003647 0.004663
5 0.844681 0.254119 0.003040 0.004041
9 0.851064 0.250855 0.004863 0.011812
5 0.760486 0.343488 0.004863 0.003730
48 0.821125 0.247125 0.032523 0.027355
48 0.846657 0.197700 0.025228 0.029841
48 0.845897 0.183090 0.019453 0.014921
48 0.829787 0.176251 0.026140 0.018029
48 0.795289 0.177805 0.050760 0.052844
48 0.766717 0.156823 0.023404 0.024557
48 0.751368 0.158377 0.017629 0.028909
48 0.734347 0.152782 0.029179 0.027666
48 0.679179 0.124339 0.048328 0.036058
48 0.702584 0.151228 0.042857 0.053777
48 0.723860 0.178583 0.019757 0.014610
9 0.874164 0.241685 0.004863 0.008393
5 0.881155 0.244327 0.003040 0.003730
5 0.883739 0.237333 0.003343 0.004663
9 0.879939 0.237955 0.007903 0.015853
9 0.874164 0.232670 0.005471 0.007771
5 0.879027 0.219925 0.003647 0.005284
5 0.868845 0.222568 0.003343 0.004974
5 0.892249 0.217128 0.003343 0.005284
5 0.885258 0.215418 0.003343 0.004974
9 0.880547 0.225210 0.005471 0.009015
9 0.885410 0.224277 0.005471 0.010258
5 0.856991 0.224433 0.005167 0.004352
9 0.835562 0.215884 0.009119 0.005284
5 0.854559 0.211377 0.002736 0.004352
6 0.835562 0.221635 0.006079 0.003730
5 0.821277 0.194747 0.004863 0.003419
5 0.814590 0.202518 0.004863 0.003419
5 0.837690 0.194436 0.004255 0.002798
8 0.859271 0.191794 0.003647 0.005595
5 0.856231 0.205937 0.004255 0.005284
5 0.869149 0.192104 0.003343 0.004974
5 0.891337 0.189618 0.003951 0.004974
5 0.897112 0.193659 0.003343 0.004974
5 0.889058 0.195524 0.003647 0.004974
5 0.885562 0.204072 0.003343 0.004663
5 0.900456 0.186509 0.003343 0.004974
5 0.895289 0.180603 0.003343 0.005595
5 0.902888 0.179981 0.003343 0.005595
5 0.899240 0.178738 0.003951 0.006217
5 0.886930 0.176407 0.003647 0.004663
5 0.874468 0.177339 0.003040 0.004041
5 0.905319 0.173143 0.003343 0.004352
5 0.894529 0.159621 0.003040 0.004041
5 0.890577 0.152316 0.003647 0.004974
5 0.895137 0.150451 0.003647 0.004974
5 0.906839 0.150917 0.003951 0.005906
5 0.903495 0.137240 0.003951 0.004663
5 0.921581 0.133043 0.003040 0.004352
5 0.925532 0.132732 0.003647 0.004974
5 0.924164 0.126515 0.003343 0.004352
5 0.917021 0.125272 0.004255 0.005595
8 0.898328 0.133199 0.004559 0.005284
6 0.913526 0.143457 0.003951 0.006528
5 0.913678 0.135530 0.003040 0.004974
5 0.911398 0.169412 0.002736 0.004352
9 0.902736 0.161797 0.003647 0.005906
9 0.898936 0.170345 0.005775 0.008704
6 0.910638 0.150917 0.004255 0.005284
9 0.891793 0.206093 0.007295 0.016164
9 0.889970 0.201741 0.007903 0.016164
5 0.908815 0.113771 0.004863 0.006217
5 0.922036 0.112838 0.003343 0.004974
5 0.913678 0.103357 0.003647 0.004663
5 0.933283 0.108175 0.003343 0.004352
5 0.911702 0.099627 0.004559 0.005906
5 0.937538 0.094343 0.003343 0.004663
5 0.932979 0.086882 0.003343 0.005906
5 0.925380 0.083463 0.003951 0.005284
5 0.924316 0.076935 0.003647 0.005284
5 0.939362 0.073360 0.003951 0.004974
9 0.938906 0.082375 0.007903 0.016164
5 0.950456 0.076624 0.003647 0.005284
5 0.904103 0.088126 0.003343 0.004663
5 0.899696 0.092633 0.003040 0.004974
7 0.902128 0.093721 0.003647 0.004663
5 0.897568 0.098694 0.003040 0.004663
9 0.891793 0.097762 0.005471 0.017718
9 0.891489 0.120765 0.015805 0.013366
9 0.941641 0.094187 0.005471 0.009947
9 0.929483 0.098384 0.007903 0.012123
7 0.896353 0.070718 0.003040 0.004663
5 0.894073 0.069941 0.003343 0.005595
5 0.956231 0.029375 0.003647 0.005284
9 0.926900 0.059061 0.008815 0.015542
5 0.935714 0.060460 0.003343 0.005284
5 0.944073 0.061393 0.003647 0.005906
9 0.949696 0.054709 0.007599 0.018029
5 0.966717 0.069630 0.005167 0.004352
5 0.952888 0.038856 0.003647 0.004974
5 0.956079 0.039322 0.003951 0.005284
5 0.966413 0.034970 0.003951 0.005284
5 0.948784 0.026267 0.003951 0.005906
5 0.967933 0.010413 0.003343 0.004041
5 0.943313 0.011657 0.003343 0.005284
9 0.961702 0.015076 0.006079 0.008393
9 0.962006 0.024091 0.006079 0.009015
9 0.966717 0.023003 0.008207 0.014921
8 0.973100 0.006217 0.004559 0.006217
9 0.909878 0.142990 0.003343 0.005595
6 0.812766 0.206870 0.007295 0.004663
5 0.832067 0.186354 0.003951 0.005284
5 0.828875 0.185421 0.003647 0.004041
5 0.838146 0.191638 0.003951 0.002798
5 0.836778 0.196612 0.003647 0.002798
5 0.835866 0.199254 0.003040 0.002487
5 0.834195 0.201119 0.003951 0.002487
5 0.834043 0.203295 0.003647 0.002487
5 0.920973 0.232670 0.003040 0.005906
5 0.917021 0.232670 0.003040 0.005284
5 0.914590 0.232359 0.003040 0.004663
48 0.906079 0.244949 0.037082 0.030463
5 0.531763 0.083152 0.003343 0.004663
5 0.540426 0.082530 0.003040 0.004663
5 0.533587 0.078800 0.003343 0.004663
5 0.535714 0.073982 0.003343 0.004352
5 0.536170 0.079733 0.003040 0.004041
5 0.538906 0.079888 0.002432 0.003730
5 0.542553 0.077246 0.003040 0.004041
5 0.540578 0.076002 0.002736 0.004663
5 0.538450 0.074759 0.002736 0.004663
5 0.537690 0.068853 0.003040 0.004663
6 0.540426 0.069319 0.003040 0.004974
5 0.546808 0.073049 0.003040 0.004352
5 0.544985 0.071340 0.003040 0.004041
5 0.542553 0.070252 0.003040 0.004974
5 0.551976 0.082375 0.004863 0.003730
5 0.525988 0.090146 0.005167 0.003108
5 0.521125 0.099472 0.004559 0.003108
5 0.522188 0.096985 0.004255 0.003108
5 0.523252 0.095275 0.003951 0.002798
5 0.537538 0.097296 0.003951 0.003108
5 0.536626 0.098850 0.003343 0.002487
5 0.544985 0.099472 0.004255 0.003108
5 0.549544 0.102269 0.004255 0.003108
5 0.535410 0.105222 0.002736 0.004041
7 0.523860 0.125738 0.005167 0.004041
7 0.525684 0.122941 0.005775 0.003419
48 0.504255 0.114703 0.015198 0.011812
48 0.731155 0.358875 0.039210 0.027044
48 0.713222 0.347995 0.010638 0.010258
48 0.702888 0.348928 0.014894 0.017097
48 0.694377 0.343332 0.014894 0.022070
48 0.683435 0.347218 0.010638 0.013056
48 0.687994 0.335717 0.008815 0.011812
48 0.681003 0.332919 0.009422 0.011812
48 0.668389 0.333696 0.013374 0.020827
48 0.657599 0.320796 0.016717 0.013677
48 0.641337 0.318931 0.016413 0.022381
48 0.597112 0.302145 0.013070 0.009947
5 0.594377 0.307274 0.003951 0.003419
48 0.574620 0.285514 0.014894 0.016475
48 0.690729 0.383587 0.018541 0.016164
48 0.775988 0.383276 0.022492 0.025490
48 0.758663 0.376438 0.017629 0.024246
48 0.742249 0.426018 0.041945 0.031396
48 0.697720 0.422754 0.026444 0.031707
48 0.724316 0.383587 0.032827 0.021138
48 0.743769 0.391980 0.009119 0.006839
48 0.754103 0.395866 0.014590 0.011501
48 0.688146 0.365092 0.041945 0.025179
48 0.718845 0.473733 0.023708 0.018651
48 0.736626 0.478396 0.017933 0.014921
48 0.631003 0.513056 0.052888 0.038234
5 0.648176 0.493161 0.005167 0.004041
48 0.599696 0.500622 0.020061 0.027666
5 0.985106 0.460833 0.003040 0.004041
7 0.972796 0.456170 0.003343 0.005284
5 0.965046 0.453839 0.003647 0.004974
5 0.961094 0.452906 0.003040 0.004974
5 0.959119 0.451508 0.003343 0.004663
5 0.956383 0.450575 0.003343 0.005906
5 0.954103 0.450264 0.003040 0.004041
5 0.951824 0.449953 0.002736 0.004041
5 0.950000 0.448555 0.003343 0.004974
5 0.947720 0.447311 0.002432 0.004352
5 0.945441 0.447000 0.002736 0.003730
5 0.942705 0.445601 0.003343 0.004041
7 0.940578 0.444358 0.003343 0.005284
5 0.938146 0.444203 0.002736 0.004352
5 0.935410 0.443581 0.002736 0.004352
5 0.933435 0.442027 0.003040 0.004352
5 0.930091 0.441716 0.003040 0.004352
7 0.927356 0.440628 0.003040 0.005284
5 0.923708 0.439695 0.003040 0.004041
5 0.918085 0.436898 0.003343 0.004663
7 0.914590 0.436121 0.003647 0.005595
5 0.911854 0.435188 0.003040 0.004352
5 0.906991 0.433323 0.003040 0.004974
5 0.904863 0.434256 0.003040 0.004352
5 0.918541 0.428971 0.005471 0.003108
5 0.910486 0.425552 0.005167 0.003108
5 0.955471 0.441094 0.005775 0.003108
48 0.844073 0.568387 0.038906 0.050047
48 0.907447 0.591856 0.124924 0.084551
48 0.893769 0.632732 0.105471 0.074915
5 0.779331 0.441250 0.003647 0.004041
5 0.789666 0.422599 0.003647 0.004663
5 0.763374 0.407056 0.003343 0.004663
5 0.756687 0.404259 0.003951 0.005284
5 0.751216 0.401927 0.003343 0.004974
5 0.748936 0.400839 0.003647 0.005284
5 0.741033 0.397575 0.004255 0.004974
9 0.726748 0.394778 0.004863 0.008082
5 0.719605 0.389649 0.002736 0.003419
5 0.709878 0.407833 0.004559 0.003108
5 0.731003 0.433945 0.003040 0.003730
5 0.726596 0.432080 0.002736 0.003730
5 0.724164 0.431302 0.003343 0.004663
5 0.721429 0.430836 0.003343 0.004974
6 0.722340 0.421200 0.003951 0.007460
5 0.701976 0.440006 0.003343 0.004663
5 0.711094 0.446068 0.002736 0.003730
5 0.714742 0.446689 0.003343 0.004974
5 0.708967 0.444669 0.003343 0.004663
5 0.706687 0.443736 0.003040 0.004663
5 0.704711 0.441250 0.003343 0.005284
48 0.726748 0.496892 0.020061 0.024557
48 0.708815 0.491296 0.024924 0.023314
48 0.697112 0.467361 0.022796 0.018340
48 0.324012 0.406901 0.020669 0.014299
48 0.347568 0.413118 0.026444 0.017408
48 0.304863 0.425863 0.031003 0.018651
48 0.335562 0.435343 0.033435 0.018340
48 0.332219 0.448399 0.032827 0.019583
48 0.300456 0.438607 0.031307 0.019273
5 0.340426 0.427417 0.004255 0.003730
5 0.330699 0.419801 0.005471 0.003419
5 0.329939 0.422443 0.004559 0.002487
48 0.324012 0.471868 0.031003 0.019273
48 0.292553 0.461921 0.031915 0.021138
48 0.254559 0.453062 0.030699 0.019583
48 0.219453 0.441405 0.038298 0.021759
48 0.174620 0.748834 0.015502 0.014921
48 0.169301 0.759559 0.015805 0.012123
48 0.164742 0.769039 0.017629 0.014921
48 0.191641 0.772148 0.011246 0.013677
48 0.180243 0.787069 0.020061 0.016786
48 0.204559 0.787069 0.018845 0.018651
48 0.222492 0.788468 0.020061 0.014610
5 0.228115 0.781318 0.003343 0.004663
5 0.231155 0.782251 0.002736 0.004663
5 0.235562 0.783338 0.002432 0.004352
5 0.237842 0.783649 0.002736 0.004974
9 0.248936 0.785670 0.003647 0.004663
5 0.250608 0.764221 0.003343 0.005284
5 0.248024 0.763444 0.003647 0.005595
5 0.245137 0.762512 0.003343 0.005595
5 0.242857 0.760025 0.003040 0.005595
5 0.239970 0.759559 0.003951 0.005906
48 0.207143 0.770749 0.009422 0.013988
5 0.237082 0.817843 0.005471 0.003730
48 0.294985 0.828412 0.047720 0.032950
48 0.352128 0.859807 0.036778 0.052844
48 0.361702 0.824215 0.015198 0.010258
5 0.363070 0.775878 0.003343 0.004974
5 0.353951 0.774946 0.003343 0.005595
48 0.396657 0.784427 0.018845 0.012745
48 0.401976 0.767951 0.027660 0.022070
5 0.367173 0.757694 0.004255 0.004663
48 0.385714 0.796550 0.024316 0.017718
48 0.383435 0.808828 0.027052 0.022381
48 0.335714 0.745570 0.038602 0.036369
5 0.345897 0.725365 0.004255 0.002798
48 0.329331 0.700497 0.028875 0.031396
48 0.406231 0.722568 0.028875 0.023314
48 0.446657 0.744949 0.017325 0.013988
48 0.469453 0.757072 0.021581 0.017097
48 0.467021 0.767796 0.018541 0.015542
7 0.335410 0.856699 0.004559 0.003730
48 0.317477 0.788468 0.051976 0.047560
48 0.497416 0.707491 0.023404 0.018029
7 0.455623 0.749922 0.004255 0.005284
48 0.468237 0.729562 0.050760 0.047249
5 0.483891 0.714019 0.003647 0.005595
7 0.481307 0.712931 0.003343 0.004663
7 0.476444 0.710600 0.003951 0.004974
48 0.465502 0.954150 0.043465 0.034504
48 0.432523 0.913740 0.040729 0.046938
48 0.365957 0.934722 0.009726 0.011812
48 0.356383 0.950420 0.020973 0.027666
48 0.383739 0.952129 0.022188 0.017408
48 0.400152 0.960211 0.016109 0.016786
48 0.370213 0.978085 0.025532 0.022070
5 0.378571 0.972179 0.003343 0.004663
48 0.411398 0.983525 0.031915 0.032950
48 0.439362 0.992229 0.034347 0.015542
48 0.426444 0.990985 0.027356 0.018029
48 0.034347 0.107864 0.021884 0.027976
48 0.049848 0.111595 0.017629 0.020516
48 0.067781 0.116413 0.019453 0.017097
48 0.083891 0.121697 0.015805 0.013366
48 0.093921 0.099782 0.017629 0.017408
48 0.068389 0.059838 0.018237 0.017097
48 0.057903 0.066832 0.041641 0.034193
48 0.060942 0.088903 0.055015 0.027976
48 0.422948 0.100249 0.028267 0.027044
48 0.426596 0.143612 0.065957 0.039167
48 0.434954 0.124650 0.063222 0.034193
48 0.463070 0.104134 0.037994 0.022381
48 0.504255 0.192260 0.026140 0.028909
48 0.593009 0.154958 0.026748 0.022070
48 0.683435 0.196301 0.016717 0.013988
48 0.675836 0.183090 0.010638 0.012434
48 0.536170 0.186820 0.045593 0.066522
48 0.558967 0.196456 0.043769 0.066522
48 0.584195 0.207491 0.049240 0.069941
48 0.753951 0.278987 0.044681 0.070563
48 0.730699 0.268418 0.045593 0.068698
48 0.710030 0.256295 0.043769 0.069319
48 0.684802 0.246969 0.048632 0.067454
48 0.660030 0.234380 0.048328 0.068387
48 0.634802 0.224588 0.042857 0.068698
48 0.610942 0.214796 0.047416 0.068387
48 0.555927 0.280385 0.014590 0.018651
48 0.548328 0.280230 0.013374 0.016475
48 0.553951 0.269195 0.010638 0.011191
48 0.547264 0.266086 0.010030 0.009325
48 0.541337 0.263444 0.008511 0.009636
48 0.534650 0.260336 0.009119 0.010880
48 0.521733 0.256761 0.016109 0.015542
48 0.508815 0.255051 0.014590 0.020827
48 0.494225 0.242928 0.015198 0.014610
48 0.482979 0.247125 0.015805 0.027976
5 0.485258 0.259092 0.003951 0.004663
48 0.498632 0.257383 0.010638 0.009325
48 0.468541 0.351725 0.020365 0.023314
48 0.489210 0.329500 0.019149 0.013677
48 0.365198 0.316910 0.021581 0.025800
48 0.378116 0.319552 0.012158 0.009947
48 0.391945 0.308673 0.017933 0.014921
48 0.391641 0.317843 0.013678 0.013988
48 0.423556 0.316444 0.022188 0.024246
48 0.437386 0.318775 0.015805 0.017097
48 0.420821 0.331209 0.017325 0.011501
48 0.473252 0.380323 0.013374 0.010880
48 0.458663 0.375816 0.013982 0.012434
48 0.448480 0.274324 0.016109 0.013988
50 0.138450 0.299658 0.037386 0.027355
50 0.172340 0.310538 0.034043 0.027355
50 0.199088 0.319552 0.030395 0.027355
50 0.134650 0.270905 0.014590 0.017097
50 0.146809 0.274479 0.012766 0.013056
50 0.158815 0.279297 0.014286 0.015853
50 0.171884 0.284426 0.013678 0.014921
50 0.182675 0.287380 0.011550 0.012745
50 0.193769 0.290799 0.013678 0.013988
50 0.207751 0.294995 0.014286 0.013056
50 0.218693 0.298726 0.014286 0.012434
48 0.148328 0.261424 0.013374 0.012434
7 0.496808 0.349083 0.002736 0.004974
48 0.696201 0.485079 0.015502 0.017097
48 0.686626 0.480417 0.013982 0.017718
48 0.677204 0.475909 0.013982 0.018029
48 0.668237 0.472024 0.014286 0.017097
48 0.659423 0.467672 0.014286 0.017718
48 0.647720 0.463164 0.018237 0.021759
48 0.635866 0.457258 0.013982 0.018029
48 0.626596 0.452906 0.014286 0.017408
48 0.617781 0.448865 0.014894 0.016164
48 0.608815 0.444669 0.014590 0.017718
48 0.599544 0.440006 0.014894 0.017097
48 0.588906 0.434566 0.019757 0.021138
48 0.604255 0.641747 0.077204 0.058129
48 0.297112 0.603513 0.018541 0.018340
48 0.302584 0.593255 0.019149 0.011501
48 0.308967 0.612061 0.013678 0.023624
5 0.040122 0.666459 0.003040 0.003730
5 0.103343 0.683712 0.005471 0.003419
5 0.116565 0.664594 0.003343 0.004352
5 0.108967 0.659154 0.003343 0.005906
5 0.111550 0.652005 0.003647 0.005284
7 0.094529 0.605844 0.003040 0.004974
5 0.049696 0.595431 0.005167 0.004041
5 0.123100 0.580043 0.004863 0.003108
5 0.106687 0.570873 0.003040 0.005284
5 0.105775 0.543363 0.004255 0.003108
5 0.150000 0.545539 0.002736 0.004974
5 0.154559 0.532639 0.002736 0.004041
5 0.112006 0.507927 0.005167 0.003108
5 0.104559 0.500777 0.004863 0.003108
5 0.048480 0.504352 0.003343 0.005906
5 0.052888 0.475909 0.003647 0.005595
5 0.054559 0.468760 0.002736 0.004352
5 0.125684 0.469226 0.005775 0.003419
5 0.159271 0.447156 0.005471 0.003419
5 0.167021 0.447311 0.004559 0.003108
5 0.174468 0.452285 0.003647 0.003108
5 0.168085 0.445135 0.005471 0.003108
5 0.162158 0.442804 0.005167 0.002798
5 0.187994 0.440939 0.003343 0.005284
5 0.192857 0.427883 0.003343 0.005284
5 0.221125 0.426951 0.004559 0.003419
5 0.225836 0.435654 0.003040 0.003419
5 0.241337 0.440939 0.003040 0.004041
5 0.161094 0.409543 0.004255 0.003419
5 0.158967 0.413429 0.003040 0.004352
5 0.170517 0.408766 0.004863 0.003108
5 0.139818 0.398974 0.005471 0.004041
5 0.026444 0.408766 0.006079 0.003730
5 0.072948 0.393379 0.005471 0.003419
5 0.054407 0.386540 0.004863 0.002798
5 0.126748 0.370842 0.004863 0.003108
5 0.067325 0.356388 0.005167 0.003419
5 0.019453 0.358098 0.004255 0.003108
5 0.192553 0.377370 0.004559 0.003108
5 0.186626 0.375505 0.004255 0.003108
7 0.163526 0.368200 0.004863 0.002798
5 0.189210 0.357476 0.004559 0.003108
5 0.156839 0.348617 0.004863 0.002798
5 0.111702 0.318775 0.003343 0.005906
5 0.104863 0.310693 0.003040 0.004041
5 0.113526 0.313180 0.003343 0.004041
5 0.116717 0.304942 0.003647 0.004352
5 0.107143 0.304321 0.003343 0.004974
5 0.120973 0.292975 0.003647 0.004663
5 0.105775 0.284271 0.004863 0.002798
5 0.099848 0.281940 0.004559 0.003108
5 0.087842 0.278365 0.004255 0.003419
5 0.112766 0.276655 0.005471 0.003730
5 0.106231 0.274479 0.005167 0.003730
5 0.112310 0.271526 0.005167 0.003419
5 0.102128 0.268107 0.004863 0.003419
5 0.126444 0.256606 0.003647 0.004663
5 0.123708 0.263444 0.003040 0.004663
9 0.121429 0.269817 0.002736 0.004974
5 0.067477 0.135996 0.004255 0.003419
48 0.146809 0.146565 0.008511 0.010880
48 0.140578 0.144545 0.006383 0.009947
48 0.135258 0.144078 0.007295 0.011501
48 0.013526 0.126360 0.014894 0.017718
9 0.300000 0.084551 0.005471 0.008082
5 0.282371 0.065589 0.003040 0.004352
5 0.311550 0.071806 0.005471 0.003730
5 0.310334 0.074137 0.004255 0.002798
5 0.309422 0.076469 0.004255 0.003108
5 0.308815 0.080510 0.004863 0.003730
5 0.303647 0.052378 0.004255 0.002798
5 0.303799 0.049270 0.004559 0.002798
5 0.304711 0.047249 0.004559 0.002487
5 0.305167 0.044918 0.003647 0.002176
5 0.354559 0.079111 0.004559 0.002798
5 0.349696 0.076935 0.004559 0.002798
5 0.345745 0.074915 0.004559 0.003108
7 0.369149 0.073827 0.005775 0.004041
7 0.369605 0.071651 0.005471 0.003419
5 0.369757 0.067765 0.003343 0.004974
5 0.372188 0.067765 0.002736 0.004352
7 0.374468 0.076158 0.004863 0.003108
7 0.375228 0.073827 0.005167 0.003419
5 0.379027 0.077712 0.004255 0.003108
5 0.380851 0.075536 0.004863 0.003108
5 0.383587 0.079577 0.004255 0.003108
5 0.385562 0.077712 0.004559 0.003108
5 0.389818 0.079266 0.003951 0.003108
5 0.388450 0.081287 0.004863 0.003419
5 0.392857 0.083463 0.004559 0.003419
5 0.393921 0.081287 0.005471 0.004041
5 0.395289 0.079111 0.004559 0.003419
5 0.382067 0.072428 0.003040 0.003730
5 0.384195 0.073205 0.003040 0.004663
5 0.386474 0.074137 0.002736 0.004041
5 0.389818 0.076313 0.002128 0.002798
5 0.391945 0.076624 0.002128 0.002798
5 0.380243 0.071806 0.003040 0.004352
5 0.377964 0.070563 0.002736 0.003730
5 0.375988 0.070096 0.002432 0.004041
5 0.373860 0.069164 0.002432 0.004041
5 0.348328 0.051756 0.004863 0.003419
5 0.348328 0.056574 0.003040 0.003730
5 0.350152 0.058595 0.003040 0.004663
5 0.348024 0.063879 0.003040 0.005284
5 0.362614 0.062947 0.003647 0.002798
5 0.365350 0.057973 0.003647 0.002798
5 0.370517 0.059372 0.003040 0.002487
5 0.376292 0.061859 0.004255 0.003108
7 0.382675 0.064190 0.004863 0.003419
5 0.387082 0.065900 0.003951 0.003108
5 0.396201 0.069319 0.005167 0.003730
5 0.406231 0.063569 0.005775 0.004041
5 0.392553 0.058906 0.003951 0.002798
9 0.382219 0.055642 0.009422 0.005595
48 0.408967 0.046783 0.031307 0.032017
48 0.177964 0.069008 0.030699 0.029841
48 0.226140 0.048182 0.112462 0.088903
48 0.216261 0.333851 0.027660 0.023624
5 0.265653 0.408610 0.003647 0.005284
5 0.270365 0.410165 0.002736 0.004663
48 0.253951 0.419024 0.010638 0.012434
48 0.254103 0.427417 0.010942 0.008082
48 0.269149 0.423376 0.018541 0.014921
5 0.261702 0.437053 0.003647 0.003108
5 0.254863 0.434877 0.004559 0.003108
5 0.278723 0.394778 0.004863 0.003108
5 0.274012 0.392913 0.004559 0.003108
5 0.268389 0.391358 0.005471 0.003730
48 0.526748 0.407833 0.014590 0.015542
5 0.542401 0.423220 0.003951 0.005284
48 0.014438 0.377836 0.019149 0.018340
48 0.011246 0.392757 0.014590 0.015853
48 0.009271 0.421977 0.010638 0.015232
48 0.403495 0.570407 0.008207 0.005595
48 0.404255 0.565434 0.007295 0.005595
48 0.405471 0.560926 0.007295 0.004663
48 0.406231 0.556574 0.008207 0.005906
48 0.421581 0.545539 0.005471 0.006839
48 0.463982 0.543519 0.010638 0.010258
48 0.364438 0.527821 0.011550 0.009947
48 0.366717 0.496581 0.016109 0.012123
48 0.369149 0.487566 0.012462 0.011501
48 0.415653 0.443115 0.013678 0.010258
7 0.382675 0.420423 0.004863 0.003419
48 0.465350 0.702518 0.010942 0.010569
48 0.468997 0.692882 0.009119 0.011191
48 0.472644 0.685266 0.006079 0.006528
48 0.475380 0.679049 0.007903 0.008393
48 0.480547 0.668946 0.010942 0.013056
48 0.492401 0.649984 0.018845 0.010569
48 0.501976 0.646099 0.031307 0.021449
48 0.520973 0.647498 0.012766 0.012434
48 0.530699 0.652627 0.012766 0.010880
48 0.523556 0.657600 0.020365 0.015232
48 0.517477 0.663662 0.025228 0.016786
48 0.504407 0.655269 0.010030 0.009325
48 0.514134 0.677495 0.017325 0.012123
48 0.496505 0.694125 0.014286 0.013677
48 0.504255 0.685110 0.012158 0.009947
9 0.486474 0.689618 0.004559 0.005906
48 0.540426 0.632732 0.013982 0.009636
48 0.524620 0.631489 0.015198 0.011501
48 0.507295 0.623562 0.025532 0.018029
48 0.508055 0.613771 0.019757 0.015853
5 0.522644 0.617034 0.005167 0.004352
9 0.522340 0.623718 0.005775 0.004041
48 0.534347 0.619366 0.015805 0.012123
48 0.540274 0.611906 0.013678 0.013366
48 0.512462 0.592322 0.007295 0.007150
48 0.555319 0.611595 0.007903 0.008393
48 0.560030 0.622785 0.010638 0.014610
48 0.566261 0.609885 0.009726 0.012434
48 0.575684 0.593876 0.010334 0.013366
48 0.617477 0.598539 0.090274 0.061859
48 0.670669 0.623873 0.028267 0.027355
48 0.428267 0.472645 0.031611 0.045073
48 0.441793 0.477619 0.027660 0.040721
48 0.459878 0.490675 0.020669 0.020205
48 0.462766 0.482592 0.016109 0.012745
48 0.466109 0.471868 0.020973 0.014299
48 0.477812 0.484613 0.016413 0.023003
48 0.481307 0.502487 0.021581 0.027666
48 0.497720 0.503109 0.024620 0.034504
48 0.512614 0.508704 0.021581 0.035126
48 0.491793 0.483836 0.013374 0.012123
48 0.570669 0.506839 0.015502 0.011501
5 0.136474 0.480883 0.002432 0.004352
48 0.402888 0.939851 0.027052 0.025179
5 0.383283 0.924930 0.003040 0.004663
7 0.368085 0.928039 0.004863 0.004041
5 0.357599 0.920734 0.004559 0.003730
5 0.333891 0.926329 0.003951 0.004352
5 0.337234 0.922910 0.003951 0.004352
5 0.340426 0.922132 0.003647 0.004041
7 0.343617 0.922599 0.003951 0.004352
5 0.336778 0.927106 0.003647 0.004041
5 0.332827 0.931147 0.003647 0.004041
5 0.319909 0.921355 0.003343 0.004352
6 0.342553 0.917159 0.006079 0.004041
48 0.334802 0.917003 0.008815 0.009947
8 0.338906 0.912807 0.005471 0.004041
9 0.317781 0.903171 0.006991 0.004663
9 0.324620 0.896177 0.006079 0.006217
5 0.113222 0.992073 0.005167 0.003419
5 0.108511 0.990053 0.004863 0.003730
5 0.104711 0.988343 0.005167 0.004041
5 0.100304 0.986634 0.003647 0.003108
5 0.092553 0.982748 0.005167 0.003419
5 0.086322 0.980261 0.005471 0.004041
7 0.079939 0.977774 0.004863 0.003419
7 0.073708 0.975443 0.005167 0.003730
5 0.066869 0.972024 0.005471 0.003108
5 0.061094 0.969692 0.004863 0.003419
5 0.055471 0.967050 0.005775 0.003730
5 0.049088 0.965185 0.005167 0.003108
5 0.043161 0.962698 0.005471 0.003730
5 0.037538 0.960367 0.005167 0.004041
5 0.032067 0.958346 0.003951 0.003108
8 0.026292 0.956481 0.005775 0.003108
5 0.020973 0.954772 0.004863 0.002798
48 0.230547 0.950575 0.019149 0.018651
48 0.215046 0.948555 0.014894 0.020827
7 0.217933 0.958813 0.003647 0.004663
48 0.244073 0.954616 0.012158 0.012434
48 0.212310 0.969071 0.030091 0.022692
48 0.204559 0.938141 0.018237 0.015542
48 0.194833 0.954616 0.025532 0.026733
5 0.104255 0.917625 0.004255 0.003108
7 0.073100 0.911719 0.005167 0.002487
7 0.091033 0.908611 0.004559 0.003730
5 0.093617 0.904103 0.005471 0.003419
7 0.113526 0.914206 0.005167 0.003730
5 0.114742 0.911874 0.004559 0.002798
5 0.125532 0.906124 0.004863 0.003108
5 0.129179 0.904880 0.003647 0.003108
7 0.260942 0.957414 0.005167 0.003730
5 0.258815 0.961455 0.004559 0.003108
5 0.257903 0.963631 0.005167 0.003730
5 0.275380 0.966895 0.004255 0.003419
48 0.330243 0.110662 0.058663 0.078334
48 0.373556 0.128536 0.060182 0.091079
48 0.285410 0.129313 0.030395 0.024246
48 0.257751 0.120920 0.031003 0.023003
5 0.241793 0.010413 0.005167 0.003419
5 0.251672 0.004041 0.005471 0.003730
5 0.257295 0.006062 0.003951 0.003419
5 0.255927 0.015542 0.004863 0.003108
5 0.264134 0.018340 0.004863 0.003108
5 0.275836 0.012900 0.004559 0.003419
6 0.279331 0.023469 0.012766 0.005906
5 0.309119 0.027199 0.005471 0.003419
6 0.306383 0.033882 0.012766 0.006217
6 0.318845 0.038234 0.012766 0.006217
5 0.412462 0.081131 0.003040 0.004352
5 0.444985 0.083463 0.004863 0.003419
5 0.445441 0.107087 0.003343 0.005284
5 0.435866 0.113304 0.003040 0.004663
5 0.440274 0.116102 0.002736 0.004041
5 0.443921 0.117035 0.002736 0.005284
5 0.451216 0.119832 0.003343 0.004663
5 0.453799 0.119988 0.003040 0.004974
5 0.464438 0.120765 0.001824 0.004041
5 0.473252 0.120143 0.003647 0.002798
5 0.468237 0.122630 0.002736 0.005284
5 0.449848 0.108642 0.002432 0.003419
5 0.473252 0.097451 0.005471 0.003419
48 0.515957 0.093721 0.014894 0.014610
48 0.522948 0.079888 0.016109 0.019273
48 0.528723 0.065589 0.014894 0.014299
48 0.544377 0.063569 0.018237 0.009015
48 0.543161 0.107554 0.015805 0.013677
48 0.556687 0.112838 0.015502 0.010569
5 0.621125 0.178738 0.004559 0.003108
5 0.619453 0.161797 0.003647 0.005284
5 0.644985 0.159621 0.005471 0.004041
5 0.668237 0.179981 0.002736 0.004974
5 0.662614 0.159776 0.003040 0.003730
5 0.581307 0.123096 0.003951 0.005595
48 0.475684 0.181380 0.017021 0.028287
5 0.989058 0.081287 0.005471 0.004041
5 0.994225 0.084085 0.003647 0.002798
48 0.964742 0.078800 0.018845 0.018962
48 0.975380 0.084085 0.013374 0.018340
48 0.981459 0.098073 0.017629 0.022692
48 0.954255 0.099472 0.020973 0.020516
48 0.965653 0.110351 0.012158 0.012434
48 0.968541 0.102580 0.010030 0.011812
48 0.970973 0.095120 0.010638 0.009325
48 0.960030 0.088903 0.014286 0.012434
5 0.987234 0.027199 0.003647 0.005284
5 0.990881 0.028909 0.003040 0.004974
56 0.755775 0.038856 0.020973 0.024868
56 0.802280 0.057507 0.015502 0.017408
56 0.815198 0.061082 0.018845 0.025179
56 0.826900 0.065744 0.016109 0.019583
56 0.837842 0.070252 0.018541 0.023624
56 0.851368 0.071651 0.016413 0.017097
56 0.861702 0.081287 0.018237 0.020827
56 0.877052 0.088903 0.015502 0.018029
48 0.124316 0.974821 0.246809 0.050357
5 0.023556 0.839291 0.003951 0.004974
9 0.052584 0.847840 0.007295 0.004663
5 0.030699 0.804632 0.004863 0.003419
5 0.019301 0.799969 0.004559 0.004663
48 0.055623 0.824371 0.010334 0.013677
48 0.022188 0.792819 0.031003 0.020827
48 0.008815 0.808517 0.015198 0.034193
48 0.007903 0.692882 0.012158 0.025490
48 0.376292 0.447622 0.023100 0.043519
48 0.382675 0.451974 0.027964 0.046627
48 0.386778 0.461766 0.019149 0.033261
48 0.406079 0.465030 0.023100 0.039167
48 0.412766 0.413273 0.021277 0.013988
48 0.411398 0.421511 0.019757 0.014921
48 0.423556 0.422288 0.013678 0.020205
48 0.429179 0.424619 0.013374 0.021138
48 0.444833 0.421355 0.010638 0.006528
48 0.446960 0.429437 0.030091 0.018340
48 0.447264 0.439074 0.034954 0.022692
48 0.458967 0.428039 0.019453 0.011812
48 0.474012 0.454150 0.033131 0.024868
48 0.478571 0.444358 0.030699 0.020827
48 0.482979 0.439540 0.031611 0.019273
48 0.503647 0.469226 0.031003 0.021449
48 0.506687 0.462076 0.030395 0.019583
48 0.506079 0.453528 0.016413 0.013056
48 0.530243 0.482748 0.028875 0.021138
48 0.534043 0.476220 0.023100 0.017408
48 0.537234 0.470314 0.021581 0.016164
48 0.548328 0.490053 0.011550 0.022070
48 0.557751 0.494094 0.010334 0.015853
48 0.563070 0.482592 0.006991 0.008393
9 0.554863 0.392602 0.005167 0.008704
48 0.595897 0.406279 0.017933 0.012434
48 0.620821 0.417470 0.024012 0.014921
5 0.672340 0.408300 0.002432 0.004663
5 0.670213 0.438452 0.003647 0.002176
5 0.684954 0.455238 0.004559 0.003419
48 0.658207 0.449643 0.024012 0.017097
48 0.678115 0.458346 0.022492 0.016475
9 0.766717 0.459745 0.008815 0.016164
5 0.754863 0.442804 0.002128 0.002798
9 0.772188 0.435499 0.009422 0.017408
9 0.782675 0.408766 0.004255 0.004974
5 0.746960 0.382499 0.005775 0.004041
5 0.770061 0.372707 0.003951 0.003108
5 0.753951 0.364781 0.002128 0.005284
5 0.749848 0.373485 0.002432 0.004663
5 0.740881 0.374262 0.003343 0.004352
5 0.736322 0.372397 0.003343 0.003108
5 0.718997 0.367578 0.003951 0.004663
5 0.722796 0.215107 0.003647 0.005595
5 0.721884 0.220236 0.003647 0.004663
5 0.724620 0.221790 0.003040 0.005284
9 0.715957 0.193348 0.010030 0.006217
9 0.690578 0.188219 0.004863 0.007771
9 0.643617 0.189151 0.010638 0.006528
9 0.613070 0.175163 0.006687 0.004041
56 0.585866 0.124650 0.008815 0.009325
56 0.591945 0.127137 0.010030 0.012434
56 0.597872 0.126982 0.010334 0.013988
56 0.608207 0.131489 0.010942 0.013056
56 0.629179 0.139260 0.041337 0.027976
9 0.555927 0.092788 0.017629 0.007150
9 0.558207 0.088747 0.016717 0.009636
56 0.607751 0.095586 0.101216 0.051912
56 0.634195 0.117967 0.009422 0.009015
57 0.651064 0.129002 0.007903 0.004352
57 0.650456 0.131334 0.007903 0.004663
57 0.649696 0.133820 0.006991 0.004041
57 0.648784 0.135996 0.007599 0.004663
57 0.659423 0.140037 0.010030 0.005906
57 0.673860 0.137551 0.004863 0.006528
48 0.653192 0.156668 0.014590 0.008704
9 0.770669 0.180137 0.005167 0.009015
9 0.774772 0.179981 0.004255 0.006217
5 0.898936 0.422754 0.005167 0.003108
5 0.548936 0.923065 0.004255 0.005284
5 0.552128 0.917314 0.005167 0.005595
5 0.575532 0.895089 0.003951 0.004663
9 0.587690 0.904725 0.010030 0.015853
5 0.597872 0.893379 0.003647 0.005595
5 0.594681 0.900062 0.003951 0.005284
9 0.579027 0.921977 0.010334 0.016164
9 0.615350 0.961766 0.014894 0.009325
5 0.922340 0.702362 0.004559 0.002798
5 0.911398 0.699254 0.005775 0.003419
9 0.948632 0.332608 0.006079 0.004352
48 0.963070 0.352502 0.022188 0.013677
5 0.970669 0.340535 0.005167 0.002798
48 0.899088 0.307585 0.074164 0.041965
48 0.953951 0.296394 0.085410 0.064346
9 0.795441 0.210755 0.008511 0.007460
9 0.801216 0.209667 0.008511 0.005284
9 0.810334 0.213864 0.009726 0.006839
56 0.493009 0.066677 0.016413 0.010880
56 0.490426 0.072739 0.017325 0.011812
56 0.488146 0.078800 0.015198 0.011501
56 0.484650 0.084862 0.017933 0.012434
57 0.468845 0.082530 0.006991 0.004663
57 0.476444 0.086571 0.006991 0.005284
9 0.450152 0.062947 0.006079 0.017097
56 0.465805 0.060771 0.014894 0.011501
56 0.468541 0.054865 0.012462 0.009636
56 0.472340 0.049114 0.017629 0.011191
56 0.474164 0.041965 0.016413 0.011191
56 0.476900 0.035592 0.017021 0.012123
9 0.467477 0.031862 0.010334 0.015853
9 0.454407 0.045073 0.008511 0.016786
57 0.474620 0.026578 0.005775 0.006528
56 0.484043 0.023314 0.016109 0.011812
56 0.490274 0.018185 0.010334 0.009636
56 0.488146 0.009792 0.015198 0.011501
56 0.519453 0.009636 0.015198 0.010569
56 0.517325 0.015542 0.018237 0.011812
56 0.515046 0.021915 0.016717 0.011501
56 0.511702 0.028909 0.017933 0.012434
56 0.509878 0.035592 0.013070 0.010258
56 0.506231 0.041654 0.017325 0.010569
56 0.503799 0.048182 0.014894 0.011191
56 0.502888 0.055797 0.011246 0.009636
57 0.491489 0.058129 0.004863 0.006839
48 0.444529 0.029375 0.042857 0.051912
9 0.701672 0.452751 0.008815 0.005906
5 0.357599 0.020516 0.003343 0.003730
5 0.366109 0.026111 0.003951 0.004974
57 0.590274 0.008237 0.012158 0.007150
57 0.604407 0.009481 0.012462 0.007150
57 0.602888 0.012900 0.012462 0.007150
56 0.616565 0.016941 0.013070 0.009636
56 0.631763 0.019428 0.016717 0.015853
56 0.646353 0.023469 0.019757 0.020827
56 0.659423 0.030929 0.019757 0.016475
56 0.674012 0.036214 0.017933 0.016475
56 0.688906 0.039478 0.016109 0.014299
9 0.677508 0.026888 0.017021 0.009015
56 0.691185 0.014765 0.028571 0.019583
56 0.710638 0.015698 0.012158 0.012123
56 0.720821 0.023780 0.020365 0.024557
56 0.731763 0.032484 0.016109 0.011501
56 0.745593 0.027510 0.013982 0.012123
9 0.708511 0.040566 0.016413 0.007771
56 0.703951 0.045695 0.009726 0.009325
56 0.710182 0.049114 0.008207 0.006839
56 0.717021 0.054399 0.009119 0.012434
56 0.722188 0.057973 0.008511 0.009636
56 0.727812 0.060771 0.006991 0.007771
56 0.734954 0.061548 0.010942 0.012434
56 0.741033 0.064967 0.007903 0.010569
56 0.746353 0.066988 0.008207 0.009636
56 0.752584 0.069319 0.008511 0.009947
56 0.761094 0.073049 0.012766 0.009325
56 0.773708 0.075536 0.013070 0.014921
38 0.238450 0.263600 0.010030 0.021138
56 0.785410 0.080354 0.014590 0.015232
56 0.796808 0.085639 0.013678 0.014610
56 0.809878 0.089524 0.014894 0.014921
56 0.824164 0.093099 0.013678 0.010258
57 0.835258 0.095897 0.007295 0.004663
57 0.834347 0.098694 0.007295 0.005284
57 0.842857 0.098694 0.006687 0.004041
57 0.841489 0.101337 0.006991 0.004974
56 0.839514 0.105844 0.007295 0.006528
56 0.851824 0.105067 0.015502 0.013677
56 0.862006 0.108952 0.009119 0.010258
56 0.867325 0.112838 0.008815 0.011812
56 0.873708 0.115325 0.009422 0.013056
56 0.880243 0.119988 0.009119 0.006839
9 0.881915 0.105844 0.005167 0.016475
57 0.739514 0.007616 0.012158 0.005284
57 0.751520 0.011812 0.013070 0.006839
57 0.764742 0.016941 0.014590 0.008393
9 0.775684 0.021449 0.008511 0.005595
57 0.786626 0.025490 0.012766 0.006217
57 0.798176 0.030152 0.012766 0.006839
57 0.810334 0.034970 0.012766 0.006528
57 0.822188 0.039478 0.012766 0.007460
57 0.834195 0.044762 0.013070 0.007460
57 0.845745 0.048803 0.012462 0.007460
9 0.834954 0.048492 0.008511 0.004974
9 0.847872 0.053466 0.012462 0.007460
9 0.822644 0.052067 0.015502 0.007771
9 0.844073 0.060460 0.014590 0.009636
9 0.867021 0.062947 0.016109 0.009636
9 0.867325 0.072739 0.014894 0.013056
57 0.857599 0.053621 0.012462 0.007150
57 0.869149 0.058129 0.012462 0.007460
48 0.100456 0.159621 0.007599 0.009015
53 0.304559 0.047715 0.008511 0.013366
53 0.446809 0.114859 0.023100 0.014610
5 0.668845 0.485701 0.003951 0.004041
48 0.575532 0.437209 0.019757 0.032639
48 0.397568 0.412030 0.011550 0.007150
48 0.386474 0.413273 0.007599 0.010880
48 0.539970 0.437364 0.013070 0.012434
48 0.081155 0.029686 0.078419 0.059372
48 0.138146 0.042275 0.082371 0.084551
33 0.495593 0.059683 0.006991 0.006839
38 0.194225 0.257072 0.011550 0.011812
9 0.164590 0.255362 0.005167 0.003419
16 0.214742 0.270749 0.010030 0.009947
43 0.191185 0.229406 0.007903 0.005595
