2 0.021270 0.508393 0.042540 0.061859
2 0.048617 0.358875 0.068672 0.063102
4 0.111972 0.288623 0.003342 0.005906
7 0.108022 0.303699 0.003342 0.006217
7 0.094956 0.356699 0.002735 0.005284
5 0.163780 0.908144 0.006077 0.003419
7 0.160438 0.918091 0.006077 0.003419
48 0.257672 0.844731 0.013370 0.010880
48 0.235643 0.676717 0.024613 0.021138
48 0.204649 0.668480 0.039198 0.022692
48 0.240808 0.615480 0.025828 0.032328
43 0.214676 0.524712 0.010027 0.005595
43 0.202978 0.544762 0.004862 0.010880
9 0.222425 0.540721 0.007293 0.004041
48 0.236858 0.556730 0.047098 0.028598
4 0.214980 0.550979 0.005166 0.006528
4 0.253722 0.548182 0.007900 0.004663
4 0.244758 0.546472 0.008204 0.004352
4 0.236098 0.544296 0.007293 0.004352
9 0.221969 0.458346 0.005166 0.009015
5 0.843361 0.010103 0.004558 0.002798
5 0.841234 0.017097 0.005166 0.003108
5 0.857490 0.012900 0.005469 0.002798
5 0.857186 0.015698 0.004862 0.002798
5 0.855515 0.019739 0.005773 0.002798
5 0.855211 0.022692 0.005166 0.002487
5 0.854755 0.025179 0.004862 0.002487
5 0.840930 0.019583 0.005773 0.003108
5 0.839866 0.022381 0.005469 0.003108
5 0.838955 0.025179 0.005469 0.003108
5 0.838195 0.027510 0.005166 0.002798
5 0.853388 0.029841 0.004558 0.002487
5 0.852173 0.034660 0.005773 0.002798
5 0.850805 0.036991 0.004862 0.002487
5 0.850805 0.039789 0.004862 0.003108
5 0.836068 0.035748 0.005166 0.003108
5 0.832878 0.047871 0.005469 0.003108
5 0.898207 0.023935 0.004862 0.002487
5 0.895017 0.033261 0.005166 0.002487
5 0.894561 0.035592 0.004862 0.002798
5 0.894105 0.037924 0.005166 0.003108
5 0.893649 0.040566 0.005469 0.003419
7 0.892282 0.045228 0.005773 0.003419
5 0.891370 0.047715 0.005166 0.002798
5 0.890307 0.052378 0.005469 0.002798
5 0.889547 0.054554 0.005166 0.002798
5 0.888940 0.056885 0.005166 0.003108
5 0.888332 0.059838 0.005166 0.003419
5 0.887724 0.062170 0.004558 0.003108
5 0.885749 0.069008 0.004862 0.003108
5 0.885293 0.071495 0.005166 0.003108
5 0.884837 0.073827 0.004862 0.002798
7 0.884382 0.076158 0.005773 0.003730
5 0.882862 0.081131 0.005166 0.003108
5 0.881039 0.090923 0.005166 0.002798
5 0.895624 0.094498 0.005166 0.003108
5 0.896080 0.091856 0.005469 0.002798
5 0.896536 0.089835 0.005166 0.003108
5 0.897751 0.085328 0.005166 0.002798
5 0.898359 0.082530 0.005166 0.002798
5 0.898815 0.080199 0.004862 0.002487
5 0.900030 0.078178 0.004862 0.002798
5 0.895169 0.078334 0.002431 0.004974
5 0.893194 0.083463 0.002735 0.005284
5 0.901094 0.072894 0.005166 0.002798
5 0.901398 0.070563 0.005166 0.002487
5 0.897296 0.069475 0.003039 0.004663
7 0.902157 0.067920 0.005469 0.002798
5 0.902309 0.065744 0.005166 0.002798
5 0.899271 0.059994 0.002735 0.004974
5 0.900790 0.054554 0.002735 0.004663
5 0.904284 0.060771 0.004862 0.002176
5 0.904132 0.058284 0.004558 0.002798
7 0.905500 0.056108 0.005469 0.003419
5 0.905956 0.053621 0.005166 0.002798
5 0.907019 0.051135 0.004862 0.002798
5 0.907627 0.048803 0.004862 0.002487
5 0.907931 0.046472 0.005469 0.002798
5 0.904436 0.041654 0.002735 0.004974
5 0.908235 0.044141 0.004862 0.002487
5 0.909450 0.041965 0.004862 0.002487
5 0.909906 0.039012 0.005166 0.002798
5 0.910817 0.036369 0.004558 0.002487
5 0.911121 0.034193 0.004558 0.002487
5 0.912033 0.032017 0.005166 0.002487
5 0.912033 0.029686 0.004558 0.002798
5 0.912641 0.027199 0.005166 0.002798
5 0.939836 0.041187 0.002431 0.005284
5 0.943634 0.050513 0.005166 0.002798
5 0.934974 0.037924 0.005469 0.003108
5 0.934366 0.040410 0.005469 0.003108
5 0.933151 0.042742 0.004862 0.002798
5 0.932543 0.045228 0.004862 0.002798
5 0.931328 0.049891 0.004862 0.002798
5 0.930416 0.054709 0.005469 0.003108
5 0.929505 0.057352 0.004862 0.002798
5 0.940747 0.062636 0.005469 0.002798
5 0.939988 0.065123 0.005166 0.002798
5 0.939532 0.067299 0.004862 0.002798
5 0.939076 0.069941 0.004558 0.002487
5 0.925706 0.071340 0.005773 0.003419
5 0.925251 0.073982 0.006077 0.003108
5 0.924643 0.076624 0.005469 0.003419
5 0.924035 0.079111 0.005469 0.003419
9 0.948952 0.097762 0.006077 0.010258
53 0.871316 0.041965 0.173503 0.073360
5 0.970374 0.015387 0.003342 0.005906
5 0.974628 0.017097 0.003342 0.006217
9 0.984959 0.033261 0.003950 0.008704
9 0.965360 0.032950 0.005469 0.010569
7 0.975084 0.057818 0.003039 0.006217
7 0.965816 0.050202 0.003342 0.005906
5 0.979641 0.069319 0.003646 0.006217
9 0.977059 0.066211 0.005166 0.010569
5 0.969918 0.078023 0.003039 0.005595
5 0.966727 0.089680 0.003342 0.005906
5 0.970222 0.092167 0.003646 0.005906
5 0.963841 0.101958 0.003039 0.004974
5 0.965968 0.109885 0.003039 0.005906
5 0.961562 0.111284 0.002735 0.006217
5 0.946065 0.124650 0.003342 0.005595
5 0.961106 0.127759 0.003039 0.004974
5 0.956700 0.131178 0.002735 0.005595
9 0.958371 0.138017 0.004862 0.009947
9 0.955637 0.151228 0.004254 0.008393
5 0.953662 0.140970 0.003342 0.005284
5 0.951079 0.151072 0.003039 0.005595
5 0.948952 0.158688 0.003646 0.006528
5 0.952750 0.159776 0.003342 0.005595
5 0.951383 0.167081 0.003039 0.005284
5 0.947432 0.165838 0.003039 0.005284
5 0.932239 0.172366 0.003039 0.005284
5 0.944698 0.182313 0.006077 0.003419
5 0.976755 0.194125 0.005773 0.003419
5 0.976299 0.187131 0.006077 0.003108
4 0.953813 0.191016 0.005469 0.004041
6 0.967791 0.210755 0.011547 0.005595
6 0.965512 0.220236 0.011243 0.005906
7 0.933151 0.194125 0.003646 0.005906
5 0.941507 0.210445 0.003342 0.005595
5 0.928745 0.209512 0.002735 0.005595
5 0.917502 0.221480 0.003342 0.006528
5 0.924795 0.225210 0.002735 0.005284
7 0.930720 0.236400 0.003039 0.005284
6 0.962929 0.230494 0.010939 0.007150
6 0.966272 0.239353 0.011547 0.003730
6 0.968095 0.252409 0.009723 0.009947
7 0.930872 0.250855 0.003342 0.005595
7 0.916439 0.255362 0.003646 0.005284
6 0.958067 0.289400 0.011547 0.004974
5 0.909602 0.279453 0.002735 0.004974
5 0.906563 0.291265 0.002735 0.004974
6 0.953813 0.309450 0.011547 0.004041
6 0.954573 0.324526 0.011851 0.006217
5 0.946065 0.338048 0.012458 0.005906
5 0.902157 0.343332 0.003039 0.005284
5 0.900030 0.353901 0.002431 0.005284
5 0.884078 0.361206 0.002735 0.004974
5 0.896384 0.382655 0.003039 0.004974
5 0.880735 0.382188 0.003342 0.005284
5 0.888484 0.396954 0.003039 0.004974
9 0.890763 0.403015 0.003950 0.007771
5 0.883470 0.414983 0.003342 0.004974
7 0.870708 0.420578 0.002735 0.004974
7 0.866150 0.426795 0.003342 0.005595
6 0.884534 0.425552 0.005469 0.011191
5 0.876937 0.439229 0.003039 0.006217
10 0.857338 0.452906 0.004558 0.010569
5 0.866910 0.479950 0.003039 0.006217
5 0.862352 0.498135 0.002431 0.005284
5 0.855667 0.525800 0.003039 0.005284
5 0.853236 0.549425 0.003039 0.005284
5 0.846247 0.560305 0.002431 0.005284
5 0.847159 0.570252 0.003039 0.005284
5 0.839107 0.588747 0.002735 0.004974
5 0.835308 0.603668 0.002431 0.004352
5 0.837132 0.608020 0.002431 0.005595
5 0.836828 0.616879 0.002431 0.004663
4 0.817988 0.611439 0.003646 0.005595
5 0.828016 0.631023 0.003039 0.004974
5 0.814190 0.641436 0.002735 0.004663
5 0.823762 0.646254 0.002431 0.004352
5 0.817229 0.672676 0.002735 0.004974
5 0.811911 0.694125 0.001823 0.003730
9 0.811000 0.714175 0.004254 0.008393
5 0.785172 0.737955 0.002431 0.004974
5 0.798541 0.746658 0.003039 0.005595
5 0.792312 0.785359 0.002735 0.004663
5 0.779550 0.821728 0.002735 0.005284
5 0.764053 0.834007 0.003342 0.005595
5 0.760103 0.852036 0.002735 0.004974
5 0.747797 0.882033 0.003039 0.005284
5 0.762078 0.886074 0.003039 0.005906
5 0.766636 0.883743 0.003039 0.005595
5 0.766940 0.872552 0.003039 0.005595
5 0.746430 0.899751 0.002735 0.004663
5 0.751899 0.926018 0.002735 0.005595
5 0.757065 0.942027 0.002735 0.004663
5 0.746733 0.948555 0.002735 0.004663
4 0.755849 0.928971 0.003342 0.007150
6 0.989061 0.339913 0.003646 0.011501
6 0.997417 0.327790 0.005166 0.010880
10 0.150562 0.186820 0.005166 0.007460
9 0.213461 0.487721 0.003950 0.006839
