48 0.970684 0.979182 0.026059 0.041636
54 0.766509 0.728629 0.018063 0.021002
54 0.776281 0.746315 0.018656 0.018055
54 0.785905 0.763817 0.018359 0.020634
54 0.795084 0.782240 0.020136 0.017686
54 0.823216 0.801216 0.022505 0.022476
54 0.782499 0.824429 0.023394 0.025424
54 0.835801 0.824982 0.023986 0.021371
54 0.794196 0.846721 0.023097 0.024318
54 0.848386 0.846721 0.023690 0.022108
54 0.805597 0.867907 0.023394 0.023213
54 0.859935 0.868276 0.022505 0.022476
54 0.872372 0.891304 0.022505 0.022108
54 0.817442 0.889462 0.025170 0.024318
54 0.890731 0.926861 0.022505 0.022476
54 0.903613 0.949337 0.025763 0.024687
54 0.919011 0.976603 0.022209 0.025424
2 0.774948 0.810612 0.036719 0.039794
48 0.840095 0.718312 0.033758 0.029845
48 0.878146 0.738209 0.013918 0.015107
48 0.855641 0.750553 0.032869 0.025792
48 0.825289 0.696942 0.015991 0.012896
48 0.850903 0.634119 0.076103 0.066323
11 0.779242 0.654016 0.008588 0.014001
9 0.801747 0.661938 0.008588 0.007001
9 0.797898 0.658622 0.008588 0.006264
9 0.817293 0.675571 0.007699 0.007001
9 0.815073 0.668018 0.005034 0.004422
9 0.814924 0.653095 0.004738 0.005527
48 0.806485 0.436993 0.049452 0.037583
48 0.737045 0.348931 0.016583 0.020634
48 0.746076 0.367170 0.019248 0.017318
48 0.772283 0.352616 0.015398 0.019160
48 0.761475 0.357959 0.018063 0.019528
48 0.761919 0.334562 0.015991 0.018423
48 0.752147 0.340825 0.014214 0.018423
48 0.778502 0.327929 0.016583 0.018423
48 0.788274 0.345984 0.016583 0.018423
48 0.496595 0.055822 0.049748 0.046794
48 0.482529 0.101142 0.039976 0.051953
48 0.509624 0.140567 0.046195 0.054901
48 0.553450 0.104458 0.043234 0.060059
48 0.628516 0.124724 0.024578 0.025424
48 0.600681 0.064665 0.022209 0.024687
48 0.643174 0.035741 0.019544 0.021371
48 0.666716 0.049374 0.042938 0.038320
48 0.686852 0.088799 0.043530 0.037583
48 0.647616 0.083640 0.045603 0.061901
48 0.791087 0.079219 0.023394 0.023581
48 0.776577 0.101879 0.026355 0.037214
48 0.755700 0.097458 0.018359 0.021739
48 0.798342 0.113670 0.009476 0.013633
48 0.833876 0.162491 0.019544 0.014738
48 0.808262 0.158806 0.026355 0.028740
48 0.801007 0.313375 0.017175 0.020265
48 0.813148 0.333272 0.017767 0.021002
48 0.835505 0.373250 0.018063 0.018423
48 0.825437 0.356301 0.016287 0.019160
5 0.847794 0.384672 0.005330 0.004422
5 0.835357 0.392962 0.002369 0.004053
48 0.848386 0.397937 0.017767 0.017686
48 0.858898 0.415807 0.021025 0.017318
5 0.926858 0.280029 0.003553 0.003685
5 0.930856 0.287399 0.003257 0.003685
48 0.929227 0.252948 0.022505 0.025424
5 0.979864 0.273766 0.004146 0.004422
53 0.926118 0.281319 0.015694 0.023213
5 0.871484 0.317981 0.004146 0.003685
5 0.881256 0.312822 0.004146 0.003685
5 0.897246 0.304901 0.002961 0.003316
5 0.862896 0.322955 0.003553 0.004053
48 0.755108 0.270081 0.117856 0.086220
48 0.685076 0.145542 0.107492 0.087693
48 0.718685 0.208364 0.110749 0.088799
48 0.656056 0.202100 0.023394 0.032793
10 0.593278 0.238762 0.005626 0.005895
10 0.590021 0.235999 0.005626 0.007001
6 0.581137 0.230840 0.003850 0.004790
6 0.579064 0.231577 0.003850 0.005527
6 0.577436 0.232867 0.003553 0.005158
6 0.575511 0.234156 0.003257 0.004053
6 0.573290 0.235262 0.004146 0.004790
6 0.571217 0.236183 0.003553 0.004422
6 0.569144 0.237472 0.003553 0.004790
6 0.566923 0.238578 0.003850 0.005527
6 0.564999 0.239499 0.004146 0.005158
6 0.603346 0.261606 0.005034 0.003685
6 0.563518 0.240789 0.003553 0.005527
6 0.561149 0.241525 0.003553 0.005527
6 0.559224 0.242999 0.003257 0.004790
6 0.556559 0.243736 0.004442 0.004790
6 0.554930 0.245578 0.004146 0.004790
6 0.552710 0.246315 0.003257 0.004790
6 0.550192 0.247421 0.003553 0.005527
6 0.548416 0.248526 0.003553 0.004790
6 0.546047 0.249447 0.003553 0.005158
6 0.544270 0.250921 0.003553 0.005158
6 0.540124 0.252763 0.004146 0.005158
6 0.542345 0.251474 0.003850 0.004790
6 0.538496 0.253685 0.004442 0.004790
6 0.535979 0.254790 0.003553 0.004790
6 0.533758 0.255711 0.003850 0.005158
6 0.531981 0.257369 0.003850 0.004790
6 0.530056 0.257922 0.004146 0.005158
6 0.527983 0.259212 0.003553 0.004053
6 0.525911 0.260317 0.003553 0.004790
6 0.523690 0.261238 0.003850 0.004422
6 0.521617 0.262712 0.003850 0.005158
6 0.519544 0.263817 0.003850 0.005158
6 0.517471 0.265475 0.003257 0.004790
6 0.515546 0.266212 0.003553 0.005527
6 0.512881 0.267502 0.003553 0.004422
6 0.452769 0.356116 0.011845 0.009211
6 0.452769 0.351695 0.006515 0.004790
6 0.451880 0.349116 0.005922 0.004053
6 0.450400 0.346168 0.007107 0.005527
6 0.449511 0.342299 0.006515 0.005895
6 0.448475 0.338983 0.006219 0.004422
6 0.446846 0.336772 0.005922 0.005158
6 0.445366 0.334930 0.007107 0.005895
6 0.443885 0.331614 0.006515 0.005895
6 0.442997 0.328482 0.005922 0.004053
6 0.441220 0.326087 0.006515 0.004422
6 0.440480 0.323508 0.006219 0.004422
6 0.439147 0.320560 0.005922 0.004422
6 0.437963 0.318165 0.005922 0.004790
6 0.436334 0.315954 0.005626 0.004053
6 0.433669 0.314112 0.006811 0.005527
6 0.433225 0.310427 0.005922 0.004790
6 0.470536 0.365881 0.006515 0.013265
6 0.474830 0.363854 0.005626 0.009948
6 0.479716 0.362196 0.004738 0.008843
6 0.565739 0.331061 0.005034 0.007001
4 0.579656 0.223287 0.003257 0.005158
5 0.577880 0.224761 0.003850 0.005895
5 0.575215 0.226234 0.004442 0.006632
5 0.573290 0.227340 0.003553 0.005895
5 0.571069 0.228261 0.003257 0.005527
5 0.569144 0.229182 0.003553 0.005158
5 0.567071 0.230472 0.003553 0.005527
5 0.565443 0.231577 0.003850 0.006264
5 0.563370 0.233235 0.004442 0.006632
5 0.559372 0.235262 0.004146 0.006264
5 0.557003 0.236183 0.004146 0.005895
5 0.554486 0.237288 0.003257 0.005158
5 0.552561 0.238578 0.004146 0.005527
5 0.550933 0.239683 0.003850 0.006264
5 0.548860 0.241157 0.004442 0.005527
5 0.546343 0.242262 0.004146 0.006264
5 0.544566 0.243368 0.004146 0.006264
5 0.542493 0.244657 0.003553 0.005895
5 0.540124 0.245394 0.002961 0.005158
5 0.538052 0.247237 0.003553 0.004422
5 0.535683 0.248158 0.003553 0.004790
5 0.534054 0.250000 0.003257 0.005527
5 0.531537 0.250553 0.003553 0.004422
5 0.530056 0.252027 0.003553 0.005158
5 0.519840 0.242631 0.003257 0.004790
5 0.515398 0.245763 0.003850 0.004422
5 0.510956 0.247421 0.003850 0.004790
5 0.533610 0.235262 0.002961 0.004053
5 0.537459 0.232867 0.003553 0.005895
5 0.539828 0.231393 0.002961 0.004422
5 0.545751 0.228261 0.002961 0.005527
5 0.548268 0.227524 0.003850 0.005527
5 0.554782 0.224761 0.003257 0.005158
5 0.557299 0.223287 0.002369 0.004422
5 0.559668 0.222366 0.003553 0.005527
5 0.561889 0.220707 0.003257 0.005158
5 0.507551 0.270265 0.004146 0.006264
5 0.505182 0.271555 0.004146 0.005895
5 0.503109 0.272476 0.004146 0.006264
5 0.500888 0.274503 0.004442 0.006632
5 0.498519 0.275239 0.003850 0.006632
5 0.496002 0.276529 0.004146 0.007001
5 0.492301 0.279477 0.003850 0.005527
5 0.489932 0.280398 0.004442 0.005895
5 0.487859 0.281503 0.003850 0.005158
5 0.485934 0.282609 0.004146 0.005158
5 0.484306 0.284083 0.004442 0.005895
5 0.481789 0.285004 0.004146 0.007001
5 0.479716 0.286293 0.004146 0.006632
5 0.478087 0.287583 0.004442 0.007738
5 0.475570 0.287951 0.004146 0.006264
5 0.473349 0.288688 0.003850 0.007001
5 0.471128 0.289609 0.004146 0.007369
5 0.469648 0.291452 0.004146 0.006632
5 0.467131 0.292004 0.003850 0.007001
5 0.465058 0.292926 0.003850 0.006632
5 0.455286 0.305085 0.003850 0.003685
5 0.456322 0.307848 0.003553 0.004053
5 0.457655 0.310059 0.004442 0.004053
5 0.459135 0.311533 0.004442 0.004053
5 0.459728 0.314112 0.003850 0.003316
5 0.460912 0.315954 0.003257 0.004053
5 0.462097 0.318349 0.003257 0.002948
5 0.462837 0.320744 0.004146 0.004053
5 0.465650 0.325350 0.004442 0.003685
5 0.466538 0.327745 0.003850 0.003316
5 0.470240 0.335114 0.004738 0.004053
5 0.470980 0.337693 0.003850 0.003316
5 0.439147 0.305085 0.003553 0.003685
5 0.440332 0.307296 0.004738 0.004422
5 0.442108 0.309322 0.004146 0.004053
5 0.442849 0.311717 0.004442 0.004422
5 0.444033 0.313744 0.003257 0.004053
5 0.444922 0.315586 0.003850 0.003316
5 0.445810 0.317060 0.004442 0.003316
5 0.447290 0.319455 0.004442 0.003685
5 0.448623 0.321297 0.003553 0.004422
5 0.449659 0.323692 0.003850 0.004053
5 0.450252 0.326087 0.003257 0.003685
5 0.451288 0.328298 0.003553 0.002948
5 0.452325 0.329772 0.003257 0.002948
5 0.453065 0.332167 0.003553 0.003316
5 0.454101 0.334009 0.003850 0.003316
5 0.454694 0.336220 0.003850 0.004053
5 0.456026 0.338430 0.004146 0.004053
5 0.457062 0.340088 0.003850 0.002948
5 0.458099 0.342299 0.004146 0.003685
5 0.459876 0.344141 0.004146 0.003685
5 0.460320 0.346168 0.003257 0.003316
5 0.461208 0.348379 0.004442 0.004053
5 0.433373 0.326824 0.003850 0.002948
5 0.434113 0.328850 0.003553 0.002579
5 0.551969 0.290162 0.002961 0.005527
5 0.554486 0.288873 0.003850 0.005158
48 0.842168 0.521923 0.082322 0.106485
48 0.814776 0.536293 0.075511 0.098379
11 0.664643 0.327008 0.013918 0.012896
10 0.690998 0.329035 0.009772 0.008106
11 0.680930 0.326640 0.008588 0.007738
11 0.691146 0.310796 0.009476 0.007738
11 0.698845 0.314665 0.008291 0.005895
11 0.754220 0.299189 0.014214 0.011054
48 0.716464 0.327192 0.016287 0.014001
13 0.766805 0.297716 0.006811 0.013265
13 0.770802 0.296057 0.006515 0.012896
9 0.741190 0.312270 0.004738 0.008475
9 0.739118 0.313744 0.004738 0.007738
9 0.748001 0.308032 0.004738 0.008106
9 0.755404 0.304532 0.009476 0.008475
48 0.864377 0.217207 0.018952 0.028371
48 0.859047 0.198968 0.014214 0.016949
48 0.856381 0.187546 0.008884 0.012528
48 0.825585 0.231209 0.023690 0.040899
48 0.775688 0.141673 0.016287 0.015107
48 0.748149 0.125461 0.010956 0.015844
9 0.356085 0.184230 0.006219 0.008106
9 0.361415 0.190310 0.006811 0.008475
43 0.528724 0.139094 0.011549 0.010685
9 0.496743 0.075718 0.005034 0.008475
9 0.492153 0.077745 0.005922 0.006632
10 0.471572 0.111275 0.006219 0.006632
9 0.545899 0.123618 0.006219 0.007001
48 0.604975 0.114038 0.017175 0.015107
48 0.761623 0.024687 0.024874 0.022108
48 0.764880 0.040531 0.021321 0.021371
39 0.523542 0.054901 0.005922 0.009580
39 0.529760 0.050663 0.005922 0.009211
9 0.591797 0.093220 0.012141 0.011054
39 0.594611 0.082535 0.005922 0.008843
39 0.597128 0.080508 0.005626 0.007738
39 0.600977 0.079403 0.005626 0.007738
9 0.603642 0.076640 0.005626 0.006632
9 0.589132 0.083088 0.005626 0.007738
9 0.586911 0.085114 0.005922 0.007369
5 0.434557 0.331245 0.004442 0.002948
5 0.435150 0.333088 0.004442 0.002948
5 0.436038 0.334746 0.004442 0.003316
5 0.439591 0.340641 0.004442 0.003316
5 0.440332 0.343036 0.004738 0.002948
5 0.441220 0.344878 0.003553 0.002948
5 0.441960 0.346721 0.003850 0.003685
5 0.442553 0.348563 0.003850 0.002948
5 0.443589 0.350221 0.004146 0.003316
5 0.444181 0.352432 0.002961 0.002579
5 0.445070 0.353721 0.003553 0.002948
5 0.446106 0.354827 0.003257 0.002948
5 0.455138 0.357959 0.003553 0.003316
5 0.456026 0.360722 0.003553 0.002948
5 0.457359 0.362749 0.003257 0.002579
5 0.457951 0.364591 0.003850 0.003316
5 0.547823 0.304901 0.003553 0.004790
5 0.553450 0.301216 0.002961 0.004790
5 0.555819 0.299374 0.002961 0.004790
4 0.560557 0.297900 0.002961 0.005527
5 0.564110 0.296057 0.002961 0.004790
5 0.565887 0.294584 0.002961 0.004790
5 0.567664 0.293294 0.002961 0.004422
5 0.599497 0.295136 0.003257 0.004422
5 0.597572 0.295873 0.002961 0.004422
5 0.595647 0.296979 0.002665 0.005158
5 0.593722 0.298084 0.002369 0.005158
5 0.591501 0.299189 0.002665 0.005158
5 0.589725 0.300111 0.002665 0.005527
5 0.587504 0.301216 0.002961 0.004790
5 0.585875 0.302506 0.003257 0.005158
5 0.583654 0.303058 0.002369 0.004790
5 0.581729 0.303611 0.001481 0.004422
5 0.579656 0.304901 0.002073 0.004053
5 0.577139 0.300663 0.002961 0.005158
5 0.575067 0.301584 0.002961 0.005527
5 0.572846 0.303058 0.002665 0.004790
5 0.571217 0.304164 0.002961 0.004790
5 0.577288 0.306190 0.003257 0.004422
5 0.575363 0.307664 0.002961 0.004422
5 0.573142 0.308585 0.002665 0.004053
5 0.571069 0.309691 0.002665 0.005527
5 0.568848 0.310612 0.002961 0.005158
5 0.566775 0.311901 0.002961 0.004053
5 0.564554 0.313191 0.003257 0.005158
48 0.619041 0.062270 0.012141 0.011791
39 0.626444 0.089536 0.009772 0.007369
48 0.642730 0.112933 0.007403 0.012159
9 0.620669 0.074245 0.011253 0.008475
9 0.622150 0.077745 0.010660 0.008106
9 0.623334 0.081614 0.010068 0.008475
48 0.889251 0.176308 0.007699 0.009948
48 0.960912 0.292189 0.047972 0.042741
5 0.988747 0.362380 0.002961 0.003316
5 0.993337 0.359985 0.002665 0.002948
5 0.948475 0.361275 0.003553 0.005527
48 0.932188 0.363486 0.027243 0.033530
48 0.941516 0.376566 0.019840 0.015475
5 0.905389 0.354458 0.002665 0.003685
5 0.906870 0.246315 0.003257 0.003316
48 0.908943 0.236735 0.015694 0.019528
48 0.891620 0.217760 0.007107 0.009580
5 0.811815 0.295505 0.002665 0.003685
48 0.827954 0.299742 0.014214 0.017318
48 0.817590 0.307480 0.013622 0.019528
48 0.832840 0.322402 0.025170 0.029477
5 0.846757 0.274318 0.004442 0.004790
5 0.836689 0.280582 0.004442 0.004053
48 0.856529 0.287951 0.016879 0.021002
48 0.843500 0.296610 0.018063 0.019897
48 0.863192 0.302137 0.015991 0.018423
48 0.849719 0.309322 0.016287 0.015844
5 0.878146 0.258475 0.002665 0.002579
42 0.577732 0.071113 0.005330 0.005895
42 0.582025 0.075903 0.003850 0.005895
5 0.870891 0.261791 0.002369 0.002579
48 0.878887 0.284083 0.030204 0.037583
48 0.902428 0.328666 0.033462 0.031688
48 0.850459 0.355011 0.034350 0.043110
48 0.876370 0.331245 0.015694 0.017686
48 0.866450 0.335851 0.014806 0.018055
48 0.885845 0.347089 0.014510 0.019160
48 0.875629 0.352432 0.016583 0.017318
5 0.862748 0.377119 0.003257 0.003316
5 0.853864 0.380987 0.003850 0.003685
5 0.872372 0.372144 0.002961 0.004422
48 0.874001 0.395357 0.033462 0.046426
48 0.900059 0.371776 0.016287 0.018423
48 0.890435 0.376197 0.015991 0.022108
48 0.908795 0.388725 0.015398 0.021371
48 0.899615 0.393699 0.014806 0.019528
48 0.913681 0.361091 0.016287 0.021371
48 0.923749 0.378224 0.016287 0.021002
48 0.905241 0.365144 0.007107 0.009580
48 0.918123 0.388357 0.006811 0.010317
48 0.963133 0.425940 0.032277 0.029477
48 0.904797 0.454127 0.024578 0.021002
48 0.908351 0.463707 0.024578 0.022476
48 0.984010 0.579219 0.031981 0.048637
48 0.952769 0.607590 0.039976 0.028740
48 0.974830 0.696021 0.022505 0.028740
48 0.994226 0.876566 0.011549 0.038320
48 0.958543 0.901805 0.082914 0.096168
48 0.925378 0.876934 0.031981 0.022845
48 0.902280 0.856669 0.019544 0.023581
0 0.925674 0.844141 0.008884 0.011791
11 0.968759 0.832535 0.005626 0.010685
11 0.972461 0.831245 0.005922 0.009580
48 0.993189 0.791820 0.013029 0.013265
48 0.979568 0.801216 0.008291 0.011422
48 0.959876 0.789978 0.020432 0.025055
48 0.966094 0.741525 0.018063 0.016581
48 0.944477 0.764001 0.029908 0.044584
48 0.942849 0.734340 0.008884 0.009580
48 0.962689 0.672808 0.017175 0.026529
48 0.881848 0.696758 0.071069 0.072218
48 0.899319 0.783161 0.098312 0.099853
48 0.777169 0.530766 0.092094 0.152174
48 0.745632 0.553795 0.107196 0.161385
48 0.736601 0.604274 0.071365 0.097273
5 0.990672 0.382093 0.003257 0.002948
5 0.991264 0.384119 0.004442 0.004053
5 0.992449 0.386514 0.003257 0.003685
48 0.982085 0.341194 0.035831 0.053058
48 0.976458 0.320376 0.047083 0.041636
48 0.772283 0.425571 0.012437 0.012528
48 0.770062 0.419307 0.008588 0.008843
48 0.764140 0.386514 0.012733 0.017686
48 0.779982 0.402542 0.010068 0.014370
48 0.766805 0.401253 0.015102 0.019160
48 0.713503 0.413228 0.010364 0.011422
48 0.705656 0.399963 0.009476 0.012159
54 0.666420 0.515475 0.019248 0.020634
54 0.677376 0.537767 0.019248 0.021739
48 0.571957 0.488762 0.018656 0.020265
5 0.562481 0.314480 0.002665 0.004053
5 0.560409 0.315770 0.002665 0.004422
5 0.558928 0.316507 0.003257 0.004422
5 0.557003 0.317612 0.002961 0.005158
5 0.554782 0.319270 0.003257 0.004790
5 0.552561 0.320192 0.002961 0.005158
5 0.550489 0.321665 0.002961 0.005158
5 0.555819 0.342852 0.003553 0.007001
5 0.558336 0.341194 0.003850 0.005895
5 0.571809 0.331061 0.003553 0.005527
5 0.574178 0.330140 0.003553 0.005895
5 0.575955 0.328666 0.003553 0.005158
5 0.578324 0.328482 0.003553 0.005527
5 0.580545 0.327008 0.003850 0.005527
5 0.582174 0.325350 0.002961 0.004422
5 0.583950 0.324613 0.003553 0.005158
5 0.585727 0.323692 0.003553 0.005527
5 0.586467 0.323692 0.003257 0.005527
9 0.591797 0.319823 0.003850 0.006632
9 0.589577 0.321297 0.003553 0.006632
9 0.587948 0.322034 0.003850 0.005895
5 0.589577 0.328850 0.002369 0.003316
9 0.596239 0.317060 0.003850 0.006264
9 0.598460 0.315770 0.003553 0.006632
9 0.600681 0.314480 0.003257 0.005527
9 0.602606 0.313559 0.002961 0.005895
9 0.604827 0.313007 0.003257 0.006264
9 0.606900 0.311717 0.003850 0.005158
9 0.608528 0.310243 0.003553 0.005895
5 0.564999 0.307296 0.003553 0.005158
9 0.584394 0.284819 0.003257 0.004422
9 0.586763 0.283530 0.003850 0.005527
57 0.632366 0.310427 0.009180 0.015107
13 0.621113 0.296057 0.003850 0.004053
13 0.622298 0.298452 0.003850 0.004422
48 0.200474 0.626382 0.008291 0.011791
48 0.185076 0.619934 0.009476 0.009211
9 0.373556 0.183493 0.006219 0.007369
9 0.375333 0.181282 0.005626 0.008106
9 0.378294 0.177413 0.006219 0.009211
9 0.382144 0.175203 0.005626 0.008475
9 0.394877 0.168018 0.005034 0.007369
9 0.396062 0.164702 0.006219 0.008106
9 0.401096 0.159359 0.005034 0.007738
9 0.405093 0.157148 0.005330 0.007738
9 0.407610 0.154569 0.005626 0.008475
9 0.543678 0.151437 0.005922 0.008843
48 0.875333 0.243552 0.007107 0.006632
5 0.963873 0.401990 0.004738 0.002948
5 0.903613 0.405306 0.005034 0.002948
48 0.698401 0.473839 0.021617 0.017686
48 0.751703 0.403648 0.006219 0.007001
48 0.735416 0.371776 0.008588 0.008843
48 0.754664 0.392226 0.007995 0.008475
48 0.894581 0.401253 0.009476 0.010317
48 0.941664 0.507738 0.014214 0.018423
48 0.929819 0.517133 0.025466 0.025424
48 0.812111 0.413780 0.028724 0.018423
48 0.726236 0.350958 0.009180 0.013633
5 0.817293 0.364775 0.002369 0.002948
5 0.814184 0.359433 0.002665 0.004053
48 0.628813 0.254790 0.104531 0.145542
48 0.687296 0.296057 0.021913 0.021739
48 0.819959 0.056927 0.018952 0.021002
48 0.837430 0.063559 0.018952 0.022476
48 0.708617 0.444363 0.021913 0.021371
5 0.768730 0.146279 0.003553 0.005158
48 0.940924 0.045873 0.007403 0.007738
48 0.931744 0.029477 0.008588 0.007369
48 0.518063 0.034819 0.007403 0.007001
48 0.435446 0.079219 0.007403 0.008106
48 0.164643 0.745763 0.007699 0.007369
9 0.662422 0.337693 0.010068 0.006264
56 0.674119 0.343957 0.051821 0.031319
9 0.709357 0.324797 0.009180 0.007001
9 0.707877 0.313928 0.014510 0.008843
53 0.454842 0.336404 0.058040 0.075166
53 0.574178 0.310427 0.073438 0.074797
53 0.520284 0.259212 0.126740 0.086588
51 0.717501 0.045505 0.040272 0.033530
48 0.966983 0.953390 0.039384 0.024687
9 0.555967 0.013080 0.006811 0.007001
48 0.835209 0.736367 0.007403 0.006264
48 0.944477 0.638357 0.025763 0.037951
5 0.738525 0.383751 0.003553 0.003316
48 0.730974 0.363854 0.010364 0.010685
48 0.729642 0.320560 0.013622 0.012528
9 0.734232 0.304716 0.010364 0.005895
5 0.591946 0.279845 0.002369 0.004053
42 0.522209 0.126750 0.008588 0.008843
42 0.465502 0.077929 0.006515 0.004790
42 0.556263 0.139646 0.005034 0.005895
42 0.543086 0.120118 0.004738 0.007369
