5 0.298541 0.002021 0.002735 0.004041
5 0.300668 0.002021 0.002735 0.004041
5 0.303251 0.001554 0.003039 0.003108
53 0.302340 0.008082 0.011547 0.016164
48 0.935278 0.004974 0.004862 0.008704
48 0.914919 0.007927 0.017624 0.015853
48 0.611972 0.002331 0.005469 0.004663
48 0.649954 0.002642 0.045579 0.005284
48 0.580371 0.002176 0.024309 0.004352
48 0.315710 0.007460 0.021270 0.014921
48 0.333181 0.002798 0.019751 0.005595
48 0.354907 0.003575 0.016408 0.007150
48 0.180492 0.006217 0.027347 0.012434
48 0.148435 0.118433 0.093892 0.236867
48 0.038286 0.005751 0.024309 0.011501
48 0.722577 0.011501 0.024309 0.023003
48 0.010787 0.399907 0.012458 0.008393
48 0.065937 0.415915 0.010939 0.007460
48 0.068368 0.407678 0.006685 0.010258
48 0.056822 0.406124 0.010939 0.006528
48 0.037527 0.411253 0.024613 0.018029
48 0.041781 0.428194 0.010027 0.020205
48 0.075053 0.430681 0.006685 0.011501
48 0.109541 0.462698 0.019751 0.017097
48 0.109389 0.474977 0.018839 0.009325
48 0.052720 0.460522 0.035552 0.005906
48 0.007141 0.454461 0.006381 0.027976
48 0.194774 0.460367 0.006685 0.036058
48 0.206320 0.463164 0.019447 0.030463
48 0.203130 0.480417 0.024005 0.004663
48 0.233516 0.457880 0.036767 0.019273
48 0.239745 0.473267 0.022486 0.012745
48 0.240656 0.480883 0.019447 0.003730
48 0.222577 0.475132 0.016105 0.015853
48 0.166515 0.491452 0.012154 0.017408
48 0.178821 0.491763 0.013674 0.017408
48 0.179277 0.506062 0.012762 0.012434
48 0.215740 0.493628 0.017016 0.023624
48 0.222729 0.508859 0.006685 0.006839
48 0.225160 0.491607 0.003039 0.015853
48 0.196597 0.497824 0.023093 0.030774
48 0.213765 0.508704 0.011851 0.007150
48 0.241264 0.496425 0.007293 0.022381
48 0.247797 0.493628 0.008204 0.016164
48 0.177302 0.525956 0.006989 0.009947
48 0.179885 0.542742 0.012762 0.012434
48 0.204953 0.532795 0.013066 0.014299
5 0.186418 0.539322 0.002127 0.004352
5 0.182163 0.525334 0.003950 0.005595
48 0.183683 0.533416 0.006381 0.008082
48 0.257824 0.540721 0.011243 0.011501
48 0.348982 0.494249 0.013066 0.023624
48 0.363871 0.503109 0.010027 0.010880
48 0.375418 0.496736 0.014281 0.029841
48 0.389091 0.495182 0.013674 0.027976
48 0.365390 0.510413 0.006989 0.004352
48 0.389547 0.510880 0.013370 0.003419
48 0.387420 0.525179 0.010331 0.011501
48 0.362960 0.557973 0.012458 0.016164
48 0.306442 0.546783 0.008812 0.004974
48 0.307353 0.541809 0.005166 0.005595
48 0.101337 0.542120 0.013674 0.015542
48 0.088119 0.544762 0.012762 0.010258
48 0.088271 0.533572 0.011851 0.012123
48 0.084625 0.527199 0.008812 0.008704
48 0.178365 0.603046 0.013370 0.023624
48 0.214069 0.600404 0.048921 0.031396
48 0.257217 0.606310 0.013674 0.020205
48 0.302340 0.600249 0.052264 0.030463
48 0.314646 0.618744 0.011243 0.006528
48 0.375418 0.666304 0.014281 0.030152
48 0.365998 0.647498 0.009420 0.005595
48 0.438772 0.704383 0.009723 0.013056
48 0.530082 0.660864 0.013674 0.021138
48 0.544212 0.666304 0.015193 0.023935
48 0.557277 0.676251 0.010939 0.004041
48 0.621544 0.653870 0.039198 0.009015
48 0.621999 0.665838 0.037679 0.018029
48 0.610453 0.677184 0.017016 0.006528
48 0.629596 0.677339 0.021270 0.004974
48 0.633394 0.639726 0.011243 0.007460
48 0.586448 0.632888 0.020662 0.008704
48 0.620784 0.618122 0.013978 0.009015
48 0.621088 0.632732 0.013978 0.021449
48 0.607718 0.626360 0.012762 0.024868
48 0.598450 0.616879 0.006381 0.006528
48 0.598450 0.623562 0.006381 0.006217
48 0.598602 0.630246 0.006685 0.010258
48 0.464752 0.591389 0.007596 0.015232
48 0.464297 0.609108 0.007293 0.010258
48 0.498937 0.599472 0.025524 0.029531
48 0.602249 0.533882 0.054087 0.031396
48 0.675327 0.542897 0.011243 0.009636
48 0.674567 0.525956 0.012762 0.015542
48 0.713765 0.533105 0.013370 0.030463
48 0.738833 0.532950 0.011243 0.028909
48 0.765725 0.534660 0.013370 0.012434
48 0.766181 0.525023 0.010635 0.006839
48 0.765877 0.544607 0.014281 0.007460
48 0.817988 0.474200 0.021878 0.011501
48 0.818140 0.485390 0.022182 0.011501
48 0.855515 0.453684 0.025220 0.020205
48 0.846855 0.469692 0.007900 0.011812
48 0.857034 0.439074 0.011243 0.008393
48 0.787754 0.476997 0.039198 0.058750
48 0.765573 0.475132 0.006989 0.014610
48 0.712397 0.465030 0.039198 0.036058
48 0.713765 0.499378 0.029778 0.016475
48 0.696597 0.497202 0.006989 0.029531
48 0.737162 0.465807 0.010331 0.032639
48 0.665907 0.463320 0.020966 0.035748
48 0.646156 0.463009 0.019751 0.036991
48 0.621696 0.496892 0.010939 0.028287
48 0.648587 0.496892 0.039198 0.030774
48 0.680188 0.496581 0.010635 0.010880
48 0.596019 0.493317 0.014889 0.023624
48 0.605135 0.496270 0.003950 0.028909
48 0.583561 0.489431 0.010027 0.011501
48 0.582042 0.503419 0.010635 0.013366
48 0.613795 0.499067 0.004254 0.012123
48 0.595716 0.507305 0.014281 0.009947
48 0.542540 0.454927 0.038590 0.023314
48 0.540717 0.474200 0.036767 0.016475
48 0.505166 0.459123 0.013674 0.006217
48 0.498481 0.453062 0.008204 0.005284
48 0.504862 0.446379 0.019143 0.010569
5 0.275448 0.095741 0.003950 0.004974
5 0.293984 0.100093 0.004558 0.004352
5 0.256761 0.121231 0.004862 0.002487
5 0.301884 0.098228 0.003950 0.003730
4 0.324369 0.114081 0.005773 0.002487
5 0.345184 0.134131 0.003039 0.005284
5 0.343665 0.154336 0.002431 0.004663
5 0.345640 0.166615 0.002735 0.004352
5 0.346703 0.172832 0.002431 0.004352
5 0.347919 0.178427 0.003039 0.005595
5 0.348982 0.184644 0.002735 0.004352
5 0.351261 0.199254 0.002431 0.003730
5 0.351413 0.216506 0.002735 0.004041
5 0.349894 0.221635 0.002735 0.004974
4 0.344576 0.233447 0.004254 0.005595
4 0.343665 0.243084 0.004862 0.006217
5 0.298845 0.242773 0.003950 0.001865
5 0.285779 0.243550 0.004558 0.002176
5 0.295199 0.248523 0.005166 0.002176
5 0.269979 0.243394 0.003950 0.001865
5 0.255090 0.243394 0.005166 0.002487
5 0.262230 0.248213 0.004254 0.002176
5 0.246582 0.243239 0.004558 0.002176
5 0.229414 0.243550 0.005469 0.002176
5 0.234427 0.243239 0.004558 0.002176
5 0.220602 0.248057 0.003646 0.001865
5 0.212094 0.243084 0.004254 0.001865
5 0.255849 0.202362 0.004862 0.002487
5 0.309784 0.202052 0.004558 0.002487
5 0.222425 0.165371 0.004862 0.002487
5 0.332574 0.058595 0.002127 0.004663
5 0.328016 0.059683 0.002735 0.004974
5 0.301428 0.041343 0.002431 0.004352
5 0.300061 0.035281 0.002735 0.004663
48 0.315406 0.257538 0.012154 0.012745
7 0.303403 0.265620 0.002127 0.004663
5 0.303403 0.271682 0.002127 0.004974
5 0.303555 0.277122 0.002431 0.004663
5 0.272258 0.291110 0.004862 0.002176
5 0.239745 0.285670 0.004862 0.001865
5 0.230325 0.285825 0.006077 0.002176
5 0.224856 0.285514 0.004254 0.002176
5 0.326648 0.276034 0.002431 0.004974
5 0.326800 0.280541 0.002127 0.004041
5 0.346095 0.291576 0.004862 0.002487
5 0.326800 0.291110 0.002127 0.004663
5 0.326648 0.297793 0.002431 0.005595
5 0.332878 0.296705 0.002127 0.004663
5 0.333333 0.301989 0.002431 0.005284
5 0.326952 0.304476 0.002431 0.005284
5 0.327104 0.315045 0.002127 0.004041
5 0.290793 0.333696 0.004862 0.002176
5 0.285779 0.333696 0.004558 0.002176
5 0.285020 0.331209 0.004254 0.002176
5 0.281829 0.329033 0.004558 0.002176
5 0.276512 0.329033 0.005469 0.002176
5 0.270283 0.328567 0.005773 0.002487
5 0.266484 0.334007 0.005469 0.002176
5 0.258128 0.328722 0.004558 0.002176
5 0.256305 0.333385 0.005166 0.002176
5 0.247645 0.328567 0.004254 0.001865
5 0.227894 0.329033 0.004862 0.002176
5 0.339866 0.328722 0.005166 0.002176
5 0.363263 0.333541 0.005773 0.002487
5 0.267092 0.371309 0.004862 0.002176
5 0.266332 0.375971 0.003950 0.002176
5 0.336372 0.371464 0.005469 0.002487
5 0.348222 0.371464 0.004862 0.001865
5 0.368125 0.371309 0.004558 0.002176
5 0.384534 0.371775 0.004558 0.002487
5 0.372683 0.286136 0.004558 0.002176
5 0.030690 0.399285 0.001823 0.004663
5 0.112580 0.445135 0.002735 0.005595
5 0.170769 0.517874 0.005469 0.002487
5 0.178365 0.519273 0.004862 0.002176
5 0.204041 0.522692 0.002127 0.004663
5 0.206928 0.522692 0.002431 0.004663
5 0.247797 0.507927 0.002127 0.004974
5 0.211182 0.579577 0.003039 0.005906
5 0.215284 0.578956 0.003342 0.005284
5 0.255545 0.591700 0.003646 0.005284
7 0.544515 0.639882 0.005469 0.002176
7 0.548617 0.637240 0.005166 0.002487
7 0.591917 0.639571 0.002431 0.005284
5 0.607566 0.641747 0.002127 0.004041
5 0.514129 0.594809 0.002431 0.005284
5 0.527043 0.516009 0.006381 0.003108
5 0.558949 0.515698 0.006381 0.002487
4 0.591462 0.517563 0.005773 0.002487
4 0.595716 0.513366 0.005773 0.002176
5 0.638712 0.513522 0.004862 0.002487
5 0.655272 0.514144 0.005166 0.002487
9 0.673048 0.498446 0.003039 0.007771
9 0.672744 0.505595 0.003039 0.005906
5 0.603616 0.477308 0.005773 0.002798
5 0.615011 0.475754 0.004862 0.004663
5 0.604831 0.472179 0.004558 0.001865
7 0.604224 0.461144 0.005773 0.002798
5 0.604072 0.458346 0.004862 0.002176
5 0.604224 0.455238 0.005166 0.002798
5 0.614859 0.463942 0.003342 0.004663
5 0.616530 0.462232 0.003039 0.004974
5 0.518991 0.450886 0.002431 0.005284
5 0.530234 0.437364 0.006077 0.003108
5 0.618657 0.436431 0.005469 0.002487
5 0.636281 0.437519 0.005469 0.002798
5 0.624126 0.437986 0.005469 0.002487
5 0.799757 0.435499 0.005469 0.002487
5 0.801580 0.431147 0.023701 0.008082
48 0.182315 0.018806 0.029170 0.015232
48 0.186418 0.037457 0.027651 0.014610
48 0.187177 0.050202 0.028563 0.013366
48 0.224400 0.038390 0.008812 0.009636
48 0.244758 0.029841 0.011851 0.005595
48 0.256457 0.032328 0.009116 0.011191
48 0.273473 0.031862 0.007293 0.007150
48 0.271954 0.043985 0.025524 0.021449
48 0.256761 0.051756 0.007900 0.009636
48 0.318900 0.024246 0.020359 0.022381
48 0.322546 0.045695 0.019751 0.023003
48 0.279550 0.063569 0.015801 0.013988
48 0.262382 0.063879 0.014889 0.014610
48 0.247341 0.064967 0.015193 0.014921
48 0.230781 0.066211 0.016105 0.014921
48 0.215740 0.068076 0.013978 0.015542
48 0.217259 0.057352 0.006685 0.005906
48 0.199787 0.067610 0.015497 0.015232
48 0.187481 0.094964 0.012762 0.013366
48 0.201762 0.094498 0.013978 0.014299
48 0.216651 0.093410 0.015801 0.014610
48 0.231389 0.093099 0.013674 0.013366
48 0.245974 0.091856 0.014281 0.013988
48 0.260863 0.091234 0.016105 0.013366
48 0.258432 0.107554 0.019751 0.016786
48 0.240656 0.108175 0.017016 0.017408
48 0.223944 0.109419 0.013370 0.016786
48 0.208143 0.110040 0.016408 0.016786
48 0.191887 0.110351 0.016105 0.016786
48 0.197812 0.134908 0.017016 0.016786
48 0.212397 0.135064 0.012762 0.013988
48 0.198876 0.150140 0.013674 0.014299
48 0.213309 0.149829 0.015193 0.014299
48 0.227287 0.133665 0.015193 0.016786
48 0.229414 0.149984 0.015193 0.017097
48 0.243391 0.133976 0.015193 0.014299
48 0.260255 0.131334 0.016105 0.015232
48 0.246430 0.148896 0.016408 0.013056
48 0.263598 0.147653 0.016105 0.013677
48 0.290185 0.146254 0.011547 0.010258
48 0.325433 0.128070 0.017016 0.016786
48 0.308417 0.128380 0.015193 0.016786
48 0.311455 0.145322 0.015193 0.014610
48 0.328927 0.144855 0.017320 0.014921
48 0.184290 0.069164 0.015497 0.015232
48 0.202978 0.175629 0.013370 0.013677
48 0.216348 0.175629 0.012762 0.013056
48 0.231541 0.175474 0.014585 0.013366
48 0.247493 0.175319 0.014889 0.013056
48 0.263750 0.175008 0.014585 0.013056
48 0.264813 0.191483 0.015497 0.017408
48 0.248861 0.190239 0.015193 0.014299
48 0.233516 0.192104 0.012458 0.016786
48 0.219386 0.191794 0.013978 0.015542
48 0.205409 0.192104 0.013370 0.016786
48 0.291401 0.174852 0.015193 0.013988
48 0.305682 0.174697 0.012762 0.013677
48 0.320571 0.174386 0.013370 0.013677
48 0.334853 0.174231 0.012154 0.013366
48 0.336980 0.189462 0.013370 0.013988
48 0.322242 0.191483 0.012458 0.018029
48 0.307050 0.191483 0.014281 0.017408
48 0.291857 0.191172 0.014889 0.017408
48 0.209511 0.216351 0.013066 0.013677
48 0.223488 0.216506 0.013066 0.013988
48 0.238074 0.216351 0.013066 0.014299
48 0.227742 0.232048 0.042844 0.015853
48 0.252355 0.216506 0.013066 0.013988
48 0.267700 0.216661 0.015193 0.014921
48 0.283045 0.216661 0.013066 0.015542
48 0.271346 0.232826 0.042540 0.014921
48 0.296566 0.216351 0.012762 0.014299
48 0.309936 0.216195 0.012154 0.013366
48 0.323914 0.216506 0.012762 0.013988
48 0.338195 0.215574 0.012762 0.015853
48 0.315254 0.232515 0.043452 0.014299
48 0.232300 0.256761 0.042844 0.014921
48 0.235947 0.274946 0.042844 0.015232
48 0.277575 0.256761 0.042844 0.015542
48 0.279854 0.275101 0.042540 0.014299
48 0.356427 0.256761 0.023093 0.015542
48 0.353692 0.275101 0.036463 0.014299
48 0.354755 0.299658 0.041629 0.014299
48 0.357186 0.317843 0.042844 0.014610
48 0.286691 0.299969 0.042844 0.014921
48 0.240049 0.299503 0.042540 0.014610
48 0.244151 0.317687 0.042236 0.014921
48 0.287754 0.317843 0.042540 0.014610
48 0.248253 0.342400 0.043148 0.014610
48 0.286995 0.342244 0.032513 0.014921
48 0.250836 0.360740 0.037982 0.014610
48 0.286843 0.360584 0.032817 0.014299
48 0.325585 0.342555 0.032513 0.014921
48 0.325585 0.360584 0.031905 0.014921
48 0.362504 0.342244 0.038286 0.014299
48 0.364783 0.360740 0.042844 0.014610
48 0.367821 0.384831 0.042844 0.014299
48 0.326648 0.384986 0.037071 0.015232
48 0.287754 0.384675 0.037679 0.014610
48 0.251443 0.384831 0.033121 0.014921
48 0.305074 0.089524 0.018232 0.018029
48 0.316013 0.102114 0.019447 0.019583
48 0.286995 0.124029 0.015497 0.028598
48 0.361440 0.008393 0.010027 0.005595
48 0.337132 0.010103 0.010027 0.007150
48 0.339259 0.022381 0.017320 0.008704
48 0.337891 0.015853 0.016408 0.009325
48 0.359769 0.014610 0.013978 0.008704
48 0.358098 0.023158 0.010027 0.009015
48 0.366150 0.022070 0.006685 0.009325
48 0.385749 0.012434 0.010027 0.006839
48 0.387268 0.018651 0.007596 0.004352
48 0.387572 0.034038 0.008204 0.020205
48 0.378001 0.023935 0.008508 0.024868
48 0.337283 0.031862 0.010331 0.009636
48 0.340626 0.043674 0.014585 0.010880
48 0.362200 0.034193 0.015193 0.010569
48 0.348071 0.051445 0.005773 0.005284
48 0.349134 0.047094 0.009116 0.012745
48 0.361136 0.046472 0.009420 0.012745
48 0.364631 0.055797 0.017624 0.007150
48 0.366302 0.062325 0.020359 0.010258
48 0.040869 0.012279 0.017928 0.011501
48 0.014281 0.018651 0.013978 0.011812
48 0.014889 0.027976 0.015801 0.013056
48 0.040717 0.033416 0.018232 0.013366
48 0.043148 0.022692 0.023701 0.013677
48 0.017320 0.038390 0.020055 0.012123
48 0.048921 0.061859 0.026132 0.013056
48 0.051352 0.070873 0.024309 0.014299
48 0.028715 0.083152 0.013066 0.017718
48 0.012458 0.084085 0.010331 0.020827
48 0.053783 0.081598 0.021270 0.013366
48 0.055910 0.091545 0.021270 0.013366
48 0.022486 0.106621 0.023093 0.031085
48 0.011547 0.120609 0.010331 0.018651
48 0.094804 0.411097 0.047402 0.018340
48 0.130963 0.412341 0.017016 0.035126
48 0.099210 0.430681 0.038590 0.011501
5 0.990732 0.052378 0.005773 0.002798
5 0.989669 0.036525 0.005469 0.002176
43 0.919933 0.419646 0.006381 0.013056
5 0.031297 0.065123 0.002431 0.005284
9 0.025676 0.067610 0.005166 0.003419
9 0.020662 0.088126 0.001823 0.005906
9 0.018232 0.088903 0.002431 0.005595
5 0.033273 0.097140 0.005166 0.002798
5 0.034184 0.099161 0.003950 0.002487
48 0.063051 0.110351 0.014889 0.013056
48 0.050744 0.110351 0.009723 0.007460
48 0.053479 0.117656 0.012762 0.012123
48 0.065937 0.118278 0.012762 0.009015
48 0.035400 0.125272 0.010635 0.010569
48 0.067457 0.126982 0.014585 0.013366
48 0.055150 0.127448 0.011851 0.010569
48 0.023701 0.127603 0.012762 0.012745
48 0.036159 0.161797 0.027347 0.018340
48 0.067305 0.159154 0.024613 0.012434
48 0.068824 0.149674 0.017928 0.007771
48 0.037223 0.174231 0.025828 0.014610
48 0.064266 0.169412 0.014281 0.013056
48 0.076572 0.167081 0.010331 0.010880
48 0.039198 0.184333 0.025524 0.013056
48 0.077788 0.174697 0.010939 0.005595
48 0.065330 0.176873 0.015193 0.007460
48 0.066697 0.181846 0.014889 0.007460
48 0.079003 0.179360 0.010331 0.007460
48 0.080675 0.186665 0.014281 0.009015
48 0.040109 0.195058 0.021878 0.012745
48 0.074142 0.198321 0.025524 0.013677
48 0.039806 0.205626 0.017624 0.010258
48 0.052568 0.205626 0.007900 0.005284
48 0.042996 0.214952 0.020359 0.012745
48 0.024157 0.212620 0.016712 0.007460
48 0.078699 0.207958 0.018839 0.011812
48 0.083713 0.216661 0.013066 0.010569
48 0.072318 0.218371 0.011547 0.012123
48 0.066849 0.211532 0.006685 0.007771
48 0.054391 0.222878 0.008508 0.009947
48 0.042236 0.224899 0.013978 0.011501
48 0.087663 0.224744 0.011243 0.011812
48 0.075965 0.228007 0.014585 0.012745
48 0.082194 0.236867 0.025220 0.013677
48 0.056214 0.243239 0.010331 0.010258
48 0.084017 0.246969 0.025220 0.013988
48 0.085384 0.256761 0.024916 0.012434
48 0.087815 0.264532 0.021878 0.013056
48 0.088727 0.275101 0.024916 0.013056
48 0.046794 0.256761 0.013370 0.017408
48 0.055758 0.255518 0.007596 0.010569
48 0.091765 0.285514 0.025524 0.014610
48 0.093437 0.296083 0.023397 0.011501
48 0.100729 0.304942 0.013066 0.010569
48 0.088727 0.307118 0.012762 0.010569
48 0.065026 0.292198 0.014585 0.009947
48 0.053479 0.294063 0.009116 0.009947
48 0.060012 0.306963 0.019143 0.018340
48 0.104072 0.313491 0.012458 0.010880
48 0.092981 0.315201 0.011547 0.011191
48 0.062139 0.323593 0.017928 0.014921
48 0.075053 0.325614 0.008508 0.007771
48 0.107870 0.344731 0.013370 0.010569
48 0.078699 0.348461 0.010331 0.009947
48 0.068368 0.351414 0.014585 0.011501
48 0.106351 0.353901 0.020055 0.012123
48 0.070040 0.361206 0.017320 0.012434
48 0.103008 0.365092 0.013370 0.009636
48 0.112732 0.373795 0.017016 0.012123
48 0.100729 0.375816 0.009420 0.011191
48 0.076724 0.370376 0.016712 0.010880
48 0.076421 0.380323 0.024613 0.013988
48 0.102400 0.384364 0.011547 0.009015
48 0.115618 0.382344 0.014281 0.009947
48 0.114403 0.391825 0.019751 0.009015
48 0.079915 0.391048 0.027347 0.013056
48 0.102552 0.504818 0.015497 0.017408
48 0.023701 0.508859 0.011547 0.013056
48 0.011243 0.506062 0.007900 0.015542
48 0.036919 0.543208 0.010027 0.012745
48 0.043604 0.543985 0.006989 0.012434
48 0.028715 0.542431 0.008812 0.011191
48 0.043300 0.612838 0.008204 0.009015
48 0.052112 0.615636 0.008204 0.007771
48 0.039046 0.646254 0.013066 0.015542
48 0.036463 0.658377 0.013978 0.013677
48 0.048314 0.663040 0.011547 0.014299
48 0.053935 0.651383 0.015497 0.015853
48 0.017624 0.637706 0.012762 0.013366
48 0.013522 0.649518 0.014889 0.013988
48 0.029778 0.681691 0.015801 0.015542
48 0.042996 0.688685 0.016105 0.015853
48 0.023245 0.694902 0.016105 0.014610
48 0.036919 0.700497 0.012458 0.013366
48 0.009420 0.716972 0.013370 0.013366
48 0.022030 0.722412 0.011851 0.013056
48 0.016105 0.744172 0.015193 0.017408
48 0.011091 0.758160 0.011851 0.013677
48 0.031601 0.794684 0.008508 0.010258
48 0.017624 0.849860 0.031601 0.052223
48 0.033121 0.865713 0.029778 0.042897
11 0.137800 0.935654 0.005773 0.007460
10 0.139623 0.937986 0.004558 0.005284
11 0.170921 0.954305 0.007596 0.006217
4 0.180644 0.945912 0.003950 0.003730
48 0.070951 0.610040 0.008204 0.007150
48 0.146612 0.658999 0.098754 0.084551
48 0.118505 0.684799 0.092981 0.096363
48 0.165451 0.724588 0.051352 0.054709
48 0.139927 0.759714 0.042844 0.042275
48 0.165755 0.776189 0.044060 0.048492
10 0.133546 0.784737 0.006989 0.005284
9 0.150714 0.794063 0.004254 0.004663
48 0.211942 0.765465 0.030082 0.036991
48 0.255849 0.728940 0.035855 0.037302
48 0.234579 0.734691 0.013370 0.014610
48 0.270890 0.689618 0.018535 0.022070
48 0.260863 0.682002 0.017928 0.021138
48 0.251443 0.677805 0.014889 0.018962
48 0.252659 0.695213 0.012458 0.014610
48 0.261471 0.700964 0.013674 0.013677
48 0.291857 0.711066 0.032513 0.033261
48 0.282437 0.657289 0.067761 0.058129
48 0.375722 0.723811 0.056214 0.050668
48 0.344880 0.698477 0.041933 0.041654
48 0.327864 0.674697 0.023093 0.020205
48 0.306898 0.720858 0.028563 0.031085
48 0.319356 0.734224 0.034640 0.034815
48 0.378304 0.765776 0.023093 0.026422
48 0.345032 0.782872 0.035552 0.034504
48 0.385597 0.774479 0.029778 0.033261
48 0.362352 0.794529 0.022182 0.026733
48 0.437861 0.814268 0.032817 0.033882
48 0.376026 0.801834 0.023397 0.025800
48 0.352932 0.807118 0.013674 0.011501
48 0.350501 0.813491 0.010027 0.009947
48 0.365998 0.823593 0.021574 0.017718
48 0.325433 0.824992 0.022486 0.024868
48 0.310088 0.874262 0.032513 0.040721
48 0.262838 0.810538 0.041325 0.034504
48 0.513522 0.852347 0.043756 0.039167
48 0.525068 0.838359 0.040109 0.038545
48 0.477211 0.900684 0.042236 0.038234
48 0.464600 0.915760 0.038286 0.034815
48 0.391522 0.927261 0.051352 0.047871
48 0.438165 0.897109 0.011547 0.013677
48 0.433455 0.903948 0.010635 0.010569
48 0.424795 0.973112 0.034640 0.038856
48 0.360225 0.957569 0.057429 0.049425
48 0.350805 0.985079 0.034944 0.029841
48 0.333941 0.962854 0.020055 0.017718
48 0.317229 0.934411 0.057125 0.057196
48 0.263750 0.905813 0.049833 0.046006
48 0.236706 0.882344 0.041325 0.036369
48 0.229869 0.898663 0.017928 0.014921
48 0.299757 0.821417 0.031905 0.036369
48 0.309936 0.826857 0.027955 0.035437
48 0.290641 0.841467 0.023397 0.019894
48 0.284260 0.825614 0.013066 0.016786
48 0.298238 0.858098 0.014889 0.018962
48 0.555758 0.949176 0.045579 0.057507
48 0.679885 0.951197 0.033728 0.037924
48 0.664692 0.935344 0.042844 0.050979
48 0.646004 0.908455 0.036463 0.030774
48 0.620936 0.896177 0.027043 0.027355
48 0.723640 0.909698 0.056822 0.053155
48 0.759040 0.930370 0.041325 0.046627
48 0.736554 0.890581 0.041933 0.031085
48 0.745670 0.670034 0.088727 0.096052
48 0.814494 0.693037 0.086600 0.068076
48 0.800213 0.728318 0.079307 0.058440
48 0.868429 0.708579 0.044971 0.047560
48 0.857034 0.729406 0.037375 0.023935
48 0.848071 0.748679 0.043756 0.040099
48 0.971437 0.744172 0.024916 0.021759
48 0.963993 0.759403 0.022789 0.021138
48 0.956852 0.771371 0.023701 0.022070
48 0.950471 0.786602 0.023701 0.022692
48 0.972349 0.792042 0.031601 0.034193
48 0.984655 0.766242 0.030690 0.039789
48 0.955029 0.815511 0.023701 0.021449
48 0.982376 0.831831 0.035248 0.033572
48 0.925099 0.835872 0.021574 0.022381
48 0.881343 0.753963 0.016105 0.017097
48 0.952294 0.935344 0.054087 0.050979
48 0.987694 0.952285 0.024613 0.042586
5 0.022030 0.016475 0.002735 0.004974
5 0.047554 0.128380 0.003342 0.004974
8 0.044819 0.111439 0.002735 0.005284
8 0.046946 0.122785 0.002735 0.004974
7 0.037527 0.142680 0.005166 0.003730
5 0.038286 0.137861 0.002431 0.004041
5 0.073382 0.147187 0.004558 0.002798
5 0.070799 0.188374 0.004254 0.003108
48 0.009723 0.197389 0.006685 0.008704
5 0.015193 0.264688 0.004254 0.002176
48 0.056062 0.271526 0.023397 0.009015
5 0.059253 0.274790 0.004862 0.003108
5 0.012002 0.290488 0.002735 0.004663
48 0.058949 0.284271 0.023701 0.009015
5 0.050744 0.279453 0.004862 0.003108
5 0.050896 0.281940 0.004558 0.003108
5 0.081586 0.301523 0.003342 0.005595
5 0.083105 0.316444 0.003342 0.004974
5 0.091310 0.357320 0.003342 0.005906
5 0.089942 0.375039 0.002431 0.004663
5 0.089335 0.378769 0.002431 0.004041
9 0.095564 0.379235 0.003342 0.006217
7 0.094044 0.391358 0.002127 0.004352
48 0.174263 0.426329 0.012458 0.012745
48 0.057429 0.511346 0.009116 0.006217
48 0.093285 0.624339 0.008508 0.009636
48 0.059708 0.619521 0.008812 0.007460
5 0.218171 0.724277 0.026740 0.019894
5 0.205713 0.734380 0.030386 0.023935
9 0.207688 0.721635 0.005166 0.004041
5 0.208903 0.730183 0.003950 0.003108
9 0.203434 0.726453 0.004558 0.004352
9 0.242935 0.746658 0.006381 0.005595
11 0.244607 0.795928 0.004862 0.007150
10 0.259344 0.781163 0.003950 0.004974
48 0.278791 0.802300 0.027043 0.023624
9 0.297478 0.787380 0.004862 0.004352
8 0.324066 0.808362 0.004558 0.004041
5 0.315254 0.790799 0.003342 0.003730
5 0.311304 0.789555 0.002735 0.004352
8 0.365694 0.838514 0.005166 0.004041
9 0.382103 0.846285 0.004558 0.004041
5 0.371620 0.838670 0.003646 0.003730
9 0.469614 0.865403 0.004558 0.005595
9 0.444242 0.872863 0.004862 0.006839
5 0.517168 0.814890 0.004862 0.005284
9 0.502887 0.827168 0.004254 0.004974
48 0.448800 0.855145 0.030994 0.027355
48 0.457460 0.872552 0.024613 0.031707
48 0.429353 0.853590 0.020662 0.029220
5 0.419781 0.928349 0.003950 0.005284
5 0.417806 0.926329 0.004254 0.004352
5 0.414919 0.934877 0.003950 0.005284
33 0.421301 0.952285 0.004558 0.004663
9 0.415071 0.964719 0.004862 0.003419
9 0.408235 0.971713 0.003950 0.003730
9 0.404132 0.978085 0.004254 0.003419
5 0.398815 0.966118 0.003950 0.004974
5 0.392586 0.974510 0.003039 0.004974
9 0.295655 0.904725 0.004254 0.005906
5 0.279702 0.887939 0.004558 0.004041
9 0.278791 0.891669 0.004558 0.005284
12 0.268915 0.884364 0.004862 0.003730
12 0.395472 0.970159 0.003342 0.004974
12 0.389243 0.979329 0.004254 0.005284
12 0.381039 0.976531 0.004254 0.005284
56 0.285476 0.961766 0.017320 0.014299
9 0.264053 0.860118 0.004254 0.004974
9 0.249468 0.868045 0.005469 0.004663
12 0.271042 0.849860 0.003646 0.004974
9 0.275904 0.866491 0.004254 0.005284
5 0.269219 0.863071 0.003039 0.004041
39 0.280310 0.866335 0.006989 0.009325
9 0.277727 0.833074 0.003039 0.004974
11 0.169705 0.957569 0.008204 0.005906
11 0.168186 0.959590 0.008812 0.006839
13 0.152537 0.928194 0.005469 0.008704
48 0.154512 0.919957 0.020359 0.018962
48 0.143118 0.913584 0.010939 0.010569
48 0.137800 0.921044 0.010635 0.009325
9 0.133090 0.933478 0.003646 0.003730
48 0.134002 0.925552 0.007900 0.007150
48 0.130659 0.928349 0.006077 0.006528
48 0.127925 0.932701 0.006685 0.005906
48 0.123823 0.937364 0.009420 0.009636
48 0.129444 0.940317 0.007293 0.008704
48 0.132027 0.942648 0.004558 0.007150
48 0.136433 0.944358 0.006685 0.006839
48 0.139623 0.946845 0.006381 0.006217
48 0.143877 0.949798 0.006381 0.005906
48 0.148435 0.951197 0.006381 0.006839
48 0.152841 0.954461 0.007293 0.006528
48 0.157247 0.956947 0.006989 0.007150
48 0.162413 0.960833 0.006381 0.006839
48 0.333485 0.526422 0.008204 0.010258
48 0.355363 0.524246 0.008812 0.010880
48 0.320571 0.527510 0.010939 0.009325
48 0.366910 0.533882 0.008204 0.005906
11 0.412337 0.511346 0.003039 0.004974
11 0.414768 0.510258 0.004254 0.004663
48 0.405652 0.522692 0.014585 0.010880
48 0.419325 0.521915 0.012762 0.009325
48 0.345336 0.058750 0.015497 0.008704
48 0.346551 0.065278 0.015497 0.008704
48 0.367669 0.072428 0.019447 0.014299
48 0.347159 0.072894 0.016105 0.009636
48 0.348830 0.079111 0.015801 0.008393
48 0.370708 0.089991 0.019447 0.013988
48 0.348982 0.086571 0.016105 0.010880
48 0.352476 0.093099 0.009723 0.008393
48 0.345488 0.095431 0.007900 0.008704
48 0.353996 0.104290 0.012154 0.009636
48 0.369644 0.102114 0.012458 0.009636
48 0.356275 0.111595 0.011243 0.008082
48 0.371771 0.113615 0.011851 0.007771
48 0.354603 0.126671 0.016408 0.013366
48 0.353996 0.118122 0.015801 0.005595
48 0.382558 0.133509 0.008508 0.007771
48 0.382255 0.122164 0.008508 0.010569
48 0.372683 0.125894 0.011243 0.017408
48 0.383014 0.162108 0.013674 0.013366
48 0.386205 0.172210 0.015193 0.008082
48 0.365998 0.178272 0.016712 0.008393
48 0.367214 0.184955 0.013674 0.007460
48 0.369037 0.196456 0.016105 0.009325
48 0.367821 0.191016 0.014889 0.007150
48 0.358554 0.148741 0.012762 0.007771
48 0.361288 0.157911 0.017016 0.009947
48 0.369644 0.207491 0.016712 0.010258
48 0.390307 0.204072 0.016712 0.009636
48 0.392282 0.214486 0.017624 0.012434
48 0.371468 0.215263 0.018535 0.009636
48 0.393953 0.223189 0.017320 0.008082
48 0.375874 0.232826 0.017624 0.009947
48 0.374354 0.226919 0.017624 0.009947
48 0.381647 0.271837 0.018232 0.013988
48 0.387724 0.300901 0.017624 0.009325
48 0.384382 0.285670 0.017624 0.014921
48 0.386053 0.293907 0.017928 0.008393
48 0.387876 0.308206 0.017320 0.009015
48 0.412337 0.327324 0.015193 0.013677
48 0.390763 0.318775 0.017624 0.010880
48 0.397448 0.324992 0.006077 0.006528
48 0.390003 0.326080 0.008812 0.007460
48 0.414464 0.337426 0.014585 0.010880
48 0.415223 0.347840 0.015497 0.009947
48 0.417198 0.355145 0.015193 0.006528
48 0.419781 0.361672 0.012458 0.009015
5 0.404132 0.358875 0.004862 0.002798
48 0.395624 0.230805 0.017624 0.013988
48 0.391067 0.237488 0.007900 0.009325
48 0.392586 0.245260 0.007900 0.007460
48 0.401246 0.242617 0.011851 0.011501
48 0.398815 0.252409 0.017320 0.010569
48 0.395472 0.358875 0.012458 0.010258
48 0.396688 0.337426 0.006989 0.007771
48 0.406108 0.305253 0.013066 0.011191
48 0.411425 0.296550 0.006685 0.006217
48 0.403677 0.299036 0.008812 0.004352
48 0.405196 0.286292 0.017928 0.010569
48 0.406260 0.292198 0.015801 0.006217
48 0.398359 0.368666 0.016408 0.007460
48 0.400182 0.374417 0.018232 0.006528
48 0.401246 0.380479 0.017320 0.007460
48 0.400486 0.386385 0.015193 0.006217
48 0.420845 0.370065 0.013370 0.007771
48 0.404284 0.391825 0.007596 0.006528
48 0.423124 0.377059 0.011243 0.007460
48 0.394257 0.351259 0.010027 0.007460
48 0.400182 0.343643 0.006077 0.007150
48 0.393953 0.344731 0.007596 0.008082
48 0.390003 0.338980 0.005773 0.007150
48 0.388332 0.345819 0.004254 0.006528
48 0.403829 0.276034 0.015801 0.011812
48 0.502431 0.012279 0.021574 0.013366
48 0.512306 0.076313 0.024309 0.020827
48 0.509116 0.053777 0.022182 0.023624
48 0.504406 0.029375 0.024916 0.025800
48 0.536615 0.041965 0.018839 0.013677
48 0.544060 0.052689 0.010027 0.008393
48 0.534184 0.054399 0.009723 0.008704
48 0.542692 0.085173 0.014585 0.011191
48 0.539806 0.077246 0.013674 0.009015
48 0.517624 0.099938 0.022789 0.027666
48 0.581738 0.020982 0.021574 0.012123
48 0.581586 0.031085 0.015193 0.011191
48 0.611516 0.009481 0.014281 0.009636
48 0.564114 0.023935 0.014281 0.011191
48 0.580978 0.011968 0.021878 0.010880
48 0.610757 0.023780 0.019447 0.013988
48 0.566697 0.034193 0.015193 0.011812
48 0.606958 0.034504 0.008812 0.008704
48 0.613036 0.041032 0.018535 0.010569
48 0.614099 0.049425 0.019447 0.010569
48 0.587359 0.063879 0.015193 0.013988
48 0.570799 0.053311 0.013674 0.010880
48 0.573382 0.083618 0.020662 0.012434
48 0.571711 0.071340 0.016712 0.013988
48 0.571559 0.062014 0.009116 0.009015
48 0.563051 0.063569 0.007900 0.006528
48 0.578851 0.092011 0.011547 0.010569
48 0.592069 0.100093 0.013674 0.012434
48 0.577180 0.099472 0.014889 0.006839
48 0.576421 0.104601 0.015193 0.007150
48 0.580371 0.112061 0.015801 0.012745
48 0.593589 0.109730 0.013066 0.009947
48 0.623975 0.104134 0.019143 0.009325
48 0.647675 0.015387 0.010027 0.019583
48 0.625950 0.012900 0.008508 0.015853
48 0.636433 0.013522 0.013674 0.015853
48 0.636433 0.023469 0.006989 0.006528
48 0.627621 0.024868 0.007596 0.007460
48 0.691735 0.030619 0.009420 0.013366
48 0.700699 0.030774 0.009116 0.013056
48 0.711334 0.030152 0.010939 0.015542
48 0.721361 0.030308 0.009116 0.013366
48 0.732908 0.031551 0.010939 0.015232
48 0.702522 0.045384 0.026132 0.016164
48 0.719234 0.047560 0.009723 0.009325
48 0.742935 0.018185 0.018232 0.013366
48 0.743543 0.029531 0.013978 0.007460
48 0.745670 0.034349 0.014585 0.007150
48 0.669249 0.066211 0.022182 0.016164
48 0.673352 0.086260 0.022486 0.016475
48 0.704953 0.076780 0.023093 0.014921
48 0.730021 0.076935 0.027043 0.015232
48 0.737162 0.090457 0.015801 0.013056
48 0.722577 0.090612 0.013370 0.012123
48 0.704953 0.099627 0.021878 0.027666
48 0.714069 0.129779 0.025524 0.017097
48 0.741568 0.129313 0.026436 0.018651
48 0.784868 0.125272 0.017016 0.024246
48 0.747949 0.147498 0.015497 0.012123
48 0.718627 0.160553 0.020055 0.015853
48 0.746430 0.161020 0.023397 0.015542
48 0.743239 0.174852 0.028563 0.013988
48 0.731237 0.161641 0.008812 0.015542
48 0.733060 0.201585 0.033728 0.017718
48 0.733819 0.216817 0.033424 0.014610
48 0.761926 0.200964 0.008204 0.018340
48 0.912033 0.035437 0.032513 0.019273
48 0.943482 0.039478 0.018839 0.021138
48 0.962321 0.034815 0.026132 0.019273
48 0.903525 0.056885 0.014281 0.025490
48 0.918718 0.073827 0.034944 0.017097
48 0.767244 0.018962 0.017016 0.011191
48 0.768611 0.028443 0.016105 0.010880
48 0.770283 0.038390 0.016408 0.010880
48 0.746430 0.039633 0.016105 0.008393
48 0.773473 0.058440 0.015497 0.011812
48 0.771802 0.048803 0.014585 0.010569
48 0.774537 0.068076 0.015801 0.009947
48 0.779246 0.077868 0.011851 0.010258
48 0.753874 0.083618 0.017624 0.008704
48 0.756001 0.098850 0.017624 0.008704
48 0.781981 0.097140 0.011851 0.010258
48 0.780462 0.087504 0.011851 0.010880
48 0.860073 0.140504 0.015497 0.037302
48 0.765725 0.124650 0.007900 0.018651
48 0.756761 0.126515 0.008204 0.018651
48 0.807809 0.262667 0.020966 0.038545
48 0.803707 0.238421 0.017016 0.014921
48 0.852325 0.211999 0.032817 0.065278
6 0.929809 0.159465 0.006077 0.011812
6 0.934063 0.158533 0.006685 0.012434
6 0.927226 0.128847 0.011243 0.005284
9 0.934215 0.141592 0.006381 0.004041
5 0.973716 0.158067 0.004558 0.002176
5 0.978578 0.143301 0.002127 0.004974
5 0.992100 0.144234 0.002431 0.004974
5 0.973716 0.171433 0.004558 0.002176
5 0.978426 0.176717 0.001823 0.004041
9 0.919933 0.148741 0.003950 0.006528
9 0.925251 0.157445 0.003039 0.005906
48 0.965360 0.137084 0.009723 0.007460
48 0.941963 0.144545 0.007900 0.008704
5 0.964297 0.020516 0.002127 0.005595
5 0.958067 0.016941 0.002431 0.005906
5 0.963081 0.014299 0.002735 0.005595
5 0.977818 0.012745 0.002431 0.005595
5 0.980553 0.011035 0.002431 0.005284
7 0.988150 0.026422 0.005469 0.003108
5 0.984351 0.044141 0.004558 0.002487
5 0.983744 0.059838 0.005166 0.003419
5 0.981161 0.067299 0.002431 0.005284
5 0.984047 0.113460 0.003950 0.002487
5 0.986326 0.119210 0.004254 0.002798
5 0.974172 0.120454 0.004862 0.003419
5 0.966272 0.124184 0.003039 0.005906
5 0.970222 0.126049 0.003039 0.004663
5 0.968702 0.128536 0.001823 0.004663
5 0.966272 0.130090 0.002431 0.004663
48 0.940292 0.115325 0.014889 0.034193
9 0.921452 0.105533 0.006381 0.003419
48 0.344424 0.993472 0.042236 0.013056
48 0.678213 0.987411 0.066241 0.025179
6 0.553631 0.979173 0.006077 0.005595
5 0.526892 0.959279 0.004254 0.003108
5 0.786995 0.998757 0.003646 0.002487
5 0.798238 0.981504 0.003646 0.005284
10 0.903981 0.132577 0.005469 0.004041
10 0.926314 0.121853 0.007596 0.004352
9 0.929353 0.124339 0.006381 0.003108
9 0.925403 0.118122 0.006381 0.003730
9 0.920845 0.113926 0.006381 0.003419
9 0.919325 0.109574 0.006381 0.003419
9 0.931024 0.134597 0.007293 0.003730
9 0.914008 0.097762 0.007293 0.003419
5 0.963993 0.093099 0.002127 0.004663
9 0.982680 0.098384 0.002431 0.004663
9 0.983592 0.103202 0.002431 0.004974
5 0.979186 0.149829 0.004558 0.003730
5 0.981009 0.143146 0.002127 0.005284
5 0.986174 0.143146 0.002127 0.004663
5 0.989213 0.143923 0.002127 0.004974
5 0.994986 0.143767 0.002127 0.004663
4 0.991188 0.176096 0.017624 0.008393
48 0.954877 0.136618 0.012458 0.009636
48 0.956396 0.144389 0.013066 0.007771
5 0.971133 0.169102 0.004254 0.003108
48 0.986782 0.244793 0.026436 0.019583
48 0.980097 0.281473 0.025220 0.014610
48 0.980249 0.322039 0.039502 0.037302
48 0.964904 0.354057 0.044060 0.023624
5 0.995746 0.342244 0.002431 0.004974
5 0.982376 0.351881 0.004862 0.004974
5 0.979034 0.352036 0.004254 0.004041
5 0.058341 0.210445 0.002431 0.004974
5 0.061987 0.227230 0.003039 0.004352
5 0.070951 0.251321 0.002735 0.005284
5 0.269979 0.882188 0.003950 0.003108
5 0.267548 0.886385 0.004558 0.003419
5 0.234579 0.876438 0.003039 0.004663
7 0.267092 0.861828 0.004254 0.005906
5 0.274689 0.884831 0.004862 0.004041
5 0.273929 0.887317 0.005166 0.004663
48 0.635521 0.932080 0.038590 0.036369
48 0.597235 0.929748 0.020359 0.014921
48 0.578396 0.961921 0.041629 0.054399
9 0.813431 0.994871 0.004254 0.005906
5 0.817229 0.988965 0.003342 0.005284
11 0.821027 0.979639 0.005469 0.009015
9 0.826952 0.982437 0.003342 0.006528
44 0.831510 0.958502 0.005773 0.009015
10 0.826800 0.959901 0.004254 0.006217
10 0.837435 0.947000 0.003646 0.005906
5 0.835005 0.944047 0.003646 0.006217
5 0.838347 0.961766 0.003039 0.004974
5 0.833333 0.972956 0.003342 0.004974
5 0.846551 0.944824 0.003646 0.005284
5 0.813582 0.962698 0.003342 0.004352
5 0.791553 0.913273 0.003646 0.004352
5 0.800517 0.906590 0.003342 0.005284
9 0.790945 0.898663 0.005469 0.004352
9 0.799605 0.898353 0.005773 0.008082
7 0.796870 0.896954 0.003342 0.005284
7 0.802947 0.907212 0.003950 0.005906
10 0.825585 0.924153 0.004862 0.005595
9 0.846247 0.928660 0.003646 0.005906
5 0.839410 0.935344 0.003950 0.005595
4 0.807201 0.954772 0.003950 0.005284
4 0.823154 0.967827 0.003646 0.005284
4 0.830902 0.951818 0.003950 0.005595
4 0.832270 0.928971 0.004254 0.005906
14 0.815102 0.983991 0.008812 0.016475
9 0.848374 0.932390 0.005469 0.007771
5 0.850805 0.937519 0.003646 0.004974
5 0.846095 0.920423 0.003342 0.004974
14 0.856427 0.916382 0.005166 0.007460
5 0.854452 0.912652 0.003646 0.004974
5 0.859161 0.919801 0.003342 0.004974
7 0.829687 0.898663 0.003950 0.006217
39 0.861896 0.896487 0.005166 0.008082
5 0.854603 0.885141 0.003342 0.005284
9 0.843665 0.886851 0.004558 0.004974
48 0.960802 0.887007 0.074142 0.066211
48 0.906715 0.861828 0.035248 0.043830
48 0.922060 0.865247 0.027651 0.033882
48 0.915071 0.885608 0.017928 0.018651
48 0.888028 0.889338 0.017928 0.023003
10 0.864023 0.900839 0.005773 0.008704
10 0.837283 0.877215 0.006989 0.008704
10 0.870860 0.876904 0.006685 0.009947
10 0.877089 0.873795 0.006381 0.010569
10 0.841234 0.947156 0.005773 0.009947
9 0.878153 0.863071 0.003646 0.005906
7 0.871012 0.870842 0.003950 0.005284
9 0.887268 0.853124 0.006077 0.011501
9 0.891067 0.855145 0.003342 0.005595
9 0.867366 0.859030 0.003342 0.005284
5 0.874810 0.843177 0.003039 0.005284
5 0.867214 0.851570 0.003646 0.005284
5 0.859921 0.851103 0.003646 0.005595
5 0.859465 0.845353 0.003342 0.005284
5 0.853996 0.845975 0.002735 0.004663
7 0.889547 0.832763 0.003950 0.005595
9 0.896992 0.833541 0.009116 0.016475
7 0.882255 0.827479 0.003950 0.004974
5 0.875266 0.819397 0.003950 0.006217
9 0.886053 0.810693 0.006077 0.008704
9 0.881495 0.819863 0.005469 0.007771
9 0.906108 0.813646 0.005469 0.008393
9 0.903373 0.811626 0.004254 0.006217
5 0.911425 0.831365 0.003950 0.002798
4 0.912944 0.828722 0.005166 0.003108
11 0.881647 0.797327 0.008812 0.016786
9 0.875874 0.798415 0.003950 0.005906
9 0.894561 0.801057 0.004254 0.006217
7 0.899423 0.790799 0.004254 0.005595
4 0.914008 0.807896 0.003646 0.004352
4 0.913248 0.801989 0.003342 0.004352
7 0.973108 0.813802 0.005773 0.003730
5 0.936038 0.795617 0.003950 0.002798
48 0.936493 0.810693 0.021878 0.024246
48 0.871923 0.751632 0.011243 0.017408
48 0.874810 0.770438 0.017624 0.022692
9 0.885749 0.778210 0.004254 0.005906
9 0.889699 0.769039 0.006685 0.009947
9 0.911425 0.767330 0.004558 0.007150
9 0.927833 0.769506 0.007596 0.011501
9 0.909298 0.761890 0.006989 0.009947
5 0.894865 0.758781 0.003646 0.004974
5 0.935582 0.785670 0.003039 0.004663
5 0.932999 0.784737 0.003342 0.005284
4 0.937253 0.776189 0.002735 0.003108
4 0.938772 0.774168 0.003342 0.002798
4 0.940747 0.771682 0.003039 0.003419
5 0.941507 0.768573 0.003342 0.004663
4 0.942571 0.766397 0.004254 0.005284
5 0.943938 0.764532 0.002735 0.004041
5 0.946825 0.758471 0.003646 0.004974
4 0.949711 0.753031 0.003342 0.004041
9 0.936645 0.743705 0.009420 0.016475
9 0.929960 0.749611 0.003342 0.005906
7 0.937709 0.750389 0.003646 0.005595
9 0.923883 0.736245 0.008812 0.015232
9 0.942723 0.743550 0.003342 0.005595
9 0.902461 0.742306 0.003646 0.004974
7 0.940596 0.726609 0.003342 0.005284
9 0.907323 0.732670 0.003039 0.004974
9 0.905044 0.737333 0.002735 0.003730
5 0.951990 0.730494 0.003646 0.004974
5 0.905956 0.712465 0.002127 0.003108
48 0.899271 0.722878 0.013674 0.020827
9 0.912792 0.720858 0.003039 0.004352
5 0.917806 0.709978 0.002735 0.005595
5 0.921301 0.701896 0.003039 0.005595
9 0.955637 0.712931 0.006685 0.010258
9 0.949559 0.715263 0.009116 0.015542
6 0.979945 0.719615 0.004254 0.004974
6 0.987694 0.712310 0.005773 0.004663
5 0.991340 0.705471 0.004558 0.003419
7 0.991948 0.702984 0.004558 0.004041
7 0.983592 0.698788 0.004862 0.003730
5 0.982072 0.700964 0.004254 0.003108
9 0.967335 0.687442 0.009420 0.017718
9 0.940140 0.674697 0.006685 0.010258
9 0.954725 0.674852 0.003646 0.005595
9 0.932239 0.677961 0.003646 0.006217
5 0.986174 0.694125 0.004558 0.003730
5 0.994986 0.696301 0.003342 0.003108
53 0.987238 0.702984 0.025524 0.043208
9 0.981161 0.672832 0.003039 0.005906
9 0.977059 0.675940 0.003342 0.005284
9 0.971437 0.668169 0.003039 0.005284
9 0.968247 0.667703 0.003342 0.005595
11 0.957004 0.658067 0.009420 0.016164
5 0.941507 0.656979 0.003342 0.004663
5 0.939532 0.662263 0.003646 0.004663
5 0.980401 0.657445 0.003342 0.004974
9 0.951686 0.643146 0.004254 0.005595
9 0.944850 0.649518 0.003950 0.005906
9 0.986022 0.643457 0.006685 0.009947
6 0.989821 0.645943 0.003950 0.004974
5 0.982072 0.644389 0.003039 0.003730
9 0.989669 0.628847 0.003039 0.004974
5 0.985415 0.630090 0.003039 0.004352
4 0.975084 0.629624 0.002431 0.004041
9 0.977666 0.613771 0.008812 0.016475
9 0.993315 0.616724 0.003646 0.006217
7 0.980401 0.573671 0.003342 0.005284
7 0.987390 0.558284 0.003342 0.005595
48 0.989973 0.529531 0.018232 0.025179
48 0.979793 0.478551 0.040413 0.038234
48 0.931936 0.460833 0.072318 0.045695
48 0.889091 0.440939 0.021878 0.028287
48 0.990125 0.454616 0.019751 0.025800
48 0.956548 0.413740 0.048010 0.038545
48 0.986630 0.428039 0.026740 0.027976
48 0.837132 0.397731 0.015801 0.007150
48 0.842297 0.390737 0.012762 0.009325
48 0.852932 0.391669 0.009116 0.006839
48 0.860529 0.392757 0.006077 0.007150
48 0.867214 0.392602 0.006685 0.006217
6 0.874354 0.382655 0.003950 0.011812
6 0.841689 0.378614 0.011547 0.004352
9 0.929505 0.421822 0.009723 0.006217
9 0.934366 0.426484 0.005469 0.003108
9 0.938924 0.434411 0.005469 0.007771
9 0.942419 0.436121 0.005166 0.008082
9 0.967183 0.433168 0.008508 0.005906
9 0.975691 0.436898 0.009116 0.005284
9 0.967183 0.446534 0.004862 0.007150
4 0.982224 0.439229 0.004558 0.003730
7 0.878456 0.357320 0.005469 0.003419
7 0.872379 0.353901 0.006077 0.002798
11 0.996658 0.407989 0.002431 0.005284
9 0.841993 0.460056 0.003039 0.006217
39 0.970678 0.446534 0.005166 0.008393
42 0.948192 0.438763 0.005166 0.007771
42 0.944850 0.438297 0.003950 0.006839
7 0.875874 0.349860 0.005773 0.003419
6 0.872075 0.344887 0.012154 0.005284
6 0.871164 0.339291 0.011547 0.004663
6 0.871012 0.335717 0.011851 0.004974
48 0.884078 0.341623 0.005166 0.003108
48 0.882103 0.336960 0.007900 0.007460
4 0.878456 0.353901 0.004862 0.002176
48 0.832118 0.331675 0.010635 0.011812
5 0.835916 0.342555 0.004862 0.004352
7 0.841993 0.336338 0.004862 0.002487
5 0.836676 0.324681 0.005166 0.004663
48 0.883774 0.348150 0.005773 0.004974
48 0.797478 0.343799 0.023397 0.056574
48 0.788362 0.283805 0.031297 0.067143
48 0.863415 0.183556 0.010027 0.030152
9 0.909450 0.149518 0.007293 0.003730
9 0.904892 0.145011 0.006077 0.002798
48 0.981313 0.176407 0.002127 0.005284
48 0.842145 0.170656 0.015497 0.009325
48 0.769219 0.170034 0.022789 0.049114
48 0.778031 0.219148 0.024005 0.048492
7 0.791401 0.242462 0.002735 0.005595
9 0.795199 0.265309 0.003039 0.005284
9 0.800820 0.288623 0.002735 0.005906
5 0.817533 0.350948 0.003342 0.002487
4 0.806898 0.293286 0.003342 0.002176
48 0.809936 0.297638 0.010027 0.008393
5 0.793376 0.205937 0.004862 0.002798
5 0.792768 0.191327 0.003646 0.002176
48 0.787451 0.144855 0.016105 0.016786
48 0.791249 0.164750 0.017016 0.026733
4 0.784868 0.159621 0.002431 0.004041
5 0.779702 0.145011 0.002431 0.004663
5 0.717563 0.118278 0.003950 0.004663
33 0.710422 0.118122 0.004862 0.004352
48 0.728654 0.134908 0.002431 0.004974
48 0.727742 0.146565 0.002431 0.005284
5 0.725767 0.146410 0.002127 0.004352
5 0.699180 0.128070 0.003039 0.005595
5 0.692647 0.122941 0.003342 0.005284
7 0.725919 0.171744 0.005469 0.002798
7 0.719842 0.171278 0.005469 0.002487
4 0.725311 0.174075 0.004862 0.002487
4 0.719234 0.174075 0.005469 0.002487
48 0.751443 0.061703 0.025524 0.039478
48 0.731237 0.046161 0.014889 0.013988
48 0.719690 0.061237 0.007596 0.017408
6 0.704801 0.066211 0.002735 0.005595
48 0.640383 0.797327 0.090854 0.073360
48 0.791097 0.758626 0.073230 0.064346
48 0.693558 0.741996 0.126709 0.104445
48 0.843968 0.788312 0.056214 0.057818
48 0.762230 0.797482 0.101793 0.094809
48 0.815406 0.825459 0.053783 0.067454
9 0.982072 0.403948 0.004862 0.003419
9 0.986326 0.406590 0.004254 0.003108
9 0.992252 0.408144 0.005166 0.002487
5 0.514889 0.014765 0.004558 0.004041
5 0.515497 0.017718 0.003950 0.003730
5 0.523701 0.023314 0.002127 0.004974
5 0.516256 0.020361 0.003646 0.003419
5 0.516712 0.023469 0.003342 0.003419
5 0.516864 0.026422 0.003646 0.004352
5 0.525524 0.035281 0.002735 0.005284
5 0.518383 0.033882 0.003646 0.003108
5 0.518535 0.037146 0.004558 0.004663
5 0.519295 0.039789 0.004254 0.003730
5 0.520055 0.045228 0.003950 0.004041
5 0.520662 0.047871 0.003950 0.003730
5 0.521118 0.052223 0.004254 0.004352
5 0.523701 0.066988 0.004558 0.004041
5 0.535855 0.095120 0.002735 0.006217
5 0.527955 0.113926 0.003950 0.004041
5 0.523701 0.114237 0.004558 0.003419
5 0.520359 0.115169 0.003950 0.004041
5 0.517168 0.115636 0.004254 0.003730
5 0.514433 0.116257 0.004254 0.004352
5 0.531146 0.123718 0.005469 0.002487
5 0.532209 0.125894 0.005773 0.002487
5 0.540413 0.124184 0.002735 0.004663
5 0.545427 0.117345 0.002431 0.005284
5 0.555454 0.115014 0.002431 0.004974
5 0.559556 0.096829 0.002735 0.004663
5 0.526132 0.128691 0.005773 0.002487
5 0.515497 0.135219 0.005773 0.002487
5 0.516408 0.142524 0.005773 0.002798
5 0.516712 0.145322 0.005166 0.002798
5 0.520055 0.139416 0.002735 0.005284
5 0.515497 0.137706 0.005773 0.003108
5 0.522941 0.137240 0.003039 0.005284
5 0.521118 0.149984 0.003646 0.005284
5 0.524157 0.149984 0.003039 0.004663
5 0.530538 0.152782 0.004862 0.002798
5 0.524005 0.154492 0.003950 0.004352
5 0.527347 0.149363 0.003950 0.004663
5 0.529626 0.148896 0.003039 0.004352
5 0.534640 0.148430 0.002735 0.004041
5 0.537071 0.155424 0.004558 0.004352
5 0.540109 0.163662 0.003950 0.004663
5 0.540869 0.168014 0.004254 0.004663
5 0.542236 0.173143 0.003950 0.004352
5 0.542084 0.176717 0.003039 0.004041
9 0.526436 0.130867 0.005773 0.002487
5 0.534032 0.136929 0.005166 0.002176
5 0.542236 0.135219 0.002127 0.003730
5 0.514889 0.132888 0.005166 0.002176
5 0.516105 0.140504 0.005773 0.002487
5 0.546035 0.199720 0.004254 0.004663
5 0.548010 0.210289 0.004558 0.004663
5 0.551960 0.214641 0.002735 0.005906
5 0.549985 0.220236 0.003646 0.004041
5 0.549073 0.217905 0.003039 0.003730
5 0.547554 0.207958 0.003646 0.004352
5 0.554087 0.244172 0.003950 0.004041
5 0.554087 0.247125 0.004558 0.004352
5 0.555150 0.252720 0.003646 0.003730
5 0.556518 0.263289 0.004558 0.004974
5 0.560012 0.260802 0.003039 0.005595
5 0.557885 0.264998 0.004254 0.004663
5 0.557581 0.268418 0.004862 0.004663
5 0.558341 0.271060 0.004558 0.004974
5 0.562443 0.293752 0.003646 0.004352
5 0.562443 0.299813 0.004254 0.004663
5 0.563810 0.302145 0.003950 0.004974
5 0.564266 0.304632 0.004254 0.004352
5 0.564570 0.308051 0.005469 0.004352
5 0.566849 0.321728 0.005166 0.003108
5 0.553935 0.329966 0.004254 0.002798
5 0.548465 0.328256 0.005469 0.002487
5 0.548465 0.330743 0.006077 0.002487
5 0.548617 0.034193 0.002127 0.004974
5 0.558493 0.064035 0.002431 0.004352
5 0.560316 0.075692 0.003039 0.005906
5 0.558189 0.090146 0.002431 0.004352
48 0.584321 0.160709 0.022486 0.014299
48 0.559708 0.170811 0.020055 0.010258
48 0.530538 0.182624 0.027347 0.049425
48 0.537830 0.228940 0.028563 0.048182
48 0.545731 0.276811 0.032209 0.047560
48 0.551960 0.311937 0.024613 0.028909
5 0.615163 0.309139 0.005166 0.002176
5 0.605439 0.302922 0.002735 0.005284
48 0.562595 0.190084 0.022182 0.018340
5 0.625342 0.201896 0.003646 0.005906
48 0.561683 0.207181 0.013674 0.016475
48 0.566393 0.226142 0.015801 0.009636
48 0.565634 0.217749 0.016105 0.009636
48 0.571711 0.257072 0.017928 0.009947
48 0.573230 0.264843 0.016105 0.009325
48 0.573686 0.272925 0.010939 0.009947
5 0.575661 0.291887 0.005166 0.003108
5 0.574445 0.289245 0.005773 0.002798
48 0.585992 0.170967 0.020966 0.009947
48 0.636889 0.184800 0.024309 0.020827
48 0.609085 0.175163 0.025220 0.032639
48 0.588271 0.183556 0.022486 0.021449
48 0.594652 0.221013 0.023093 0.037302
48 0.612276 0.203140 0.020055 0.009636
48 0.614099 0.221946 0.015193 0.009947
48 0.617593 0.234846 0.023397 0.023314
48 0.641598 0.197700 0.017928 0.009325
48 0.642662 0.205316 0.015193 0.009015
48 0.643725 0.213087 0.018535 0.010880
48 0.645852 0.221324 0.016712 0.009947
48 0.600577 0.253186 0.022182 0.013366
5 0.590398 0.244638 0.002431 0.004352
5 0.617593 0.264688 0.004558 0.002176
5 0.623671 0.263133 0.002735 0.002176
48 0.602552 0.270127 0.021878 0.022381
48 0.622759 0.280385 0.014281 0.011812
48 0.607566 0.283339 0.018535 0.012123
48 0.586144 0.284893 0.005469 0.002798
48 0.626709 0.299036 0.014889 0.011191
48 0.631267 0.286136 0.014889 0.009015
48 0.619720 0.271682 0.010027 0.013056
48 0.654512 0.283494 0.018839 0.009947
48 0.655576 0.276034 0.014281 0.009325
48 0.652841 0.267641 0.019751 0.009947
48 0.651018 0.258781 0.022182 0.012745
48 0.579155 0.304632 0.014585 0.010569
48 0.576269 0.318309 0.005773 0.010569
48 0.586752 0.327945 0.020662 0.011812
48 0.586448 0.351414 0.014585 0.009636
48 0.592677 0.358875 0.021574 0.009636
48 0.617442 0.251477 0.010939 0.012434
5 0.615466 0.258004 0.005773 0.002487
48 0.614859 0.211999 0.021574 0.011812
48 0.647372 0.228318 0.017928 0.009636
48 0.648131 0.236090 0.021878 0.010880
5 0.650258 0.328722 0.002431 0.004041
5 0.648891 0.339602 0.002127 0.004041
48 0.633090 0.167237 0.011243 0.012434
5 0.657399 0.366801 0.002127 0.004974
5 0.501215 0.324681 0.002735 0.005284
48 0.652993 0.155113 0.015801 0.024868
48 0.570799 0.248523 0.020359 0.011501
48 0.571711 0.239509 0.021574 0.009015
48 0.662109 0.326080 0.023701 0.021138
48 0.658007 0.298726 0.019751 0.009947
48 0.630052 0.309294 0.021574 0.011812
48 0.633546 0.318620 0.023093 0.012434
48 0.634458 0.328412 0.021878 0.011501
48 0.613491 0.341623 0.012762 0.013056
48 0.665603 0.350016 0.022789 0.019894
48 0.592981 0.366957 0.020359 0.009636
48 0.620480 0.414827 0.021878 0.033882
48 0.622607 0.380479 0.024309 0.013056
48 0.603768 0.970003 0.046794 0.053777
48 0.633546 0.978707 0.057125 0.042586
5 0.990125 0.010103 0.002735 0.005284
5 0.991948 0.016786 0.002735 0.004974
5 0.986478 0.010103 0.002735 0.004663
5 0.983592 0.010258 0.003039 0.004974
5 0.966272 0.013211 0.002431 0.005906
5 0.978730 0.035281 0.003646 0.002176
5 0.978882 0.039789 0.003950 0.002487
5 0.978274 0.030308 0.005166 0.002798
5 0.970981 0.046161 0.004558 0.002176
5 0.960650 0.047560 0.005166 0.002487
5 0.937101 0.020827 0.004254 0.003108
5 0.887724 0.020982 0.002735 0.006528
5 0.846703 0.020361 0.006381 0.002798
5 0.891826 0.045850 0.003646 0.006528
5 0.983592 0.142680 0.002431 0.004352
9 0.922212 0.764532 0.004862 0.007150
4 0.948040 0.729095 0.003646 0.004663
48 0.007293 0.672832 0.012762 0.017097
5 0.017776 0.672832 0.003342 0.005906
5 0.015497 0.708735 0.004862 0.003730
5 0.004558 0.731116 0.002431 0.003730
5 0.016408 0.733758 0.005469 0.003419
5 0.020662 0.735312 0.003039 0.002798
5 0.025372 0.744482 0.003342 0.004974
5 0.024005 0.748990 0.003039 0.003419
5 0.022486 0.753497 0.003039 0.004352
5 0.020662 0.757849 0.003646 0.004352
5 0.018080 0.763910 0.002735 0.004663
48 0.996658 0.726298 0.006685 0.051290
48 0.993923 0.907678 0.012154 0.059683
48 0.993315 0.805564 0.013370 0.032639
33 0.976603 0.409698 0.005469 0.003730
5 0.984655 0.696145 0.003950 0.003419
9 0.959587 0.442338 0.004862 0.006839
39 0.962473 0.444047 0.005773 0.007771
42 0.973260 0.447777 0.003646 0.005906
5 0.875874 0.860118 0.003342 0.005595
