48 0.175023 0.002798 0.011547 0.005595
48 0.210119 0.002176 0.011851 0.004352
48 0.332726 0.002487 0.012762 0.004974
48 0.341538 0.004196 0.012154 0.008393
48 0.368733 0.003108 0.014889 0.006217
48 0.380431 0.005595 0.011547 0.011191
48 0.388788 0.007927 0.013674 0.015853
48 0.402005 0.009015 0.018232 0.018029
48 0.484959 0.004974 0.020662 0.009947
48 0.663324 0.010413 0.040717 0.020827
48 0.805682 0.008704 0.017320 0.017408
48 0.543148 0.005595 0.016105 0.011191
5 0.532817 0.004196 0.003342 0.004663
48 0.522182 0.006839 0.020359 0.013677
48 0.501823 0.011657 0.022182 0.020827
48 0.425555 0.006062 0.013674 0.012123
48 0.431784 0.008393 0.016408 0.016786
48 0.441355 0.010569 0.014281 0.018029
48 0.818900 0.015698 0.013978 0.031396
48 0.861440 0.009947 0.009723 0.011812
48 0.831966 0.024091 0.010331 0.048182
48 0.193710 0.010724 0.020966 0.021449
48 0.127013 0.001710 0.009723 0.003419
48 0.157095 0.004196 0.011547 0.008393
48 0.024613 0.014765 0.033424 0.029531
5 0.001215 0.638794 0.002431 0.003730
48 0.029019 0.677028 0.058037 0.067765
53 0.981465 0.943426 0.023701 0.017408
48 0.991796 0.599627 0.016408 0.039167
48 0.993011 0.618744 0.013978 0.012123
5 0.993771 0.940939 0.003950 0.002487
5 0.994227 0.947777 0.002431 0.004352
53 0.995898 0.943892 0.008204 0.016475
5 0.431328 0.993783 0.002735 0.004352
9 0.311911 0.995182 0.005773 0.002798
48 0.375114 0.978396 0.109085 0.043208
5 0.927833 0.998446 0.004558 0.002487
53 0.934670 0.990830 0.017624 0.018340
10 0.342601 0.993783 0.005166 0.003108
48 0.540261 0.016475 0.016408 0.014299
5 0.534032 0.036525 0.004558 0.003419
48 0.533121 0.028909 0.021574 0.017408
48 0.527043 0.044762 0.017928 0.018651
5 0.515953 0.027510 0.004254 0.002798
48 0.516712 0.017097 0.020359 0.017408
51 0.469918 0.071651 0.035552 0.024557
48 0.517624 0.037146 0.013674 0.011501
48 0.514737 0.044141 0.011547 0.012434
5 0.411729 0.019428 0.004254 0.004041
5 0.418414 0.027976 0.005469 0.003730
5 0.438620 0.036680 0.005773 0.003730
48 0.450015 0.013677 0.013370 0.019894
48 0.458827 0.019894 0.012762 0.011812
48 0.469614 0.022070 0.013066 0.016164
48 0.479186 0.025334 0.015801 0.019583
48 0.487846 0.029064 0.015497 0.019583
48 0.501519 0.037302 0.022182 0.014299
48 0.425099 0.019894 0.028563 0.021138
48 0.441659 0.027976 0.015497 0.019273
48 0.459587 0.030463 0.031297 0.019894
48 0.463841 0.041187 0.008204 0.008393
48 0.480401 0.042120 0.023701 0.019583
48 0.501519 0.048959 0.025828 0.018340
5 0.391067 0.044762 0.004862 0.004974
5 0.388180 0.049270 0.003950 0.004663
48 0.411273 0.038390 0.020359 0.020205
48 0.399271 0.050824 0.013978 0.017097
48 0.406411 0.054243 0.017320 0.019583
48 0.424187 0.039322 0.013370 0.009636
48 0.420693 0.047871 0.016105 0.015542
48 0.430568 0.047715 0.017624 0.018340
48 0.441051 0.053621 0.011243 0.010258
48 0.449407 0.054088 0.016408 0.020516
48 0.501215 0.093410 0.020359 0.019583
48 0.484351 0.108175 0.012154 0.017408
48 0.475387 0.106310 0.017320 0.020516
48 0.428593 0.087659 0.017320 0.017408
48 0.437253 0.094809 0.011547 0.013677
48 0.444850 0.095586 0.010331 0.015232
48 0.460802 0.098384 0.027043 0.022692
48 0.437557 0.059994 0.013370 0.009947
48 0.423124 0.064812 0.016712 0.011501
5 0.398815 0.064035 0.004558 0.003108
5 0.394409 0.062325 0.004254 0.002798
9 0.383318 0.070873 0.005773 0.006839
6 0.390307 0.070096 0.006989 0.005284
6 0.388788 0.073049 0.006989 0.004352
48 0.388636 0.081753 0.020662 0.013056
48 0.472197 0.058750 0.012154 0.008082
5 0.366454 0.102580 0.003039 0.004352
48 0.376785 0.090612 0.006077 0.005906
48 0.372531 0.098073 0.009723 0.011501
48 0.368277 0.105999 0.007900 0.008082
48 0.393497 0.111284 0.023093 0.019273
48 0.428593 0.143146 0.011851 0.010880
48 0.422060 0.160553 0.017016 0.027666
48 0.407931 0.161952 0.007596 0.006217
48 0.410058 0.151383 0.008812 0.011812
48 0.358706 0.130401 0.023397 0.035748
48 0.365846 0.132266 0.013978 0.014610
48 0.361592 0.142680 0.012762 0.011812
48 0.377849 0.129624 0.008812 0.007460
48 0.803251 0.041343 0.016712 0.019894
5 0.812063 0.048026 0.003950 0.002798
5 0.854907 0.019894 0.003950 0.003730
5 0.853084 0.027510 0.003342 0.002798
48 0.801580 0.023780 0.015801 0.015232
5 0.863719 0.031085 0.003950 0.002487
5 0.881495 0.021449 0.003039 0.003730
5 0.865542 0.040410 0.003950 0.002487
5 0.777879 0.072894 0.005469 0.002176
5 0.754330 0.063258 0.003342 0.005906
48 0.766181 0.059994 0.029474 0.010569
48 0.803859 0.062791 0.019751 0.015542
48 0.816469 0.068231 0.007293 0.005906
48 0.821027 0.060460 0.009723 0.006528
48 0.827864 0.065900 0.006381 0.013677
5 0.816469 0.097451 0.003039 0.005284
48 0.819356 0.098384 0.005166 0.006528
5 0.740960 0.135685 0.002127 0.004041
5 0.736554 0.136618 0.002431 0.005284
48 0.737922 0.113304 0.003950 0.004663
48 0.753418 0.115480 0.011851 0.008393
5 0.733212 0.141436 0.003039 0.003108
48 0.749012 0.147498 0.013978 0.009015
48 0.749164 0.134908 0.017928 0.022381
48 0.767244 0.133043 0.028563 0.041654
5 0.781070 0.167081 0.003950 0.002798
9 0.807050 0.185577 0.003039 0.005595
48 0.798541 0.187442 0.006077 0.006217
48 0.810544 0.186975 0.006381 0.008393
48 0.813886 0.172521 0.006381 0.005595
48 0.818444 0.175319 0.010027 0.015542
48 0.821483 0.181069 0.004558 0.006528
48 0.784108 0.234224 0.006381 0.007771
5 0.842753 0.241374 0.003342 0.005284
9 0.847615 0.238110 0.005773 0.011191
5 0.826800 0.306030 0.003039 0.005284
5 0.829079 0.309761 0.003342 0.004663
6 0.814646 0.333230 0.003646 0.005595
5 0.800820 0.359496 0.003342 0.004041
5 0.801580 0.382344 0.003039 0.004974
5 0.797934 0.398197 0.003039 0.004974
5 0.791857 0.420267 0.003039 0.004974
5 0.791705 0.435654 0.003342 0.004041
5 0.781373 0.458346 0.003342 0.005284
5 0.790793 0.453994 0.003342 0.005284
48 0.176238 0.047560 0.015801 0.017408
5 0.152233 0.026578 0.003039 0.005284
5 0.202218 0.019894 0.003342 0.004974
5 0.209663 0.022070 0.003039 0.004352
5 0.211334 0.023314 0.002735 0.004352
5 0.213765 0.024402 0.003342 0.004663
48 0.208903 0.040099 0.011851 0.010569
48 0.218627 0.043674 0.012458 0.009015
48 0.356730 0.019117 0.012154 0.013366
48 0.352021 0.029531 0.011243 0.012434
48 0.360985 0.035592 0.013370 0.018340
48 0.367821 0.041654 0.012458 0.011812
48 0.373747 0.024557 0.022486 0.021138
48 0.378912 0.042897 0.015801 0.018029
48 0.388484 0.029841 0.013674 0.016786
5 0.336372 0.044762 0.003039 0.004352
48 0.345640 0.054243 0.027043 0.020205
48 0.363415 0.067765 0.008508 0.006839
48 0.369189 0.070252 0.007293 0.006217
48 0.356275 0.075536 0.027651 0.024246
48 0.347919 0.086571 0.023701 0.016475
5 0.332726 0.093721 0.004862 0.002798
5 0.315558 0.082841 0.003342 0.004663
48 0.343968 0.094653 0.018839 0.013366
48 0.353996 0.100093 0.010939 0.011191
48 0.292768 0.094964 0.022182 0.025179
48 0.305378 0.093876 0.013978 0.014299
48 0.301124 0.104911 0.010939 0.012745
48 0.309936 0.108642 0.013978 0.014610
48 0.314950 0.098073 0.012458 0.012123
48 0.319812 0.111439 0.015497 0.016475
48 0.324673 0.101492 0.014281 0.014610
48 0.332422 0.107709 0.013978 0.018962
48 0.342297 0.110973 0.014889 0.020516
48 0.286083 0.112216 0.016105 0.015542
48 0.280766 0.097140 0.009723 0.009015
48 0.278791 0.088436 0.007596 0.008393
48 0.295807 0.116724 0.014281 0.014610
48 0.306138 0.120298 0.013066 0.016164
48 0.312975 0.123873 0.012154 0.014610
48 0.321787 0.130401 0.010331 0.009015
48 0.336828 0.131023 0.019751 0.021449
48 0.257065 0.114548 0.015193 0.016475
48 0.265725 0.119988 0.015497 0.018651
48 0.275144 0.124806 0.013674 0.018340
48 0.284108 0.128691 0.013978 0.017408
48 0.294895 0.131955 0.013066 0.018340
48 0.303403 0.135375 0.013674 0.017718
48 0.311000 0.138949 0.014281 0.020516
48 0.325737 0.145943 0.029778 0.024557
5 0.342297 0.154958 0.003342 0.005284
5 0.266484 0.134287 0.006685 0.003108
48 0.251747 0.135219 0.017928 0.014299
48 0.245670 0.144389 0.014281 0.011501
5 0.258736 0.148741 0.003342 0.004041
5 0.256153 0.154803 0.004254 0.004974
48 0.267700 0.144545 0.012762 0.015542
48 0.262078 0.156823 0.012458 0.011501
5 0.278639 0.139726 0.005469 0.003419
5 0.300517 0.148741 0.004254 0.003419
5 0.307201 0.151228 0.004862 0.002798
5 0.312671 0.153404 0.003646 0.002798
48 0.275600 0.148275 0.015193 0.016164
48 0.283804 0.151539 0.013978 0.017097
48 0.293832 0.157756 0.012762 0.011501
48 0.303555 0.160398 0.014585 0.018651
48 0.312519 0.165371 0.013066 0.014921
48 0.319812 0.166304 0.010635 0.017408
48 0.324066 0.168791 0.010635 0.018651
5 0.327712 0.176407 0.003342 0.005284
48 0.269979 0.162729 0.013066 0.015853
48 0.279094 0.168480 0.014281 0.018651
48 0.288514 0.170967 0.013674 0.018029
48 0.297782 0.175319 0.015193 0.017408
48 0.307961 0.180137 0.018535 0.022070
48 0.316773 0.184489 0.017320 0.019583
5 0.260103 0.173143 0.004254 0.003108
5 0.280614 0.181380 0.005773 0.004041
5 0.299605 0.189462 0.004862 0.003419
48 0.242328 0.157756 0.019143 0.020205
48 0.233668 0.173143 0.015801 0.016786
48 0.242935 0.175940 0.014281 0.018029
48 0.252355 0.179515 0.013066 0.017718
48 0.261167 0.183401 0.014281 0.014921
48 0.269827 0.189151 0.012154 0.014610
48 0.280310 0.190706 0.014281 0.017718
48 0.292160 0.195835 0.016712 0.014299
48 0.300365 0.199720 0.010635 0.018962
48 0.309025 0.202829 0.017016 0.018962
5 0.317229 0.201430 0.003646 0.005595
5 0.317229 0.212465 0.003646 0.004663
5 0.311911 0.217905 0.003950 0.005595
48 0.302644 0.216817 0.017624 0.020205
48 0.291857 0.214019 0.014889 0.018962
48 0.281981 0.209823 0.013978 0.016786
48 0.274081 0.205626 0.015193 0.019583
48 0.266029 0.199720 0.013066 0.013988
48 0.257217 0.194747 0.013066 0.013988
48 0.246430 0.194125 0.014585 0.018962
48 0.236858 0.191016 0.013674 0.017097
5 0.240504 0.203917 0.005773 0.003730
5 0.212549 0.190706 0.005166 0.003419
48 0.208143 0.181691 0.030994 0.023935
48 0.227287 0.183867 0.013978 0.013988
48 0.224096 0.190395 0.008204 0.007771
48 0.165147 0.161175 0.015497 0.016475
48 0.181252 0.166926 0.032513 0.027976
5 0.158159 0.149052 0.005773 0.002798
5 0.158766 0.147031 0.005773 0.002487
5 0.158918 0.144234 0.005469 0.003108
48 0.240656 0.067920 0.016408 0.015853
48 0.185506 0.054243 0.008204 0.007150
48 0.187633 0.047560 0.009420 0.006839
5 0.210119 0.027666 0.005166 0.003108
48 0.221665 0.036214 0.013674 0.012745
5 0.221209 0.021604 0.003039 0.004041
48 0.219386 0.013366 0.017016 0.012434
48 0.230629 0.020050 0.015193 0.013988
48 0.123823 0.008859 0.013674 0.015232
48 0.130659 0.017097 0.004862 0.007460
48 0.136281 0.012279 0.016712 0.015232
48 0.121392 0.027510 0.010635 0.009636
48 0.108933 0.033727 0.006989 0.008393
48 0.115163 0.049891 0.006077 0.007771
48 0.121392 0.098694 0.008812 0.008393
48 0.122759 0.091856 0.004862 0.005906
48 0.128532 0.119988 0.021878 0.037302
48 0.129140 0.148430 0.013978 0.020205
48 0.141294 0.152316 0.013370 0.011812
48 0.132027 0.164750 0.010027 0.014299
48 0.141750 0.163196 0.012458 0.012434
5 0.151474 0.159310 0.003950 0.002798
48 0.136129 0.175008 0.010331 0.009947
48 0.147827 0.172676 0.015497 0.012123
5 0.155272 0.169879 0.003039 0.004663
5 0.159678 0.183712 0.002127 0.003730
48 0.145093 0.185577 0.022789 0.018029
48 0.148587 0.189462 0.014585 0.007150
48 0.149499 0.194436 0.013978 0.006528
48 0.149499 0.199876 0.013370 0.006839
48 0.147979 0.205471 0.020055 0.006217
48 0.149347 0.213398 0.016712 0.011501
5 0.160589 0.188063 0.002735 0.004352
5 0.161805 0.203295 0.003342 0.005595
48 0.150714 0.222412 0.018839 0.013988
5 0.162261 0.229251 0.002431 0.004041
48 0.149954 0.231738 0.024005 0.012745
48 0.142966 0.242928 0.012458 0.010880
48 0.154816 0.241996 0.016712 0.010880
5 0.166667 0.243705 0.003342 0.004974
48 0.150410 0.255984 0.027955 0.019583
5 0.152233 0.277432 0.005469 0.003419
5 0.157247 0.276811 0.004558 0.003419
48 0.158766 0.265465 0.021574 0.020516
48 0.170161 0.269350 0.017016 0.021449
5 0.182619 0.263289 0.005469 0.003108
48 0.182771 0.274946 0.021574 0.026422
48 0.200851 0.283649 0.028563 0.027666
48 0.220602 0.290799 0.034640 0.029531
48 0.239593 0.300280 0.024613 0.027355
48 0.256609 0.308051 0.026436 0.026111
5 0.266788 0.315978 0.003646 0.005284
5 0.246126 0.324992 0.004862 0.003419
5 0.244758 0.316599 0.002127 0.004663
6 0.240656 0.314579 0.003039 0.004352
6 0.236706 0.312714 0.003039 0.004352
6 0.233212 0.311781 0.002735 0.005595
5 0.230325 0.309450 0.003039 0.004663
5 0.226223 0.306963 0.002127 0.003419
5 0.223792 0.306341 0.002735 0.003419
6 0.220905 0.305098 0.002431 0.004663
5 0.216955 0.303388 0.003039 0.004352
6 0.210878 0.301212 0.003646 0.004974
6 0.207536 0.299503 0.003039 0.004663
5 0.194622 0.265154 0.006381 0.004352
5 0.209815 0.271526 0.004558 0.003419
5 0.220298 0.275878 0.004254 0.003419
48 0.174719 0.228007 0.017624 0.013988
48 0.172896 0.237333 0.013370 0.013988
48 0.171984 0.247125 0.008508 0.011812
48 0.185962 0.233292 0.015801 0.019583
48 0.185050 0.250078 0.024309 0.023314
48 0.195229 0.237799 0.013066 0.018029
48 0.204041 0.241685 0.016105 0.016475
48 0.203889 0.258004 0.022486 0.021138
5 0.208295 0.233292 0.003950 0.002798
48 0.217867 0.264998 0.012762 0.018962
48 0.215132 0.245260 0.012154 0.016164
48 0.223336 0.248834 0.013370 0.017718
48 0.231237 0.252564 0.012762 0.015232
48 0.232300 0.266864 0.018535 0.015853
48 0.239137 0.256450 0.016408 0.018651
48 0.243695 0.276811 0.014585 0.017718
48 0.249620 0.260336 0.014889 0.017097
48 0.257065 0.264998 0.016408 0.019583
48 0.253418 0.279142 0.015193 0.019894
48 0.268004 0.269195 0.015801 0.016164
5 0.278335 0.262356 0.005469 0.003108
48 0.262230 0.280385 0.013370 0.013056
48 0.264509 0.289866 0.011243 0.008393
48 0.272713 0.285048 0.012458 0.011191
48 0.278943 0.272148 0.017624 0.015232
5 0.289426 0.281940 0.003342 0.004352
5 0.285931 0.289711 0.003039 0.004352
5 0.283652 0.294840 0.003342 0.004041
5 0.297174 0.248368 0.003039 0.004352
9 0.300820 0.240908 0.005469 0.008704
48 0.291857 0.238887 0.011851 0.010880
48 0.287906 0.249301 0.011851 0.012434
48 0.281981 0.235779 0.012154 0.010880
48 0.276967 0.247746 0.014281 0.019894
48 0.273321 0.230183 0.014889 0.015232
48 0.267244 0.243861 0.015497 0.019583
48 0.265269 0.226453 0.015193 0.014610
48 0.258888 0.240131 0.013370 0.017718
48 0.165755 0.183090 0.014281 0.017408
48 0.168490 0.199876 0.014281 0.019273
48 0.176390 0.205937 0.014889 0.019583
48 0.179429 0.189618 0.023397 0.021138
48 0.185354 0.210289 0.016408 0.019583
48 0.191887 0.194902 0.016105 0.019894
48 0.201307 0.198011 0.014889 0.019273
48 0.195229 0.213242 0.016105 0.019273
48 0.204041 0.217439 0.015497 0.019583
48 0.213613 0.221324 0.017016 0.019894
48 0.207991 0.200964 0.011243 0.015853
48 0.220298 0.206093 0.016408 0.019273
48 0.234579 0.213087 0.022486 0.021449
48 0.223488 0.225054 0.011851 0.016786
48 0.232148 0.227230 0.012762 0.014299
48 0.240504 0.231738 0.014281 0.016475
48 0.249164 0.237333 0.015193 0.019583
48 0.251139 0.220392 0.022789 0.021138
48 0.201307 0.324837 0.083561 0.064657
5 0.243239 0.339913 0.005166 0.004041
5 0.253266 0.358098 0.003950 0.006217
48 0.262838 0.341312 0.006685 0.006217
48 0.269219 0.353901 0.004862 0.005906
48 0.254786 0.363537 0.022789 0.040721
48 0.236706 0.373795 0.007900 0.005284
4 0.154968 0.326546 0.003039 0.005906
5 0.155576 0.333074 0.002431 0.005284
48 0.142510 0.359652 0.010939 0.008082
48 0.144181 0.371309 0.012458 0.016475
48 0.141143 0.351259 0.018535 0.006839
48 0.140535 0.343177 0.016105 0.011191
48 0.156487 0.343643 0.006685 0.007771
48 0.140231 0.329344 0.013674 0.012745
48 0.103768 0.323593 0.014281 0.013056
48 0.118505 0.323904 0.010939 0.014921
48 0.127469 0.320019 0.008812 0.009015
48 0.128380 0.329344 0.012458 0.012123
5 0.225311 0.417625 0.003950 0.005906
5 0.300972 0.421822 0.003342 0.003730
48 0.280310 0.454616 0.011243 0.012745
48 0.283500 0.444824 0.013978 0.012434
48 0.295959 0.428505 0.024916 0.023314
48 0.295047 0.450109 0.013978 0.011191
48 0.289274 0.457880 0.015801 0.013056
5 0.278031 0.313180 0.003039 0.004041
5 0.284564 0.310227 0.005773 0.004352
5 0.294743 0.314734 0.005469 0.003419
48 0.286387 0.324060 0.029474 0.028287
48 0.300061 0.329344 0.013674 0.018962
48 0.307809 0.331520 0.013370 0.017718
48 0.326952 0.343488 0.039502 0.032950
48 0.350501 0.352191 0.023397 0.024246
48 0.360985 0.359963 0.013978 0.014921
48 0.365087 0.352502 0.011243 0.012434
5 0.372379 0.353279 0.003950 0.005906
5 0.320571 0.326546 0.004862 0.004041
5 0.334701 0.332297 0.005166 0.003730
48 0.343209 0.373485 0.010635 0.009015
48 0.353692 0.374728 0.013370 0.007150
48 0.391067 0.372397 0.020055 0.013677
48 0.390155 0.361517 0.027955 0.018651
5 0.377849 0.338203 0.003342 0.004352
48 0.384686 0.348928 0.010939 0.011501
48 0.397296 0.354523 0.020966 0.015853
5 0.379976 0.333385 0.003950 0.005284
48 0.386509 0.339136 0.012154 0.011812
48 0.398511 0.345042 0.021574 0.014921
5 0.386357 0.317066 0.003950 0.004974
48 0.390459 0.332297 0.010331 0.008082
48 0.404588 0.334784 0.019143 0.014299
48 0.403829 0.324371 0.018232 0.014610
48 0.405500 0.314579 0.012458 0.011191
48 0.411577 0.307274 0.019143 0.014610
48 0.413096 0.297016 0.022182 0.015853
48 0.415527 0.286913 0.020966 0.014921
48 0.419174 0.278365 0.023397 0.014610
48 0.416743 0.266086 0.008204 0.009325
48 0.425251 0.269817 0.015497 0.013677
48 0.428289 0.259869 0.013674 0.011191
5 0.414312 0.253963 0.003950 0.005595
5 0.416895 0.247435 0.003039 0.004352
48 0.431632 0.247125 0.019751 0.021138
48 0.436342 0.236090 0.016408 0.013366
48 0.436038 0.226142 0.008508 0.008393
48 0.443634 0.226919 0.011547 0.011812
48 0.445761 0.216817 0.014585 0.012745
48 0.450775 0.210755 0.014889 0.011191
48 0.456852 0.224899 0.005166 0.005906
48 0.456092 0.196301 0.016408 0.015232
48 0.443634 0.193659 0.015193 0.023624
48 0.433151 0.190395 0.015497 0.023314
5 0.411729 0.233914 0.004254 0.003419
5 0.422820 0.232981 0.002735 0.004041
6 0.425251 0.226919 0.003342 0.005595
5 0.430568 0.215574 0.003646 0.004663
5 0.432239 0.210289 0.003950 0.004663
48 0.422516 0.191638 0.010635 0.009636
48 0.425555 0.182313 0.011243 0.013366
48 0.415375 0.180758 0.013370 0.015232
48 0.406411 0.175629 0.013674 0.013677
48 0.394105 0.180448 0.010331 0.009636
48 0.397600 0.173920 0.013066 0.014610
48 0.373747 0.139416 0.010939 0.010258
48 0.369493 0.148275 0.012154 0.012434
48 0.381343 0.149518 0.018232 0.019894
48 0.351109 0.153870 0.014281 0.013056
48 0.356275 0.157911 0.013674 0.019894
48 0.361440 0.161175 0.008812 0.015232
48 0.370100 0.163196 0.012154 0.016164
48 0.384686 0.167237 0.023701 0.022381
5 0.336068 0.170190 0.002431 0.003419
5 0.329383 0.203140 0.004862 0.003419
5 0.340626 0.207181 0.003646 0.002798
48 0.341082 0.175474 0.017928 0.020827
48 0.338803 0.194747 0.027347 0.023935
48 0.352780 0.181691 0.021878 0.020205
48 0.353692 0.200497 0.016408 0.021138
48 0.367214 0.188063 0.019143 0.021138
48 0.363719 0.201741 0.015193 0.016164
48 0.378304 0.192415 0.015801 0.018029
48 0.373139 0.206870 0.013978 0.019583
48 0.388788 0.199876 0.017928 0.015542
48 0.382103 0.211066 0.014889 0.019273
48 0.399575 0.200964 0.010331 0.017718
48 0.392130 0.213242 0.013066 0.013677
48 0.392434 0.221169 0.013674 0.010880
48 0.401854 0.218527 0.013066 0.016164
48 0.406260 0.204538 0.013978 0.014921
48 0.408083 0.223034 0.016408 0.019583
48 0.419325 0.207647 0.022486 0.020516
48 0.416439 0.231427 0.010635 0.009015
48 0.420237 0.223345 0.012154 0.012123
48 0.326193 0.211999 0.018535 0.018029
48 0.320723 0.226142 0.016712 0.019583
48 0.340626 0.234224 0.013978 0.017097
48 0.345336 0.218993 0.015497 0.020205
48 0.348678 0.238110 0.015497 0.018029
48 0.354755 0.223656 0.014281 0.018340
48 0.364631 0.228785 0.015801 0.019894
48 0.363567 0.245104 0.020359 0.020205
48 0.372531 0.232204 0.013370 0.013677
48 0.378001 0.247591 0.013370 0.015232
48 0.382710 0.234380 0.014889 0.014921
48 0.386053 0.250699 0.013066 0.012745
48 0.393953 0.257383 0.014889 0.014921
48 0.391370 0.238887 0.015193 0.017718
48 0.400334 0.241685 0.015497 0.017718
48 0.403373 0.262045 0.014889 0.016164
48 0.409906 0.247280 0.015193 0.020205
5 0.381647 0.265620 0.004862 0.002798
5 0.391978 0.269350 0.004254 0.003419
5 0.365087 0.296860 0.005773 0.003108
5 0.400790 0.284737 0.003039 0.004352
5 0.397903 0.292664 0.003342 0.004663
5 0.305530 0.270905 0.005166 0.003419
48 0.314038 0.241996 0.013066 0.010880
48 0.310240 0.248834 0.015193 0.012123
48 0.304467 0.260802 0.018232 0.018029
5 0.316773 0.237333 0.004558 0.003419
5 0.323154 0.239975 0.005166 0.003730
48 0.322242 0.251010 0.016105 0.017718
48 0.315710 0.262823 0.012154 0.012123
48 0.329839 0.254896 0.013674 0.017408
48 0.322091 0.268107 0.018232 0.017718
48 0.339259 0.258781 0.014281 0.017718
48 0.332270 0.273080 0.014889 0.015853
5 0.331966 0.282251 0.005166 0.003108
6 0.341538 0.247591 0.006077 0.004041
48 0.348982 0.261890 0.017320 0.018340
48 0.342905 0.276811 0.016712 0.018962
5 0.355059 0.253808 0.004558 0.003419
48 0.356882 0.265776 0.015497 0.018029
6 0.360377 0.256606 0.005469 0.003419
5 0.365542 0.258160 0.004254 0.002798
48 0.366150 0.271526 0.013370 0.013366
48 0.377089 0.272770 0.014585 0.016475
48 0.385141 0.279142 0.013066 0.011191
48 0.394713 0.281007 0.016408 0.017408
48 0.353084 0.278365 0.014585 0.015232
5 0.351717 0.290333 0.005166 0.003108
48 0.361440 0.282872 0.014889 0.015542
48 0.371164 0.288623 0.014281 0.018340
48 0.382103 0.293597 0.016712 0.020205
48 0.390763 0.295772 0.013370 0.019583
48 0.297022 0.281784 0.016712 0.018962
48 0.290641 0.295151 0.014281 0.017718
48 0.307201 0.285670 0.014585 0.018651
48 0.300517 0.301368 0.015801 0.020205
48 0.310088 0.301989 0.013674 0.017097
48 0.317685 0.290488 0.017928 0.021449
48 0.316317 0.308984 0.018839 0.020516
48 0.330751 0.297948 0.018535 0.015853
6 0.318140 0.318775 0.006077 0.003419
48 0.327864 0.311470 0.015193 0.020516
48 0.336980 0.315511 0.015801 0.019273
48 0.342449 0.302300 0.012762 0.013988
48 0.352476 0.304321 0.014585 0.015542
48 0.345032 0.319708 0.017320 0.020205
48 0.361136 0.308362 0.014281 0.016786
48 0.357490 0.319242 0.011851 0.011191
48 0.369493 0.311781 0.013370 0.014299
48 0.380583 0.316910 0.016712 0.018340
48 0.359769 0.331675 0.007293 0.008704
48 0.363263 0.322505 0.010027 0.010880
48 0.365694 0.327479 0.011851 0.017718
48 0.373899 0.329189 0.013066 0.013056
5 0.015193 0.597296 0.004862 0.003419
5 0.039502 0.649207 0.004862 0.003419
5 0.134002 0.638794 0.004862 0.003108
5 0.205257 0.689618 0.005166 0.002798
5 0.175782 0.650606 0.005773 0.003108
9 0.231389 0.671744 0.010027 0.004974
5 0.212094 0.655113 0.005469 0.002798
5 0.220146 0.661486 0.004558 0.003108
5 0.218627 0.636307 0.004558 0.003108
5 0.238074 0.666459 0.005166 0.003108
9 0.271498 0.683090 0.005166 0.003419
5 0.256609 0.679204 0.005166 0.003108
5 0.253570 0.673764 0.006381 0.004041
5 0.263142 0.679826 0.005469 0.003730
5 0.265725 0.677339 0.005166 0.003108
5 0.263902 0.672521 0.005166 0.003419
5 0.265725 0.669568 0.004558 0.003108
9 0.285476 0.685887 0.010635 0.005284
5 0.285324 0.682313 0.004254 0.002487
5 0.284564 0.678116 0.004558 0.002798
5 0.286235 0.675319 0.004862 0.002798
5 0.294591 0.673143 0.006989 0.004041
5 0.293224 0.677339 0.004862 0.003108
5 0.291553 0.679826 0.005166 0.003730
5 0.292312 0.683712 0.005469 0.002798
5 0.278031 0.709512 0.004254 0.002798
5 0.299453 0.711999 0.004558 0.003419
9 0.357794 0.731271 0.011243 0.005906
9 0.338803 0.741374 0.003646 0.005595
48 0.307353 0.742306 0.011851 0.011191
48 0.319660 0.751943 0.025524 0.028598
48 0.337283 0.749767 0.013370 0.012434
9 0.332878 0.764532 0.005166 0.010880
5 0.335308 0.772925 0.003342 0.005284
9 0.326952 0.775878 0.007900 0.009325
4 0.288818 0.794529 0.003342 0.004352
5 0.328016 0.786913 0.003950 0.005906
5 0.322546 0.801212 0.003950 0.005906
5 0.308721 0.804632 0.004254 0.004663
9 0.314646 0.816133 0.008812 0.010258
5 0.288058 0.813646 0.003039 0.005284
6 0.282893 0.813025 0.003646 0.005284
6 0.277879 0.812092 0.006381 0.003419
5 0.277119 0.814423 0.004254 0.002487
5 0.328775 0.816599 0.004254 0.002487
5 0.324066 0.818154 0.004558 0.002487
5 0.329079 0.818931 0.004862 0.003419
5 0.323458 0.820951 0.005166 0.003108
5 0.328320 0.821884 0.005166 0.002487
5 0.328168 0.824371 0.004862 0.003108
5 0.321331 0.824060 0.005166 0.002487
5 0.321939 0.826702 0.004558 0.002176
5 0.328168 0.826702 0.005469 0.002798
5 0.327864 0.829189 0.004254 0.002176
5 0.327408 0.831365 0.005773 0.003419
5 0.320115 0.830898 0.005166 0.002487
5 0.320115 0.833541 0.004558 0.002798
5 0.320875 0.835872 0.006077 0.003108
5 0.321027 0.838359 0.005773 0.002487
5 0.311911 0.837426 0.003342 0.004352
5 0.315710 0.837115 0.003039 0.004974
5 0.322242 0.841312 0.005166 0.002798
5 0.311455 0.845197 0.003039 0.004974
5 0.314190 0.845197 0.003646 0.005595
5 0.320419 0.843488 0.004558 0.002798
4 0.319812 0.846752 0.004558 0.003108
9 0.309177 0.851259 0.003342 0.005284
5 0.312823 0.851725 0.002735 0.004352
5 0.318140 0.850948 0.004862 0.002798
9 0.316773 0.854057 0.005773 0.002798
9 0.322546 0.858253 0.002735 0.005595
5 0.317837 0.856854 0.004862 0.002176
4 0.317381 0.860274 0.005166 0.002798
5 0.317381 0.862760 0.004558 0.002798
9 0.316621 0.866024 0.005469 0.002487
6 0.307353 0.858875 0.002735 0.006217
9 0.303859 0.861672 0.003039 0.005595
8 0.310088 0.860740 0.003342 0.005595
9 0.301884 0.869754 0.003950 0.005595
5 0.305986 0.866335 0.003646 0.005595
5 0.308113 0.869599 0.003039 0.005284
5 0.310696 0.869288 0.003950 0.005284
5 0.317229 0.869599 0.005469 0.002798
5 0.314798 0.873174 0.004254 0.002487
9 0.303555 0.874106 0.003646 0.006217
9 0.313127 0.877215 0.008812 0.003730
9 0.313127 0.880168 0.010635 0.004041
5 0.302795 0.880168 0.002735 0.004041
5 0.305378 0.881411 0.003039 0.005284
5 0.310088 0.883587 0.006381 0.002798
9 0.310240 0.886074 0.009723 0.003419
6 0.310544 0.889027 0.010331 0.003108
5 0.308265 0.892291 0.006381 0.003419
5 0.307353 0.895244 0.005166 0.003108
9 0.307961 0.898819 0.010027 0.002798
5 0.306746 0.902083 0.006381 0.002487
9 0.306442 0.905191 0.010027 0.004352
5 0.305530 0.910942 0.006989 0.003419
9 0.303707 0.915449 0.010027 0.004352
5 0.300365 0.918713 0.005166 0.002798
6 0.302492 0.921977 0.010635 0.003730
6 0.301884 0.925707 0.010635 0.004352
9 0.300668 0.929437 0.009420 0.003730
9 0.298997 0.932701 0.007293 0.003419
6 0.300061 0.935810 0.010635 0.004041
5 0.297326 0.937986 0.005773 0.002798
5 0.295807 0.940939 0.005166 0.003108
9 0.295959 0.944513 0.009723 0.004041
5 0.293680 0.947933 0.005773 0.002176
9 0.294591 0.951197 0.007596 0.003730
5 0.293072 0.953684 0.003950 0.002487
6 0.293376 0.956481 0.010027 0.004352
5 0.289578 0.958657 0.005469 0.002487
5 0.289730 0.960989 0.005166 0.002176
5 0.289881 0.963475 0.005469 0.002798
5 0.289274 0.965807 0.004862 0.002487
5 0.288666 0.968293 0.004862 0.002487
5 0.286995 0.971868 0.005166 0.002798
5 0.286387 0.974355 0.005166 0.002798
9 0.290793 0.980883 0.005469 0.004041
9 0.266484 0.976220 0.003646 0.005906
5 0.268611 0.969381 0.003039 0.004663
9 0.274840 0.972490 0.005166 0.010258
5 0.281373 0.973733 0.003039 0.004663
5 0.283500 0.967205 0.003039 0.005284
5 0.270131 0.962076 0.003646 0.004974
5 0.271954 0.955082 0.003039 0.004663
9 0.273473 0.947311 0.003039 0.005284
9 0.275600 0.939851 0.003646 0.005284
9 0.278791 0.956015 0.002735 0.004663
9 0.284108 0.958346 0.004862 0.008082
5 0.284412 0.949021 0.003039 0.006217
5 0.285779 0.942804 0.003950 0.004974
9 0.287603 0.950109 0.003342 0.006528
5 0.289426 0.941405 0.002735 0.005284
9 0.291097 0.934411 0.003646 0.006839
9 0.283500 0.916382 0.003646 0.005595
5 0.293984 0.924464 0.003342 0.004974
5 0.298238 0.907833 0.003950 0.005906
9 0.295351 0.904259 0.006077 0.009947
5 0.300061 0.899130 0.003342 0.005906
5 0.302188 0.891203 0.003342 0.004974
5 0.279854 0.901927 0.004254 0.002798
6 0.280766 0.878303 0.003646 0.005906
9 0.266788 0.902860 0.006077 0.009636
9 0.263902 0.914672 0.005773 0.010258
5 0.260255 0.927261 0.002735 0.004974
5 0.257520 0.920889 0.003342 0.004663
9 0.255545 0.928194 0.003039 0.004974
9 0.250076 0.951663 0.003039 0.005284
5 0.254026 0.949487 0.003039 0.005906
9 0.252355 0.955859 0.004558 0.005595
5 0.252963 0.917625 0.003342 0.005595
5 0.235947 0.975598 0.003950 0.004663
9 0.278639 0.854678 0.003039 0.005284
9 0.281373 0.857787 0.005469 0.009015
9 0.286843 0.856233 0.004862 0.009015
5 0.271498 0.860274 0.002735 0.004041
5 0.265573 0.861672 0.004862 0.003108
5 0.266029 0.857631 0.005166 0.003108
5 0.266332 0.854834 0.005166 0.002487
5 0.267092 0.851881 0.005469 0.002798
5 0.269371 0.848306 0.005773 0.003108
5 0.268156 0.845197 0.004558 0.003108
5 0.269827 0.842711 0.004862 0.002487
5 0.269979 0.840068 0.005773 0.003419
5 0.270738 0.837115 0.003646 0.002487
5 0.274233 0.835872 0.006381 0.003108
5 0.272410 0.830588 0.005773 0.002487
5 0.272865 0.828256 0.006077 0.002798
5 0.273625 0.826080 0.005773 0.002798
5 0.274081 0.822816 0.004862 0.002487
5 0.280158 0.823127 0.003039 0.004352
5 0.274992 0.820019 0.005469 0.003108
5 0.275296 0.817221 0.006077 0.003108
5 0.279550 0.807896 0.005469 0.003108
48 0.258432 0.880479 0.028259 0.052533
48 0.239441 0.946379 0.040717 0.095431
5 0.286539 0.889804 0.004254 0.005284
48 0.311911 0.959279 0.034336 0.051601
48 0.345488 0.838359 0.030994 0.041654
48 0.325737 0.896954 0.051048 0.094809
5 0.303403 0.825303 0.003342 0.003108
53 0.299453 0.819708 0.065330 0.052844
53 0.294743 0.854367 0.068672 0.018962
53 0.294895 0.879391 0.051352 0.037302
53 0.286995 0.916848 0.049529 0.043208
53 0.282133 0.960678 0.037982 0.046938
48 0.369341 0.686665 0.008204 0.006839
48 0.387116 0.684955 0.019447 0.022070
5 0.389243 0.724899 0.004254 0.003108
5 0.389395 0.728940 0.005166 0.003730
5 0.388028 0.735934 0.004862 0.002798
5 0.396080 0.738110 0.004558 0.002798
5 0.395776 0.730339 0.003950 0.002798
5 0.400182 0.727230 0.004254 0.002798
5 0.398967 0.734691 0.004254 0.002176
5 0.403373 0.732515 0.004558 0.002798
6 0.409602 0.730339 0.012762 0.005906
5 0.409450 0.734535 0.004558 0.002487
9 0.406715 0.737022 0.008812 0.004974
5 0.407627 0.741219 0.004558 0.002798
6 0.423276 0.733603 0.012762 0.005595
5 0.414008 0.742306 0.005166 0.003730
9 0.424035 0.741374 0.016712 0.006217
5 0.427682 0.738576 0.004558 0.002487
5 0.422212 0.744172 0.005166 0.002487
5 0.433303 0.747902 0.004862 0.003730
5 0.435582 0.744016 0.005166 0.003419
5 0.434974 0.737022 0.005166 0.002487
5 0.442267 0.745570 0.006381 0.002798
5 0.443330 0.738421 0.005469 0.002798
5 0.443634 0.742928 0.004862 0.002487
5 0.450015 0.740131 0.004862 0.002487
5 0.454725 0.753031 0.004558 0.002798
5 0.455485 0.745726 0.004254 0.002487
5 0.457308 0.741685 0.004862 0.003108
5 0.464145 0.755207 0.004558 0.003419
9 0.468095 0.749301 0.005773 0.003419
5 0.468854 0.744793 0.004254 0.003108
5 0.506229 0.738887 0.005469 0.003730
5 0.472805 0.759559 0.005469 0.002798
5 0.481465 0.752875 0.005166 0.002487
5 0.485871 0.749145 0.005469 0.003108
5 0.485111 0.761113 0.004558 0.002798
5 0.502735 0.766242 0.004558 0.003108
5 0.514889 0.769817 0.005773 0.002798
5 0.547706 0.769817 0.004558 0.002798
5 0.365390 0.761735 0.004558 0.002798
9 0.373899 0.751632 0.002735 0.006217
9 0.376633 0.751787 0.003342 0.005284
9 0.378912 0.752720 0.003039 0.004663
9 0.381951 0.753186 0.003039 0.005595
5 0.384989 0.754430 0.002431 0.004352
9 0.387268 0.754896 0.002735 0.005284
9 0.389699 0.755051 0.002735 0.004974
5 0.394257 0.757227 0.002735 0.004352
5 0.396840 0.756606 0.002431 0.004352
5 0.398815 0.757383 0.002735 0.005284
5 0.400942 0.758781 0.002127 0.003730
5 0.403677 0.758160 0.002735 0.004974
5 0.405804 0.759869 0.002735 0.005284
5 0.408690 0.759714 0.003039 0.005595
5 0.411729 0.760491 0.002431 0.004663
5 0.414312 0.761424 0.002735 0.004663
5 0.415983 0.762356 0.003039 0.005284
5 0.420693 0.763289 0.002735 0.004663
5 0.422516 0.764221 0.003342 0.004663
5 0.425251 0.764066 0.003950 0.006217
48 0.431632 0.768107 0.011851 0.008704
5 0.376329 0.762356 0.005166 0.002798
4 0.384989 0.763755 0.005469 0.003108
5 0.396384 0.763289 0.003950 0.002176
5 0.415071 0.769195 0.004254 0.003419
9 0.438772 0.770905 0.004862 0.011191
9 0.442723 0.772770 0.004862 0.010569
6 0.445761 0.775101 0.004254 0.009015
9 0.449256 0.774479 0.003950 0.010258
9 0.454117 0.776500 0.005166 0.009947
9 0.461714 0.777277 0.005773 0.010258
9 0.465816 0.778520 0.004254 0.007771
9 0.469158 0.779608 0.005469 0.009325
9 0.473108 0.780696 0.004862 0.009636
9 0.477059 0.782095 0.004862 0.009325
9 0.480249 0.782872 0.005166 0.007771
9 0.484807 0.783494 0.005166 0.010258
9 0.488301 0.783805 0.004862 0.010258
5 0.434518 0.782717 0.004254 0.002487
9 0.462777 0.786758 0.007900 0.004352
9 0.479034 0.790799 0.010027 0.005595
5 0.453358 0.795151 0.005469 0.003108
5 0.469614 0.798415 0.005166 0.003419
5 0.478122 0.800901 0.004558 0.005284
9 0.477818 0.821107 0.003342 0.005906
9 0.430568 0.800591 0.006685 0.010880
9 0.435430 0.801212 0.005469 0.009636
9 0.439380 0.801834 0.004254 0.008393
9 0.441811 0.804010 0.005469 0.010258
5 0.451079 0.798104 0.005773 0.002798
9 0.446521 0.805098 0.005166 0.009947
9 0.450319 0.805098 0.005469 0.009947
9 0.454117 0.806497 0.006381 0.011501
9 0.458523 0.805720 0.004254 0.007460
9 0.462170 0.807118 0.004862 0.009636
9 0.465664 0.809139 0.005773 0.009947
9 0.427682 0.813335 0.004558 0.010258
9 0.431632 0.813957 0.004558 0.008393
9 0.435734 0.814890 0.004862 0.010880
9 0.438620 0.815667 0.005773 0.011191
9 0.446369 0.817687 0.005469 0.010258
9 0.450471 0.819552 0.006381 0.010880
9 0.454269 0.817998 0.005469 0.010880
9 0.458523 0.819397 0.004862 0.011191
9 0.462625 0.820019 0.005166 0.011812
9 0.473868 0.838514 0.002735 0.005284
9 0.418262 0.817998 0.008204 0.004041
9 0.418414 0.822039 0.010331 0.004663
9 0.448648 0.835561 0.010027 0.004352
9 0.413856 0.831520 0.010331 0.004974
9 0.420085 0.842089 0.005166 0.010569
9 0.427833 0.841778 0.005469 0.011812
9 0.431480 0.844576 0.005469 0.011812
9 0.435734 0.844420 0.004862 0.011501
5 0.439684 0.847995 0.003646 0.005595
9 0.443786 0.846441 0.005166 0.010569
5 0.448496 0.845197 0.003039 0.006217
9 0.447280 0.850948 0.004254 0.007771
9 0.451383 0.849238 0.004558 0.009947
5 0.460194 0.862760 0.003342 0.005906
5 0.457308 0.861828 0.003039 0.005284
5 0.455333 0.860740 0.002127 0.003730
5 0.453054 0.860118 0.002431 0.004974
5 0.450623 0.859807 0.002431 0.005595
5 0.448800 0.859341 0.003039 0.005284
5 0.446369 0.857942 0.003039 0.004974
5 0.443938 0.857476 0.003039 0.005906
5 0.441203 0.857942 0.003039 0.005595
5 0.438469 0.857165 0.003646 0.005284
5 0.436342 0.856233 0.003039 0.005284
5 0.433607 0.855766 0.003039 0.006217
5 0.431176 0.854989 0.003039 0.005284
5 0.428745 0.854523 0.003039 0.005595
5 0.426314 0.853590 0.003646 0.005595
5 0.424035 0.853435 0.002735 0.005284
9 0.418718 0.851103 0.003039 0.005595
5 0.416439 0.850482 0.002127 0.004974
5 0.414160 0.850326 0.003039 0.005284
5 0.411273 0.849705 0.003342 0.005284
9 0.355971 0.855145 0.004558 0.005595
9 0.443026 0.868666 0.004862 0.002798
9 0.443786 0.871620 0.005166 0.002487
5 0.446825 0.874262 0.003950 0.002176
5 0.449256 0.872397 0.004558 0.002798
5 0.450927 0.875350 0.004254 0.002487
5 0.453965 0.873174 0.004254 0.002487
5 0.455181 0.875971 0.003646 0.001865
4 0.431176 0.866957 0.005469 0.002487
5 0.425251 0.868356 0.004558 0.002798
5 0.429809 0.869288 0.005166 0.002798
5 0.411729 0.865403 0.004254 0.002487
5 0.412185 0.863071 0.004558 0.002798
5 0.417198 0.864625 0.004254 0.002798
5 0.401702 0.860429 0.004254 0.002487
5 0.400486 0.862449 0.003646 0.002798
5 0.385901 0.859030 0.004862 0.002798
5 0.390915 0.860118 0.003950 0.002487
5 0.385901 0.856233 0.004862 0.002798
5 0.390611 0.857165 0.004558 0.002176
5 0.369037 0.854523 0.003950 0.002487
5 0.374202 0.856077 0.003950 0.001865
5 0.374810 0.853435 0.003950 0.002176
5 0.367214 0.838670 0.002735 0.004352
9 0.369189 0.838980 0.003039 0.005595
9 0.371771 0.839447 0.002735 0.005284
5 0.373291 0.840846 0.001519 0.003730
5 0.376026 0.840846 0.002127 0.004974
5 0.381039 0.841778 0.003039 0.005595
5 0.410514 0.771526 0.004254 0.002487
5 0.395928 0.771993 0.005469 0.002798
5 0.404588 0.773858 0.005773 0.002798
5 0.412641 0.776034 0.005469 0.002798
5 0.384230 0.773236 0.006381 0.003419
5 0.398055 0.777277 0.006077 0.002798
5 0.369493 0.777122 0.004862 0.004352
5 0.369493 0.785981 0.006077 0.005906
9 0.384534 0.784737 0.002735 0.005906
9 0.387420 0.785048 0.003646 0.005906
5 0.390915 0.788778 0.003342 0.005284
9 0.396384 0.787224 0.002735 0.005906
6 0.399271 0.788468 0.002431 0.005284
9 0.402157 0.789245 0.002735 0.004974
9 0.404892 0.789711 0.002735 0.005906
9 0.408083 0.790333 0.003039 0.005284
9 0.411121 0.791421 0.002431 0.004974
9 0.413704 0.792042 0.002735 0.004974
9 0.417198 0.793130 0.003039 0.004663
9 0.382407 0.812869 0.005773 0.002487
9 0.386509 0.794063 0.004862 0.004663
5 0.385141 0.799503 0.002735 0.003730
9 0.388940 0.800435 0.003039 0.005595
9 0.392890 0.795462 0.004254 0.003730
5 0.392130 0.800591 0.002735 0.004663
9 0.395928 0.796083 0.004862 0.004352
5 0.395017 0.801679 0.002431 0.004974
6 0.400942 0.797793 0.004558 0.004663
9 0.403981 0.798570 0.004558 0.004352
9 0.407627 0.799192 0.005166 0.004352
4 0.398207 0.802767 0.002735 0.004663
9 0.400638 0.803388 0.002735 0.005284
9 0.403829 0.804010 0.003039 0.005284
9 0.406563 0.804632 0.003039 0.005284
9 0.409602 0.804942 0.003039 0.005284
9 0.382862 0.806963 0.005469 0.003108
9 0.384230 0.809761 0.009420 0.004352
9 0.391370 0.815201 0.009116 0.004041
9 0.391674 0.808673 0.005469 0.002798
9 0.398511 0.813957 0.004558 0.002798
9 0.403221 0.818775 0.009723 0.004352
9 0.397903 0.810382 0.005166 0.003108
9 0.405804 0.812558 0.006381 0.002487
9 0.375570 0.820796 0.010331 0.004663
9 0.370556 0.828412 0.004558 0.009947
9 0.374506 0.829189 0.004558 0.010258
5 0.378304 0.831209 0.003646 0.006217
5 0.382862 0.832297 0.003039 0.004663
9 0.393194 0.825925 0.009116 0.004352
9 0.390003 0.833074 0.005166 0.009947
9 0.393801 0.834784 0.004254 0.009636
9 0.398055 0.834784 0.004862 0.010258
9 0.405804 0.837115 0.005166 0.009947
5 0.386053 0.842711 0.003342 0.006217
5 0.388332 0.843799 0.003039 0.004663
5 0.390915 0.844731 0.002735 0.004663
5 0.394105 0.845042 0.002431 0.004663
5 0.396384 0.845508 0.002735 0.004352
5 0.399119 0.846596 0.002735 0.004041
48 0.404588 0.883121 0.107870 0.054088
53 0.393042 0.767485 0.065937 0.041654
53 0.400334 0.805409 0.047706 0.046627
53 0.461714 0.785670 0.059860 0.037613
53 0.447280 0.809916 0.046187 0.033261
53 0.384534 0.838048 0.047706 0.041654
53 0.438317 0.847840 0.055606 0.036369
5 0.356579 0.891048 0.004558 0.002798
5 0.361136 0.892291 0.004558 0.002176
5 0.365542 0.892913 0.004254 0.002176
5 0.374050 0.895555 0.005469 0.003108
5 0.379520 0.896954 0.003646 0.002176
6 0.386205 0.898508 0.004862 0.002798
5 0.391826 0.900218 0.004558 0.003108
5 0.396688 0.900995 0.003950 0.002176
5 0.353540 0.903637 0.004558 0.002487
5 0.356579 0.899285 0.004558 0.003108
5 0.352780 0.895399 0.005469 0.002798
5 0.357490 0.896798 0.005166 0.002487
5 0.362200 0.900684 0.004254 0.002176
5 0.363415 0.898353 0.005469 0.002487
5 0.367973 0.902083 0.005469 0.002487
5 0.368733 0.899596 0.004558 0.002487
5 0.373443 0.903792 0.003646 0.002176
5 0.374202 0.900995 0.004558 0.002176
5 0.378456 0.904725 0.004558 0.002798
5 0.379672 0.902083 0.005773 0.002487
5 0.385597 0.906745 0.004862 0.002487
9 0.386357 0.903792 0.005166 0.002798
5 0.391826 0.907989 0.003950 0.002487
5 0.394713 0.905968 0.004254 0.002798
9 0.397144 0.909232 0.005469 0.002487
9 0.403677 0.905968 0.005773 0.002798
5 0.403829 0.908455 0.004254 0.002176
5 0.402765 0.910786 0.003950 0.001865
5 0.410665 0.905036 0.004558 0.002176
5 0.417198 0.906435 0.004254 0.002487
4 0.421756 0.907523 0.003039 0.001554
5 0.425706 0.908766 0.003646 0.002176
5 0.431328 0.909698 0.003950 0.002176
9 0.436949 0.911408 0.005469 0.002487
5 0.407779 0.912030 0.003646 0.002487
5 0.414919 0.911408 0.003950 0.001865
5 0.413704 0.914050 0.005166 0.002798
5 0.419933 0.915605 0.004254 0.002798
9 0.420541 0.912652 0.005469 0.003108
5 0.426770 0.917470 0.005773 0.002798
9 0.433303 0.915915 0.005469 0.003419
9 0.432543 0.918868 0.004558 0.002487
5 0.364783 0.906590 0.004558 0.002176
5 0.370252 0.908144 0.005166 0.002798
5 0.374962 0.909232 0.003646 0.001865
5 0.378304 0.910320 0.004254 0.002176
9 0.388484 0.909543 0.005773 0.003108
6 0.382710 0.911097 0.004558 0.002487
6 0.388180 0.912496 0.005166 0.002176
5 0.394713 0.914050 0.004254 0.002176
9 0.401246 0.915915 0.005773 0.002798
5 0.406867 0.917781 0.004862 0.002798
9 0.417958 0.917625 0.005166 0.003108
5 0.412944 0.919179 0.004254 0.002487
5 0.417198 0.920578 0.004254 0.002176
5 0.421908 0.921355 0.004558 0.002487
5 0.429809 0.923687 0.004558 0.002798
5 0.435278 0.925396 0.003950 0.002487
5 0.439684 0.926484 0.004862 0.002798
9 0.346095 0.944203 0.005469 0.002798
5 0.348982 0.942182 0.004558 0.002487
5 0.354148 0.943736 0.004558 0.002487
9 0.360225 0.945135 0.006381 0.002798
9 0.371468 0.948088 0.005773 0.003108
5 0.377545 0.949798 0.005166 0.002798
5 0.353540 0.948865 0.003950 0.002176
5 0.353084 0.952129 0.004862 0.002487
5 0.358402 0.953062 0.004558 0.002487
5 0.360681 0.950731 0.004862 0.002798
5 0.364631 0.954772 0.005469 0.002798
5 0.368429 0.952751 0.005773 0.003108
4 0.370860 0.956481 0.004558 0.002487
5 0.373747 0.954461 0.003646 0.002176
5 0.377241 0.957880 0.004558 0.002798
5 0.379368 0.955859 0.005773 0.003108
5 0.383470 0.959590 0.005469 0.002487
6 0.384230 0.956947 0.004558 0.002176
5 0.389851 0.958191 0.003646 0.002176
5 0.390915 0.961455 0.005166 0.002487
5 0.396384 0.959745 0.005773 0.002798
9 0.397296 0.955082 0.004558 0.002798
5 0.402157 0.961299 0.003950 0.002176
6 0.402005 0.955859 0.004862 0.002487
9 0.409146 0.958191 0.006381 0.003419
5 0.416135 0.959590 0.004558 0.002487
5 0.421301 0.960833 0.004558 0.002487
5 0.426466 0.962232 0.003950 0.002176
5 0.434063 0.964252 0.004558 0.001865
5 0.407627 0.962854 0.003950 0.002176
5 0.413856 0.964097 0.004862 0.002798
9 0.421756 0.966118 0.006077 0.003108
9 0.431024 0.968604 0.009420 0.003730
5 0.401702 0.964097 0.005469 0.002798
5 0.406108 0.965185 0.004558 0.002487
5 0.416743 0.967983 0.005773 0.003108
4 0.421756 0.969381 0.006685 0.003419
5 0.427833 0.970780 0.006077 0.003108
5 0.428745 0.974044 0.004254 0.002176
5 0.438469 0.979329 0.004254 0.005906
9 0.328016 0.967827 0.002735 0.004663
9 0.342297 0.954772 0.005773 0.003419
9 0.348071 0.955859 0.006381 0.003108
9 0.353996 0.957103 0.006077 0.003108
5 0.359465 0.958657 0.004862 0.002487
9 0.365087 0.960211 0.005773 0.003108
9 0.371164 0.961921 0.005166 0.002798
9 0.376633 0.963475 0.006381 0.002798
9 0.383318 0.965030 0.005166 0.002798
5 0.391218 0.966739 0.003950 0.002487
4 0.396384 0.967983 0.005166 0.003108
5 0.404740 0.970780 0.005469 0.003108
9 0.410210 0.971868 0.006077 0.002798
5 0.423124 0.974977 0.004558 0.002176
9 0.429049 0.976376 0.006077 0.003108
5 0.434063 0.983370 0.002735 0.004663
5 0.433303 0.988343 0.003039 0.005284
5 0.447432 0.931924 0.002735 0.004974
5 0.446217 0.937986 0.002735 0.004663
5 0.444698 0.943270 0.002127 0.004663
48 0.388940 0.932390 0.108174 0.056264
9 0.346551 0.905657 0.005166 0.007150
9 0.325737 0.984924 0.003039 0.005284
5 0.320115 0.989431 0.002735 0.004974
5 0.316165 0.981194 0.005166 0.002798
5 0.315861 0.983214 0.003950 0.001865
9 0.315254 0.985701 0.005773 0.003108
5 0.314342 0.988499 0.003950 0.001865
5 0.314342 0.990830 0.004558 0.002176
5 0.313734 0.993161 0.004558 0.002487
5 0.568520 0.816288 0.004254 0.005595
5 0.923883 0.062947 0.003950 0.004663
5 0.913552 0.081442 0.003950 0.004974
5 0.906563 0.087659 0.003342 0.004974
5 0.987542 0.080976 0.003646 0.004663
5 0.974020 0.109263 0.003342 0.004663
5 0.939988 0.184178 0.002735 0.003419
5 0.931328 0.217905 0.003646 0.004352
5 0.921452 0.229406 0.002127 0.003730
9 0.907627 0.288934 0.003646 0.005284
5 0.901854 0.298104 0.003039 0.004974
5 0.884078 0.329500 0.003342 0.005595
5 0.951535 0.384364 0.003950 0.003419
5 0.949104 0.373018 0.003342 0.003730
6 0.876177 0.464874 0.003950 0.006528
5 0.857490 0.436276 0.003646 0.005284
5 0.758280 0.563413 0.003342 0.005284
5 0.747189 0.596519 0.003039 0.004974
5 0.752659 0.595586 0.003039 0.004352
5 0.582650 0.697700 0.002735 0.004663
5 0.615011 0.676096 0.003039 0.004974
5 0.616682 0.683712 0.003342 0.005284
5 0.623671 0.653093 0.003342 0.004974
5 0.623823 0.660087 0.003646 0.005284
5 0.633546 0.635841 0.003646 0.005284
5 0.658159 0.615636 0.003646 0.002798
5 0.688089 0.615480 0.004558 0.003108
6 0.716955 0.657911 0.002735 0.006528
5 0.732300 0.652627 0.003646 0.005284
5 0.728502 0.681225 0.003342 0.005906
5 0.717563 0.706559 0.003342 0.004974
5 0.629140 0.766086 0.004558 0.002798
5 0.638256 0.774946 0.006381 0.003108
5 0.645700 0.765154 0.005469 0.003419
5 0.648739 0.774946 0.005469 0.003108
5 0.671832 0.775101 0.005469 0.003419
5 0.684898 0.775878 0.003646 0.002487
9 0.660286 0.794529 0.006077 0.003108
5 0.698876 0.795151 0.003039 0.004974
5 0.688848 0.823283 0.002431 0.004663
5 0.683075 0.841778 0.003039 0.004974
5 0.669857 0.910942 0.003342 0.004663
5 0.720905 0.964252 0.003342 0.004974
5 0.744910 0.873795 0.003342 0.004974
5 0.748557 0.878769 0.002735 0.004352
5 0.751139 0.849083 0.003039 0.004663
5 0.750836 0.805720 0.003646 0.002487
5 0.747645 0.801212 0.005773 0.003419
5 0.750532 0.798104 0.006077 0.003419
5 0.760255 0.814113 0.003039 0.004352
5 0.765573 0.801679 0.003342 0.004974
5 0.788666 0.732049 0.003342 0.005595
5 0.788666 0.698011 0.003342 0.005284
5 0.904892 0.569008 0.004254 0.005284
5 0.989973 0.879235 0.004254 0.002798
5 0.969310 0.884209 0.004862 0.002798
5 0.939228 0.877526 0.005469 0.003108
5 0.924187 0.862449 0.004558 0.002798
5 0.969158 0.858564 0.005773 0.003730
5 0.984503 0.858408 0.004862 0.003419
5 0.986782 0.862916 0.006381 0.003730
5 0.919173 0.848461 0.004862 0.002798
5 0.896840 0.842711 0.004558 0.003108
9 0.924339 0.833230 0.006077 0.004041
9 0.875874 0.833385 0.010635 0.006217
5 0.861440 0.834318 0.005469 0.003108
5 0.847007 0.844731 0.004558 0.002798
5 0.844880 0.829500 0.005773 0.002798
5 0.827712 0.825769 0.006077 0.003419
5 0.782285 0.829655 0.005773 0.003108
5 0.789122 0.815822 0.004862 0.002798
5 0.797478 0.809916 0.005773 0.002798
6 0.799301 0.805720 0.005773 0.003108
6 0.821027 0.819863 0.006077 0.003419
6 0.819964 0.815045 0.013066 0.005595
5 0.874050 0.802145 0.003950 0.004663
5 0.905652 0.794063 0.002127 0.004663
5 0.886509 0.768262 0.003342 0.005284
5 0.893497 0.743394 0.002735 0.004041
5 0.900182 0.714796 0.003342 0.005284
5 0.925403 0.688374 0.002127 0.005284
5 0.900638 0.672521 0.003039 0.005284
5 0.850501 0.638794 0.004862 0.003108
5 0.876633 0.638483 0.004254 0.003730
5 0.866302 0.884364 0.004254 0.005595
5 0.845032 0.971713 0.004254 0.005595
5 0.848830 0.995026 0.002735 0.004352
5 0.988909 0.947311 0.002127 0.004663
5 0.988150 0.936587 0.002431 0.004352
5 0.985263 0.936742 0.002735 0.004663
5 0.982680 0.936898 0.003039 0.004974
5 0.980857 0.937209 0.001823 0.003730
5 0.978274 0.937364 0.002735 0.004663
5 0.975539 0.937675 0.002127 0.004041
5 0.972805 0.938141 0.002735 0.004974
5 0.970678 0.939385 0.002735 0.003730
5 0.976907 0.941716 0.005469 0.002798
5 0.982528 0.940939 0.004558 0.002487
5 0.965968 0.939540 0.003039 0.005284
5 0.963841 0.941560 0.003039 0.003730
5 0.961714 0.943115 0.002431 0.003730
5 0.955333 0.946379 0.003646 0.004663
5 0.953510 0.947311 0.003646 0.004663
5 0.949711 0.951041 0.003950 0.004663
5 0.960346 0.947156 0.004558 0.003730
5 0.956700 0.950731 0.004558 0.004041
5 0.950927 0.955549 0.005166 0.004352
5 0.947584 0.952596 0.003950 0.004041
5 0.946065 0.954616 0.003950 0.003730
5 0.944090 0.956015 0.004862 0.004041
5 0.942571 0.958035 0.004254 0.003730
5 0.941507 0.960211 0.003950 0.003730
5 0.939228 0.961610 0.004254 0.003419
5 0.938317 0.963942 0.003646 0.003108
5 0.936190 0.968604 0.003646 0.002487
5 0.935126 0.970936 0.004558 0.002798
5 0.934063 0.973267 0.004862 0.002487
5 0.932999 0.975443 0.005166 0.003108
5 0.933455 0.977930 0.004254 0.002487
5 0.930872 0.985079 0.003950 0.002487
5 0.930568 0.987566 0.003342 0.002487
5 0.929505 0.989742 0.004254 0.002487
5 0.927985 0.996581 0.004254 0.002487
5 0.934063 0.986478 0.003039 0.005284
5 0.936949 0.976376 0.002735 0.004974
5 0.938924 0.971402 0.004254 0.005595
5 0.942419 0.964874 0.003950 0.004352
5 0.946369 0.960833 0.004558 0.004974
5 0.986478 0.947311 0.002735 0.004041
5 0.983895 0.947000 0.002431 0.004663
5 0.979186 0.948244 0.002127 0.004663
5 0.981617 0.947933 0.002127 0.002798
5 0.976755 0.948399 0.002735 0.004974
5 0.974020 0.949176 0.002735 0.005284
5 0.971437 0.949798 0.002431 0.004041
5 0.967335 0.951197 0.002735 0.004352
5 0.965056 0.953062 0.002431 0.003730
5 0.962777 0.953994 0.003342 0.004352
5 0.960650 0.955859 0.003342 0.004352
5 0.958371 0.956947 0.003039 0.004041
5 0.956396 0.958813 0.002735 0.003419
5 0.955029 0.960678 0.003646 0.004663
5 0.952750 0.962076 0.003342 0.003730
5 0.951383 0.964252 0.003039 0.003730
5 0.949559 0.966584 0.004254 0.003419
5 0.945913 0.972334 0.004254 0.003108
5 0.944850 0.974510 0.003342 0.002487
5 0.944090 0.976686 0.004862 0.003108
5 0.943330 0.979018 0.004558 0.002798
5 0.942419 0.981504 0.004558 0.002798
5 0.941507 0.983370 0.004558 0.002798
5 0.941355 0.986167 0.004254 0.002176
5 0.940747 0.988809 0.004862 0.003108
5 0.940140 0.991452 0.004254 0.002798
5 0.939532 0.993783 0.004862 0.002487
5 0.938469 0.995959 0.003342 0.002487
5 0.990277 0.937209 0.002431 0.003730
5 0.929809 0.992229 0.003039 0.001865
5 0.929505 0.994249 0.003646 0.002176
53 0.938621 0.973578 0.020055 0.018029
53 0.948192 0.960522 0.019143 0.018029
53 0.961714 0.948088 0.017624 0.017408
48 0.601793 0.827634 0.006989 0.007771
48 0.613643 0.836960 0.014281 0.007150
48 0.614707 0.829189 0.012154 0.010258
9 0.085992 0.788778 0.006685 0.009015
5 0.070040 0.705626 0.003950 0.003730
5 0.070951 0.703295 0.003950 0.003419
5 0.991644 0.946689 0.002127 0.003419
48 0.211182 0.018029 0.018839 0.012434
48 0.278335 0.037768 0.009723 0.008393
48 0.374050 0.024712 0.021270 0.020205
10 0.331206 0.991296 0.006077 0.002487
10 0.336980 0.992695 0.005469 0.002798
48 0.382862 0.390115 0.010939 0.008082
48 0.374202 0.399285 0.008204 0.007771
5 0.349894 0.338359 0.003950 0.002176
5 0.334853 0.324526 0.006077 0.003108
48 0.488909 0.330743 0.007900 0.008704
48 0.544515 0.364625 0.007900 0.006217
6 0.711334 0.786136 0.006685 0.004352
6 0.388636 0.078178 0.004862 0.003419
48 0.366454 0.263133 0.006685 0.007771
7 0.326800 0.322350 0.005773 0.004352
