48 0.983744 0.977774 0.032513 0.044451
48 0.991948 0.461766 0.016105 0.013366
48 0.997721 0.445446 0.004558 0.004974
48 0.998177 0.435965 0.003646 0.005284
48 0.996961 0.417625 0.006077 0.005906
48 0.996809 0.404259 0.006381 0.005906
48 0.992100 0.393690 0.013370 0.012123
48 0.997873 0.398197 0.004254 0.006839
48 0.991644 0.380168 0.016105 0.011812
48 0.996050 0.364004 0.006077 0.004974
48 0.995898 0.369288 0.005773 0.005595
48 0.996809 0.355922 0.005166 0.006839
48 0.997113 0.351104 0.005773 0.003419
48 0.997721 0.343332 0.004558 0.009015
48 0.996658 0.335406 0.006685 0.003108
48 0.996809 0.338048 0.006381 0.002798
48 0.998177 0.317376 0.003646 0.006839
48 0.997265 0.302145 0.004862 0.006217
48 0.997417 0.297482 0.004558 0.004974
48 0.997417 0.289555 0.005166 0.009015
48 0.996658 0.269972 0.006685 0.005284
53 0.874658 0.982126 0.045275 0.035748
5 0.025828 0.008082 0.003646 0.005595
5 0.015649 0.022226 0.003950 0.005906
5 0.102552 0.027666 0.004558 0.002487
4 0.103768 0.038701 0.005166 0.002798
5 0.116378 0.046783 0.005469 0.002798
5 0.116378 0.049580 0.004862 0.002798
4 0.117138 0.055953 0.004558 0.002487
48 0.091158 0.032639 0.020662 0.018029
4 0.106351 0.056730 0.002431 0.004663
48 0.011851 0.103513 0.009116 0.015542
48 0.088727 0.085950 0.017016 0.012123
5 0.108782 0.113615 0.004254 0.002798
48 0.085384 0.098073 0.012154 0.011501
48 0.086448 0.105378 0.005166 0.004974
48 0.113339 0.104445 0.007900 0.013056
48 0.124430 0.104290 0.014281 0.010258
5 0.176998 0.019117 0.003950 0.005906
48 0.213461 0.008548 0.003950 0.005284
48 0.213157 0.046316 0.004558 0.003730
48 0.212853 0.050047 0.004558 0.003730
9 0.208751 0.049425 0.003646 0.008082
48 0.418110 0.005595 0.009116 0.010569
48 0.426314 0.007927 0.007900 0.006528
48 0.409298 0.004196 0.006077 0.007150
48 0.424643 0.016164 0.011851 0.009947
48 0.412641 0.015853 0.012762 0.009947
48 0.418262 0.026733 0.014889 0.008082
48 0.414616 0.035281 0.013066 0.009636
48 0.448496 0.025334 0.024916 0.010880
16 0.235795 0.150295 0.004254 0.009636
48 0.448344 0.036058 0.024613 0.010569
48 0.413856 0.051445 0.018232 0.023935
48 0.421756 0.069164 0.009723 0.009636
48 0.411273 0.069941 0.010635 0.008704
48 0.417806 0.079111 0.024309 0.009636
48 0.417958 0.089058 0.016105 0.009636
48 0.415527 0.098850 0.017320 0.010569
5 0.435126 0.096829 0.002431 0.004663
48 0.447888 0.109108 0.024916 0.010569
48 0.452142 0.099316 0.013978 0.009015
48 0.450775 0.089058 0.020966 0.010258
48 0.438317 0.090146 0.004558 0.008082
48 0.439684 0.101492 0.006685 0.005284
48 0.465664 0.085639 0.008204 0.004663
48 0.465664 0.073982 0.010635 0.018651
48 0.475843 0.072894 0.010939 0.016475
48 0.487086 0.068853 0.013978 0.009636
48 0.487390 0.077712 0.013370 0.008704
48 0.500152 0.070252 0.010331 0.013056
48 0.508356 0.076002 0.008508 0.010258
48 0.530538 0.094187 0.025524 0.014921
48 0.536159 0.067610 0.037375 0.010258
48 0.446977 0.060926 0.021270 0.005595
48 0.447432 0.055331 0.022182 0.006217
48 0.448192 0.049270 0.023093 0.005906
48 0.448648 0.043985 0.024005 0.005906
48 0.418110 0.138949 0.024309 0.011191
48 0.403829 0.138794 0.004254 0.006528
48 0.410665 0.148896 0.009420 0.009947
48 0.422516 0.149052 0.015497 0.007150
48 0.452750 0.138483 0.017624 0.009636
48 0.456092 0.148741 0.010331 0.010880
48 0.443634 0.149052 0.014585 0.011501
5 0.435734 0.150295 0.002431 0.004663
5 0.430872 0.141436 0.001823 0.004352
4 0.435734 0.156357 0.002431 0.005595
48 0.440747 0.141592 0.007596 0.005284
48 0.426770 0.129935 0.008204 0.006839
48 0.439532 0.136307 0.005166 0.005284
48 0.426010 0.124495 0.006685 0.004041
48 0.451079 0.169568 0.016712 0.011501
48 0.439684 0.168946 0.006077 0.010258
48 0.417198 0.175785 0.026132 0.007150
48 0.413248 0.183401 0.015801 0.008082
48 0.425555 0.181691 0.008812 0.004041
48 0.425555 0.185266 0.008812 0.003730
48 0.403525 0.191172 0.003039 0.006839
48 0.410210 0.190861 0.010331 0.006839
48 0.422820 0.190706 0.014889 0.007150
48 0.416895 0.199565 0.024916 0.008704
48 0.417958 0.209046 0.024613 0.010880
48 0.410665 0.218060 0.011851 0.011501
48 0.452446 0.204228 0.017016 0.019273
48 0.441355 0.198943 0.005166 0.003730
48 0.441355 0.202984 0.005166 0.004352
48 0.441203 0.208113 0.005469 0.005906
48 0.441507 0.211999 0.004862 0.003730
48 0.453054 0.218527 0.015801 0.009325
48 0.446521 0.221790 0.005773 0.004663
48 0.454725 0.228318 0.011851 0.009636
48 0.457004 0.237955 0.007900 0.010258
48 0.448496 0.238110 0.009116 0.009947
48 0.452142 0.248057 0.009723 0.009947
48 0.458979 0.250389 0.004558 0.006528
48 0.417046 0.229095 0.024005 0.011812
48 0.408994 0.267641 0.007900 0.009325
48 0.415831 0.276811 0.021574 0.009015
48 0.453965 0.268418 0.012154 0.010258
48 0.444698 0.270127 0.009420 0.006217
48 0.453662 0.278365 0.013978 0.009636
48 0.444698 0.275723 0.004558 0.004974
48 0.444850 0.280541 0.004254 0.005284
48 0.448192 0.288001 0.024916 0.010258
48 0.417806 0.288001 0.023093 0.008393
48 0.417502 0.297948 0.010939 0.009636
48 0.417806 0.307740 0.025524 0.009947
48 0.456852 0.308051 0.007596 0.009947
48 0.445913 0.307274 0.012458 0.009015
48 0.441811 0.318620 0.012154 0.009325
48 0.454269 0.318931 0.012154 0.008704
48 0.455333 0.328256 0.010635 0.010569
48 0.443178 0.328256 0.014281 0.009947
48 0.412641 0.317998 0.014585 0.010569
48 0.424643 0.320329 0.009420 0.005284
48 0.423731 0.315511 0.004558 0.004352
48 0.427378 0.325614 0.004558 0.004041
48 0.421149 0.327945 0.012154 0.008082
48 0.415679 0.337892 0.017624 0.009947
48 0.448192 0.377215 0.023093 0.010258
48 0.441507 0.367423 0.012762 0.009947
48 0.454117 0.367423 0.012458 0.009325
48 0.450775 0.357476 0.019143 0.009947
48 0.439228 0.359807 0.004558 0.004663
48 0.413856 0.357942 0.011547 0.010258
48 0.406563 0.356699 0.003039 0.008393
48 0.420237 0.367268 0.016408 0.008393
48 0.415375 0.376282 0.011547 0.009015
48 0.408538 0.376282 0.002127 0.007150
48 0.406411 0.376438 0.002127 0.006839
48 0.420085 0.380790 0.008204 0.003730
5 0.431328 0.354989 0.002127 0.004352
4 0.440140 0.347373 0.002735 0.005284
5 0.444394 0.337892 0.004558 0.002487
5 0.439988 0.276344 0.004254 0.001865
5 0.420541 0.270594 0.004254 0.004041
5 0.417806 0.269817 0.004254 0.004974
5 0.415527 0.268573 0.003950 0.004974
5 0.420389 0.244327 0.002735 0.004974
5 0.410969 0.243239 0.005166 0.005906
5 0.413856 0.243705 0.004862 0.004974
5 0.431936 0.207025 0.002127 0.004974
5 0.436038 0.184644 0.001823 0.004974
4 0.435430 0.171588 0.002431 0.006839
5 0.416287 0.164594 0.004862 0.002176
5 0.435430 0.109885 0.001823 0.003419
7 0.443634 0.080665 0.002431 0.005284
5 0.456092 0.080044 0.005469 0.002798
5 0.436038 0.003264 0.001823 0.004663
5 0.521878 0.050202 0.005773 0.002176
5 0.539502 0.052533 0.005773 0.002487
5 0.548010 0.098073 0.005166 0.002176
5 0.547554 0.090612 0.004862 0.002176
5 0.541477 0.085017 0.003646 0.004041
5 0.537830 0.084551 0.004254 0.004352
5 0.546794 0.075847 0.004558 0.002487
4 0.548162 0.095275 0.004862 0.002176
5 0.579003 0.074604 0.002127 0.004352
5 0.581130 0.080976 0.002127 0.005284
5 0.583865 0.082530 0.002127 0.005284
5 0.594044 0.066832 0.001823 0.003730
4 0.612276 0.063724 0.004862 0.002487
5 0.612428 0.059217 0.005166 0.002176
5 0.612276 0.047404 0.004862 0.002176
5 0.590094 0.021915 0.003646 0.003419
7 0.613187 0.130401 0.002431 0.005284
5 0.609693 0.130867 0.002127 0.004352
5 0.607110 0.131023 0.002431 0.004663
5 0.603616 0.130712 0.002735 0.005284
4 0.600273 0.130867 0.002127 0.004352
7 0.592981 0.138949 0.005166 0.002487
7 0.610301 0.260647 0.005773 0.002798
5 0.618201 0.343488 0.004558 0.003108
5 0.617897 0.353279 0.005773 0.004663
5 0.617745 0.356699 0.004862 0.004663
5 0.617290 0.360429 0.005166 0.004041
5 0.617593 0.363071 0.005166 0.003730
5 0.617593 0.366180 0.005166 0.003730
5 0.623671 0.384831 0.004558 0.003730
48 0.610757 0.389182 0.006685 0.009325
48 0.601185 0.390892 0.010635 0.007771
48 0.591310 0.390892 0.009116 0.006528
48 0.580827 0.390892 0.011851 0.007150
48 0.571407 0.386074 0.006989 0.015542
48 0.576724 0.374262 0.007293 0.005595
48 0.570647 0.367889 0.004862 0.015853
48 0.586448 0.373640 0.006077 0.008082
48 0.592677 0.373485 0.005773 0.007771
48 0.592981 0.366957 0.004558 0.005284
48 0.586144 0.366957 0.004862 0.005284
48 0.606806 0.369288 0.013978 0.009947
48 0.598602 0.369288 0.003039 0.008704
48 0.607414 0.361051 0.010939 0.005906
48 0.592677 0.360895 0.005773 0.007460
48 0.576269 0.367268 0.006989 0.005284
48 0.575813 0.361362 0.006685 0.005284
48 0.586448 0.361051 0.006077 0.006528
48 0.607414 0.354834 0.011547 0.006528
48 0.606503 0.347995 0.009723 0.006528
48 0.606503 0.341312 0.009116 0.006839
48 0.577028 0.354523 0.007900 0.006528
48 0.577028 0.347995 0.008508 0.005906
48 0.576572 0.340690 0.008204 0.006217
48 0.576421 0.334784 0.007900 0.005595
48 0.592981 0.351259 0.005773 0.008704
48 0.586448 0.351104 0.006077 0.009015
48 0.598450 0.355922 0.005773 0.009325
48 0.598602 0.346285 0.005469 0.009325
48 0.592525 0.340535 0.006077 0.009636
48 0.585840 0.340535 0.006077 0.009015
48 0.597995 0.339447 0.004254 0.004352
48 0.576269 0.328101 0.008204 0.005906
48 0.585688 0.330898 0.005166 0.007150
48 0.593285 0.329810 0.005166 0.007460
48 0.608326 0.330898 0.009116 0.013366
48 0.582194 0.320329 0.020662 0.007771
48 0.602249 0.320796 0.016408 0.008704
48 0.604376 0.255207 0.014585 0.007460
48 0.591462 0.261268 0.020359 0.012123
48 0.603160 0.263755 0.005469 0.006528
48 0.605743 0.271837 0.016105 0.009636
48 0.586904 0.267952 0.022789 0.008704
48 0.577484 0.256761 0.008812 0.013677
48 0.591310 0.156668 0.041933 0.018029
48 0.584625 0.136618 0.006685 0.017718
48 0.592373 0.130712 0.009420 0.007150
48 0.589790 0.178427 0.012762 0.005595
48 0.646004 0.136152 0.042540 0.019273
48 0.645852 0.156512 0.042236 0.020205
48 0.597691 0.075536 0.029170 0.021759
48 0.578244 0.053311 0.018839 0.028909
48 0.522486 0.035281 0.010635 0.010258
48 0.555758 0.034349 0.024309 0.012123
48 0.535551 0.034038 0.014281 0.012745
48 0.554695 0.048492 0.009420 0.007460
48 0.554695 0.055331 0.009420 0.006839
48 0.578092 0.025179 0.019143 0.026733
48 0.610909 0.027976 0.008204 0.034815
48 0.579763 0.005906 0.022486 0.011812
48 0.647827 0.044141 0.042540 0.007460
48 0.648435 0.054554 0.031601 0.005906
48 0.649954 0.060615 0.027955 0.005595
48 0.675631 0.007150 0.013066 0.009325
48 0.685658 0.007150 0.006989 0.008704
5 0.706016 0.016941 0.002735 0.004663
48 0.677758 0.016475 0.017320 0.008704
48 0.678517 0.025179 0.018839 0.008704
48 0.682619 0.032328 0.025828 0.005595
48 0.688696 0.027355 0.007596 0.003730
48 0.716196 0.023624 0.027955 0.010569
48 0.722729 0.030619 0.015497 0.004663
48 0.720754 0.036058 0.010939 0.009947
48 0.727894 0.036369 0.003950 0.008082
48 0.728198 0.042742 0.004558 0.004663
48 0.708447 0.032173 0.012458 0.006528
48 0.681252 0.052844 0.027955 0.021759
48 0.681404 0.069008 0.027043 0.009947
48 0.681860 0.078178 0.027347 0.009636
48 0.682467 0.087659 0.028563 0.009947
48 0.646460 0.077401 0.042236 0.021138
48 0.633850 0.094032 0.015193 0.012123
48 0.643118 0.092944 0.005166 0.006839
48 0.718323 0.069475 0.019447 0.008393
48 0.706168 0.070096 0.004862 0.008393
48 0.709511 0.095586 0.009723 0.007771
48 0.708751 0.104756 0.011243 0.010569
48 0.716196 0.095897 0.004254 0.007150
48 0.722425 0.095431 0.008204 0.006839
48 0.728654 0.094187 0.004254 0.004352
48 0.721665 0.103046 0.010939 0.010880
48 0.728654 0.102269 0.003646 0.011812
9 0.701307 0.107709 0.003039 0.008393
48 0.675782 0.122785 0.012762 0.009325
48 0.672744 0.132111 0.007900 0.009325
48 0.686418 0.132111 0.019447 0.009325
48 0.683227 0.123407 0.002735 0.006839
48 0.686418 0.123718 0.004254 0.007460
48 0.692343 0.123562 0.008204 0.007771
48 0.716500 0.131800 0.027955 0.009325
48 0.720905 0.140970 0.019143 0.009015
48 0.706928 0.141125 0.008812 0.009325
48 0.716651 0.149829 0.027651 0.008704
48 0.725615 0.159465 0.010331 0.007460
48 0.716196 0.158533 0.008508 0.008704
48 0.707232 0.158533 0.009420 0.008704
48 0.716803 0.168014 0.028563 0.009636
48 0.716348 0.176873 0.027651 0.009325
48 0.720146 0.185732 0.021270 0.009636
48 0.717107 0.202984 0.027955 0.008704
48 0.721969 0.212310 0.018232 0.009947
48 0.716196 0.220703 0.028563 0.008082
48 0.706928 0.226453 0.008204 0.004041
48 0.721969 0.229717 0.017016 0.009947
48 0.712397 0.230494 0.005166 0.007150
48 0.721513 0.239198 0.017928 0.009015
48 0.707536 0.239353 0.008812 0.009325
48 0.720602 0.248368 0.010635 0.009325
48 0.727894 0.248368 0.004558 0.008704
48 0.713613 0.248990 0.003950 0.007460
48 0.709815 0.248213 0.011547 0.008393
48 0.719082 0.261579 0.021574 0.017097
48 0.707536 0.266242 0.007596 0.007771
48 0.728350 0.264221 0.004254 0.003108
48 0.690520 0.256761 0.008812 0.010569
48 0.717715 0.274635 0.027955 0.008393
48 0.678669 0.176717 0.019143 0.009636
48 0.690975 0.177184 0.006077 0.009325
48 0.694774 0.177339 0.002735 0.008393
48 0.683227 0.186198 0.027651 0.009325
48 0.683227 0.198166 0.028259 0.017097
48 0.682467 0.213242 0.026740 0.008082
48 0.682619 0.225676 0.027651 0.017408
48 0.665755 0.255984 0.006685 0.006528
48 0.666059 0.268573 0.007293 0.011191
48 0.689152 0.276034 0.017624 0.008082
48 0.674719 0.276034 0.011243 0.007460
48 0.676238 0.284426 0.014281 0.009325
48 0.690520 0.283649 0.014281 0.008393
48 0.667122 0.276811 0.003950 0.005906
48 0.717411 0.283494 0.027955 0.008704
48 0.717867 0.292353 0.027651 0.009015
48 0.725919 0.301989 0.010939 0.009015
48 0.710119 0.302300 0.011547 0.008393
48 0.725160 0.310693 0.013066 0.009015
48 0.716196 0.310382 0.005469 0.009015
48 0.710878 0.311159 0.005773 0.009325
48 0.692191 0.311626 0.011547 0.009636
48 0.677454 0.311159 0.017320 0.008704
48 0.693102 0.320174 0.009116 0.009947
48 0.678517 0.319708 0.020662 0.007771
48 0.713461 0.348306 0.015193 0.005284
48 0.713765 0.337426 0.015193 0.005906
48 0.726527 0.344109 0.007900 0.009947
48 0.727135 0.336649 0.004862 0.003730
48 0.681556 0.355455 0.027347 0.010258
48 0.683531 0.364315 0.028867 0.010569
48 0.678213 0.372863 0.011547 0.009636
48 0.956396 0.510569 0.006989 0.022070
48 0.989669 0.447777 0.011547 0.011501
48 0.990884 0.434256 0.010939 0.012434
48 0.989973 0.420889 0.012762 0.011812
48 0.989821 0.407056 0.012458 0.012745
48 0.978882 0.387162 0.006989 0.010880
48 0.979034 0.395555 0.005469 0.006528
48 0.988605 0.367268 0.008812 0.013366
48 0.989821 0.353901 0.013066 0.013988
48 0.989821 0.340224 0.008204 0.012123
48 0.990277 0.327013 0.009723 0.011812
48 0.990428 0.314423 0.011243 0.013366
48 0.990580 0.300591 0.009116 0.011191
48 0.985111 0.300435 0.003039 0.010880
48 0.988453 0.287380 0.009723 0.012745
48 0.989213 0.274013 0.009420 0.013366
48 0.993163 0.278054 0.008812 0.005284
48 0.982376 0.054865 0.006685 0.026422
48 0.982224 0.035748 0.005773 0.010569
48 0.884230 0.138172 0.007293 0.017097
48 0.859313 0.134131 0.007293 0.007771
48 0.827408 0.131178 0.006685 0.013056
48 0.849286 0.073671 0.010939 0.005595
48 0.849742 0.078645 0.010635 0.006217
48 0.774537 0.099938 0.007293 0.017097
48 0.793680 0.075847 0.009116 0.005595
48 0.800972 0.064190 0.009116 0.014610
48 0.813127 0.063258 0.004254 0.005284
48 0.792464 0.061082 0.007293 0.008393
48 0.793680 0.069164 0.006685 0.007771
48 0.778487 0.079577 0.003646 0.003730
48 0.781373 0.076158 0.008812 0.003108
48 0.782893 0.069008 0.014889 0.011812
48 0.782741 0.060149 0.012154 0.005906
48 0.773929 0.063258 0.007900 0.032017
48 0.790185 0.026888 0.028259 0.023314
5 0.625190 0.002953 0.002127 0.004041
5 0.636585 0.003886 0.002431 0.004663
5 0.680796 0.036836 0.005166 0.002176
5 0.696293 0.043985 0.002127 0.004663
5 0.683683 0.043053 0.001823 0.004041
5 0.675782 0.043053 0.002431 0.005284
5 0.706320 0.062014 0.004558 0.002798
5 0.706928 0.090612 0.005166 0.002176
5 0.706168 0.085328 0.005469 0.002176
5 0.697660 0.143146 0.001823 0.004041
48 0.692343 0.169412 0.005166 0.006217
5 0.709815 0.210755 0.005469 0.003108
5 0.697508 0.231271 0.002127 0.004974
5 0.687329 0.237644 0.004254 0.002176
7 0.684139 0.239975 0.005166 0.002487
5 0.682619 0.242773 0.004558 0.002487
5 0.672744 0.264998 0.005469 0.002798
5 0.702370 0.284582 0.002127 0.005284
5 0.702522 0.293907 0.002431 0.004663
5 0.698268 0.311004 0.001823 0.004663
48 0.939380 0.395866 0.013674 0.013366
4 0.968551 0.358253 0.010027 0.004041
5 0.802947 0.012745 0.005166 0.002487
5 0.809936 0.012279 0.005166 0.002176
5 0.817229 0.018651 0.002127 0.004974
5 0.812823 0.017563 0.002431 0.005284
5 0.806442 0.015387 0.004862 0.002176
5 0.806898 0.017718 0.003950 0.001865
9 0.808417 0.020205 0.005773 0.002487
9 0.807657 0.022847 0.006077 0.002176
48 0.810392 0.034038 0.009116 0.004663
5 0.779246 0.049580 0.002127 0.004041
5 0.781525 0.049891 0.001823 0.003419
5 0.783804 0.049580 0.002127 0.003419
5 0.786387 0.048803 0.002431 0.004352
5 0.788514 0.048492 0.002431 0.004352
5 0.783500 0.052689 0.004558 0.002176
5 0.807809 0.047560 0.004558 0.001865
5 0.826193 0.056108 0.005469 0.002176
7 0.810392 0.057973 0.002431 0.005284
5 0.817837 0.059838 0.002127 0.004663
5 0.805986 0.058750 0.003342 0.005595
5 0.832118 0.059683 0.004558 0.002487
5 0.826345 0.058906 0.004558 0.002176
5 0.826800 0.061393 0.004862 0.002176
5 0.832422 0.062636 0.004558 0.002176
5 0.832574 0.065434 0.004862 0.002798
5 0.827104 0.063724 0.004862 0.002487
5 0.828168 0.066211 0.004558 0.002487
5 0.860073 0.097606 0.002127 0.004352
5 0.855363 0.097606 0.002431 0.004352
5 0.855819 0.102891 0.002735 0.005595
5 0.858250 0.103046 0.002127 0.004663
5 0.860377 0.102269 0.002127 0.004352
5 0.839259 0.124806 0.004862 0.002176
5 0.823458 0.129935 0.002431 0.004974
5 0.976603 0.749145 0.006077 0.003730
5 0.949559 0.756139 0.004862 0.002798
6 0.929201 0.738576 0.006685 0.004352
5 0.914160 0.746969 0.005166 0.003108
5 0.912944 0.734224 0.005166 0.003108
5 0.804315 0.705471 0.006077 0.003419
5 0.795959 0.702673 0.005773 0.003419
5 0.768156 0.710911 0.005469 0.003108
5 0.781373 0.700342 0.005773 0.003108
5 0.750988 0.706870 0.005166 0.003108
5 0.757824 0.694747 0.006077 0.003108
5 0.749316 0.692571 0.005469 0.003108
4 0.715436 0.684489 0.005773 0.003108
4 0.699939 0.679049 0.005773 0.003419
5 0.686721 0.688530 0.006077 0.003108
4 0.713613 0.696456 0.004558 0.002798
4 0.946825 0.742928 0.004862 0.003108
5 0.636737 0.768729 0.002735 0.005595
5 0.634154 0.775723 0.003646 0.007150
5 0.624886 0.791887 0.003342 0.005906
5 0.586752 0.779764 0.003039 0.005284
5 0.621847 0.802456 0.003342 0.005284
48 0.529778 0.808673 0.013674 0.014610
48 0.545275 0.774013 0.040413 0.057818
48 0.554391 0.735002 0.014281 0.012745
48 0.985567 0.784427 0.006381 0.007150
5 0.990125 0.789555 0.005166 0.003108
5 0.989213 0.793597 0.004558 0.003108
5 0.987542 0.799503 0.005469 0.003108
5 0.987238 0.801989 0.005469 0.003108
5 0.986782 0.804321 0.005773 0.002798
5 0.986326 0.806186 0.005469 0.002798
5 0.985263 0.808362 0.005166 0.002798
5 0.985111 0.810693 0.005469 0.003108
5 0.984351 0.813025 0.006381 0.002798
5 0.983592 0.815822 0.005469 0.004041
5 0.983136 0.818154 0.005166 0.003108
5 0.982072 0.819863 0.004862 0.002798
5 0.981617 0.822505 0.005166 0.003108
5 0.981161 0.824837 0.004862 0.002798
5 0.980705 0.827168 0.005166 0.003108
5 0.979186 0.828878 0.005166 0.002798
5 0.979641 0.832142 0.005469 0.003108
5 0.978882 0.834318 0.005773 0.003108
5 0.978122 0.836494 0.005469 0.003108
5 0.976603 0.840846 0.006077 0.003108
5 0.975843 0.845197 0.005166 0.003108
5 0.975235 0.847840 0.006381 0.003419
5 0.979034 0.800591 0.002431 0.005284
5 0.975995 0.814423 0.003039 0.005595
5 0.964904 0.819708 0.005773 0.003108
5 0.969310 0.826702 0.004862 0.002798
5 0.968854 0.829033 0.005773 0.003108
5 0.968854 0.831520 0.005166 0.003108
5 0.967183 0.833385 0.005469 0.003108
5 0.966879 0.836183 0.005469 0.003108
5 0.966272 0.838514 0.006077 0.003419
5 0.965208 0.840846 0.004558 0.003108
5 0.964600 0.842711 0.005166 0.003108
5 0.963993 0.845197 0.005166 0.003108
5 0.963537 0.828101 0.004862 0.003108
5 0.963081 0.830277 0.005166 0.003108
5 0.962473 0.832297 0.005166 0.003419
5 0.961410 0.834629 0.004862 0.002487
5 0.960802 0.837115 0.004862 0.003108
5 0.960043 0.839136 0.005166 0.002798
5 0.959739 0.841623 0.005166 0.003419
5 0.959283 0.843799 0.004862 0.002798
5 0.958523 0.845819 0.004558 0.002487
5 0.959739 0.825614 0.002735 0.004974
5 0.958827 0.830432 0.002735 0.004663
5 0.956396 0.825303 0.002735 0.004974
5 0.956092 0.829655 0.002735 0.003730
5 0.954117 0.838048 0.003039 0.004974
5 0.948040 0.823593 0.004254 0.002798
5 0.952902 0.825303 0.004254 0.002487
5 0.952142 0.827013 0.003950 0.002798
5 0.947584 0.826236 0.004558 0.002487
5 0.946977 0.828567 0.004558 0.002798
5 0.951231 0.829500 0.003950 0.002798
5 0.946369 0.830432 0.004558 0.002798
5 0.951231 0.831986 0.004558 0.002798
5 0.950623 0.834629 0.003950 0.002487
5 0.945913 0.833230 0.004862 0.003419
5 0.949863 0.836804 0.004254 0.002487
5 0.945153 0.835561 0.004558 0.002487
5 0.949559 0.839136 0.004254 0.002798
5 0.944698 0.837582 0.005469 0.002798
5 0.949104 0.841312 0.004558 0.002798
5 0.944242 0.839758 0.005166 0.002798
5 0.945761 0.842400 0.005166 0.003108
5 0.929657 0.838980 0.005166 0.003108
5 0.933759 0.837582 0.005469 0.002798
5 0.928441 0.836183 0.004558 0.002487
5 0.934063 0.834939 0.005469 0.003108
5 0.928441 0.833385 0.005773 0.003108
5 0.934670 0.832763 0.005469 0.003108
5 0.929353 0.831209 0.004558 0.002487
5 0.926314 0.826546 0.002735 0.004974
5 0.935278 0.830432 0.004862 0.002798
5 0.929960 0.828878 0.005166 0.002798
5 0.935886 0.828101 0.005469 0.003108
5 0.930416 0.826546 0.004862 0.002487
5 0.936493 0.825769 0.004862 0.002798
5 0.931024 0.824371 0.004862 0.002487
5 0.927833 0.820485 0.002735 0.005284
5 0.937101 0.823593 0.005469 0.002798
5 0.937861 0.821417 0.005773 0.002798
5 0.931784 0.821728 0.005166 0.002798
5 0.932088 0.819552 0.005166 0.002798
5 0.938013 0.819086 0.005469 0.003108
5 0.932543 0.817221 0.004862 0.002487
5 0.938013 0.816288 0.005469 0.003108
5 0.932999 0.814734 0.005166 0.003108
5 0.929809 0.813180 0.003039 0.005595
5 0.934063 0.812403 0.004862 0.002798
5 0.938924 0.813802 0.005469 0.003108
5 0.940140 0.811781 0.004862 0.002798
5 0.934974 0.810382 0.004254 0.002487
5 0.940140 0.809450 0.004862 0.002487
5 0.940899 0.807274 0.005166 0.003108
5 0.936190 0.805875 0.004254 0.002798
5 0.932239 0.803388 0.003646 0.005284
5 0.936645 0.803699 0.004558 0.002798
5 0.941659 0.805098 0.005469 0.003730
5 0.942571 0.802922 0.005469 0.003108
5 0.943330 0.800591 0.005166 0.003419
5 0.937405 0.801368 0.004862 0.002487
5 0.937861 0.799192 0.005166 0.002487
5 0.938621 0.796550 0.004862 0.002798
5 0.933911 0.798104 0.003342 0.005284
5 0.943482 0.795306 0.004254 0.002176
5 0.944090 0.792975 0.004862 0.003108
5 0.944546 0.790954 0.004558 0.002798
5 0.938924 0.791731 0.005469 0.003108
5 0.939684 0.789400 0.005166 0.002798
5 0.945002 0.788468 0.004862 0.002798
5 0.939684 0.787224 0.005166 0.002798
5 0.946673 0.786758 0.003950 0.003108
5 0.942267 0.785204 0.004862 0.002487
5 0.947280 0.782251 0.002735 0.004663
5 0.943938 0.776189 0.004558 0.002487
5 0.943482 0.778210 0.004862 0.002798
5 0.943026 0.780541 0.005166 0.002487
5 0.938317 0.782406 0.004254 0.003730
5 0.933759 0.773547 0.004254 0.002798
5 0.928593 0.771837 0.004862 0.003108
5 0.927985 0.774324 0.004862 0.003108
5 0.933303 0.775567 0.003950 0.002487
5 0.932239 0.778054 0.004862 0.003108
5 0.935886 0.778365 0.003039 0.004974
5 0.927378 0.776655 0.004862 0.002798
5 0.931480 0.780385 0.004558 0.002798
5 0.926770 0.778831 0.004254 0.002798
5 0.925858 0.781318 0.005469 0.002798
5 0.930872 0.783028 0.003950 0.002487
5 0.933911 0.785204 0.002735 0.004974
5 0.930112 0.784893 0.004862 0.003108
5 0.925251 0.783338 0.004254 0.002487
5 0.929505 0.787224 0.004862 0.002798
5 0.924795 0.785825 0.004558 0.002487
5 0.924339 0.788001 0.004862 0.002487
5 0.929049 0.789555 0.004558 0.002487
5 0.923883 0.790333 0.005166 0.002798
5 0.928289 0.792042 0.004254 0.002487
5 0.922972 0.792819 0.005166 0.002798
5 0.927985 0.794218 0.004254 0.002487
5 0.927378 0.796239 0.004862 0.003419
5 0.922364 0.794840 0.004558 0.003108
5 0.926466 0.798570 0.004254 0.002487
5 0.921452 0.797016 0.005166 0.003108
5 0.926314 0.801212 0.004558 0.002798
5 0.921452 0.799658 0.005166 0.002798
5 0.925555 0.803388 0.004862 0.002798
5 0.920693 0.802145 0.004862 0.002798
5 0.920237 0.804321 0.004558 0.002798
5 0.924491 0.807896 0.004558 0.002487
5 0.919781 0.806652 0.004862 0.002487
5 0.919022 0.808828 0.004558 0.002487
5 0.923124 0.812403 0.004862 0.002798
5 0.918566 0.811004 0.004862 0.003108
5 0.918110 0.813180 0.005166 0.002487
5 0.922668 0.815045 0.005166 0.003108
5 0.917502 0.816133 0.004558 0.002798
5 0.921908 0.817532 0.004862 0.002487
5 0.916895 0.818154 0.005166 0.002487
5 0.921604 0.819708 0.004862 0.002487
5 0.916135 0.820640 0.004862 0.002487
5 0.921149 0.821884 0.005166 0.003108
5 0.915527 0.822661 0.004254 0.002798
5 0.920237 0.823904 0.004558 0.002176
5 0.920389 0.826391 0.005469 0.002798
5 0.914616 0.824837 0.004862 0.002798
5 0.919933 0.828878 0.005773 0.002798
5 0.914312 0.827634 0.004862 0.002798
5 0.919022 0.831054 0.005166 0.002798
5 0.918414 0.833541 0.005166 0.002798
5 0.913704 0.829655 0.004862 0.002487
5 0.913248 0.832142 0.004558 0.002487
5 0.914312 0.835095 0.004862 0.002798
5 0.918262 0.769350 0.004254 0.002487
5 0.913248 0.768418 0.005166 0.002487
5 0.912944 0.770749 0.005166 0.002798
5 0.917806 0.771837 0.004558 0.002487
5 0.921149 0.775101 0.002735 0.005284
5 0.917502 0.774324 0.003950 0.002487
5 0.912337 0.772925 0.005773 0.002798
5 0.916895 0.776500 0.003950 0.002487
5 0.912185 0.775256 0.004862 0.002487
5 0.916135 0.778520 0.005469 0.002798
5 0.911121 0.777277 0.004558 0.002798
5 0.915831 0.781163 0.004862 0.002487
5 0.910058 0.779919 0.005469 0.003108
5 0.909602 0.782095 0.005166 0.002487
5 0.915071 0.783338 0.004558 0.002487
5 0.914616 0.785670 0.004862 0.002798
5 0.909146 0.784116 0.004862 0.002798
5 0.908690 0.786602 0.005166 0.002798
5 0.913552 0.787690 0.004558 0.002487
5 0.917198 0.789866 0.002735 0.004974
5 0.912641 0.790022 0.005166 0.002798
5 0.907019 0.790954 0.004862 0.002798
5 0.912033 0.792509 0.004558 0.002798
5 0.915679 0.794840 0.002735 0.004974
5 0.911729 0.794684 0.004558 0.002798
5 0.906867 0.793441 0.005166 0.002798
5 0.906108 0.796239 0.005469 0.002798
5 0.914464 0.799969 0.002735 0.005284
5 0.910665 0.799658 0.004862 0.002798
5 0.905500 0.798570 0.004862 0.002487
5 0.910210 0.802145 0.005166 0.002798
5 0.905044 0.800591 0.004558 0.002798
5 0.912944 0.807585 0.002735 0.004974
5 0.910817 0.814734 0.002735 0.005595
5 0.909450 0.804165 0.004862 0.002487
5 0.908842 0.806341 0.004862 0.002487
5 0.907931 0.808206 0.004862 0.003108
5 0.907323 0.810693 0.004862 0.002487
5 0.907019 0.812714 0.004862 0.002798
5 0.904132 0.802922 0.004558 0.002487
5 0.903373 0.804942 0.004862 0.002798
5 0.902765 0.807274 0.004862 0.002487
5 0.902461 0.809605 0.004862 0.002798
5 0.901854 0.811781 0.004862 0.002798
5 0.901246 0.813957 0.005469 0.002798
5 0.906259 0.815201 0.005166 0.002798
5 0.906259 0.817998 0.005166 0.002798
5 0.905348 0.820485 0.005166 0.002798
5 0.908690 0.821884 0.002735 0.004352
5 0.904588 0.822661 0.004254 0.002798
5 0.904436 0.825303 0.004558 0.002487
5 0.903981 0.827168 0.004254 0.002487
5 0.907171 0.828567 0.002735 0.004663
5 0.900790 0.816599 0.005166 0.003108
5 0.900334 0.819086 0.004862 0.002487
5 0.899575 0.821107 0.005166 0.002798
5 0.898967 0.823438 0.004558 0.002487
5 0.898663 0.825925 0.005166 0.002487
5 0.896688 0.816133 0.003039 0.005284
5 0.895321 0.822195 0.002735 0.004974
5 0.902461 0.829189 0.004862 0.002798
5 0.897751 0.828101 0.004558 0.002487
5 0.900030 0.831209 0.005469 0.002487
5 0.884230 0.826857 0.005469 0.003108
5 0.888180 0.825769 0.005469 0.003419
5 0.882558 0.824215 0.005166 0.002798
5 0.888028 0.822972 0.004558 0.002798
5 0.883318 0.821728 0.004862 0.002798
5 0.888940 0.820951 0.004558 0.002487
5 0.883622 0.819708 0.004254 0.002487
5 0.889243 0.818620 0.005773 0.002798
5 0.884078 0.817221 0.004558 0.002487
5 0.890155 0.816444 0.005166 0.002798
5 0.884686 0.814734 0.005166 0.003108
5 0.890611 0.813957 0.005469 0.003419
5 0.884989 0.812403 0.005166 0.002798
5 0.880887 0.814113 0.003039 0.004974
5 0.891067 0.811470 0.004558 0.002798
5 0.885901 0.809916 0.005166 0.002798
5 0.891370 0.809139 0.005166 0.003108
5 0.886509 0.807740 0.004558 0.002798
5 0.891978 0.806652 0.005166 0.002487
5 0.886053 0.805253 0.005469 0.002798
5 0.887572 0.803233 0.004254 0.002487
5 0.892586 0.804632 0.005166 0.002798
5 0.893345 0.802456 0.004862 0.002798
5 0.888332 0.801212 0.005166 0.002798
5 0.894105 0.800280 0.004558 0.002798
5 0.889091 0.798881 0.004862 0.002487
5 0.894561 0.798104 0.004254 0.002798
5 0.889699 0.796705 0.004862 0.003108
5 0.895321 0.795462 0.004558 0.002487
5 0.895624 0.792819 0.004558 0.002798
5 0.890763 0.791731 0.005166 0.002487
5 0.891218 0.789400 0.004862 0.002798
5 0.895928 0.790799 0.003950 0.002487
5 0.898967 0.794840 0.002735 0.005595
5 0.900030 0.789555 0.003039 0.004974
5 0.896688 0.788623 0.004254 0.002487
5 0.897600 0.786447 0.004254 0.002487
5 0.892738 0.785204 0.004862 0.003108
5 0.898207 0.784116 0.004254 0.002798
5 0.893194 0.782872 0.005166 0.002798
5 0.898967 0.781940 0.004558 0.002798
5 0.893801 0.780696 0.005166 0.002798
5 0.899119 0.779764 0.004254 0.002798
5 0.894713 0.778054 0.005166 0.002487
5 0.895017 0.775723 0.005166 0.002798
5 0.899727 0.777122 0.004862 0.002487
5 0.903221 0.775567 0.002127 0.004974
5 0.904436 0.770438 0.002735 0.004663
5 0.900334 0.774479 0.004254 0.002176
5 0.895624 0.773236 0.004558 0.002176
5 0.896080 0.771215 0.004254 0.002487
5 0.900334 0.772459 0.004254 0.002487
5 0.901246 0.770283 0.004254 0.003108
5 0.896840 0.769195 0.004558 0.002798
5 0.902005 0.768262 0.004558 0.002798
5 0.896688 0.766864 0.004862 0.002487
5 0.902157 0.766086 0.004254 0.002798
5 0.897296 0.764532 0.004862 0.002798
5 0.887420 0.761890 0.003950 0.002487
5 0.891067 0.766708 0.002127 0.003419
5 0.887420 0.764532 0.003950 0.002176
5 0.883470 0.763444 0.003950 0.002487
5 0.881647 0.764998 0.004558 0.002487
5 0.886813 0.766708 0.005773 0.003419
5 0.886205 0.768884 0.004558 0.002798
5 0.881191 0.767641 0.004862 0.002798
5 0.889243 0.770905 0.002735 0.004974
5 0.885293 0.770905 0.004558 0.002487
5 0.880583 0.769506 0.004862 0.002798
5 0.879824 0.771837 0.005166 0.003108
5 0.885141 0.773391 0.005469 0.003108
5 0.884686 0.775567 0.005773 0.002487
5 0.883622 0.778210 0.005469 0.002798
5 0.877697 0.778676 0.005166 0.003108
5 0.877089 0.781007 0.005773 0.002798
5 0.882862 0.782561 0.005166 0.002798
5 0.876481 0.783494 0.005773 0.002798
5 0.881343 0.785048 0.004558 0.002798
5 0.884989 0.787224 0.002735 0.004663
5 0.876177 0.785825 0.004558 0.002487
5 0.875570 0.788312 0.005773 0.003108
5 0.880887 0.789400 0.004862 0.002798
5 0.883774 0.792198 0.003342 0.004663
5 0.879824 0.791731 0.004558 0.002487
5 0.874962 0.790333 0.005166 0.002798
5 0.874506 0.792664 0.004862 0.002487
5 0.874202 0.794995 0.004862 0.002798
5 0.878456 0.796239 0.005469 0.002798
5 0.872683 0.797016 0.004862 0.003108
5 0.877697 0.798570 0.005166 0.003108
5 0.881343 0.800746 0.002735 0.004974
5 0.877545 0.801057 0.004862 0.002487
5 0.872379 0.799658 0.004862 0.002798
5 0.876937 0.803388 0.004862 0.002798
5 0.872075 0.801989 0.004862 0.002487
5 0.871164 0.804010 0.004862 0.002798
5 0.876481 0.805564 0.005166 0.002798
5 0.875722 0.807740 0.004862 0.002798
5 0.870404 0.806186 0.004558 0.002798
5 0.875266 0.810227 0.005166 0.002798
5 0.870252 0.808673 0.004862 0.002798
5 0.874962 0.812403 0.005166 0.002798
5 0.869948 0.811315 0.004862 0.002487
5 0.873899 0.815045 0.004862 0.003108
5 0.869189 0.813491 0.004558 0.002487
5 0.873899 0.817221 0.004254 0.002487
5 0.868885 0.815978 0.005166 0.003108
5 0.872987 0.819397 0.004254 0.002487
5 0.868277 0.818464 0.004558 0.002487
5 0.872835 0.821884 0.005166 0.003108
5 0.867517 0.820640 0.004862 0.002487
5 0.868733 0.823438 0.005469 0.003108
5 0.855971 0.819552 0.004862 0.002798
5 0.856730 0.817687 0.005166 0.002798
5 0.857034 0.815356 0.005166 0.003108
5 0.857186 0.812714 0.004254 0.002798
5 0.857794 0.810382 0.004254 0.002487
5 0.861744 0.813646 0.003039 0.005906
5 0.863871 0.806963 0.003039 0.004974
5 0.859161 0.808517 0.005166 0.003108
5 0.859921 0.806186 0.005469 0.002798
7 0.860377 0.804010 0.005773 0.002798
5 0.861136 0.801523 0.005469 0.002798
5 0.861440 0.799347 0.006077 0.002798
5 0.862808 0.797171 0.005773 0.003419
5 0.863263 0.794374 0.005469 0.002798
5 0.863415 0.792198 0.005166 0.002798
5 0.864023 0.789866 0.005166 0.003108
5 0.868277 0.790022 0.002735 0.004041
5 0.864023 0.787535 0.005166 0.002798
7 0.865087 0.785359 0.005469 0.002798
5 0.869493 0.784427 0.002735 0.005284
5 0.865542 0.783183 0.005166 0.002798
5 0.865998 0.780696 0.005469 0.002798
5 0.866302 0.778520 0.005469 0.003419
5 0.867214 0.776034 0.004862 0.002798
5 0.867517 0.773858 0.004862 0.002798
5 0.868429 0.771371 0.004862 0.002798
5 0.869037 0.769350 0.004254 0.002487
5 0.872075 0.769195 0.002431 0.004663
5 0.869341 0.766708 0.004862 0.002798
5 0.870252 0.764688 0.004862 0.002487
5 0.865846 0.765465 0.002735 0.004663
5 0.864631 0.770283 0.002735 0.004974
5 0.873139 0.760025 0.004558 0.003108
5 0.868125 0.758004 0.004254 0.002798
5 0.863111 0.757227 0.005166 0.003108
5 0.863719 0.754430 0.005166 0.003108
5 0.869796 0.752875 0.005166 0.003108
5 0.864175 0.751477 0.005469 0.002798
5 0.857946 0.737022 0.002735 0.004974
5 0.860377 0.737488 0.002735 0.004663
5 0.862352 0.738421 0.002431 0.004663
5 0.860529 0.744482 0.002431 0.004974
5 0.859161 0.750389 0.002735 0.004974
4 0.856882 0.742617 0.003039 0.006217
5 0.847919 0.749611 0.002735 0.004663
5 0.860225 0.762201 0.004862 0.002487
5 0.859617 0.764221 0.004862 0.002798
5 0.859009 0.766553 0.004862 0.002487
5 0.858250 0.768884 0.005166 0.002798
5 0.858250 0.771215 0.005773 0.003108
5 0.854907 0.762667 0.002735 0.004663
5 0.851565 0.762512 0.002735 0.004974
5 0.850501 0.767796 0.002431 0.004974
5 0.854300 0.768107 0.002127 0.004352
5 0.848982 0.773236 0.003039 0.005284
5 0.853084 0.772303 0.002735 0.004663
5 0.856730 0.775723 0.005166 0.002798
5 0.855971 0.778365 0.004254 0.002487
5 0.855819 0.780696 0.004558 0.002798
5 0.854603 0.782872 0.005166 0.002798
5 0.859009 0.784116 0.003039 0.004663
5 0.854148 0.785204 0.004862 0.002487
5 0.857642 0.789089 0.002735 0.004041
5 0.853540 0.787380 0.004862 0.002487
5 0.853084 0.789711 0.005166 0.002798
5 0.852628 0.791887 0.005469 0.002798
5 0.851869 0.794218 0.005773 0.003108
5 0.851869 0.796860 0.005166 0.003419
5 0.851261 0.799192 0.004558 0.002487
5 0.850349 0.801523 0.005166 0.002798
5 0.853844 0.802145 0.002431 0.004663
5 0.849742 0.803699 0.005166 0.002798
5 0.849286 0.806030 0.005469 0.003108
5 0.853084 0.807118 0.002735 0.004663
5 0.848678 0.808517 0.004862 0.002487
5 0.851413 0.813335 0.003039 0.005284
5 0.847463 0.812714 0.004862 0.002798
5 0.847007 0.814890 0.004558 0.002798
5 0.838955 0.819708 0.004254 0.002487
5 0.845032 0.823593 0.005469 0.002798
5 0.955637 0.857631 0.005469 0.003108
5 0.960802 0.861517 0.005469 0.003419
5 0.958523 0.865713 0.005166 0.003108
5 0.952446 0.869133 0.005166 0.003108
5 0.958219 0.870842 0.005773 0.003419
5 0.957156 0.873174 0.005469 0.003108
5 0.956852 0.875661 0.005469 0.003108
5 0.951686 0.871620 0.005469 0.003108
5 0.937253 0.879080 0.005773 0.003108
5 0.938772 0.874106 0.005166 0.003108
5 0.941507 0.871620 0.005166 0.003108
5 0.936342 0.870065 0.005166 0.003108
5 0.941811 0.869133 0.005166 0.003108
5 0.936645 0.867579 0.005166 0.003108
5 0.942723 0.866801 0.005773 0.002798
5 0.943178 0.864625 0.005469 0.002798
5 0.944090 0.862139 0.005469 0.002798
5 0.944546 0.859963 0.005773 0.002798
5 0.938469 0.860740 0.005166 0.003108
5 0.939836 0.856233 0.005469 0.002798
5 0.927682 0.858408 0.006077 0.003419
5 0.926466 0.865247 0.005469 0.002798
5 0.925858 0.867579 0.005469 0.003108
5 0.925403 0.869910 0.005773 0.002798
5 0.916287 0.872552 0.005773 0.002487
5 0.923276 0.879080 0.005166 0.003108
5 0.922820 0.881411 0.005469 0.002798
5 0.922212 0.883743 0.004862 0.002487
5 0.921756 0.885919 0.005773 0.003108
5 0.921301 0.888561 0.004862 0.002798
5 0.915375 0.886696 0.005773 0.002798
5 0.905956 0.882344 0.005773 0.002798
5 0.906715 0.879702 0.005469 0.003108
5 0.907323 0.877526 0.005469 0.003108
5 0.901246 0.878458 0.005469 0.003108
5 0.901854 0.876127 0.005469 0.002798
5 0.902309 0.873951 0.005166 0.002798
5 0.902765 0.871464 0.005469 0.002798
5 0.904436 0.866801 0.005166 0.002798
5 0.909450 0.868356 0.005469 0.002798
5 0.910058 0.865713 0.005469 0.003108
5 0.905500 0.862294 0.005469 0.003108
5 0.911273 0.861206 0.006077 0.002798
5 0.911729 0.859030 0.005773 0.002798
5 0.912489 0.856854 0.006077 0.003419
5 0.907627 0.853124 0.005469 0.002798
5 0.908235 0.850793 0.005469 0.003108
5 0.909602 0.845975 0.005773 0.002798
5 0.925251 0.849705 0.005469 0.002798
5 0.924187 0.852347 0.005773 0.003108
5 0.894409 0.842089 0.005773 0.003108
5 0.893649 0.844420 0.005469 0.002798
5 0.882255 0.848772 0.005166 0.002798
5 0.896688 0.852969 0.006077 0.003108
5 0.891067 0.856233 0.005166 0.002798
5 0.895321 0.859652 0.005166 0.002798
5 0.894865 0.862139 0.006077 0.002798
5 0.893801 0.866646 0.005773 0.003108
5 0.893042 0.868977 0.005469 0.002798
5 0.892282 0.871464 0.005773 0.002798
5 0.891826 0.873795 0.006077 0.003108
5 0.885901 0.874417 0.005166 0.002487
5 0.888180 0.867423 0.004862 0.002798
5 0.876785 0.870065 0.005773 0.003108
5 0.872075 0.865869 0.005469 0.002798
5 0.877849 0.865092 0.005469 0.002487
5 0.880583 0.855922 0.005469 0.002798
5 0.988909 0.869754 0.003950 0.004352
5 0.988150 0.876127 0.004254 0.005284
5 0.988150 0.882966 0.004254 0.005284
5 0.973716 0.884831 0.002735 0.005284
5 0.967943 0.896798 0.003342 0.005595
5 0.931632 0.889338 0.002431 0.004974
5 0.932847 0.883432 0.003039 0.005595
5 0.812671 0.740597 0.002735 0.005284
5 0.815406 0.741063 0.002735 0.004974
5 0.818140 0.741374 0.002735 0.004974
5 0.820723 0.741219 0.003039 0.005284
5 0.823306 0.742617 0.003342 0.004352
5 0.826648 0.744172 0.002735 0.004352
5 0.818596 0.745726 0.004862 0.002487
5 0.823914 0.746658 0.004558 0.002487
5 0.829991 0.744327 0.002735 0.004663
5 0.832878 0.746192 0.003039 0.004663
5 0.835460 0.746503 0.002735 0.004663
5 0.838499 0.747436 0.003950 0.005284
5 0.841689 0.747746 0.003646 0.005284
5 0.845336 0.748679 0.003039 0.005284
5 0.828775 0.748057 0.004558 0.002798
5 0.833941 0.749922 0.005166 0.002798
5 0.840778 0.751632 0.005469 0.003108
5 0.808721 0.741063 0.003342 0.005595
5 0.804771 0.744016 0.006381 0.004041
5 0.804467 0.746348 0.004558 0.002487
5 0.803859 0.748368 0.005166 0.002798
5 0.803555 0.750544 0.005166 0.002798
5 0.803251 0.752720 0.005166 0.002798
5 0.802947 0.754585 0.005166 0.003419
5 0.802492 0.756761 0.005469 0.003419
5 0.801732 0.759559 0.005166 0.003419
5 0.800972 0.762045 0.004862 0.003419
5 0.800668 0.764221 0.004254 0.002798
5 0.799149 0.768729 0.005469 0.003108
5 0.798845 0.771215 0.005469 0.002487
5 0.798238 0.773391 0.005469 0.003108
5 0.798238 0.776500 0.004862 0.002487
5 0.798238 0.779297 0.005469 0.003108
5 0.797022 0.782561 0.005469 0.002798
5 0.796111 0.784582 0.006077 0.003108
5 0.795503 0.787535 0.005469 0.002798
5 0.794591 0.789711 0.004862 0.002798
5 0.794743 0.792198 0.005166 0.002798
5 0.794136 0.794218 0.005773 0.003108
5 0.793224 0.796550 0.005773 0.003419
5 0.810848 0.751010 0.002735 0.004974
5 0.807050 0.754740 0.002431 0.004974
5 0.814798 0.750855 0.004558 0.002798
5 0.808873 0.758937 0.003039 0.005284
5 0.805226 0.763289 0.002431 0.004663
5 0.819964 0.750699 0.003950 0.002487
5 0.819964 0.752720 0.005166 0.002798
5 0.826041 0.755362 0.002735 0.004974
5 0.823154 0.755207 0.002431 0.004041
5 0.819660 0.754896 0.004558 0.002798
5 0.813582 0.755518 0.004558 0.002798
5 0.818748 0.756916 0.005773 0.003730
5 0.813127 0.757849 0.004862 0.003108
5 0.818292 0.759714 0.004862 0.003730
5 0.821483 0.761268 0.002735 0.004974
5 0.817685 0.761890 0.004254 0.003108
5 0.813127 0.760180 0.004254 0.002798
5 0.812519 0.762512 0.005469 0.003108
5 0.817229 0.764066 0.004558 0.003108
5 0.814494 0.765620 0.005166 0.003108
5 0.821179 0.765309 0.003950 0.003108
5 0.819660 0.767174 0.005166 0.003108
5 0.810696 0.768418 0.005469 0.003108
5 0.810544 0.771060 0.005773 0.002798
5 0.816165 0.772925 0.005469 0.003419
5 0.809936 0.773391 0.005166 0.002487
5 0.815861 0.769972 0.004862 0.003108
5 0.809632 0.775567 0.005773 0.003108
5 0.815102 0.777588 0.005166 0.003419
5 0.813734 0.779608 0.004862 0.003108
5 0.808569 0.778210 0.004862 0.002798
5 0.813582 0.782095 0.006381 0.003108
5 0.807505 0.780541 0.005166 0.003108
5 0.803403 0.781473 0.003646 0.005595
5 0.807505 0.783183 0.004558 0.002798
5 0.812519 0.784271 0.005469 0.003108
5 0.807353 0.785359 0.005469 0.002798
5 0.812215 0.787224 0.004862 0.002798
5 0.807050 0.787846 0.005469 0.003419
5 0.811911 0.789089 0.004862 0.002798
5 0.800517 0.797793 0.002735 0.005284
5 0.803403 0.795306 0.003039 0.005906
5 0.802188 0.800591 0.003039 0.005284
5 0.805834 0.795772 0.002431 0.004974
5 0.804771 0.800746 0.002735 0.005595
5 0.808265 0.795928 0.003039 0.005284
5 0.807353 0.801368 0.003039 0.004974
5 0.810848 0.796394 0.002735 0.004974
5 0.809784 0.801679 0.002431 0.004974
5 0.813431 0.796860 0.003039 0.004663
5 0.812063 0.801679 0.002735 0.004974
5 0.814190 0.802611 0.003342 0.005595
5 0.818140 0.797638 0.002735 0.004974
5 0.816773 0.802611 0.003039 0.004974
5 0.820875 0.798415 0.003342 0.005284
5 0.819204 0.802922 0.003039 0.004974
5 0.834853 0.797327 0.005166 0.003108
5 0.823002 0.799347 0.002735 0.004663
5 0.821027 0.804165 0.003039 0.004974
5 0.824977 0.799658 0.003039 0.004663
5 0.827864 0.799814 0.002735 0.004974
5 0.829991 0.800124 0.002735 0.004974
5 0.832422 0.800435 0.002735 0.004352
5 0.835157 0.801212 0.002735 0.004663
5 0.823458 0.805098 0.003039 0.004974
5 0.825889 0.805253 0.003039 0.005284
7 0.828016 0.806341 0.003039 0.005595
5 0.830599 0.806652 0.002735 0.004974
5 0.833333 0.806497 0.003342 0.005284
5 0.824977 0.760957 0.003039 0.004974
5 0.830751 0.753342 0.005469 0.002798
5 0.836068 0.754430 0.005166 0.002487
5 0.830751 0.755828 0.004862 0.002798
5 0.835764 0.756916 0.005166 0.003108
5 0.847159 0.756916 0.004254 0.003108
5 0.846551 0.758937 0.004862 0.003419
5 0.839410 0.758937 0.002735 0.005284
5 0.830447 0.758315 0.004862 0.002798
5 0.835308 0.759403 0.004862 0.003108
5 0.841386 0.760647 0.002431 0.004974
5 0.845792 0.761113 0.004558 0.003419
5 0.845184 0.763289 0.004558 0.002798
5 0.845032 0.765465 0.004862 0.002798
5 0.844120 0.768107 0.004862 0.003108
5 0.829839 0.760647 0.004862 0.003108
5 0.834853 0.761579 0.005166 0.003108
5 0.840322 0.765620 0.002735 0.004352
5 0.838499 0.764532 0.002735 0.004663
5 0.834397 0.763910 0.004862 0.002798
5 0.829383 0.762823 0.004558 0.002487
5 0.825129 0.766086 0.002735 0.004663
5 0.828927 0.764998 0.004862 0.002487
5 0.834245 0.766086 0.005773 0.002798
5 0.829231 0.767330 0.004862 0.002798
5 0.828472 0.769506 0.005166 0.002798
5 0.834093 0.768573 0.004862 0.003419
5 0.837132 0.770283 0.002431 0.004974
5 0.839410 0.771215 0.002735 0.004352
5 0.843209 0.772614 0.004862 0.002798
5 0.825585 0.771526 0.006077 0.003730
5 0.840170 0.778365 0.004862 0.003108
5 0.831358 0.775256 0.005469 0.003730
5 0.826193 0.774168 0.004862 0.002798
5 0.824825 0.776500 0.005773 0.003108
5 0.824521 0.779142 0.004558 0.002798
5 0.829535 0.780075 0.004862 0.002798
5 0.838499 0.780696 0.005166 0.002798
5 0.837891 0.783183 0.004558 0.002798
5 0.828927 0.782251 0.005469 0.002798
5 0.823610 0.781163 0.005166 0.003108
5 0.822242 0.783338 0.004862 0.002487
5 0.827560 0.784582 0.005773 0.003108
5 0.821787 0.785670 0.004558 0.002798
5 0.827560 0.786913 0.005166 0.002798
5 0.822091 0.788001 0.005166 0.003108
5 0.838043 0.785825 0.005469 0.002487
5 0.837435 0.787846 0.005469 0.002798
5 0.837132 0.790333 0.004862 0.002798
5 0.827256 0.789555 0.005773 0.003108
5 0.825585 0.791421 0.004862 0.002487
5 0.851261 0.777588 0.002735 0.005284
5 0.850046 0.782406 0.002735 0.004974
5 0.845944 0.786758 0.003039 0.004974
5 0.848222 0.787846 0.002735 0.005284
5 0.790185 0.807274 0.005773 0.003108
5 0.789578 0.809294 0.005773 0.002798
5 0.788970 0.811781 0.005773 0.002798
5 0.788362 0.814423 0.006381 0.003108
5 0.788058 0.817376 0.006381 0.003419
5 0.786691 0.819708 0.005469 0.003108
5 0.786235 0.822195 0.005773 0.003730
5 0.784868 0.824371 0.005469 0.003730
5 0.784260 0.826857 0.005469 0.003108
5 0.783045 0.829033 0.004862 0.003108
5 0.782437 0.831520 0.005469 0.003108
5 0.781981 0.834473 0.005773 0.004041
5 0.781525 0.836960 0.005469 0.003419
5 0.779398 0.841778 0.003039 0.004974
5 0.779398 0.847840 0.003039 0.004663
5 0.784716 0.848928 0.003950 0.006217
5 0.800517 0.809294 0.005166 0.002798
5 0.799605 0.811470 0.005166 0.002798
5 0.805682 0.810382 0.005166 0.003108
5 0.805226 0.812714 0.005469 0.002798
5 0.799149 0.813802 0.004862 0.002487
5 0.804771 0.815356 0.006381 0.003730
5 0.799301 0.816755 0.005166 0.002798
5 0.805074 0.817843 0.005773 0.003108
5 0.798693 0.819552 0.005166 0.002798
5 0.803707 0.820329 0.005469 0.003108
5 0.797630 0.821573 0.004862 0.002487
5 0.802947 0.822816 0.005773 0.003108
5 0.796718 0.824060 0.004862 0.003108
5 0.801580 0.824837 0.004862 0.002798
5 0.795807 0.826080 0.004862 0.002798
5 0.800972 0.827168 0.005469 0.003108
5 0.795199 0.828567 0.004862 0.003419
5 0.800213 0.829655 0.005166 0.003108
5 0.794439 0.830898 0.005166 0.003108
5 0.799757 0.832297 0.006077 0.003419
5 0.793832 0.832919 0.005166 0.002798
5 0.793072 0.835561 0.004862 0.003108
5 0.791401 0.837582 0.005773 0.002798
5 0.790033 0.839758 0.005469 0.002798
5 0.799149 0.834939 0.005469 0.003108
5 0.798693 0.837115 0.005773 0.003108
5 0.800972 0.843954 0.004862 0.002487
5 0.800213 0.846130 0.005773 0.003108
5 0.817077 0.810071 0.004862 0.002487
5 0.826800 0.811781 0.005469 0.002798
5 0.829079 0.815511 0.002735 0.004041
5 0.816469 0.812247 0.004862 0.002487
5 0.820115 0.814268 0.002431 0.005284
5 0.822546 0.815511 0.002431 0.005284
5 0.824673 0.815978 0.003039 0.004974
5 0.826648 0.816599 0.002735 0.004974
5 0.815710 0.814579 0.005166 0.003419
5 0.815254 0.816910 0.005469 0.003108
5 0.814798 0.819397 0.005166 0.003108
5 0.809936 0.821107 0.003342 0.005284
5 0.814494 0.821884 0.005166 0.003108
5 0.813279 0.824060 0.005166 0.003108
5 0.813127 0.826702 0.005469 0.002798
5 0.807353 0.829966 0.003039 0.004974
5 0.812367 0.829500 0.005166 0.002798
5 0.812063 0.831831 0.005773 0.003108
5 0.811304 0.834318 0.005469 0.003730
5 0.810088 0.836494 0.005469 0.003108
5 0.815102 0.836804 0.003950 0.005595
5 0.809328 0.838670 0.004558 0.003108
5 0.808873 0.840690 0.005469 0.002798
5 0.812975 0.844109 0.005166 0.003419
7 0.821483 0.847529 0.005166 0.002798
5 0.820723 0.849860 0.005469 0.003108
5 0.808113 0.851259 0.002735 0.005906
5 0.810696 0.851103 0.003039 0.005595
5 0.813127 0.851414 0.003039 0.005595
5 0.815710 0.852658 0.003950 0.006217
5 0.836676 0.826391 0.002735 0.005284
5 0.839714 0.824681 0.002735 0.004974
5 0.844424 0.826236 0.006077 0.003108
5 0.844120 0.828567 0.005469 0.002798
5 0.843057 0.830588 0.005773 0.003108
5 0.837739 0.832297 0.003646 0.005906
5 0.842297 0.833074 0.005469 0.003108
5 0.841993 0.835406 0.004862 0.002798
5 0.841234 0.837582 0.004558 0.002798
5 0.835764 0.839447 0.003342 0.005284
5 0.840930 0.839602 0.005166 0.003108
5 0.840322 0.841933 0.005773 0.002798
5 0.839410 0.844265 0.005773 0.003108
5 0.838651 0.847684 0.005469 0.003108
5 0.837132 0.852192 0.005469 0.003419
5 0.826193 0.863382 0.003039 0.005284
5 0.829231 0.864004 0.002431 0.004663
4 0.860073 0.847840 0.005166 0.002798
5 0.856730 0.844887 0.005773 0.003108
9 0.858858 0.841933 0.013674 0.005906
48 0.861440 0.871620 0.025524 0.011812
48 0.936645 0.887473 0.008204 0.013056
48 0.945457 0.887162 0.012458 0.008082
48 0.952750 0.892136 0.006989 0.011812
48 0.943482 0.892913 0.012762 0.007150
48 0.883622 0.904103 0.010939 0.024557
48 0.901702 0.898974 0.013066 0.008082
48 0.910362 0.899751 0.007900 0.012745
48 0.915223 0.901306 0.007900 0.012745
48 0.920389 0.905502 0.008508 0.010569
48 0.911273 0.912185 0.013978 0.013366
5 0.907323 0.909698 0.004862 0.002798
5 0.911577 0.919024 0.005469 0.003419
48 0.935734 0.914361 0.034944 0.033261
48 0.954573 0.922599 0.005773 0.006217
5 0.961714 0.901306 0.004862 0.002798
5 0.960802 0.903326 0.004862 0.002487
5 0.959891 0.905813 0.004862 0.003108
5 0.958827 0.910320 0.005166 0.002798
5 0.964904 0.905657 0.002127 0.004041
5 0.957612 0.914827 0.005166 0.003108
5 0.956852 0.917003 0.004862 0.002487
5 0.955788 0.919179 0.004558 0.002487
5 0.960802 0.921355 0.003039 0.004974
5 0.929353 0.929437 0.005166 0.003108
48 0.937253 0.940939 0.012458 0.012434
5 0.949104 0.947622 0.005166 0.002798
5 0.948344 0.950264 0.005469 0.002487
5 0.952142 0.954150 0.003342 0.005284
5 0.938621 0.949332 0.005469 0.002487
5 0.951079 0.960678 0.003039 0.005284
5 0.948952 0.967983 0.003646 0.005595
5 0.953813 0.978085 0.002431 0.005284
5 0.947584 0.974666 0.002735 0.005284
5 0.946673 0.981038 0.002735 0.005595
5 0.953206 0.985546 0.002431 0.004663
5 0.937557 0.993472 0.005166 0.002487
5 0.910817 0.970159 0.005166 0.003108
5 0.916895 0.968915 0.005773 0.003108
5 0.928897 0.961766 0.005469 0.003108
5 0.919022 0.959123 0.005773 0.002798
5 0.918414 0.961766 0.005166 0.003108
5 0.912641 0.962543 0.005166 0.003419
5 0.911881 0.965030 0.005469 0.002798
5 0.902461 0.962543 0.005469 0.003419
5 0.896992 0.959745 0.005469 0.003419
5 0.904132 0.955393 0.005773 0.002798
5 0.898663 0.951663 0.005773 0.002798
5 0.899271 0.946845 0.005166 0.003108
5 0.916287 0.948710 0.005166 0.003108
5 0.921452 0.952596 0.005166 0.002798
5 0.932088 0.950264 0.005166 0.002487
5 0.932391 0.947311 0.005166 0.002798
5 0.917958 0.944358 0.005469 0.003108
5 0.923428 0.943270 0.004862 0.003419
5 0.918110 0.941716 0.005166 0.002798
5 0.918718 0.939229 0.005166 0.002798
5 0.924035 0.940939 0.005469 0.003108
5 0.929657 0.936898 0.003950 0.004974
5 0.925555 0.933789 0.005469 0.003108
5 0.920085 0.934877 0.005469 0.002798
7 0.901094 0.942338 0.005773 0.002798
5 0.907779 0.941716 0.005773 0.002798
5 0.902461 0.938452 0.005469 0.003108
5 0.908842 0.937053 0.005469 0.002798
5 0.902917 0.935810 0.005166 0.002798
5 0.909298 0.934722 0.005773 0.003108
5 0.903221 0.933323 0.005166 0.002798
5 0.910210 0.932390 0.005166 0.002798
5 0.911425 0.929904 0.005166 0.002798
5 0.904284 0.930992 0.006077 0.003108
5 0.905500 0.928816 0.006077 0.003108
5 0.878153 0.967205 0.005469 0.002798
5 0.879824 0.961610 0.005773 0.002798
5 0.880887 0.957103 0.006077 0.003108
5 0.881951 0.954616 0.005773 0.003108
5 0.882407 0.952285 0.004862 0.002798
5 0.883318 0.950109 0.004862 0.002798
5 0.883622 0.947933 0.004862 0.002798
5 0.884078 0.945446 0.005166 0.002798
5 0.885141 0.943115 0.006077 0.003108
7 0.885901 0.940783 0.005773 0.002798
5 0.886053 0.938452 0.006077 0.003108
5 0.887116 0.936276 0.005166 0.003108
5 0.887876 0.933945 0.005469 0.002798
5 0.888332 0.930992 0.005773 0.003108
5 0.889243 0.924619 0.005166 0.003419
5 0.890003 0.922132 0.005469 0.002798
5 0.890611 0.920112 0.004862 0.003108
5 0.890763 0.917470 0.003950 0.002176
5 0.892130 0.915449 0.004862 0.003108
5 0.892586 0.912807 0.004558 0.002798
5 0.893801 0.909543 0.005166 0.003108
5 0.894105 0.906590 0.004558 0.002798
5 0.895473 0.904259 0.007293 0.003730
5 0.878001 0.906901 0.006381 0.003419
5 0.875874 0.916071 0.005773 0.003108
5 0.874506 0.920734 0.005469 0.003108
5 0.874050 0.922910 0.005166 0.003108
5 0.879216 0.924464 0.005166 0.003108
5 0.878456 0.926951 0.005469 0.003108
5 0.872531 0.927728 0.005166 0.002798
5 0.877849 0.929127 0.004862 0.003108
5 0.872227 0.930059 0.005166 0.003108
5 0.870708 0.934566 0.005166 0.002798
5 0.876025 0.935810 0.005469 0.002798
5 0.869493 0.941405 0.005166 0.002798
5 0.874506 0.942804 0.004862 0.003108
5 0.867517 0.948399 0.005469 0.003108
5 0.867214 0.950886 0.005469 0.003108
5 0.850957 0.946845 0.005166 0.003108
5 0.856579 0.948244 0.006077 0.003419
5 0.857338 0.945912 0.006381 0.003730
5 0.857794 0.943270 0.006077 0.003419
5 0.852932 0.939695 0.005469 0.003108
5 0.853692 0.937364 0.005166 0.002798
5 0.853996 0.935033 0.005166 0.003108
5 0.854603 0.932857 0.005166 0.003108
5 0.855059 0.930525 0.004862 0.002798
5 0.855971 0.928194 0.004862 0.003108
5 0.860985 0.932080 0.005773 0.003419
5 0.861592 0.927261 0.005773 0.003108
5 0.856882 0.923376 0.005469 0.003419
5 0.857338 0.920889 0.005166 0.003419
5 0.858098 0.918868 0.004862 0.003108
5 0.858858 0.916537 0.005166 0.003419
5 0.865390 0.913429 0.006077 0.003419
5 0.865998 0.911253 0.006077 0.003419
5 0.859921 0.912030 0.004862 0.003108
5 0.860377 0.909854 0.005166 0.002487
5 0.861136 0.907212 0.004862 0.002798
5 0.867214 0.906745 0.006077 0.003730
5 0.867973 0.904103 0.005773 0.003419
5 0.862352 0.902704 0.004862 0.003108
5 0.863567 0.897731 0.004862 0.003108
5 0.864175 0.895866 0.005469 0.003108
5 0.869493 0.897420 0.005773 0.003108
5 0.870708 0.892602 0.005166 0.002798
5 0.865239 0.891203 0.005166 0.003108
5 0.872227 0.888405 0.005773 0.003108
5 0.872835 0.885919 0.005773 0.003108
5 0.867214 0.884053 0.005469 0.003108
7 0.856275 0.876904 0.006077 0.003108
5 0.855211 0.879080 0.004558 0.002487
5 0.859161 0.881256 0.002735 0.004974
5 0.854755 0.881256 0.005469 0.002487
5 0.853996 0.883587 0.005166 0.002798
5 0.853692 0.885763 0.005166 0.002798
5 0.852325 0.890581 0.005469 0.003108
5 0.851565 0.892913 0.005166 0.002798
5 0.851413 0.895089 0.005469 0.002798
7 0.850349 0.897420 0.005773 0.003108
5 0.849590 0.899596 0.004862 0.002487
5 0.849590 0.901772 0.005469 0.002487
5 0.848830 0.903948 0.005773 0.003108
5 0.848526 0.906745 0.005166 0.002487
5 0.847615 0.909077 0.005166 0.002798
5 0.847463 0.911408 0.005469 0.003108
5 0.846703 0.913584 0.005166 0.003108
7 0.845792 0.915760 0.005773 0.003108
5 0.845184 0.917936 0.005166 0.002487
5 0.845032 0.920734 0.004862 0.003108
5 0.844424 0.922754 0.005469 0.003419
5 0.838955 0.943426 0.004862 0.003108
4 0.839562 0.941094 0.005469 0.002798
5 0.838195 0.945912 0.005166 0.003108
5 0.837435 0.948244 0.005469 0.002798
5 0.836372 0.950109 0.005166 0.003419
5 0.841993 0.955859 0.003039 0.004974
7 0.844120 0.956792 0.003039 0.005595
7 0.846399 0.957258 0.002735 0.005284
7 0.848678 0.957725 0.003039 0.005595
5 0.850653 0.958657 0.003342 0.004974
5 0.853388 0.958968 0.003342 0.004974
5 0.855971 0.960056 0.003039 0.005284
5 0.860529 0.960989 0.003039 0.005906
5 0.865239 0.962076 0.003342 0.004974
5 0.867821 0.963164 0.003039 0.005284
5 0.870252 0.963631 0.002431 0.003730
5 0.872379 0.964097 0.002431 0.004663
5 0.875114 0.963164 0.002431 0.004663
5 0.782741 0.864004 0.003039 0.004663
5 0.787603 0.865869 0.003039 0.004663
5 0.790489 0.866646 0.002735 0.004352
5 0.792616 0.867734 0.002735 0.004663
5 0.795199 0.868045 0.002431 0.004663
5 0.797630 0.868822 0.002431 0.004974
5 0.799605 0.869599 0.002735 0.005284
5 0.802188 0.870687 0.003039 0.004974
5 0.804467 0.871464 0.002735 0.005284
5 0.806594 0.871620 0.002735 0.004974
5 0.809025 0.873329 0.002735 0.004663
5 0.771194 0.874728 0.003039 0.004974
5 0.779702 0.876904 0.003039 0.004974
5 0.782133 0.877370 0.003039 0.004663
5 0.784412 0.877836 0.002735 0.004974
5 0.787147 0.878303 0.002735 0.004663
5 0.789274 0.879235 0.002735 0.004663
5 0.792312 0.879702 0.002735 0.004352
5 0.794591 0.880479 0.003039 0.005284
5 0.797174 0.880790 0.002735 0.004663
5 0.799301 0.882033 0.003342 0.005284
48 0.916135 0.992695 0.021270 0.011501
5 0.884989 0.980417 0.005773 0.003730
5 0.883622 0.985235 0.005469 0.003419
5 0.883318 0.988032 0.005469 0.003419
5 0.881039 0.993628 0.005166 0.003419
5 0.896384 0.980417 0.004862 0.003108
5 0.895321 0.982903 0.005166 0.003108
5 0.895017 0.985235 0.005773 0.003419
5 0.894257 0.987722 0.005469 0.003419
5 0.893649 0.990053 0.004862 0.003108
5 0.892738 0.992540 0.005469 0.003108
5 0.892434 0.996581 0.005469 0.003108
5 0.286387 0.134442 0.004558 0.002176
5 0.274840 0.138017 0.004558 0.003730
5 0.286995 0.138328 0.004558 0.003730
5 0.286387 0.141902 0.004558 0.004663
5 0.278183 0.148430 0.002127 0.004041
5 0.285020 0.144700 0.004254 0.004041
5 0.252507 0.163351 0.004254 0.003419
5 0.285627 0.159465 0.004254 0.004352
5 0.285476 0.166459 0.003950 0.004663
5 0.275752 0.167858 0.005166 0.003730
5 0.272562 0.175319 0.003646 0.004974
5 0.275296 0.175940 0.003646 0.004974
5 0.276360 0.191638 0.003950 0.004041
5 0.283045 0.202673 0.003342 0.003730
5 0.275752 0.205937 0.005166 0.004041
7 0.275448 0.212465 0.004558 0.004663
7 0.283197 0.216506 0.003646 0.004041
5 0.274992 0.223500 0.004862 0.004352
5 0.275752 0.226142 0.004558 0.004041
5 0.283197 0.226609 0.003039 0.003730
5 0.275448 0.235157 0.005166 0.005284
5 0.282893 0.236090 0.003646 0.004041
5 0.275296 0.241840 0.004862 0.004352
7 0.282893 0.243084 0.004862 0.004974
5 0.275296 0.245415 0.004254 0.005284
7 0.275448 0.248213 0.005166 0.004663
5 0.283500 0.250855 0.003646 0.004352
7 0.282893 0.253963 0.004254 0.004974
4 0.274992 0.251943 0.006077 0.005284
5 0.275296 0.255362 0.004862 0.005284
5 0.282741 0.257227 0.004558 0.004663
5 0.275448 0.261735 0.005166 0.004974
7 0.282589 0.260957 0.004254 0.004663
7 0.282741 0.269661 0.004558 0.004663
5 0.282285 0.272770 0.003039 0.003419
5 0.274840 0.270127 0.003950 0.003730
5 0.275144 0.273080 0.004558 0.004663
5 0.282741 0.279142 0.004558 0.004352
5 0.281829 0.281629 0.003950 0.003108
48 0.291249 0.274790 0.013674 0.017408
48 0.264205 0.274946 0.013674 0.017718
48 0.291401 0.257227 0.013370 0.017718
48 0.264509 0.257227 0.013674 0.017718
48 0.291553 0.222101 0.013066 0.017097
48 0.291401 0.239353 0.013370 0.017408
48 0.264661 0.239509 0.013370 0.017718
48 0.264661 0.221946 0.013370 0.017408
48 0.264965 0.204072 0.013370 0.017718
48 0.291705 0.204538 0.013370 0.018029
48 0.292312 0.186665 0.013978 0.017718
48 0.265117 0.186509 0.013066 0.017408
4 0.283197 0.188063 0.004254 0.004974
5 0.275600 0.154336 0.004862 0.004663
5 0.275296 0.157445 0.004254 0.003419
5 0.274992 0.160553 0.004254 0.003419
5 0.264205 0.155269 0.004558 0.004041
5 0.264053 0.160864 0.004254 0.004041
53 0.263142 0.150295 0.005469 0.033261
53 0.273777 0.153093 0.004862 0.027666
48 0.106503 0.178427 0.041629 0.031085
5 0.172592 0.231271 0.004862 0.004352
5 0.173048 0.234846 0.005166 0.004663
48 0.202674 0.242928 0.019447 0.009015
48 0.172288 0.253031 0.019447 0.013677
48 0.166819 0.240286 0.006685 0.010569
48 0.167274 0.229406 0.004558 0.011191
9 0.186114 0.265931 0.003342 0.010258
5 0.189152 0.286758 0.002127 0.005906
48 0.204193 0.282561 0.013978 0.008704
48 0.206320 0.288468 0.015193 0.003108
48 0.202218 0.279453 0.012458 0.006839
48 0.096931 0.267952 0.013978 0.008704
48 0.101793 0.284737 0.009116 0.014299
48 0.111972 0.323904 0.009420 0.005595
48 0.145245 0.322505 0.007293 0.008393
4 0.183835 0.368822 0.006077 0.002798
5 0.186418 0.366491 0.005773 0.002487
48 0.171225 0.376127 0.011851 0.006217
5 0.164084 0.382188 0.003646 0.006528
48 0.170921 0.387939 0.010635 0.018029
48 0.155880 0.386074 0.013978 0.014299
48 0.158462 0.394311 0.008812 0.002798
48 0.154816 0.379235 0.007596 0.003730
48 0.232756 0.395555 0.040109 0.007771
48 0.790489 0.735002 0.018535 0.010880
48 0.765573 0.734846 0.011851 0.008704
48 0.762382 0.748057 0.011547 0.009015
48 0.785627 0.760491 0.015497 0.036991
48 0.778791 0.758160 0.015801 0.037924
48 0.766181 0.830588 0.022182 0.016786
48 0.761775 0.843021 0.018839 0.019273
48 0.762686 0.859496 0.018232 0.021138
48 0.761775 0.808673 0.013370 0.031396
5 0.798238 0.745260 0.003039 0.004663
5 0.796870 0.752098 0.002735 0.005284
5 0.788210 0.764221 0.002431 0.004041
5 0.787147 0.768573 0.002127 0.003419
5 0.774840 0.780385 0.004254 0.002176
5 0.775144 0.777899 0.004254 0.002176
5 0.770131 0.771371 0.002735 0.005284
5 0.771802 0.765154 0.002431 0.004041
7 0.766636 0.770438 0.002431 0.005284
5 0.763294 0.768729 0.004254 0.004974
5 0.760255 0.768262 0.004254 0.004041
5 0.757672 0.767796 0.003950 0.004352
5 0.752811 0.766242 0.005166 0.004352
5 0.772865 0.760180 0.002735 0.005284
5 0.774537 0.754119 0.003039 0.004974
7 0.766181 0.754274 0.002735 0.005284
7 0.763446 0.754430 0.002735 0.005595
48 0.757217 0.753808 0.007900 0.006839
5 0.763294 0.729406 0.004862 0.002798
5 0.756761 0.727852 0.005166 0.002798
5 0.750532 0.726298 0.005469 0.002798
5 0.745518 0.725054 0.004558 0.002798
5 0.740201 0.723500 0.005469 0.002798
4 0.733819 0.721946 0.005469 0.002798
5 0.723944 0.719148 0.005166 0.002798
5 0.718930 0.718060 0.004254 0.002487
5 0.714069 0.716972 0.004862 0.002798
5 0.708447 0.715573 0.005166 0.002487
5 0.702826 0.713708 0.004254 0.002487
5 0.697964 0.712620 0.004862 0.002798
5 0.668794 0.711688 0.004862 0.002798
5 0.667882 0.714330 0.004254 0.002487
5 0.667578 0.716662 0.005469 0.002798
5 0.667122 0.719148 0.005166 0.002798
5 0.666363 0.721635 0.004862 0.002798
5 0.665299 0.724122 0.005166 0.002798
5 0.664843 0.727230 0.005469 0.002798
7 0.664236 0.729562 0.006077 0.003108
48 0.660741 0.743239 0.010027 0.017408
48 0.151778 0.002331 0.027043 0.004663
48 0.230629 0.003730 0.012154 0.007460
48 0.245366 0.003575 0.011243 0.007150
48 0.260407 0.003575 0.010939 0.007150
48 0.274992 0.003419 0.010331 0.006839
48 0.289426 0.003264 0.010027 0.006528
53 0.000304 0.936276 0.000608 0.017408
48 0.379824 0.073671 0.018232 0.015542
48 0.575357 0.137395 0.014281 0.021138
48 0.263750 0.054709 0.080826 0.081442
53 0.606199 0.137240 0.018232 0.018962
48 0.957764 0.781007 0.007293 0.009015
48 0.951231 0.807118 0.008812 0.013988
48 0.953813 0.793286 0.010939 0.017408
48 0.967335 0.798104 0.029474 0.046316
5 0.805986 0.740441 0.003342 0.003108
5 0.855667 0.748679 0.003646 0.006528
53 0.819660 0.767485 0.060468 0.062791
53 0.807809 0.829189 0.063507 0.061859
53 0.877849 0.781163 0.059556 0.046006
53 0.870556 0.813646 0.055302 0.035748
53 0.924643 0.790643 0.053479 0.048803
53 0.919325 0.821107 0.049529 0.040099
53 0.960802 0.835250 0.045579 0.032950
53 0.789122 0.873795 0.044363 0.029841
53 0.902765 0.866491 0.062595 0.055020
53 0.945002 0.866646 0.038286 0.032328
53 0.857946 0.898974 0.045275 0.050357
53 0.862048 0.947000 0.061380 0.050047
53 0.897448 0.916071 0.022182 0.025490
53 0.915679 0.950109 0.048921 0.044451
48 0.635673 0.856233 0.006685 0.006528
5 0.658462 0.863227 0.006685 0.003108
5 0.760863 0.886851 0.004254 0.007460
5 0.736098 0.938141 0.006381 0.003730
5 0.731237 0.983525 0.003342 0.005595
9 0.732604 0.974821 0.004862 0.009947
5 0.735339 0.966273 0.003039 0.005906
9 0.738377 0.953528 0.004862 0.010258
9 0.741872 0.939540 0.005166 0.010880
9 0.738529 0.923842 0.010027 0.004352
9 0.740960 0.907367 0.005166 0.011191
9 0.744151 0.908455 0.005469 0.011501
9 0.747797 0.911719 0.004862 0.009947
48 0.734427 0.930992 0.016408 0.013056
9 0.630811 0.964563 0.003039 0.005595
9 0.622607 0.963009 0.010331 0.005595
9 0.632027 0.921977 0.007293 0.004352
9 0.628684 0.934566 0.007900 0.004663
9 0.633394 0.915605 0.008204 0.004041
9 0.635977 0.905968 0.007900 0.004663
9 0.636737 0.902704 0.008204 0.004352
9 0.637496 0.899285 0.007900 0.004352
9 0.638560 0.895866 0.008204 0.004974
5 0.641446 0.890581 0.004254 0.002487
5 0.642814 0.887007 0.004558 0.002798
5 0.642814 0.883743 0.003950 0.002487
5 0.681556 0.979018 0.003039 0.004663
48 0.682012 0.922288 0.122455 0.127448
5 0.579915 0.993938 0.003342 0.004663
6 0.580219 0.967050 0.005166 0.013677
5 0.618809 0.841312 0.003342 0.004663
5 0.621392 0.841778 0.002431 0.003730
5 0.623367 0.842400 0.003342 0.005595
5 0.626405 0.843021 0.002735 0.004974
5 0.631419 0.844265 0.003039 0.004352
48 0.628684 0.812247 0.006077 0.006839
6 0.668642 0.841933 0.010635 0.005906
5 0.705713 0.850793 0.006381 0.003108
6 0.742328 0.863382 0.010331 0.004663
5 0.729869 0.857320 0.004862 0.003108
5 0.736402 0.859341 0.006381 0.002798
9 0.748709 0.831209 0.003039 0.004352
9 0.750836 0.822972 0.003039 0.005284
9 0.755545 0.804632 0.003342 0.005284
9 0.756305 0.798570 0.003646 0.005595
9 0.666667 0.743394 0.003039 0.005284
9 0.667882 0.750699 0.003646 0.005595
6 0.674263 0.738421 0.004254 0.010258
5 0.678821 0.748213 0.004862 0.002487
6 0.658311 0.782872 0.005166 0.009015
6 0.656639 0.770283 0.006077 0.013056
6 0.661045 0.771526 0.005166 0.010569
6 0.651929 0.804632 0.005773 0.012745
6 0.647372 0.807429 0.005773 0.010258
6 0.645245 0.818309 0.005773 0.010258
6 0.649347 0.818620 0.004862 0.010258
5 0.534944 0.866180 0.002127 0.003419
5 0.537375 0.866491 0.002127 0.003419
5 0.538894 0.861828 0.002735 0.004041
5 0.541781 0.874417 0.003039 0.004974
5 0.567153 0.877681 0.002735 0.004663
5 0.563507 0.891514 0.002735 0.004352
48 0.561531 0.911874 0.010939 0.011501
48 0.568672 0.885919 0.016105 0.038545
48 0.557429 0.883121 0.017928 0.039167
48 0.550593 0.880790 0.015193 0.038856
5 0.054087 0.628536 0.003646 0.006217
48 0.044667 0.565434 0.032209 0.020516
48 0.027043 0.592477 0.054087 0.039167
48 0.009572 0.611595 0.019143 0.012123
5 0.022030 0.640193 0.002735 0.004663
5 0.017928 0.656357 0.002431 0.004041
5 0.046490 0.637861 0.004862 0.002487
48 0.042844 0.646876 0.019447 0.017408
48 0.075965 0.599161 0.020055 0.022070
55 0.096323 0.613304 0.040717 0.041032
48 0.149802 0.630246 0.037071 0.079888
48 0.165755 0.656979 0.010027 0.010880
5 0.163932 0.624961 0.003342 0.003419
5 0.159982 0.642213 0.004558 0.002487
48 0.175175 0.617967 0.019143 0.054709
9 0.184139 0.645943 0.003039 0.004974
9 0.191431 0.643301 0.003039 0.004663
5 0.186873 0.658067 0.003039 0.004974
48 0.194774 0.655580 0.007293 0.007460
48 0.155880 0.697078 0.017016 0.032017
48 0.150562 0.723034 0.008812 0.009325
5 0.172288 0.689929 0.004254 0.005284
5 0.171225 0.695679 0.002735 0.004974
5 0.169249 0.701585 0.003039 0.004974
5 0.167578 0.707802 0.002127 0.003108
5 0.166667 0.712620 0.002735 0.005284
5 0.164692 0.719615 0.002431 0.004974
5 0.179429 0.686043 0.003342 0.005595
5 0.178365 0.693348 0.003039 0.005284
5 0.176846 0.699099 0.003039 0.004352
5 0.175631 0.703917 0.002431 0.004041
5 0.173503 0.710134 0.003039 0.005284
5 0.161501 0.731893 0.002735 0.004041
5 0.169857 0.725832 0.003039 0.004352
5 0.159678 0.738110 0.003342 0.004663
5 0.168186 0.731116 0.003342 0.004352
5 0.157703 0.746814 0.003039 0.004663
5 0.166515 0.739353 0.003646 0.005284
9 0.171680 0.735157 0.004862 0.009325
5 0.165451 0.745726 0.003342 0.003730
5 0.156487 0.752409 0.003039 0.004041
5 0.163324 0.751477 0.003342 0.004663
5 0.154816 0.758315 0.003342 0.004041
5 0.153449 0.764532 0.003039 0.004041
5 0.151929 0.770283 0.003646 0.004352
5 0.160741 0.760802 0.003646 0.004663
4 0.159070 0.769506 0.004558 0.007771
5 0.152385 0.784116 0.003950 0.003419
5 0.152537 0.787224 0.004254 0.004041
5 0.151170 0.789711 0.004558 0.004041
5 0.149954 0.791576 0.003342 0.003419
5 0.150106 0.795462 0.004862 0.004352
5 0.148739 0.797948 0.003950 0.003730
5 0.147979 0.801679 0.004254 0.003730
5 0.147220 0.804010 0.003950 0.003419
5 0.145700 0.806652 0.003950 0.003108
5 0.145397 0.810227 0.003950 0.003419
5 0.144181 0.813025 0.003950 0.003419
5 0.144485 0.816755 0.004558 0.003419
5 0.142662 0.819242 0.004558 0.004041
5 0.141902 0.822816 0.004254 0.003730
5 0.140687 0.825769 0.004254 0.003419
5 0.140687 0.829500 0.004254 0.004663
5 0.138104 0.837426 0.003950 0.003730
5 0.137648 0.840224 0.004254 0.004352
5 0.137040 0.842711 0.004254 0.003730
5 0.135521 0.845042 0.003646 0.003419
5 0.134761 0.847840 0.003950 0.003419
5 0.135217 0.851881 0.004254 0.004041
5 0.134154 0.854523 0.004558 0.004352
5 0.133698 0.857631 0.003646 0.004352
5 0.132786 0.860118 0.003646 0.003730
5 0.131723 0.863071 0.003950 0.003419
5 0.129748 0.864470 0.003646 0.003730
5 0.129140 0.868200 0.004862 0.004352
5 0.127925 0.871775 0.003646 0.002798
5 0.134458 0.877370 0.004558 0.004041
6 0.155120 0.881722 0.003950 0.011501
6 0.163476 0.857476 0.004254 0.011501
5 0.168946 0.838203 0.003039 0.004663
5 0.170313 0.829655 0.002735 0.004352
5 0.185658 0.843954 0.004254 0.003730
5 0.132179 0.890426 0.004862 0.002798
5 0.111820 0.885297 0.004862 0.002487
5 0.136585 0.888405 0.005166 0.003108
5 0.127013 0.893224 0.004862 0.002798
5 0.087815 0.883587 0.005469 0.002798
5 0.066697 0.878303 0.005773 0.002798
6 0.091765 0.878769 0.010939 0.005595
5 0.151474 0.897731 0.006381 0.003108
5 0.160134 0.901772 0.006077 0.003108
5 0.169249 0.892913 0.006685 0.004041
5 0.115314 0.908611 0.004558 0.003108
5 0.175327 0.924775 0.005469 0.003108
5 0.194166 0.906590 0.006077 0.003419
9 0.196141 0.903326 0.008204 0.004352
5 0.079763 0.895089 0.004558 0.002798
5 0.185050 0.807274 0.005469 0.003108
5 0.186114 0.804787 0.005166 0.003108
5 0.207384 0.819086 0.005773 0.003108
5 0.207384 0.823904 0.004558 0.002798
9 0.199483 0.803544 0.006989 0.003108
5 0.205561 0.797482 0.005166 0.003419
5 0.259192 0.816910 0.003039 0.004352
48 0.236706 0.832919 0.069888 0.055020
5 0.268156 0.848461 0.004558 0.002798
5 0.261926 0.817843 0.002431 0.003730
5 0.264813 0.856854 0.002735 0.005906
5 0.268915 0.857631 0.003039 0.004352
5 0.277271 0.847373 0.002735 0.006217
5 0.271954 0.857942 0.003039 0.004352
5 0.274081 0.858719 0.002431 0.004041
5 0.279550 0.847684 0.002431 0.004352
5 0.276664 0.859186 0.002735 0.004352
5 0.282741 0.849238 0.002735 0.003730
5 0.285020 0.849705 0.003039 0.004663
5 0.279702 0.859807 0.003342 0.005595
5 0.282133 0.860429 0.002735 0.004352
5 0.287754 0.850171 0.002431 0.004352
5 0.295351 0.832919 0.002431 0.004663
5 0.297326 0.833696 0.002735 0.004974
5 0.287603 0.861672 0.002127 0.003730
5 0.289578 0.862449 0.003039 0.004663
5 0.292464 0.863382 0.002735 0.004663
5 0.298238 0.851881 0.003342 0.005284
5 0.301732 0.829033 0.003646 0.003730
5 0.308569 0.855145 0.002735 0.004974
5 0.313127 0.837115 0.003342 0.004974
5 0.317077 0.850793 0.002735 0.006217
5 0.336068 0.854212 0.005469 0.002487
5 0.336980 0.851725 0.004254 0.003108
9 0.316773 0.833696 0.007596 0.004352
9 0.326345 0.836338 0.007900 0.004041
48 0.294287 0.873795 0.035552 0.014921
5 0.313127 0.899130 0.003342 0.004663
5 0.314494 0.893845 0.003039 0.005284
5 0.317837 0.889960 0.006077 0.003108
5 0.317685 0.894467 0.003342 0.004663
5 0.317077 0.899907 0.003342 0.005595
5 0.319508 0.899130 0.002735 0.004041
5 0.328624 0.892913 0.005773 0.003419
5 0.330751 0.896177 0.005166 0.003108
9 0.319356 0.885141 0.006077 0.002798
5 0.323458 0.883898 0.004558 0.002798
5 0.322394 0.879857 0.002431 0.004041
5 0.324977 0.880168 0.002735 0.003419
5 0.327408 0.880323 0.002735 0.004352
5 0.333789 0.882499 0.003342 0.004974
5 0.336524 0.882966 0.002735 0.004041
5 0.338651 0.883587 0.002127 0.004041
5 0.345032 0.891514 0.006381 0.003108
53 0.319204 0.891048 0.022789 0.027666
53 0.336676 0.887473 0.023093 0.018651
48 0.344424 0.921044 0.006381 0.008082
9 0.374658 0.757383 0.004254 0.007150
48 0.420237 0.682779 0.013370 0.015853
5 0.366454 0.807740 0.004862 0.004041
48 0.382407 0.815822 0.016712 0.014610
5 0.395169 0.803233 0.005166 0.003108
5 0.395321 0.800435 0.004862 0.002487
48 0.407019 0.752098 0.009420 0.013988
48 0.398207 0.773081 0.025828 0.038545
48 0.385597 0.797948 0.012762 0.014921
5 0.435278 0.816755 0.004558 0.002798
48 0.418718 0.872241 0.078396 0.042275
48 0.463993 0.887162 0.018839 0.017408
48 0.500000 0.878303 0.089031 0.065589
48 0.514281 0.921822 0.031905 0.034504
5 0.499088 0.944047 0.003342 0.004974
5 0.500456 0.936431 0.002431 0.004663
48 0.511395 0.947467 0.019447 0.016164
5 0.523397 0.951041 0.003950 0.002798
5 0.525220 0.946534 0.003342 0.004974
5 0.528107 0.936587 0.003039 0.004974
5 0.535551 0.907989 0.003342 0.005595
5 0.554239 0.926795 0.003646 0.005284
5 0.549073 0.950264 0.003039 0.004352
5 0.546794 0.955393 0.002735 0.004041
5 0.550137 0.942493 0.003342 0.004974
48 0.554391 0.941094 0.017320 0.045695
5 0.552264 0.935033 0.002735 0.005595
48 0.544363 0.934256 0.016105 0.038856
48 0.537527 0.932390 0.015193 0.037613
5 0.455789 0.971246 0.004862 0.002798
5 0.421756 0.988654 0.005469 0.002798
9 0.427985 0.979173 0.005166 0.003108
5 0.402613 0.976220 0.004862 0.002798
5 0.400638 0.963942 0.005166 0.003108
5 0.396232 0.957103 0.005469 0.003108
5 0.371468 0.975443 0.005166 0.003108
5 0.375418 0.951508 0.005773 0.003108
5 0.352628 0.967205 0.003950 0.002176
48 0.360225 0.979795 0.006381 0.004352
5 0.355971 0.951818 0.005773 0.003108
5 0.329079 0.961455 0.004862 0.003108
5 0.344576 0.940317 0.005469 0.003108
5 0.328168 0.941871 0.004862 0.003108
5 0.321331 0.935499 0.004558 0.002798
5 0.300668 0.986167 0.004558 0.002176
5 0.305834 0.986789 0.004558 0.002798
5 0.286235 0.951974 0.004862 0.002798
5 0.263142 0.967983 0.006077 0.003108
6 0.238225 0.980106 0.003646 0.005595
5 0.246126 0.939229 0.005469 0.002798
5 0.259951 0.923687 0.005166 0.002798
5 0.207080 0.926951 0.004558 0.002487
5 0.004406 0.861362 0.004558 0.003730
5 0.031449 0.907212 0.004558 0.002798
5 0.010027 0.856233 0.006685 0.004041
5 0.013218 0.860118 0.005773 0.003730
5 0.027347 0.867112 0.004862 0.002798
5 0.028107 0.860584 0.006381 0.003419
5 0.032057 0.885297 0.005166 0.002487
5 0.044060 0.892136 0.005469 0.003730
5 0.104831 0.927106 0.005469 0.002798
5 0.133546 0.934411 0.005166 0.002487
5 0.001519 0.933789 0.003039 0.002487
5 0.001519 0.940628 0.002431 0.004352
5 0.005014 0.930836 0.002735 0.004663
5 0.006533 0.934411 0.004558 0.003108
5 0.010027 0.931613 0.002431 0.003730
5 0.012306 0.932701 0.002735 0.004041
5 0.014889 0.932857 0.003039 0.004352
53 0.008052 0.936742 0.016105 0.016475
5 0.041933 0.956947 0.005469 0.003419
5 0.047250 0.951974 0.003342 0.004041
5 0.052720 0.953373 0.002735 0.003730
5 0.057125 0.954616 0.002431 0.004352
5 0.061987 0.955393 0.003039 0.005284
5 0.065937 0.957569 0.003039 0.004663
5 0.068824 0.957414 0.002735 0.004352
5 0.070647 0.957725 0.002735 0.004974
5 0.051960 0.942959 0.002431 0.005284
5 0.054391 0.943736 0.002431 0.004352
5 0.056214 0.943892 0.002431 0.004663
5 0.058949 0.944203 0.002431 0.004663
5 0.061380 0.945291 0.002431 0.003730
5 0.063810 0.945912 0.002431 0.004352
5 0.065634 0.946068 0.002431 0.004663
5 0.068216 0.946845 0.002127 0.004352
5 0.070343 0.947467 0.002127 0.004974
5 0.072622 0.947933 0.003039 0.005284
5 0.077332 0.949021 0.002735 0.005595
5 0.081586 0.950575 0.002127 0.003730
5 0.084169 0.950886 0.003039 0.005595
5 0.086144 0.951352 0.002735 0.004663
48 0.094196 0.956170 0.009723 0.011191
53 0.058037 0.951041 0.018232 0.020205
53 0.077484 0.954927 0.022486 0.020516
48 0.124886 0.950731 0.007900 0.005906
5 0.131267 0.983836 0.004862 0.003108
5 0.130204 0.988499 0.005166 0.002487
5 0.128988 0.990985 0.005166 0.002487
5 0.136129 0.981038 0.002431 0.003730
5 0.145397 0.983370 0.003342 0.004041
5 0.168946 0.989431 0.003039 0.004352
5 0.172136 0.990053 0.002735 0.004352
5 0.384686 0.610973 0.005469 0.002798
5 0.384837 0.608797 0.005773 0.002798
5 0.389851 0.606932 0.001823 0.003419
48 0.387420 0.582841 0.031601 0.049736
48 0.346247 0.564967 0.008204 0.005284
48 0.355211 0.574915 0.021878 0.023935
9 0.340018 0.570873 0.004254 0.010258
9 0.336372 0.574293 0.004254 0.011501
48 0.323762 0.569319 0.006381 0.006528
48 0.330295 0.568542 0.007900 0.007460
9 0.320571 0.579733 0.006077 0.010569
9 0.324369 0.580354 0.005773 0.009947
6 0.280614 0.580821 0.012458 0.005284
6 0.280766 0.584551 0.012154 0.005284
6 0.293680 0.587970 0.011851 0.005906
6 0.292768 0.583774 0.011851 0.004974
6 0.305378 0.590612 0.012762 0.005595
6 0.306138 0.587348 0.012458 0.005906
9 0.339714 0.611595 0.008508 0.004663
9 0.216803 0.799036 0.007596 0.004041
9 0.361136 0.819552 0.005166 0.003419
48 0.701762 0.780852 0.118809 0.141125
55 0.039198 0.669723 0.012762 0.011501
48 0.012762 0.679360 0.013370 0.017718
5 0.004710 0.707958 0.002127 0.004041
48 0.028867 0.692726 0.035855 0.041343
48 0.059253 0.687442 0.020055 0.032639
48 0.098754 0.701741 0.024916 0.021449
48 0.028867 0.747591 0.051656 0.039167
55 0.064418 0.786292 0.014585 0.012745
48 0.087663 0.737644 0.013066 0.016164
48 0.019599 0.817687 0.023397 0.012123
48 0.056822 0.827634 0.015801 0.018340
48 0.075357 0.670967 0.020055 0.017718
48 0.103768 0.676251 0.014281 0.015853
48 0.212549 0.016320 0.006989 0.012123
48 0.581282 0.384053 0.015193 0.007771
48 0.681860 0.338670 0.024309 0.017097
48 0.691887 0.346285 0.012154 0.011191
5 0.702522 0.115325 0.003039 0.004352
48 0.295199 0.706714 0.205713 0.244638
48 0.113187 0.677805 0.011243 0.016475
53 0.833789 0.905036 0.019447 0.028287
53 0.827560 0.935188 0.019143 0.032017
53 0.826800 0.978862 0.044971 0.036680
43 0.698268 0.251477 0.003039 0.008704
13 0.944242 0.968604 0.014889 0.035437
