5 0.460504 0.710754 0.006050 0.003248
5 0.460504 0.713822 0.006050 0.002165
5 0.460840 0.703717 0.004706 0.002165
48 0.466555 0.678636 0.008739 0.011187
9 0.760168 0.204258 0.007731 0.006496
9 0.729580 0.306388 0.007059 0.007218
9 0.598319 0.642548 0.007395 0.006857
9 0.568235 0.621978 0.005714 0.006857
9 0.582353 0.639119 0.005714 0.006496
9 0.585210 0.641285 0.006050 0.007218
8 0.572941 0.627210 0.005042 0.006496
9 0.565546 0.620715 0.005714 0.007218
9 0.561849 0.617647 0.006387 0.007578
5 0.566723 0.626669 0.006050 0.005413
48 0.534622 0.654096 0.008403 0.008300
48 0.008739 0.504150 0.017479 0.040419
48 0.000672 0.524720 0.001345 0.041140
48 0.077815 0.525442 0.042689 0.038253
51 0.131933 0.589679 0.037983 0.033923
51 0.103193 0.568567 0.046387 0.038614
48 0.004874 0.775713 0.009748 0.022735
48 0.001345 0.654998 0.002689 0.026705
48 0.026723 0.650487 0.013109 0.027066
48 0.056975 0.647239 0.011765 0.022735
48 0.033613 0.422591 0.016807 0.013713
48 0.038319 0.415013 0.015462 0.014435
48 0.021681 0.408697 0.021176 0.017683
13 0.001176 0.384518 0.002353 0.009744
48 0.019664 0.350776 0.039328 0.039697
48 0.061681 0.383977 0.011092 0.010105
13 0.057479 0.396788 0.022857 0.020570
48 0.077311 0.409419 0.008067 0.007578
48 0.083697 0.396247 0.014118 0.015157
48 0.064370 0.411584 0.011765 0.014074
48 0.068571 0.413389 0.012773 0.012631
48 0.112773 0.367196 0.013782 0.013353
48 0.123529 0.373872 0.013109 0.012992
48 0.133613 0.382353 0.020504 0.020570
48 0.095798 0.512631 0.059832 0.045832
48 0.103361 0.501985 0.061513 0.049080
48 0.111597 0.490978 0.058487 0.047997
48 0.114286 0.476001 0.069244 0.054132
48 0.126723 0.467160 0.061176 0.047275
48 0.137983 0.453086 0.062185 0.047997
48 0.149412 0.444064 0.055462 0.044388
48 0.156303 0.432515 0.057143 0.045110
48 0.108739 0.413930 0.026555 0.023096
48 0.096134 0.427283 0.024874 0.021653
9 0.021681 0.583003 0.004370 0.008300
48 0.038655 0.768676 0.022857 0.067846
48 0.092269 0.765247 0.045378 0.055215
48 0.111429 0.779141 0.045378 0.056297
48 0.126387 0.790870 0.045714 0.055215
48 0.049244 0.822808 0.025210 0.026705
48 0.017143 0.780224 0.034286 0.084446
48 0.081008 0.660953 0.077311 0.084085
48 0.040840 0.648502 0.007059 0.012992
48 0.010924 0.651750 0.007059 0.012270
48 0.037815 0.621256 0.014454 0.009744
48 0.029244 0.606460 0.058487 0.036449
9 0.183866 0.404006 0.005378 0.005413
9 0.180168 0.397329 0.008067 0.007218
48 0.175126 0.406893 0.022185 0.021292
48 0.212773 0.407975 0.016807 0.019127
48 0.232101 0.422591 0.037311 0.031036
48 0.205210 0.426380 0.027899 0.025623
48 0.225042 0.439913 0.027899 0.026705
48 0.191765 0.416456 0.015798 0.014435
11 0.257479 0.444785 0.014118 0.011187
48 0.246555 0.456514 0.032605 0.026705
48 0.221849 0.485565 0.049748 0.040780
13 0.246218 0.503248 0.009748 0.011909
48 0.204538 0.500000 0.045378 0.037171
48 0.194790 0.518044 0.023193 0.020570
13 0.219160 0.527607 0.012773 0.010826
48 0.190756 0.531216 0.057479 0.042584
48 0.185042 0.543847 0.062857 0.047636
48 0.176303 0.555215 0.063529 0.047275
48 0.168235 0.566402 0.064202 0.046554
48 0.112101 0.548358 0.012437 0.009744
48 0.261345 0.546373 0.037311 0.031036
48 0.269076 0.572717 0.057479 0.044749
48 0.259160 0.583183 0.053782 0.041140
48 0.255126 0.597618 0.063866 0.048358
48 0.246723 0.609888 0.065210 0.049080
52 0.216303 0.645074 0.090420 0.077589
5 0.163193 0.616023 0.003025 0.003609
5 0.164706 0.622880 0.004034 0.003609
5 0.168908 0.625586 0.003697 0.003970
48 0.081008 0.707867 0.071261 0.019127
48 0.466723 0.614219 0.007059 0.007218
9 0.534790 0.621978 0.005378 0.008300
48 0.470420 0.560267 0.015126 0.016240
48 0.478319 0.564959 0.011429 0.011187
5 0.464370 0.575244 0.005714 0.005052
48 0.480168 0.556478 0.007731 0.007218
9 0.703361 0.212559 0.007731 0.005774
9 0.750588 0.241429 0.008067 0.007218
5 0.041345 0.407975 0.005378 0.003970
5 0.044202 0.404367 0.005042 0.004691
48 0.026891 0.377661 0.053782 0.060267
5 0.128571 0.637676 0.007731 0.002887
5 0.128739 0.643450 0.008739 0.002887
5 0.069412 0.584807 0.004370 0.006857
5 0.127563 0.635150 0.005714 0.002887
5 0.129916 0.646157 0.007059 0.001804
5 0.018992 0.431433 0.007059 0.005413
48 0.277647 0.132624 0.051765 0.030675
5 0.076134 0.588777 0.004370 0.006857
5 0.139664 0.701371 0.005714 0.004691
5 0.179664 0.505594 0.006387 0.005774
53 0.057311 0.250812 0.107227 0.148683
48 0.018487 0.828582 0.036975 0.026705
5 0.129076 0.640022 0.008067 0.002526
5 0.071933 0.586792 0.004706 0.005774
10 0.301849 0.197582 0.008067 0.010466
47 0.030924 0.477084 0.010084 0.008661
48 0.048908 0.543306 0.068908 0.058102
5 0.081513 0.592746 0.004370 0.005413
