48 0.035462 0.390072 0.044706 0.047292
48 0.067731 0.405596 0.043361 0.045126
48 0.097479 0.429964 0.044370 0.044765
48 0.018151 0.444404 0.018151 0.014440
48 0.012773 0.456859 0.024874 0.023466
48 0.033613 0.453610 0.021513 0.020578
10 0.001513 0.432671 0.003025 0.006859
13 0.004538 0.440614 0.007731 0.005415
13 0.006891 0.431949 0.007059 0.005415
13 0.008571 0.437726 0.005714 0.006859
48 0.073613 0.470036 0.008739 0.008664
13 0.004370 0.487906 0.008739 0.006859
13 0.006723 0.497834 0.013445 0.009386
48 0.099664 0.505054 0.015798 0.019495
48 0.105378 0.510108 0.015126 0.018051
48 0.112941 0.498556 0.013445 0.013718
48 0.116975 0.491697 0.012773 0.011552
48 0.119328 0.531769 0.026218 0.031047
55 0.144706 0.504332 0.007059 0.006498
55 0.149916 0.496931 0.006050 0.006859
55 0.154790 0.488809 0.006387 0.006498
55 0.150420 0.507762 0.007059 0.006859
55 0.155798 0.500903 0.007059 0.007581
55 0.161008 0.492780 0.006723 0.006498
55 0.165882 0.496390 0.007059 0.006498
55 0.161513 0.504152 0.006387 0.006137
55 0.168067 0.508303 0.006723 0.006498
55 0.173109 0.500542 0.006050 0.005415
48 0.178487 0.487004 0.028908 0.027437
48 0.208403 0.438628 0.032269 0.031769
55 0.232269 0.428339 0.006723 0.006859
55 0.219160 0.406498 0.008067 0.007942
55 0.229076 0.412635 0.008403 0.007220
55 0.245546 0.409025 0.007731 0.007942
55 0.251429 0.377978 0.027563 0.022383
48 0.077815 0.524729 0.021849 0.019134
48 0.144034 0.540794 0.032605 0.030325
48 0.108403 0.477798 0.012437 0.009747
48 0.007395 0.672924 0.014790 0.031047
9 0.013782 0.661191 0.008739 0.007581
8 0.011261 0.690975 0.005714 0.005054
8 0.009916 0.692960 0.005714 0.004693
8 0.019664 0.670397 0.006387 0.005054
48 0.131092 0.305415 0.047059 0.044765
48 0.104538 0.281227 0.046387 0.045487
48 0.227563 0.295487 0.043697 0.045126
48 0.138487 0.231949 0.044370 0.047292
5 0.395798 0.987726 0.006387 0.003610
53 0.401008 0.989350 0.045714 0.021300
48 0.352437 0.984838 0.068908 0.030325
55 0.223529 0.422202 0.006723 0.007581
48 0.168235 0.320217 0.050756 0.044043
55 0.283025 0.185740 0.010756 0.013357
55 0.280336 0.309747 0.006723 0.005776
48 0.134286 0.370939 0.045378 0.049458
48 0.295294 0.522924 0.115294 0.115162
48 0.166387 0.253971 0.046387 0.044404
55 0.289748 0.316968 0.005378 0.005776
55 0.298992 0.194946 0.012437 0.013718
48 0.249412 0.257942 0.046387 0.041516
48 0.069580 0.330505 0.052437 0.046570
48 0.197143 0.345126 0.050084 0.047653
48 0.006555 0.550180 0.013109 0.022383
11 0.295966 0.233935 0.007731 0.012274
48 0.280504 0.199097 0.037983 0.024188
55 0.300672 0.323285 0.006387 0.005415
55 0.213109 0.415523 0.008067 0.008664
48 0.130756 0.445307 0.047731 0.043682
55 0.239664 0.418773 0.006723 0.005776
48 0.162017 0.396029 0.049076 0.047653
48 0.099160 0.350542 0.053109 0.051986
48 0.201681 0.272202 0.049748 0.041155
48 0.304706 0.295487 0.033277 0.026354
