48 0.988751 0.017693 0.022499 0.035385
48 0.624778 0.003686 0.031083 0.007372
48 0.786856 0.009952 0.024867 0.019904
48 0.816015 0.016771 0.030491 0.023222
48 0.437093 0.002580 0.023387 0.005160
48 0.515542 0.003133 0.021610 0.006266
48 0.248964 0.004423 0.027235 0.008846
48 0.301066 0.012348 0.026051 0.024696
48 0.328301 0.009215 0.019538 0.018430
48 0.413558 0.009031 0.020722 0.018061
48 0.437537 0.004607 0.020722 0.009215
48 0.464032 0.009768 0.023979 0.019536
48 0.483866 0.011426 0.030491 0.022853
48 0.444938 0.011611 0.015394 0.015850
48 0.095175 0.000369 0.035820 0.000737
48 0.020278 0.005160 0.022202 0.010321
48 0.038632 0.004423 0.016874 0.008846
48 0.099467 0.003317 0.016578 0.006635
48 0.074600 0.004976 0.019538 0.009952
48 0.083777 0.010136 0.021314 0.020273
48 0.125518 0.007556 0.013025 0.015112
48 0.137359 0.009583 0.014802 0.019167
48 0.156009 0.007556 0.015394 0.015112
48 0.168295 0.007003 0.015690 0.014007
48 0.228094 0.022300 0.065423 0.044600
48 0.348135 0.009768 0.015986 0.019536
48 0.373742 0.007556 0.018058 0.015112
48 0.685021 0.010689 0.024867 0.019904
5 0.761693 0.009952 0.004144 0.003686
48 0.731794 0.010321 0.038484 0.020641
48 0.742747 0.020826 0.037892 0.038703
5 0.635731 0.006819 0.002664 0.003317
48 0.791445 0.027460 0.019834 0.018798
48 0.804322 0.026170 0.015986 0.014744
48 0.823120 0.030225 0.025163 0.022853
48 0.801362 0.043863 0.023091 0.022116
5 0.772054 0.012532 0.003552 0.004423
48 0.327413 0.028935 0.002960 0.003317
48 0.339106 0.027092 0.019242 0.022484
48 0.353612 0.051972 0.019834 0.027276
48 0.326377 0.055658 0.027531 0.026539
48 0.452783 0.025065 0.025755 0.022853
48 0.476613 0.035569 0.017762 0.024696
48 0.459147 0.040361 0.022499 0.019536
48 0.463144 0.054184 0.028123 0.018430
48 0.492007 0.056211 0.015394 0.015112
48 0.506365 0.049392 0.021018 0.020641
48 0.497632 0.071692 0.010065 0.010689
48 0.518798 0.059897 0.019242 0.019536
48 0.514062 0.031884 0.003256 0.004055
48 0.516430 0.036307 0.003256 0.003317
48 0.558022 0.097494 0.030195 0.031331
48 0.620930 0.125691 0.019834 0.018430
5 0.611753 0.124401 0.003256 0.004792
48 0.599615 0.159971 0.016874 0.018430
48 0.591770 0.143015 0.026051 0.025802
48 0.587034 0.126060 0.014802 0.011058
48 0.634399 0.095651 0.023683 0.021747
48 0.656898 0.126244 0.019538 0.025433
5 0.644168 0.152599 0.003552 0.003686
5 0.730906 0.106340 0.004144 0.003317
5 0.727205 0.109473 0.004440 0.003686
5 0.748668 0.105234 0.004144 0.003317
48 0.701895 0.076668 0.031972 0.025065
48 0.724689 0.066532 0.018946 0.021010
48 0.894168 0.090490 0.028123 0.025433
5 0.878330 0.092702 0.002368 0.004055
5 0.875074 0.099705 0.003552 0.004792
5 0.873002 0.095098 0.004144 0.005898
48 0.912522 0.126981 0.023387 0.026170
48 0.027679 0.016218 0.018650 0.019904
48 0.017614 0.194434 0.016874 0.020273
48 0.012285 0.177847 0.019242 0.019536
48 0.007993 0.196277 0.015394 0.019536
48 0.028271 0.200700 0.017466 0.015850
48 0.023831 0.176373 0.019834 0.021747
48 0.032120 0.185772 0.018650 0.018430
48 0.042481 0.195356 0.016282 0.016955
48 0.041297 0.213048 0.019242 0.020641
48 0.029751 0.218946 0.025163 0.020641
48 0.038632 0.232584 0.021610 0.022853
5 0.069716 0.251198 0.005033 0.004792
48 0.074156 0.233321 0.025755 0.027276
5 0.098875 0.202543 0.003552 0.004792
5 0.093991 0.194619 0.003848 0.005898
48 0.088514 0.209915 0.024275 0.021010
48 0.076377 0.205676 0.013618 0.014007
48 0.073120 0.187062 0.027235 0.028382
48 0.061575 0.172318 0.020722 0.018798
48 0.045589 0.174161 0.023091 0.023222
48 0.040261 0.159786 0.020130 0.023222
48 0.054026 0.154810 0.022795 0.022853
5 0.096063 0.153336 0.003256 0.002949
48 0.092510 0.176373 0.020426 0.023222
48 0.106128 0.169001 0.024571 0.027645
48 0.124630 0.159602 0.025459 0.027276
5 0.136175 0.160892 0.002960 0.003317
48 0.115601 0.131036 0.031083 0.032068
48 0.107312 0.108367 0.019834 0.025802
5 0.100947 0.112053 0.004737 0.005898
5 0.083185 0.129377 0.004737 0.004423
5 0.090290 0.125691 0.004737 0.004423
5 0.096063 0.122189 0.005033 0.004792
5 0.078301 0.131957 0.005033 0.005160
5 0.032712 0.085698 0.003256 0.004792
48 0.017466 0.088832 0.026643 0.021379
5 0.028863 0.066347 0.003256 0.003686
48 0.010509 0.064320 0.021018 0.028382
5 0.022943 0.056764 0.004440 0.005160
5 0.029899 0.070402 0.004144 0.006635
48 0.020870 0.047180 0.021018 0.014007
48 0.013470 0.110763 0.026939 0.023959
48 0.028567 0.100995 0.021018 0.023590
48 0.048845 0.083671 0.030787 0.028013
48 0.055062 0.098599 0.027827 0.020273
48 0.036264 0.119794 0.019834 0.014744
48 0.040112 0.131404 0.019242 0.014375
48 0.020722 0.126797 0.025459 0.022116
48 0.030935 0.143384 0.024571 0.017693
48 0.068384 0.112790 0.018354 0.018430
48 0.056986 0.119056 0.019242 0.020641
48 0.075636 0.105418 0.012729 0.013269
48 0.070900 0.092149 0.016282 0.017693
48 0.080077 0.087173 0.017466 0.021747
48 0.064535 0.079985 0.013618 0.016218
48 0.073860 0.074272 0.020426 0.018061
48 0.094731 0.082381 0.020722 0.021010
48 0.121226 0.092702 0.032860 0.035017
48 0.132179 0.114265 0.032268 0.032436
48 0.146240 0.101548 0.017170 0.018798
48 0.141208 0.145411 0.024867 0.023222
48 0.157342 0.111869 0.028123 0.021747
48 0.169331 0.137670 0.018354 0.021010
48 0.183541 0.127165 0.027827 0.021379
48 0.168443 0.118135 0.044405 0.026170
48 0.160746 0.089753 0.029011 0.028382
48 0.179544 0.100627 0.027531 0.024327
48 0.204559 0.115555 0.027235 0.030593
48 0.222173 0.107814 0.023387 0.031331
48 0.185761 0.079248 0.026347 0.022116
48 0.207371 0.066900 0.028715 0.025433
48 0.211960 0.080354 0.027235 0.024327
5 0.215808 0.055105 0.003552 0.005529
5 0.219213 0.056211 0.003256 0.004792
5 0.227057 0.069112 0.002960 0.004055
5 0.233274 0.073535 0.003552 0.004792
5 0.236975 0.079801 0.003848 0.004055
5 0.231202 0.082934 0.004144 0.005160
5 0.233422 0.087357 0.003256 0.004423
5 0.240675 0.086251 0.002960 0.005160
5 0.237419 0.094913 0.003552 0.004792
5 0.239047 0.100074 0.003848 0.004792
5 0.241859 0.095835 0.003552 0.004423
5 0.250740 0.109657 0.003552 0.004792
5 0.247928 0.114633 0.003848 0.005160
5 0.254292 0.111316 0.004144 0.005160
5 0.256957 0.116292 0.003552 0.004055
5 0.253108 0.122189 0.004144 0.006266
5 0.256809 0.128456 0.003256 0.004055
5 0.259917 0.123480 0.004737 0.008109
5 0.264654 0.129746 0.003552 0.004423
5 0.262581 0.133800 0.004144 0.005160
5 0.261397 0.137855 0.003552 0.005160
5 0.269390 0.139882 0.004737 0.005529
5 0.266430 0.140619 0.003552 0.004055
5 0.264950 0.144489 0.004144 0.005898
5 0.267170 0.153151 0.003256 0.004792
5 0.297365 0.134906 0.003256 0.004423
5 0.279455 0.173056 0.002960 0.004055
5 0.280047 0.170291 0.002960 0.003686
5 0.283452 0.171766 0.002664 0.003686
5 0.285672 0.169923 0.002960 0.003686
10 0.285376 0.185957 0.005329 0.007003
9 0.289668 0.184482 0.004440 0.006266
5 0.289816 0.177847 0.002960 0.004792
5 0.292185 0.182271 0.002960 0.004792
5 0.294405 0.186694 0.003256 0.004792
5 0.281824 0.181165 0.004144 0.006266
5 0.295145 0.195724 0.003552 0.005160
5 0.295737 0.204939 0.003552 0.004423
5 0.299586 0.203649 0.003552 0.005529
5 0.298253 0.210284 0.004440 0.005529
5 0.306838 0.209362 0.003256 0.004423
5 0.301658 0.217103 0.003552 0.005160
5 0.304026 0.221710 0.003552 0.005529
5 0.307726 0.228714 0.003256 0.004055
5 0.313499 0.223922 0.002960 0.004055
5 0.313203 0.229266 0.004144 0.005898
5 0.318828 0.234058 0.004144 0.005898
5 0.317348 0.248986 0.004144 0.005529
5 0.319420 0.246590 0.003552 0.005160
5 0.323416 0.248986 0.003256 0.004792
5 0.324008 0.244195 0.003256 0.004792
5 0.323860 0.255068 0.003552 0.005160
5 0.322232 0.284924 0.004440 0.002949
5 0.327413 0.282713 0.004144 0.002949
9 0.326377 0.264283 0.003848 0.005898
9 0.340142 0.293034 0.003552 0.005160
5 0.357460 0.286767 0.004440 0.002949
5 0.361901 0.284556 0.004440 0.002949
5 0.366341 0.281607 0.005033 0.003686
5 0.358792 0.301511 0.004144 0.003686
5 0.360420 0.303539 0.003848 0.004055
5 0.361901 0.306303 0.005033 0.003686
5 0.363233 0.309067 0.005329 0.005529
5 0.361753 0.316255 0.003552 0.005160
5 0.361901 0.330815 0.003848 0.004792
5 0.371670 0.325839 0.004440 0.004423
5 0.357164 0.333210 0.004440 0.004423
5 0.359976 0.337265 0.004737 0.003686
5 0.361308 0.339108 0.005033 0.004423
5 0.363381 0.342978 0.005033 0.005529
5 0.378034 0.333395 0.004144 0.004792
5 0.370485 0.353668 0.005625 0.005529
5 0.383659 0.370254 0.004737 0.005529
5 0.377146 0.369149 0.005921 0.004792
5 0.376850 0.366200 0.006513 0.004792
5 0.418443 0.404718 0.004440 0.005898
48 0.440053 0.398452 0.028123 0.025065
5 0.416223 0.419462 0.003552 0.004423
5 0.424956 0.435680 0.003848 0.005160
5 0.446418 0.436417 0.002368 0.004423
5 0.462996 0.438076 0.004737 0.004055
48 0.391208 0.476410 0.053582 0.051235
48 0.012433 0.024512 0.024867 0.025433
48 0.033452 0.032621 0.024867 0.027645
48 0.009769 0.588832 0.019538 0.029119
48 0.002664 0.572060 0.005329 0.021379
48 0.003404 0.538703 0.006809 0.023959
48 0.009029 0.508846 0.018058 0.020273
5 0.007105 0.491707 0.005921 0.005160
5 0.013470 0.540177 0.004440 0.004792
5 0.016578 0.538887 0.003552 0.004423
48 0.023831 0.532989 0.022795 0.026539
48 0.033748 0.548655 0.022499 0.021010
48 0.010953 0.557869 0.021906 0.026170
48 0.027383 0.573351 0.028715 0.026170
48 0.044997 0.559160 0.027235 0.026539
48 0.036116 0.590859 0.028419 0.029488
5 0.052102 0.570217 0.004737 0.003686
48 0.060095 0.585330 0.020722 0.025802
48 0.070752 0.575194 0.022499 0.030593
48 0.084221 0.572429 0.020426 0.021379
48 0.078449 0.558607 0.021314 0.018798
48 0.062019 0.548655 0.025755 0.028382
48 0.079929 0.535017 0.026643 0.022484
5 0.046329 0.539255 0.003848 0.002949
48 0.044849 0.530593 0.022202 0.018061
48 0.051954 0.521379 0.021018 0.023959
48 0.072676 0.507925 0.028715 0.028013
48 0.090142 0.499816 0.031083 0.030225
48 0.100355 0.521747 0.031972 0.029119
48 0.033452 0.501659 0.041445 0.036122
48 0.059059 0.482307 0.046477 0.049023
48 0.009325 0.475857 0.018650 0.028750
48 0.006661 0.338924 0.013321 0.011426
48 0.010657 0.327682 0.021314 0.022853
48 0.017466 0.300405 0.024867 0.022116
48 0.025607 0.317177 0.027531 0.023222
48 0.046329 0.305750 0.035820 0.028382
48 0.037596 0.289900 0.026051 0.021010
48 0.015394 0.282160 0.030787 0.030593
48 0.033156 0.272761 0.027235 0.021379
5 0.058022 0.288795 0.004144 0.006266
48 0.059207 0.277184 0.017170 0.016218
5 0.068532 0.305197 0.003848 0.004423
5 0.071196 0.310726 0.003848 0.005160
48 0.086146 0.304644 0.017170 0.023222
5 0.097839 0.303170 0.003256 0.005529
5 0.094287 0.304091 0.004440 0.005898
48 0.098579 0.287873 0.026643 0.028750
48 0.071344 0.293771 0.019538 0.018430
48 0.077561 0.283819 0.017170 0.019167
48 0.118857 0.280317 0.029899 0.028382
48 0.111604 0.266679 0.024867 0.022484
48 0.101391 0.246590 0.028123 0.026539
48 0.089254 0.267232 0.025755 0.028013
48 0.075784 0.255805 0.023683 0.016218
48 0.055506 0.259491 0.028715 0.031699
48 0.021462 0.244010 0.028123 0.030962
48 0.010805 0.254515 0.021610 0.029856
48 0.006809 0.228529 0.012433 0.014744
48 0.010657 0.224475 0.011249 0.015481
48 0.015246 0.219314 0.016282 0.022853
48 0.003996 0.418909 0.007993 0.016587
48 0.006809 0.434759 0.013618 0.026907
48 0.011841 0.444526 0.017762 0.022853
48 0.019242 0.450608 0.017762 0.021747
48 0.028271 0.462035 0.021018 0.022484
48 0.040112 0.456690 0.017466 0.022116
48 0.054322 0.448581 0.023387 0.025802
48 0.039224 0.432178 0.022795 0.021747
5 0.063499 0.446922 0.004440 0.004055
5 0.073564 0.450608 0.003848 0.004792
5 0.070160 0.445264 0.004144 0.003686
5 0.050770 0.427940 0.003256 0.004423
48 0.019094 0.424622 0.022795 0.025802
48 0.030639 0.415039 0.023979 0.023590
5 0.038484 0.408773 0.002960 0.003686
5 0.021314 0.397162 0.005329 0.003317
5 0.178064 0.497973 0.004440 0.005898
5 0.180876 0.501659 0.004737 0.005898
4 0.194790 0.516771 0.004737 0.003686
48 0.134103 0.511979 0.037300 0.026539
48 0.167259 0.510136 0.033156 0.020641
48 0.150237 0.495393 0.025163 0.022853
48 0.165779 0.491338 0.017762 0.018430
48 0.118709 0.497604 0.027827 0.022116
48 0.158674 0.477884 0.014210 0.012164
48 0.142540 0.478621 0.023387 0.023222
48 0.152605 0.464431 0.012729 0.014007
48 0.134547 0.497788 0.013914 0.015850
48 0.110716 0.480464 0.024867 0.021010
48 0.094435 0.455216 0.030195 0.027276
48 0.100799 0.464799 0.032860 0.024327
48 0.135435 0.460929 0.021610 0.020273
48 0.130255 0.450240 0.019538 0.018798
48 0.120337 0.464246 0.018650 0.013638
48 0.118709 0.433284 0.027827 0.021747
48 0.117081 0.448765 0.012729 0.015850
48 0.127442 0.421858 0.014506 0.013638
48 0.107756 0.415776 0.021906 0.019167
48 0.087330 0.438997 0.021314 0.018430
48 0.082889 0.427387 0.026643 0.020273
48 0.053878 0.408773 0.019538 0.016218
48 0.059799 0.419278 0.021314 0.017324
48 0.075933 0.405271 0.022795 0.017324
48 0.037004 0.390343 0.015986 0.015481
48 0.047217 0.397715 0.019834 0.017693
48 0.056838 0.387578 0.020130 0.016587
48 0.045885 0.386288 0.008289 0.007372
48 0.091030 0.381128 0.025163 0.020641
48 0.098431 0.401401 0.026347 0.021379
5 0.106868 0.372835 0.002960 0.004792
5 0.114269 0.365831 0.004144 0.004055
5 0.113233 0.363435 0.004440 0.003686
5 0.111308 0.360671 0.004144 0.004055
5 0.109236 0.358828 0.004144 0.003317
5 0.108200 0.357353 0.003256 0.003317
5 0.127738 0.410616 0.003256 0.004423
5 0.131735 0.384814 0.004737 0.002949
5 0.132179 0.387025 0.003848 0.002212
5 0.133363 0.388316 0.005033 0.003317
5 0.133955 0.389974 0.003848 0.002212
5 0.136471 0.393660 0.004144 0.003686
5 0.137655 0.396425 0.004737 0.004792
5 0.139580 0.399373 0.005033 0.004792
5 0.141356 0.385735 0.005033 0.003317
5 0.146536 0.397162 0.005329 0.003317
5 0.146980 0.399189 0.005625 0.002949
4 0.123150 0.401032 0.005921 0.007372
48 0.006217 0.373019 0.012433 0.015481
48 0.010509 0.389606 0.019834 0.018430
48 0.022943 0.366200 0.017466 0.018798
48 0.037004 0.359934 0.020722 0.019536
5 0.029899 0.361224 0.004144 0.005898
5 0.016726 0.368227 0.002072 0.003686
48 0.143872 0.271102 0.021314 0.027645
48 0.130995 0.254515 0.013914 0.013638
48 0.144612 0.241983 0.016874 0.015850
48 0.132031 0.236454 0.027827 0.021010
48 0.161042 0.239956 0.017170 0.016955
48 0.154825 0.226133 0.020130 0.015850
5 0.161634 0.223369 0.004144 0.005898
48 0.150089 0.214891 0.022499 0.021379
48 0.185465 0.230741 0.023979 0.028013
48 0.124482 0.216181 0.022202 0.018798
48 0.110124 0.202359 0.018354 0.019904
48 0.171995 0.259491 0.027235 0.029488
48 0.152457 0.251198 0.018354 0.022484
48 0.198342 0.254700 0.023683 0.023590
5 0.177324 0.209178 0.004144 0.002580
5 0.199378 0.197936 0.005033 0.003686
48 0.175252 0.197752 0.031380 0.025433
48 0.219065 0.203833 0.026643 0.025802
48 0.204115 0.205861 0.009769 0.012901
48 0.200710 0.223738 0.025459 0.024327
48 0.199526 0.182823 0.023683 0.026539
48 0.215512 0.174530 0.014210 0.016587
48 0.224985 0.168448 0.013618 0.012532
5 0.231498 0.181902 0.002960 0.004055
48 0.173179 0.169923 0.017762 0.022853
48 0.242303 0.164394 0.021018 0.020641
48 0.006661 0.166052 0.013321 0.013638
48 0.010065 0.140435 0.020130 0.016955
48 0.005921 0.694803 0.011841 0.041283
48 0.010509 0.690380 0.021018 0.037597
48 0.014210 0.919093 0.028419 0.025433
48 0.002812 0.905640 0.005625 0.030962
5 0.065867 0.929967 0.004440 0.004423
5 0.022351 0.980464 0.003848 0.004423
48 0.008141 0.974935 0.016282 0.016955
48 0.017762 0.955584 0.017170 0.022484
48 0.033452 0.970144 0.028419 0.025065
48 0.056986 0.960745 0.020426 0.018798
48 0.067348 0.976410 0.015690 0.021379
48 0.051510 0.983229 0.021906 0.023959
48 0.050178 0.948028 0.058319 0.028750
5 0.106868 0.978990 0.003552 0.005160
5 0.108792 0.978069 0.003256 0.004792
5 0.111012 0.976410 0.003552 0.005160
5 0.112937 0.975304 0.003256 0.004423
5 0.115009 0.974198 0.003256 0.004423
5 0.117081 0.973092 0.003256 0.004423
5 0.119301 0.971802 0.004144 0.004792
5 0.104648 0.974935 0.003256 0.004423
5 0.106868 0.973830 0.003552 0.005160
5 0.108940 0.972724 0.003552 0.005160
5 0.110716 0.971618 0.003552 0.005160
5 0.112937 0.970512 0.003848 0.005160
5 0.114861 0.969591 0.003552 0.005529
5 0.116785 0.968485 0.003848 0.005529
5 0.118857 0.966826 0.003256 0.005160
5 0.120634 0.965536 0.003256 0.004792
5 0.122706 0.964799 0.003848 0.004792
5 0.124778 0.963878 0.003256 0.004423
5 0.126554 0.962403 0.003256 0.004423
5 0.128922 0.960376 0.003256 0.004792
5 0.102724 0.970512 0.003552 0.004423
5 0.104648 0.969591 0.003256 0.004055
5 0.106572 0.968485 0.003552 0.004792
5 0.108496 0.967195 0.003256 0.004423
5 0.110272 0.965721 0.003848 0.005160
5 0.112641 0.964799 0.003848 0.005529
5 0.114861 0.964246 0.004144 0.005160
5 0.116785 0.962956 0.003848 0.004792
5 0.118561 0.961666 0.003848 0.005160
5 0.120930 0.960929 0.003256 0.004423
5 0.122558 0.959639 0.004144 0.004792
5 0.124926 0.958902 0.003552 0.004055
5 0.123298 0.955216 0.003256 0.004792
5 0.120782 0.956321 0.003552 0.004792
5 0.116933 0.958533 0.003552 0.004055
5 0.114713 0.959454 0.003256 0.004423
5 0.112641 0.960376 0.003256 0.004055
5 0.111160 0.961850 0.003256 0.004055
5 0.108940 0.962772 0.003552 0.004423
5 0.106868 0.963693 0.002960 0.004055
5 0.105092 0.964983 0.002960 0.003686
5 0.102724 0.966273 0.003552 0.004055
5 0.098579 0.962588 0.003552 0.004792
5 0.093546 0.946922 0.003552 0.005160
5 0.114269 0.955216 0.004144 0.004792
5 0.111901 0.956137 0.003552 0.005160
5 0.129515 0.974383 0.004440 0.005529
5 0.128034 0.975857 0.003848 0.004792
5 0.124186 0.978437 0.003256 0.004792
5 0.101095 0.984703 0.003848 0.004792
5 0.110272 0.986178 0.003256 0.004792
5 0.112493 0.985072 0.003552 0.004792
5 0.114417 0.983782 0.003256 0.004423
5 0.116637 0.982860 0.003552 0.004792
5 0.118561 0.981939 0.003256 0.004423
5 0.122262 0.983413 0.003552 0.004423
5 0.122262 0.979359 0.003552 0.005160
5 0.135583 0.975120 0.003552 0.004055
5 0.133659 0.975857 0.003256 0.004792
5 0.131883 0.978069 0.003256 0.004055
5 0.129959 0.979174 0.002960 0.003317
5 0.127886 0.979912 0.003552 0.004792
5 0.126110 0.981755 0.002960 0.004055
5 0.124482 0.983045 0.003848 0.003686
5 0.120485 0.985072 0.002960 0.003317
5 0.118413 0.986178 0.002960 0.004055
5 0.116341 0.987283 0.002960 0.004055
5 0.114417 0.988389 0.003256 0.004055
5 0.112493 0.989864 0.003552 0.004055
5 0.142836 0.986731 0.003256 0.004423
5 0.140764 0.987468 0.002664 0.004423
5 0.138840 0.988758 0.002960 0.004055
5 0.136323 0.989864 0.003256 0.004055
5 0.134399 0.990969 0.002960 0.004055
5 0.137803 0.978990 0.003256 0.004423
5 0.135879 0.979912 0.002960 0.004055
5 0.133955 0.981570 0.003256 0.004423
5 0.132031 0.982307 0.002960 0.004423
5 0.130403 0.983598 0.003256 0.004055
5 0.128182 0.984888 0.003552 0.004423
5 0.125962 0.986178 0.003256 0.004792
5 0.124334 0.987099 0.003552 0.004423
5 0.122410 0.988574 0.003256 0.004423
5 0.120041 0.989311 0.003256 0.004423
5 0.118265 0.990601 0.003848 0.004792
5 0.140024 0.981755 0.002960 0.004055
5 0.137951 0.983229 0.002960 0.003317
5 0.136027 0.984335 0.002664 0.003317
5 0.134103 0.985625 0.002960 0.003686
5 0.132031 0.986915 0.002960 0.003317
5 0.129959 0.988205 0.002960 0.003686
5 0.126258 0.990601 0.003256 0.004055
5 0.128182 0.989679 0.003552 0.004423
5 0.102724 0.988205 0.002960 0.004423
48 0.094879 0.986546 0.021610 0.026907
48 0.085258 0.967932 0.017170 0.021379
48 0.078301 0.954294 0.014506 0.016218
48 0.083629 0.988021 0.016282 0.017324
5 0.101243 0.962219 0.003552 0.004792
5 0.103168 0.961113 0.003256 0.004055
5 0.105388 0.959823 0.003552 0.004423
5 0.107608 0.958533 0.003848 0.004792
5 0.109976 0.957612 0.003848 0.005160
5 0.149349 0.984150 0.003256 0.004423
5 0.155565 0.980280 0.003256 0.004055
5 0.159858 0.978069 0.002368 0.004055
5 0.161930 0.976778 0.002960 0.004423
5 0.164002 0.975673 0.002960 0.004423
5 0.166223 0.974567 0.002664 0.004423
5 0.146684 0.980096 0.003848 0.005160
5 0.148757 0.978806 0.003256 0.004792
5 0.151421 0.977516 0.003256 0.004423
5 0.153641 0.976594 0.003552 0.004792
5 0.155713 0.975488 0.003552 0.004792
5 0.157490 0.973830 0.003552 0.004423
5 0.160006 0.972908 0.003256 0.004055
5 0.161930 0.971987 0.003552 0.004423
5 0.164150 0.970881 0.003848 0.004423
5 0.144612 0.976041 0.003256 0.004423
5 0.146832 0.974751 0.004144 0.004792
5 0.149053 0.973645 0.003848 0.005529
5 0.151273 0.972724 0.003552 0.005160
5 0.153789 0.971618 0.003848 0.005160
5 0.157786 0.969038 0.003552 0.005160
5 0.160006 0.968116 0.003256 0.005529
5 0.162226 0.967195 0.004144 0.005898
5 0.137951 0.964983 0.003552 0.005160
5 0.139728 0.964062 0.003552 0.004792
5 0.143872 0.962588 0.003552 0.004792
5 0.146092 0.961666 0.003848 0.005160
5 0.148165 0.960376 0.003848 0.004792
5 0.150385 0.959270 0.003552 0.004792
5 0.153345 0.958164 0.003552 0.004792
5 0.137507 0.959823 0.003256 0.005160
5 0.139284 0.958902 0.003848 0.005529
5 0.141652 0.957796 0.003848 0.005529
5 0.143872 0.957059 0.003552 0.005529
5 0.145944 0.955769 0.003552 0.005898
5 0.148313 0.955031 0.004144 0.005898
5 0.133067 0.956874 0.003256 0.005898
5 0.134991 0.955584 0.003552 0.004792
5 0.137211 0.954478 0.003256 0.005529
5 0.131143 0.952451 0.003552 0.005160
5 0.133067 0.951345 0.003848 0.005160
5 0.139284 0.953373 0.003848 0.004792
5 0.141652 0.952267 0.003848 0.004792
5 0.143428 0.951345 0.003848 0.005160
5 0.137211 0.949134 0.003848 0.005160
5 0.139284 0.948028 0.003848 0.005160
5 0.141504 0.946922 0.003552 0.005898
5 0.166075 0.960560 0.003552 0.005160
5 0.150385 0.952820 0.004144 0.005160
5 0.148461 0.949134 0.003848 0.004423
5 0.146240 0.945079 0.003552 0.005160
5 0.148165 0.944526 0.003848 0.004792
5 0.154677 0.955953 0.002664 0.004792
5 0.156602 0.955216 0.002960 0.004792
5 0.158378 0.954110 0.002960 0.004792
5 0.153049 0.951714 0.003552 0.005160
5 0.154825 0.950792 0.002960 0.004792
5 0.157046 0.950055 0.003256 0.005529
5 0.151569 0.947475 0.003552 0.005529
5 0.153493 0.946554 0.003256 0.004423
5 0.155713 0.945816 0.003552 0.005160
9 0.096951 0.947844 0.003848 0.007003
5 0.118265 0.953004 0.003848 0.003317
5 0.122410 0.951345 0.004440 0.003686
5 0.126110 0.949871 0.003552 0.002949
5 0.130551 0.948212 0.003552 0.003317
5 0.134399 0.946369 0.003552 0.003317
5 0.138396 0.944158 0.003848 0.003317
5 0.142836 0.942683 0.003848 0.003317
5 0.147128 0.941209 0.004144 0.003317
5 0.150089 0.943052 0.002960 0.004055
5 0.153641 0.943605 0.004144 0.002949
5 0.116785 0.950608 0.004440 0.003686
5 0.121226 0.949134 0.003848 0.002949
5 0.125370 0.947844 0.003848 0.003317
5 0.129663 0.946185 0.004144 0.003686
5 0.133955 0.944158 0.003848 0.003317
5 0.137951 0.942499 0.004144 0.003686
5 0.099763 0.958902 0.004144 0.004055
5 0.104056 0.956690 0.003848 0.003317
5 0.108644 0.954478 0.004144 0.004055
5 0.112345 0.952267 0.003848 0.003317
5 0.099615 0.956506 0.003848 0.002949
5 0.103612 0.954663 0.004737 0.003686
5 0.107904 0.952451 0.004440 0.003686
5 0.111901 0.950424 0.004144 0.003317
5 0.115897 0.948212 0.004440 0.003317
5 0.120337 0.947291 0.003848 0.002949
5 0.124482 0.946001 0.004440 0.003317
5 0.123742 0.943973 0.004144 0.003686
5 0.107164 0.950240 0.004144 0.003686
5 0.103464 0.951714 0.004440 0.003686
5 0.099171 0.953926 0.004144 0.003686
5 0.098135 0.951898 0.003848 0.003317
5 0.112493 0.943973 0.002960 0.005160
5 0.114861 0.943236 0.002960 0.004423
5 0.117229 0.942683 0.002960 0.004792
5 0.107608 0.946001 0.003256 0.005529
5 0.104944 0.946369 0.003256 0.005529
5 0.102427 0.947475 0.003552 0.005529
5 0.100059 0.948765 0.002960 0.005160
5 0.117969 0.936233 0.003256 0.005160
5 0.140172 0.929230 0.003256 0.005160
5 0.136915 0.931994 0.004440 0.004055
5 0.129070 0.944158 0.004144 0.003317
5 0.133659 0.942499 0.004440 0.002949
5 0.137359 0.940472 0.003552 0.003317
5 0.141948 0.940472 0.003848 0.003317
5 0.146684 0.938813 0.004440 0.003686
5 0.141356 0.938813 0.003848 0.003686
5 0.145204 0.936786 0.003848 0.003317
5 0.128034 0.942315 0.003848 0.003317
5 0.132623 0.940288 0.004144 0.003686
5 0.136471 0.938076 0.004144 0.004423
5 0.140616 0.936417 0.004144 0.003317
5 0.144316 0.934574 0.003848 0.003317
5 0.150829 0.937339 0.003848 0.002949
5 0.124186 0.939366 0.003256 0.004792
5 0.126702 0.938260 0.003552 0.004792
5 0.129366 0.936970 0.004144 0.005160
5 0.131439 0.936233 0.004144 0.004423
5 0.134103 0.935127 0.003552 0.004423
5 0.122854 0.935496 0.002960 0.004423
5 0.125074 0.934390 0.003256 0.005160
5 0.127442 0.933468 0.003256 0.004792
5 0.129811 0.932547 0.003256 0.004423
5 0.132031 0.931625 0.002960 0.004792
5 0.163410 0.956137 0.004144 0.002949
5 0.167703 0.954294 0.003848 0.002949
5 0.162670 0.953926 0.003848 0.003686
5 0.166815 0.952451 0.003848 0.003686
5 0.161486 0.951714 0.004440 0.002949
5 0.165779 0.950055 0.004737 0.003317
5 0.164890 0.948397 0.004737 0.003686
5 0.160450 0.949502 0.004144 0.003686
5 0.164150 0.946001 0.003848 0.003317
5 0.159710 0.947659 0.003848 0.002949
5 0.163854 0.943605 0.004440 0.003686
5 0.159414 0.945448 0.004440 0.003686
5 0.162670 0.941762 0.003848 0.002949
5 0.158378 0.943421 0.003552 0.003317
5 0.161782 0.939919 0.003848 0.003686
5 0.157786 0.941578 0.004144 0.003317
5 0.161190 0.937523 0.003848 0.003317
5 0.156898 0.939366 0.004144 0.004055
5 0.160302 0.935127 0.004440 0.004423
5 0.156009 0.936970 0.004144 0.003686
5 0.159118 0.932916 0.003848 0.003686
5 0.154973 0.935127 0.003848 0.003686
5 0.150089 0.935127 0.004144 0.003686
5 0.154233 0.932547 0.004737 0.003686
5 0.158378 0.930704 0.003552 0.003686
5 0.151421 0.938997 0.003848 0.003317
9 0.160598 0.926097 0.003848 0.007003
9 0.156898 0.926834 0.004144 0.007003
9 0.153641 0.927940 0.004144 0.006266
9 0.150829 0.928308 0.003848 0.006266
9 0.148165 0.929598 0.003848 0.005898
9 0.145352 0.930151 0.004144 0.006266
5 0.158674 0.920936 0.004144 0.005529
5 0.154233 0.921673 0.003552 0.004055
5 0.151569 0.923148 0.003552 0.004055
5 0.148461 0.923701 0.003256 0.004423
5 0.145500 0.924806 0.003848 0.004423
5 0.142984 0.925728 0.003552 0.004792
9 0.050770 0.892739 0.006809 0.005160
13 0.022499 0.869333 0.010065 0.012164
48 0.129811 0.906930 0.055950 0.056395
5 0.002664 0.778474 0.004144 0.004423
5 0.007253 0.779580 0.003848 0.004423
5 0.005773 0.786952 0.003848 0.003686
5 0.007253 0.789900 0.005033 0.005160
5 0.011101 0.783634 0.003848 0.004423
5 0.015838 0.779211 0.002664 0.005160
5 0.024423 0.781054 0.003848 0.003686
5 0.022054 0.778290 0.004440 0.004792
5 0.015986 0.773682 0.004144 0.004423
5 0.032564 0.775894 0.004737 0.004423
5 0.019242 0.766679 0.004144 0.004423
5 0.023239 0.769996 0.003848 0.003686
5 0.031528 0.772761 0.005033 0.004055
9 0.034784 0.765573 0.009769 0.008109
5 0.038040 0.769075 0.003848 0.004055
5 0.042185 0.770365 0.005033 0.004423
5 0.044405 0.759676 0.004144 0.003686
9 0.046329 0.764467 0.006217 0.005160
5 0.050770 0.765389 0.003848 0.004055
5 0.053730 0.761334 0.005033 0.004792
5 0.050178 0.749908 0.003256 0.004792
5 0.071936 0.767048 0.004144 0.004423
5 0.092658 0.755621 0.004144 0.004423
5 0.060391 0.760781 0.004144 0.003686
5 0.060983 0.757280 0.004737 0.004792
5 0.067940 0.753962 0.005033 0.004055
5 0.069420 0.755990 0.003848 0.004423
5 0.053434 0.743273 0.002664 0.004792
5 0.059799 0.739771 0.002960 0.004423
5 0.062167 0.738666 0.002368 0.004423
5 0.064387 0.737191 0.003256 0.005160
5 0.067940 0.736270 0.002664 0.005529
5 0.070752 0.745669 0.004737 0.004423
5 0.078597 0.750645 0.003848 0.004055
5 0.077413 0.748249 0.004440 0.004423
5 0.087774 0.744932 0.004440 0.005160
5 0.085702 0.743273 0.003848 0.004055
5 0.075192 0.732215 0.002368 0.005529
5 0.085554 0.737929 0.003552 0.003686
5 0.091918 0.739587 0.004440 0.004055
5 0.095471 0.740877 0.003848 0.004423
5 0.096655 0.737007 0.004440 0.004055
5 0.103908 0.727055 0.004144 0.004055
9 0.104056 0.734058 0.007401 0.007741
5 0.101687 0.740140 0.003848 0.003686
5 0.107904 0.746959 0.004440 0.004055
5 0.109532 0.738297 0.004737 0.004423
5 0.112641 0.744379 0.004440 0.004792
5 0.117081 0.741983 0.003848 0.002949
5 0.139136 0.737376 0.005921 0.003317
5 0.112493 0.731478 0.004144 0.004055
5 0.111753 0.728529 0.005033 0.004055
5 0.117081 0.725949 0.005033 0.004055
5 0.119597 0.727055 0.003552 0.003317
5 0.118117 0.719683 0.004737 0.003317
5 0.123002 0.722447 0.004440 0.004423
5 0.127886 0.725949 0.004737 0.004055
5 0.130995 0.734243 0.003256 0.004423
5 0.127886 0.722816 0.004144 0.003686
5 0.131735 0.730741 0.004737 0.004792
5 0.141208 0.743089 0.004737 0.005898
5 0.144612 0.737560 0.003848 0.005160
5 0.129663 0.719130 0.005329 0.003686
9 0.132919 0.707888 0.006513 0.004792
5 0.131883 0.713417 0.005033 0.004792
5 0.135583 0.716550 0.004144 0.003686
5 0.136323 0.718762 0.003848 0.003686
5 0.144908 0.706229 0.003848 0.002949
5 0.142096 0.713601 0.004737 0.003686
5 0.148017 0.710100 0.004737 0.004792
5 0.154529 0.708441 0.005329 0.005160
5 0.122262 0.841688 0.002960 0.005529
5 0.117969 0.833210 0.003848 0.004792
5 0.112937 0.825286 0.003848 0.005160
5 0.065127 0.824548 0.003552 0.005160
5 0.054914 0.801143 0.003848 0.004792
5 0.140912 0.799300 0.002960 0.004792
5 0.133807 0.793586 0.003552 0.004423
5 0.174512 0.783266 0.003848 0.004423
5 0.167703 0.791006 0.003256 0.003686
9 0.159266 0.768706 0.004737 0.005529
9 0.047661 0.786399 0.007105 0.011426
48 0.008141 0.799484 0.008585 0.009583
48 0.009917 0.823627 0.019834 0.047549
48 0.040112 0.827497 0.006809 0.006635
48 0.041297 0.840767 0.019834 0.018430
48 0.030195 0.818098 0.021314 0.025433
48 0.042037 0.805934 0.018946 0.018061
48 0.030047 0.795982 0.034636 0.030593
5 0.224837 0.933284 0.003256 0.004423
5 0.195974 0.855326 0.003552 0.004792
5 0.146536 0.746038 0.005329 0.006635
48 0.144612 0.782344 0.026347 0.029119
48 0.092510 0.811279 0.047661 0.039071
48 0.126850 0.814412 0.025163 0.027645
48 0.154825 0.799115 0.026643 0.027276
48 0.151125 0.821968 0.060687 0.052341
5 0.001480 0.757280 0.002960 0.004792
5 0.001776 0.738666 0.002960 0.004423
48 0.184429 0.831736 0.018354 0.025433
48 0.170515 0.843163 0.019538 0.019536
48 0.157194 0.846848 0.017170 0.022484
48 0.177324 0.857538 0.018354 0.018798
48 0.143428 0.853115 0.022202 0.023222
48 0.142984 0.876152 0.014802 0.011058
48 0.135287 0.859749 0.020722 0.023222
48 0.150237 0.885920 0.016282 0.016587
48 0.155565 0.868964 0.020426 0.022484
48 0.202487 0.846848 0.020722 0.023959
48 0.205299 0.872282 0.020426 0.026907
48 0.211664 0.888500 0.014210 0.016587
48 0.182948 0.911353 0.014210 0.015112
48 0.183097 0.874677 0.022202 0.020641
48 0.196418 0.901585 0.014506 0.012532
48 0.172291 0.902322 0.008881 0.014744
48 0.180432 0.897899 0.014506 0.014744
48 0.157786 0.897530 0.011249 0.012532
48 0.164002 0.916329 0.016578 0.019904
48 0.164594 0.886473 0.015394 0.018430
48 0.188425 0.887394 0.027531 0.021747
48 0.203079 0.905087 0.011249 0.009215
48 0.191089 0.927202 0.016282 0.023959
48 0.205003 0.922042 0.020426 0.021747
48 0.178064 0.922964 0.016282 0.013269
48 0.197158 0.944158 0.017170 0.018798
48 0.147276 0.977516 0.088514 0.044969
48 0.211664 0.976778 0.014802 0.015481
48 0.103168 0.778474 0.090882 0.070033
5 0.097099 0.704018 0.004144 0.005160
48 0.078597 0.688352 0.017466 0.020273
48 0.083185 0.708257 0.015394 0.022484
48 0.092806 0.718946 0.019834 0.023222
48 0.018502 0.757464 0.009769 0.009583
48 0.057282 0.714523 0.050622 0.059344
48 0.043517 0.693697 0.039668 0.035385
48 0.031972 0.665315 0.050918 0.054552
48 0.108792 0.664578 0.043517 0.033174
5 0.147128 0.699779 0.004737 0.004055
5 0.155269 0.696461 0.004440 0.004055
5 0.160154 0.693513 0.004144 0.004055
5 0.160598 0.697199 0.004440 0.004055
5 0.161338 0.703281 0.004144 0.004423
5 0.165186 0.703649 0.005329 0.004423
5 0.169923 0.689642 0.004737 0.004423
5 0.170959 0.697567 0.003848 0.003317
5 0.175844 0.690564 0.004144 0.004055
5 0.176732 0.695356 0.004144 0.003317
5 0.177028 0.697752 0.004144 0.002949
5 0.178360 0.682455 0.003848 0.004055
5 0.182652 0.692223 0.004737 0.003686
5 0.184133 0.694250 0.003552 0.004055
5 0.188425 0.689827 0.004440 0.004055
5 0.186205 0.685035 0.004144 0.004055
9 0.197454 0.688352 0.011249 0.009215
5 0.190497 0.677847 0.003848 0.002949
5 0.195678 0.675636 0.004144 0.002949
5 0.200118 0.672871 0.005329 0.004055
5 0.202191 0.670291 0.005329 0.004055
5 0.203671 0.681902 0.004737 0.005160
5 0.201895 0.677294 0.004737 0.004055
5 0.206039 0.667711 0.004737 0.004055
5 0.209888 0.665868 0.004737 0.004792
5 0.208111 0.681349 0.003552 0.003317
5 0.213144 0.678216 0.004144 0.003686
9 0.221581 0.672503 0.005625 0.004792
5 0.239047 0.663841 0.003848 0.003686
48 0.152457 0.724475 0.026051 0.030593
48 0.170663 0.716919 0.018058 0.025802
48 0.181468 0.741062 0.019538 0.020273
48 0.163558 0.741983 0.022202 0.025802
48 0.170367 0.757648 0.024571 0.021747
48 0.182948 0.767048 0.012433 0.011058
48 0.184133 0.778658 0.017762 0.015850
48 0.194938 0.786767 0.021610 0.021747
48 0.195234 0.809067 0.009769 0.013269
9 0.195826 0.816439 0.003848 0.004423
48 0.206779 0.812753 0.017466 0.023590
48 0.212256 0.828050 0.015394 0.016587
48 0.226169 0.845558 0.031972 0.035385
48 0.229574 0.877811 0.028715 0.033542
48 0.227798 0.916513 0.021018 0.019536
48 0.231498 0.901954 0.012433 0.016955
48 0.220693 0.904718 0.013321 0.013638
48 0.242303 0.899558 0.021018 0.023959
48 0.248520 0.918725 0.013914 0.015850
48 0.255773 0.914117 0.013618 0.014007
48 0.267762 0.901032 0.022202 0.025433
48 0.249408 0.854220 0.020426 0.025433
48 0.246744 0.865278 0.012729 0.012901
48 0.250148 0.876520 0.014210 0.017693
48 0.260953 0.874309 0.010953 0.018430
48 0.263025 0.884077 0.009769 0.009952
48 0.257105 0.893476 0.011545 0.011795
48 0.289520 0.906192 0.013025 0.015850
48 0.300770 0.907114 0.017170 0.022116
5 0.240971 0.799668 0.003552 0.004792
5 0.247040 0.799853 0.003256 0.005160
5 0.231794 0.786399 0.004144 0.003317
48 0.227946 0.802433 0.017170 0.022116
48 0.220989 0.816808 0.015690 0.016955
48 0.236530 0.819572 0.020130 0.026170
48 0.247780 0.826576 0.018354 0.015850
48 0.252664 0.833026 0.016874 0.015481
48 0.228834 0.770733 0.042037 0.037597
48 0.189609 0.758201 0.018058 0.011795
48 0.251332 0.760413 0.024867 0.034648
5 0.235494 0.734980 0.003256 0.005160
5 0.259473 0.737744 0.005033 0.004055
48 0.265098 0.751382 0.023979 0.025433
48 0.278863 0.732215 0.012433 0.015112
48 0.294553 0.726686 0.017170 0.020273
48 0.212700 0.755437 0.022795 0.023222
48 0.198194 0.746590 0.011545 0.017324
48 0.197750 0.766863 0.021314 0.021747
48 0.191385 0.728161 0.010361 0.011426
48 0.225429 0.744195 0.016874 0.016955
48 0.226317 0.731847 0.018058 0.018798
48 0.221581 0.721895 0.018058 0.016587
48 0.243043 0.737376 0.013618 0.017324
48 0.253552 0.729819 0.016282 0.021379
48 0.182948 0.716550 0.017762 0.022853
48 0.211220 0.739403 0.019242 0.019167
48 0.204855 0.727608 0.023091 0.022116
48 0.193902 0.710837 0.024275 0.026170
48 0.200710 0.704202 0.013025 0.018798
48 0.214476 0.694250 0.009769 0.013638
48 0.210628 0.701806 0.021018 0.028750
48 0.167703 0.676926 0.021610 0.028382
48 0.183837 0.668080 0.024275 0.026907
48 0.154677 0.681165 0.017466 0.023590
48 0.150977 0.664394 0.020722 0.019536
48 0.162374 0.658128 0.007993 0.007741
5 0.157786 0.637670 0.002960 0.004423
48 0.174808 0.651309 0.016874 0.016218
48 0.164150 0.633985 0.021610 0.025065
48 0.144168 0.653704 0.013025 0.014375
48 0.154381 0.644489 0.010953 0.012164
48 0.142096 0.639329 0.021314 0.018798
48 0.129218 0.633247 0.018650 0.021379
48 0.138099 0.623848 0.017466 0.018798
48 0.124482 0.612606 0.023979 0.024327
5 0.135139 0.603760 0.003848 0.005898
5 0.126702 0.588279 0.003552 0.005160
48 0.116637 0.596203 0.021314 0.025433
48 0.107312 0.584040 0.015098 0.018061
48 0.099319 0.579064 0.011545 0.012532
5 0.122410 0.580538 0.002664 0.004423
48 0.150977 0.618504 0.014210 0.017693
48 0.148757 0.605603 0.014506 0.015481
48 0.141208 0.596203 0.013025 0.017324
48 0.135879 0.582381 0.018354 0.019904
48 0.129811 0.572982 0.016282 0.013638
48 0.122706 0.564873 0.018058 0.018061
48 0.098875 0.567084 0.013618 0.015112
48 0.107460 0.561555 0.013618 0.013638
48 0.092214 0.558607 0.008585 0.007741
48 0.099023 0.552156 0.021018 0.016218
48 0.113825 0.546443 0.016874 0.019536
48 0.124334 0.554368 0.008881 0.006635
5 0.103760 0.535385 0.003256 0.003317
5 0.228094 0.658680 0.003848 0.004423
5 0.250592 0.657759 0.003848 0.004055
5 0.257697 0.655363 0.005033 0.004423
5 0.250148 0.648544 0.005329 0.004055
5 0.263914 0.641541 0.004440 0.003317
5 0.269686 0.643937 0.004144 0.003686
5 0.278271 0.646885 0.004737 0.003686
48 0.218917 0.688721 0.007401 0.009215
48 0.225429 0.692776 0.007993 0.012164
48 0.228242 0.684666 0.010065 0.009215
48 0.237863 0.680428 0.015690 0.014744
48 0.234310 0.696646 0.016282 0.015481
48 0.242155 0.690748 0.014802 0.016218
48 0.240527 0.706045 0.007401 0.007003
48 0.244523 0.713048 0.010657 0.014375
48 0.236530 0.725765 0.008881 0.010321
5 0.250296 0.699226 0.002664 0.004423
48 0.251480 0.703649 0.016874 0.014007
48 0.263470 0.725028 0.015986 0.016955
48 0.250444 0.678769 0.014802 0.018798
48 0.257401 0.677110 0.014506 0.023590
48 0.268502 0.673424 0.017170 0.020641
48 0.260213 0.697752 0.011249 0.014744
48 0.267762 0.697383 0.012729 0.016955
48 0.258437 0.710652 0.011249 0.011795
48 0.268354 0.707519 0.013914 0.011426
48 0.270426 0.712495 0.010953 0.011795
48 0.279751 0.717287 0.007105 0.008109
48 0.285228 0.708809 0.015098 0.018430
48 0.281380 0.661813 0.019834 0.021747
48 0.309503 0.715444 0.020426 0.020641
48 0.295441 0.705861 0.009473 0.011058
48 0.301510 0.707519 0.005625 0.006266
9 0.291445 0.648544 0.004440 0.007741
5 0.294109 0.653336 0.003848 0.004792
5 0.296921 0.657943 0.003552 0.004423
9 0.299734 0.663472 0.005033 0.007372
5 0.278123 0.631404 0.005033 0.004423
5 0.275163 0.621452 0.003848 0.004423
48 0.278123 0.694803 0.012137 0.011058
48 0.274127 0.685772 0.017170 0.016587
48 0.285820 0.673793 0.016874 0.017693
48 0.288928 0.687800 0.007105 0.008846
48 0.296181 0.683192 0.016874 0.015850
48 0.294553 0.671397 0.010657 0.014375
5 0.308319 0.678769 0.002664 0.004792
5 0.307874 0.682639 0.002960 0.004423
5 0.311427 0.685588 0.003552 0.004423
5 0.305950 0.684114 0.002664 0.004423
5 0.309947 0.688905 0.003552 0.005160
5 0.315719 0.694434 0.003256 0.004423
5 0.317940 0.699410 0.003552 0.004792
48 0.299290 0.693513 0.017170 0.016587
48 0.288484 0.700700 0.010953 0.019904
48 0.306098 0.700885 0.013618 0.011426
48 0.311575 0.731662 0.015690 0.017693
48 0.322084 0.729267 0.011841 0.018798
48 0.317644 0.746775 0.021314 0.017693
5 0.291445 0.789163 0.003848 0.005898
5 0.295441 0.786952 0.002960 0.004423
5 0.298253 0.838187 0.006217 0.005160
5 0.279159 0.849244 0.007697 0.006635
48 0.264802 0.860302 0.019834 0.027276
48 0.260509 0.844084 0.021906 0.020641
5 0.281528 0.840398 0.002960 0.002212
48 0.291741 0.852377 0.039372 0.032068
48 0.333185 0.857538 0.031676 0.037965
48 0.278419 0.833948 0.023387 0.021747
48 0.297957 0.821415 0.029899 0.024696
48 0.319420 0.802248 0.018354 0.021747
5 0.331557 0.826576 0.003552 0.003317
5 0.336886 0.828972 0.004144 0.003686
5 0.341770 0.825654 0.004440 0.003686
5 0.345471 0.823258 0.004737 0.003317
48 0.314683 0.824364 0.008881 0.011426
48 0.321936 0.827129 0.006217 0.007372
48 0.325933 0.815886 0.014802 0.018061
5 0.358940 0.789532 0.003848 0.005160
48 0.346655 0.808883 0.017762 0.018798
48 0.354648 0.795982 0.013025 0.014375
5 0.372114 0.815334 0.002960 0.003686
48 0.337626 0.780501 0.031083 0.026170
5 0.340586 0.754700 0.002664 0.004792
48 0.316311 0.770549 0.045293 0.040177
48 0.274719 0.773682 0.063943 0.048655
48 0.274423 0.805197 0.050326 0.051972
48 0.362641 0.822153 0.023683 0.023222
48 0.354204 0.832289 0.012137 0.017693
48 0.346359 0.840582 0.018354 0.018798
48 0.378330 0.844268 0.018946 0.026907
48 0.362789 0.855326 0.015098 0.021747
48 0.312167 0.901954 0.018650 0.024327
48 0.323712 0.898268 0.019834 0.024327
48 0.339254 0.895872 0.013618 0.018798
48 0.331705 0.884998 0.012729 0.016955
48 0.343991 0.882787 0.017170 0.026539
48 0.358940 0.905640 0.019242 0.026539
48 0.345471 0.911168 0.017170 0.022116
48 0.330669 0.912643 0.013618 0.014007
48 0.320160 0.920015 0.012137 0.016955
48 0.324156 0.930151 0.013618 0.015112
48 0.337626 0.920752 0.012137 0.016218
48 0.311575 0.943052 0.013321 0.012164
48 0.366045 0.873756 0.013321 0.019536
48 0.198638 0.651677 0.024275 0.033911
48 0.181320 0.605787 0.022202 0.029856
48 0.167999 0.569112 0.032268 0.030225
48 0.122262 0.536675 0.012433 0.014744
48 0.147573 0.535201 0.025163 0.018430
48 0.158378 0.547365 0.021314 0.018430
48 0.143872 0.573351 0.008881 0.007003
48 0.143132 0.565426 0.017466 0.014007
48 0.136619 0.555474 0.016874 0.018430
48 0.129515 0.544969 0.013914 0.016587
48 0.187537 0.553999 0.013914 0.014007
48 0.194050 0.567453 0.015690 0.016587
48 0.202487 0.581644 0.016578 0.016955
5 0.244079 0.578511 0.003848 0.006266
48 0.221137 0.576484 0.018354 0.017693
48 0.224837 0.588647 0.018650 0.016218
48 0.242895 0.587173 0.009769 0.010321
48 0.211960 0.558238 0.015394 0.017324
48 0.226761 0.562846 0.012433 0.008846
48 0.235494 0.576115 0.010953 0.012532
48 0.169183 0.526723 0.007401 0.008109
48 0.170959 0.537781 0.008585 0.011795
48 0.179396 0.544231 0.008289 0.012164
48 0.174660 0.535754 0.008881 0.011426
48 0.186649 0.542941 0.007993 0.006635
48 0.210480 0.531699 0.013618 0.009952
48 0.195086 0.530593 0.020722 0.018798
48 0.221285 0.549945 0.008585 0.007372
5 0.204707 0.506266 0.003256 0.003317
5 0.215216 0.487283 0.003552 0.005160
5 0.219065 0.484150 0.003552 0.003317
5 0.220989 0.485993 0.005033 0.004055
5 0.222469 0.488758 0.005033 0.004423
5 0.213884 0.515481 0.002664 0.003317
5 0.215808 0.519167 0.002960 0.004055
5 0.228390 0.530962 0.003256 0.004792
5 0.223801 0.538518 0.003552 0.005160
5 0.223357 0.542757 0.003256 0.004792
5 0.229426 0.552341 0.003552 0.004792
5 0.231646 0.556764 0.003848 0.004792
48 0.206483 0.543863 0.031083 0.021747
48 0.222913 0.604497 0.019538 0.013269
5 0.259917 0.596756 0.002368 0.004423
5 0.257697 0.592517 0.002664 0.004055
9 0.265394 0.609473 0.005033 0.007003
48 0.245411 0.604681 0.029011 0.027645
48 0.228982 0.615186 0.016874 0.018430
48 0.241119 0.628271 0.015098 0.020273
48 0.264062 0.631773 0.018946 0.018430
48 0.394760 0.881865 0.012729 0.015112
48 0.383807 0.895135 0.015690 0.017324
9 0.411930 0.889053 0.003848 0.005898
5 0.399793 0.864357 0.003256 0.004423
5 0.401865 0.868964 0.003256 0.005529
5 0.393872 0.851640 0.002664 0.004792
48 0.419775 0.885367 0.014802 0.013269
48 0.410746 0.868596 0.015690 0.013638
48 0.405861 0.859012 0.020722 0.018061
48 0.403345 0.844268 0.018058 0.016587
48 0.392984 0.820494 0.018650 0.022853
5 0.323860 0.713233 0.003552 0.005898
5 0.325488 0.706598 0.004440 0.004423
9 0.293369 0.638776 0.006513 0.005898
9 0.308763 0.631404 0.008289 0.007372
5 0.327561 0.622189 0.004440 0.003686
5 0.286856 0.628456 0.004144 0.003686
5 0.294997 0.630299 0.004440 0.004423
5 0.295885 0.624585 0.003848 0.003317
5 0.306690 0.619056 0.004737 0.004055
5 0.329633 0.612975 0.005033 0.004423
5 0.345027 0.599705 0.003848 0.003686
5 0.361901 0.625323 0.003256 0.004792
5 0.346063 0.611132 0.005329 0.004423
5 0.351243 0.611316 0.003256 0.003317
5 0.368117 0.607261 0.005033 0.004055
5 0.348727 0.621084 0.003552 0.004423
5 0.353464 0.595098 0.004144 0.003317
5 0.371078 0.582750 0.005033 0.003686
5 0.376702 0.580722 0.005033 0.004792
5 0.380699 0.597309 0.004144 0.004055
5 0.390764 0.591227 0.004144 0.003686
5 0.404973 0.583856 0.004737 0.003686
5 0.381883 0.573903 0.003552 0.003686
5 0.417703 0.582565 0.004737 0.004055
5 0.423475 0.584593 0.002664 0.005898
5 0.408526 0.597494 0.005329 0.003686
5 0.429248 0.581460 0.002368 0.004792
5 0.431912 0.579801 0.002960 0.005160
5 0.420663 0.577221 0.005329 0.004423
5 0.422439 0.573719 0.004144 0.003317
5 0.427472 0.574272 0.005329 0.003686
5 0.429396 0.570586 0.004440 0.003686
5 0.438869 0.575746 0.005033 0.003686
5 0.434577 0.570770 0.004737 0.003317
5 0.434725 0.567269 0.004440 0.003686
5 0.435613 0.564136 0.003848 0.003317
5 0.445086 0.572429 0.003256 0.003686
5 0.448786 0.570955 0.004144 0.005160
5 0.452783 0.568375 0.003848 0.003686
5 0.439757 0.572060 0.004440 0.002949
5 0.438869 0.569112 0.003256 0.004423
5 0.382031 0.549392 0.003848 0.005529
5 0.379218 0.544784 0.003552 0.005160
5 0.374334 0.533174 0.002664 0.004792
5 0.371818 0.528198 0.003552 0.004423
5 0.386915 0.690380 0.003552 0.005160
5 0.382031 0.679690 0.003256 0.005160
48 0.320752 0.660892 0.038780 0.036860
48 0.321196 0.684298 0.020722 0.023222
48 0.349615 0.643199 0.026643 0.033174
48 0.334962 0.692223 0.008585 0.012532
48 0.339994 0.674899 0.025163 0.030962
48 0.361308 0.667342 0.026347 0.030593
48 0.350651 0.737744 0.015690 0.023222
48 0.377294 0.705308 0.022202 0.024696
48 0.348727 0.711390 0.039668 0.041283
48 0.383955 0.719130 0.024867 0.028013
5 0.413262 0.740509 0.004144 0.005898
5 0.415483 0.769628 0.003848 0.003686
48 0.366933 0.759307 0.018058 0.021379
48 0.387063 0.746775 0.019242 0.025065
48 0.354648 0.755252 0.017170 0.013269
48 0.372854 0.687984 0.021018 0.026907
48 0.373742 0.779580 0.021018 0.019904
48 0.383067 0.801511 0.023091 0.018798
48 0.427472 0.861039 0.013618 0.008109
48 0.439461 0.837081 0.019834 0.032436
48 0.456779 0.832842 0.020722 0.035017
48 0.423623 0.843715 0.022499 0.030225
48 0.477650 0.826023 0.026347 0.028750
48 0.410302 0.789900 0.023683 0.023590
48 0.415038 0.809067 0.019538 0.020641
48 0.405861 0.816255 0.007697 0.011426
48 0.456187 0.794324 0.016578 0.019904
48 0.443458 0.790085 0.011841 0.009215
48 0.434873 0.801327 0.017170 0.020641
48 0.430580 0.779396 0.017466 0.023959
48 0.426584 0.787136 0.015986 0.016587
48 0.390764 0.773867 0.010065 0.012901
48 0.407046 0.762256 0.031972 0.028013
48 0.445086 0.772024 0.023387 0.026907
48 0.434429 0.748986 0.016282 0.020641
48 0.295885 0.616108 0.041149 0.026170
48 0.320012 0.604865 0.015394 0.016218
48 0.288632 0.589016 0.065719 0.053815
48 0.266134 0.557317 0.045589 0.044231
48 0.276643 0.528198 0.018650 0.014744
48 0.218176 0.511979 0.015394 0.018430
48 0.242303 0.522300 0.041741 0.051603
48 0.196862 0.439366 0.018946 0.018430
48 0.227649 0.483966 0.013618 0.014007
48 0.229426 0.468301 0.021906 0.031331
48 0.182504 0.465905 0.034636 0.065610
48 0.213736 0.458349 0.030195 0.043126
9 0.203967 0.487652 0.012433 0.010321
48 0.161042 0.394766 0.038484 0.030962
48 0.177768 0.395319 0.012729 0.015850
48 0.163854 0.379469 0.034044 0.023959
48 0.056838 0.340951 0.044405 0.042757
48 0.087182 0.331736 0.013321 0.020641
48 0.198934 0.375046 0.011841 0.012901
48 0.117081 0.350534 0.033452 0.027276
48 0.143428 0.333395 0.035820 0.028382
48 0.118117 0.372650 0.008289 0.008846
48 0.154973 0.360118 0.051806 0.028750
48 0.141652 0.376152 0.012729 0.010689
9 0.483274 0.680980 0.007993 0.011426
9 0.471433 0.666974 0.006217 0.004792
5 0.473505 0.670291 0.003848 0.003317
9 0.467288 0.656285 0.006217 0.004792
5 0.466696 0.659418 0.004440 0.003686
13 0.462996 0.654810 0.013025 0.010689
48 0.421699 0.725949 0.025755 0.032805
48 0.413558 0.708257 0.014210 0.010689
48 0.409562 0.616292 0.034636 0.029488
48 0.383067 0.632879 0.040261 0.041283
48 0.347691 0.587357 0.022202 0.021010
48 0.367821 0.564320 0.036412 0.038334
48 0.351391 0.537781 0.049142 0.048655
48 0.304470 0.489679 0.021610 0.032805
48 0.274719 0.502580 0.021906 0.043126
48 0.308319 0.525617 0.021610 0.019167
48 0.323416 0.537781 0.019242 0.025802
48 0.297513 0.539808 0.011841 0.009215
48 0.343546 0.478621 0.021610 0.028382
9 0.289668 0.460560 0.005033 0.007003
9 0.292481 0.459454 0.005329 0.007003
48 0.291593 0.448950 0.018946 0.016955
48 0.300474 0.391449 0.060391 0.070770
48 0.346655 0.366015 0.063351 0.065610
48 0.403493 0.450240 0.036116 0.023222
48 0.380403 0.405824 0.038484 0.048655
48 0.337922 0.428124 0.075488 0.069665
48 0.462996 0.427755 0.018946 0.019536
48 0.437981 0.432916 0.015690 0.010689
48 0.449378 0.427018 0.011249 0.009215
48 0.437981 0.420199 0.027531 0.021379
48 0.451747 0.411906 0.017170 0.018061
48 0.492303 0.469959 0.021906 0.030962
5 0.265542 0.324733 0.003552 0.005160
5 0.269390 0.330446 0.002960 0.004792
5 0.235642 0.336344 0.004144 0.003317
5 0.273535 0.315518 0.004144 0.002949
48 0.279899 0.355326 0.022795 0.025065
48 0.262729 0.365278 0.026939 0.017693
48 0.242451 0.350719 0.016578 0.015112
48 0.257993 0.340029 0.015098 0.017324
48 0.287300 0.333948 0.021018 0.026539
48 0.310539 0.318467 0.033156 0.033911
48 0.218917 0.321231 0.007993 0.012164
48 0.210776 0.305566 0.008881 0.011058
48 0.225133 0.332105 0.006217 0.008109
48 0.232534 0.321415 0.016282 0.017693
48 0.250444 0.309436 0.021314 0.021747
48 0.273683 0.300037 0.021018 0.023590
48 0.289668 0.289348 0.013321 0.019167
48 0.216548 0.307777 0.007401 0.009583
48 0.215808 0.295061 0.020130 0.026907
48 0.238899 0.284924 0.013618 0.021379
48 0.252516 0.283634 0.015986 0.022484
48 0.237715 0.138592 0.017170 0.019167
48 0.203819 0.154257 0.020426 0.032068
48 0.155565 0.185404 0.015098 0.019904
48 0.144316 0.202728 0.013321 0.011795
48 0.138247 0.199595 0.010657 0.008478
48 0.137063 0.186509 0.021906 0.023590
48 0.120930 0.195909 0.017466 0.022484
48 0.235050 0.218946 0.014210 0.014744
48 0.223653 0.222632 0.018650 0.019167
48 0.248372 0.203465 0.021314 0.028013
48 0.255921 0.147807 0.013321 0.013269
48 0.260509 0.158680 0.018354 0.018798
48 0.272202 0.187984 0.032860 0.042020
48 0.227205 0.239219 0.012729 0.014744
48 0.244227 0.232215 0.017762 0.017693
48 0.244375 0.252304 0.024571 0.023959
48 0.271610 0.245485 0.015690 0.016955
48 0.302694 0.236454 0.012137 0.012164
48 0.296773 0.225396 0.013321 0.015112
48 0.265394 0.232215 0.007993 0.006635
48 0.287004 0.239403 0.018650 0.018798
48 0.306838 0.250645 0.016282 0.019904
48 0.280787 0.226318 0.023387 0.022116
48 0.275903 0.215628 0.021906 0.019167
48 0.267910 0.272208 0.017762 0.017324
48 0.289964 0.265020 0.023387 0.022116
48 0.296329 0.284740 0.014210 0.018061
48 0.313351 0.275894 0.022795 0.022484
48 0.311723 0.261150 0.015986 0.013638
5 0.445826 0.476226 0.004144 0.006635
5 0.390616 0.307593 0.004440 0.003317
5 0.416075 0.299853 0.003256 0.004792
5 0.379070 0.273498 0.004440 0.005898
5 0.373298 0.276631 0.004737 0.004055
5 0.392540 0.288426 0.003552 0.004055
5 0.391652 0.285846 0.004144 0.003317
5 0.390616 0.283634 0.005033 0.004055
5 0.394908 0.263546 0.004144 0.003686
5 0.405417 0.271102 0.003256 0.004792
5 0.416815 0.265389 0.002960 0.004423
5 0.409562 0.255252 0.003848 0.004055
5 0.416667 0.251567 0.003256 0.004055
5 0.421551 0.248802 0.003552 0.003686
5 0.437537 0.259676 0.004737 0.004055
5 0.439461 0.264099 0.003848 0.004055
5 0.447454 0.279764 0.003848 0.003686
5 0.444050 0.272761 0.003552 0.003686
48 0.376110 0.305197 0.025163 0.032436
5 0.399349 0.304091 0.003552 0.003686
48 0.406602 0.292849 0.026939 0.031331
48 0.432356 0.277553 0.026939 0.033174
48 0.472765 0.284740 0.028419 0.032068
48 0.461368 0.261150 0.026347 0.033542
48 0.454263 0.302248 0.025755 0.025802
48 0.433096 0.309436 0.025459 0.032068
48 0.412374 0.322890 0.024867 0.028013
48 0.391208 0.331920 0.025163 0.030593
9 0.523979 0.863435 0.010657 0.007741
48 0.504292 0.805934 0.054766 0.065241
9 0.570752 0.739219 0.004144 0.004055
5 0.519982 0.771286 0.002664 0.004792
48 0.556394 0.777000 0.071344 0.074456
5 0.577857 0.744932 0.004144 0.003686
48 0.447306 0.703649 0.055654 0.056764
48 0.473061 0.752488 0.062167 0.074088
9 0.552102 0.685404 0.009473 0.012901
48 0.411042 0.661261 0.072528 0.071508
5 0.485642 0.563214 0.004440 0.004423
5 0.488603 0.562477 0.002664 0.004423
9 0.497040 0.565610 0.002960 0.005529
5 0.498520 0.557132 0.004737 0.003317
5 0.474837 0.556395 0.004737 0.003317
5 0.469657 0.558975 0.004440 0.002580
5 0.465068 0.561555 0.002368 0.004055
9 0.459147 0.564873 0.003552 0.005529
5 0.440053 0.564873 0.003848 0.003317
5 0.440941 0.561740 0.005033 0.003686
5 0.443310 0.565794 0.003256 0.003686
5 0.448194 0.563583 0.004737 0.003686
5 0.444642 0.562293 0.004144 0.003317
5 0.446418 0.558791 0.003552 0.003686
5 0.449526 0.560081 0.003848 0.003317
5 0.453375 0.561003 0.004440 0.003686
5 0.453967 0.557869 0.003848 0.003317
5 0.453819 0.554552 0.004144 0.004055
5 0.457815 0.558975 0.004440 0.004055
5 0.462848 0.556027 0.003848 0.004055
5 0.459443 0.555105 0.004144 0.004423
5 0.458555 0.551972 0.004737 0.004055
5 0.464180 0.548839 0.004144 0.003686
5 0.466252 0.550313 0.004737 0.003686
5 0.466252 0.553078 0.004144 0.003317
9 0.521314 0.636196 0.009473 0.013269
48 0.535672 0.655363 0.012137 0.014007
48 0.504588 0.654442 0.053582 0.057132
48 0.470841 0.608367 0.096211 0.090306
48 0.549290 0.648175 0.013321 0.018798
48 0.527383 0.715628 0.099763 0.103575
48 0.425400 0.877995 0.008881 0.012532
48 0.499852 0.841872 0.007401 0.008846
48 0.483866 0.846848 0.029307 0.023222
48 0.449822 0.865094 0.051806 0.037597
9 0.608496 0.781791 0.005625 0.007372
48 0.355980 0.276262 0.025163 0.026907
48 0.370041 0.269443 0.011841 0.015481
48 0.387211 0.253594 0.027827 0.030962
48 0.407934 0.242352 0.022499 0.027645
5 0.360716 0.237560 0.003256 0.004792
48 0.354944 0.224659 0.013618 0.015112
48 0.342510 0.238666 0.019538 0.023959
5 0.316163 0.214891 0.003552 0.003686
5 0.320012 0.212680 0.005329 0.004423
5 0.328301 0.207519 0.003552 0.002949
48 0.328745 0.222079 0.021018 0.021010
48 0.336146 0.215076 0.013914 0.016587
5 0.345471 0.197936 0.005329 0.004423
48 0.391504 0.200332 0.011545 0.009952
48 0.387951 0.195540 0.007993 0.007741
48 0.374334 0.196277 0.021018 0.022484
48 0.391060 0.215628 0.018354 0.023590
48 0.431172 0.231847 0.023387 0.026539
48 0.413558 0.205676 0.018946 0.025802
48 0.228390 0.930151 0.006809 0.007003
48 0.232090 0.927755 0.007105 0.011058
48 0.242303 0.929045 0.021018 0.026170
48 0.239047 0.947107 0.013914 0.015850
48 0.217732 0.936233 0.012137 0.013269
48 0.232830 0.955584 0.006217 0.007003
48 0.223653 0.962588 0.013914 0.017324
48 0.215512 0.948397 0.013025 0.016955
48 0.235494 0.975304 0.022795 0.026539
48 0.250296 0.967932 0.015098 0.019167
48 0.281380 0.954847 0.013914 0.017324
5 0.057726 0.013269 0.002960 0.004423
5 0.046477 0.010136 0.003552 0.003317
48 0.043813 0.060634 0.036116 0.032805
48 0.062759 0.053446 0.023683 0.028750
5 0.151865 0.080538 0.005329 0.004055
5 0.120930 0.060634 0.003848 0.005529
5 0.116637 0.051603 0.002960 0.004423
9 0.198342 0.011058 0.004144 0.005160
5 0.194790 0.014744 0.003552 0.004423
5 0.194050 0.024143 0.003848 0.003317
5 0.192570 0.020457 0.004440 0.004055
5 0.190645 0.017693 0.004144 0.002949
5 0.186649 0.011979 0.003848 0.003317
5 0.139876 0.020088 0.004440 0.003317
48 0.049438 0.033911 0.020130 0.024327
48 0.061131 0.029672 0.014506 0.020273
48 0.071492 0.025249 0.019242 0.026907
48 0.076821 0.049945 0.020426 0.023959
48 0.111901 0.071876 0.024275 0.022853
48 0.100503 0.060265 0.028715 0.018798
48 0.114713 0.032436 0.019834 0.016955
48 0.137211 0.077221 0.017466 0.018061
48 0.164002 0.064504 0.023683 0.021379
48 0.155121 0.041651 0.078153 0.060450
48 0.105980 0.011795 0.016578 0.015481
48 0.128034 0.021747 0.021018 0.016955
48 0.111456 0.021010 0.015098 0.014744
48 0.091178 0.023037 0.023091 0.022484
48 0.209591 0.026723 0.004737 0.005529
48 0.233570 0.054184 0.016578 0.018430
48 0.247188 0.067269 0.030195 0.032805
48 0.256513 0.100995 0.018650 0.026539
48 0.265838 0.093070 0.018354 0.018061
48 0.266578 0.119425 0.018058 0.019167
48 0.273535 0.109104 0.018946 0.019167
48 0.280195 0.103575 0.009177 0.015481
48 0.278419 0.126613 0.027531 0.026907
48 0.288040 0.147438 0.027235 0.033174
48 0.303582 0.169554 0.038780 0.041283
9 0.332593 0.156285 0.007401 0.005898
48 0.339106 0.175636 0.021610 0.023959
48 0.317940 0.193328 0.030787 0.029119
5 0.294257 0.106156 0.005329 0.005160
5 0.307874 0.098231 0.004737 0.004792
48 0.318532 0.087726 0.020130 0.025065
48 0.348431 0.154626 0.007697 0.010689
48 0.363825 0.180428 0.007105 0.007003
48 0.366193 0.164209 0.024867 0.028382
5 0.389284 0.173056 0.005329 0.004055
5 0.398165 0.167711 0.004737 0.003686
48 0.383807 0.163288 0.006217 0.008846
5 0.408230 0.157575 0.005329 0.003317
48 0.386767 0.149466 0.019242 0.026170
48 0.374630 0.131404 0.023387 0.027645
48 0.362641 0.112422 0.021314 0.025065
48 0.351391 0.092149 0.021314 0.020641
48 0.338810 0.072798 0.019242 0.024696
5 0.373150 0.015665 0.003848 0.003317
48 0.359088 0.018798 0.020130 0.022853
48 0.361901 0.063951 0.018650 0.016587
48 0.373002 0.045522 0.020130 0.021010
48 0.362641 0.035017 0.020722 0.020641
48 0.375370 0.026170 0.018946 0.019167
48 0.385879 0.041651 0.013914 0.018430
48 0.395500 0.035754 0.015986 0.017693
48 0.405713 0.049023 0.015690 0.015481
48 0.392096 0.018245 0.025163 0.023959
48 0.441681 0.058607 0.021906 0.025065
48 0.422883 0.055658 0.009177 0.012532
48 0.416963 0.046443 0.012137 0.018430
48 0.426732 0.037781 0.016874 0.018061
48 0.412374 0.027276 0.014210 0.018430
48 0.421255 0.019167 0.017762 0.017693
48 0.427176 0.027092 0.012433 0.010689
48 0.388692 0.061371 0.035524 0.026170
48 0.497484 0.027645 0.025163 0.036860
48 0.390024 0.095098 0.019834 0.022116
48 0.400681 0.117582 0.015098 0.020641
48 0.419183 0.107999 0.018354 0.022116
48 0.419183 0.121821 0.010657 0.008478
48 0.413410 0.140804 0.015690 0.023590
48 0.398461 0.180980 0.022499 0.026539
48 0.425548 0.149281 0.010953 0.010321
48 0.426288 0.163104 0.020722 0.023222
48 0.436057 0.192591 0.029011 0.034279
48 0.448786 0.215628 0.025459 0.028013
5 0.471285 0.198304 0.002960 0.005160
48 0.469213 0.210837 0.015986 0.017693
48 0.462108 0.194619 0.014802 0.018430
48 0.454707 0.184482 0.015394 0.021010
48 0.444790 0.162735 0.016874 0.021010
48 0.453079 0.160339 0.018058 0.022853
9 0.436353 0.147991 0.009473 0.008478
48 0.464032 0.152599 0.021018 0.030962
48 0.470841 0.178032 0.013321 0.019904
48 0.480018 0.151493 0.017466 0.020641
5 0.452487 0.102470 0.003848 0.003686
5 0.437241 0.098599 0.002960 0.004792
5 0.433096 0.096941 0.002960 0.004423
5 0.435169 0.094913 0.002960 0.004055
48 0.443310 0.100995 0.006809 0.008846
48 0.440645 0.084777 0.017466 0.022116
48 0.451895 0.075746 0.015690 0.020273
5 0.495560 0.177110 0.002960 0.004792
5 0.531972 0.134353 0.003552 0.004792
5 0.535524 0.140988 0.002960 0.004055
5 0.539224 0.148175 0.003848 0.004423
5 0.544257 0.155916 0.003256 0.005160
5 0.504588 0.209915 0.005033 0.004055
5 0.511249 0.206966 0.004737 0.004055
5 0.515542 0.204755 0.003848 0.003317
5 0.517614 0.191485 0.003256 0.003317
5 0.525459 0.185957 0.003552 0.004055
5 0.525903 0.188168 0.003848 0.004055
5 0.540705 0.182455 0.003848 0.002949
5 0.590438 0.174161 0.003256 0.002580
5 0.594879 0.173056 0.004440 0.003317
5 0.554914 0.185404 0.003256 0.002949
5 0.593250 0.160523 0.002368 0.003317
5 0.615157 0.189090 0.002960 0.004423
5 0.567052 0.117213 0.003848 0.005160
5 0.579041 0.137670 0.002960 0.004792
5 0.581557 0.137670 0.002664 0.004055
5 0.608792 0.136012 0.003848 0.005160
5 0.602131 0.131220 0.004144 0.003686
5 0.603612 0.136749 0.004144 0.003686
9 0.656009 0.141909 0.004737 0.004423
9 0.636619 0.156653 0.005033 0.004423
5 0.470989 0.520826 0.003552 0.005160
5 0.473949 0.529303 0.002960 0.005160
9 0.480758 0.531699 0.006513 0.006266
5 0.491267 0.533174 0.002072 0.003317
5 0.501480 0.523222 0.004144 0.004055
5 0.501776 0.519720 0.004144 0.002949
5 0.494967 0.545337 0.002960 0.003317
5 0.497780 0.543863 0.003256 0.004792
5 0.500296 0.542020 0.003552 0.004055
5 0.505181 0.539624 0.003256 0.004423
5 0.510657 0.536860 0.002368 0.004055
5 0.514358 0.535201 0.002664 0.004423
5 0.517614 0.533358 0.002664 0.005898
5 0.517022 0.513269 0.003848 0.002580
5 0.523535 0.529672 0.003256 0.004423
5 0.522499 0.512717 0.004144 0.003686
5 0.526347 0.528935 0.002960 0.004423
5 0.529159 0.527276 0.003256 0.004792
5 0.531676 0.525617 0.002368 0.005160
5 0.536708 0.522116 0.003552 0.004792
5 0.526643 0.507556 0.004144 0.003686
5 0.540260 0.521747 0.002368 0.004055
5 0.527679 0.509399 0.004440 0.003686
5 0.546329 0.517508 0.002664 0.004423
5 0.551362 0.514744 0.002664 0.004055
5 0.533304 0.506450 0.003848 0.004423
5 0.533008 0.503133 0.003848 0.003686
5 0.557282 0.511979 0.003256 0.005160
5 0.538188 0.503870 0.004737 0.003686
5 0.538188 0.500369 0.004144 0.003317
5 0.545441 0.500369 0.005033 0.004055
5 0.560835 0.509215 0.002072 0.004792
5 0.551214 0.496683 0.003552 0.003317
5 0.556394 0.500921 0.004440 0.004423
5 0.565719 0.506635 0.002368 0.004792
5 0.555802 0.494655 0.003848 0.003686
5 0.568828 0.505898 0.002664 0.005529
5 0.560539 0.491891 0.004440 0.004055
5 0.560539 0.488389 0.004440 0.004423
5 0.572232 0.503502 0.002960 0.005160
5 0.576377 0.500737 0.002960 0.004792
5 0.566311 0.488574 0.003552 0.003317
5 0.566311 0.485993 0.003552 0.003317
5 0.571640 0.485440 0.004144 0.003686
5 0.572972 0.481755 0.004440 0.003686
5 0.579781 0.481017 0.003848 0.003686
5 0.579041 0.478806 0.004737 0.004423
5 0.579189 0.499631 0.003256 0.005529
5 0.581409 0.499263 0.002368 0.004792
5 0.598875 0.488389 0.003552 0.004423
5 0.603612 0.486178 0.002368 0.004423
5 0.611901 0.481939 0.002960 0.004055
5 0.592806 0.470881 0.003848 0.004055
5 0.609680 0.464246 0.004440 0.004055
5 0.566311 0.339108 0.005921 0.004423
5 0.533008 0.614080 0.003848 0.005160
5 0.569716 0.607814 0.004440 0.002949
5 0.551954 0.617213 0.003848 0.002580
5 0.550326 0.618872 0.003552 0.002949
5 0.547513 0.619794 0.003256 0.002580
5 0.545737 0.621268 0.003848 0.004055
5 0.625518 0.640435 0.004737 0.003317
5 0.625370 0.643937 0.005033 0.004423
5 0.614565 0.645595 0.004144 0.004792
5 0.612641 0.641541 0.003848 0.003317
5 0.611901 0.638776 0.004737 0.004423
5 0.610568 0.636749 0.004440 0.004055
5 0.609680 0.634906 0.003848 0.004055
5 0.598283 0.056579 0.002368 0.003317
48 0.603316 0.052893 0.013618 0.017324
48 0.617673 0.059897 0.020426 0.021747
48 0.624778 0.044600 0.007401 0.009583
48 0.614269 0.045337 0.013618 0.016955
5 0.588366 0.037044 0.003256 0.003317
48 0.588662 0.028566 0.006809 0.008478
48 0.600207 0.031515 0.015098 0.020273
48 0.626998 0.027092 0.007105 0.008478
48 0.640024 0.033174 0.013025 0.025065
48 0.628922 0.048102 0.007993 0.007003
48 0.638840 0.045522 0.021314 0.026170
48 0.653641 0.053631 0.014210 0.012164
5 0.660154 0.041836 0.002960 0.004055
48 0.642688 0.059344 0.011249 0.008846
48 0.621670 0.089200 0.008289 0.008109
48 0.616637 0.080354 0.013025 0.017693
48 0.627590 0.071323 0.019538 0.014375
5 0.679840 0.092149 0.004440 0.003686
48 0.671847 0.098046 0.011545 0.008846
48 0.664298 0.087726 0.018946 0.016955
48 0.650829 0.090306 0.010361 0.014007
5 0.680136 0.079064 0.003256 0.004792
48 0.666963 0.076668 0.013618 0.009583
5 0.713292 0.113712 0.004440 0.004055
9 0.743635 0.113896 0.004144 0.005898
9 0.734606 0.109842 0.004440 0.004423
48 0.677620 0.117029 0.030787 0.033542
48 0.707963 0.102101 0.021610 0.028750
5 0.676584 0.064689 0.002664 0.004792
5 0.674660 0.060450 0.003552 0.004423
48 0.667851 0.021010 0.022499 0.024327
48 0.714476 0.045153 0.016874 0.017324
48 0.696418 0.042204 0.016282 0.021747
48 0.680284 0.046074 0.016578 0.019904
48 0.690941 0.061924 0.022499 0.019904
48 0.713292 0.059712 0.007401 0.008846
48 0.706335 0.055658 0.007697 0.011058
48 0.716252 0.072613 0.007401 0.009583
5 0.766578 0.019536 0.004440 0.004423
48 0.753256 0.039993 0.041741 0.040914
5 0.790112 0.044784 0.003552 0.004792
5 0.792481 0.049760 0.003552 0.004423
5 0.826673 0.047549 0.004440 0.003686
48 0.857904 0.041467 0.008289 0.010689
48 0.744375 0.066163 0.006809 0.007741
48 0.759473 0.070586 0.021610 0.030593
5 0.630403 0.570402 0.004440 0.004792
9 0.649349 0.571692 0.006809 0.007372
5 0.658822 0.534279 0.003848 0.004055
5 0.585998 0.597862 0.003256 0.002949
5 0.648461 0.561003 0.003848 0.002949
5 0.641800 0.564504 0.003552 0.002580
5 0.639284 0.566347 0.004440 0.003317
5 0.637507 0.567637 0.003256 0.002949
48 0.492895 0.202359 0.008289 0.009583
48 0.481942 0.170844 0.018354 0.024696
48 0.499704 0.162735 0.018354 0.023959
48 0.478686 0.198304 0.022499 0.032436
48 0.500592 0.194987 0.008881 0.012532
48 0.490379 0.188905 0.019834 0.022484
48 0.479130 0.083671 0.004440 0.004423
48 0.474245 0.101917 0.012433 0.014375
48 0.486679 0.111869 0.015394 0.018798
5 0.511545 0.161076 0.003552 0.004423
48 0.499556 0.146885 0.005033 0.004792
48 0.502072 0.128087 0.017762 0.019536
48 0.489639 0.137118 0.017170 0.023590
48 0.518946 0.098415 0.014802 0.018430
48 0.532564 0.089753 0.015394 0.018061
48 0.541593 0.071139 0.019242 0.024327
5 0.572232 0.080170 0.004144 0.003317
48 0.577857 0.068743 0.011841 0.015850
5 0.573268 0.038334 0.003256 0.002949
48 0.539816 0.050498 0.021610 0.024327
48 0.558615 0.038518 0.009473 0.009952
48 0.563499 0.028382 0.023979 0.019904
48 0.541149 0.028750 0.018354 0.026539
48 0.574452 0.052341 0.016874 0.022116
48 0.519242 0.122189 0.017170 0.020273
48 0.515394 0.137118 0.007697 0.008846
48 0.534488 0.109289 0.024571 0.026170
48 0.545293 0.130483 0.015986 0.017693
48 0.561279 0.124585 0.016578 0.019904
48 0.524571 0.141172 0.017762 0.018430
48 0.536560 0.155547 0.017466 0.017693
48 0.546329 0.172687 0.013321 0.020273
48 0.532120 0.172318 0.021018 0.023222
48 0.514654 0.180243 0.026939 0.028013
48 0.551658 0.141541 0.018650 0.019904
48 0.554766 0.162366 0.007697 0.007003
48 0.558467 0.153520 0.018650 0.019536
48 0.566163 0.136565 0.016874 0.015112
48 0.567200 0.166052 0.015986 0.017324
48 0.573564 0.147070 0.018058 0.019904
48 0.584221 0.166052 0.016282 0.019536
48 0.570012 0.175636 0.023387 0.007741
48 0.587182 0.105418 0.016282 0.021379
48 0.581261 0.091596 0.018058 0.019536
48 0.596211 0.081644 0.023091 0.022484
48 0.609532 0.102101 0.021314 0.025802
48 0.638395 0.116476 0.015690 0.017693
48 0.630995 0.141541 0.018650 0.019904
48 0.645352 0.106893 0.009473 0.014007
48 0.567200 0.241062 0.026051 0.031699
48 0.586738 0.232400 0.023091 0.032805
48 0.549882 0.210468 0.025163 0.030962
48 0.568828 0.200885 0.025163 0.030962
48 0.612345 0.217287 0.028123 0.029856
48 0.601539 0.197014 0.026643 0.030593
48 0.642836 0.204018 0.025755 0.030593
48 0.628478 0.180796 0.024275 0.034279
48 0.667703 0.185404 0.025755 0.028013
48 0.657342 0.166605 0.025163 0.028750
48 0.495708 0.319572 0.018058 0.028013
48 0.486679 0.307224 0.017762 0.015112
48 0.567200 0.359749 0.021906 0.028013
48 0.585110 0.394582 0.036412 0.054921
5 0.550474 0.838555 0.003256 0.003686
5 0.713292 0.832842 0.005033 0.004055
5 0.688573 0.832842 0.005329 0.004055
5 0.684429 0.835422 0.004144 0.004055
48 0.663410 0.846111 0.004737 0.006266
48 0.702043 0.727792 0.012729 0.018061
48 0.713588 0.723369 0.014506 0.018061
48 0.727057 0.715997 0.018354 0.017324
48 0.726761 0.704571 0.013025 0.012901
48 0.730906 0.695171 0.014802 0.014007
48 0.739047 0.683192 0.025163 0.017324
48 0.737419 0.707519 0.013025 0.013638
48 0.693754 0.692591 0.009177 0.009583
48 0.703375 0.680612 0.011249 0.015112
48 0.702487 0.706414 0.031380 0.018798
48 0.739787 0.669370 0.021906 0.013269
48 0.749112 0.656837 0.015098 0.016955
48 0.736382 0.657206 0.015690 0.016218
48 0.716548 0.667895 0.011545 0.010321
48 0.718620 0.657943 0.013914 0.011795
48 0.707667 0.654810 0.013914 0.012901
48 0.703227 0.666052 0.016874 0.016955
48 0.082297 0.156469 0.013025 0.015112
5 0.058615 0.143568 0.002960 0.004792
48 0.074156 0.149466 0.016282 0.019536
48 0.016282 0.158496 0.014802 0.010321
5 0.693310 0.190933 0.002960 0.004423
5 0.717288 0.197199 0.004144 0.003686
5 0.710776 0.192960 0.004737 0.004055
5 0.716844 0.189827 0.004440 0.003686
5 0.728538 0.184114 0.004144 0.003317
5 0.726761 0.191854 0.003552 0.003317
5 0.731202 0.189274 0.003552 0.004055
5 0.739343 0.184114 0.003848 0.003317
48 0.705151 0.175820 0.025459 0.032436
48 0.693606 0.152967 0.022499 0.030225
48 0.713588 0.142278 0.026347 0.026539
48 0.744227 0.152046 0.027827 0.032068
48 0.732682 0.132510 0.022499 0.031331
48 0.717436 0.159602 0.012137 0.018430
48 0.582001 0.181902 0.006513 0.007741
5 0.715956 0.256911 0.004440 0.004423
5 0.716548 0.259123 0.003848 0.002949
5 0.717880 0.261150 0.004144 0.003317
5 0.730758 0.249171 0.003848 0.002949
5 0.751036 0.254147 0.003552 0.004792
5 0.753256 0.252672 0.003848 0.004792
5 0.756069 0.251751 0.003552 0.005160
5 0.739047 0.271286 0.003848 0.005160
5 0.743783 0.275710 0.003256 0.003686
5 0.745263 0.277553 0.004440 0.004423
5 0.729130 0.283266 0.003552 0.003317
5 0.730166 0.285662 0.003848 0.003686
5 0.747484 0.282160 0.003552 0.003317
5 0.731054 0.288058 0.003848 0.003317
5 0.732682 0.289716 0.004144 0.003686
5 0.734014 0.294324 0.003848 0.003317
9 0.736827 0.299115 0.005921 0.005529
5 0.749112 0.303170 0.003256 0.004792
5 0.748816 0.284740 0.003256 0.003317
5 0.750148 0.287136 0.004737 0.004423
5 0.758437 0.303354 0.005329 0.004423
5 0.753404 0.294692 0.003552 0.004792
5 0.760509 0.308699 0.003552 0.003317
5 0.747040 0.318651 0.003848 0.003317
5 0.762877 0.316255 0.003552 0.002949
48 0.675252 0.300590 0.019538 0.027645
48 0.723209 0.299853 0.017170 0.031331
48 0.707963 0.309067 0.022202 0.021010
48 0.697898 0.292296 0.020426 0.028013
48 0.689313 0.272208 0.016874 0.027645
5 0.707667 0.287873 0.002664 0.004423
48 0.705299 0.264467 0.024571 0.025433
5 0.714624 0.283634 0.002368 0.004055
9 0.711960 0.284924 0.004144 0.005160
5 0.757401 0.330077 0.003256 0.004792
5 0.751628 0.330077 0.003552 0.004055
5 0.738455 0.336896 0.003848 0.004423
5 0.764358 0.353115 0.004144 0.002949
5 0.707815 0.334869 0.003552 0.004055
48 0.737419 0.324917 0.023091 0.026907
48 0.720545 0.333026 0.019538 0.030593
48 0.728834 0.352009 0.026643 0.032436
5 0.731794 0.381681 0.003552 0.004792
5 0.748076 0.378732 0.004144 0.002580
5 0.752368 0.376520 0.004440 0.003317
5 0.762581 0.370992 0.004737 0.004055
48 0.738455 0.370992 0.026939 0.021010
48 0.755181 0.359565 0.018354 0.032068
9 0.764062 0.379101 0.011841 0.008478
5 0.778419 0.372650 0.004440 0.003686
5 0.771018 0.383155 0.004440 0.003317
5 0.781972 0.377258 0.003848 0.004055
5 0.774719 0.335606 0.004144 0.003317
5 0.773683 0.329709 0.002664 0.003317
5 0.775163 0.337818 0.003848 0.003317
5 0.812315 0.343531 0.003552 0.003686
48 0.788336 0.340767 0.024275 0.025433
48 0.805654 0.334316 0.020426 0.029488
48 0.796477 0.316255 0.025755 0.028013
48 0.770426 0.307777 0.017466 0.030962
48 0.786708 0.297457 0.025755 0.023590
48 0.759325 0.279764 0.024275 0.027276
48 0.774867 0.274788 0.016282 0.028382
48 0.767614 0.256727 0.018946 0.029119
48 0.755625 0.238481 0.023387 0.022853
48 0.739639 0.247512 0.017466 0.029119
48 0.623002 0.432363 0.013914 0.019167
5 0.685465 0.429967 0.005033 0.004792
5 0.696862 0.415776 0.004737 0.005160
5 0.713884 0.414302 0.004440 0.003686
5 0.746152 0.403612 0.005033 0.004423
5 0.737567 0.401769 0.003848 0.003686
5 0.761397 0.389606 0.003552 0.003686
5 0.765542 0.398268 0.004144 0.004792
5 0.763914 0.394766 0.004440 0.003686
5 0.767318 0.392739 0.003552 0.003317
5 0.701747 0.473830 0.004440 0.004055
5 0.704559 0.477884 0.005329 0.004055
5 0.662966 0.452451 0.002664 0.004055
5 0.658970 0.454663 0.002368 0.004055
5 0.664742 0.451530 0.002072 0.003686
5 0.600651 0.758570 0.003552 0.003686
48 0.630847 0.700332 0.015986 0.019904
48 0.608052 0.654994 0.020130 0.027276
48 0.632179 0.676926 0.023387 0.031331
48 0.617229 0.674899 0.016578 0.025802
48 0.638692 0.650203 0.019242 0.030225
48 0.642540 0.622374 0.019242 0.029856
48 0.658822 0.706598 0.045885 0.030962
48 0.663114 0.682823 0.045589 0.032068
48 0.668887 0.659233 0.048845 0.033542
48 0.671107 0.635275 0.045589 0.032068
48 0.674660 0.611316 0.046181 0.032068
48 0.678656 0.584224 0.045885 0.040546
5 0.701747 0.559897 0.002664 0.003686
48 0.671699 0.567453 0.037300 0.030593
5 0.682208 0.530409 0.002664 0.004423
48 0.753108 0.640251 0.016578 0.017693
48 0.738603 0.640619 0.014802 0.016955
48 0.756661 0.619794 0.012433 0.012164
48 0.743931 0.623111 0.013618 0.015850
48 0.720101 0.636565 0.015690 0.014744
48 0.708259 0.642462 0.010953 0.010321
48 0.713440 0.624217 0.015986 0.012164
48 0.712256 0.616292 0.010065 0.008109
48 0.723061 0.609657 0.021018 0.017693
48 0.710036 0.632142 0.004440 0.005898
48 0.759325 0.595651 0.021314 0.014007
48 0.722913 0.591227 0.017170 0.013269
48 0.721433 0.577036 0.021906 0.024696
48 0.740675 0.574641 0.013618 0.016218
48 0.758585 0.580907 0.013321 0.016955
48 0.755773 0.564504 0.015394 0.014375
48 0.772647 0.569849 0.008881 0.013269
48 0.769982 0.584408 0.006513 0.007741
48 0.740083 0.591780 0.017762 0.014375
48 0.774127 0.557501 0.011249 0.014375
48 0.703819 0.544416 0.018058 0.019167
48 0.722765 0.538518 0.021610 0.022116
5 0.744523 0.523959 0.004144 0.003317
48 0.708851 0.502764 0.025163 0.030225
48 0.679100 0.496130 0.019538 0.015481
48 0.696122 0.486546 0.017466 0.021379
48 0.677620 0.473645 0.035524 0.036122
48 0.715068 0.456690 0.026939 0.034648
48 0.731646 0.474567 0.030491 0.025433
5 0.756069 0.424806 0.003552 0.005529
5 0.740083 0.410063 0.002368 0.004055
5 0.758289 0.430704 0.003256 0.004055
9 0.760509 0.419646 0.008881 0.013638
9 0.834813 0.394950 0.005329 0.009215
5 0.780935 0.365094 0.002960 0.004792
5 0.793665 0.370439 0.004144 0.003686
5 0.811279 0.361039 0.003848 0.004055
5 0.825192 0.357538 0.005033 0.003686
9 0.823860 0.354958 0.007105 0.006635
5 0.798401 0.355511 0.002960 0.004055
5 0.822824 0.347217 0.003848 0.003686
5 0.832593 0.336712 0.003848 0.003317
5 0.831261 0.344637 0.004144 0.004423
5 0.838070 0.338555 0.004144 0.004055
5 0.845323 0.337449 0.005033 0.004055
5 0.839994 0.335238 0.003848 0.003317
5 0.874186 0.328787 0.004144 0.003686
5 0.882475 0.324180 0.004144 0.004055
5 0.864269 0.319572 0.004440 0.003686
5 0.866785 0.313675 0.003552 0.005160
9 0.898905 0.323996 0.006809 0.005898
5 0.895944 0.317177 0.003848 0.003317
5 0.902013 0.296904 0.004144 0.003317
5 0.894316 0.307224 0.004144 0.003317
5 0.912818 0.310173 0.004440 0.004055
5 0.810539 0.287689 0.003552 0.003317
5 0.840438 0.270181 0.002368 0.004423
5 0.852131 0.264652 0.002072 0.003686
5 0.854648 0.262256 0.002960 0.004055
5 0.865453 0.256174 0.003256 0.005160
5 0.842954 0.261703 0.002664 0.002949
5 0.854944 0.253594 0.002960 0.002949
5 0.856424 0.236638 0.003552 0.005160
5 0.851687 0.226686 0.003552 0.005160
5 0.847543 0.218762 0.004144 0.006266
5 0.839106 0.206782 0.003256 0.003686
5 0.829781 0.183376 0.002960 0.003317
9 0.802398 0.156285 0.004440 0.007372
5 0.825785 0.140435 0.003256 0.002949
5 0.818976 0.097309 0.003848 0.005160
48 0.817052 0.068190 0.021314 0.022116
48 0.835110 0.058791 0.018946 0.022484
48 0.825785 0.085698 0.022202 0.021747
48 0.844879 0.076299 0.019538 0.019904
48 0.835998 0.103760 0.020130 0.021010
48 0.854204 0.093808 0.018058 0.021010
48 0.855092 0.138408 0.018650 0.021010
48 0.846359 0.122189 0.020130 0.023959
5 0.881291 0.122558 0.002960 0.003317
5 0.878922 0.118135 0.003552 0.004055
48 0.873150 0.131589 0.019242 0.016955
48 0.871966 0.120531 0.009177 0.008109
48 0.863085 0.110026 0.021610 0.024696
48 0.834665 0.144489 0.007401 0.008846
48 0.881439 0.146517 0.021610 0.023222
48 0.947158 0.129377 0.010361 0.011795
48 0.936057 0.148913 0.024275 0.029488
48 0.782712 0.160892 0.032564 0.029856
52 0.772499 0.139145 0.028123 0.028382
52 0.761989 0.118319 0.029011 0.036860
9 0.769390 0.103022 0.007105 0.009952
48 0.809355 0.129377 0.023091 0.032436
48 0.813499 0.104865 0.004737 0.006266
48 0.774719 0.098415 0.013618 0.019167
48 0.795589 0.186878 0.022202 0.028013
48 0.810391 0.177663 0.021018 0.028013
48 0.827709 0.165499 0.030195 0.034648
48 0.845323 0.185219 0.019834 0.025433
5 0.881143 0.331367 0.003848 0.003686
5 0.948638 0.279580 0.003848 0.004055
5 0.976169 0.262993 0.005033 0.004055
5 0.945678 0.273314 0.004440 0.003317
48 0.805358 0.269996 0.027531 0.020273
48 0.800918 0.244563 0.013321 0.017324
48 0.829189 0.228161 0.014210 0.019167
48 0.807282 0.222079 0.014210 0.016587
48 0.790557 0.253041 0.017466 0.027645
48 0.781676 0.229635 0.025755 0.033911
48 0.800622 0.211574 0.024571 0.025802
48 0.824156 0.204386 0.030195 0.032068
5 0.824156 0.187431 0.003552 0.003317
48 0.841178 0.223922 0.021018 0.026170
48 0.846063 0.246590 0.019538 0.032436
48 0.828597 0.261334 0.026643 0.025065
5 0.895944 0.235901 0.003256 0.004423
48 0.874482 0.232031 0.014210 0.016587
48 0.891800 0.219499 0.016282 0.021010
48 0.865305 0.219314 0.014802 0.018430
48 0.868561 0.207335 0.007697 0.005529
48 0.877294 0.222447 0.007993 0.004792
48 0.857164 0.201990 0.017466 0.017693
48 0.857608 0.192960 0.012433 0.008478
9 0.482534 0.263730 0.004737 0.007741
13 0.485346 0.270549 0.005625 0.006635
13 0.487715 0.276262 0.005625 0.007741
48 0.541445 0.393476 0.018946 0.021010
48 0.554766 0.387763 0.021314 0.033911
48 0.560391 0.394582 0.013618 0.011426
48 0.558022 0.403612 0.011249 0.008109
48 0.569716 0.401401 0.014506 0.015481
48 0.563203 0.410431 0.018058 0.009215
48 0.574452 0.435127 0.016282 0.013638
48 0.654233 0.380206 0.015986 0.021747
48 0.649201 0.386104 0.007697 0.009215
48 0.644908 0.389606 0.007993 0.008109
48 0.592954 0.330815 0.023091 0.026907
48 0.663854 0.357722 0.004440 0.007741
48 0.694494 0.332473 0.020722 0.018430
5 0.669775 0.539255 0.002072 0.003686
48 0.671255 0.546996 0.007401 0.009583
48 0.675400 0.544600 0.007401 0.008478
48 0.659858 0.517877 0.015394 0.018430
48 0.544257 0.594176 0.044109 0.056027
48 0.575044 0.577589 0.046477 0.057501
48 0.604648 0.559897 0.044109 0.058975
48 0.634843 0.541836 0.044701 0.053078
48 0.576673 0.528013 0.155121 0.102838
48 0.519094 0.592333 0.014506 0.021379
48 0.604500 0.704755 0.047365 0.041283
48 0.593250 0.685035 0.048549 0.042388
48 0.584369 0.660892 0.053878 0.048655
48 0.633363 0.743273 0.089106 0.079248
48 0.200414 0.957612 0.020722 0.018430
48 0.214624 0.966458 0.005329 0.006635
48 0.183245 0.965721 0.011841 0.012532
48 0.206187 0.965168 0.012137 0.013638
48 0.213144 0.985993 0.009473 0.009583
48 0.222321 0.985993 0.009473 0.008109
48 0.194938 0.994102 0.010361 0.011795
48 0.209147 0.992444 0.004440 0.006266
48 0.197750 0.979727 0.015394 0.015481
48 0.197454 0.972355 0.009473 0.008846
48 0.188129 0.983413 0.009177 0.013269
48 0.177324 0.955584 0.006513 0.008478
48 0.185613 0.952083 0.010657 0.009583
48 0.172439 0.944526 0.006217 0.008478
48 0.177028 0.937892 0.010657 0.015112
50 0.258289 0.953741 0.012729 0.015850
48 0.272647 0.941209 0.013618 0.012901
48 0.288632 0.947659 0.008289 0.008846
48 0.284340 0.931257 0.019242 0.018798
48 0.307282 0.928124 0.017762 0.026539
48 0.296773 0.926465 0.014506 0.018061
48 0.278567 0.911168 0.012433 0.013269
48 0.271018 0.919646 0.012729 0.017693
48 0.264506 0.933653 0.006809 0.008846
48 0.254144 0.928677 0.011545 0.011426
48 0.265394 0.943789 0.009769 0.009215
48 0.257253 0.935864 0.008881 0.010321
48 0.248668 0.940103 0.011841 0.012164
48 0.288188 0.939919 0.013914 0.009583
13 0.712404 0.814596 0.012729 0.005898
9 0.710036 0.825470 0.015690 0.004792
13 0.709888 0.829709 0.010065 0.004423
13 0.704411 0.819204 0.003848 0.008478
13 0.709443 0.837449 0.012137 0.005160
9 0.703671 0.832658 0.004144 0.008846
48 0.706039 0.558607 0.008881 0.006266
48 0.720545 0.556948 0.012433 0.011795
48 0.735198 0.553631 0.020426 0.014744
48 0.749852 0.538703 0.020722 0.028382
48 0.740823 0.543310 0.006809 0.008109
48 0.738011 0.536491 0.007105 0.009952
48 0.762285 0.556395 0.005329 0.004792
48 0.731794 0.573166 0.010065 0.017693
48 0.787152 0.507188 0.011841 0.030225
5 0.780491 0.497973 0.002072 0.004423
48 0.792777 0.474383 0.012433 0.021379
48 0.783008 0.485625 0.015394 0.018061
48 0.772795 0.467379 0.024571 0.034648
48 0.755773 0.445079 0.020130 0.023222
48 0.744227 0.424622 0.026051 0.030225
5 0.761101 0.407667 0.003552 0.005160
5 0.751184 0.398820 0.006217 0.005898
48 0.766430 0.443605 0.015394 0.021747
48 0.797661 0.401585 0.019242 0.027645
48 0.797069 0.439366 0.019242 0.033174
48 0.787892 0.414302 0.030491 0.039071
48 0.771166 0.398083 0.008289 0.009583
48 0.770722 0.418540 0.022795 0.026907
48 0.780195 0.436786 0.023387 0.025065
48 0.787152 0.450240 0.019538 0.020273
48 0.791593 0.460560 0.017170 0.020273
48 0.834073 0.369517 0.006217 0.007741
48 0.831261 0.321047 0.024275 0.030962
48 0.817496 0.300405 0.015690 0.017693
48 0.820160 0.289163 0.005033 0.007003
48 0.853908 0.307409 0.025163 0.030225
48 0.886767 0.288795 0.045885 0.040914
48 0.835406 0.291559 0.017170 0.022853
48 0.851539 0.280317 0.013914 0.017324
48 0.841770 0.280501 0.008585 0.013269
48 0.857608 0.267969 0.005921 0.007372
48 0.868117 0.269996 0.012729 0.018798
48 0.887211 0.259123 0.024275 0.026539
48 0.924512 0.273498 0.023091 0.026539
48 0.915335 0.256174 0.018946 0.022116
5 0.938425 0.276815 0.002960 0.003686
5 0.941089 0.275341 0.002960 0.003686
48 0.932060 0.256911 0.028123 0.037597
48 0.944198 0.251751 0.028715 0.039071
48 0.953671 0.251567 0.015098 0.022484
48 0.957815 0.242352 0.027531 0.039440
48 0.941385 0.226686 0.008881 0.011058
5 0.996004 0.247881 0.005033 0.003317
5 0.997632 0.250645 0.004737 0.004423
48 0.986234 0.223738 0.027531 0.042020
48 0.967732 0.235348 0.027235 0.037228
48 0.977946 0.230557 0.026939 0.037228
5 0.935909 0.203649 0.003256 0.004792
48 0.949230 0.211758 0.025755 0.018061
48 0.963440 0.206229 0.018650 0.018798
48 0.974541 0.198673 0.020130 0.020641
5 0.983570 0.202359 0.003256 0.002949
48 0.919183 0.230004 0.043813 0.042757
48 0.067496 0.993734 0.021906 0.012532
51 0.493191 0.388684 0.054470 0.060818
42 0.384547 0.982123 0.005329 0.005529
