10 0.041176 0.258664 0.006387 0.008303
48 0.086050 0.301444 0.017479 0.013718
48 0.101176 0.309386 0.013445 0.010108
5 0.186555 0.358845 0.004706 0.005776
5 0.665378 0.526534 0.005714 0.006137
5 0.547563 0.373646 0.006723 0.007220
10 0.140840 0.334477 0.008067 0.003971
10 0.169244 0.337545 0.008403 0.004332
5 0.085546 0.287184 0.004370 0.006859
5 0.077311 0.290975 0.004034 0.006498
48 0.092941 0.277617 0.009076 0.011552
47 0.097983 0.290614 0.005042 0.004332
5 0.043697 0.271480 0.002689 0.003610
5 0.081176 0.451444 0.004370 0.002527
